,time,Pinceur Inf Mesure de courant,Pinceur Sup Mesure de courant,Mandrin - Vitesse Actuelle,Pinceur Sup Mesure vitesse lineaire,Pinceur Inf Mesure vitesse lineaire,Mandrin - Mesure Expansion,Pinceur Nord Position entrefer estimee,Pinceur Sud Position entrefer estimee,Pinceur Nord Force entrefer calibree,Pinceur Sud Force entrefer calibree,Guides Nord Entree Position mesuree,Guides Nord Sortie Position mesuree,Guides Nord Entree Force pour regulateur PI,Guides Nord Sortie Force pour regulateur PI,Guides Sud Entree Force pour regulateur PI,Guides Sud Sortie Force pour regulateur PI,Mandrin - Vitesse Actuelle F10,_Excentrage largeur bande jauge bob,_Excentrage largeur bande jauge bob.1,TDB pinceur,Fenetre,Declancheur
2400,30.05.2024 08:59:00.580000,-90.39,232.526,11.6188,12.962,12.881,31.0355,2.5199,2.12391,24.0144,10.1391,506.165,507.27,4.10125,8.76048,0.362682,0.806049,11.0119,0.781253,0.781253,1.0,1.0,1
2401,30.05.2024 08:59:00.590000,-44.6594,266.803,11.6162,12.905,12.788,30.9767,2.48992,2.13739,24.0144,10.1391,506.165,507.27,4.10125,8.76048,0.362682,0.806049,11.0119,0.781253,0.781253,1.0,1.0,1
2402,30.05.2024 08:59:00.600000,-10.8765,281.799,11.6162,12.907,12.74,30.9767,2.4338,2.18662,24.4599,12.6388,504.465,505.505,4.1469,8.06755,0.504787,0.79794,11.0153,3.00203,3.00203,1.0,1.0,1
2403,30.05.2024 08:59:00.610000,-10.8765,281.799,11.6162,12.907,12.74,30.9767,2.4338,2.18662,24.4599,12.6388,504.465,505.505,4.1469,8.06755,0.504787,0.79794,11.0153,3.00203,3.00203,1.0,1.0,1
2404,30.05.2024 08:59:00.620000,-10.8765,281.799,11.6278,12.907,12.74,30.9506,2.28501,2.26147,18.4202,25.344,502.92,503.915,3.47544,6.09151,0.438385,0.754346,11.0153,3.00203,3.00203,1.0,1.0,1
2405,30.05.2024 08:59:00.630000,102.008,320.114,11.6277,12.86,12.594,30.9644,2.14623,2.31396,13.5555,25.0667,501.585,502.56,2.37152,4.07061,0.457168,0.731141,11.0221,5.74364,5.74364,1.0,1.0,1
2406,30.05.2024 08:59:00.640000,102.008,320.114,11.6277,12.86,12.594,30.9644,2.14623,2.31396,13.5555,25.0667,501.585,502.56,2.37152,4.07061,0.457168,0.731141,11.0221,5.74364,5.74364,1.0,1.0,1
2407,30.05.2024 08:59:00.650000,109.012,320.114,11.6402,12.86,12.542,30.982,2.09776,2.34208,6.57847,22.4009,500.405,501.375,1.44345,3.0687,0.417106,0.804261,11.0221,5.76533,5.76533,1.0,1.0,1
2408,30.05.2024 08:59:00.660000,145.761,366.092,11.6433,12.718,12.401,30.9775,2.14952,2.34221,7.16798,29.7471,499.24,500.23,1.06466,3.06277,0.386325,0.750728,11.0303,9.49798,9.49798,1.0,1.0,1
2409,30.05.2024 08:59:00.670000,185.971,411.246,11.6322,12.695,12.336,30.9799,2.2401,2.32608,7.16798,29.7471,499.24,500.23,1.06466,3.06277,0.386325,0.750728,11.0303,9.49798,9.49798,1.0,1.0,1
2410,30.05.2024 08:59:00.680000,259.305,415.942,11.6322,12.757,12.171,30.9799,2.34562,2.28256,17.661,31.2413,498.04,499.085,1.08127,3.47311,0.355362,0.667468,11.0331,13.9685,13.9685,1.0,1.0,1
2411,30.05.2024 08:59:00.690000,259.305,415.942,11.6322,12.757,12.171,30.9799,2.34562,2.28256,17.661,31.2413,498.04,499.085,1.08127,3.47311,0.355362,0.667468,11.0331,13.9685,13.9685,1.0,1.0,1
2412,30.05.2024 08:59:00.700000,259.305,415.942,11.64,12.757,12.171,31.0106,2.5273,2.19282,25.9447,18.0308,496.915,497.935,1.32795,4.51022,0.199474,0.545396,11.0331,18.3955,18.3955,1.0,1.0,1
2413,30.05.2024 08:59:00.710000,259.305,415.942,11.64,12.757,12.171,31.0106,2.5273,2.19282,25.9447,18.0308,496.915,497.935,1.32795,4.51022,0.199474,0.545396,11.0331,18.3955,18.3955,1.0,1.0,1
2414,30.05.2024 08:59:00.720000,362.549,475.268,11.6505,12.372,12.047,30.9753,2.56776,2.16853,28.1567,13.0754,495.725,496.63,2.23996,6.22251,0.250942,0.585603,11.0396,22.895,22.895,1.0,1.0,1
2415,30.05.2024 08:59:00.730000,362.549,475.268,11.6505,12.372,12.047,30.9753,2.56776,2.16853,28.1567,13.0754,495.725,496.63,2.23996,6.22251,0.250942,0.585603,11.0396,22.895,22.895,1.0,1.0,1
2416,30.05.2024 08:59:00.740000,429.95,471.313,11.6523,12.357,11.972,30.9837,2.33745,2.13217,28.4716,17.9383,494.36,495.22,3.63301,7.67706,0.164299,0.561605,11.0429,26.6493,26.6493,1.0,1.0,1
2417,30.05.2024 08:59:00.750000,429.95,471.313,11.6523,12.357,11.972,30.9837,2.33745,2.13217,28.4716,17.9383,494.36,495.22,3.63301,7.67706,0.164299,0.561605,11.0429,26.6493,26.6493,1.0,1.0,1
2418,30.05.2024 08:59:00.760000,451.785,475.104,11.6498,12.418,11.949,31.0488,2.10762,2.13257,18.7279,15.2854,492.855,493.715,4.42801,8.48976,0.216369,0.544307,11.0472,26.8157,26.8157,1.0,1.0,1
2419,30.05.2024 08:59:00.770000,451.785,475.104,11.6498,12.418,11.949,31.0488,2.10762,2.13257,18.7279,15.2854,492.855,493.715,4.42801,8.48976,0.216369,0.544307,11.0472,26.8157,26.8157,1.0,1.0,1
2420,30.05.2024 08:59:00.780000,443.381,477.328,11.6578,12.376,12.016,31.0469,1.91405,2.17403,8.32316,10.2405,491.36,492.145,4.43944,8.75345,0.205825,0.493858,11.05,35.6264,35.6264,1.0,1.0,1
2421,30.05.2024 08:59:00.790000,443.381,477.328,11.6578,12.376,12.016,31.0469,1.91405,2.17403,8.32316,10.2405,491.36,492.145,4.43944,8.75345,0.205825,0.493858,11.05,35.6264,35.6264,1.0,1.0,1
2422,30.05.2024 08:59:00.800000,444.781,475.68,11.6661,12.229,12.038,31.1254,1.96776,2.18444,0.615057,18.8786,488.3,488.985,3.75207,7.77623,0.224983,0.449092,11.0563,35.6264,35.6264,1.0,1.0,1
2423,30.05.2024 08:59:00.810000,444.781,475.68,11.6661,12.229,12.038,31.1254,1.96776,2.18444,0.615057,18.8786,488.3,488.985,3.75207,7.77623,0.224983,0.449092,11.0563,35.6264,35.6264,1.0,1.0,1
2424,30.05.2024 08:59:00.820000,434.482,471.973,11.6748,12.224,11.969,31.0018,2.18688,2.18154,7.50591,13.2292,486.775,487.435,3.31788,7.38233,0.305816,0.437749,11.0594,40.7624,40.7624,1.0,1.0,1
2425,30.05.2024 08:59:00.830000,434.482,471.973,11.6748,12.224,11.969,31.0018,2.18688,2.18154,7.50591,13.2292,486.775,487.435,3.31788,7.38233,0.305816,0.437749,11.0594,40.7624,40.7624,1.0,1.0,1
2426,30.05.2024 08:59:00.840000,434.811,474.856,11.6726,12.209,11.868,30.9947,2.30051,2.20276,12.515,13.8808,485.255,485.865,3.30043,7.09385,0.297218,0.434278,11.0623,44.0611,44.0611,1.0,1.0,1
2427,30.05.2024 08:59:00.850000,434.811,474.856,11.6726,12.209,11.868,30.9947,2.30051,2.20276,12.515,13.8808,485.255,485.865,3.30043,7.09385,0.297218,0.434278,11.0623,44.0611,44.0611,1.0,1.0,1
2428,30.05.2024 08:59:00.860000,435.47,467.523,11.6841,12.032,11.903,30.9536,2.32306,2.24225,20.1639,20.5631,483.77,484.285,3.52658,6.94814,0.416938,0.472871,11.0644,44.09,44.09,1.0,1.0,1
2429,30.05.2024 08:59:00.870000,430.444,459.778,11.6871,11.944,11.873,30.9299,2.26229,2.26933,20.248,22.2507,480.625,481.195,4.75951,7.21935,0.668781,0.603179,11.0701,51.7289,51.7289,1.0,1.0,1
2430,30.05.2024 08:59:00.880000,430.115,459.778,11.6834,11.944,11.899,30.9525,2.22362,2.27612,20.248,22.2507,480.625,481.195,4.75951,7.21935,0.668781,0.603179,11.0701,51.7289,51.7289,1.0,1.0,1
2431,30.05.2024 08:59:00.890000,430.362,469.336,11.6834,11.957,11.878,30.9549,2.18653,2.27818,15.5232,23.1635,479.11,479.655,4.95826,7.49232,0.821666,0.640405,11.0739,57.6751,57.6751,1.0,1.0,1
2432,30.05.2024 08:59:00.900000,430.362,469.336,11.6894,11.957,11.878,30.9549,2.14347,2.2653,12.3007,25.4263,477.485,478.065,5.42156,8.24168,0.863433,0.656217,11.0758,57.6751,57.6751,1.0,1.0,1
2433,30.05.2024 08:59:00.910000,423.605,466.452,11.6959,12.004,11.822,30.9827,2.13998,2.24928,12.3007,25.4263,477.485,478.065,5.42156,8.24168,0.863433,0.656217,11.0758,57.6751,57.6751,1.0,1.0,1
2434,30.05.2024 08:59:00.920000,437.778,464.639,11.6959,11.915,11.828,30.9827,2.15016,2.23464,11.3122,19.4856,475.855,476.395,5.80835,8.73668,0.899337,0.694291,11.078,62.283,62.283,1.0,1.0,1
2435,30.05.2024 08:59:00.930000,437.778,464.639,11.717,11.915,11.828,30.9351,2.20661,2.21957,11.3122,19.4856,475.855,476.395,5.80835,8.73668,0.899337,0.694291,11.078,65.9071,65.9071,1.0,1.0,1
2436,30.05.2024 08:59:00.940000,418.661,465.793,11.7271,11.861,11.8,30.9537,2.24324,2.20535,13.6695,20.7589,474.205,474.755,5.94091,8.61499,0.901748,0.726651,11.0807,65.9071,65.9071,1.0,1.0,1
2437,30.05.2024 08:59:00.950000,418.661,448.984,11.7271,11.849,11.8,30.9537,2.27669,2.18474,16.8426,19.8381,472.555,473.185,6.06155,8.93134,0.839611,0.731418,11.0838,65.965,65.965,1.0,1.0,1
2438,30.05.2024 08:59:00.960000,403.583,448.984,11.744,11.849,11.755,30.9329,2.30739,2.15896,16.8426,19.8381,472.555,473.185,6.06155,8.93134,0.839611,0.731418,11.0838,65.965,65.965,1.0,1.0,1
2439,30.05.2024 08:59:00.970000,395.508,427.807,11.744,11.698,11.716,30.9336,2.3285,2.13647,20.5769,16.9901,470.795,471.525,6.07001,9.61797,0.806858,0.692235,11.0871,69.0394,69.0394,1.0,1.0,1
2440,30.05.2024 08:59:00.980000,395.508,427.807,11.7365,11.698,11.716,30.9336,2.32711,2.10631,22.948,12.2259,469.105,469.82,5.49731,9.63682,0.854587,0.675254,11.0897,71.7231,71.7231,1.0,1.0,1
2441,30.05.2024 08:59:00.990000,358.017,400.122,11.7479,11.624,11.61,30.9401,2.3066,2.09678,22.948,12.2259,469.105,469.82,5.49731,9.63682,0.854587,0.675254,11.0897,71.7231,71.7231,1.0,1.0,1
2442,30.05.2024 08:59:01.000000,358.017,400.122,11.7479,11.624,11.61,30.9401,2.3066,2.09678,22.948,12.2259,469.105,469.82,5.49731,9.63682,0.854587,0.675254,11.0897,71.7231,71.7231,1.0,1.0,1
2443,30.05.2024 08:59:01.010000,347.388,382.077,11.7479,11.613,11.561,30.9401,2.27443,2.09076,20.896,13.8106,467.405,468.15,5.14024,9.58572,0.831318,0.581231,11.0927,71.3614,71.3614,1.0,1.0,1
2444,30.05.2024 08:59:01.020000,347.388,382.077,11.7479,11.613,11.561,30.9401,2.27443,2.09076,20.896,13.8106,467.405,468.15,5.14024,9.58572,0.831318,0.581231,11.0927,71.3614,71.3614,1.0,1.0,1
2445,30.05.2024 08:59:01.030000,334.286,373.096,11.7692,11.609,11.512,30.9976,2.14538,2.11321,18.0259,11.609,465.745,466.555,4.90334,9.59639,0.796394,0.528533,11.0954,68.9887,68.9887,1.0,1.0,1
2446,30.05.2024 08:59:01.040000,334.286,373.096,11.7692,11.609,11.512,30.9976,2.14538,2.11321,18.0259,11.609,465.745,466.555,4.90334,9.59639,0.796394,0.528533,11.0954,68.9887,68.9887,1.0,1.0,1
2447,30.05.2024 08:59:01.050000,305.859,350.436,11.7828,11.475,11.444,30.9462,2.08376,2.13173,13.1252,11.9925,464.1,464.945,4.79298,9.77873,0.731483,0.611263,11.0984,66.3918,66.3918,1.0,1.0,1
2448,30.05.2024 08:59:01.060000,305.859,350.436,11.7828,11.475,11.444,30.9462,2.08376,2.13173,13.1252,11.9925,464.1,464.945,4.79298,9.77873,0.731483,0.611263,11.0984,66.3918,66.3918,1.0,1.0,1
2449,30.05.2024 08:59:01.070000,294.653,334.286,11.7774,11.411,11.389,30.9699,2.09217,2.14119,11.1902,16.2767,460.73,461.565,5.07816,10.5714,0.65205,0.535573,11.1043,63.9974,63.9974,1.0,1.0,1
2450,30.05.2024 08:59:01.080000,279.492,296.054,11.7655,11.462,11.443,30.9479,2.15283,2.13231,13.1248,14.8043,459.12,459.92,5.18399,10.4592,0.692669,0.52099,11.107,63.9974,63.9974,1.0,1.0,1
2451,30.05.2024 08:59:01.090000,279.492,296.054,11.7877,11.462,11.443,31.0065,2.19338,2.11625,13.1248,14.8043,459.12,459.92,5.18399,10.4592,0.692669,0.52099,11.107,61.849,61.849,1.0,1.0,1
2452,30.05.2024 08:59:01.100000,279.492,296.054,11.7877,11.462,11.443,31.0065,2.19338,2.11625,13.1248,14.8043,459.12,459.92,5.18399,10.4592,0.692669,0.52099,11.107,61.849,61.849,1.0,1.0,1
2453,30.05.2024 08:59:01.110000,254.114,281.14,11.7926,11.46,11.365,31.0023,2.18728,2.11627,15.0091,15.4957,457.425,458.27,5.59924,10.5835,0.752197,0.518543,11.1096,56.3296,56.3296,1.0,1.0,1
2454,30.05.2024 08:59:01.120000,216.952,256.833,11.7983,11.341,11.389,30.9993,2.12858,2.13943,14.9361,13.9751,455.74,456.57,5.74162,10.7046,0.714,0.521615,11.1134,56.3296,56.3296,1.0,1.0,1
2455,30.05.2024 08:59:01.130000,218.436,239.859,11.7983,11.33,11.356,31.0311,2.07788,2.14245,12.4435,13.7801,454.13,454.845,5.75794,10.5575,0.772998,0.494886,11.1156,56.3296,56.3296,1.0,1.0,1
2456,30.05.2024 08:59:01.140000,218.436,239.859,11.7784,11.33,11.356,31.0311,1.96343,2.13177,8.60945,13.0251,452.555,453.19,6.09564,10.2961,0.722549,0.603713,11.117,53.3131,53.3131,1.0,1.0,1
2457,30.05.2024 08:59:01.150000,214.81,231.619,11.7726,11.415,11.349,31.0474,1.92257,2.12514,8.60945,13.0251,452.555,453.19,6.09564,10.2961,0.722549,0.603713,11.117,53.3131,53.3131,1.0,1.0,1
2458,30.05.2024 08:59:01.160000,204.675,237.305,11.7726,11.44,11.412,31.0474,1.89834,2.11954,2.79065,12.8367,451.035,451.625,6.92386,10.3575,0.722,0.717571,11.1204,50.123,50.123,1.0,1.0,1
2459,30.05.2024 08:59:01.170000,204.675,237.305,11.786,11.44,11.412,31.1238,1.91231,2.07989,2.79065,12.8367,451.035,451.625,6.92386,10.3575,0.722,0.717571,11.1204,47.215,47.215,1.0,1.0,1
2460,30.05.2024 08:59:01.180000,225.687,235.986,11.7771,11.366,11.431,31.5021,1.94844,2.0444,4.35947,12.9787,449.51,450.05,8.23644,11.0357,0.752296,0.913677,11.1224,47.215,47.215,1.0,1.0,1
2461,30.05.2024 08:59:01.190000,225.687,227.994,11.7771,11.416,11.431,31.5021,1.9872,2.01766,5.79742,7.90189,448.05,448.47,9.5257,11.7656,1.28228,1.54263,11.1266,47.215,47.215,1.0,1.0,1
2462,30.05.2024 08:59:01.200000,225.687,227.994,11.7771,11.416,11.431,31.5021,1.9872,2.01766,5.79742,7.90189,448.05,448.47,9.5257,11.7656,1.28228,1.54263,11.1266,47.215,47.215,1.0,1.0,1
2463,30.05.2024 08:59:01.210000,208.548,227.994,11.7754,11.416,11.389,32.0939,2.03165,2.00271,9.6494,5.7247,446.665,446.95,11.2071,12.5315,2.29439,2.32691,11.1266,40.191,40.191,1.0,1.0,1
2464,30.05.2024 08:59:01.220000,207.394,232.855,11.7475,11.474,11.502,32.7311,2.11417,1.97707,13.4676,5.72968,445.34,445.405,9.74977,7.25704,4.24002,3.69574,11.1317,35.9447,35.9447,1.0,1.0,1
2465,30.05.2024 08:59:01.230000,209.619,236.645,11.7654,11.535,11.568,33.6225,2.10523,1.97793,13.4676,5.72968,445.34,445.405,9.74977,7.25704,4.24002,3.69574,11.1317,35.9447,35.9447,1.0,1.0,1
2466,30.05.2024 08:59:01.240000,218.271,232.526,11.7654,11.61,11.568,33.6225,2.08228,1.99336,12.5012,5.15861,445.43,445.65,5.37732,-1.84107,6.3227,5.63001,11.1344,35.9447,35.9447,1.0,1.0,1
2467,30.05.2024 08:59:01.250000,218.271,232.526,11.7654,11.61,11.568,33.6225,2.08228,1.99336,12.5012,5.15861,445.43,445.65,5.37732,-1.84107,6.3227,5.63001,11.1344,35.9447,35.9447,1.0,1.0,1
2468,30.05.2024 08:59:01.260000,218.271,232.526,11.7522,11.61,11.568,34.671,2.01781,2.04731,10.1357,12.3948,445.18,446.425,5.19566,-0.906794,7.59195,7.8059,11.1344,35.9013,35.9013,1.0,1.0,1
2469,30.05.2024 08:59:01.270000,218.271,232.526,11.7522,11.61,11.568,34.671,2.01781,2.04731,10.1357,12.3948,445.18,446.425,5.19566,-0.906794,7.59195,7.8059,11.1344,35.9013,35.9013,1.0,1.0,1
2470,30.05.2024 08:59:01.280000,223.874,237.964,11.732,11.665,11.637,35.6479,1.95469,2.06165,7.6375,12.0193,445.545,446.515,2.49734,3.99154,8.681,9.20191,11.1411,31.5249,31.5249,1.0,1.0,1
2471,30.05.2024 08:59:01.290000,223.874,237.964,11.732,11.665,11.637,35.6479,1.95469,2.06165,7.6375,12.0193,445.545,446.515,2.49734,3.99154,8.681,9.20191,11.1411,31.5249,31.5249,1.0,1.0,1
2472,30.05.2024 08:59:01.300000,222.638,242.413,11.679,11.666,11.636,37.8788,1.9389,2.08792,6.34556,11.1119,445.76,446.315,3.99464,3.99482,9.47727,9.72129,11.1436,27.6186,27.6186,1.0,1.0,1
2473,30.05.2024 08:59:01.310000,222.638,242.413,11.679,11.666,11.636,37.8788,1.9389,2.08792,6.34556,11.1119,445.76,446.315,3.99464,3.99482,9.47727,9.72129,11.1436,27.6186,27.6186,1.0,1.0,1
2474,30.05.2024 08:59:01.320000,227.417,246.863,11.6191,11.759,11.636,39.015,1.99188,2.09448,5.74975,11.0866,445.86,446.495,5.21758,3.73874,9.58278,9.66384,11.1464,24.0379,24.0379,1.0,1.0,1
2475,30.05.2024 08:59:01.330000,226.758,244.308,11.5761,11.778,11.612,40.2115,2.0907,2.11508,11.6596,15.1739,445.96,446.63,6.9844,5.85369,9.50307,9.10635,11.1491,19.0683,19.0683,1.0,1.0,1
2476,30.05.2024 08:59:01.340000,224.451,249.417,11.6043,11.669,11.629,41.3618,2.11425,2.12869,12.8535,17.2071,445.84,446.48,8.37541,6.85783,8.90311,8.63318,11.1532,19.0683,19.0683,1.0,1.0,1
2477,30.05.2024 08:59:01.350000,224.451,249.417,11.6043,11.669,11.629,41.3618,2.11425,2.12869,12.8535,17.2071,445.84,446.48,8.37541,6.85783,8.90311,8.63318,11.1532,19.0683,19.0683,1.0,1.0,1
2478,30.05.2024 08:59:01.360000,224.451,245.956,11.6043,11.654,11.629,41.3618,2.13069,2.13794,16.6611,16.9965,445.715,446.38,8.63771,6.25224,8.13751,8.37649,11.156,19.0321,19.0321,1.0,1.0,1
2479,30.05.2024 08:59:01.370000,224.451,245.956,11.6043,11.654,11.629,41.3618,2.13069,2.13794,16.6611,16.9965,445.715,446.38,8.63771,6.25224,8.13751,8.37649,11.156,19.0321,19.0321,1.0,1.0,1
2480,30.05.2024 08:59:01.380000,226.099,234.421,11.5557,11.642,11.556,43.5021,2.13125,2.12827,15.2016,14.9049,445.62,446.375,8.01837,5.57895,8.08369,8.16188,11.1572,17.9543,17.9543,1.0,1.0,1
2481,30.05.2024 08:59:01.390000,225.851,241.012,11.5009,11.585,11.562,44.5593,2.10208,2.1345,14.1346,16.8737,445.6,446.34,7.13503,5.36534,8.38371,7.88772,11.1613,17.8892,17.8892,1.0,1.0,1
2482,30.05.2024 08:59:01.400000,225.851,241.012,11.5009,11.585,11.562,44.5593,2.10208,2.1345,14.1346,16.8737,445.6,446.34,7.13503,5.36534,8.38371,7.88772,11.1613,17.8892,17.8892,1.0,1.0,1
2483,30.05.2024 08:59:01.410000,222.638,241.589,11.5009,11.534,11.522,44.5593,2.07558,2.14289,13.6809,15.035,445.64,446.39,6.36285,4.47467,8.77778,7.70588,11.163,18.3232,18.3232,1.0,1.0,1
2484,30.05.2024 08:59:01.420000,222.638,241.589,11.5009,11.534,11.522,44.5593,2.07558,2.14289,13.6809,15.035,445.64,446.39,6.36285,4.47467,8.77778,7.70588,11.163,18.3232,18.3232,1.0,1.0,1
2485,30.05.2024 08:59:01.430000,232.773,248.593,11.4343,11.462,11.473,46.7706,1.99422,2.12651,10.9161,17.4308,445.705,446.575,5.94884,4.41211,9.04174,7.55041,11.1666,18.3232,18.3232,1.0,1.0,1
2486,30.05.2024 08:59:01.440000,222.143,241.012,11.412,11.469,11.443,48.0168,1.97059,2.12571,8.62919,14.3046,445.775,446.65,5.95662,5.59503,9.12585,7.36358,11.1685,18.3377,18.3377,1.0,1.0,1
2487,30.05.2024 08:59:01.450000,232.69,249.252,11.412,11.515,11.437,49.306,1.97278,2.12066,9.02522,16.4073,445.815,446.595,6.4078,6.41421,9.18357,7.16162,11.1705,17.73,17.73,1.0,1.0,1
2488,30.05.2024 08:59:01.460000,232.69,249.252,11.412,11.515,11.437,49.306,1.97278,2.12066,9.02522,16.4073,445.815,446.595,6.4078,6.41421,9.18357,7.16162,11.1705,17.73,17.73,1.0,1.0,1
2489,30.05.2024 08:59:01.470000,232.69,249.252,11.4212,11.515,11.437,49.306,2.02338,2.09257,11.0502,15.4295,445.825,446.56,6.78468,6.32528,9.02749,7.05815,11.173,16.739,16.739,1.0,1.0,1
2490,30.05.2024 08:59:01.480000,232.69,249.252,11.4212,11.515,11.437,49.306,2.02338,2.09257,11.0502,15.4295,445.825,446.56,6.78468,6.32528,9.02749,7.05815,11.173,16.739,16.739,1.0,1.0,1
2491,30.05.2024 08:59:01.490000,235.986,249.664,11.3868,11.406,11.371,50.5345,2.06778,2.08476,14.2361,10.1296,445.835,446.505,7.0677,6.19855,8.97846,6.99958,11.1761,16.739,16.739,1.0,1.0,1
2492,30.05.2024 08:59:01.500000,235.986,249.664,11.3868,11.406,11.371,50.5345,2.06778,2.08476,14.2361,10.1296,445.835,446.505,7.0677,6.19855,8.97846,6.99958,11.1761,16.739,16.739,1.0,1.0,1
2493,30.05.2024 08:59:01.510000,220.496,237.14,11.332,11.351,11.349,53.0216,2.08565,2.05037,14.48,10.3061,445.76,446.45,7.20943,6.06054,8.95221,6.88311,11.1795,16.4424,16.4424,1.0,1.0,1
2494,30.05.2024 08:59:01.520000,220.66,237.881,11.323,11.372,11.36,54.2667,2.04156,2.06441,15.9617,9.76476,445.76,446.45,6.50229,5.2867,8.90806,6.87529,11.1821,16.5148,16.5148,1.0,1.0,1
2495,30.05.2024 08:59:01.530000,230.63,239.529,11.323,11.401,11.309,55.3816,2.01224,2.07259,12.7062,13.3188,445.825,446.565,6.27389,5.09872,9.04095,6.76785,11.1848,16.5148,16.5148,1.0,1.0,1
2496,30.05.2024 08:59:01.540000,230.63,239.529,11.2818,11.401,11.309,55.3816,1.96137,2.10781,10.8175,14.3857,445.91,446.66,6.34944,5.62549,9.2291,6.71418,11.1879,16.7028,16.7028,1.0,1.0,1
2497,30.05.2024 08:59:01.550000,219.26,248.593,11.2566,11.389,11.305,56.492,1.95509,2.11551,10.8175,14.3857,445.91,446.66,6.34944,5.62549,9.2291,6.71418,11.1879,16.7028,16.7028,1.0,1.0,1
2498,30.05.2024 08:59:01.560000,217.117,246.121,11.2566,11.319,11.272,56.492,1.95765,2.11959,9.6038,14.1377,445.98,446.685,6.97117,6.44712,9.26232,6.63447,11.191,17.0284,17.0284,1.0,1.0,1
2499,30.05.2024 08:59:01.570000,217.117,246.121,11.2863,11.319,11.272,57.6529,2.0054,2.13961,9.6038,14.1377,445.98,446.685,6.97117,6.44712,9.26232,6.63447,11.191,17.0573,17.0573,1.0,1.0,1
2500,30.05.2024 08:59:01.580000,217.117,246.121,11.2863,11.319,11.272,57.6529,2.0054,2.13961,9.6038,14.1377,445.98,446.685,6.97117,6.44712,9.26232,6.63447,11.191,17.0573,17.0573,1.0,1.0,1
2501,30.05.2024 08:59:01.590000,229.806,234.421,11.2305,11.282,11.296,58.9635,2.0353,2.14236,8.17371,15.1468,445.99,446.66,7.62169,6.92002,9.45602,6.66139,11.1944,17.1586,17.1586,1.0,1.0,1
2502,30.05.2024 08:59:01.600000,229.806,234.421,11.2305,11.282,11.296,58.9635,2.0353,2.14236,8.17371,15.1468,445.99,446.66,7.62169,6.92002,9.45602,6.66139,11.1944,17.1586,17.1586,1.0,1.0,1
2503,30.05.2024 08:59:01.610000,221.237,237.14,11.1753,11.287,11.204,60.2614,2.09811,2.11724,14.3014,16.3729,445.97,446.615,8.14299,7.0687,9.57096,6.65532,11.1958,17.1586,17.1586,1.0,1.0,1
2504,30.05.2024 08:59:01.620000,221.237,237.14,11.1753,11.287,11.204,60.2614,2.09811,2.11724,14.3014,16.3729,445.97,446.615,8.14299,7.0687,9.57096,6.65532,11.1958,17.1586,17.1586,1.0,1.0,1
2505,30.05.2024 08:59:01.630000,228.406,250.241,11.2246,11.259,11.223,61.5051,2.09815,2.13913,16.1125,11.74,445.84,446.555,7.66622,6.73546,9.86819,6.59528,11.2023,16.522,16.522,1.0,1.0,1
2506,30.05.2024 08:59:01.640000,231.125,243.814,11.2001,11.206,11.123,62.6661,2.05451,2.14161,15.046,16.287,445.835,446.605,6.97238,6.43807,10.0033,6.69751,11.2048,16.182,16.182,1.0,1.0,1
2507,30.05.2024 08:59:01.650000,231.125,243.814,11.1496,11.206,11.123,63.831,1.99813,2.12909,15.046,16.287,445.835,446.605,6.97238,6.43807,10.0033,6.69751,11.2048,16.1892,16.1892,1.0,1.0,1
2508,30.05.2024 08:59:01.660000,228.9,243.402,11.1687,11.217,11.132,65.1271,1.97046,2.11498,12.9768,15.2371,445.895,446.655,6.31218,6.70863,10.1755,6.76862,11.2076,16.1892,16.1892,1.0,1.0,1
2509,30.05.2024 08:59:01.670000,228.9,243.402,11.1687,11.217,11.132,65.1271,1.97046,2.11498,12.9768,15.2371,445.895,446.655,6.31218,6.70863,10.1755,6.76862,11.2076,16.1892,16.1892,1.0,1.0,1
2510,30.05.2024 08:59:01.680000,228.9,242.248,11.1687,11.187,11.132,65.1271,1.95424,2.10427,10.1673,12.0315,445.98,446.665,6.36343,7.00763,10.3301,6.79857,11.2094,15.871,15.871,1.0,1.0,1
2511,30.05.2024 08:59:01.690000,228.9,242.248,11.1687,11.187,11.132,65.1271,1.95424,2.10427,10.1673,12.0315,445.98,446.665,6.36343,7.00763,10.3301,6.79857,11.2094,15.871,15.871,1.0,1.0,1
2512,30.05.2024 08:59:01.700000,229.559,240.106,11.1559,11.151,11.222,67.6747,2.00216,2.09283,11.5991,13.0711,445.965,446.665,6.62108,7.12587,10.467,6.92257,11.212,15.3284,15.3284,1.0,1.0,1
2513,30.05.2024 08:59:01.710000,228.076,238.623,11.1109,11.171,11.114,68.7344,2.06344,2.05757,12.7014,15.5684,445.97,446.615,6.72726,7.1507,10.3945,6.91637,11.2148,15.3284,15.3284,1.0,1.0,1
2514,30.05.2024 08:59:01.720000,227.664,244.72,11.1109,11.163,11.106,68.7344,2.07473,2.04752,12.8892,9.54527,445.95,446.585,6.81032,6.74793,10.4588,6.95589,11.218,14.5833,14.5833,1.0,1.0,1
2515,30.05.2024 08:59:01.730000,227.664,244.72,11.1109,11.163,11.106,68.7344,2.07473,2.04752,12.8892,9.54527,445.95,446.585,6.81032,6.74793,10.4588,6.95589,11.218,14.5833,14.5833,1.0,1.0,1
2516,30.05.2024 08:59:01.740000,227.664,244.72,11.171,11.163,11.106,69.8602,2.06991,2.06005,14.6299,8.83607,445.915,446.61,6.49964,6.2725,10.4329,6.96937,11.218,14.3736,14.3736,1.0,1.0,1
2517,30.05.2024 08:59:01.750000,227.664,244.72,11.171,11.163,11.106,69.8602,2.06991,2.06005,14.6299,8.83607,445.915,446.61,6.49964,6.2725,10.4329,6.96937,11.218,14.3736,14.3736,1.0,1.0,1
2518,30.05.2024 08:59:01.760000,222.473,236.069,11.1126,11.146,11.133,70.9592,2.03879,2.08927,12.6042,17.306,445.95,446.675,6.02161,5.99165,10.4307,7.05066,11.2225,14.3736,14.3736,1.0,1.0,1
2519,30.05.2024 08:59:01.770000,217.447,239.694,11.1017,11.188,11.16,72.9729,2.00328,2.09157,13.9641,12.8802,446.02,446.755,6.01619,6.40781,10.474,7.05073,11.2264,14.4893,14.4893,1.0,1.0,1
2520,30.05.2024 08:59:01.780000,217.447,239.694,11.0948,11.188,11.16,72.9729,2.0015,2.09983,10.3968,7.22281,446.075,446.765,6.1495,6.78471,10.4822,7.06058,11.2286,14.6846,14.6846,1.0,1.0,1
2521,30.05.2024 08:59:01.790000,217.447,239.694,11.0948,11.188,11.16,72.9729,2.0015,2.09983,10.3968,7.22281,446.075,446.765,6.1495,6.78471,10.4822,7.06058,11.2286,14.6846,14.6846,1.0,1.0,1
2522,30.05.2024 08:59:01.800000,218.848,247.192,11.1558,11.163,11.147,74.0475,2.00821,2.1056,13.8067,16.1288,446.05,446.755,6.62396,6.91957,10.6053,7.09584,11.2286,14.6123,14.6123,1.0,1.0,1
2523,30.05.2024 08:59:01.810000,222.803,238.953,11.1183,11.134,11.108,75.0371,2.02687,2.10083,13.8067,16.1288,446.05,446.755,6.62396,6.91957,10.6053,7.09584,11.2311,14.6123,14.6123,1.0,1.0,1
2524,30.05.2024 08:59:01.820000,225.439,241.754,11.1139,11.126,11.134,76.1481,2.02415,2.08583,14.6404,20.6329,446.05,446.75,6.63791,6.88431,10.5392,7.09814,11.234,14.6123,14.6123,1.0,1.0,1
2525,30.05.2024 08:59:01.830000,225.439,242.66,11.1139,11.135,11.134,76.1481,2.01813,2.08105,13.8837,9.3203,446.04,446.78,6.68688,6.71824,10.6572,7.04384,11.2352,14.3085,14.3085,1.0,1.0,1
2526,30.05.2024 08:59:01.840000,229.642,242.66,11.1712,11.135,11.108,77.5132,2.01019,2.09263,13.8837,9.3203,446.04,446.78,6.68688,6.71824,10.6572,7.04384,11.2352,14.3085,14.3085,1.0,1.0,1
2527,30.05.2024 08:59:01.850000,222.308,246.533,11.1712,11.141,11.137,78.8251,2.00047,2.10501,11.7522,10.7243,446.05,446.825,6.58524,6.81366,10.7181,7.01659,11.2391,14.3591,14.3591,1.0,1.0,1
2528,30.05.2024 08:59:01.860000,222.308,246.533,11.1771,11.141,11.137,78.8251,1.99928,2.10215,11.4422,19.4903,446.07,446.83,6.57375,6.9968,10.8124,7.11774,11.2412,14.3591,14.3591,1.0,1.0,1
2529,30.05.2024 08:59:01.870000,223.132,243.567,11.1946,11.12,11.158,79.9986,1.99973,2.09451,11.4422,19.4903,446.07,446.83,6.57375,6.9968,10.8124,7.11774,11.2412,14.3591,14.3591,1.0,1.0,1
2530,30.05.2024 08:59:01.880000,227.911,239.282,11.1946,11.125,11.156,79.9986,2.00319,2.08836,10.2376,9.64475,446.06,446.835,6.51155,6.82463,10.8316,7.10086,11.2434,13.8093,13.8093,1.0,1.0,1
2531,30.05.2024 08:59:01.890000,227.911,239.282,11.1535,11.125,11.156,81.1502,2.01446,2.08507,10.2376,9.64475,446.06,446.835,6.51155,6.82463,10.8316,7.10086,11.2434,12.9847,12.9847,1.0,1.0,1
2532,30.05.2024 08:59:01.900000,215.222,242.331,11.2334,11.173,11.141,82.1533,2.02382,2.08126,10.7729,5.11784,446.04,446.835,6.19648,6.5676,10.9826,7.23557,11.2452,12.9847,12.9847,1.0,1.0,1
2533,30.05.2024 08:59:01.910000,215.222,236.563,11.2334,11.225,11.141,82.1533,2.02596,2.08038,11.3624,16.2138,446.03,446.88,5.76577,6.37903,10.6631,7.33752,11.2479,12.037,12.037,1.0,1.0,1
2534,30.05.2024 08:59:01.920000,231.537,236.563,11.222,11.225,11.165,83.2012,2.02674,2.08105,11.3624,16.2138,446.03,446.88,5.76577,6.37903,10.6631,7.33752,11.2479,12.037,12.037,1.0,1.0,1
2535,30.05.2024 08:59:01.930000,227.417,239.282,11.222,11.223,11.196,84.3534,2.0315,2.08103,12.301,13.514,446.065,446.895,5.42157,6.24882,10.3716,7.34828,11.2507,11.1762,11.1762,1.0,1.0,1
2536,30.05.2024 08:59:01.940000,227.417,239.282,11.2318,11.223,11.196,84.3534,2.02004,2.08237,13.0307,8.25206,446.115,446.925,5.40238,6.08015,10.2701,7.38548,11.2529,10.4239,10.4239,1.0,1.0,1
2537,30.05.2024 08:59:01.950000,222.638,247.769,11.2512,11.225,11.214,85.4578,2.01376,2.08638,13.0307,8.25206,446.115,446.925,5.40238,6.08015,10.2701,7.38548,11.2529,10.4239,10.4239,1.0,1.0,1
2538,30.05.2024 08:59:01.960000,221.731,238.623,11.2512,11.252,11.243,85.4578,2.01448,2.08596,11.6806,14.0048,446.16,446.97,5.57556,5.90734,10.0382,7.38699,11.2549,10.4167,10.4167,1.0,1.0,1
2539,30.05.2024 08:59:01.970000,221.731,238.623,11.2512,11.252,11.243,85.4578,2.01448,2.08596,11.6806,14.0048,446.16,446.97,5.57556,5.90734,10.0382,7.38699,11.2549,10.4167,10.4167,1.0,1.0,1
2540,30.05.2024 08:59:01.980000,221.731,238.623,11.2633,11.252,11.243,86.4853,2.01472,2.07634,12.7225,15.0474,446.195,447.03,5.84951,5.86749,9.97244,7.52048,11.2549,9.56307,9.56307,1.0,1.0,1
2541,30.05.2024 08:59:01.990000,221.731,238.623,11.2633,11.252,11.243,86.4853,2.01472,2.07634,12.7225,15.0474,446.195,447.03,5.84951,5.86749,9.97244,7.52048,11.2549,9.56307,9.56307,1.0,1.0,1
2542,30.05.2024 08:59:02.000000,222.473,240.601,11.2971,11.303,11.261,87.3276,2.03135,2.06382,13.1301,9.37276,446.185,447.09,6.11156,6.0818,9.89347,7.55127,11.2599,9.45457,9.45457,1.0,1.0,1
2543,30.05.2024 08:59:02.010000,222.473,240.601,11.2971,11.303,11.261,87.3276,2.03135,2.06382,13.1301,9.37276,446.185,447.09,6.11156,6.0818,9.89347,7.55127,11.2599,9.45457,9.45457,1.0,1.0,1
2544,30.05.2024 08:59:02.020000,207.147,251.642,11.3298,11.302,11.285,88.5507,2.04663,2.05976,15.3413,9.72317,446.185,447.085,6.08716,6.33874,9.89428,7.65153,11.2633,9.24478,9.24478,1.0,1.0,1
2545,30.05.2024 08:59:02.030000,194.623,241.26,11.3491,11.304,11.284,89.0663,2.02525,2.05947,15.0329,13.7654,446.21,447.075,6.06388,6.10891,9.82892,7.71677,11.2647,9.24478,9.24478,1.0,1.0,1
2546,30.05.2024 08:59:02.040000,194.623,241.26,11.3491,11.304,11.284,89.0663,2.02525,2.05947,15.0329,13.7654,446.21,447.075,6.06388,6.10891,9.82892,7.71677,11.2647,9.24478,9.24478,1.0,1.0,1
2547,30.05.2024 08:59:02.050000,195.035,239.859,11.3491,11.317,11.296,89.0663,2.0073,2.06669,13.1806,9.61537,446.265,447.1,6.1449,5.88816,9.92658,7.80751,11.2651,9.24478,9.24478,1.0,1.0,1
2548,30.05.2024 08:59:02.060000,195.035,239.859,11.3491,11.317,11.296,89.0663,2.0073,2.06669,13.1806,9.61537,446.265,447.1,6.1449,5.88816,9.92658,7.80751,11.2651,9.24478,9.24478,1.0,1.0,1
2549,30.05.2024 08:59:02.070000,187.866,246.204,11.393,11.308,11.299,89.7983,1.96851,2.08369,9.31785,10.6307,446.305,447.13,6.39889,5.78999,9.97447,7.82876,11.2686,9.10012,9.10012,1.0,1.0,1
2550,30.05.2024 08:59:02.080000,171.222,241.012,11.4072,11.302,11.314,90.1232,1.97742,2.07651,11.2959,14.2536,446.315,447.17,6.68283,5.65955,10.0525,7.83888,11.2694,8.55035,8.55035,1.0,1.0,1
2551,30.05.2024 08:59:02.090000,148.315,236.151,11.4072,11.308,11.32,90.4169,1.99031,2.06952,7.71939,13.3395,446.27,447.22,6.84326,5.44614,10.0814,7.90639,11.2714,8.55035,8.55035,1.0,1.0,1
2552,30.05.2024 08:59:02.100000,148.315,236.151,11.4211,11.308,11.32,90.4169,2.01619,2.06836,11.0529,6.81982,446.185,447.285,6.44333,5.54423,10.1782,7.98172,11.2727,8.13079,8.13079,1.0,1.0,1
2553,30.05.2024 08:59:02.110000,137.604,234.009,11.4394,11.305,11.321,90.6935,2.0237,2.06917,11.0529,6.81982,446.185,447.285,6.44333,5.54423,10.1782,7.98172,11.2727,8.13079,8.13079,1.0,1.0,1
2554,30.05.2024 08:59:02.120000,123.102,245.627,11.4394,11.374,11.335,90.6935,2.02847,2.06665,11.9529,10.8161,446.17,447.29,5.4972,5.74297,10.1274,8.09268,11.2746,6.8721,6.8721,1.0,1.0,1
2555,30.05.2024 08:59:02.130000,123.102,245.627,11.4527,11.374,11.335,90.9539,2.0159,2.07096,11.9529,10.8161,446.17,447.29,5.4972,5.74297,10.1274,8.09268,11.2746,6.7419,6.7419,1.0,1.0,1
2556,30.05.2024 08:59:02.140000,111.731,234.421,11.4584,11.439,11.385,91.1886,2.00538,2.0773,13.5795,12.5838,446.2,447.285,4.80932,5.59766,9.88614,8.14808,11.2764,6.7419,6.7419,1.0,1.0,1
2557,30.05.2024 08:59:02.150000,111.731,234.421,11.4584,11.439,11.385,91.1886,2.00538,2.0773,13.5795,12.5838,446.2,447.285,4.80932,5.59766,9.88614,8.14808,11.2764,6.7419,6.7419,1.0,1.0,1
2558,30.05.2024 08:59:02.160000,111.731,235.986,11.4584,11.472,11.385,91.1886,1.99627,2.08382,13.6045,11.0886,446.24,447.28,4.2713,5.29035,9.69249,8.18476,11.2785,6.7419,6.7419,1.0,1.0,1
2559,30.05.2024 08:59:02.170000,91.9555,217.364,11.4562,11.443,11.391,91.5548,2.00213,2.0873,10.6167,14.8313,446.25,447.305,4.10238,5.00483,9.323,8.20464,11.2801,6.27893,6.27893,1.0,1.0,1
2560,30.05.2024 08:59:02.180000,91.9555,217.364,11.4701,11.443,11.391,91.5548,2.01669,2.0868,12.6497,13.5506,446.255,447.35,3.91251,4.72114,8.87823,8.11842,11.2814,6.2717,6.2717,1.0,1.0,1
2561,30.05.2024 08:59:02.190000,36.2549,187.866,11.4788,11.443,11.446,91.6663,2.04033,2.08555,12.6497,13.5506,446.255,447.35,3.91251,4.72114,8.87823,8.11842,11.2814,6.2717,6.2717,1.0,1.0,1
2562,30.05.2024 08:59:02.200000,10.4645,167.349,11.4788,11.451,11.454,91.6663,2.05998,2.08396,11.6807,10.8072,446.25,447.41,3.67892,4.50104,8.56326,8.15847,11.284,6.46701,6.46701,1.0,1.0,1
2563,30.05.2024 08:59:02.210000,10.4645,167.349,11.4869,11.451,11.454,91.743,2.08898,2.08608,11.6807,10.8072,446.25,447.41,3.67892,4.50104,8.56326,8.15847,11.284,6.95167,6.95167,1.0,1.0,1
2564,30.05.2024 08:59:02.220000,0.0,146.338,11.4837,11.463,11.407,91.829,2.08951,2.08738,13.4429,12.6491,446.275,447.46,3.51936,4.60185,8.35461,7.99515,11.2867,6.95167,6.95167,1.0,1.0,1
2565,30.05.2024 08:59:02.230000,0.0,126.233,11.4837,11.422,11.407,91.829,2.08033,2.08834,13.5116,13.0617,446.315,447.47,3.54178,4.85821,8.21287,7.93379,11.2881,7.2989,7.2989,1.0,1.0,1
2566,30.05.2024 08:59:02.240000,-0.247192,126.233,11.5101,11.422,11.389,91.8902,2.06044,2.09014,13.5116,13.0617,446.315,447.47,3.54178,4.85821,8.21287,7.93379,11.2881,7.2989,7.2989,1.0,1.0,1
2567,30.05.2024 08:59:02.250000,-22.9889,120.383,11.5101,11.406,11.385,91.9485,2.03329,2.09222,12.1591,8.81792,446.32,447.46,3.70313,4.71329,8.15015,7.91378,11.2898,7.4508,7.4508,1.0,1.0,1
2568,30.05.2024 08:59:02.260000,-22.9889,120.383,11.509,11.406,11.385,91.9485,1.97944,2.08807,9.25274,10.1658,446.32,447.47,3.76636,4.39596,8.08986,7.7697,11.2907,7.46528,7.46528,1.0,1.0,1
2569,30.05.2024 08:59:02.270000,-22.9889,120.383,11.509,11.406,11.385,91.9485,1.97944,2.08807,9.25274,10.1658,446.32,447.47,3.76636,4.39596,8.08986,7.7697,11.2907,7.46528,7.46528,1.0,1.0,1
2570,30.05.2024 08:59:02.280000,-37.6556,112.472,11.4983,11.419,11.375,91.9655,1.96405,2.0807,9.86052,12.209,446.29,447.5,3.7034,4.27427,8.09422,7.6415,11.2907,7.704,7.704,1.0,1.0,1
2571,30.05.2024 08:59:02.290000,-102.914,100.854,11.5048,11.415,11.421,91.9872,1.97038,2.07154,9.86052,12.209,446.29,447.5,3.7034,4.27427,8.09422,7.6415,11.2922,7.4074,7.4074,1.0,1.0,1
2572,30.05.2024 08:59:02.300000,-109.177,53.6407,11.4879,11.45,11.449,92.0033,1.98785,2.06771,8.23713,12.5163,446.295,447.54,3.43415,4.20844,7.97931,7.33676,11.295,7.4074,7.4074,1.0,1.0,1
2573,30.05.2024 08:59:02.310000,-109.177,53.6407,11.4879,11.45,11.449,92.0033,1.98785,2.06771,8.23713,12.5163,446.295,447.54,3.43415,4.20844,7.97931,7.33676,11.295,7.4074,7.4074,1.0,1.0,1
2574,30.05.2024 08:59:02.320000,-109.177,40.2099,11.4879,11.413,11.449,92.0033,2.00789,2.06167,11.9274,8.66359,446.3,447.545,3.18709,4.22283,7.98211,7.18136,11.296,7.11082,7.11082,1.0,1.0,1
2575,30.05.2024 08:59:02.330000,-109.177,40.2099,11.4879,11.413,11.449,92.0033,2.00789,2.06167,11.9274,8.66359,446.3,447.545,3.18709,4.22283,7.98211,7.18136,11.296,7.11082,7.11082,1.0,1.0,1
2576,30.05.2024 08:59:02.340000,-115.274,-3.54309,11.4772,11.415,11.423,92.0108,2.02678,2.06528,11.3698,9.52573,446.295,447.56,3.01658,4.31214,7.99904,7.10981,11.2976,7.11082,7.11082,1.0,1.0,1
2577,30.05.2024 08:59:02.350000,-111.154,-41.5283,11.4736,11.423,11.459,92.0058,2.00918,2.07993,9.2764,10.1638,446.3,447.555,2.97258,4.25899,7.90602,7.0138,11.2988,6.57552,6.57552,1.0,1.0,1
2578,30.05.2024 08:59:02.360000,-110.66,-48.5321,11.4736,11.362,11.39,92.0058,2.00231,2.08917,9.39074,12.5775,446.27,447.55,2.96813,4.09965,7.65605,6.84039,11.3007,5.5628,5.5628,1.0,1.0,1
2579,30.05.2024 08:59:02.370000,-110.66,-48.5321,11.4589,11.362,11.39,92.0063,2.00459,2.093,9.39074,12.5775,446.27,447.55,2.96813,4.09965,7.65605,6.84039,11.3007,5.5628,5.5628,1.0,1.0,1
2580,30.05.2024 08:59:02.380000,-111.154,-69.873,11.4327,11.348,11.387,92.0432,2.01094,2.09258,9.54851,14.0406,446.27,447.56,2.62361,3.9237,7.44435,6.7358,11.3023,5.5628,5.5628,1.0,1.0,1
2581,30.05.2024 08:59:02.390000,-111.154,-69.873,11.4327,11.348,11.387,92.0432,2.01094,2.09258,9.54851,14.0406,446.27,447.56,2.62361,3.9237,7.44435,6.7358,11.3023,5.5628,5.5628,1.0,1.0,1
2582,30.05.2024 08:59:02.400000,-111.154,-86.6821,11.4327,11.324,11.387,92.0432,2.02079,2.0945,9.60332,11.9192,446.26,447.575,2.37604,3.86248,7.27602,6.46943,11.3036,5.5628,5.5628,1.0,1.0,1
2583,30.05.2024 08:59:02.410000,-111.566,-102.667,11.4326,11.337,11.423,92.1043,2.05657,2.09485,10.7761,10.5145,446.265,447.58,2.10841,3.77176,7.20112,6.19344,11.3052,5.40365,5.40365,1.0,1.0,1
2584,30.05.2024 08:59:02.420000,-111.566,-102.667,11.4366,11.337,11.423,92.1043,2.06183,2.09316,12.3629,13.9079,446.275,447.595,2.02526,3.639,7.14867,6.00584,11.3062,5.40365,5.40365,1.0,1.0,1
2585,30.05.2024 08:59:02.430000,-111.566,-102.667,11.4366,11.337,11.423,92.1043,2.06183,2.09316,12.3629,13.9079,446.275,447.595,2.02526,3.639,7.14867,6.00584,11.3062,5.40365,5.40365,1.0,1.0,1
2586,30.05.2024 08:59:02.440000,-111.237,-118.982,11.4301,11.327,11.326,92.1088,2.06263,2.09318,12.1166,13.3802,446.275,447.615,2.05094,3.56618,7.03512,5.83654,11.3062,5.49768,5.49768,1.0,1.0,1
2587,30.05.2024 08:59:02.450000,-111.237,-118.982,11.4301,11.327,11.326,92.1088,2.06263,2.09318,12.1166,13.3802,446.275,447.615,2.05094,3.56618,7.03512,5.83654,11.3062,5.49768,5.49768,1.0,1.0,1
2588,30.05.2024 08:59:02.460000,-115.356,-124.667,11.4272,11.356,11.316,92.1335,2.0411,2.0978,12.4727,10.5773,446.28,447.63,2.02187,3.71952,7.04758,5.77752,11.3087,5.60619,5.60619,1.0,1.0,1
2589,30.05.2024 08:59:02.470000,-112.72,-126.48,11.4156,11.31,11.323,92.1527,2.02412,2.08838,9.76446,11.9335,446.285,447.635,1.98727,3.83623,7.04456,5.70024,11.3105,5.60619,5.60619,1.0,1.0,1
2590,30.05.2024 08:59:02.480000,-112.72,-126.48,11.4156,11.31,11.323,92.1527,2.02412,2.08838,9.76446,11.9335,446.285,447.635,1.98727,3.83623,7.04456,5.70024,11.3105,5.60619,5.60619,1.0,1.0,1
2591,30.05.2024 08:59:02.490000,-108.188,-126.48,11.3918,11.31,11.318,92.1742,2.01692,2.07555,10.7558,8.62509,446.295,447.645,1.93812,3.80154,7.05037,5.63399,11.3105,5.60619,5.60619,1.0,1.0,1
2592,30.05.2024 08:59:02.500000,-108.188,-126.48,11.3918,11.31,11.318,92.1742,2.01692,2.07555,10.7558,8.62509,446.295,447.645,1.93812,3.80154,7.05037,5.63399,11.3105,5.60619,5.60619,1.0,1.0,1
2593,30.05.2024 08:59:02.510000,-116.18,-127.634,11.3941,11.322,11.31,92.1636,2.01499,2.05787,9.68678,8.55478,446.29,447.635,2.0272,3.76337,7.11867,5.39328,11.3138,6.00405,6.00405,1.0,1.0,1
2594,30.05.2024 08:59:02.520000,-116.18,-127.634,11.3941,11.322,11.31,92.1636,2.01499,2.05787,9.68678,8.55478,446.29,447.635,2.0272,3.76337,7.11867,5.39328,11.3138,6.00405,6.00405,1.0,1.0,1
2595,30.05.2024 08:59:02.530000,-115.356,-127.798,11.3971,11.343,11.297,92.1397,2.01501,2.05167,11.5444,8.71059,446.26,447.645,2.07905,3.69496,7.11934,5.25629,11.3153,6.34404,6.34404,1.0,1.0,1
2596,30.05.2024 08:59:02.540000,-115.274,-125.574,11.3753,11.327,11.288,92.0434,1.98199,2.05699,8.42504,10.8417,446.22,447.67,1.9652,3.61173,7.12791,5.12971,11.3164,6.43808,6.43808,1.0,1.0,1
2597,30.05.2024 08:59:02.550000,-115.274,-132.907,11.3753,11.308,11.288,92.0434,1.96864,2.06494,6.80139,3.89349,446.215,447.715,1.63268,3.69865,7.10586,5.10943,11.3167,6.34404,6.34404,1.0,1.0,1
2598,30.05.2024 08:59:02.560000,-117.004,-132.907,11.3702,11.308,11.304,92.0708,1.9642,2.07111,6.80139,3.89349,446.215,447.715,1.63268,3.69865,7.10586,5.10943,11.3167,6.34404,6.34404,1.0,1.0,1
2599,30.05.2024 08:59:02.570000,-114.038,-138.675,11.3702,11.361,11.327,92.1107,1.98095,2.07035,6.47365,7.35646,446.22,447.73,1.4892,3.92106,7.0059,5.03347,11.3179,6.55381,6.55381,1.0,1.0,1
2600,30.05.2024 08:59:02.580000,-114.038,-138.675,11.3663,11.361,11.327,92.1107,2.00023,2.07035,8.23194,12.055,446.225,447.73,1.44287,4.05568,6.86553,4.92053,11.3192,6.56829,6.56829,0.0,1.0,1
2601,30.05.2024 08:59:02.590000,-118.488,-134.72,11.3441,11.364,11.333,92.1367,2.02695,2.07337,8.23194,12.055,446.225,447.73,1.44287,4.05568,6.86553,4.92053,11.3192,6.56829,6.56829,0.0,1.0,1
2602,30.05.2024 08:59:02.600000,-115.027,-135.626,11.3441,11.358,11.326,92.1367,2.05274,2.07861,10.5252,6.77476,446.235,447.725,1.55291,4.09535,6.85271,4.89767,11.321,6.56106,6.56106,0.0,1.0,1
2603,30.05.2024 08:59:02.610000,-115.027,-135.626,11.3441,11.358,11.326,92.1367,2.05274,2.07861,10.5252,6.77476,446.235,447.725,1.55291,4.09535,6.85271,4.89767,11.321,6.56106,6.56106,0.0,1.0,1
2604,30.05.2024 08:59:02.620000,-115.027,-135.626,11.3467,11.358,11.326,92.1894,2.08982,2.09475,13.1482,8.26091,446.235,447.735,1.77733,4.1034,6.83713,4.84231,11.321,7.24826,7.24826,0.0,1.0,1
2605,30.05.2024 08:59:02.630000,-115.027,-135.626,11.3467,11.358,11.326,92.1894,2.08982,2.09475,13.1482,8.26091,446.235,447.735,1.77733,4.1034,6.83713,4.84231,11.321,7.24826,7.24826,0.0,1.0,1
2606,30.05.2024 08:59:02.640000,-118.899,-134.061,11.3636,11.293,11.312,92.1744,2.09368,2.10182,14.5216,14.5096,446.25,447.75,2.00714,4.10201,6.78253,4.8259,11.3229,7.7908,7.7908,0.0,1.0,1
2607,30.05.2024 08:59:02.650000,-118.899,-134.061,11.3636,11.293,11.312,92.1744,2.09368,2.10182,14.5216,14.5096,446.25,447.75,2.00714,4.10201,6.78253,4.8259,11.3229,7.7908,7.7908,0.0,1.0,1
2608,30.05.2024 08:59:02.660000,-118.405,-130.106,11.3511,11.297,11.269,92.2258,2.03537,2.11735,12.6064,11.4437,446.27,447.79,2.30362,4.16687,6.78436,4.82029,11.3252,7.7908,7.7908,0.0,1.0,1
2609,30.05.2024 08:59:02.670000,-112.472,-132.825,11.3624,11.306,11.26,92.2365,1.99609,2.11954,10.5803,10.2748,446.255,447.785,2.80656,4.42943,6.81916,4.82854,11.3259,8.30439,8.30439,0.0,1.0,1
2610,30.05.2024 08:59:02.680000,-114.78,-130.27,11.3624,11.3,11.276,92.2365,1.99168,2.10863,6.93785,13.5047,446.225,447.79,2.96789,4.46789,6.81549,4.9323,11.3268,8.59375,8.59375,0.0,1.0,1
2611,30.05.2024 08:59:02.690000,-114.78,-130.27,11.3726,11.3,11.276,92.2308,2.00252,2.0716,6.93785,13.5047,446.225,447.79,2.96789,4.46789,6.81549,4.9323,11.3268,8.67333,8.67333,0.0,1.0,1
2612,30.05.2024 08:59:02.700000,-111.319,-134.143,11.354,11.3,11.281,92.1849,2.0179,2.0617,7.81879,6.31539,446.22,447.81,2.92128,4.3482,6.8667,4.98483,11.3285,8.67333,8.67333,0.0,1.0,1
2613,30.05.2024 08:59:02.710000,-111.319,-134.143,11.354,11.3,11.281,92.1849,2.0179,2.0617,7.81879,6.31539,446.22,447.81,2.92128,4.3482,6.8667,4.98483,11.3285,8.67333,8.67333,0.0,1.0,1
2614,30.05.2024 08:59:02.720000,-111.319,-138.263,11.354,11.297,11.281,92.1849,2.03522,2.05429,8.73973,6.27405,446.225,447.81,2.91427,4.36432,6.88335,5.06512,11.3283,8.67333,8.67333,0.0,1.0,1
2615,30.05.2024 08:59:02.730000,-109.259,-126.892,11.3505,11.302,11.285,92.1721,2.05562,2.04525,13.1016,8.62325,446.205,447.81,3.01192,4.36612,6.92714,5.1502,11.3308,8.57928,8.57928,0.0,1.0,1
2616,30.05.2024 08:59:02.740000,-109.259,-126.892,11.3554,11.302,11.285,92.1721,2.04637,2.04393,12.4328,8.29044,446.165,447.775,3.00958,4.23542,6.93136,5.15885,11.3317,7.42187,7.42187,0.0,1.0,1
2617,30.05.2024 08:59:02.750000,-115.439,-142.218,11.3584,11.304,11.275,92.1722,2.02573,2.04489,12.4328,8.29044,446.165,447.775,3.00958,4.23542,6.93136,5.15885,11.3317,7.42187,7.42187,0.0,1.0,1
2618,30.05.2024 08:59:02.760000,-118.158,-134.308,11.3584,11.296,11.278,92.1722,2.00348,2.05432,11.5953,2.68705,446.135,447.775,2.74638,3.95649,6.97802,5.19983,11.3326,7.42187,7.42187,0.0,1.0,1
2619,30.05.2024 08:59:02.770000,-118.158,-134.308,11.3534,11.296,11.278,92.2223,1.97624,2.06675,11.5953,2.68705,446.135,447.775,2.74638,3.95649,6.97802,5.19983,11.3326,6.95892,6.95892,0.0,1.0,1
2620,30.05.2024 08:59:02.780000,-116.922,-137.686,11.3592,11.295,11.316,92.2437,1.97358,2.06373,9.40198,10.4482,446.125,447.79,2.54203,3.67528,7.10339,5.07512,11.3335,6.95892,6.95892,0.0,1.0,1
2621,30.05.2024 08:59:02.790000,-116.922,-136.945,11.3592,11.324,11.316,92.2437,1.9779,2.06128,8.92981,10.8905,446.12,447.82,2.26457,3.36909,7.10895,4.98256,11.3344,6.95892,6.95892,0.0,1.0,1
2622,30.05.2024 08:59:02.800000,-110.742,-136.945,11.348,11.324,11.313,92.21,1.99228,2.06201,8.92981,10.8905,446.12,447.82,2.26457,3.36909,7.10895,4.98256,11.3344,6.95892,6.95892,0.0,1.0,1
2623,30.05.2024 08:59:02.810000,-117.581,-131.753,11.348,11.417,11.316,92.2177,2.00928,2.06471,9.69122,8.48999,446.115,447.835,2.0315,3.2269,7.10049,4.93894,11.336,6.56829,6.56829,0.0,1.0,1
2624,30.05.2024 08:59:02.820000,-117.581,-131.753,11.332,11.417,11.316,92.2177,2.04389,2.07767,12.1489,8.78352,446.13,447.845,2.05151,3.16499,7.04497,4.82644,11.3371,6.56829,6.56829,0.0,1.0,1
2625,30.05.2024 08:59:02.830000,-110.248,-129.776,11.3549,11.391,11.321,92.2749,2.05167,2.08727,12.1489,8.78352,446.13,447.845,2.05151,3.16499,7.04497,4.82644,11.3371,6.56829,6.56829,0.0,1.0,1
2626,30.05.2024 08:59:02.840000,-114.45,-127.551,11.3549,11.318,11.312,92.2749,2.05316,2.09323,12.2963,10.3924,446.135,447.85,2.10529,3.00009,7.02228,4.77245,11.3379,6.81424,6.81424,0.0,1.0,1
2627,30.05.2024 08:59:02.850000,-114.45,-127.551,11.3645,11.318,11.312,92.2467,2.04384,2.11075,12.2963,10.3924,446.135,447.85,2.10529,3.00009,7.02228,4.77245,11.3379,6.93721,6.93721,0.0,1.0,1
2628,30.05.2024 08:59:02.860000,-111.484,-132.413,11.3643,11.296,11.29,92.1866,2.03188,2.12,10.8879,9.7542,446.135,447.865,2.24646,2.94578,6.92203,4.65474,11.3397,6.93721,6.93721,0.0,1.0,1
2629,30.05.2024 08:59:02.870000,-111.484,-131.671,11.3643,11.302,11.29,92.1866,2.01984,2.12315,11.2212,11.1202,446.13,447.875,2.31626,2.92625,6.80314,4.69621,11.3406,6.93721,6.93721,0.0,1.0,1
2630,30.05.2024 08:59:02.880000,-112.802,-131.671,11.3753,11.302,11.285,92.1803,2.00813,2.12041,11.2212,11.1202,446.13,447.875,2.31626,2.92625,6.80314,4.69621,11.3406,6.93721,6.93721,0.0,1.0,1
2631,30.05.2024 08:59:02.890000,-116.675,-128.54,11.3753,11.31,11.283,92.209,1.99906,2.11472,10.6698,14.9594,446.115,447.89,2.36227,2.88381,6.72267,4.71241,11.3428,8.05122,8.05122,0.0,1.0,1
2632,30.05.2024 08:59:02.900000,-116.675,-128.54,11.3907,11.31,11.283,92.209,1.9951,2.09927,10.7161,11.8635,446.13,447.895,2.46146,2.85052,6.67643,4.75529,11.3433,8.05845,8.05845,0.0,1.0,1
2633,30.05.2024 08:59:02.910000,-115.768,-132.083,11.382,11.322,11.311,92.2253,1.99812,2.0936,10.7161,11.8635,446.13,447.895,2.46146,2.85052,6.67643,4.75529,11.3433,8.05845,8.05845,0.0,1.0,1
2634,30.05.2024 08:59:02.920000,-115.274,-131.836,11.382,11.338,11.297,92.2253,2.00493,2.08999,9.50662,12.3455,446.145,447.905,2.69508,2.81629,6.62342,4.78845,11.3426,8.21036,8.21036,0.0,1.0,1
2635,30.05.2024 08:59:02.930000,-115.274,-131.836,11.3789,11.338,11.297,92.265,2.01892,2.08278,9.50662,12.3455,446.145,447.905,2.69508,2.81629,6.62342,4.78845,11.3426,8.47077,8.47077,0.0,1.0,1
2636,30.05.2024 08:59:02.940000,-110.165,-132.083,11.3875,11.34,11.292,92.2659,2.02117,2.08236,11.1759,10.3955,446.12,447.905,2.98933,2.81752,6.61288,4.73668,11.3452,8.47077,8.47077,0.0,1.0,1
2637,30.05.2024 08:59:02.950000,-110.165,-132.083,11.3875,11.34,11.292,92.2659,2.02117,2.08236,11.1759,10.3955,446.12,447.905,2.98933,2.81752,6.61288,4.73668,11.3452,8.47077,8.47077,0.0,1.0,1
2638,30.05.2024 08:59:02.960000,-110.165,-132.577,11.3875,11.334,11.292,92.2659,2.02274,2.08543,10.1376,10.7551,446.055,447.89,3.075,2.79152,6.58923,4.78582,11.3457,8.47077,8.47077,0.0,1.0,1
2639,30.05.2024 08:59:02.970000,-110.165,-132.577,11.3875,11.334,11.292,92.2659,2.02274,2.08543,10.1376,10.7551,446.055,447.89,3.075,2.79152,6.58923,4.78582,11.3457,8.47077,8.47077,0.0,1.0,1
2640,30.05.2024 08:59:02.980000,-110.165,-132.495,11.4043,11.33,11.322,92.2472,2.02117,2.08531,11.6698,7.69135,446.01,447.9,2.76558,2.71728,6.54861,4.8635,11.3467,8.55758,8.55758,0.0,1.0,1
2641,30.05.2024 08:59:02.990000,-120.218,-138.016,11.3856,11.327,11.331,92.3139,2.02343,2.07983,9.78446,11.8289,446.015,447.9,2.44975,2.72112,6.53648,4.82658,11.3472,8.26822,8.26822,0.0,1.0,1
2642,30.05.2024 08:59:03.000000,-113.214,-136.121,11.3856,11.348,11.366,92.3139,2.02725,2.07509,11.6872,8.5168,446.025,447.89,2.27014,2.77674,6.51771,4.76333,11.3483,7.82697,7.82697,0.0,1.0,1
2643,30.05.2024 08:59:03.010000,-113.214,-136.121,11.3856,11.348,11.366,92.3139,2.02725,2.07509,11.6872,8.5168,446.025,447.89,2.27014,2.77674,6.51771,4.76333,11.3483,7.82697,7.82697,0.0,1.0,1
2644,30.05.2024 08:59:03.020000,-113.214,-136.121,11.4004,11.348,11.366,92.2812,2.21025,2.17097,10.8089,6.53484,446.005,447.87,2.17153,2.7564,6.55607,4.77616,11.3483,7.81973,7.81973,0.0,1.0,1
2645,30.05.2024 08:59:03.030000,-113.214,-136.121,11.4004,11.348,11.366,92.2812,2.21025,2.17097,10.8089,6.53484,446.005,447.87,2.17153,2.7564,6.55607,4.77616,11.3483,7.81973,7.81973,0.0,1.0,1
2646,30.05.2024 08:59:03.040000,-115.521,-134.802,11.3908,11.417,11.349,92.2935,2.19838,2.17208,12.1632,11.4825,445.99,447.87,2.10944,2.65545,6.477,4.7416,11.3514,7.47252,7.47252,0.0,1.0,1
2647,30.05.2024 08:59:03.050000,-119.394,-135.873,11.3837,11.371,11.324,92.305,2.16383,2.19569,12.017,9.46893,445.98,447.86,1.93523,2.6088,6.3578,4.7213,11.3522,7.71846,7.71846,0.0,1.0,1
2648,30.05.2024 08:59:03.060000,-119.394,-135.873,11.3992,11.371,11.324,92.305,2.16006,2.20254,9.5488,9.30675,445.97,447.875,1.84556,2.63613,6.27237,4.65427,11.3537,8.2176,8.2176,0.0,1.0,1
2649,30.05.2024 08:59:03.070000,-115.686,-132.907,11.4034,11.343,11.329,92.3305,2.16298,2.20589,9.5488,9.30675,445.97,447.875,1.84556,2.63613,6.27237,4.65427,11.3537,8.2176,8.2176,0.0,1.0,1
2650,30.05.2024 08:59:03.080000,-120.218,-140.405,11.4034,11.335,11.336,92.3305,2.1712,2.20695,10.0588,10.8629,445.98,447.87,1.80307,2.5994,6.1133,4.54414,11.3546,9.19416,9.19416,0.0,1.0,1
2651,30.05.2024 08:59:03.090000,-120.218,-140.405,11.4022,11.335,11.336,92.3582,2.19282,2.20444,10.0588,10.8629,445.98,447.87,1.80307,2.5994,6.1133,4.54414,11.3546,9.19416,9.19416,0.0,1.0,1
2652,30.05.2024 08:59:03.100000,-112.308,-129.858,11.4147,11.34,11.315,92.3252,2.20213,2.20317,10.5212,10.4436,446.01,447.875,1.93931,2.70712,6.03135,4.45539,11.3573,9.19416,9.19416,0.0,1.0,1
2653,30.05.2024 08:59:03.110000,-112.308,-134.061,11.4147,11.347,11.315,92.3252,2.20887,2.20308,11.3513,6.91793,446.025,447.87,2.24701,2.71345,6.01875,4.45141,11.3574,9.19416,9.19416,0.0,1.0,1
2654,30.05.2024 08:59:03.120000,-112.308,-134.061,11.4147,11.347,11.315,92.3252,2.20887,2.20308,11.3513,6.91793,446.025,447.87,2.24701,2.71345,6.01875,4.45141,11.3574,9.19416,9.19416,0.0,1.0,1
2655,30.05.2024 08:59:03.130000,-113.873,-134.061,11.4316,11.347,11.336,92.2428,2.2125,2.2036,9.48029,10.1064,446.035,447.87,2.59523,2.75458,5.95475,4.49727,11.3574,9.62095,9.62095,0.0,1.0,1
2656,30.05.2024 08:59:03.140000,-108.353,-139.828,11.4215,11.337,11.333,92.2245,2.1915,2.20404,10.543,9.12066,446.005,447.88,2.91476,2.9183,5.97229,4.44,11.3591,10.0188,10.0188,0.0,1.0,1
2657,30.05.2024 08:59:03.150000,-115.933,-134.967,11.4058,11.363,11.317,92.2662,2.17948,2.20669,10.543,9.12066,446.005,447.88,2.91476,2.9183,5.97229,4.44,11.3591,10.0188,10.0188,0.0,1.0,1
2658,30.05.2024 08:59:03.160000,-111.319,-135.544,11.4058,11.358,11.336,92.2662,2.17181,2.21095,7.17585,6.60089,445.98,447.875,2.93287,3.04363,5.94937,4.46617,11.3585,10.0188,10.0188,0.0,1.0,1
2659,30.05.2024 08:59:03.170000,-111.319,-135.544,11.405,11.358,11.336,92.2417,2.17188,2.21136,7.17585,6.60089,445.98,447.875,2.93287,3.04363,5.94937,4.46617,11.3585,9.92477,9.92477,0.0,1.0,1
2660,30.05.2024 08:59:03.180000,-111.319,-135.544,11.405,11.358,11.336,92.2417,2.17188,2.21136,7.17585,6.60089,445.98,447.875,2.93287,3.04363,5.94937,4.46617,11.3585,9.92477,9.92477,0.0,1.0,1
2661,30.05.2024 08:59:03.190000,-117.499,-133.813,11.4241,11.344,11.336,92.2038,2.1799,2.20233,8.11218,9.3207,445.96,447.85,2.81821,3.08581,5.92334,4.56412,11.3601,9.72946,9.72946,0.0,1.0,1
2662,30.05.2024 08:59:03.200000,-117.499,-133.813,11.4241,11.344,11.336,92.2038,2.1799,2.20233,8.11218,9.3207,445.96,447.85,2.81821,3.08581,5.92334,4.56412,11.3601,9.72946,9.72946,0.0,1.0,1
2663,30.05.2024 08:59:03.210000,-115.933,-137.357,11.4171,11.347,11.333,92.2194,2.20374,2.17883,10.0811,9.93745,445.94,447.85,2.58433,2.9545,5.9602,4.72073,11.3605,9.72946,9.72946,0.0,1.0,1
2664,30.05.2024 08:59:03.220000,-115.933,-137.357,11.4171,11.347,11.333,92.2194,2.20374,2.17883,10.0811,9.93745,445.94,447.85,2.58433,2.9545,5.9602,4.72073,11.3605,9.72946,9.72946,0.0,1.0,1
2665,30.05.2024 08:59:03.230000,-123.267,-126.233,11.412,11.35,11.359,92.2942,2.2287,2.17587,13.2958,7.08651,445.92,447.835,2.32785,2.84731,5.93376,4.80557,11.3616,9.49074,9.49074,0.0,1.0,1
2666,30.05.2024 08:59:03.240000,-110.577,-138.098,11.4225,11.404,11.336,92.3376,2.21369,2.17569,13.3904,9.91987,445.925,447.825,2.25438,2.82806,5.85755,4.77036,11.3628,9.78732,9.78732,0.0,1.0,1
2667,30.05.2024 08:59:03.250000,-110.577,-138.098,11.4071,11.404,11.336,92.3599,2.1781,2.18515,13.3904,9.91987,445.925,447.825,2.25438,2.82806,5.85755,4.77036,11.3628,10.3733,10.3733,0.0,1.0,1
2668,30.05.2024 08:59:03.260000,-118.488,-132.907,11.3955,11.411,11.36,92.3928,2.16051,2.19565,11.4116,7.40187,445.9,447.82,2.25063,2.72048,5.7829,4.83267,11.3639,10.3733,10.3733,0.0,1.0,1
2669,30.05.2024 08:59:03.270000,-118.488,-132.907,11.3955,11.411,11.36,92.3928,2.16051,2.19565,11.4116,7.40187,445.9,447.82,2.25063,2.72048,5.7829,4.83267,11.3639,10.3733,10.3733,0.0,1.0,1
2670,30.05.2024 08:59:03.280000,-118.488,-132.001,11.3955,11.408,11.36,92.3928,2.14664,2.20572,7.06944,7.15227,445.885,447.82,2.15494,2.69817,5.76317,4.77125,11.3646,10.3733,10.3733,0.0,1.0,1
2671,30.05.2024 08:59:03.290000,-118.488,-132.001,11.3955,11.408,11.36,92.3928,2.14664,2.20572,7.06944,7.15227,445.885,447.82,2.15494,2.69817,5.76317,4.77125,11.3646,10.3733,10.3733,0.0,1.0,1
2672,30.05.2024 08:59:03.300000,-117.252,-127.716,11.4217,11.368,11.351,92.3377,2.15234,2.2035,8.3908,8.07965,445.92,447.815,2.11703,2.72173,5.73891,4.70275,11.3658,10.9158,10.9158,0.0,1.0,1
2673,30.05.2024 08:59:03.310000,-119.311,-135.132,11.4249,11.358,11.332,92.3534,2.18217,2.20705,8.24227,6.95338,445.97,447.82,2.41227,2.61692,5.69849,4.71745,11.3678,11.8128,11.8128,0.0,1.0,1
2674,30.05.2024 08:59:03.320000,-116.51,-128.046,11.4249,11.356,11.334,92.3534,2.1937,2.20979,11.7196,7.00156,445.985,447.815,3.01561,2.682,5.69445,4.80666,11.3683,11.8345,11.8345,0.0,1.0,1
2675,30.05.2024 08:59:03.330000,-116.51,-128.046,11.4275,11.356,11.334,92.3631,2.19935,2.21355,11.7196,7.00156,445.985,447.815,3.01561,2.682,5.69445,4.80666,11.3683,12.283,12.283,0.0,1.0,1
2676,30.05.2024 08:59:03.340000,-113.708,-131.424,11.4309,11.354,11.331,92.4023,2.19213,2.21389,11.7113,10.5152,445.985,447.805,3.54922,2.76356,5.62606,4.81171,11.3699,12.283,12.283,0.0,1.0,1
2677,30.05.2024 08:59:03.350000,-113.708,-131.424,11.4309,11.354,11.331,92.4023,2.19213,2.21389,11.7113,10.5152,445.985,447.805,3.54922,2.76356,5.62606,4.81171,11.3699,12.283,12.283,0.0,1.0,1
2678,30.05.2024 08:59:03.360000,-113.708,-138.345,11.4309,11.401,11.331,92.4023,2.17945,2.21552,12.4657,10.2784,445.955,447.8,3.87724,2.69516,5.53051,4.72318,11.3713,12.8979,12.8979,0.0,1.0,1
2679,30.05.2024 08:59:03.370000,-112.637,-137.686,11.4223,11.363,11.355,92.4019,2.15049,2.22467,11.221,7.91348,445.945,447.8,3.9623,2.61299,5.50629,4.72689,11.3716,12.8472,12.8472,0.0,1.0,1
2680,30.05.2024 08:59:03.380000,-112.637,-137.686,11.4133,11.363,11.355,92.4019,2.14996,2.22216,12.1465,9.98948,445.95,447.81,4.02883,2.64215,5.45896,4.80976,11.3749,12.7025,12.7025,0.0,1.0,1
2681,30.05.2024 08:59:03.390000,-113.296,-146.503,11.4214,11.398,11.359,92.3124,2.15544,2.22059,12.1465,9.98948,445.95,447.81,4.02883,2.64215,5.45896,4.80976,11.3749,12.7025,12.7025,0.0,1.0,1
2682,30.05.2024 08:59:03.400000,-118.323,-133.484,11.4214,11.398,11.352,92.3124,2.16321,2.22064,9.59851,8.64301,445.96,447.805,4.19129,2.73808,5.44891,4.88248,11.3756,12.0732,12.0732,0.0,1.0,1
2683,30.05.2024 08:59:03.410000,-118.323,-133.484,11.4348,11.398,11.352,92.3817,2.18437,2.217,9.59851,8.64301,445.96,447.805,4.19129,2.73808,5.44891,4.88248,11.3756,12.1021,12.1021,0.0,1.0,1
2684,30.05.2024 08:59:03.420000,-118.323,-133.484,11.4348,11.398,11.352,92.3817,2.18437,2.217,9.59851,8.64301,445.96,447.805,4.19129,2.73808,5.44891,4.88248,11.3756,12.1021,12.1021,0.0,1.0,1
2685,30.05.2024 08:59:03.430000,-120.383,-139.087,11.4134,11.379,11.356,92.3872,2.18915,2.21649,11.2429,5.96434,445.96,447.8,4.30909,2.80957,5.41168,4.88592,11.3765,11.4005,11.4005,0.0,1.0,1
2686,30.05.2024 08:59:03.440000,-117.416,-126.315,11.4161,11.388,11.348,92.45,2.18988,2.21556,11.9496,6.76005,445.95,447.79,4.42855,2.9282,5.37726,4.88743,11.3769,11.4005,11.4005,0.0,1.0,1
2687,30.05.2024 08:59:03.450000,-117.416,-126.315,11.4161,11.388,11.348,92.45,2.18988,2.21556,11.9496,6.76005,445.95,447.79,4.42855,2.9282,5.37726,4.88743,11.3769,11.4005,11.4005,0.0,1.0,1
2688,30.05.2024 08:59:03.460000,-119.064,-135.626,11.4161,11.353,11.346,92.4128,2.18303,2.21604,11.6411,7.81107,445.94,447.78,4.51859,2.92468,5.45353,4.88214,11.3782,11.4005,11.4005,0.0,1.0,1
2689,30.05.2024 08:59:03.470000,-114.532,-126.233,11.4043,11.358,11.364,92.4229,2.1675,2.22319,12.0144,5.80486,445.905,447.78,4.45645,2.89147,5.45453,4.90403,11.3798,10.952,10.952,0.0,1.0,1
2690,30.05.2024 08:59:03.480000,-114.532,-126.233,11.4043,11.358,11.364,92.4229,2.1675,2.22319,12.0144,5.80486,445.905,447.78,4.45645,2.89147,5.45453,4.90403,11.3798,10.952,10.952,0.0,1.0,1
2691,30.05.2024 08:59:03.490000,-114.78,-131.753,11.4043,11.368,11.397,92.4229,2.17002,2.222,12.4055,10.3451,445.91,447.775,4.18641,2.90693,5.44961,5.00885,11.3806,11.1907,11.1907,0.0,1.0,1
2692,30.05.2024 08:59:03.500000,-111.072,-136.78,11.4146,11.385,11.385,92.3309,2.18875,2.21701,14.1047,9.82749,445.925,447.77,4.03187,3.02535,5.49325,5.08949,11.3816,11.1907,11.1907,0.0,1.0,1
2693,30.05.2024 08:59:03.510000,-111.072,-136.78,11.4146,11.385,11.385,92.3309,2.18875,2.21701,14.1047,9.82749,445.925,447.77,4.03187,3.02535,5.49325,5.08949,11.3816,11.1907,11.1907,0.0,1.0,1
2694,30.05.2024 08:59:03.520000,-111.072,-135.626,11.4146,11.361,11.385,92.3309,2.19591,2.218,13.6718,8.34595,445.94,447.765,3.97866,2.98364,5.5801,5.13181,11.3834,11.3426,11.3426,0.0,1.0,1
2695,30.05.2024 08:59:03.530000,-111.072,-135.626,11.4146,11.361,11.385,92.3309,2.19591,2.218,13.6718,8.34595,445.94,447.765,3.97866,2.98364,5.5801,5.13181,11.3834,11.3426,11.3426,0.0,1.0,1
2696,30.05.2024 08:59:03.540000,-112.637,-136.038,11.4157,11.358,11.338,92.3356,2.18525,2.22286,13.8438,8.06057,445.96,447.765,4.05609,2.92856,5.5555,5.13057,11.3846,11.6464,11.6464,0.0,1.0,1
2697,30.05.2024 08:59:03.550000,-112.637,-136.038,11.4157,11.358,11.338,92.3356,2.18525,2.22286,13.8438,8.06057,445.96,447.765,4.05609,2.92856,5.5555,5.13057,11.3846,11.6464,11.6464,0.0,1.0,1
2698,30.05.2024 08:59:03.560000,-113.956,-128.458,11.4314,11.356,11.325,92.3848,2.14459,2.22636,11.8371,8.32963,445.955,447.765,4.12285,2.94951,5.64056,5.22776,11.3874,11.6464,11.6464,0.0,1.0,1
2699,30.05.2024 08:59:03.570000,-113.544,-128.87,11.4373,11.358,11.344,92.3447,2.10192,2.22809,9.82464,6.10906,445.975,447.775,4.19058,2.9818,5.55165,5.16959,11.3881,12.0153,12.0153,0.0,1.0,1
