,time,Pinceur Inf Mesure de courant,Pinceur Sup Mesure de courant,Mandrin - Vitesse Actuelle,Pinceur Sup Mesure vitesse lineaire,Pinceur Inf Mesure vitesse lineaire,Mandrin - Mesure Expansion,Pinceur Nord Position entrefer estimee,Pinceur Sud Position entrefer estimee,Pinceur Nord Force entrefer calibree,Pinceur Sud Force entrefer calibree,Guides Nord Entree Position mesuree,Guides Nord Sortie Position mesuree,Guides Nord Entree Force pour regulateur PI,Guides Nord Sortie Force pour regulateur PI,Guides Sud Entree Force pour regulateur PI,Guides Sud Sortie Force pour regulateur PI,Mandrin - Vitesse Actuelle F10,_Excentrage largeur bande jauge bob,_Excentrage largeur bande jauge bob.1,TDB pinceur,Fenetre,Declancheur
5700,30.05.2024 09:39:47.330000,101.596,108.765,10.7892,12.02,11.982,31.8636,2.80314,2.90549,6.54198,16.6597,468.205,468.88,5.39483,3.5344,0.695363,-0.127998,10.1825,-7.11082,-7.11082,1.0,1.0,1
5701,30.05.2024 09:39:47.340000,101.596,108.765,10.7892,12.02,11.982,31.8636,2.80314,2.90549,6.54198,16.6597,468.205,468.88,5.39483,3.5344,0.695363,-0.127998,10.1825,-7.11082,-7.11082,1.0,1.0,1
5702,30.05.2024 09:39:47.350000,105.798,122.607,10.7833,12.046,11.979,31.7951,2.71479,2.88853,1.06994,16.1309,467.085,467.815,4.17263,2.57452,0.665322,-0.160221,10.1826,-12.9123,-12.9123,1.0,1.0,1
5703,30.05.2024 09:39:47.360000,105.798,122.607,10.7833,12.046,11.979,31.7951,2.71479,2.88853,1.06994,16.1309,467.085,467.815,4.17263,2.57452,0.665322,-0.160221,10.1826,-12.9123,-12.9123,1.0,1.0,1
5704,30.05.2024 09:39:47.370000,122.113,119.147,10.786,12.05,11.916,31.7566,2.7112,2.87896,-2.82152,14.3966,465.585,466.19,1.78848,-0.0731287,0.586674,-0.128242,10.1823,-22.0052,-22.0052,1.0,1.0,1
5705,30.05.2024 09:39:47.380000,122.113,119.147,10.786,12.05,11.916,31.7566,2.7112,2.87896,-2.82152,14.3966,465.585,466.19,1.78848,-0.0731287,0.586674,-0.128242,10.1823,-22.0052,-22.0052,1.0,1.0,1
5706,30.05.2024 09:39:47.390000,162.817,135.132,10.7847,11.98,11.848,31.8087,2.7995,2.85048,-0.290726,17.4554,465.06,465.755,1.22114,-0.776916,0.571805,-0.0910182,10.1826,-30.5628,-30.5628,1.0,1.0,1
5707,30.05.2024 09:39:47.400000,162.817,135.132,10.7847,11.98,11.848,31.8087,2.7995,2.85048,-0.290726,17.4554,465.06,465.755,1.22114,-0.776916,0.571805,-0.0910182,10.1826,-30.5628,-30.5628,1.0,1.0,1
5708,30.05.2024 09:39:47.410000,192.563,171.551,10.79,11.921,11.81,31.8306,2.84368,2.83866,2.00882,12.5582,464.58,465.35,1.1772,0.673234,0.524724,-0.0326304,10.1831,-40.7986,-40.7986,1.0,1.0,1
5709,30.05.2024 09:39:47.420000,234.009,173.199,10.7835,11.936,11.79,31.8667,2.841,2.86042,4.27726,13.7004,464.07,464.715,1.83537,3.29249,0.532227,-0.0872073,10.1835,-51.1863,-51.1863,1.0,1.0,1
5710,30.05.2024 09:39:47.430000,275.043,217.282,10.78,11.893,11.709,31.9029,2.83234,2.87143,5.27043,16.2922,463.54,463.955,3.23105,5.35213,0.566689,-0.0601878,10.184,-51.1863,-51.1863,1.0,1.0,1
5711,30.05.2024 09:39:47.440000,275.043,243.732,10.78,11.802,11.709,31.9029,2.82865,2.87664,4.8794,16.9245,462.735,463.115,5.43454,7.21514,0.518738,-0.0775828,10.1847,-59.7729,-59.7729,1.0,1.0,1
5712,30.05.2024 09:39:47.450000,278.668,243.732,10.7882,11.802,11.742,31.8345,2.83163,2.87787,4.8794,16.9245,462.735,463.115,5.43454,7.21514,0.518738,-0.0775828,10.1847,-59.7729,-59.7729,1.0,1.0,1
5713,30.05.2024 09:39:47.460000,303.47,284.436,10.7882,11.785,11.664,31.8693,2.83408,2.88297,6.11276,14.054,461.66,462.07,7.27939,9.51757,0.605271,-0.037765,10.1846,-59.7729,-59.7729,1.0,1.0,1
5714,30.05.2024 09:39:47.470000,303.47,284.436,10.7877,11.785,11.664,31.8693,2.85023,2.89745,6.11276,14.054,461.66,462.07,7.27939,9.51757,0.605271,-0.037765,10.1852,-66.9488,-66.9488,1.0,1.0,1
5715,30.05.2024 09:39:47.480000,343.432,304.459,10.7893,11.755,11.628,31.9179,2.86129,2.89619,4.31843,15.1044,460.51,460.775,8.1574,10.9913,0.559388,-0.0428004,10.1852,-66.9488,-66.9488,1.0,1.0,1
5716,30.05.2024 09:39:47.490000,362.466,351.507,10.7893,11.738,11.618,31.9179,2.86961,2.89223,5.50803,19.0817,459.245,459.495,8.66941,10.9197,0.551377,0.0259938,10.1861,-78.0093,-78.0093,1.0,1.0,1
5717,30.05.2024 09:39:47.500000,362.466,351.507,10.7904,11.738,11.618,31.9426,2.87754,2.88797,5.50803,19.0817,459.245,459.495,8.66941,10.9197,0.551377,0.0259938,10.1861,-82.2266,-82.2266,1.0,1.0,1
5718,30.05.2024 09:39:47.510000,362.466,351.507,10.7904,11.738,11.618,31.9426,2.87754,2.88797,5.50803,19.0817,459.245,459.495,8.66941,10.9197,0.551377,0.0259938,10.1861,-82.2266,-82.2266,1.0,1.0,1
5719,30.05.2024 09:39:47.520000,376.309,362.137,10.7768,11.69,11.635,31.9471,2.87908,2.87725,6.61324,16.0419,457.915,458.195,8.6018,10.6301,0.516697,0.00223589,10.1864,-82.2266,-82.2266,1.0,1.0,1
5720,30.05.2024 09:39:47.530000,376.309,362.137,10.7768,11.69,11.635,31.9471,2.87908,2.87725,6.61324,16.0419,457.915,458.195,8.6018,10.6301,0.516697,0.00223589,10.1864,-82.2266,-82.2266,1.0,1.0,1
5721,30.05.2024 09:39:47.540000,381.418,382.654,10.7838,11.672,11.661,31.9394,2.86448,2.88325,5.05258,13.0722,456.585,456.8,8.44628,10.488,0.501008,0.0256391,10.1859,-83.478,-83.478,1.0,1.0,1
5722,30.05.2024 09:39:47.550000,389.575,403.995,10.7893,11.637,11.65,31.9447,2.83699,2.87907,6.93938,15.2836,455.29,455.48,9.24808,10.6189,0.441983,-0.0293841,10.1868,-83.2321,-83.2321,1.0,1.0,1
5723,30.05.2024 09:39:47.560000,380.676,430.279,10.7894,11.613,11.681,31.9508,2.82719,2.8813,4.87736,15.4527,453.905,454.15,9.24808,10.6189,0.441983,-0.0293841,10.1868,-83.2321,-83.2321,1.0,1.0,1
5724,30.05.2024 09:39:47.570000,399.463,517.291,10.7894,11.522,11.641,31.9508,2.81633,2.88277,4.40228,14.9479,452.42,452.725,10.0037,11.3565,0.494664,-0.13816,10.1869,-83.2321,-83.2321,1.0,1.0,1
5725,30.05.2024 09:39:47.580000,399.463,517.291,10.7888,11.522,11.641,31.8954,2.80505,2.88475,4.40228,14.9479,452.42,452.725,10.0037,11.3565,0.494664,-0.13816,10.1869,-82.7185,-82.7185,1.0,1.0,1
5726,30.05.2024 09:39:47.590000,417.673,532.205,10.7845,11.535,11.685,31.8761,2.77538,2.87802,4.51794,16.5785,450.85,451.235,10.3581,11.7735,0.581307,-0.0753016,10.1871,-82.7185,-82.7185,1.0,1.0,1
5727,30.05.2024 09:39:47.600000,417.673,530.557,10.7845,11.532,11.685,31.8761,2.75951,2.87238,2.76638,18.0581,449.22,449.65,10.4022,12.0978,0.669964,-0.082973,10.187,-80.4977,-80.4977,1.0,1.0,1
5728,30.05.2024 09:39:47.610000,403.5,530.557,10.7801,11.532,11.699,31.8535,2.74642,2.86759,2.76638,18.0581,449.22,449.65,10.4022,12.0978,0.669964,-0.082973,10.187,-80.4977,-80.4977,1.0,1.0,1
5729,30.05.2024 09:39:47.620000,403.5,530.557,10.7801,11.532,11.699,31.8535,2.74642,2.86759,2.76638,18.0581,449.22,449.65,10.4022,12.0978,0.669964,-0.082973,10.187,-80.4977,-80.4977,1.0,1.0,1
5730,30.05.2024 09:39:47.630000,400.287,553.216,10.7801,11.547,11.737,31.9059,2.73918,2.86028,0.219265,13.4128,447.56,448.03,9.99251,12.091,0.750134,-0.0517955,10.1875,-76.6059,-76.6059,1.0,1.0,1
5731,30.05.2024 09:39:47.640000,400.287,553.216,10.7801,11.547,11.737,31.9059,2.73918,2.86028,0.219265,13.4128,447.56,448.03,9.99251,12.091,0.750134,-0.0517955,10.1875,-76.6059,-76.6059,1.0,1.0,1
5732,30.05.2024 09:39:47.650000,391.882,569.943,10.7793,11.539,11.741,31.8701,2.7585,2.85361,1.22153,13.5444,445.95,446.425,9.45749,11.505,0.790299,-0.0508952,10.1878,-76.6059,-76.6059,1.0,1.0,1
5733,30.05.2024 09:39:47.660000,391.882,569.943,10.7793,11.539,11.741,31.8701,2.7585,2.85361,1.22153,13.5444,445.95,446.425,9.45749,11.505,0.790299,-0.0508952,10.1878,-76.6059,-76.6059,1.0,1.0,1
5734,30.05.2024 09:39:47.670000,397.32,572.909,10.7927,11.485,11.774,31.8467,2.82719,2.85719,2.66184,17.6785,444.355,444.925,9.08194,11.3104,0.819783,-0.0194087,10.1879,-70.0666,-70.0666,1.0,1.0,1
5735,30.05.2024 09:39:47.680000,388.669,583.951,10.7943,11.423,11.823,31.8651,2.85772,2.86141,7.32698,12.587,441.11,441.855,9.20104,12.5439,0.979523,-0.191993,10.1887,-66.862,-66.862,1.0,1.0,1
5736,30.05.2024 09:39:47.690000,378.534,583.951,10.7952,11.423,11.837,31.8442,2.86159,2.86015,7.32698,12.587,441.11,441.855,9.20104,12.5439,0.979523,-0.191993,10.1887,-63.4259,-63.4259,1.0,1.0,1
5737,30.05.2024 09:39:47.700000,378.534,583.951,10.7952,11.423,11.837,31.8442,2.86159,2.86015,7.32698,12.587,441.11,441.855,9.20104,12.5439,0.979523,-0.191993,10.1887,-63.4259,-63.4259,1.0,1.0,1
5738,30.05.2024 09:39:47.710000,383.725,574.145,10.7952,11.45,11.872,31.8799,2.85249,2.85952,7.52294,16.8325,439.4,440.225,9.46264,13.1473,1.37236,-0.131927,10.189,-60.4528,-60.4528,1.0,1.0,1
5739,30.05.2024 09:39:47.720000,383.725,574.145,10.7952,11.45,11.872,31.8799,2.85249,2.85952,7.52294,16.8325,439.4,440.225,9.46264,13.1473,1.37236,-0.131927,10.189,-60.4528,-60.4528,1.0,1.0,1
5740,30.05.2024 09:39:47.730000,384.054,553.381,10.8194,11.467,11.871,31.9314,2.79535,2.85868,7.30262,15.7245,437.675,438.515,9.40165,13.4122,1.8042,-0.0506625,10.1896,-60.4528,-60.4528,1.0,1.0,1
5741,30.05.2024 09:39:47.740000,388.257,534.677,10.8293,11.48,11.873,31.9823,2.7669,2.85847,4.74518,12.8262,435.955,436.83,9.15577,13.1496,2.07324,-0.0685954,10.1904,-57.9065,-57.9065,1.0,1.0,1
5742,30.05.2024 09:39:47.750000,389.493,498.752,10.8338,11.432,11.867,31.9725,2.77477,2.85954,2.70517,16.03,434.265,435.245,8.57283,12.9485,2.30547,0.00374269,10.1905,-57.9065,-57.9065,1.0,1.0,1
5743,30.05.2024 09:39:47.760000,389.493,493.725,10.8338,11.412,11.867,31.9725,2.78685,2.86211,4.54337,17.7517,432.64,433.76,8.26952,13.269,2.39668,0.0176244,10.191,-55.4977,-55.4977,1.0,1.0,1
5744,30.05.2024 09:39:47.770000,389.493,493.725,10.8338,11.412,11.867,31.9725,2.78685,2.86211,4.54337,17.7517,432.64,433.76,8.26952,13.269,2.39668,0.0176244,10.191,-55.4977,-55.4977,1.0,1.0,1
5745,30.05.2024 09:39:47.780000,401.523,493.725,10.8228,11.412,11.856,31.941,2.80423,2.86122,4.669,14.8096,431.045,432.13,8.42585,14.2822,2.38736,-0.0815158,10.191,-53.0093,-53.0093,1.0,1.0,1
5746,30.05.2024 09:39:47.790000,415.613,462.497,10.8383,11.375,11.847,31.9728,2.83734,2.84182,4.669,14.8096,431.045,432.13,8.42585,14.2822,2.38736,-0.0815158,10.1902,-53.0093,-53.0093,1.0,1.0,1
5747,30.05.2024 09:39:47.800000,395.837,439.178,10.8459,11.344,11.794,31.944,2.83373,2.83684,6.35232,14.3654,429.34,430.36,9.06139,14.7665,2.42875,-0.123035,10.1902,-53.0093,-53.0093,1.0,1.0,1
5748,30.05.2024 09:39:47.810000,364.526,404.736,10.8459,11.318,11.863,31.944,2.8195,2.83366,5.40179,15.6691,427.655,428.555,9.32829,14.423,2.39196,-0.195116,10.1911,-51.1212,-51.1212,1.0,1.0,1
5749,30.05.2024 09:39:47.820000,364.526,404.736,10.8472,11.318,11.863,32.0184,2.80254,2.83252,5.40179,15.6691,427.655,428.555,9.32829,14.423,2.39196,-0.195116,10.1911,-42.3105,-42.3105,1.0,1.0,1
5750,30.05.2024 09:39:47.830000,349.53,378.369,10.857,11.307,11.891,32.2885,2.76321,2.82603,6.21799,16.6295,425.945,426.765,9.50915,13.7055,2.4085,-0.236476,10.1915,-42.3105,-42.3105,1.0,1.0,1
5751,30.05.2024 09:39:47.840000,349.53,378.369,10.857,11.307,11.891,32.2885,2.76321,2.82603,6.21799,16.6295,425.945,426.765,9.50915,13.7055,2.4085,-0.236476,10.1915,-42.3105,-42.3105,1.0,1.0,1
5752,30.05.2024 09:39:47.850000,349.53,364.856,10.857,11.298,11.891,32.2885,2.7371,2.82409,4.83018,14.9654,424.28,425.1,9.42632,12.4533,2.4694,-0.296499,10.1914,-42.2526,-42.2526,1.0,1.0,1
5753,30.05.2024 09:39:47.860000,297.372,338.159,10.8637,11.276,11.87,33.7823,2.71336,2.83697,1.08563,14.19,422.61,423.485,9.33077,12.098,2.59891,-0.220508,10.1914,-42.2526,-42.2526,1.0,1.0,1
5754,30.05.2024 09:39:47.870000,297.372,338.159,10.8637,11.276,11.87,33.7823,2.71336,2.83697,1.08563,14.19,422.61,423.485,9.33077,12.098,2.59891,-0.220508,10.1914,-42.2526,-42.2526,1.0,1.0,1
5755,30.05.2024 09:39:47.880000,297.372,338.159,10.8702,11.276,11.87,33.7823,2.71624,2.83187,2.9217,14.0299,420.96,422.0,9.30774,12.4006,2.61082,-0.228153,10.1916,-29.9913,-29.9913,1.0,1.0,1
5756,30.05.2024 09:39:47.890000,297.372,338.159,10.8702,11.276,11.87,33.7823,2.71624,2.83187,2.9217,14.0299,420.96,422.0,9.30774,12.4006,2.61082,-0.228153,10.1916,-29.9913,-29.9913,1.0,1.0,1
5757,30.05.2024 09:39:47.900000,271.829,295.065,10.8743,11.23,11.745,34.4949,2.72481,2.8077,2.40783,12.3533,419.44,420.45,9.53136,13.4429,2.66515,-0.199974,10.1921,-25.9983,-25.9983,1.0,1.0,1
5758,30.05.2024 09:39:47.910000,271.829,295.065,10.8743,11.23,11.745,34.4949,2.72481,2.8077,2.40783,12.3533,419.44,420.45,9.53136,13.4429,2.66515,-0.199974,10.1921,-25.9983,-25.9983,1.0,1.0,1
5759,30.05.2024 09:39:47.920000,272.983,290.781,10.9121,11.215,11.686,36.4877,2.71776,2.79706,2.76055,11.2004,417.935,418.835,10.3943,14.6167,2.94477,-0.0819621,10.1926,-25.9983,-25.9983,1.0,1.0,1
5760,30.05.2024 09:39:47.930000,272.983,290.781,10.9121,11.215,11.686,36.4877,2.71776,2.79706,2.76055,11.2004,417.935,418.835,10.3943,14.6167,2.94477,-0.0819621,10.1926,-25.9983,-25.9983,1.0,1.0,1
5761,30.05.2024 09:39:47.940000,278.915,295.889,10.9053,11.202,11.656,37.5888,2.72604,2.7953,1.45856,8.94405,416.57,417.25,11.7163,15.4684,3.57239,0.161923,10.1929,-15.8854,-15.8854,1.0,1.0,1
5762,30.05.2024 09:39:47.950000,272.324,292.181,10.9118,11.198,11.605,38.655,2.76677,2.79745,3.92381,12.383,415.245,415.685,16.4618,17.5021,7.381,1.76157,10.1946,-15.7407,-15.7407,1.0,1.0,1
5763,30.05.2024 09:39:47.960000,280.316,291.357,10.9032,11.134,11.495,39.6368,2.77536,2.8015,4.44785,10.8478,413.935,414.205,16.4618,17.5021,7.381,1.76157,10.1946,-15.7407,-15.7407,1.0,1.0,1
5764,30.05.2024 09:39:47.970000,280.316,291.357,10.9032,11.134,11.495,39.6368,2.77536,2.8015,4.44785,10.8478,413.935,414.205,16.4618,17.5021,7.381,1.76157,10.1946,-15.7407,-15.7407,1.0,1.0,1
5765,30.05.2024 09:39:47.980000,277.679,293.417,10.9032,11.109,11.389,39.6368,2.78164,2.8076,5.96972,10.6191,412.545,412.755,19.4556,19.0664,10.1291,3.76091,10.1955,-11.0822,-11.0822,1.0,1.0,1
5766,30.05.2024 09:39:47.990000,274.713,293.005,10.8888,11.091,11.327,41.8726,2.77153,2.81329,6.5686,13.0558,411.235,411.35,21.2308,18.3044,12.7071,6.23473,10.1967,-6.7636,-6.7636,1.0,1.0,1
5767,30.05.2024 09:39:48.000000,274.713,293.005,10.8888,11.091,11.327,41.8726,2.77153,2.81329,6.5686,13.0558,411.235,411.35,21.2308,18.3044,12.7071,6.23473,10.1967,-6.7636,-6.7636,1.0,1.0,1
5768,30.05.2024 09:39:48.010000,274.713,289.38,10.8888,11.027,11.327,41.8726,2.7624,2.81362,6.29598,13.0866,411.195,410.82,16.5052,9.48536,15.5665,8.32902,10.197,-3.76157,-3.76157,1.0,1.0,1
5769,30.05.2024 09:39:48.020000,274.713,289.38,10.8888,11.027,11.327,41.8726,2.7624,2.81362,6.29598,13.0866,411.195,410.82,16.5052,9.48536,15.5665,8.32902,10.197,-3.76157,-3.76157,1.0,1.0,1
5770,30.05.2024 09:39:48.030000,280.398,292.676,10.8445,11.003,11.096,44.2585,2.75456,2.8128,6.72544,13.077,411.265,411.545,18.2317,7.24819,18.8027,9.74888,10.1967,-2.92245,-2.92245,1.0,1.0,1
5771,30.05.2024 09:39:48.040000,280.398,292.676,10.8445,11.003,11.096,44.2585,2.75456,2.8128,6.72544,13.077,411.265,411.545,18.2317,7.24819,18.8027,9.74888,10.1967,-2.92245,-2.92245,1.0,1.0,1
5772,30.05.2024 09:39:48.050000,276.443,294.653,10.766,10.984,10.98,45.4029,2.76896,2.82169,5.90507,12.5307,411.405,411.88,17.3945,11.9773,21.6859,10.8374,10.1979,-2.46672,-2.46672,1.0,1.0,1
5773,30.05.2024 09:39:48.060000,281.47,295.312,10.7468,10.957,10.933,46.7599,2.78003,2.81533,5.72689,15.4844,411.82,411.915,18.7614,12.2975,22.8188,11.8265,10.1984,-1.70718,-1.70718,1.0,1.0,1
5774,30.05.2024 09:39:48.070000,273.065,295.807,10.7259,10.94,10.862,48.2148,2.77979,2.818,8.9531,14.6134,411.9,412.145,20.2076,12.0496,21.9093,12.3336,10.1983,-1.70718,-1.70718,1.0,1.0,1
5775,30.05.2024 09:39:48.080000,273.065,291.934,10.7259,10.941,10.862,48.2148,2.7736,2.82186,6.84874,12.0024,412.09,412.295,20.9095,14.1015,20.4591,11.9276,10.1989,-1.70718,-1.70718,1.0,1.0,1
5776,30.05.2024 09:39:48.090000,271.088,291.934,10.7253,10.941,10.657,49.5545,2.75283,2.81637,6.84874,12.0024,412.09,412.295,20.9095,14.1015,20.4591,11.9276,10.1989,-2.18461,-2.18461,1.0,1.0,1
5777,30.05.2024 09:39:48.100000,283.365,296.054,10.7253,10.861,10.629,50.8217,2.72421,2.80976,7.99422,14.1738,412.115,412.245,21.1553,13.6504,19.2072,10.7123,10.1987,-2.18461,-2.18461,1.0,1.0,1
5778,30.05.2024 09:39:48.110000,283.365,296.054,10.64,10.861,10.629,50.8217,2.6639,2.79489,7.99422,14.1738,412.115,412.245,21.1553,13.6504,19.2072,10.7123,10.1993,-3.54456,-3.54456,1.0,1.0,1
5779,30.05.2024 09:39:48.120000,283.365,296.054,10.64,10.861,10.629,50.8217,2.6639,2.79489,7.99422,14.1738,412.115,412.245,21.1553,13.6504,19.2072,10.7123,10.1993,-3.54456,-3.54456,1.0,1.0,1
5780,30.05.2024 09:39:48.130000,273.642,290.945,10.5746,10.804,10.573,52.1562,2.63919,2.78663,2.97873,10.142,412.185,412.33,19.6518,12.0825,18.2551,9.60547,10.1993,-3.74711,-3.74711,1.0,1.0,1
5781,30.05.2024 09:39:48.140000,279.492,298.938,10.6105,10.767,10.533,53.53,2.62716,2.78543,1.99758,8.4413,412.325,412.515,18.2704,11.4517,17.3542,9.05893,10.1994,-3.74711,-3.74711,1.0,1.0,1
5782,30.05.2024 09:39:48.150000,275.784,294.406,10.5942,10.83,10.542,54.7821,2.65119,2.78468,1.72252,11.4893,412.52,412.625,16.3804,10.7816,16.6403,9.20438,10.1999,-3.74711,-3.74711,1.0,1.0,1
5783,30.05.2024 09:39:48.160000,275.784,302.728,10.5942,10.778,10.542,54.7821,2.68146,2.78627,1.79443,11.12,412.79,412.835,14.5624,9.44051,16.0587,9.12289,10.2004,-1.86632,-1.86632,1.0,1.0,1
5784,30.05.2024 09:39:48.170000,276.279,302.728,10.5059,10.778,10.442,55.8894,2.71737,2.79336,1.79443,11.12,412.79,412.835,14.5624,9.44051,16.0587,9.12289,10.2004,-0.708915,-0.708915,1.0,1.0,1
5785,30.05.2024 09:39:48.180000,269.028,295.807,10.5059,10.73,10.505,56.9366,2.75231,2.8059,6.32695,11.5768,413.015,413.12,13.0396,9.14473,15.4806,8.73542,10.2006,-0.708915,-0.708915,1.0,1.0,1
5786,30.05.2024 09:39:48.190000,269.028,295.807,10.5218,10.73,10.505,56.9366,2.79071,2.82392,6.32695,11.5768,413.015,413.12,13.0396,9.14473,15.4806,8.73542,10.2011,-0.708915,-0.708915,1.0,1.0,1
5787,30.05.2024 09:39:48.200000,277.432,300.256,10.5133,10.699,10.49,58.0773,2.80155,2.82,9.43912,16.7211,413.25,413.23,11.2014,9.67183,14.4679,8.42248,10.2011,-0.708915,-0.708915,1.0,1.0,1
5788,30.05.2024 09:39:48.210000,277.432,300.256,10.5133,10.699,10.49,58.0773,2.80155,2.82,9.43912,16.7211,413.25,413.23,11.2014,9.67183,14.4679,8.42248,10.2011,-0.708915,-0.708915,1.0,1.0,1
5789,30.05.2024 09:39:48.220000,281.552,294.9,10.5133,10.705,10.52,58.0773,2.79789,2.82511,10.0208,14.2946,413.505,413.255,9.30261,9.40185,12.6408,7.97496,10.2016,0.817418,0.817418,1.0,1.0,1
5790,30.05.2024 09:39:48.230000,277.679,299.927,10.3987,10.673,10.462,60.2486,2.75225,2.84123,7.37396,12.8939,413.885,413.345,7.70716,8.38559,10.1637,7.09903,10.2015,0.933155,0.933155,1.0,1.0,1
5791,30.05.2024 09:39:48.240000,277.679,299.927,10.3987,10.673,10.462,60.2486,2.75225,2.84123,7.37396,12.8939,413.885,413.345,7.70716,8.38559,10.1637,7.09903,10.2015,0.933155,0.933155,1.0,1.0,1
5792,30.05.2024 09:39:48.250000,277.679,293.664,10.3987,10.667,10.462,60.2486,2.73745,2.83141,7.38441,16.9031,414.26,413.49,7.08559,7.58984,7.78389,5.90477,10.2015,0.933155,0.933155,1.0,1.0,1
5793,30.05.2024 09:39:48.260000,265.732,296.054,10.4289,10.623,10.432,62.5638,2.72256,2.82253,7.72268,12.9323,414.535,413.615,7.32385,7.30407,6.45316,4.68054,10.2025,0.925921,0.925921,1.0,1.0,1
5794,30.05.2024 09:39:48.270000,265.732,296.054,10.403,10.623,10.432,62.5638,2.72505,2.82029,7.72268,12.9323,414.535,413.615,7.32385,7.30407,6.45316,4.68054,10.202,2.1195,2.1195,1.0,1.0,1
5795,30.05.2024 09:39:48.280000,277.432,294.818,10.3262,10.54,10.521,63.5723,2.72882,2.82354,6.7798,12.7926,414.72,413.67,7.60443,7.04196,6.01083,3.79004,10.202,2.1195,2.1195,1.0,1.0,1
5796,30.05.2024 09:39:48.290000,277.35,299.679,10.3262,10.565,10.383,63.5723,2.73959,2.81463,6.88785,13.2116,414.87,413.765,7.7382,6.37315,5.72796,3.18712,10.2023,5.98235,5.98235,1.0,1.0,1
5797,30.05.2024 09:39:48.300000,277.35,299.679,10.3296,10.565,10.383,64.6686,2.74101,2.79858,6.88785,13.2116,414.87,413.765,7.7382,6.37315,5.72796,3.18712,10.2023,10.2358,10.2358,1.0,1.0,1
5798,30.05.2024 09:39:48.310000,269.192,298.196,10.3315,10.557,10.412,65.8651,2.72461,2.79206,7.05839,10.8634,414.995,413.95,7.82956,5.97707,6.35401,2.64408,10.2027,10.2358,10.2358,1.0,1.0,1
5799,30.05.2024 09:39:48.320000,269.192,293.17,10.3315,10.457,10.412,65.8651,2.70961,2.79914,6.95285,7.35014,415.09,414.11,7.64907,6.30418,8.09302,2.32625,10.2021,13.18,13.18,1.0,1.0,1
5800,30.05.2024 09:39:48.330000,271.664,293.17,10.3343,10.457,10.357,67.1379,2.70299,2.80138,6.95285,7.35014,415.09,414.11,7.64907,6.30418,8.09302,2.32625,10.2021,14.1131,14.1131,1.0,1.0,1
5801,30.05.2024 09:39:48.340000,271.664,293.17,10.3343,10.457,10.357,67.1379,2.70299,2.80138,6.95285,7.35014,415.09,414.11,7.64907,6.30418,8.09302,2.32625,10.2021,14.1131,14.1131,1.0,1.0,1
5802,30.05.2024 09:39:48.350000,283.53,293.994,10.3343,10.456,10.347,68.4693,2.68823,2.80981,5.15471,10.6434,415.29,414.215,7.37169,7.15467,9.26293,2.24211,10.2027,14.0336,14.0336,1.0,1.0,1
5803,30.05.2024 09:39:48.360000,283.53,293.994,10.3343,10.456,10.347,68.4693,2.68823,2.80981,5.15471,10.6434,415.29,414.215,7.37169,7.15467,9.26293,2.24211,10.2027,14.0336,14.0336,1.0,1.0,1
5804,30.05.2024 09:39:48.370000,268.286,297.043,10.2909,10.421,10.312,69.7921,2.66033,2.79633,3.63335,14.1891,415.52,414.21,8.02833,7.88151,9.80948,2.22782,10.2029,14.0336,14.0336,1.0,1.0,1
5805,30.05.2024 09:39:48.380000,268.616,301.657,10.2947,10.379,10.294,70.9103,2.6442,2.80103,3.9717,10.395,415.57,414.2,9.0345,7.96626,10.7166,2.27166,10.2032,16.833,16.833,1.0,1.0,1
5806,30.05.2024 09:39:48.390000,268.616,301.657,10.2947,10.379,10.294,70.9103,2.6442,2.80103,3.9717,10.395,415.57,414.2,9.0345,7.96626,10.7166,2.27166,10.2032,16.833,16.833,1.0,1.0,1
5807,30.05.2024 09:39:48.400000,282.129,292.346,10.261,10.345,10.275,72.1336,2.64615,2.81152,2.66095,11.197,415.595,414.24,9.51079,7.76025,10.9932,2.34191,10.2036,19.184,19.184,1.0,1.0,1
5808,30.05.2024 09:39:48.410000,282.129,292.346,10.261,10.345,10.275,72.1336,2.64615,2.81152,2.66095,11.197,415.595,414.24,9.51079,7.76025,10.9932,2.34191,10.2036,19.184,19.184,1.0,1.0,1
5809,30.05.2024 09:39:48.420000,274.383,296.631,10.2565,10.308,10.251,73.0636,2.65741,2.79676,3.80888,14.0414,415.635,414.355,9.54873,7.59923,10.7188,2.39539,10.204,19.184,19.184,1.0,1.0,1
5810,30.05.2024 09:39:48.430000,274.383,296.631,10.2565,10.308,10.251,73.0636,2.65741,2.79676,3.80888,14.0414,415.635,414.355,9.54873,7.59923,10.7188,2.39539,10.204,19.184,19.184,1.0,1.0,1
5811,30.05.2024 09:39:48.440000,278.586,293.335,10.2519,10.334,10.263,74.1103,2.62389,2.76307,5.30623,9.06027,415.665,414.43,8.88628,8.44315,11.1868,2.92126,10.204,21.2601,21.2601,1.0,1.0,1
5812,30.05.2024 09:39:48.450000,280.728,296.713,10.2622,10.341,10.271,75.1389,2.60209,2.7724,1.856,8.78705,415.935,414.5,8.5808,8.20919,11.1691,3.86947,10.2048,22.2005,22.2005,1.0,1.0,1
5813,30.05.2024 09:39:48.460000,280.728,296.713,10.2285,10.341,10.271,76.2064,2.59456,2.77732,1.856,8.78705,415.935,414.5,8.5808,8.20919,11.1691,3.86947,10.2048,23.2711,23.2711,1.0,1.0,1
5814,30.05.2024 09:39:48.470000,280.728,296.713,10.2285,10.341,10.271,76.2064,2.59456,2.77732,1.856,8.78705,415.935,414.5,8.5808,8.20919,11.1691,3.86947,10.2048,23.2711,23.2711,1.0,1.0,1
5815,30.05.2024 09:39:48.480000,268.451,296.631,10.2027,10.327,10.263,77.3238,2.62099,2.75057,3.03507,12.6133,416.08,414.585,9.21981,8.18386,11.306,4.62661,10.2052,23.2711,23.2711,1.0,1.0,1
5816,30.05.2024 09:39:48.490000,268.451,296.631,10.2027,10.327,10.263,77.3238,2.62099,2.75057,3.03507,12.6133,416.08,414.585,9.21981,8.18386,11.306,4.62661,10.2052,23.2711,23.2711,1.0,1.0,1
5817,30.05.2024 09:39:48.500000,275.949,291.687,10.2622,10.28,10.234,78.6156,2.6336,2.77234,3.6475,7.15073,416.0,414.655,9.71881,8.57013,11.6029,5.08751,10.2057,26.0561,26.0561,1.0,1.0,1
5818,30.05.2024 09:39:48.510000,279.327,292.181,10.267,10.275,10.238,79.7396,2.67274,2.80081,2.39912,6.77819,415.935,414.625,7.80988,7.99507,10.3197,5.40686,10.2049,28.6314,28.6314,1.0,1.0,1
5819,30.05.2024 09:39:48.520000,274.301,296.713,10.1937,10.307,10.216,80.9235,2.66451,2.81675,5.5997,14.9777,415.935,414.665,7.80988,7.99507,10.3197,5.40686,10.2049,28.6314,28.6314,1.0,1.0,1
5820,30.05.2024 09:39:48.530000,274.301,296.713,10.1937,10.307,10.216,80.9235,2.66451,2.81675,5.5997,14.9777,415.935,414.665,7.80988,7.99507,10.3197,5.40686,10.2049,28.6314,28.6314,1.0,1.0,1
5821,30.05.2024 09:39:48.540000,279.41,296.466,10.1937,10.284,10.221,80.9235,2.66096,2.81669,6.33788,12.6737,416.015,414.76,6.51796,7.57671,9.51497,5.24679,10.2054,28.6314,28.6314,1.0,1.0,1
5822,30.05.2024 09:39:48.550000,278.833,294.653,10.2623,10.265,10.207,83.388,2.61469,2.82183,5.6739,6.88374,416.2,414.87,5.63961,7.50316,8.89901,5.16878,10.2052,28.9497,28.9497,1.0,1.0,1
5823,30.05.2024 09:39:48.560000,278.833,295.395,10.2623,10.28,10.207,83.388,2.59868,2.82994,4.54453,12.9581,416.385,414.93,5.6087,7.44338,8.36286,5.10746,10.2054,28.9352,28.9352,1.0,1.0,1
5824,30.05.2024 09:39:48.570000,278.091,295.395,10.2085,10.28,10.226,84.5179,2.59927,2.80473,4.54453,12.9581,416.385,414.93,5.6087,7.44338,8.36286,5.10746,10.2054,28.7254,28.7254,1.0,1.0,1
5825,30.05.2024 09:39:48.580000,274.96,296.219,10.2085,10.284,10.225,85.5347,2.59739,2.78856,2.93249,16.3436,416.415,414.985,6.11622,7.36929,7.89025,5.07247,10.2052,28.7254,28.7254,1.0,1.0,1
5826,30.05.2024 09:39:48.590000,274.96,296.219,10.2216,10.284,10.225,85.5347,2.60103,2.79021,2.93249,16.3436,416.415,414.985,6.11622,7.36929,7.89025,5.07247,10.2054,30.2517,30.2517,1.0,1.0,1
5827,30.05.2024 09:39:48.600000,277.927,303.305,10.2168,10.253,10.237,86.5779,2.61968,2.77141,4.078,7.91755,416.445,415.09,5.9511,7.20891,7.55851,5.27546,10.2054,30.2517,30.2517,1.0,1.0,1
5828,30.05.2024 09:39:48.610000,273.312,295.807,10.2168,10.242,10.263,86.5779,2.63675,2.76274,2.57122,7.33121,416.515,415.14,5.7485,7.23865,7.41156,5.35408,10.2058,31.8721,31.8721,1.0,1.0,1
5829,30.05.2024 09:39:48.620000,273.312,295.807,10.2673,10.242,10.263,87.7331,2.64123,2.77103,2.57122,7.33121,416.515,415.14,5.7485,7.23865,7.41156,5.35408,10.2058,34.2014,34.2014,1.0,1.0,1
5830,30.05.2024 09:39:48.630000,276.773,299.679,10.267,10.228,10.235,88.9356,2.65067,2.76384,6.69789,11.1281,416.635,415.155,5.71095,7.09603,7.37255,5.24427,10.2062,34.2014,34.2014,1.0,1.0,1
5831,30.05.2024 09:39:48.640000,276.773,296.054,10.267,10.263,10.235,88.9356,2.64563,2.75194,4.53848,7.56937,416.73,415.28,6.09768,6.50061,7.77564,5.0589,10.2066,35.7494,35.7494,1.0,1.0,1
5832,30.05.2024 09:39:48.650000,275.784,296.054,10.259,10.263,10.259,90.0718,2.62288,2.75087,4.53848,7.56937,416.73,415.28,6.09768,6.50061,7.77564,5.0589,10.2066,35.7639,35.7639,1.0,1.0,1
5833,30.05.2024 09:39:48.660000,273.642,298.032,10.259,10.238,10.237,91.1435,2.60007,2.75974,5.24785,3.52157,416.69,415.395,6.68619,6.58481,8.05231,4.90488,10.2069,35.7639,35.7639,1.0,1.0,1
5834,30.05.2024 09:39:48.670000,273.642,298.032,10.2284,10.238,10.237,91.1435,2.55233,2.77917,5.24785,3.52157,416.69,415.395,6.68619,6.58481,8.05231,4.90488,10.2075,35.9303,35.9303,1.0,1.0,1
5835,30.05.2024 09:39:48.680000,278.751,296.878,10.2577,10.243,10.268,92.0876,2.5364,2.77936,2.90044,8.41186,416.715,415.37,6.45444,6.90428,7.90566,5.08719,10.2075,35.9303,35.9303,1.0,1.0,1
5836,30.05.2024 09:39:48.690000,275.784,301.327,10.2577,10.288,10.259,92.0876,2.53607,2.76913,1.52565,11.0535,416.74,415.355,6.37126,6.17888,7.76891,5.08576,10.2082,36.0966,36.0966,1.0,1.0,1
5837,30.05.2024 09:39:48.700000,275.784,301.327,10.2937,10.288,10.259,92.8268,2.53588,2.76502,1.52565,11.0535,416.74,415.355,6.37126,6.17888,7.76891,5.08576,10.2082,36.0966,36.0966,1.0,1.0,1
5838,30.05.2024 09:39:48.710000,273.147,298.855,10.3337,10.292,10.27,93.367,2.55887,2.79154,0.572765,2.14744,416.865,415.46,6.21316,5.19975,7.87999,4.90306,10.2084,36.0966,36.0966,1.0,1.0,1
5839,30.05.2024 09:39:48.720000,273.147,294.488,10.3337,10.293,10.27,93.367,2.58321,2.78501,1.5259,7.92733,416.945,415.58,6.52044,5.00095,7.94614,4.61015,10.2088,35.1201,35.1201,1.0,1.0,1
5840,30.05.2024 09:39:48.730000,273.147,294.488,10.3337,10.293,10.27,93.367,2.58321,2.78501,1.5259,7.92733,416.945,415.58,6.52044,5.00095,7.94614,4.61015,10.2088,35.1201,35.1201,1.0,1.0,1
5841,30.05.2024 09:39:48.740000,272.818,294.488,10.3211,10.293,10.33,93.8445,2.60149,2.781,5.42214,12.4362,416.945,415.645,6.90892,5.28766,7.96877,4.50439,10.2088,35.1273,35.1273,1.0,1.0,1
5842,30.05.2024 09:39:48.750000,272.818,294.488,10.3211,10.293,10.33,93.8445,2.60149,2.781,5.42214,12.4362,416.945,415.645,6.90892,5.28766,7.96877,4.50439,10.2088,35.1273,35.1273,1.0,1.0,1
5843,30.05.2024 09:39:48.760000,270.016,294.241,10.3272,10.316,10.341,94.2026,2.61718,2.77296,4.6338,7.69332,416.92,415.65,6.77391,5.25149,7.98654,4.56955,10.2087,35.1273,35.1273,1.0,1.0,1
5844,30.05.2024 09:39:48.770000,270.016,294.241,10.3272,10.316,10.341,94.2026,2.61718,2.77296,4.6338,7.69332,416.92,415.65,6.77391,5.25149,7.98654,4.56955,10.2087,35.1273,35.1273,1.0,1.0,1
5845,30.05.2024 09:39:48.780000,275.784,300.668,10.344,10.42,10.359,94.4488,2.59208,2.76027,5.70802,6.37994,416.935,415.66,6.1663,4.67784,7.90018,4.56986,10.2087,36.509,36.509,1.0,1.0,1
5846,30.05.2024 09:39:48.790000,275.784,300.668,10.344,10.42,10.359,94.4488,2.59208,2.76027,5.70802,6.37994,416.935,415.66,6.1663,4.67784,7.90018,4.56986,10.2087,36.509,36.509,1.0,1.0,1
5847,30.05.2024 09:39:48.800000,277.515,297.455,10.3731,10.437,10.376,94.8277,2.54992,2.74929,4.94491,9.02384,417.015,415.715,5.56099,4.27257,7.8309,4.56623,10.21,34.3533,34.3533,1.0,1.0,1
5848,30.05.2024 09:39:48.810000,277.515,297.455,10.3731,10.437,10.376,94.8277,2.54992,2.74929,4.94491,9.02384,417.015,415.715,5.56099,4.27257,7.8309,4.56623,10.21,34.3533,34.3533,1.0,1.0,1
5849,30.05.2024 09:39:48.820000,276.443,300.668,10.3924,10.451,10.394,95.0072,2.55118,2.75451,1.00938,7.07894,417.105,415.77,5.19085,4.02935,7.65569,4.36681,10.2103,32.2266,32.2266,1.0,1.0,1
5850,30.05.2024 09:39:48.830000,271.582,293.582,10.4113,10.393,10.404,95.1053,2.59237,2.76264,3.94468,4.87768,417.14,415.805,5.27392,3.43493,7.04857,3.90983,10.2112,30.7509,30.7509,1.0,1.0,1
5851,30.05.2024 09:39:48.840000,274.548,301.163,10.4058,10.442,10.396,95.1802,2.60982,2.76296,4.34999,7.2127,417.185,415.915,5.27392,3.43493,7.04857,3.90983,10.2112,30.7509,30.7509,1.0,1.0,1
5852,30.05.2024 09:39:48.850000,280.81,290.945,10.4058,10.449,10.404,95.1802,2.62514,2.76402,7.02447,10.7472,417.205,416.065,5.16257,4.0134,6.82165,3.88265,10.2117,29.1088,29.1088,1.0,1.0,1
5853,30.05.2024 09:39:48.860000,280.81,290.945,10.427,10.449,10.404,95.2042,2.62767,2.76683,7.02447,10.7472,417.205,416.065,5.16257,4.0134,6.82165,3.88265,10.2117,29.1088,29.1088,1.0,1.0,1
5854,30.05.2024 09:39:48.870000,271.5,293.088,10.4566,10.419,10.41,95.2159,2.61935,2.76624,6.12089,5.28209,417.25,416.095,4.86215,4.95562,6.73746,3.8676,10.2123,29.1088,29.1088,1.0,1.0,1
5855,30.05.2024 09:39:48.880000,271.5,297.29,10.4566,10.36,10.41,95.2159,2.60497,2.76506,4.90912,5.99396,417.305,416.06,4.80604,5.49846,6.64541,3.93949,10.2131,29.0943,29.0943,1.0,1.0,1
5856,30.05.2024 09:39:48.890000,274.219,297.29,10.4692,10.36,10.368,95.2637,2.58838,2.76565,4.90912,5.99396,417.305,416.06,4.80604,5.49846,6.64541,3.93949,10.2131,27.3582,27.3582,1.0,1.0,1
5857,30.05.2024 09:39:48.900000,280.975,274.219,10.4692,10.433,10.374,95.2341,2.57067,2.77067,6.033,7.44011,417.325,416.125,4.7226,5.37715,6.69315,4.08555,10.2137,27.3582,27.3582,1.0,1.0,1
5858,30.05.2024 09:39:48.910000,280.975,274.219,10.4608,10.433,10.374,95.2341,2.54123,2.76891,6.033,7.44011,417.325,416.125,4.7226,5.37715,6.69315,4.08555,10.2149,25.0434,25.0434,1.0,1.0,1
5859,30.05.2024 09:39:48.920000,273.065,246.368,10.4807,10.396,10.362,95.2437,2.53089,2.76463,4.04007,7.67067,417.35,416.125,4.61721,5.73593,6.69869,4.24858,10.2149,25.0434,25.0434,1.0,1.0,1
5860,30.05.2024 09:39:48.930000,276.196,254.278,10.4807,10.399,10.36,95.2437,2.52311,2.76305,4.96709,8.51144,417.365,416.065,4.39116,5.7614,6.28874,4.2977,10.2152,23.2494,23.2494,1.0,1.0,1
5861,30.05.2024 09:39:48.940000,276.196,254.278,10.5003,10.399,10.36,95.2217,2.52384,2.76158,4.96709,8.51144,417.365,416.065,4.39116,5.7614,6.28874,4.2977,10.2152,23.7269,23.7269,1.0,1.0,1
5862,30.05.2024 09:39:48.950000,272.241,224.945,10.5007,10.412,10.42,95.2506,2.52266,2.75621,2.15803,8.63626,417.455,416.095,4.11268,4.99631,6.03151,4.38224,10.2165,23.7269,23.7269,1.0,1.0,1
5863,30.05.2024 09:39:48.960000,272.241,224.945,10.5007,10.412,10.42,95.2506,2.52266,2.75621,2.15803,8.63626,417.455,416.095,4.11268,4.99631,6.03151,4.38224,10.2165,23.7269,23.7269,1.0,1.0,1
5864,30.05.2024 09:39:48.970000,272.241,226.016,10.5007,10.383,10.42,95.2506,2.52346,2.74536,2.93514,9.95936,417.52,416.205,4.28392,4.80625,6.04519,4.44304,10.2173,23.7124,23.7124,1.0,1.0,1
5865,30.05.2024 09:39:48.980000,272.241,226.016,10.5007,10.383,10.42,95.2506,2.52346,2.74536,2.93514,9.95936,417.52,416.205,4.28392,4.80625,6.04519,4.44304,10.2173,23.7124,23.7124,1.0,1.0,1
5866,30.05.2024 09:39:48.990000,249.582,171.387,10.4834,10.491,10.488,95.3201,2.4968,2.72049,2.06493,4.28531,417.56,416.195,4.59887,5.36318,5.91649,4.57296,10.2178,23.2711,23.2711,1.0,1.0,1
5867,30.05.2024 09:39:49.000000,249.582,171.387,10.4834,10.491,10.488,95.3201,2.4968,2.72049,2.06493,4.28531,417.56,416.195,4.59887,5.36318,5.91649,4.57296,10.2178,23.2711,23.2711,1.0,1.0,1
5868,30.05.2024 09:39:49.010000,208.383,131.506,10.4996,10.481,10.538,95.2895,2.48585,2.71469,0.514886,2.23621,417.61,416.175,4.86576,5.11071,5.91135,4.68389,10.2178,22.4175,22.4175,1.0,1.0,1
5869,30.05.2024 09:39:49.020000,208.383,131.506,10.4996,10.481,10.538,95.2895,2.48585,2.71469,0.514886,2.23621,417.61,416.175,4.86576,5.11071,5.91135,4.68389,10.2178,22.4175,22.4175,1.0,1.0,1
5870,30.05.2024 09:39:49.030000,181.604,100.607,10.4912,10.528,10.486,95.3219,2.51542,2.71817,1.66671,4.99098,417.63,416.225,4.98362,4.54261,6.05162,4.91752,10.2188,22.4175,22.4175,1.0,1.0,1
5871,30.05.2024 09:39:49.040000,176.413,85.3637,10.473,10.488,10.499,95.3208,2.55061,2.72873,3.92841,4.40592,417.65,416.235,4.96016,4.60234,6.02893,4.79932,10.2199,22.2512,22.2512,1.0,1.0,1
5872,30.05.2024 09:39:49.050000,181.604,100.607,10.4912,10.528,10.486,95.3219,2.51542,2.71817,3.92841,4.40592,417.65,416.235,4.96016,4.60234,6.02893,4.79932,10.2188,22.4175,22.4175,1.0,1.0,1
5873,30.05.2024 09:39:49.060000,145.019,27.9327,10.4969,10.525,10.463,95.3295,2.57071,2.74613,4.40828,3.24972,417.655,416.235,4.76076,4.06822,6.09175,4.6148,10.2204,22.4175,22.4175,1.0,1.0,1
5874,30.05.2024 09:39:49.070000,145.019,27.9327,10.4969,10.525,10.463,95.3295,2.57071,2.74613,4.40828,3.24972,417.655,416.235,4.76076,4.06822,6.09175,4.6148,10.2204,22.4175,22.4175,1.0,1.0,1
5875,30.05.2024 09:39:49.080000,145.019,27.9327,10.5129,10.525,10.463,95.3295,2.57456,2.75324,6.41538,7.21264,417.695,416.34,4.54176,3.715,6.08851,4.53719,10.2206,21.4771,21.4771,1.0,1.0,1
5876,30.05.2024 09:39:49.090000,145.019,27.9327,10.5129,10.525,10.463,95.3295,2.57456,2.75324,6.41538,7.21264,417.695,416.34,4.54176,3.715,6.08851,4.53719,10.2206,21.4771,21.4771,1.0,1.0,1
5877,30.05.2024 09:39:49.100000,140.817,16.2323,10.4843,10.471,10.391,95.3735,2.55052,2.75822,5.81528,4.7206,417.7,416.385,4.42849,3.77113,5.81842,4.51672,10.2214,21.4771,21.4771,1.0,1.0,1
5878,30.05.2024 09:39:49.110000,140.817,16.2323,10.4843,10.471,10.391,95.3735,2.55052,2.75822,5.81528,4.7206,417.7,416.385,4.42849,3.77113,5.81842,4.51672,10.2214,21.4771,21.4771,1.0,1.0,1
5879,30.05.2024 09:39:49.120000,119.971,-20.105,10.5009,10.424,10.402,95.302,2.50633,2.75245,3.51971,4.56009,417.73,416.365,4.04469,3.87451,5.80154,4.59996,10.2217,21.3252,21.3252,1.0,1.0,1
5880,30.05.2024 09:39:49.130000,119.971,-20.105,10.5009,10.424,10.402,95.302,2.50633,2.75245,3.51971,4.56009,417.73,416.365,4.04469,3.87451,5.80154,4.59996,10.2217,21.3252,21.3252,1.0,1.0,1
5881,30.05.2024 09:39:49.140000,109.094,0.0,10.4867,10.406,10.411,95.2608,2.50027,2.746,2.89047,6.81686,417.75,416.39,3.78822,3.68841,5.79277,4.61034,10.2223,21.6508,21.6508,1.0,1.0,1
5882,30.05.2024 09:39:49.150000,102.997,-51.7456,10.4688,10.402,10.404,95.2774,2.52004,2.73278,3.36285,6.97169,417.78,416.47,3.51698,3.94828,5.58147,4.54458,10.2236,21.7882,21.7882,1.0,1.0,1
5883,30.05.2024 09:39:49.160000,91.6259,-107.117,10.4694,10.425,10.432,95.2909,2.52479,2.72942,4.8138,6.49468,417.91,416.495,3.51698,3.94828,5.58147,4.54458,10.2236,21.7882,21.7882,1.0,1.0,1
5884,30.05.2024 09:39:49.170000,55.2063,-102.255,10.4694,10.349,10.436,95.2909,2.52769,2.72726,4.61853,4.20897,417.955,416.47,4.16433,4.21708,5.51185,4.47903,10.2243,21.1154,21.1154,1.0,1.0,1
5885,30.05.2024 09:39:49.180000,55.2063,-102.255,10.4826,10.349,10.436,95.3215,2.52194,2.72284,4.61853,4.20897,417.955,416.47,4.16433,4.21708,5.51185,4.47903,10.2243,21.1154,21.1154,1.0,1.0,1
5886,30.05.2024 09:39:49.190000,9.14612,-101.678,10.4722,10.332,10.415,95.3253,2.49619,2.70873,3.92361,5.99269,417.98,416.445,4.54977,3.87522,5.44196,4.48461,10.2251,21.1154,21.1154,1.0,1.0,1
5887,30.05.2024 09:39:49.200000,9.14612,-108.353,10.4722,10.409,10.415,95.3253,2.47439,2.70319,3.84695,2.47379,417.975,416.475,4.77956,3.40134,5.35811,4.44784,10.2252,21.1154,21.1154,1.0,1.0,1
5888,30.05.2024 09:39:49.210000,0.0,-108.353,10.4362,10.409,10.406,95.3128,2.45186,2.69661,3.84695,2.47379,417.975,416.475,4.77956,3.40134,5.35811,4.44784,10.2252,21.4988,21.4988,1.0,1.0,1
5889,30.05.2024 09:39:49.220000,-6.01501,-141.559,10.4362,10.375,10.393,95.291,2.43066,2.69238,0.93146,1.12184,417.965,416.54,4.69188,3.51367,5.34862,4.46768,10.2252,21.4988,21.4988,1.0,1.0,1
5890,30.05.2024 09:39:49.230000,-6.01501,-141.559,10.4237,10.375,10.393,95.291,2.41003,2.6923,0.93146,1.12184,417.965,416.54,4.69188,3.51367,5.34862,4.46768,10.2263,21.5495,21.5495,1.0,1.0,1
5891,30.05.2024 09:39:49.240000,-22.5769,-154.166,10.4314,10.396,10.368,95.322,2.41653,2.69284,-0.422845,1.18332,417.975,416.555,4.31768,3.66431,5.38425,4.53173,10.2263,21.5495,21.5495,1.0,1.0,1
5892,30.05.2024 09:39:49.250000,-73.0041,-161.829,10.4314,10.404,10.37,95.322,2.43278,2.6942,0.755277,3.41402,418.01,416.545,3.94439,3.69801,5.47899,4.60516,10.2262,19.7338,19.7338,1.0,1.0,1
5893,30.05.2024 09:39:49.260000,-73.0041,-161.829,10.4091,10.404,10.37,95.3219,2.45877,2.69655,0.755277,3.41402,418.01,416.545,3.94439,3.69801,5.47899,4.60516,10.2262,18.3087,18.3087,1.0,1.0,1
5894,30.05.2024 09:39:49.270000,-96.405,-169.08,10.3946,10.41,10.379,95.3404,2.51499,2.70348,4.02195,3.37968,417.995,416.54,3.66567,3.67669,5.45353,4.6037,10.2261,18.3087,18.3087,1.0,1.0,1
5895,30.05.2024 09:39:49.280000,-96.405,-169.08,10.3946,10.41,10.379,95.3404,2.51499,2.70348,4.02195,3.37968,417.995,416.54,3.66567,3.67669,5.45353,4.6037,10.2261,18.3087,18.3087,1.0,1.0,1
5896,30.05.2024 09:39:49.290000,-96.405,-171.057,10.3946,10.392,10.379,95.3404,2.53395,2.70884,4.59877,1.94955,418.01,416.53,3.30618,3.33689,5.18267,4.42147,10.227,18.1641,18.1641,1.0,1.0,1
5897,30.05.2024 09:39:49.300000,-96.405,-171.057,10.3946,10.392,10.379,95.3404,2.53395,2.70884,4.59877,1.94955,418.01,416.53,3.30618,3.33689,5.18267,4.42147,10.227,18.1641,18.1641,1.0,1.0,1
5898,30.05.2024 09:39:49.310000,-116.51,-173.694,10.4108,10.388,10.358,95.3726,2.53067,2.71876,5.97365,4.11756,418.035,416.535,3.08626,3.03256,5.0263,4.21009,10.2269,17.636,17.636,1.0,1.0,1
5899,30.05.2024 09:39:49.320000,-116.51,-173.694,10.4108,10.388,10.358,95.3726,2.53067,2.71876,5.97365,4.11756,418.035,416.535,3.08626,3.03256,5.0263,4.21009,10.2269,17.636,17.636,1.0,1.0,1
5900,30.05.2024 09:39:49.330000,-118.076,-168.997,10.3732,10.374,10.32,95.3359,2.48597,2.72057,6.59803,4.90946,418.045,416.565,2.92967,2.80798,4.78981,3.99468,10.2271,17.3901,17.3901,1.0,1.0,1
5901,30.05.2024 09:39:49.340000,-118.076,-168.997,10.3732,10.374,10.32,95.3359,2.48597,2.72057,6.59803,4.90946,418.045,416.565,2.92967,2.80798,4.78981,3.99468,10.2271,17.3901,17.3901,1.0,1.0,1
5902,30.05.2024 09:39:49.350000,-140.323,-166.113,10.3658,10.375,10.359,95.3612,2.42776,2.71795,4.67777,3.96982,418.05,416.6,2.61789,2.74402,4.62572,3.82826,10.2273,16.7318,16.7318,0.0,1.0,1
5903,30.05.2024 09:39:49.360000,-148.315,-180.615,10.3827,10.376,10.346,95.3768,2.44696,2.71408,3.65942,6.13301,418.105,416.615,2.32243,3.08659,4.50892,3.69455,10.2284,16.3918,16.3918,0.0,1.0,1
5904,30.05.2024 09:39:49.370000,-148.315,-180.615,10.3827,10.376,10.346,95.3768,2.44696,2.71408,3.65942,6.13301,418.105,416.615,2.32243,3.08659,4.50892,3.69455,10.2284,16.3918,16.3918,0.0,1.0,1
5905,30.05.2024 09:39:49.380000,-146.503,-180.615,10.3787,10.376,10.302,95.3335,2.466,2.71242,5.61249,6.74057,418.11,416.59,2.1397,3.15504,4.46627,3.72677,10.2284,16.7679,16.7679,0.0,1.0,1
5906,30.05.2024 09:39:49.390000,-147.574,-167.926,10.3631,10.339,10.265,95.3144,2.54458,2.7088,5.61249,6.74057,418.11,416.59,2.1397,3.15504,4.46627,3.72677,10.2294,16.7752,16.7752,0.0,1.0,1
5907,30.05.2024 09:39:49.400000,-146.338,-175.259,10.3653,10.338,10.267,95.338,2.55569,2.70797,7.15901,6.07683,418.1,416.575,1.84995,3.05162,4.10343,3.69626,10.2294,16.7752,16.7752,0.0,1.0,1
5908,30.05.2024 09:39:49.410000,-146.338,-175.259,10.3653,10.338,10.267,95.338,2.55569,2.70797,7.15901,6.07683,418.1,416.575,1.84995,3.05162,4.10343,3.69626,10.2294,16.7752,16.7752,0.0,1.0,1
5909,30.05.2024 09:39:49.420000,-148.315,-172.458,10.3653,10.288,10.287,95.338,2.55375,2.70748,7.5108,5.37745,418.105,416.565,1.51011,2.91847,3.55124,3.75094,10.2298,16.0735,16.0735,0.0,1.0,1
5910,30.05.2024 09:39:49.430000,-153.177,-173.611,10.3614,10.271,10.278,95.3557,2.47477,2.69578,7.02209,3.88499,418.115,416.565,1.19278,2.69429,3.49071,3.88839,10.2307,16.0735,16.0735,0.0,1.0,1
5911,30.05.2024 09:39:49.440000,-153.177,-169.409,10.3614,10.31,10.278,95.3557,2.43621,2.69362,4.48696,3.33337,418.095,416.555,0.96563,2.63197,3.22899,3.86,10.2311,15.4876,15.4876,0.0,1.0,1
5912,30.05.2024 09:39:49.450000,-149.222,-169.409,10.355,10.31,10.302,95.3702,2.40311,2.69184,4.48696,3.33337,418.095,416.555,0.96563,2.63197,3.22899,3.86,10.2311,13.6285,13.6285,0.0,1.0,1
5913,30.05.2024 09:39:49.460000,-157.05,-177.072,10.355,10.325,10.297,95.3488,2.37822,2.68936,2.48195,1.80667,418.105,416.55,0.73803,2.5719,2.88578,3.85805,10.2318,13.6285,13.6285,0.0,1.0,1
5914,30.05.2024 09:39:49.470000,-157.05,-177.072,10.3607,10.325,10.297,95.3488,2.36593,2.6808,2.48195,1.80667,418.105,416.55,0.73803,2.5719,2.88578,3.85805,10.2313,13.6285,13.6285,0.0,1.0,1
5915,30.05.2024 09:39:49.480000,-150.293,-173.529,10.3603,10.306,10.3,95.3233,2.3788,2.67629,-0.506038,1.42232,418.135,416.575,0.720131,2.36616,2.68233,3.81864,10.2313,13.6285,13.6285,0.0,1.0,1
5916,30.05.2024 09:39:49.490000,-150.293,-173.529,10.3603,10.306,10.3,95.3233,2.3788,2.67629,-0.506038,1.42232,418.135,416.575,0.720131,2.36616,2.68233,3.81864,10.2313,13.6285,13.6285,0.0,1.0,1
5917,30.05.2024 09:39:49.500000,-153.342,-178.308,10.3603,10.338,10.346,95.3233,2.39922,2.67542,1.16979,1.13129,418.14,416.58,0.658005,2.57702,2.43467,3.80817,10.2309,13.6285,13.6285,0.0,1.0,1
5918,30.05.2024 09:39:49.510000,-153.342,-178.308,10.3603,10.338,10.346,95.3233,2.39922,2.67542,1.16979,1.13129,418.14,416.58,0.658005,2.57702,2.43467,3.80817,10.2309,13.6285,13.6285,0.0,1.0,1
5919,30.05.2024 09:39:49.520000,-148.151,-173.117,10.3211,10.351,10.307,95.3273,2.47756,2.67632,3.72758,-0.0841517,418.17,416.58,0.761982,2.78102,2.26399,3.72715,10.2317,13.4693,13.4693,0.0,1.0,1
5920,30.05.2024 09:39:49.530000,-155.731,-172.293,10.3425,10.374,10.313,95.3164,2.49338,2.67904,4.97016,1.98552,418.18,416.6,0.91782,2.68807,2.10181,3.77957,10.2315,12.2323,12.2323,0.0,1.0,1
5921,30.05.2024 09:39:49.540000,-155.814,-179.874,10.3425,10.339,10.327,95.3029,2.48412,2.68122,5.10136,2.54651,418.18,416.6,0.994492,3.16171,2.10529,3.90447,10.2317,12.2323,12.2323,0.0,1.0,1
5922,30.05.2024 09:39:49.550000,-155.814,-179.874,10.3591,10.339,10.327,95.3029,2.44953,2.68452,5.10136,2.54651,418.18,416.6,0.994492,3.16171,2.10529,3.90447,10.2316,10.489,10.489,0.0,1.0,1
5923,30.05.2024 09:39:49.560000,-150.293,-173.035,10.3408,10.343,10.309,95.3173,2.42801,2.68705,4.9911,3.44705,418.165,416.57,1.0286,3.39661,2.04995,3.97772,10.2316,10.489,10.489,0.0,1.0,1
5924,30.05.2024 09:39:49.570000,-154.907,-176.083,10.3408,10.334,10.303,95.3173,2.41266,2.68881,4.34015,7.59333,418.165,416.61,0.965637,3.00474,2.02319,4.08003,10.2318,10.8073,10.8073,0.0,1.0,1
5925,30.05.2024 09:39:49.580000,-154.907,-176.083,10.3365,10.334,10.303,95.2984,2.40234,2.68882,4.34015,7.59333,418.165,416.61,0.965637,3.00474,2.02319,4.08003,10.2318,11.4511,11.4511,0.0,1.0,1
5926,30.05.2024 09:39:49.590000,-154.99,-172.705,10.3485,10.384,10.319,95.329,2.41313,2.68828,1.771,3.54937,418.16,416.62,0.953129,3.3261,2.04335,4.06979,10.2323,11.4511,11.4511,0.0,1.0,1
5927,30.05.2024 09:39:49.600000,-154.99,-172.128,10.3485,10.382,10.319,95.329,2.42421,2.69016,4.12356,3.27251,418.14,416.555,1.03243,3.67973,1.89577,4.00706,10.2326,11.4583,11.4583,0.0,1.0,1
5928,30.05.2024 09:39:49.610000,-156.72,-172.128,10.3556,10.382,10.287,95.3574,2.44569,2.6913,4.12356,3.27251,418.14,416.555,1.03243,3.67973,1.89577,4.00706,10.2326,10.8001,10.8001,0.0,1.0,1
5929,30.05.2024 09:39:49.620000,-151.776,-177.566,10.3556,10.327,10.295,95.3455,2.46933,2.69039,4.82807,2.59878,418.135,416.515,0.88551,3.22952,1.77691,3.95381,10.2329,10.8001,10.8001,0.0,1.0,1
5930,30.05.2024 09:39:49.630000,-151.776,-177.566,10.356,10.327,10.295,95.3455,2.49122,2.69024,4.82807,2.59878,418.135,416.515,0.88551,3.22952,1.77691,3.95381,10.2332,9.91753,9.91753,0.0,1.0,1
5931,30.05.2024 09:39:49.640000,-155.319,-176.413,10.3516,10.293,10.286,95.3305,2.48996,2.68982,7.42476,5.55562,418.135,416.52,0.929524,2.91569,1.84627,3.75442,10.2332,9.91753,9.91753,0.0,1.0,1
5932,30.05.2024 09:39:49.650000,-155.319,-176.413,10.3516,10.293,10.286,95.3305,2.48996,2.68982,7.42476,5.55562,418.135,416.52,0.929524,2.91569,1.84627,3.75442,10.2332,9.91753,9.91753,0.0,1.0,1
5933,30.05.2024 09:39:49.660000,-148.068,-171.881,10.3516,10.293,10.281,95.3305,2.47807,2.68841,6.27286,1.19349,418.125,416.51,0.909557,3.05213,1.77876,3.70844,10.2336,9.91753,9.91753,0.0,1.0,1
5934,30.05.2024 09:39:49.670000,-160.181,-182.758,10.3908,10.301,10.312,95.333,2.42051,2.68745,4.90889,1.70387,418.13,416.52,0.861061,2.96633,1.84071,3.80234,10.2342,9.3316,9.3316,0.0,1.0,1
5935,30.05.2024 09:39:49.680000,-160.181,-176.99,10.3908,10.298,10.312,95.333,2.41061,2.68464,5.02995,3.25514,418.12,416.56,0.805279,2.90634,1.89439,3.82151,10.2349,8.81076,8.81076,0.0,1.0,1
5936,30.05.2024 09:39:49.690000,-148.068,-176.99,10.3649,10.298,10.291,95.2964,2.4067,2.67956,5.02995,3.25514,418.12,416.56,0.805279,2.90634,1.89439,3.82151,10.2349,8.66608,8.66608,0.0,1.0,1
5937,30.05.2024 09:39:49.700000,-158.203,-182.263,10.3649,10.329,10.302,95.3258,2.40433,2.6759,3.22336,2.93571,418.105,416.54,0.837395,3.0321,1.69904,3.73782,10.2352,8.66608,8.66608,0.0,1.0,1
5938,30.05.2024 09:39:49.710000,-158.203,-182.263,10.3508,10.329,10.302,95.3258,2.41753,2.66729,3.22336,2.93571,418.105,416.54,0.837395,3.0321,1.69904,3.73782,10.235,8.84694,8.84694,0.0,1.0,1
5939,30.05.2024 09:39:49.720000,-148.315,-174.6,10.3775,10.328,10.377,95.3276,2.42341,2.66376,3.12188,0.613429,418.09,416.495,0.834847,3.05281,1.56738,3.60656,10.235,8.84694,8.84694,0.0,1.0,1
5940,30.05.2024 09:39:49.730000,-151.282,-174.847,10.3775,10.294,10.405,95.3276,2.43033,2.66187,4.7658,1.73539,418.09,416.47,0.896751,2.75584,1.4829,3.56648,10.2353,8.13079,8.13079,0.0,1.0,1
5941,30.05.2024 09:39:49.740000,-151.282,-174.847,10.3792,10.294,10.405,95.3433,2.43065,2.66127,4.7658,1.73539,418.09,416.47,0.896751,2.75584,1.4829,3.56648,10.2353,7.37847,7.37847,0.0,1.0,1
5942,30.05.2024 09:39:49.750000,-143.619,-168.832,10.3482,10.378,10.373,95.3636,2.42434,2.65951,5.54938,3.73234,418.09,416.47,0.936947,2.50071,1.27145,3.50547,10.2356,7.37847,7.37847,0.0,1.0,1
5943,30.05.2024 09:39:49.760000,-143.619,-171.634,10.3482,10.412,10.373,95.3636,2.41529,2.65943,4.84432,2.02084,418.08,416.515,1.04381,2.55416,1.18262,3.40693,10.2362,7.37847,7.37847,0.0,1.0,1
5944,30.05.2024 09:39:49.770000,-151.199,-171.634,10.3664,10.412,10.336,95.3772,2.40459,2.66026,4.84432,2.02084,418.08,416.515,1.04381,2.55416,1.18262,3.40693,10.2362,6.58999,6.58999,0.0,1.0,1
5945,30.05.2024 09:39:49.780000,-154.99,-174.353,10.3664,10.42,10.295,95.3606,2.39654,2.66409,3.95925,0.944182,418.075,416.585,1.02292,2.7269,1.17193,3.47204,10.2368,6.58999,6.58999,0.0,1.0,1
5946,30.05.2024 09:39:49.790000,-154.99,-174.353,10.3919,10.42,10.295,95.3606,2.38859,2.66683,3.95925,0.944182,418.075,416.585,1.02292,2.7269,1.17193,3.47204,10.2367,6.61169,6.61169,0.0,1.0,1
5947,30.05.2024 09:39:49.800000,-157.791,-176.331,10.3701,10.345,10.296,95.3415,2.39126,2.6665,4.69797,5.17726,418.08,416.565,0.935379,3.437,1.20628,3.58269,10.2367,6.61169,6.61169,0.0,1.0,1
5948,30.05.2024 09:39:49.810000,-157.791,-176.331,10.3701,10.345,10.296,95.3415,2.39126,2.6665,4.69797,5.17726,418.08,416.565,0.935379,3.437,1.20628,3.58269,10.2367,6.61169,6.61169,0.0,1.0,1
5949,30.05.2024 09:39:49.820000,-150.952,-176.578,10.3701,10.332,10.313,95.3415,2.39758,2.6678,4.13572,4.9575,418.055,416.49,1.02401,3.66989,1.14465,3.70622,10.2374,6.32234,6.32234,0.0,1.0,1
5950,30.05.2024 09:39:49.830000,-157.956,-181.769,10.3719,10.352,10.332,95.3416,2.4211,2.67268,4.91958,3.20887,418.0,416.445,1.12319,3.32881,1.05608,3.76587,10.2378,6.32234,6.32234,0.0,1.0,1
5951,30.05.2024 09:39:49.840000,-157.956,-169.656,10.3719,10.38,10.332,95.3416,2.42641,2.67372,5.42474,3.38159,417.99,416.425,0.925598,3.06839,0.966065,3.75384,10.2386,5.42535,5.42535,0.0,1.0,1
5952,30.05.2024 09:39:49.850000,-157.956,-169.656,10.3719,10.38,10.332,95.3416,2.42641,2.67372,5.42474,3.38159,417.99,416.425,0.925598,3.06839,0.966065,3.75384,10.2386,5.42535,5.42535,0.0,1.0,1
5953,30.05.2024 09:39:49.860000,-148.151,-169.656,10.3946,10.38,10.335,95.3003,2.42507,2.67447,6.65322,5.78684,418.015,416.465,0.910347,2.75293,0.786923,3.74022,10.2386,5.75811,5.75811,0.0,1.0,1
5954,30.05.2024 09:39:49.870000,-153.589,-176.001,10.3896,10.356,10.335,95.3176,2.39969,2.672,6.65322,5.78684,418.015,416.465,1.16644,2.86491,0.846276,3.63291,10.2391,5.75811,5.75811,0.0,1.0,1
5955,30.05.2024 09:39:49.880000,-150.293,-167.184,10.3745,10.312,10.323,95.328,2.38974,2.672,5.66885,0.590326,418.035,416.485,1.16644,2.86491,0.846276,3.63291,10.2391,5.75811,5.75811,0.0,1.0,1
5956,30.05.2024 09:39:49.890000,-150.293,-167.184,10.3745,10.312,10.323,95.328,2.38974,2.672,5.66885,0.590326,418.035,416.485,1.16644,2.86491,0.846276,3.63291,10.2391,5.75811,5.75811,0.0,1.0,1
5957,30.05.2024 09:39:49.900000,-154.825,-177.072,10.3745,10.331,10.34,95.328,2.38185,2.672,3.97877,0.499628,418.05,416.45,1.55811,3.21434,1.36511,3.61308,10.2404,5.85214,5.85214,0.0,1.0,1
5958,30.05.2024 09:39:49.910000,-155.319,-172.87,10.413,10.313,10.356,95.3498,2.3886,2.66733,3.01639,1.8898,418.07,416.405,1.87803,3.27098,1.96821,3.73136,10.2406,4.60793,4.60793,0.0,1.0,1
5959,30.05.2024 09:39:49.920000,-155.319,-172.87,10.413,10.313,10.356,95.3498,2.3886,2.66733,3.01639,1.8898,418.07,416.405,1.87803,3.27098,1.96821,3.73136,10.2406,4.60793,4.60793,0.0,1.0,1
5960,30.05.2024 09:39:49.930000,-155.319,-181.522,10.413,10.326,10.356,95.3498,2.39965,2.66696,4.20017,1.84872,418.08,416.425,2.37683,2.84709,2.24385,3.81113,10.2413,5.64959,5.64959,0.0,1.0,1
5961,30.05.2024 09:39:49.940000,-155.319,-181.522,10.413,10.326,10.356,95.3498,2.39965,2.66696,4.20017,1.84872,418.08,416.425,2.37683,2.84709,2.24385,3.81113,10.2413,5.64959,5.64959,0.0,1.0,1
5962,30.05.2024 09:39:49.950000,-153.259,-174.353,10.3996,10.364,10.317,95.3469,2.43374,2.65988,6.10545,3.1123,418.05,416.48,2.67251,2.8518,2.50776,3.85377,10.242,5.80873,5.80873,0.0,1.0,1
5963,30.05.2024 09:39:49.960000,-153.259,-174.353,10.3996,10.364,10.317,95.3469,2.43374,2.65988,6.10545,3.1123,418.05,416.48,2.67251,2.8518,2.50776,3.85377,10.242,5.80873,5.80873,0.0,1.0,1
5964,30.05.2024 09:39:49.970000,-149.634,-169.244,10.3997,10.33,10.329,95.3641,2.43186,2.65407,5.58879,2.18753,418.045,416.48,2.97158,3.43985,2.71753,3.73393,10.2422,5.80873,5.80873,0.0,1.0,1
5965,30.05.2024 09:39:49.980000,-148.975,-171.387,10.399,10.401,10.371,95.3711,2.38596,2.64803,5.20266,2.68918,418.04,416.465,3.26421,3.54201,2.76816,3.67057,10.2419,5.86661,5.86661,0.0,1.0,1
5966,30.05.2024 09:39:49.990000,-147.491,-172.87,10.3667,10.383,10.362,95.4056,2.3682,2.64635,6.29836,1.67254,418.025,416.47,3.456,3.48823,2.89131,3.70585,10.2423,5.86661,5.86661,0.0,1.0,1
5967,30.05.2024 09:39:50.000000,-147.491,-170.975,10.3667,10.378,10.362,95.4056,2.35253,2.64527,4.53601,2.44691,418.01,416.485,3.51899,3.84281,3.18178,3.62448,10.2433,6.00405,6.00405,0.0,1.0,1
5968,30.05.2024 09:39:50.010000,-152.93,-170.975,10.3686,10.378,10.336,95.4113,2.34521,2.64452,4.53601,2.44691,418.01,416.485,3.51899,3.84281,3.18178,3.62448,10.2433,5.85214,5.85214,0.0,1.0,1
5969,30.05.2024 09:39:50.020000,-152.023,-172.87,10.3686,10.382,10.334,95.8001,2.34526,2.64651,5.00091,3.12565,418.01,416.47,3.50827,3.96028,3.21065,3.7683,10.2438,5.85214,5.85214,0.0,1.0,1
5970,30.05.2024 09:39:50.030000,-152.023,-172.87,10.3686,10.382,10.334,95.8001,2.34526,2.64651,5.00091,3.12565,418.01,416.47,3.50827,3.96028,3.21065,3.7683,10.2438,5.85214,5.85214,0.0,1.0,1
5971,30.05.2024 09:39:50.040000,-152.023,-172.87,10.3956,10.382,10.334,95.8001,2.35932,2.64956,3.69647,2.07374,418.04,416.47,3.56856,3.88328,3.35329,3.78661,10.2441,7.24826,7.24826,0.0,1.0,1
5972,30.05.2024 09:39:50.050000,-151.117,-172.128,10.3997,10.406,10.31,95.6479,2.38558,2.64706,6.40787,3.07492,418.035,416.495,3.7458,3.95331,3.46932,3.85631,10.2445,7.24826,7.24826,0.0,1.0,1
5973,30.05.2024 09:39:50.060000,-151.117,-172.128,10.3912,10.406,10.31,95.5591,2.39332,2.64604,6.40787,3.07492,418.035,416.495,3.7458,3.95331,3.46932,3.85631,10.2445,7.69676,7.69676,0.0,1.0,1
5974,30.05.2024 09:39:50.070000,-151.117,-172.128,10.3912,10.406,10.31,95.5591,2.39332,2.64604,6.40787,3.07492,418.035,416.495,3.7458,3.95331,3.46932,3.85631,10.2445,7.69676,7.69676,0.0,1.0,1
5975,30.05.2024 09:39:50.080000,-158.697,-171.716,10.3803,10.386,10.333,95.525,2.39068,2.64595,5.7735,1.06379,418.025,416.5,3.86648,4.20655,3.49427,3.91755,10.245,8.8614,8.8614,0.0,1.0,1
5976,30.05.2024 09:39:50.090000,-158.697,-171.716,10.3803,10.386,10.333,95.525,2.39068,2.64595,5.7735,1.06379,418.025,416.5,3.86648,4.20655,3.49427,3.91755,10.245,8.8614,8.8614,0.0,1.0,1
5977,30.05.2024 09:39:50.100000,-150.375,-172.293,10.3893,10.297,10.313,95.4931,2.36934,2.64561,5.28996,-0.551359,417.99,416.51,3.88813,4.19012,3.57164,3.87294,10.2453,8.8614,8.8614,0.0,1.0,1
5978,30.05.2024 09:39:50.110000,-152.435,-181.274,10.3967,10.307,10.341,95.3705,2.34027,2.6483,5.36889,2.31619,417.98,416.52,3.5711,4.46921,3.60493,3.81883,10.2467,8.8614,8.8614,0.0,1.0,1
5979,30.05.2024 09:39:50.120000,-147.903,-168.42,10.3827,10.327,10.337,95.4153,2.33928,2.64817,4.1908,3.68922,417.965,416.475,3.5711,4.46921,3.60493,3.81883,10.2467,8.8614,8.8614,0.0,1.0,1
5980,30.05.2024 09:39:50.130000,-149.387,-176.66,10.3827,10.313,10.308,95.4153,2.345,2.6494,6.14796,3.47045,417.98,416.485,3.39876,4.11908,3.6949,3.82,10.247,11.1979,11.1979,0.0,1.0,1
5981,30.05.2024 09:39:50.140000,-149.387,-176.66,10.3827,10.313,10.308,95.4153,2.345,2.6494,6.14796,3.47045,417.98,416.485,3.39876,4.11908,3.6949,3.82,10.247,11.1979,11.1979,0.0,1.0,1
5982,30.05.2024 09:39:50.150000,-149.387,-176.66,10.3825,10.313,10.308,95.3493,2.3541,2.6498,5.6224,1.74952,418.06,416.6,3.29167,3.94133,3.73287,3.93234,10.247,10.5686,10.5686,0.0,1.0,1
5983,30.05.2024 09:39:50.160000,-149.387,-176.66,10.3825,10.313,10.308,95.3493,2.3541,2.6498,5.6224,1.74952,418.06,416.6,3.29167,3.94133,3.73287,3.93234,10.247,10.5686,10.5686,0.0,1.0,1
5984,30.05.2024 09:39:50.170000,-149.634,-178.638,10.4135,10.318,10.335,95.3463,2.38846,2.64618,6.83647,4.63186,418.13,416.67,3.70904,4.53879,3.9171,3.93493,10.2481,10.5686,10.5686,0.0,1.0,1
5985,30.05.2024 09:39:50.180000,-149.634,-178.638,10.4135,10.318,10.335,95.3463,2.38846,2.64618,6.83647,4.63186,418.13,416.67,3.70904,4.53879,3.9171,3.93493,10.2481,10.5686,10.5686,0.0,1.0,1
5986,30.05.2024 09:39:50.190000,-153.259,-175.836,10.414,10.313,10.336,95.3431,2.38299,2.64241,6.94782,3.51127,418.145,416.69,4.29421,5.25593,4.17051,3.9901,10.2488,9.53414,9.53414,0.0,1.0,1
5987,30.05.2024 09:39:50.200000,-153.259,-175.836,10.414,10.313,10.336,95.3431,2.38299,2.64241,6.94782,3.51127,418.145,416.69,4.29421,5.25593,4.17051,3.9901,10.2488,9.53414,9.53414,0.0,1.0,1
5988,30.05.2024 09:39:50.210000,-150.375,-172.128,10.3658,10.324,10.327,95.3542,2.35369,2.64129,6.07372,0.850246,418.17,416.66,4.86662,5.34071,4.46014,4.09285,10.2489,9.54138,9.54138,0.0,1.0,1
5989,30.05.2024 09:39:50.220000,-150.375,-172.128,10.3658,10.324,10.327,95.3542,2.35369,2.64129,6.07372,0.850246,418.17,416.66,4.86662,5.34071,4.46014,4.09285,10.2489,9.54138,9.54138,0.0,1.0,1
5990,30.05.2024 09:39:50.230000,-154.742,-178.72,10.3864,10.34,10.356,95.3479,2.33536,2.64069,5.49033,3.60226,418.16,416.705,5.35054,5.21651,5.18216,4.18493,10.2487,10.4239,10.4239,0.0,1.0,1
5991,30.05.2024 09:39:50.240000,-156.39,-169.986,10.3784,10.371,10.358,95.3179,2.36238,2.64039,5.57315,3.73885,418.145,416.77,5.65594,5.68522,6.01623,4.3828,10.2497,11.6247,11.6247,0.0,1.0,1
5992,30.05.2024 09:39:50.250000,-155.402,-169.986,10.352,10.371,10.351,95.3207,2.38147,2.64092,5.57315,3.73885,418.145,416.77,5.65594,5.68522,6.01623,4.3828,10.2497,13.3536,13.3536,0.0,1.0,1
5993,30.05.2024 09:39:50.260000,-160.181,-171.222,10.352,10.367,10.374,95.3255,2.40082,2.64109,7.29479,3.70202,418.17,416.745,5.6685,5.66663,6.31405,4.37917,10.2499,13.3536,13.3536,0.0,1.0,1
5994,30.05.2024 09:39:50.270000,-160.181,-171.222,10.361,10.367,10.374,95.3255,2.42272,2.64116,7.29479,3.70202,418.17,416.745,5.6685,5.66663,6.31405,4.37917,10.2501,13.3536,13.3536,0.0,1.0,1
5995,30.05.2024 09:39:50.280000,-160.181,-171.222,10.361,10.367,10.374,95.3255,2.42272,2.64116,7.29479,3.70202,418.17,416.745,5.6685,5.66663,6.31405,4.37917,10.2501,13.3536,13.3536,0.0,1.0,1
5996,30.05.2024 09:39:50.290000,-147.656,-170.48,10.3697,10.345,10.319,95.3049,2.42057,2.64116,9.71702,3.59234,418.185,416.78,5.68134,5.20965,6.6116,4.36281,10.2501,15.1548,15.1548,0.0,1.0,1
5997,30.05.2024 09:39:50.300000,-147.656,-170.48,10.3697,10.345,10.319,95.3049,2.42057,2.64116,9.71702,3.59234,418.185,416.78,5.68134,5.20965,6.6116,4.36281,10.2501,15.1548,15.1548,0.0,1.0,1
5998,30.05.2024 09:39:50.310000,-153.259,-163.147,10.3694,10.33,10.288,95.3298,2.35709,2.63755,10.4576,3.64124,418.23,416.89,5.80428,4.96412,6.82684,4.46788,10.2502,16.1458,16.1458,0.0,1.0,1
5999,30.05.2024 09:39:50.320000,-150.046,-171.716,10.3585,10.342,10.281,95.338,2.29728,2.63162,3.54694,0.593824,418.23,416.94,5.65894,5.56469,7.1307,4.66776,10.2512,16.2326,16.2326,0.0,1.0,1
