,time,Pinceur Inf Mesure de courant,Pinceur Sup Mesure de courant,Mandrin - Vitesse Actuelle,Pinceur Sup Mesure vitesse lineaire,Pinceur Inf Mesure vitesse lineaire,Mandrin - Mesure Expansion,Pinceur Nord Position entrefer estimee,Pinceur Sud Position entrefer estimee,Pinceur Nord Force entrefer calibree,Pinceur Sud Force entrefer calibree,Guides Nord Entree Position mesuree,Guides Nord Sortie Position mesuree,Guides Nord Entree Force pour regulateur PI,Guides Nord Sortie Force pour regulateur PI,Guides Sud Entree Force pour regulateur PI,Guides Sud Sortie Force pour regulateur PI,Mandrin - Vitesse Actuelle F10,_Excentrage largeur bande jauge bob,_Excentrage largeur bande jauge bob.1,TDB pinceur,Fenetre,Declancheur
6000,30.05.2024 09:43:34.050000,145.267,97.1466,10.2715,11.506,11.302,31.3395,3.15405,3.13033,24.237,31.6594,471.065,472.185,4.97639,8.34049,0.959351,0.181751,9.71057,63.4187,63.4187,1.0,1.0,1
6001,30.05.2024 09:43:34.060000,218.188,136.862,10.2819,11.343,11.163,31.4305,3.08223,3.16279,22.0425,30.0102,469.525,470.67,4.38097,7.67529,0.992794,0.129681,9.71002,63.4187,63.4187,1.0,1.0,1
6002,30.05.2024 09:43:34.070000,218.188,174.023,10.2819,11.296,11.163,31.4305,3.03658,3.16286,17.7973,23.5659,468.195,469.3,3.10607,6.67899,1.08175,0.245901,9.71052,58.9844,58.9844,1.0,1.0,1
6003,30.05.2024 09:43:34.080000,264.99,174.023,10.2934,11.296,11.11,31.3996,2.99766,3.15031,17.7973,23.5659,468.195,469.3,3.10607,6.67899,1.08175,0.245901,9.71052,56.4887,56.4887,1.0,1.0,1
6004,30.05.2024 09:43:34.090000,328.766,213.657,10.2934,11.279,11.013,31.4114,2.98627,3.13289,12.3424,27.5563,467.065,468.205,1.89226,5.06884,1.06556,0.303536,9.71069,56.4887,56.4887,1.0,1.0,1
6005,30.05.2024 09:43:34.100000,328.766,213.657,10.2822,11.279,11.013,31.4114,3.02446,3.0797,12.3424,27.5563,467.065,468.205,1.89226,5.06884,1.06556,0.303536,9.71141,56.4887,56.4887,1.0,1.0,1
6006,30.05.2024 09:43:34.110000,372.436,247.357,10.2894,11.233,10.954,31.4296,3.0674,3.03133,15.8565,30.2945,466.105,467.325,0.997994,4.54682,1.022,0.389115,9.71141,56.4887,56.4887,1.0,1.0,1
6007,30.05.2024 09:43:34.120000,407.373,314.017,10.2894,11.1,10.891,31.4296,3.10831,2.98998,20.7334,20.0477,465.135,466.45,0.843781,5.70998,0.957981,0.404139,9.71173,56.4887,56.4887,1.0,1.0,1
6008,30.05.2024 09:43:34.130000,407.373,314.017,10.2839,11.1,10.891,31.6343,3.14128,2.96162,20.7334,20.0477,465.135,466.45,0.843781,5.70998,0.957981,0.404139,9.71173,49.4864,49.4864,1.0,1.0,1
6009,30.05.2024 09:43:34.140000,460.931,390.729,10.2824,11.013,10.797,31.5362,3.16919,2.92048,20.731,11.4457,464.145,465.41,1.07012,7.49479,0.903374,0.447579,9.71221,49.4864,49.4864,1.0,1.0,1
6010,30.05.2024 09:43:34.150000,460.931,442.474,10.2824,10.975,10.797,31.5362,3.16789,2.91389,22.7265,17.5241,463.135,464.29,1.97046,8.84354,0.822659,0.307507,9.71285,45.5295,45.5295,1.0,1.0,1
6011,30.05.2024 09:43:34.160000,506.909,442.474,10.2878,10.975,10.767,31.4751,3.1581,2.90793,22.7265,17.5241,463.135,464.29,1.97046,8.84354,0.822659,0.307507,9.71285,45.5295,45.5295,1.0,1.0,1
6012,30.05.2024 09:43:34.170000,531.051,486.639,10.2878,10.912,10.697,31.4252,3.13494,2.89309,23.3884,15.0314,461.995,463.0,3.24637,10.315,0.747654,0.258724,9.71324,45.5295,45.5295,1.0,1.0,1
6013,30.05.2024 09:43:34.180000,531.051,486.639,10.285,10.912,10.697,31.4252,3.06188,2.88808,23.3884,15.0314,461.995,463.0,3.24637,10.315,0.747654,0.258724,9.71395,39.3519,39.3519,1.0,1.0,1
6014,30.05.2024 09:43:34.190000,550.168,561.044,10.2909,10.766,10.694,31.4546,3.01396,2.89608,20.0883,9.54776,460.675,461.585,4.37779,11.318,0.74102,0.205076,9.71395,39.5761,39.5761,1.0,1.0,1
6015,30.05.2024 09:43:34.200000,544.07,570.355,10.2909,10.737,10.726,31.4546,2.97557,2.90747,14.1519,9.17605,459.25,460.115,4.66578,11.1625,0.721878,0.257559,9.71498,39.5761,39.5761,1.0,1.0,1
6016,30.05.2024 09:43:34.210000,544.07,570.355,10.2888,10.737,10.726,31.474,2.94984,2.92631,14.1519,9.17605,459.25,460.115,4.66578,11.1625,0.721878,0.257559,9.71498,39.5761,39.5761,1.0,1.0,1
6017,30.05.2024 09:43:34.220000,539.044,584.527,10.276,10.808,10.739,31.4233,2.97594,2.95005,12.7491,17.0045,457.84,458.66,4.48043,10.7418,0.706383,0.273527,9.71578,39.5761,39.5761,1.0,1.0,1
6018,30.05.2024 09:43:34.230000,539.044,581.314,10.276,10.79,10.739,31.4233,3.02227,2.95282,16.4666,19.3999,456.42,457.29,4.16716,10.4571,0.740372,0.33359,9.71573,33.912,33.912,1.0,1.0,1
6019,30.05.2024 09:43:34.240000,539.044,581.314,10.276,10.79,10.739,31.4233,3.02227,2.95282,16.4666,19.3999,456.42,457.29,4.16716,10.4571,0.740372,0.33359,9.71573,33.912,33.912,1.0,1.0,1
6020,30.05.2024 09:43:34.250000,544.812,581.314,10.2854,10.79,10.72,31.3478,3.08697,2.95617,21.3612,14.824,455.045,455.945,4.26925,10.5882,0.778885,0.269835,9.71573,31.7491,31.7491,1.0,1.0,1
6021,30.05.2024 09:43:34.260000,544.812,581.314,10.2854,10.79,10.72,31.3478,3.08697,2.95617,21.3612,14.824,455.045,455.945,4.26925,10.5882,0.778885,0.269835,9.71573,31.7491,31.7491,1.0,1.0,1
6022,30.05.2024 09:43:34.270000,538.302,586.752,10.2895,10.69,10.722,31.3834,3.2165,2.97303,21.3612,14.824,455.045,455.945,4.26925,10.5882,0.778885,0.269835,9.71564,31.7491,31.7491,1.0,1.0,1
6023,30.05.2024 09:43:34.280000,532.123,581.067,10.2878,10.555,10.691,31.3531,3.21529,2.97033,26.0901,20.6408,452.215,452.88,5.82557,12.1895,0.742592,0.157969,9.7156,28.8846,28.8846,1.0,1.0,1
6024,30.05.2024 09:43:34.290000,532.123,581.067,10.2899,10.555,10.691,31.3589,3.18344,2.96827,26.0901,20.6408,452.215,452.88,5.82557,12.1895,0.742592,0.157969,9.7156,25.8247,25.8247,1.0,1.0,1
6025,30.05.2024 09:43:34.300000,532.287,579.007,10.2889,10.512,10.638,31.4017,3.09506,2.97241,24.1794,18.6722,450.63,451.265,6.65697,12.1716,0.759865,0.0982287,9.71589,25.8247,25.8247,1.0,1.0,1
6026,30.05.2024 09:43:34.310000,532.287,585.104,10.2889,10.46,10.638,31.4017,3.04394,2.98258,20.5927,16.3796,449.02,449.67,7.02258,11.8114,0.816849,0.096905,9.71548,25.7813,25.7813,1.0,1.0,1
6027,30.05.2024 09:43:34.320000,536.572,585.104,10.2839,10.46,10.63,31.3912,3.00554,2.99459,20.5927,16.3796,449.02,449.67,7.02258,11.8114,0.816849,0.096905,9.71548,24.226,24.226,1.0,1.0,1
6028,30.05.2024 09:43:34.330000,536.407,578.265,10.2839,10.363,10.616,31.3878,2.98071,3.00432,18.7911,20.1121,447.375,448.14,6.9957,11.5236,0.878319,0.152281,9.71588,24.226,24.226,1.0,1.0,1
6029,30.05.2024 09:43:34.340000,536.407,578.265,10.2902,10.363,10.616,31.3878,2.97899,3.002,18.7911,20.1121,447.375,448.14,6.9957,11.5236,0.878319,0.152281,9.7158,23.2639,23.2639,1.0,1.0,1
6030,30.05.2024 09:43:34.350000,532.617,575.958,10.2903,10.316,10.557,31.3564,3.00118,2.99411,17.6411,21.8741,445.715,446.585,6.73589,11.7928,0.899673,0.13426,9.7158,21.9835,21.9835,1.0,1.0,1
6031,30.05.2024 09:43:34.360000,532.287,584.363,10.2903,10.288,10.528,31.3564,3.03284,2.98409,17.5185,17.62,444.075,445.03,6.39788,12.0518,1.02418,0.157509,9.71604,21.9835,21.9835,1.0,1.0,1
6032,30.05.2024 09:43:34.370000,532.287,584.363,10.2903,10.288,10.528,31.3564,3.03284,2.98409,17.5185,17.62,444.075,445.03,6.39788,12.0518,1.02418,0.157509,9.71604,21.9835,21.9835,1.0,1.0,1
6033,30.05.2024 09:43:34.380000,532.287,584.363,10.2908,10.288,10.528,31.3351,3.06749,2.9738,21.1077,18.6239,442.43,443.435,6.17422,12.4307,1.00078,0.130484,9.71604,20.2836,20.2836,1.0,1.0,1
6034,30.05.2024 09:43:34.390000,532.287,584.363,10.2908,10.288,10.528,31.3351,3.06749,2.9738,21.1077,18.6239,442.43,443.435,6.17422,12.4307,1.00078,0.130484,9.71604,20.2836,20.2836,1.0,1.0,1
6035,30.05.2024 09:43:34.400000,530.722,580.16,10.2907,10.134,10.446,31.323,3.12505,2.92607,24.4592,17.4945,440.795,441.79,6.05029,13.0066,0.943054,0.168614,9.71579,17.4986,17.4986,1.0,1.0,1
6036,30.05.2024 09:43:34.410000,533.276,574.805,10.288,10.092,10.432,31.3279,3.04419,2.89864,25.3162,12.0889,439.105,440.135,6.03239,13.225,0.973492,0.152886,9.71591,17.4769,17.4769,1.0,1.0,1
6037,30.05.2024 09:43:34.420000,533.276,574.805,10.2981,10.092,10.432,31.3279,3.00148,2.89795,25.3162,12.0889,439.105,440.135,6.03239,13.225,0.973492,0.152886,9.7159,15.0535,15.0535,1.0,1.0,1
6038,30.05.2024 09:43:34.430000,525.366,568.707,10.307,10.093,10.414,31.3343,2.96688,2.90354,19.312,12.0014,437.37,438.45,5.84861,13.1093,0.985199,0.109858,9.7159,15.0535,15.0535,1.0,1.0,1
6039,30.05.2024 09:43:34.440000,522.153,576.37,10.307,10.086,10.419,31.3343,2.94202,2.91379,17.2105,16.5466,435.635,436.9,5.44576,13.084,1.01334,0.127802,9.71641,15.0535,15.0535,1.0,1.0,1
6040,30.05.2024 09:43:34.450000,522.153,576.37,10.3163,10.086,10.419,31.3253,2.92823,2.92304,17.2105,16.5466,435.635,436.9,5.44576,13.084,1.01334,0.127802,9.71641,12.8545,12.8545,1.0,1.0,1
6041,30.05.2024 09:43:34.460000,493.643,555.276,10.3266,9.991,10.348,31.385,2.93245,2.9319,15.4072,15.7646,433.93,435.355,5.00083,13.4441,0.971577,0.145722,9.71692,12.8545,12.8545,1.0,1.0,1
6042,30.05.2024 09:43:34.470000,493.643,524.872,10.3266,9.96,10.348,31.385,2.94251,2.93448,16.1023,13.4585,432.24,433.785,4.70081,14.2908,0.973652,0.104235,9.7177,8.86864,8.86864,1.0,1.0,1
6043,30.05.2024 09:43:34.480000,493.643,524.872,10.3266,9.96,10.348,31.385,2.94251,2.93448,16.1023,13.4585,432.24,433.785,4.70081,14.2908,0.973652,0.104235,9.7177,8.86864,8.86864,1.0,1.0,1
6044,30.05.2024 09:43:34.490000,471.725,524.872,10.3339,9.96,10.313,31.4293,2.95194,2.93361,15.9773,15.427,430.55,432.175,4.33991,15.0748,0.988956,0.206993,9.7177,6.61893,6.61893,1.0,1.0,1
6045,30.05.2024 09:43:34.500000,458.377,514.16,10.3379,9.976,10.261,31.4042,2.9566,2.93308,15.9773,15.427,430.55,432.175,4.15949,15.76,1.0481,0.304318,9.71661,6.61893,6.61893,1.0,1.0,1
6046,30.05.2024 09:43:34.510000,437.86,486.227,10.3436,9.981,10.222,31.4595,2.94405,2.93166,17.099,16.6843,428.88,430.56,4.15949,15.76,1.0481,0.304318,9.71661,4.77431,4.77431,1.0,1.0,1
6047,30.05.2024 09:43:34.520000,414.953,470.325,10.3436,9.933,10.169,31.4595,2.92298,2.92989,18.5428,16.4913,427.215,428.92,4.11124,16.3831,1.01645,0.316912,9.71712,4.77431,4.77431,1.0,1.0,1
6048,30.05.2024 09:43:34.530000,414.953,470.325,10.3477,9.933,10.169,31.4052,2.89825,2.9286,18.5428,16.4913,427.215,428.92,4.11124,16.3831,1.01645,0.316912,9.71712,3.75434,3.75434,1.0,1.0,1
6049,30.05.2024 09:43:34.540000,399.628,444.864,10.3446,9.87,10.116,31.437,2.8433,2.92966,15.5414,16.3049,425.615,427.315,4.28703,16.7119,1.03213,0.375963,9.71697,3.75434,3.75434,1.0,1.0,1
6050,30.05.2024 09:43:34.550000,399.628,425.912,10.3446,9.896,10.116,31.437,2.8259,2.92322,12.9593,17.7816,424.03,425.69,4.86378,17.141,1.10602,0.305929,9.7176,3.75434,3.75434,1.0,1.0,1
6051,30.05.2024 09:43:34.560000,377.38,425.912,10.3458,9.896,10.045,32.2319,2.81215,2.91014,12.9593,17.7816,424.03,425.69,4.86378,17.141,1.10602,0.305929,9.7176,4.35475,4.35475,1.0,1.0,1
6052,30.05.2024 09:43:34.570000,370.212,399.628,10.3458,9.962,9.945,32.7262,2.80958,2.88744,11.533,14.0423,422.555,424.095,5.78221,17.5088,1.75607,0.352339,9.71697,4.35475,4.35475,1.0,1.0,1
6053,30.05.2024 09:43:34.580000,370.212,399.628,10.3359,9.962,9.945,32.7262,2.8335,2.84633,11.533,14.0423,422.555,424.095,5.78221,17.5088,1.75607,0.352339,9.71748,4.35475,4.35475,1.0,1.0,1
6054,30.05.2024 09:43:34.590000,339.065,383.89,10.3296,9.964,9.933,33.3961,2.85763,2.83645,11.4816,9.41333,421.12,422.48,7.33613,17.9321,3.66556,0.339413,9.71748,5.30237,5.30237,1.0,1.0,1
6055,30.05.2024 09:43:34.600000,325.552,360.571,10.3296,9.954,9.965,33.3961,2.87547,2.81943,13.6908,10.0309,419.715,420.9,9.33669,18.5033,6.24439,0.492468,9.71753,5.30237,5.30237,1.0,1.0,1
6056,30.05.2024 09:43:34.610000,325.552,360.571,10.3296,9.954,9.965,33.3961,2.87547,2.81943,13.6908,10.0309,419.715,420.9,9.33669,18.5033,6.24439,0.492468,9.71753,5.30237,5.30237,1.0,1.0,1
6057,30.05.2024 09:43:34.620000,325.552,360.571,10.34,9.954,9.965,34.1327,2.88381,2.79376,14.1863,8.06639,418.315,419.365,11.3248,19.1727,8.65795,0.764162,9.71753,6.17766,6.17766,1.0,1.0,1
6058,30.05.2024 09:43:34.630000,296.878,322.998,10.3565,10.06,9.946,35.0946,2.83865,2.75977,11.9499,2.09479,416.975,417.84,13.4373,20.0366,11.119,1.68197,9.71773,6.19936,6.19936,1.0,1.0,1
6059,30.05.2024 09:43:34.640000,296.878,322.998,10.3565,10.06,9.946,35.0946,2.83865,2.75977,11.9499,2.09479,416.975,417.84,13.4373,20.0366,11.119,1.68197,9.71773,6.19936,6.19936,1.0,1.0,1
6060,30.05.2024 09:43:34.650000,277.927,322.998,10.3372,10.06,10.031,36.1366,2.80799,2.76067,10.1377,2.40445,415.73,416.335,15.5909,19.7232,13.4917,3.23637,9.71773,6.80701,6.80701,1.0,1.0,1
6061,30.05.2024 09:43:34.660000,278.256,305.777,10.3195,10.059,10.093,36.9049,2.74688,2.76824,10.1377,2.40445,415.73,416.335,11.6228,9.58329,15.7397,4.40451,9.71808,7.79803,7.79803,1.0,1.0,1
6062,30.05.2024 09:43:34.670000,262.024,289.874,10.2791,10.144,10.075,37.8832,2.74422,2.75906,10.3313,7.04967,415.275,415.47,11.6228,9.58329,15.7397,4.40451,9.71808,8.35504,8.35504,1.0,1.0,1
6063,30.05.2024 09:43:34.680000,259.799,283.365,10.2791,10.157,10.143,37.8832,2.75245,2.76625,8.02118,4.18159,415.095,416.335,11.9394,4.39306,17.4094,5.1067,9.71818,8.35504,8.35504,1.0,1.0,1
6064,30.05.2024 09:43:34.690000,259.799,283.365,10.321,10.157,10.143,39.0484,2.76661,2.78169,8.02118,4.18159,415.095,416.335,11.9394,4.39306,17.4094,5.1067,9.71818,7.704,7.704,1.0,1.0,1
6065,30.05.2024 09:43:34.700000,273.724,287.32,10.291,10.24,10.205,40.1832,2.80906,2.78698,8.85771,2.7853,415.03,416.925,10.1986,8.30671,18.3662,5.68274,9.7188,7.704,7.704,1.0,1.0,1
6066,30.05.2024 09:43:34.710000,273.724,287.32,10.291,10.24,10.205,40.1832,2.80906,2.78698,8.85771,2.7853,415.03,416.925,10.1986,8.30671,18.3662,5.68274,9.7188,7.704,7.704,1.0,1.0,1
6067,30.05.2024 09:43:34.720000,273.724,291.687,10.291,10.264,10.205,40.1832,2.82771,2.79131,12.8361,7.65159,415.425,417.02,9.77727,10.153,18.4864,6.54308,9.71937,7.52314,7.52314,1.0,1.0,1
6068,30.05.2024 09:43:34.730000,265.979,290.616,10.2333,10.255,10.203,42.7012,2.85246,2.80573,13.0742,9.96516,415.465,417.18,11.0242,9.64552,17.7083,7.30717,9.72029,7.45805,7.45805,1.0,1.0,1
6069,30.05.2024 09:43:34.740000,265.979,290.616,10.2302,10.255,10.203,42.7012,2.8472,2.82859,13.0742,9.96516,415.465,417.18,11.0242,9.64552,17.7083,7.30717,9.72034,7.45805,7.45805,1.0,1.0,1
6070,30.05.2024 09:43:34.750000,265.979,290.616,10.2302,10.255,10.203,42.7012,2.8472,2.82859,13.0742,9.96516,415.465,417.18,11.0242,9.64552,17.7083,7.30717,9.72034,7.45805,7.45805,1.0,1.0,1
6071,30.05.2024 09:43:34.760000,268.698,287.32,10.2146,10.229,10.167,43.8002,2.8422,2.8481,13.3056,5.93935,415.655,417.41,11.3507,10.4656,16.2165,7.74675,9.72034,6.32234,6.32234,1.0,1.0,1
6072,30.05.2024 09:43:34.770000,268.698,287.32,10.2146,10.229,10.167,43.8002,2.8422,2.8481,13.3056,5.93935,415.655,417.41,11.3507,10.4656,16.2165,7.74675,9.72034,6.32234,6.32234,1.0,1.0,1
6073,30.05.2024 09:43:34.780000,272.159,287.814,10.1521,10.267,10.153,44.8654,2.82744,2.88353,14.5085,13.0042,415.6,417.4,12.7092,11.2495,14.6638,7.97162,9.71998,6.32234,6.32234,1.0,1.0,1
6074,30.05.2024 09:43:34.790000,271.912,292.017,10.1205,10.158,10.139,45.9159,2.83667,2.88465,13.7642,12.7468,415.315,417.405,12.3725,9.00118,12.7955,8.09807,9.72079,4.96238,4.96238,1.0,1.0,1
6075,30.05.2024 09:43:34.800000,279.327,292.017,10.1741,10.158,10.153,47.0579,2.84126,2.88298,13.7642,12.7468,415.315,417.405,12.3725,9.00118,12.7955,8.09807,9.72079,4.40538,4.40538,1.0,1.0,1
6076,30.05.2024 09:43:34.810000,277.185,283.777,10.1741,10.172,10.124,48.3164,2.85136,2.88263,14.9004,13.7697,415.2,417.51,11.3901,7.99667,12.1441,8.10122,9.72136,4.40538,4.40538,1.0,1.0,1
6077,30.05.2024 09:43:34.820000,277.185,283.777,10.1741,10.172,10.124,48.3164,2.85136,2.88263,14.9004,13.7697,415.2,417.51,11.3901,7.99667,12.1441,8.10122,9.72136,4.40538,4.40538,1.0,1.0,1
6078,30.05.2024 09:43:34.830000,277.185,283.777,10.1204,10.172,10.124,48.3164,2.86233,2.87375,17.5111,18.5491,415.235,417.625,10.0748,7.22223,11.7012,7.95314,9.72129,4.40538,4.40538,1.0,1.0,1
6079,30.05.2024 09:43:34.840000,277.185,283.777,10.1204,10.172,10.124,48.3164,2.86233,2.87375,17.5111,18.5491,415.235,417.625,10.0748,7.22223,11.7012,7.95314,9.72129,4.40538,4.40538,1.0,1.0,1
6080,30.05.2024 09:43:34.850000,268.945,298.361,10.0454,10.12,10.038,49.6267,2.86003,2.85041,16.8913,13.1895,415.325,417.715,9.14955,6.65238,11.4315,7.93065,9.72153,4.40538,4.40538,1.0,1.0,1
6081,30.05.2024 09:43:34.860000,268.945,298.361,10.0454,10.12,10.038,49.6267,2.86003,2.85041,16.8913,13.1895,415.325,417.715,9.14955,6.65238,11.4315,7.93065,9.72153,4.40538,4.40538,1.0,1.0,1
6082,30.05.2024 09:43:34.870000,274.383,294.159,10.0474,10.08,10.033,52.097,2.8042,2.83249,15.7701,9.47381,415.46,417.835,8.69258,6.22736,11.2084,7.8392,9.72163,5.35301,5.35301,1.0,1.0,1
6083,30.05.2024 09:43:34.880000,267.462,295.477,10.0198,10.07,10.056,53.2432,2.79641,2.82561,12.6083,13.7959,415.5,417.905,9.074,6.3256,11.0131,7.80857,9.72211,5.43982,5.43982,1.0,1.0,1
6084,30.05.2024 09:43:34.890000,279.574,295.065,10.0198,10.071,9.991,54.316,2.80269,2.82792,14.2885,12.2983,415.5,417.935,9.08668,6.14535,10.8795,7.68031,9.72223,5.43982,5.43982,1.0,1.0,1
6085,30.05.2024 09:43:34.900000,279.574,295.065,9.97092,10.071,9.991,54.316,2.85344,2.80447,14.2885,12.2983,415.5,417.935,9.08668,6.14535,10.8795,7.68031,9.72217,5.59896,5.59896,1.0,1.0,1
6086,30.05.2024 09:43:34.910000,278.339,296.96,9.96326,10.079,9.987,55.4742,2.8689,2.79963,13.9566,11.9149,415.545,417.995,8.96005,5.76952,10.1796,7.39021,9.72217,5.53385,5.53385,1.0,1.0,1
6087,30.05.2024 09:43:34.920000,274.795,299.185,9.96326,9.997,9.949,55.4742,2.88282,2.79759,16.4652,9.34972,415.57,418.02,9.00032,5.52051,9.72803,7.04766,9.72221,5.53385,5.53385,1.0,1.0,1
6088,30.05.2024 09:43:34.930000,274.795,299.185,9.99294,9.997,9.949,56.6683,2.90458,2.79371,16.4652,9.34972,415.57,418.02,9.00032,5.52051,9.72803,7.04766,9.72221,5.54109,5.54109,1.0,1.0,1
6089,30.05.2024 09:43:34.940000,269.44,294.324,9.95818,9.95,9.973,57.9186,2.89768,2.80582,17.0499,10.405,415.625,418.095,8.87451,5.60306,9.76851,6.91673,9.72227,5.54109,5.54109,1.0,1.0,1
6090,30.05.2024 09:43:34.950000,269.44,292.923,9.95818,9.981,9.973,57.9186,2.88754,2.80844,17.9919,10.374,415.66,418.14,8.92046,5.48154,9.73022,6.89018,9.7228,6.2934,6.2934,1.0,1.0,1
6091,30.05.2024 09:43:34.960000,276.196,292.923,9.93491,9.981,9.933,59.0166,2.87294,2.80658,17.9919,10.374,415.66,418.14,8.92046,5.48154,9.73022,6.89018,9.7228,6.83594,6.83594,1.0,1.0,1
6092,30.05.2024 09:43:34.970000,272.159,296.384,9.93491,9.992,9.889,60.1855,2.84401,2.8071,17.553,11.1196,415.685,418.2,8.92562,5.83813,9.64534,6.79267,9.72283,6.83594,6.83594,1.0,1.0,1
6093,30.05.2024 09:43:34.980000,272.159,296.384,9.91561,9.992,9.889,60.1855,2.77834,2.83622,17.553,11.1196,415.685,418.2,8.92562,5.83813,9.64534,6.79267,9.7236,7.24826,7.24826,1.0,1.0,1
6094,30.05.2024 09:43:34.990000,268.945,295.065,9.93441,9.903,9.875,61.3629,2.76717,2.84128,13.8997,11.1796,415.685,418.21,8.82353,6.05862,9.74543,6.73686,9.7236,7.24826,7.24826,1.0,1.0,1
6095,30.05.2024 09:43:35.000000,277.927,295.56,9.93441,9.872,9.928,61.3629,2.76341,2.84741,12.2131,12.0942,415.715,418.205,8.591,6.20572,9.7733,6.7184,9.72334,7.24826,7.24826,1.0,1.0,1
6096,30.05.2024 09:43:35.010000,277.927,295.56,9.86719,9.872,9.928,62.5702,2.76977,2.84957,12.2131,12.0942,415.715,418.205,8.591,6.20572,9.7733,6.7184,9.72334,7.08912,7.08912,1.0,1.0,1
6097,30.05.2024 09:43:35.020000,277.927,295.56,9.86719,9.872,9.928,62.5702,2.76977,2.84957,12.2131,12.0942,415.715,418.205,8.591,6.20572,9.7733,6.7184,9.72334,7.08912,7.08912,1.0,1.0,1
6098,30.05.2024 09:43:35.030000,276.443,291.357,9.85605,9.906,9.903,63.7134,2.82469,2.83302,13.1398,14.3011,415.715,418.19,8.35224,6.05927,9.92532,6.71475,9.72279,7.01678,7.01678,1.0,1.0,1
6099,30.05.2024 09:43:35.040000,276.443,291.357,9.85605,9.906,9.903,63.7134,2.82469,2.83302,13.1398,14.3011,415.715,418.19,8.35224,6.05927,9.92532,6.71475,9.72279,7.01678,7.01678,1.0,1.0,1
6100,30.05.2024 09:43:35.050000,279.492,293.747,9.87116,9.894,9.857,64.9796,2.86436,2.81263,15.0328,10.6618,415.67,418.16,8.05569,5.83835,9.89615,6.63239,9.72338,7.53762,7.53762,1.0,1.0,1
6101,30.05.2024 09:43:35.060000,275.29,298.114,9.86553,9.825,9.811,66.1707,2.86575,2.79659,17.6319,9.0225,415.64,418.125,6.64408,4.92434,8.83569,6.3567,9.72272,7.53762,7.53762,1.0,1.0,1
6102,30.05.2024 09:43:35.070000,278.998,290.945,9.82507,9.798,9.868,67.7268,2.84338,2.81194,16.8611,7.88213,415.625,418.115,6.64408,4.92434,8.83569,6.3567,9.72272,8.31886,8.31886,1.0,1.0,1
6103,30.05.2024 09:43:35.080000,278.998,290.945,9.82507,9.798,9.868,67.7268,2.84338,2.81194,16.8611,7.88213,415.625,418.115,6.64408,4.92434,8.83569,6.3567,9.72272,8.31886,8.31886,1.0,1.0,1
6104,30.05.2024 09:43:35.090000,283.447,292.181,9.82507,9.865,9.839,67.7268,2.82485,2.80566,16.6528,11.4496,415.61,418.1,5.85481,4.53643,8.55526,6.02225,9.72188,10.0984,10.0984,1.0,1.0,1
6105,30.05.2024 09:43:35.100000,275.372,295.642,9.80197,9.915,9.832,70.9409,2.75736,2.80762,15.7571,10.8302,415.66,418.075,5.15098,4.29924,8.40898,5.43453,9.72194,10.0984,10.0984,1.0,1.0,1
6106,30.05.2024 09:43:35.110000,275.372,302.151,9.80197,9.819,9.832,70.9409,2.75586,2.81719,11.957,9.71794,415.71,418.06,4.74851,3.70063,7.88134,5.09178,9.72172,10.0984,10.0984,1.0,1.0,1
6107,30.05.2024 09:43:35.120000,269.44,302.151,9.80006,9.819,9.799,72.4235,2.75926,2.82527,11.957,9.71794,415.71,418.06,4.74851,3.70063,7.88134,5.09178,9.72172,11.1473,11.1473,1.0,1.0,1
6108,30.05.2024 09:43:35.130000,269.44,302.151,9.80006,9.819,9.799,72.4235,2.75926,2.82527,11.957,9.71794,415.71,418.06,4.74851,3.70063,7.88134,5.09178,9.72172,11.1473,11.1473,1.0,1.0,1
6109,30.05.2024 09:43:35.140000,278.174,297.867,9.80006,9.773,9.8,73.6247,2.78266,2.8275,12.4627,13.0688,415.74,418.08,4.53976,3.29959,7.61491,4.94814,9.72188,12.2758,12.2758,1.0,1.0,1
6110,30.05.2024 09:43:35.150000,278.174,297.867,9.80006,9.773,9.8,73.6247,2.78266,2.8275,12.4627,13.0688,415.74,418.08,4.53976,3.29959,7.61491,4.94814,9.72188,12.2758,12.2758,1.0,1.0,1
6111,30.05.2024 09:43:35.160000,273.312,287.485,9.75479,9.797,9.794,74.4915,2.88763,2.82692,16.4234,15.7458,415.79,418.12,4.4787,3.20554,7.54924,4.69473,9.7216,13.3753,13.3753,1.0,1.0,1
6112,30.05.2024 09:43:35.170000,273.312,287.485,9.75479,9.797,9.794,74.4915,2.88763,2.82692,16.4234,15.7458,415.79,418.12,4.4787,3.20554,7.54924,4.69473,9.7216,13.3753,13.3753,1.0,1.0,1
6113,30.05.2024 09:43:35.180000,274.383,296.631,9.82633,9.792,9.752,75.4336,2.93296,2.80701,18.5249,9.97737,415.78,418.13,4.57851,3.45026,7.43057,4.50502,9.72132,13.3753,13.3753,1.0,1.0,1
6114,30.05.2024 09:43:35.190000,270.758,291.028,9.8104,9.727,9.737,76.4102,2.89493,2.82791,19.27,10.2722,415.765,417.97,4.12808,3.28933,7.2023,4.23243,9.72123,15.0246,15.0246,1.0,1.0,1
6115,30.05.2024 09:43:35.200000,274.795,291.028,9.79754,9.727,9.704,77.4432,2.85948,2.8215,19.27,10.2722,415.765,417.97,4.12808,3.28933,7.2023,4.23243,9.72123,15.0246,15.0246,1.0,1.0,1
6116,30.05.2024 09:43:35.210000,271.912,285.754,9.79754,9.716,9.703,78.4637,2.82942,2.81276,17.2309,13.8281,415.805,417.925,3.93074,2.74999,7.09516,4.22,9.72153,15.0246,15.0246,1.0,1.0,1
6117,30.05.2024 09:43:35.220000,271.912,285.754,9.78673,9.716,9.703,78.4637,2.75033,2.79777,17.2309,13.8281,415.805,417.925,3.93074,2.74999,7.09516,4.22,9.72182,15.9288,15.9288,1.0,1.0,1
6118,30.05.2024 09:43:35.230000,271.912,285.754,9.78673,9.716,9.703,78.4637,2.75033,2.79777,17.2309,13.8281,415.805,417.925,3.93074,2.74999,7.09516,4.22,9.72182,15.9288,15.9288,1.0,1.0,1
6119,30.05.2024 09:43:35.240000,273.807,293.994,9.82084,9.761,9.724,79.4635,2.72532,2.78541,15.206,10.2793,415.815,417.98,4.06886,2.51348,7.08508,4.18576,9.72182,15.9433,15.9433,1.0,1.0,1
6120,30.05.2024 09:43:35.250000,272.159,296.054,9.76379,9.793,9.69,80.4066,2.73171,2.77466,9.90271,9.78671,415.795,417.965,4.00749,2.74271,7.224,4.12886,9.72244,16.3412,16.3412,1.0,1.0,1
6121,30.05.2024 09:43:35.260000,272.159,296.054,9.76379,9.793,9.69,80.4066,2.73171,2.77466,9.90271,9.78671,415.795,417.965,4.00749,2.74271,7.224,4.12886,9.72244,16.3412,16.3412,1.0,1.0,1
6122,30.05.2024 09:43:35.270000,277.103,295.477,9.7485,9.716,9.722,81.2524,2.75937,2.76432,10.0927,12.3457,415.79,417.875,3.83746,2.99165,7.13535,4.19055,9.72218,16.4931,16.4931,1.0,1.0,1
6123,30.05.2024 09:43:35.280000,277.103,295.477,9.7485,9.716,9.722,81.2524,2.75937,2.76432,10.0927,12.3457,415.79,417.875,3.83746,2.99165,7.13535,4.19055,9.72218,16.4931,16.4931,1.0,1.0,1
6124,30.05.2024 09:43:35.290000,267.132,292.923,9.81775,9.721,9.765,82.8573,2.83,2.75505,13.7491,8.37724,415.8,417.805,3.64185,2.71989,7.00457,4.25286,9.72184,16.985,16.985,1.0,1.0,1
6125,30.05.2024 09:43:35.300000,267.132,292.923,9.81775,9.721,9.765,82.8573,2.83,2.75505,13.7491,8.37724,415.8,417.805,3.64185,2.71989,7.00457,4.25286,9.72184,16.985,16.985,1.0,1.0,1
6126,30.05.2024 09:43:35.310000,272.488,298.938,9.82378,9.782,9.753,84.6939,2.87477,2.75672,15.529,5.54895,415.825,417.765,3.69121,2.28887,6.61064,4.28194,9.72142,17.6866,17.6866,1.0,1.0,1
6127,30.05.2024 09:43:35.320000,272.488,298.938,9.82378,9.782,9.753,84.6939,2.87477,2.75672,15.529,5.54895,415.825,417.765,3.69121,2.28887,6.61064,4.28194,9.72142,17.6866,17.6866,1.0,1.0,1
6128,30.05.2024 09:43:35.330000,270.923,297.125,9.79644,9.816,9.745,86.3776,2.83879,2.79009,16.0282,13.3269,415.925,417.68,4.18946,2.16582,6.49185,4.28635,9.72168,18.2364,18.2364,1.0,1.0,1
6129,30.05.2024 09:43:35.340000,270.923,297.125,9.79644,9.816,9.745,86.3776,2.83879,2.79009,16.0282,13.3269,415.925,417.68,4.18946,2.16582,6.49185,4.28635,9.72168,18.2364,18.2364,1.0,1.0,1
6130,30.05.2024 09:43:35.350000,271.5,293.994,9.84174,9.78,9.738,88.42,2.77569,2.80061,13.0848,11.7472,415.87,417.63,4.72599,1.84057,6.44372,4.20791,9.72117,18.2436,18.2436,1.0,1.0,1
6131,30.05.2024 09:43:35.360000,271.5,293.994,9.84174,9.78,9.738,88.42,2.77569,2.80061,13.0848,11.7472,415.87,417.63,4.72599,1.84057,6.44372,4.20791,9.72117,18.2436,18.2436,1.0,1.0,1
6132,30.05.2024 09:43:35.370000,272.488,289.627,9.84451,9.785,9.81,89.1436,2.74698,2.82479,14.0694,9.56305,415.85,417.57,4.70818,1.7726,6.37957,4.18081,9.7213,18.8296,18.8296,1.0,1.0,1
6133,30.05.2024 09:43:35.380000,272.488,289.627,9.84451,9.785,9.81,89.1436,2.74698,2.82479,14.0694,9.56305,415.85,417.57,4.70818,1.7726,6.37957,4.18081,9.7213,18.8296,18.8296,1.0,1.0,1
6134,30.05.2024 09:43:35.390000,279.41,289.05,9.84867,9.875,9.828,89.6366,2.80744,2.78504,8.69081,13.9208,415.86,417.535,4.58983,1.80769,6.48811,4.29348,9.72178,19.0466,19.0466,1.0,1.0,1
6135,30.05.2024 09:43:35.400000,270.593,295.972,9.85237,9.856,9.822,90.25,2.86082,2.78431,16.2518,10.1118,415.905,417.44,4.69687,1.90395,6.59717,4.28194,9.72187,19.0466,19.0466,1.0,1.0,1
6136,30.05.2024 09:43:35.410000,279.41,289.05,9.84867,9.875,9.828,89.6366,2.80744,2.78504,16.2518,10.1118,415.905,417.44,4.69687,1.90395,6.59717,4.28194,9.72178,19.0466,19.0466,1.0,1.0,1
6137,30.05.2024 09:43:35.420000,279.41,289.05,9.84867,9.875,9.828,89.6366,2.80744,2.78504,16.2518,10.1118,415.905,417.44,4.69687,1.90395,6.59717,4.28194,9.72178,19.0466,19.0466,1.0,1.0,1
6138,30.05.2024 09:43:35.430000,281.552,294.241,9.87988,9.835,9.838,91.4647,2.86459,2.77523,19.7558,10.2752,415.905,417.4,4.8451,2.04487,6.62334,4.32868,9.72223,19.4083,19.4083,1.0,1.0,1
6139,30.05.2024 09:43:35.440000,271.829,292.511,9.90475,9.893,9.84,92.0365,2.8364,2.76594,17.0766,9.38375,415.9,417.39,4.99641,2.22135,6.64489,4.33609,9.72242,19.4083,19.4083,1.0,1.0,1
6140,30.05.2024 09:43:35.450000,271.829,292.511,9.90475,9.893,9.84,92.0365,2.8364,2.76594,17.0766,9.38375,415.9,417.39,4.99641,2.22135,6.64489,4.33609,9.72242,19.4083,19.4083,1.0,1.0,1
6141,30.05.2024 09:43:35.460000,275.125,299.844,9.90475,9.92,9.856,92.4838,2.81437,2.76914,14.4993,6.70347,415.895,417.345,5.13852,2.533,6.701,4.36622,9.72265,19.1985,19.1985,1.0,1.0,1
6142,30.05.2024 09:43:35.470000,275.125,299.844,9.90475,9.92,9.856,92.4838,2.81437,2.76914,14.4993,6.70347,415.895,417.345,5.13852,2.533,6.701,4.36622,9.72265,19.1985,19.1985,1.0,1.0,1
6143,30.05.2024 09:43:35.480000,271.582,295.395,9.92809,9.872,9.87,92.8209,2.79812,2.76827,16.0316,9.44529,415.885,417.27,5.00966,2.849,6.70255,4.42556,9.72311,19.0177,19.0177,1.0,1.0,1
6144,30.05.2024 09:43:35.490000,271.582,295.395,9.92809,9.872,9.87,92.8209,2.79812,2.76827,16.0316,9.44529,415.885,417.27,5.00966,2.849,6.70255,4.42556,9.72311,19.0177,19.0177,1.0,1.0,1
6145,30.05.2024 09:43:35.500000,274.301,294.241,9.94518,9.86,9.888,93.0271,2.83471,2.75895,12.3433,9.86918,415.86,417.2,4.94802,2.83285,6.77764,4.49863,9.72374,19.5023,19.5023,1.0,1.0,1
6146,30.05.2024 09:43:35.510000,273.559,289.462,9.95284,9.944,9.886,93.2235,2.84992,2.74619,15.1938,8.09676,415.865,417.045,4.64244,2.73675,6.85234,4.65911,9.72449,19.5023,19.5023,1.0,1.0,1
6147,30.05.2024 09:43:35.520000,270.758,289.462,9.94392,9.944,9.855,93.3596,2.8541,2.74431,15.1938,8.09676,415.865,417.045,4.64244,2.73675,6.85234,4.65911,9.72449,19.7627,19.7627,1.0,1.0,1
6148,30.05.2024 09:43:35.530000,276.196,284.766,9.94392,9.926,9.893,93.4984,2.85455,2.74222,15.3362,9.24896,415.86,416.995,4.51603,2.50868,6.78691,4.55823,9.72465,19.7627,19.7627,1.0,1.0,1
6149,30.05.2024 09:43:35.540000,276.196,284.766,9.95122,9.926,9.893,93.4984,2.82109,2.75513,15.3362,9.24896,415.86,416.995,4.51603,2.50868,6.78691,4.55823,9.72474,19.7483,19.7483,1.0,1.0,1
6150,30.05.2024 09:43:35.550000,270.923,273.065,9.93734,9.941,9.887,93.6517,2.80405,2.76015,15.9631,8.23618,415.88,416.935,4.46311,2.38033,6.7984,4.58148,9.72474,19.8495,19.8495,1.0,1.0,1
6151,30.05.2024 09:43:35.560000,271.335,245.132,9.93734,9.975,9.905,93.6517,2.78693,2.76301,11.9115,11.0693,415.94,416.89,4.50907,2.40542,6.74616,4.49706,9.72505,19.8495,19.8495,1.0,1.0,1
6152,30.05.2024 09:43:35.570000,271.335,245.132,9.94001,9.975,9.905,93.696,2.77417,2.7705,11.9115,11.0693,415.94,416.89,4.50907,2.40542,6.74616,4.49706,9.72505,20.4355,20.4355,1.0,1.0,1
6153,30.05.2024 09:43:35.580000,271.335,245.132,9.94001,9.975,9.905,93.696,2.77417,2.7705,11.9115,11.0693,415.94,416.89,4.50907,2.40542,6.74616,4.49706,9.72505,20.4355,20.4355,1.0,1.0,1
6154,30.05.2024 09:43:35.590000,264.331,221.979,9.95279,9.984,9.914,93.7236,2.76673,2.78722,11.8576,10.9045,415.975,416.855,4.82419,2.315,6.77041,4.5631,9.72559,21.3325,21.3325,1.0,1.0,1
6155,30.05.2024 09:43:35.600000,264.331,221.979,9.95279,9.984,9.914,93.7236,2.76673,2.78722,11.8576,10.9045,415.975,416.855,4.82419,2.315,6.77041,4.5631,9.72559,21.3325,21.3325,1.0,1.0,1
6156,30.05.2024 09:43:35.610000,250.076,212.256,9.96142,9.949,9.907,93.764,2.79268,2.78357,12.939,14.8096,415.985,416.82,5.28625,2.48032,6.7573,4.59869,9.72543,21.6363,21.6363,1.0,1.0,1
6157,30.05.2024 09:43:35.620000,250.076,212.256,9.96142,9.949,9.907,93.764,2.79268,2.78357,12.939,14.8096,415.985,416.82,5.28625,2.48032,6.7573,4.59869,9.72543,21.6363,21.6363,1.0,1.0,1
6158,30.05.2024 09:43:35.630000,241.507,211.349,9.955,9.927,9.913,93.7674,2.84658,2.78534,13.8635,11.2808,415.98,416.75,5.62356,2.77981,6.97079,4.71906,9.72624,21.6869,21.6869,1.0,1.0,1
6159,30.05.2024 09:43:35.640000,219.919,177.319,9.94661,9.965,9.897,93.8242,2.86404,2.7821,16.3401,10.3235,416.0,416.6,5.56269,2.57867,7.04202,4.81484,9.72668,21.6797,21.6797,1.0,1.0,1
6160,30.05.2024 09:43:35.650000,219.919,177.319,9.94379,9.965,9.897,93.8473,2.86289,2.77795,16.3401,10.3235,416.0,416.6,5.56269,2.57867,7.04202,4.81484,9.72668,22.338,22.338,1.0,1.0,1
6161,30.05.2024 09:43:35.660000,210.937,145.019,9.95289,9.957,9.89,93.8788,2.83398,2.78568,17.0163,10.9391,416.1,416.575,5.72894,2.44119,7.16009,4.89516,9.72646,22.338,22.338,1.0,1.0,1
6162,30.05.2024 09:43:35.670000,210.937,139.087,9.95289,9.936,9.89,93.8788,2.81898,2.79186,11.8795,10.8786,416.135,416.565,6.44067,2.45107,7.26976,4.94471,9.72649,22.8299,22.8299,1.0,1.0,1
6163,30.05.2024 09:43:35.680000,211.349,139.087,9.95111,9.936,9.854,93.8944,2.80434,2.79586,11.8795,10.8786,416.135,416.565,6.44067,2.45107,7.26976,4.94471,9.72649,22.8299,22.8299,1.0,1.0,1
6164,30.05.2024 09:43:35.690000,197.424,125.079,9.95111,9.92,9.864,93.8811,2.79227,2.79657,12.3343,11.245,416.14,416.565,7.02884,2.60068,7.42728,5.01988,9.72679,22.8299,22.8299,1.0,1.0,1
6165,30.05.2024 09:43:35.700000,197.424,125.079,9.95359,9.92,9.864,93.8811,2.79296,2.78361,12.3343,11.245,416.14,416.565,7.02884,2.60068,7.42728,5.01988,9.72692,22.8588,22.8588,1.0,1.0,1
6166,30.05.2024 09:43:35.710000,190.091,119.888,9.94351,9.921,9.864,93.92,2.8063,2.77637,12.2873,12.9065,416.125,416.54,7.38784,3.13035,7.41698,5.03046,9.72692,23.1192,23.1192,1.0,1.0,1
6167,30.05.2024 09:43:35.720000,190.091,119.888,9.94351,9.921,9.864,93.92,2.8063,2.77637,12.2873,12.9065,416.125,416.54,7.38784,3.13035,7.41698,5.03046,9.72692,23.1192,23.1192,1.0,1.0,1
6168,30.05.2024 09:43:35.730000,176.248,108.929,9.94351,9.934,9.875,93.92,2.82612,2.77162,12.2644,7.28382,416.125,416.47,7.58479,3.4667,7.73479,5.05426,9.72749,23.1192,23.1192,1.0,1.0,1
6169,30.05.2024 09:43:35.740000,151.117,103.574,9.95149,9.93,9.874,93.8924,2.88925,2.7563,13.4279,10.461,416.165,416.405,7.7405,3.57154,8.13293,5.00632,9.72806,23.1192,23.1192,1.0,1.0,1
6170,30.05.2024 09:43:35.750000,151.117,97.641,9.95149,9.92,9.874,93.8924,2.89624,2.75052,14.4341,10.0127,416.225,416.34,8.00378,3.6328,8.26042,5.04571,9.72885,23.1192,23.1192,1.0,1.0,1
6171,30.05.2024 09:43:35.760000,140.57,97.641,9.95626,9.92,9.856,93.9181,2.89306,2.74815,14.4341,10.0127,416.225,416.34,8.00378,3.6328,8.26042,5.04571,9.72885,23.5749,23.5749,1.0,1.0,1
6172,30.05.2024 09:43:35.770000,126.562,74.5697,9.95626,9.905,9.876,93.9505,2.87782,2.74867,16.9931,5.67642,416.27,416.305,8.34973,3.71635,8.5327,5.13753,9.72884,23.5749,23.5749,1.0,1.0,1
6173,30.05.2024 09:43:35.780000,126.562,74.5697,9.94433,9.905,9.876,93.9505,2.8218,2.75311,16.9931,5.67642,416.27,416.305,8.34973,3.71635,8.5327,5.13753,9.72882,23.6111,23.6111,1.0,1.0,1
6174,30.05.2024 09:43:35.790000,115.604,40.9515,9.92451,9.904,9.884,93.9612,2.79396,2.75499,12.5723,7.64665,416.315,416.285,8.68265,3.75893,8.77593,5.24714,9.72882,23.6111,23.6111,1.0,1.0,1
6175,30.05.2024 09:43:35.800000,107.034,6.92138,9.92451,9.905,9.899,93.9612,2.77662,2.75709,10.3793,8.25324,416.385,416.26,9.04739,4.04076,9.09831,5.39628,9.72917,23.6111,23.6111,1.0,1.0,1
6176,30.05.2024 09:43:35.810000,107.034,6.92138,9.93325,9.905,9.899,93.975,2.76814,2.75679,10.3793,8.25324,416.385,416.26,9.04739,4.04076,9.09831,5.39628,9.72917,24.0668,24.0668,1.0,1.0,1
6177,30.05.2024 09:43:35.820000,107.034,6.92138,9.93325,9.905,9.899,93.975,2.76814,2.75679,10.3793,8.25324,416.385,416.26,9.04739,4.04076,9.09831,5.39628,9.72917,24.0668,24.0668,1.0,1.0,1
6178,30.05.2024 09:43:35.830000,103.491,-19.4458,9.92517,9.906,9.879,93.9488,2.78861,2.75263,9.93248,8.7445,416.49,416.21,9.58339,4.15905,9.52577,5.49402,9.72917,24.0668,24.0668,1.0,1.0,1
6179,30.05.2024 09:43:35.840000,103.491,-19.4458,9.92517,9.906,9.879,93.9488,2.78861,2.75263,9.93248,8.7445,416.49,416.21,9.58339,4.15905,9.52577,5.49402,9.72917,24.0668,24.0668,1.0,1.0,1
6180,30.05.2024 09:43:35.850000,97.9706,-40.8691,9.92018,9.864,9.87,93.9108,2.82603,2.74918,10.3947,7.07591,416.53,416.17,10.4143,4.05458,10.2171,5.55038,9.72943,24.349,24.349,1.0,1.0,1
6181,30.05.2024 09:43:35.860000,97.9706,-40.8691,9.92018,9.864,9.87,93.9108,2.82603,2.74918,10.3947,7.07591,416.53,416.17,10.4143,4.05458,10.2171,5.55038,9.72943,24.349,24.349,1.0,1.0,1
6182,30.05.2024 09:43:35.870000,67.0715,-57.6782,9.92382,9.846,9.88,93.9603,2.87242,2.7506,11.5749,9.12402,416.545,416.115,11.0303,4.00268,11.1505,5.70031,9.72948,24.1319,24.1319,1.0,1.0,1
6183,30.05.2024 09:43:35.880000,27.8503,-92.6147,9.93126,9.822,9.858,93.9724,2.86707,2.75208,13.8531,7.94874,416.675,416.025,11.3585,3.67136,11.5332,5.85667,9.72939,24.3779,24.3779,1.0,1.0,1
6184,30.05.2024 09:43:35.890000,27.8503,-92.6147,9.91866,9.822,9.858,93.9519,2.84938,2.75293,13.8531,7.94874,416.675,416.025,11.3585,3.67136,11.5332,5.85667,9.72939,24.0885,24.0885,1.0,1.0,1
6185,30.05.2024 09:43:35.900000,-0.32959,-101.843,9.89881,9.838,9.852,93.9512,2.80235,2.76088,14.4432,12.1403,416.68,416.025,11.5394,3.70389,11.957,6.09892,9.72993,24.0885,24.0885,1.0,1.0,1
6186,30.05.2024 09:43:35.910000,-0.32959,-140.405,9.89881,9.889,9.852,93.9512,2.77781,2.76347,11.4926,8.79812,416.71,416.025,11.1482,3.99735,12.0556,6.3417,9.72988,23.5894,23.5894,1.0,1.0,1
6187,30.05.2024 09:43:35.920000,-43.0939,-140.405,9.90025,9.889,9.864,93.9466,2.76334,2.76429,11.4926,8.79812,416.71,416.025,11.1482,3.99735,12.0556,6.3417,9.72988,22.866,22.866,1.0,1.0,1
6188,30.05.2024 09:43:35.930000,-66.9891,-153.836,9.90025,9.891,9.848,93.9854,2.76101,2.76273,8.12827,9.83728,416.82,416.02,10.5163,4.10779,11.9539,6.44947,9.72994,22.866,22.866,1.0,1.0,1
6189,30.05.2024 09:43:35.940000,-66.9891,-153.836,9.90025,9.891,9.848,93.9854,2.76101,2.76273,8.12827,9.83728,416.82,416.02,10.5163,4.10779,11.9539,6.44947,9.72994,22.866,22.866,1.0,1.0,1
6190,30.05.2024 09:43:35.950000,-66.9891,-153.836,9.91269,9.891,9.848,93.9854,2.78565,2.75203,10.377,9.53879,416.945,416.01,10.1368,4.33555,12.1291,6.59068,9.73033,22.9022,22.9022,1.0,1.0,1
6191,30.05.2024 09:43:35.960000,-103.491,-172.458,9.90532,9.838,9.82,94.0372,2.83865,2.74826,12.3638,8.12286,417.06,415.98,9.82959,4.73594,12.1109,6.68242,9.73015,22.0124,22.0124,1.0,1.0,1
6192,30.05.2024 09:43:35.970000,-103.491,-172.458,9.88962,9.838,9.82,94.0266,2.86569,2.74593,12.3638,8.12286,417.06,415.98,9.82959,4.73594,12.1109,6.68242,9.73015,21.224,21.224,1.0,1.0,1
6193,30.05.2024 09:43:35.980000,-102.338,-174.765,9.8819,9.842,9.8,94.0571,2.89546,2.74496,13.6568,8.36373,417.16,415.955,9.42941,4.85891,11.8263,6.90253,9.73055,21.224,21.224,1.0,1.0,1
6194,30.05.2024 09:43:35.990000,-102.338,-173.364,9.8819,9.877,9.8,94.0571,2.8951,2.74488,14.7786,9.56724,417.195,415.95,8.93064,4.89381,11.889,7.13131,9.73075,21.224,21.224,1.0,1.0,1
6195,30.05.2024 09:43:36.000000,-107.199,-173.364,9.89945,9.877,9.8,94.0241,2.88166,2.74582,14.7786,9.56724,417.195,415.95,8.93064,4.89381,11.889,7.13131,9.73075,19.2419,19.2419,1.0,1.0,1
6196,30.05.2024 09:43:36.010000,-107.199,-173.364,9.89945,9.877,9.8,94.0241,2.88166,2.74582,14.7786,9.56724,417.195,415.95,8.93064,4.89381,11.889,7.13131,9.73075,19.2419,19.2419,1.0,1.0,1
6197,30.05.2024 09:43:36.020000,-109.012,-170.727,9.89945,9.884,9.762,94.0199,2.86052,2.75023,13.9544,8.31836,417.28,415.94,7.71408,5.18947,11.8044,7.44572,9.73163,19.2419,19.2419,1.0,1.0,1
6198,30.05.2024 09:43:36.030000,-130.93,-178.885,9.8598,9.853,9.816,94.0078,2.79908,2.7561,11.2242,9.14346,417.405,415.89,6.54072,5.47982,11.0609,7.65929,9.73126,18.2581,18.2581,1.0,1.0,1
6199,30.05.2024 09:43:36.040000,-139.581,-176.99,9.8598,9.832,9.843,94.0078,2.79171,2.7554,9.20444,10.1355,417.485,415.875,5.57987,5.3364,10.3879,7.8562,9.73092,18.2581,18.2581,1.0,1.0,1
6200,30.05.2024 09:43:36.050000,-139.581,-176.99,9.85117,9.832,9.843,93.9917,2.80043,2.75389,9.20444,10.1355,417.485,415.875,5.57987,5.3364,10.3879,7.8562,9.73092,17.4479,17.4479,0.0,1.0,1
6201,30.05.2024 09:43:36.060000,-150.046,-174.765,9.86436,9.852,9.854,93.9859,2.84945,2.74161,10.0273,8.82157,417.58,415.845,4.5261,5.3038,9.61544,8.02225,9.73094,17.4479,17.4479,0.0,1.0,1
6202,30.05.2024 09:43:36.070000,-150.046,-177.731,9.86436,9.856,9.854,93.9859,2.87774,2.73931,13.9173,7.46167,417.715,415.79,3.55382,5.19224,8.2001,8.08595,9.73089,17.4479,17.4479,0.0,1.0,1
6203,30.05.2024 09:43:36.080000,-150.046,-177.731,9.86436,9.856,9.854,93.9859,2.87774,2.73931,13.9173,7.46167,417.715,415.79,3.55382,5.19224,8.2001,8.08595,9.73089,17.4479,17.4479,0.0,1.0,1
6204,30.05.2024 09:43:36.090000,-149.139,-177.731,9.86271,9.856,9.8,94.0145,2.9042,2.73707,14.2739,10.4617,417.8,415.785,3.10462,4.82429,7.22237,8.08795,9.73089,17.1875,17.1875,0.0,1.0,1
6205,30.05.2024 09:43:36.100000,-154.66,-178.72,9.84781,9.828,9.787,93.9913,2.93039,2.73607,14.2739,10.4617,417.8,415.785,2.78845,4.7038,6.62276,8.05817,9.73057,17.2237,17.2237,0.0,1.0,1
6206,30.05.2024 09:43:36.110000,-151.117,-180.615,9.84156,9.81,9.814,93.9617,2.91221,2.74033,15.996,8.66626,417.87,415.78,2.78845,4.7038,6.62276,8.05817,9.73057,17.2237,17.2237,0.0,1.0,1
6207,30.05.2024 09:43:36.120000,-151.117,-180.615,9.84156,9.81,9.814,93.9617,2.91221,2.74033,15.996,8.66626,417.87,415.78,2.78845,4.7038,6.62276,8.05817,9.73057,17.2237,17.2237,0.0,1.0,1
6208,30.05.2024 09:43:36.130000,-151.199,-180.862,9.84156,9.816,9.798,93.9617,2.87775,2.74621,15.3708,7.51723,417.93,415.76,2.47371,4.80534,5.90898,8.05185,9.73114,17.4624,17.4624,0.0,1.0,1
6209,30.05.2024 09:43:36.140000,-154.33,-181.439,9.8514,9.842,9.816,94.0034,2.76964,2.75266,11.2234,8.04993,417.975,415.735,2.22365,4.67838,5.44417,8.07037,9.73068,17.4624,17.4624,0.0,1.0,1
6210,30.05.2024 09:43:36.150000,-154.33,-173.199,9.8514,9.869,9.816,94.0034,2.74968,2.75184,8.96673,9.21389,418.035,415.705,2.20244,4.55422,5.32559,8.13287,9.73116,17.2381,17.2381,0.0,1.0,1
6211,30.05.2024 09:43:36.160000,-155.484,-173.199,9.83548,9.869,9.77,93.8529,2.7482,2.75103,8.96673,9.21389,418.035,415.705,2.20244,4.55422,5.32559,8.13287,9.73116,17.2815,17.2815,0.0,1.0,1
6212,30.05.2024 09:43:36.170000,-151.694,-173.941,9.83548,9.849,9.741,93.895,2.75933,2.74575,7.78407,6.85614,418.07,415.715,2.16697,4.46748,5.16452,8.28787,9.73098,17.2815,17.2815,0.0,1.0,1
6213,30.05.2024 09:43:36.180000,-151.694,-173.941,9.83548,9.849,9.741,93.895,2.75933,2.74575,7.78407,6.85614,418.07,415.715,2.16697,4.46748,5.16452,8.28787,9.73098,17.2815,17.2815,0.0,1.0,1
6214,30.05.2024 09:43:36.190000,-151.694,-173.941,9.84084,9.849,9.741,93.895,2.81839,2.7335,7.93288,7.12584,418.105,415.715,2.22191,4.49358,5.07368,8.3428,9.73085,17.5275,17.5275,0.0,1.0,1
6215,30.05.2024 09:43:36.200000,-145.596,-180.286,9.86589,9.78,9.812,93.9589,2.88906,2.73093,12.4886,10.9792,418.14,415.71,2.32078,4.63336,5.03624,8.31627,9.73117,17.6143,17.6143,0.0,1.0,1
6216,30.05.2024 09:43:36.210000,-145.596,-180.286,9.86355,9.78,9.812,93.9671,2.91581,2.7299,12.4886,10.9792,418.14,415.71,2.32078,4.63336,5.03624,8.31627,9.73117,17.1586,17.1586,0.0,1.0,1
6217,30.05.2024 09:43:36.220000,-153.506,-179.956,9.84347,9.823,9.802,93.9359,2.93021,2.73424,15.3865,7.42514,418.165,415.7,2.44063,4.65359,4.92323,8.32522,9.73117,17.1586,17.1586,0.0,1.0,1
6218,30.05.2024 09:43:36.230000,-153.506,-179.379,9.84347,9.818,9.802,93.9359,2.91892,2.73881,13.5941,9.11987,418.17,415.7,2.50013,4.5577,4.90736,8.31141,9.73164,16.6811,16.6811,0.0,1.0,1
6219,30.05.2024 09:43:36.240000,-150.705,-179.379,9.85308,9.818,9.828,93.9079,2.89235,2.74572,13.5941,9.11987,418.17,415.7,2.50013,4.5577,4.90736,8.31141,9.73164,16.6884,16.6884,0.0,1.0,1
6220,30.05.2024 09:43:36.250000,-150.705,-179.379,9.85308,9.818,9.828,93.9079,2.89235,2.74572,13.5941,9.11987,418.17,415.7,2.50013,4.5577,4.90736,8.31141,9.73164,16.6884,16.6884,0.0,1.0,1
6221,30.05.2024 09:43:36.260000,-152.435,-177.319,9.85308,9.81,9.846,93.9103,2.86136,2.75211,11.9997,9.49646,418.165,415.7,2.64077,4.6712,4.8668,8.26923,9.73207,15.8854,15.8854,0.0,1.0,1
6222,30.05.2024 09:43:36.270000,-154.742,-169.656,9.88373,9.812,9.802,94.135,2.77512,2.75519,11.025,11.2943,418.16,415.69,2.46824,4.83207,4.84662,8.30694,9.73296,15.5888,15.5888,0.0,1.0,1
6223,30.05.2024 09:43:36.280000,-156.885,-172.87,9.88373,9.817,9.816,94.135,2.77003,2.7493,6.60009,9.54927,418.16,415.69,2.36218,4.86097,4.85641,8.31684,9.73263,15.5888,15.5888,0.0,1.0,1
6224,30.05.2024 09:43:36.290000,-156.885,-172.87,9.86294,9.817,9.816,94.1119,2.77947,2.7395,6.60009,9.54927,418.16,415.69,2.36218,4.86097,4.85641,8.31684,9.73263,15.5888,15.5888,0.0,1.0,1
6225,30.05.2024 09:43:36.300000,-149.387,-173.529,9.85238,9.834,9.829,94.1316,2.83357,2.72742,6.74,8.3642,418.16,415.69,2.25869,4.95781,4.92723,8.31711,9.73244,15.5888,15.5888,0.0,1.0,1
6226,30.05.2024 09:43:36.310000,-149.387,-173.529,9.85238,9.834,9.829,94.1316,2.83357,2.72742,6.74,8.3642,418.16,415.69,2.25869,4.95781,4.92723,8.31711,9.73244,15.5888,15.5888,0.0,1.0,1
6227,30.05.2024 09:43:36.320000,-149.387,-178.885,9.85238,9.868,9.829,94.1316,2.87878,2.72118,10.4606,8.39809,418.155,415.685,2.12114,5.1619,4.9535,8.33973,9.73251,14.9378,14.9378,0.0,1.0,1
6228,30.05.2024 09:43:36.330000,-157.05,-180.78,9.86177,9.866,9.814,94.0496,2.97556,2.71575,14.6689,7.56911,418.15,415.66,2.00903,5.19661,4.97353,8.36502,9.73259,14.3808,14.3808,0.0,1.0,1
6229,30.05.2024 09:43:36.340000,-157.05,-180.78,9.87751,9.866,9.814,94.0496,2.97862,2.71734,14.6689,7.56911,418.15,415.66,2.00903,5.19661,4.97353,8.36502,9.73304,14.171,14.171,0.0,1.0,1
6230,30.05.2024 09:43:36.350000,-152.188,-165.701,9.86563,9.838,9.757,94.2803,2.96426,2.71959,15.3629,6.94718,418.15,415.63,1.97647,5.16718,4.99046,8.3879,9.73304,13.9323,13.9323,0.0,1.0,1
6231,30.05.2024 09:43:36.360000,-150.952,-178.802,9.86563,9.836,9.785,94.2803,2.93187,2.72706,15.0157,6.44553,418.165,415.625,1.97887,4.93578,4.92719,8.33476,9.73236,13.9323,13.9323,0.0,1.0,1
6232,30.05.2024 09:43:36.370000,-150.952,-178.802,9.86943,9.836,9.785,94.1993,2.88927,2.73708,15.0157,6.44553,418.165,415.625,1.97887,4.93578,4.92719,8.33476,9.73236,13.9323,13.9323,0.0,1.0,1
6233,30.05.2024 09:43:36.380000,-154.083,-177.319,9.88192,9.845,9.792,94.1816,2.80679,2.74471,12.2197,9.25326,418.19,415.625,1.90592,4.90378,4.96809,8.36138,9.73292,13.9323,13.9323,0.0,1.0,1
6234,30.05.2024 09:43:36.390000,-154.083,-177.319,9.88192,9.845,9.792,94.1816,2.80679,2.74471,12.2197,9.25326,418.19,415.625,1.90592,4.90378,4.96809,8.36138,9.73292,13.9323,13.9323,0.0,1.0,1
6235,30.05.2024 09:43:36.400000,-154.083,-181.11,9.88192,9.869,9.792,94.1816,2.78122,2.74384,7.47141,8.92808,418.21,415.615,2.00008,4.88401,4.96395,8.31794,9.73313,13.6212,13.6212,0.0,1.0,1
6236,30.05.2024 09:43:36.410000,-154.083,-181.11,9.88192,9.869,9.792,94.1816,2.78122,2.74384,7.47141,8.92808,418.21,415.615,2.00008,4.88401,4.96395,8.31794,9.73313,13.6212,13.6212,0.0,1.0,1
6237,30.05.2024 09:43:36.420000,-151.117,-175.836,9.88157,9.881,9.836,94.0854,2.7959,2.73396,5.95976,8.08864,418.215,415.615,2.1318,4.76449,5.06478,8.37107,9.73354,13.6212,13.6212,0.0,1.0,1
6238,30.05.2024 09:43:36.430000,-151.117,-175.836,9.88157,9.881,9.836,94.0854,2.7959,2.73396,5.95976,8.08864,418.215,415.615,2.1318,4.76449,5.06478,8.37107,9.73354,13.6212,13.6212,0.0,1.0,1
6239,30.05.2024 09:43:36.440000,-156.72,-177.649,9.8595,9.869,9.851,94.075,2.86476,2.72472,7.96771,6.33819,418.22,415.615,2.19198,4.73611,5.15641,8.25691,9.73346,12.6736,12.6736,0.0,1.0,1
6240,30.05.2024 09:43:36.450000,-156.72,-177.649,9.8595,9.869,9.851,94.075,2.86476,2.72472,7.96771,6.33819,418.22,415.615,2.19198,4.73611,5.15641,8.25691,9.73346,12.6736,12.6736,0.0,1.0,1
6241,30.05.2024 09:43:36.460000,-156.72,-179.379,9.88375,9.833,9.809,94.109,2.9435,2.71748,11.9666,5.14146,418.25,415.615,2.25496,4.71903,5.17096,8.22745,9.73371,12.6736,12.6736,0.0,1.0,1
6242,30.05.2024 09:43:36.470000,-153.671,-175.424,9.8827,9.805,9.856,94.0978,2.92298,2.72707,14.4615,3.14203,418.235,415.62,2.47006,4.68134,5.13443,8.18096,9.73413,12.6736,12.6736,0.0,1.0,1
6243,30.05.2024 09:43:36.480000,-148.48,-175.424,9.87612,9.805,9.816,94.2882,2.89395,2.73653,14.4615,3.14203,418.235,415.62,2.47006,4.68134,5.13443,8.18096,9.73413,12.1311,12.1311,0.0,1.0,1
6244,30.05.2024 09:43:36.490000,-154.33,-179.956,9.87612,9.825,9.839,94.0838,2.8609,2.74094,11.6678,5.62103,418.225,415.62,2.5719,4.69831,5.05441,8.09017,9.73479,12.1311,12.1311,0.0,1.0,1
6245,30.05.2024 09:43:36.500000,-154.33,-179.956,9.87546,9.825,9.839,94.0838,2.79539,2.74296,11.6678,5.62103,418.225,415.62,2.5719,4.69831,5.05441,8.09017,9.73509,11.2124,11.2124,0.0,1.0,1
6246,30.05.2024 09:43:36.510000,-154.33,-179.956,9.87546,9.825,9.839,94.0838,2.79539,2.74296,11.6678,5.62103,418.225,415.62,2.5719,4.69831,5.05441,8.09017,9.73509,11.2124,11.2124,0.0,1.0,1
6247,30.05.2024 09:43:36.520000,-146.832,-168.75,9.88597,9.832,9.83,94.0511,2.77859,2.74123,8.96031,11.6875,418.185,415.63,2.62331,4.59486,5.04054,8.02506,9.73509,11.2124,11.2124,0.0,1.0,1
6248,30.05.2024 09:43:36.530000,-157.709,-179.297,9.88807,9.83,9.821,93.9184,2.80413,2.71711,7.02412,5.83818,418.15,415.63,2.30583,4.72122,5.04655,8.00363,9.73587,9.23757,9.23757,0.0,1.0,1
6249,30.05.2024 09:43:36.540000,-153.259,-169.492,9.87521,9.832,9.836,93.9324,2.8368,2.71102,5.33706,5.50044,418.135,415.63,2.03454,4.86389,5.03931,7.94999,9.73556,9.23757,9.23757,0.0,1.0,1
6250,30.05.2024 09:43:36.550000,-153.259,-178.555,9.87521,9.862,9.836,93.9324,2.87145,2.70522,10.3611,7.09559,418.14,415.625,1.84359,4.97283,5.11069,8.02841,9.73521,8.25377,8.25377,0.0,1.0,1
6251,30.05.2024 09:43:36.560000,-152.93,-178.555,9.86342,9.862,9.814,93.9401,2.90112,2.70069,10.3611,7.09559,418.14,415.625,1.84359,4.97283,5.11069,8.02841,9.73521,8.28993,8.28993,0.0,1.0,1
6252,30.05.2024 09:43:36.570000,-148.975,-177.319,9.86342,9.886,9.835,94.0566,2.92872,2.70131,12.5157,6.96199,418.14,415.63,1.52043,5.04193,5.10838,8.04994,9.73514,8.28993,8.28993,0.0,1.0,1
6253,30.05.2024 09:43:36.580000,-148.975,-177.319,9.87778,9.886,9.835,94.0566,2.94839,2.7129,12.5157,6.96199,418.14,415.63,1.52043,5.04193,5.10838,8.04994,9.73522,7.53762,7.53762,0.0,1.0,1
6254,30.05.2024 09:43:36.590000,-154.66,-173.035,9.88101,9.896,9.787,94.0601,2.94045,2.72494,12.6205,5.37417,418.165,415.625,1.30069,5.13333,5.01798,8.10195,9.73522,7.39294,7.39294,0.0,1.0,1
6255,30.05.2024 09:43:36.600000,-153.094,-175.424,9.88101,9.853,9.782,94.0601,2.92335,2.73381,13.0075,8.71511,418.15,415.625,1.2296,5.1313,4.9619,8.11617,9.7356,7.39294,7.39294,0.0,1.0,1
6256,30.05.2024 09:43:36.610000,-153.094,-175.424,9.86752,9.853,9.782,94.0254,2.90155,2.73985,13.0075,8.71511,418.15,415.625,1.2296,5.1313,4.9619,8.11617,9.7356,7.39294,7.39294,0.0,1.0,1
6257,30.05.2024 09:43:36.620000,-154.166,-170.892,9.85386,9.819,9.798,94.0259,2.85934,2.74363,12.5355,11.922,418.145,415.62,1.17343,5.07532,4.96592,8.09917,9.73488,7.39294,7.39294,0.0,1.0,1
6258,30.05.2024 09:43:36.630000,-154.166,-170.892,9.85386,9.819,9.798,94.0259,2.85934,2.74363,12.5355,11.922,418.145,415.62,1.17343,5.07532,4.96592,8.09917,9.73488,7.39294,7.39294,0.0,1.0,1
6259,30.05.2024 09:43:36.640000,-154.166,-176.331,9.85386,9.82,9.798,94.0259,2.84809,2.73976,10.5707,9.18677,418.16,415.625,1.14443,5.00971,4.90125,8.09983,9.73573,7.32783,7.32783,0.0,1.0,1
6260,30.05.2024 09:43:36.650000,-156.226,-171.057,9.87766,9.86,9.789,94.0082,2.86282,2.71812,9.09034,8.91163,418.175,415.625,1.22721,4.99588,4.92285,8.10114,9.73583,7.16869,7.16869,0.0,1.0,1
6261,30.05.2024 09:43:36.660000,-156.226,-171.057,9.88919,9.86,9.789,94.0082,2.87936,2.71079,9.09034,8.91163,418.175,415.625,1.22721,4.99588,4.92285,8.10114,9.73624,7.11806,7.11806,0.0,1.0,1
6262,30.05.2024 09:43:36.670000,-153.589,-180.038,9.86089,9.882,9.786,94.0602,2.90006,2.70642,9.51354,8.97974,418.175,415.62,1.40576,4.88171,4.87782,8.07182,9.73624,7.11082,7.11082,0.0,1.0,1
6263,30.05.2024 09:43:36.680000,-151.282,-177.484,9.86089,9.865,9.772,94.0602,2.91236,2.70463,12.3296,9.0547,418.2,415.63,1.49949,4.7962,4.82673,8.07526,9.73637,7.11082,7.11082,0.0,1.0,1
6264,30.05.2024 09:43:36.690000,-151.282,-177.484,9.85865,9.865,9.772,94.0325,2.91927,2.70461,12.3296,9.0547,418.2,415.63,1.49949,4.7962,4.82673,8.07526,9.73637,7.06018,7.06018,0.0,1.0,1
6265,30.05.2024 09:43:36.700000,-154.742,-170.233,9.88437,9.836,9.78,94.0118,2.90812,2.70913,12.6622,6.06458,418.175,415.64,1.87516,4.82624,4.89876,8.0837,9.73676,7.06018,7.06018,0.0,1.0,1
6266,30.05.2024 09:43:36.710000,-154.742,-178.638,9.88437,9.829,9.78,94.0118,2.88989,2.71452,10.4079,6.59807,418.165,415.65,1.99477,4.67937,4.88086,8.08917,9.73744,6.63339,6.63339,0.0,1.0,1
6267,30.05.2024 09:43:36.720000,-147.656,-178.638,9.879,9.829,9.803,94.0115,2.87067,2.71846,10.4079,6.59807,418.165,415.65,1.99477,4.67937,4.88086,8.08917,9.73744,5.77257,5.77257,0.0,1.0,1
6268,30.05.2024 09:43:36.730000,-158.615,-176.66,9.879,9.83,9.787,93.9862,2.84761,2.72121,9.5541,7.03935,418.185,415.67,2.19619,4.67204,4.81444,8.02266,9.73732,5.77257,5.77257,0.0,1.0,1
6269,30.05.2024 09:43:36.740000,-158.615,-176.66,9.8647,9.83,9.787,93.9862,2.82488,2.72266,9.5541,7.03935,418.185,415.67,2.19619,4.67204,4.81444,8.02266,9.73771,5.77257,5.77257,0.0,1.0,1
6270,30.05.2024 09:43:36.750000,-153.259,-171.634,9.86725,9.838,9.801,93.9762,2.82578,2.72072,6.45195,4.74138,418.16,415.67,2.39794,4.68604,4.82882,8.04116,9.73771,5.11429,5.11429,0.0,1.0,1
6271,30.05.2024 09:43:36.760000,-154.248,-176.001,9.86725,9.854,9.785,93.9762,2.83529,2.71818,8.27184,7.13265,418.13,415.68,2.41514,4.64126,4.72979,7.95772,9.73823,5.11429,5.11429,0.0,1.0,1
6272,30.05.2024 09:43:36.770000,-154.248,-176.001,9.89112,9.854,9.785,93.9464,2.84806,2.71587,8.27184,7.13265,418.13,415.68,2.41514,4.64126,4.72979,7.95772,9.73823,5.12153,5.12153,0.0,1.0,1
6273,30.05.2024 09:43:36.780000,-154.742,-169.327,9.894,9.836,9.785,93.8942,2.88212,2.70903,6.14308,4.67043,418.105,415.705,2.23128,4.57783,4.70659,7.8437,9.73864,5.12153,5.12153,0.0,1.0,1
6274,30.05.2024 09:43:36.790000,-154.742,-174.106,9.894,9.833,9.785,93.8942,2.89313,2.70919,8.36201,5.71591,418.05,415.71,1.98681,4.7778,4.71818,7.68421,9.73822,4.44879,4.44879,0.0,1.0,1
6275,30.05.2024 09:43:36.800000,-156.802,-174.106,9.88375,9.833,9.819,93.8861,2.90145,2.70948,8.36201,5.71591,418.05,415.71,1.98681,4.7778,4.71818,7.68421,9.73822,4.44879,4.44879,0.0,1.0,1
6276,30.05.2024 09:43:36.810000,-145.843,-175.507,9.88375,9.849,9.798,93.9308,2.9029,2.70806,11.6986,7.88866,418.025,415.705,1.45162,4.84315,4.68256,7.52075,9.73781,4.44879,4.44879,0.0,1.0,1
6277,30.05.2024 09:43:36.820000,-145.843,-175.507,9.85435,9.849,9.798,93.9308,2.88458,2.7135,11.6986,7.88866,418.025,415.705,1.45162,4.84315,4.68256,7.52075,9.73769,3.90625,3.90625,0.0,1.0,1
6278,30.05.2024 09:43:36.830000,-157.873,-171.057,9.86131,9.881,9.846,93.9148,2.87511,2.71783,9.01794,6.94015,418.025,415.72,1.0127,4.78756,4.71602,7.39168,9.73769,4.14497,4.14497,0.0,1.0,1
6279,30.05.2024 09:43:36.840000,-153.589,-179.626,9.86131,9.876,9.828,93.9148,2.86191,2.72179,8.06298,8.33173,418.015,415.74,0.724423,4.80951,4.78163,7.29937,9.7376,4.14497,4.14497,0.0,1.0,1
6280,30.05.2024 09:43:36.850000,-153.589,-179.626,9.87187,9.876,9.828,93.8776,2.85525,2.72624,8.06298,8.33173,418.015,415.74,0.724423,4.80951,4.78163,7.29937,9.7376,4.14497,4.14497,0.0,1.0,1
6281,30.05.2024 09:43:36.860000,-156.555,-174.353,9.85971,9.854,9.811,93.866,2.86129,2.72705,9.526,9.60467,418.015,415.755,0.399424,4.92402,4.71453,7.24694,9.738,4.14497,4.14497,0.0,1.0,1
6282,30.05.2024 09:43:36.870000,-156.555,-182.84,9.85971,9.825,9.811,93.866,2.87482,2.72343,9.31139,10.2137,418.02,415.75,0.324094,5.01807,4.57878,7.01736,9.73706,5.18663,5.18663,0.0,1.0,1
6283,30.05.2024 09:43:36.880000,-157.873,-182.84,9.86092,9.825,9.836,93.8817,2.8902,2.72,9.31139,10.2137,418.02,415.75,0.324094,5.01807,4.57878,7.01736,9.73706,5.18663,5.18663,0.0,1.0,1
6284,30.05.2024 09:43:36.890000,-159.274,-175.012,9.86092,9.827,9.823,93.8841,2.90892,2.71892,10.342,7.59005,418.025,415.755,0.290194,4.91592,4.58586,6.78259,9.73746,5.18663,5.18663,0.0,1.0,1
6285,30.05.2024 09:43:36.900000,-159.274,-175.012,9.87881,9.827,9.823,93.8841,2.94474,2.71593,10.342,7.59005,418.025,415.755,0.290194,4.91592,4.58586,6.78259,9.73692,5.18663,5.18663,0.0,1.0,1
6286,30.05.2024 09:43:36.910000,-154.001,-178.638,9.87742,9.858,9.846,93.9409,2.95487,2.71366,11.4914,8.18104,418.005,415.785,0.348714,4.75259,4.51308,6.7443,9.73692,5.7798,5.7798,0.0,1.0,1
6287,30.05.2024 09:43:36.920000,-149.963,-176.083,9.87742,9.875,9.814,93.9409,2.95583,2.71198,14.0645,8.28415,418.02,415.83,0.474494,4.79245,4.43531,6.70046,9.73736,5.7798,5.7798,0.0,1.0,1
6288,30.05.2024 09:43:36.930000,-149.963,-176.083,9.84213,9.875,9.814,94.0152,2.94647,2.71218,14.0645,8.28415,418.02,415.83,0.474494,4.79245,4.43531,6.70046,9.73736,6.2934,6.2934,0.0,1.0,1
6289,30.05.2024 09:43:36.940000,-150.952,-174.6,9.84615,9.87,9.81,94.0113,2.90822,2.72314,12.4142,7.43347,418.035,415.865,0.71618,4.98066,4.55298,6.63978,9.73703,6.2934,6.2934,0.0,1.0,1
6290,30.05.2024 09:43:36.950000,-150.952,-174.683,9.84615,9.848,9.81,94.0113,2.8855,2.72744,9.35839,8.26091,418.03,415.885,0.952971,5.29082,4.5895,6.66739,9.73673,6.58275,6.58275,0.0,1.0,1
6291,30.05.2024 09:43:36.960000,-151.941,-174.683,9.86748,9.848,9.835,94.0055,2.86476,2.7288,9.35839,8.26091,418.03,415.885,0.952971,5.29082,4.5895,6.66739,9.73673,6.7202,6.7202,0.0,1.0,1
6292,30.05.2024 09:43:36.970000,-151.941,-174.683,9.86748,9.848,9.835,94.0055,2.86476,2.7288,9.35839,8.26091,418.03,415.885,0.952971,5.29082,4.5895,6.66739,9.73673,6.7202,6.7202,0.0,1.0,1
6293,30.05.2024 09:43:36.980000,-154.907,-174.023,9.86748,9.818,9.83,93.9701,2.84767,2.72868,8.75189,8.33569,418.015,415.95,1.18488,5.48508,4.47163,6.73622,9.73716,6.66232,6.66232,0.0,1.0,1
6294,30.05.2024 09:43:36.990000,-148.315,-172.623,9.86585,9.822,9.818,93.9399,2.84975,2.71087,7.34355,7.9446,417.965,415.985,1.43582,5.90741,4.4948,6.71476,9.73702,6.6551,6.6551,0.0,1.0,1
6295,30.05.2024 09:43:37.000000,-153.918,-176.66,9.86585,9.84,9.803,93.9399,2.86172,2.70549,7.54402,3.35706,417.95,415.98,1.30261,6.26164,4.51565,6.72834,9.73713,6.6551,6.6551,0.0,1.0,1
6296,30.05.2024 09:43:37.010000,-153.918,-176.66,9.85957,9.84,9.803,93.9425,2.87839,2.70379,7.54402,3.35706,417.95,415.98,1.30261,6.26164,4.51565,6.72834,9.73713,6.60446,6.60446,0.0,1.0,1
6297,30.05.2024 09:43:37.020000,-153.918,-176.66,9.85957,9.84,9.803,93.9425,2.87839,2.70379,7.54402,3.35706,417.95,415.98,1.30261,6.26164,4.51565,6.72834,9.73713,6.60446,6.60446,0.0,1.0,1
6298,30.05.2024 09:43:37.030000,-152.682,-182.016,9.87056,9.856,9.808,93.9029,2.90911,2.69809,9.25357,7.85075,417.905,415.98,1.2351,6.13995,4.42958,6.57284,9.7376,6.43808,6.43808,0.0,1.0,1
6299,30.05.2024 09:43:37.040000,-158.697,-176.825,9.8805,9.841,9.809,93.8875,2.91259,2.69711,10.1124,5.91114,417.875,416.005,1.01797,6.06494,4.40917,6.49029,9.73809,6.26447,6.26447,0.0,1.0,1
