,time,Pinceur Inf Mesure de courant,Pinceur Sup Mesure de courant,Mandrin - Vitesse Actuelle,Pinceur Sup Mesure vitesse lineaire,Pinceur Inf Mesure vitesse lineaire,Mandrin - Mesure Expansion,Pinceur Nord Position entrefer estimee,Pinceur Sud Position entrefer estimee,Pinceur Nord Force entrefer calibree,Pinceur Sud Force entrefer calibree,Guides Nord Entree Position mesuree,Guides Nord Sortie Position mesuree,Guides Nord Entree Force pour regulateur PI,Guides Nord Sortie Force pour regulateur PI,Guides Sud Entree Force pour regulateur PI,Guides Sud Sortie Force pour regulateur PI,Mandrin - Vitesse Actuelle F10,_Excentrage largeur bande jauge bob,_Excentrage largeur bande jauge bob.1,TDB pinceur,Fenetre,Declancheur
12900,30.05.2024 12:04:25.300000,182.346,94.3451,7.83792,8.486,8.343,31.4038,3.89258,2.58596,43.6187,3.91646,931.87,933.7,9.38629,9.57626,-0.0408108,0.232172,7.39836,16.4135,16.4135,1.0,1.0,1
12901,30.05.2024 12:04:25.310000,182.346,106.952,7.83081,8.473,8.343,31.4038,3.70616,2.63129,43.6187,3.91646,931.87,933.7,9.38629,9.57626,-0.0408108,0.232172,7.3991,16.4135,16.4135,1.0,1.0,1
12902,30.05.2024 12:04:25.320000,226.346,106.952,7.83081,8.473,8.287,31.2363,3.2766,2.75703,31.6296,16.324,930.185,931.955,9.21475,8.40217,-0.087495,0.182577,7.3991,16.8258,16.8258,1.0,1.0,1
12903,30.05.2024 12:04:25.330000,256.586,105.634,7.83732,8.47,8.2,31.2363,3.06428,2.84409,12.8156,20.1865,928.7,930.44,8.31798,6.41086,-0.0634319,0.168543,7.39983,16.8258,16.8258,1.0,1.0,1
12904,30.05.2024 12:04:25.340000,256.586,105.634,7.83732,8.47,8.2,31.2363,3.06428,2.84409,12.8156,20.1865,928.7,930.44,8.31798,6.41086,-0.0634319,0.168543,7.39983,16.8258,16.8258,1.0,1.0,1
12905,30.05.2024 12:04:25.350000,256.586,105.634,7.83677,8.47,8.2,31.1787,2.91896,2.93063,-3.90767,30.9387,927.455,929.22,7.20457,4.39243,0.220675,0.112623,7.40103,16.9199,16.9199,1.0,1.0,1
12906,30.05.2024 12:04:25.360000,256.586,105.634,7.83677,8.47,8.2,31.1787,2.91896,2.93063,-3.90767,30.9387,927.455,929.22,7.20457,4.39243,0.220675,0.112623,7.40103,16.9199,16.9199,1.0,1.0,1
12907,30.05.2024 12:04:25.370000,383.642,212.091,7.83921,8.257,7.92,31.1636,2.94878,3.0559,-5.15944,41.6233,926.29,928.15,6.70328,3.84812,0.292712,0.0666564,7.40208,15.7118,15.7118,1.0,1.0,1
12908,30.05.2024 12:04:25.380000,485.98,282.788,7.83504,8.174,7.77,31.142,3.4917,2.97485,7.20273,39.4981,925.115,927.055,6.50629,4.6214,0.341807,-0.122091,7.40294,15.7118,15.7118,1.0,1.0,1
12909,30.05.2024 12:04:25.390000,485.98,282.788,7.83504,8.174,7.77,31.142,3.4917,2.97485,7.20273,39.4981,925.115,927.055,6.50629,4.6214,0.341807,-0.122091,7.40294,15.7118,15.7118,1.0,1.0,1
12910,30.05.2024 12:04:25.400000,485.98,353.32,7.84428,8.114,7.77,31.0848,3.66024,2.91347,24.2368,29.4448,924.01,925.9,6.2793,5.91191,0.522151,-0.0334222,7.404,13.1583,13.1583,1.0,1.0,1
12911,30.05.2024 12:04:25.410000,485.98,353.32,7.84428,8.114,7.77,31.0848,3.66024,2.91347,24.2368,29.4448,924.01,925.9,6.2793,5.91191,0.522151,-0.0334222,7.404,13.1583,13.1583,1.0,1.0,1
12912,30.05.2024 12:04:25.420000,626.88,434.399,7.84371,7.999,7.552,31.0085,3.81487,2.82769,37.0428,24.2224,922.785,924.61,6.82749,7.43305,0.614077,-0.058893,7.40477,7.89931,7.89931,1.0,1.0,1
12913,30.05.2024 12:04:25.430000,686.041,525.696,7.8372,7.836,7.498,30.9772,3.57803,2.75311,37.964,21.7765,921.56,923.165,7.30772,8.5116,0.58335,-0.0275323,7.40578,7.89931,7.89931,1.0,1.0,1
12914,30.05.2024 12:04:25.440000,701.779,635.284,7.83299,7.762,7.519,30.9772,3.43,2.73448,37.964,21.7765,921.56,923.165,8.09872,8.76525,0.556636,-0.0398691,7.40617,7.89931,7.89931,1.0,1.0,1
12915,30.05.2024 12:04:25.450000,701.779,635.284,7.84307,7.762,7.519,31.0681,3.25226,2.72435,25.9492,16.1593,920.265,921.69,8.09872,8.76525,0.556636,-0.0398691,7.40617,7.89931,7.89931,1.0,1.0,1
12916,30.05.2024 12:04:25.460000,702.932,655.389,7.84307,7.828,7.579,31.0681,2.96646,2.73167,13.1427,14.0842,918.915,920.205,9.01598,8.7188,0.776313,-0.0759637,7.40731,8.60822,8.60822,1.0,1.0,1
12917,30.05.2024 12:04:25.470000,702.932,661.239,7.84887,7.84,7.579,31.0681,2.96646,2.73167,13.1427,14.0842,918.915,920.205,9.01598,8.7188,0.776313,-0.0759637,7.40823,8.60822,8.60822,1.0,1.0,1
12918,30.05.2024 12:04:25.480000,704.251,661.239,7.84887,7.84,7.603,31.0918,2.82265,2.76703,-0.131834,15.9638,917.465,918.66,9.8967,8.56444,1.06972,-0.0340135,7.40823,11.1762,11.1762,1.0,1.0,1
12919,30.05.2024 12:04:25.490000,704.91,690.82,7.84885,7.765,7.583,31.0918,2.84353,2.78276,-6.65091,20.4787,915.905,917.115,10.3564,8.05211,1.26744,-0.0506799,7.40917,11.1762,11.1762,1.0,1.0,1
12920,30.05.2024 12:04:25.500000,704.91,690.82,7.84918,7.765,7.583,31.0781,2.90995,2.80424,-6.65091,20.4787,915.905,917.115,10.3564,8.05211,1.26744,-0.0506799,7.40948,11.1762,11.1762,1.0,1.0,1
12921,30.05.2024 12:04:25.510000,704.91,690.82,7.84918,7.765,7.583,31.0781,2.90995,2.80424,-6.65091,20.4787,915.905,917.115,10.3564,8.05211,1.26744,-0.0506799,7.40948,11.1762,11.1762,1.0,1.0,1
12922,30.05.2024 12:04:25.520000,700.708,687.112,7.84918,7.693,7.573,31.0781,3.14833,2.82779,-0.0109472,22.3012,914.395,915.61,10.0328,7.61088,1.4107,-0.0892007,7.40948,10.1346,10.1346,1.0,1.0,1
12923,30.05.2024 12:04:25.530000,705.404,695.764,7.84701,7.688,7.554,31.0684,3.37448,2.84217,10.0844,23.407,912.895,914.11,9.95197,7.72667,1.6907,-0.142202,7.41018,10.3226,10.3226,1.0,1.0,1
12924,30.05.2024 12:04:25.540000,704.004,701.532,7.84701,7.661,7.576,31.0684,3.49246,2.87318,20.2807,20.4978,911.36,912.61,10.1577,8.32312,1.79617,-0.063936,7.4109,10.3226,10.3226,1.0,1.0,1
12925,30.05.2024 12:04:25.550000,704.004,701.532,7.84701,7.661,7.576,31.0684,3.49246,2.87318,20.2807,20.4978,911.36,912.61,10.1577,8.32312,1.79617,-0.063936,7.4109,10.3226,10.3226,1.0,1.0,1
12926,30.05.2024 12:04:25.560000,704.004,694.198,7.83288,7.621,7.576,31.0373,3.50263,2.8817,26.3612,27.3454,909.83,911.06,10.5833,9.17095,1.59853,-0.0110376,7.41075,10.3588,10.3588,1.0,1.0,1
12927,30.05.2024 12:04:25.570000,694.693,694.281,7.84535,7.576,7.558,30.9603,3.42714,2.88829,26.6179,30.2058,908.265,909.43,11.0607,9.79386,1.53463,0.0509169,7.41087,9.30266,9.30266,1.0,1.0,1
12928,30.05.2024 12:04:25.580000,694.693,694.281,7.85177,7.576,7.558,30.9422,3.35065,2.89251,26.6179,30.2058,908.265,909.43,11.0607,9.79386,1.53463,0.0509169,7.41139,9.30266,9.30266,1.0,1.0,1
12929,30.05.2024 12:04:25.590000,693.786,685.547,7.85177,7.56,7.571,30.9422,3.1795,2.87997,19.5867,25.3714,907.185,907.88,7.49293,2.53638,1.59601,0.0846312,7.41139,8.73119,8.73119,1.0,1.0,1
12930,30.05.2024 12:04:25.600000,695.434,687.359,7.85236,7.554,7.568,30.9422,3.09783,2.86442,19.5867,25.3714,907.185,907.88,2.82217,-6.33247,1.50437,0.101153,7.41194,8.73119,8.73119,1.0,1.0,1
12931,30.05.2024 12:04:25.610000,695.434,687.359,7.8524,7.554,7.568,30.9431,3.03393,2.84794,9.43179,25.2511,907.245,908.16,2.82217,-6.33247,1.50437,0.101153,7.41194,8.73119,8.73119,1.0,1.0,1
12932,30.05.2024 12:04:25.620000,689.749,691.479,7.8524,7.535,7.57,30.9431,3.00602,2.82137,5.9607,23.8858,906.9,908.78,0.455801,-7.19373,1.38388,0.0856307,7.41276,9.13628,9.13628,1.0,1.0,1
12933,30.05.2024 12:04:25.630000,689.749,689.007,7.85312,7.503,7.57,30.9431,2.99901,2.77934,5.9607,23.8858,906.9,908.78,0.455801,-7.19373,1.38388,0.0856307,7.41308,9.13628,9.13628,1.0,1.0,1
12934,30.05.2024 12:04:25.640000,689.749,689.007,7.85312,7.503,7.57,30.9431,2.99901,2.77934,5.9607,23.8858,906.9,908.78,0.455801,-7.19373,1.38388,0.0856307,7.41308,9.13628,9.13628,1.0,1.0,1
12935,30.05.2024 12:04:25.650000,691.232,689.007,7.85312,7.503,7.585,31.0067,3.04304,2.72041,4.62085,19.1693,907.16,908.965,-2.9104,-3.9454,1.40591,0.0371497,7.41308,9.80903,9.80903,1.0,1.0,1
12936,30.05.2024 12:04:25.660000,691.974,686.618,7.85512,7.483,7.58,30.9853,3.12878,2.69694,6.00512,12.2092,907.465,908.915,-2.84789,-3.24225,1.55883,0.00657105,7.41434,9.8235,9.8235,1.0,1.0,1
12937,30.05.2024 12:04:25.670000,691.809,685.299,7.85512,7.497,7.545,30.9853,3.20576,2.6883,11.5716,15.5996,907.625,909.155,-1.00338,-1.84346,1.69102,0.0503333,7.41434,10.3082,10.3082,1.0,1.0,1
12938,30.05.2024 12:04:25.680000,691.809,685.299,7.85512,7.497,7.545,30.9853,3.20576,2.6883,11.5716,15.5996,907.625,909.155,-1.00338,-1.84346,1.69102,0.0503333,7.41434,10.3082,10.3082,1.0,1.0,1
12939,30.05.2024 12:04:25.690000,699.554,689.914,7.85498,7.502,7.514,30.9764,3.21975,2.70208,14.6989,13.597,907.765,909.205,1.33577,1.059,1.85303,0.0988677,7.41509,11.0026,11.0026,1.0,1.0,1
12940,30.05.2024 12:04:25.700000,688.513,690.902,7.86033,7.485,7.495,31.025,3.18336,2.77938,15.2564,16.1846,907.565,909.045,4.18427,2.6801,1.85518,0.105349,7.41536,11.6175,11.6175,1.0,1.0,1
12941,30.05.2024 12:04:25.710000,688.513,690.902,7.86033,7.485,7.495,31.025,3.18336,2.77938,15.2564,16.1846,907.565,909.045,4.18427,2.6801,1.85518,0.105349,7.41536,11.6175,11.6175,1.0,1.0,1
12942,30.05.2024 12:04:25.720000,688.513,687.03,7.86812,7.462,7.495,30.9867,3.14441,2.81295,13.3002,21.597,907.38,908.81,4.74288,3.00442,2.08267,0.167841,7.41632,11.6175,11.6175,1.0,1.0,1
12943,30.05.2024 12:04:25.730000,681.921,686.535,7.86346,7.475,7.475,31.0152,3.06631,2.86849,10.7816,28.0511,907.31,908.61,4.23787,1.89745,2.20429,0.160902,7.41684,11.9719,11.9719,1.0,1.0,1
12944,30.05.2024 12:04:25.740000,681.921,686.535,7.87071,7.475,7.475,31.0228,3.03499,2.88,10.7816,28.0511,907.31,908.61,4.23787,1.89745,2.20429,0.160902,7.4177,11.9719,11.9719,1.0,1.0,1
12945,30.05.2024 12:04:25.750000,681.921,686.535,7.87071,7.475,7.475,31.0228,3.03499,2.88,10.7816,28.0511,907.31,908.61,4.23787,1.89745,2.20429,0.160902,7.4177,11.9719,11.9719,1.0,1.0,1
12946,30.05.2024 12:04:25.760000,686.865,687.442,7.87071,7.471,7.451,31.0228,3.00612,2.88573,8.6378,27.4507,907.175,908.54,3.62217,0.488801,2.23256,0.157374,7.4177,11.9719,11.9719,1.0,1.0,1
12947,30.05.2024 12:04:25.770000,686.865,687.442,7.87071,7.471,7.451,31.0228,3.00612,2.88573,8.6378,27.4507,907.175,908.54,3.62217,0.488801,2.23256,0.157374,7.4177,11.9719,11.9719,1.0,1.0,1
12948,30.05.2024 12:04:25.780000,690.161,689.584,7.86282,7.442,7.5,31.0264,3.01788,2.85581,5.72406,23.5189,907.06,908.495,2.46998,-0.320016,2.13006,0.00625443,7.4177,12.5868,12.5868,1.0,1.0,1
12949,30.05.2024 12:04:25.790000,690.161,689.584,7.86282,7.442,7.5,31.0264,3.01788,2.85581,5.72406,23.5189,907.06,908.495,2.46998,-0.320016,2.13006,0.00625443,7.4177,12.5868,12.5868,1.0,1.0,1
12950,30.05.2024 12:04:25.800000,693.622,690.82,7.85947,7.47,7.514,31.036,3.07974,2.78367,7.39795,24.74,907.13,908.5,1.19072,-1.0953,2.18387,-0.130171,7.41917,12.5868,12.5868,1.0,1.0,1
12951,30.05.2024 12:04:25.810000,683.981,685.959,7.86996,7.487,7.481,31.0463,3.09378,2.76073,11.86,15.1374,907.195,908.435,2.00524,-0.793065,1.78419,-0.0505922,7.41985,14.4676,14.4676,1.0,1.0,1
12952,30.05.2024 12:04:25.820000,683.981,685.959,7.88309,7.487,7.481,31.0548,3.09355,2.75976,11.86,15.1374,907.195,908.435,2.00524,-0.793065,1.78419,-0.0505922,7.42032,14.4676,14.4676,1.0,1.0,1
12953,30.05.2024 12:04:25.830000,683.981,685.959,7.88309,7.487,7.481,31.0548,3.09355,2.75976,11.86,15.1374,907.195,908.435,2.00524,-0.793065,1.78419,-0.0505922,7.42032,14.4676,14.4676,1.0,1.0,1
12954,30.05.2024 12:04:25.840000,689.667,688.595,7.88309,7.478,7.483,31.0548,3.05467,2.77088,11.27,18.6275,907.155,908.405,2.63333,-0.857965,1.51306,-0.0416849,7.42032,14.4676,14.4676,1.0,1.0,1
12955,30.05.2024 12:04:25.850000,686.288,691.726,7.89025,7.483,7.516,31.5713,3.01326,2.79727,10.1121,19.342,907.165,908.375,3.08929,-0.546521,1.48672,0.112997,7.42063,15.5382,15.5382,1.0,1.0,1
12956,30.05.2024 12:04:25.860000,686.288,691.726,7.89025,7.483,7.516,31.5713,3.01326,2.79727,10.1121,19.342,907.165,908.375,3.08929,-0.546521,1.48672,0.112997,7.42063,15.5382,15.5382,1.0,1.0,1
12957,30.05.2024 12:04:25.870000,684.393,689.502,7.89025,7.511,7.498,31.5713,3.00183,2.80499,7.86392,20.6716,907.06,908.335,3.88133,-0.163337,1.41738,0.11632,7.4215,16.1314,16.1314,1.0,1.0,1
12958,30.05.2024 12:04:25.880000,684.393,689.502,7.89025,7.511,7.498,31.5713,3.00183,2.80499,7.86392,20.6716,907.06,908.335,3.88133,-0.163337,1.41738,0.11632,7.4215,16.1314,16.1314,1.0,1.0,1
12959,30.05.2024 12:04:25.890000,690.82,697.494,7.89843,7.514,7.503,33.0782,3.00725,2.81097,7.17237,20.7439,907.005,908.24,3.92487,0.19052,1.6305,0.118082,7.42183,16.4713,16.4713,1.0,1.0,1
12960,30.05.2024 12:04:25.900000,690.82,697.494,7.89843,7.514,7.503,33.0782,3.00725,2.81097,7.17237,20.7439,907.005,908.24,3.92487,0.19052,1.6305,0.118082,7.42183,16.4713,16.4713,1.0,1.0,1
12961,30.05.2024 12:04:25.910000,695.682,687.112,7.88904,7.487,7.474,33.8716,3.03577,2.79616,8.43718,19.2219,906.97,908.085,4.0162,0.118562,1.93275,0.104491,7.42291,15.9578,15.9578,1.0,1.0,1
12962,30.05.2024 12:04:25.920000,695.682,687.112,7.88904,7.487,7.474,33.8716,3.03577,2.79616,8.43718,19.2219,906.97,908.085,4.0162,0.118562,1.93275,0.104491,7.42291,15.9578,15.9578,1.0,1.0,1
12963,30.05.2024 12:04:25.930000,697.412,693.457,7.89243,7.497,7.451,34.8411,3.0734,2.78296,11.4498,21.4883,906.76,907.93,3.40218,-0.829991,2.07252,0.199408,7.42365,15.6467,15.6467,1.0,1.0,1
12964,30.05.2024 12:04:25.940000,676.071,698.236,7.90627,7.514,7.42,35.8099,3.07398,2.78277,11.5086,19.7414,906.75,907.845,2.79195,-0.844838,2.13261,0.231577,7.42413,15.9071,15.9071,1.0,1.0,1
12965,30.05.2024 12:04:25.950000,676.071,682.086,7.89695,7.502,7.42,35.8099,3.06365,2.78511,11.5086,19.7414,906.75,907.845,2.79195,-0.844838,2.13261,0.231577,7.42468,15.9071,15.9071,1.0,1.0,1
12966,30.05.2024 12:04:25.960000,665.277,682.086,7.89695,7.502,7.442,37.8122,3.02641,2.78404,11.1426,19.3382,906.75,907.765,2.58395,-0.945056,2.05793,0.213835,7.42468,16.3267,16.3267,1.0,1.0,1
12967,30.05.2024 12:04:25.970000,643.359,688.76,7.90813,7.478,7.433,37.8122,3.00535,2.77941,9.06815,18.6991,906.755,907.705,2.6875,-0.929082,1.95649,0.259882,7.42498,16.3484,16.3484,1.0,1.0,1
12968,30.05.2024 12:04:25.980000,643.359,688.76,7.92051,7.478,7.433,38.8645,2.97861,2.77246,9.06815,18.6991,906.755,907.705,2.6875,-0.929082,1.95649,0.259882,7.42577,16.3484,16.3484,1.0,1.0,1
12969,30.05.2024 12:04:25.990000,597.464,660.168,7.92051,7.526,7.475,38.8645,2.94056,2.74841,9.4629,18.7369,906.74,907.62,3.07429,-0.846251,1.89687,0.187952,7.42577,16.522,16.522,1.0,1.0,1
12970,30.05.2024 12:04:26.000000,568.378,645.996,7.90141,7.578,7.518,38.8645,2.92626,2.74158,9.4629,18.7369,906.74,907.62,3.42955,-0.818936,1.82736,0.249811,7.42666,16.522,16.522,1.0,1.0,1
12971,30.05.2024 12:04:26.010000,568.378,645.996,7.88905,7.578,7.518,40.997,2.92234,2.73809,6.96527,15.519,906.69,907.56,3.42955,-0.818936,1.82736,0.249811,7.42666,16.6884,16.6884,1.0,1.0,1
12972,30.05.2024 12:04:26.020000,551.486,617.404,7.88905,7.627,7.54,40.997,2.93304,2.72138,5.98279,15.3874,906.655,907.505,3.65334,-0.436751,1.8322,0.196619,7.42732,16.5437,16.5437,1.0,1.0,1
12973,30.05.2024 12:04:26.030000,551.486,604.715,7.86961,7.639,7.54,40.997,2.93304,2.72138,5.98279,15.3874,906.655,907.505,3.65334,-0.436751,1.8322,0.196619,7.42835,16.5437,16.5437,1.0,1.0,1
12974,30.05.2024 12:04:26.040000,522.894,604.715,7.86961,7.639,7.585,43.2265,2.94461,2.71232,6.64101,15.2299,906.62,907.415,3.92281,0.023015,1.79383,0.110373,7.42835,16.4135,16.4135,1.0,1.0,1
12975,30.05.2024 12:04:26.050000,522.894,604.715,7.86961,7.639,7.585,43.2265,2.94461,2.71232,6.64101,15.2299,906.62,907.415,3.92281,0.023015,1.79383,0.110373,7.42835,16.4135,16.4135,1.0,1.0,1
12976,30.05.2024 12:04:26.060000,500.235,564.258,7.87051,7.679,7.614,43.2265,2.94668,2.71059,7.94228,13.7731,906.56,907.275,3.94092,0.271628,1.74639,0.095732,7.42907,16.3194,16.3194,1.0,1.0,1
12977,30.05.2024 12:04:26.070000,486.722,554.205,7.84048,7.693,7.628,44.3682,2.94263,2.71563,7.07672,13.3342,906.505,907.13,3.81798,0.136287,1.77076,0.0785277,7.43009,16.3194,16.3194,1.0,1.0,1
12978,30.05.2024 12:04:26.080000,480.13,527.096,7.81112,7.734,7.643,44.3682,2.94336,2.72068,7.07672,13.3342,906.505,907.13,3.49301,-0.279422,1.85912,0.179819,7.4308,16.3194,16.3194,1.0,1.0,1
12979,30.05.2024 12:04:26.090000,480.13,527.096,7.77886,7.734,7.643,46.7149,2.94773,2.72632,7.31002,11.3882,906.46,907.03,3.49301,-0.279422,1.85912,0.179819,7.4308,15.7118,15.7118,1.0,1.0,1
12980,30.05.2024 12:04:26.100000,445.77,500.4,7.77886,7.773,7.681,46.7149,2.96588,2.73339,8.57865,15.4298,906.455,906.95,3.36412,-0.442176,1.77871,0.187346,7.43146,15.625,15.625,1.0,1.0,1
12981,30.05.2024 12:04:26.110000,445.77,491.254,7.78124,7.758,7.681,46.7149,2.96588,2.73339,8.57865,15.4298,906.455,906.95,3.36412,-0.442176,1.77871,0.187346,7.43254,15.625,15.625,1.0,1.0,1
12982,30.05.2024 12:04:26.120000,453.927,491.254,7.78124,7.758,7.652,49.2126,2.98607,2.74878,8.99726,12.8974,906.435,906.865,3.41884,-0.424626,1.63497,0.316614,7.43254,15.625,15.625,1.0,1.0,1
12983,30.05.2024 12:04:26.130000,453.268,493.725,7.74726,7.735,7.615,49.2126,2.99706,2.74995,10.0827,15.5437,906.415,906.8,3.43023,-0.358386,1.64736,0.339667,7.43381,15.502,15.502,1.0,1.0,1
12984,30.05.2024 12:04:26.140000,453.268,493.725,7.74726,7.735,7.615,49.2126,2.99706,2.74995,10.0827,15.5437,906.415,906.8,3.43023,-0.358386,1.64736,0.339667,7.43381,15.502,15.502,1.0,1.0,1
12985,30.05.2024 12:04:26.150000,453.268,493.725,7.70193,7.735,7.615,50.3845,3.00576,2.74936,12.7354,19.1698,906.38,906.74,3.63794,-0.151689,1.69943,0.336333,7.43503,15.7118,15.7118,1.0,1.0,1
12986,30.05.2024 12:04:26.160000,453.268,493.725,7.70193,7.735,7.615,50.3845,3.00576,2.74936,12.7354,19.1698,906.38,906.74,3.63794,-0.151689,1.69943,0.336333,7.43503,15.7118,15.7118,1.0,1.0,1
12987,30.05.2024 12:04:26.170000,450.879,492.737,7.6584,7.705,7.587,51.6571,3.04684,2.76212,14.2983,16.7167,906.335,906.655,3.71046,0.295135,1.70398,0.309927,7.43594,15.7118,15.7118,1.0,1.0,1
12988,30.05.2024 12:04:26.180000,450.879,492.737,7.6584,7.705,7.587,51.6571,3.04684,2.76212,14.2983,16.7167,906.335,906.655,3.71046,0.295135,1.70398,0.309927,7.43594,15.7118,15.7118,1.0,1.0,1
12989,30.05.2024 12:04:26.190000,451.538,496.197,7.63713,7.644,7.573,52.9271,3.06189,2.75897,15.7349,17.0248,906.305,906.53,3.67482,0.635232,1.66315,0.322535,7.43741,15.7552,15.7552,1.0,1.0,1
12990,30.05.2024 12:04:26.200000,461.426,491.336,7.63289,7.631,7.508,55.288,3.03222,2.75497,13.9008,17.4604,906.28,906.37,3.60508,0.696277,1.74529,0.286429,7.43881,15.9071,15.9071,1.0,1.0,1
12991,30.05.2024 12:04:26.210000,453.598,492.242,7.60906,7.631,7.479,55.288,3.01,2.7531,12.345,15.4485,906.24,906.26,3.51698,0.297105,1.7853,0.375967,7.44015,15.9071,15.9071,1.0,1.0,1
12992,30.05.2024 12:04:26.220000,453.598,492.242,7.58661,7.631,7.479,56.46,2.98009,2.75188,12.345,15.4485,906.24,906.26,3.51698,0.297105,1.7853,0.375967,7.44119,15.9071,15.9071,1.0,1.0,1
12993,30.05.2024 12:04:26.230000,453.598,492.242,7.58661,7.631,7.479,56.46,2.98009,2.75188,12.345,15.4485,906.24,906.26,3.51698,0.297105,1.7853,0.375967,7.44119,15.9071,15.9071,1.0,1.0,1
12994,30.05.2024 12:04:26.240000,459.036,493.643,7.58661,7.567,7.478,56.46,2.92847,2.75288,11.4479,15.9579,906.21,906.18,3.38661,0.0769091,1.77635,0.384718,7.44119,15.7624,15.7624,1.0,1.0,1
12995,30.05.2024 12:04:26.250000,459.036,493.643,7.58661,7.567,7.478,56.46,2.92847,2.75288,11.4479,15.9579,906.21,906.18,3.38661,0.0769091,1.77635,0.384718,7.44119,15.7624,15.7624,1.0,1.0,1
12996,30.05.2024 12:04:26.260000,456.647,494.22,7.48804,7.536,7.465,58.7971,2.89645,2.75137,9.95658,15.97,906.185,906.105,3.2017,0.0910025,1.69872,0.311373,7.44245,15.7118,15.7118,1.0,1.0,1
12997,30.05.2024 12:04:26.270000,463.403,490.182,7.50282,7.543,7.441,59.8314,2.89148,2.74308,7.85182,18.0508,906.175,906.045,3.15196,0.289758,1.44403,0.301737,7.44465,15.7046,15.7046,1.0,1.0,1
12998,30.05.2024 12:04:26.280000,462.002,490.182,7.50282,7.543,7.454,60.9924,2.90312,2.74491,7.7601,17.1847,906.145,905.95,3.18734,0.630795,1.50208,0.29302,7.44465,15.719,15.719,1.0,1.0,1
12999,30.05.2024 12:04:26.290000,458.212,491.336,7.50396,7.504,7.395,60.9924,2.91695,2.74754,7.76011,15.2809,906.12,905.835,3.1637,0.867423,1.59757,0.376646,7.44477,15.9071,15.9071,1.0,1.0,1
13000,30.05.2024 12:04:26.300000,458.212,491.336,7.491,7.504,7.395,62.1326,2.93176,2.75314,7.76011,15.2809,906.12,905.835,3.1637,0.867423,1.59757,0.376646,7.44557,15.9071,15.9071,1.0,1.0,1
13001,30.05.2024 12:04:26.310000,461.343,496.445,7.491,7.483,7.409,62.1326,2.97102,2.76388,10.1127,16.9139,906.08,905.725,3.24149,0.953269,1.67063,0.366629,7.44557,15.8492,15.8492,1.0,1.0,1
13002,30.05.2024 12:04:26.320000,459.942,501.388,7.45045,7.488,7.387,62.1326,2.98994,2.76604,10.1127,16.9139,906.08,905.725,3.16462,1.01308,1.67235,0.320746,7.44611,15.8492,15.8492,1.0,1.0,1
13003,30.05.2024 12:04:26.330000,459.942,501.388,7.4387,7.488,7.387,64.2534,3.00496,2.76239,10.1428,15.5506,906.06,905.595,3.16462,1.01308,1.67235,0.320746,7.44611,15.8058,15.8058,1.0,1.0,1
13004,30.05.2024 12:04:26.340000,460.107,492.407,7.4387,7.506,7.42,64.2534,3.01426,2.75501,12.5233,17.6134,906.015,905.5,3.08666,0.833798,1.87794,0.358034,7.44636,15.9071,15.9071,1.0,1.0,1
13005,30.05.2024 12:04:26.350000,460.107,492.407,7.4387,7.506,7.42,64.2534,3.01426,2.75501,12.5233,17.6134,906.015,905.5,3.08666,0.833798,1.87794,0.358034,7.44636,15.9071,15.9071,1.0,1.0,1
13006,30.05.2024 12:04:26.360000,460.107,492.901,7.47066,7.474,7.42,65.3383,3.00633,2.75438,13.3883,18.3729,905.985,905.415,2.87723,0.715554,1.95061,0.386366,7.44687,15.8999,15.8999,1.0,1.0,1
13007,30.05.2024 12:04:26.370000,457.553,492.572,7.47924,7.415,7.343,66.4021,2.96848,2.75063,12.4237,16.4199,905.96,905.345,2.81344,0.684669,1.99408,0.366308,7.44688,15.6033,15.6033,1.0,1.0,1
13008,30.05.2024 12:04:26.380000,457.553,492.572,7.46102,7.415,7.343,67.5589,2.9408,2.74657,12.4237,16.4199,905.96,905.345,2.81344,0.684669,1.99408,0.366308,7.44733,15.6033,15.6033,1.0,1.0,1
13009,30.05.2024 12:04:26.390000,460.766,499.823,7.46102,7.434,7.402,67.5589,2.89401,2.74462,10.051,15.438,905.945,905.28,2.74776,0.895062,1.98974,0.375704,7.44733,15.8131,15.8131,1.0,1.0,1
13010,30.05.2024 12:04:26.400000,461.261,501.8,7.40708,7.49,7.414,67.5589,2.88604,2.74165,10.051,15.438,905.945,905.28,2.82056,1.23636,1.9822,0.365935,7.44764,15.8131,15.8131,1.0,1.0,1
13011,30.05.2024 12:04:26.410000,461.261,501.8,7.43614,7.49,7.414,69.8867,2.87749,2.73976,8.91489,15.0148,905.93,905.18,2.82056,1.23636,1.9822,0.365935,7.44764,15.8131,15.8131,1.0,1.0,1
13012,30.05.2024 12:04:26.420000,460.849,504.767,7.43614,7.499,7.412,69.8867,2.87776,2.74647,9.60378,15.5893,905.89,905.08,2.95963,1.25892,1.91023,0.376269,7.44744,16.2543,16.2543,1.0,1.0,1
13013,30.05.2024 12:04:26.430000,460.849,496.939,7.48433,7.47,7.412,69.8867,2.89501,2.75557,9.60378,15.5893,905.89,905.08,2.95963,1.25892,1.91023,0.376269,7.44707,16.2543,16.2543,1.0,1.0,1
13014,30.05.2024 12:04:26.440000,464.474,496.939,7.48433,7.47,7.375,72.0116,2.932,2.76472,8.93309,18.5765,905.85,904.97,2.9192,1.38846,1.81937,0.391676,7.44707,16.399,16.399,1.0,1.0,1
13015,30.05.2024 12:04:26.450000,459.283,494.22,7.51201,7.445,7.382,72.0116,2.95798,2.76553,11.6977,18.2716,905.82,904.865,2.76591,1.37866,1.85575,0.433577,7.44725,16.399,16.399,1.0,1.0,1
13016,30.05.2024 12:04:26.460000,459.283,494.22,7.49227,7.445,7.382,73.2781,2.97453,2.76411,11.6977,18.2716,905.82,904.865,2.76591,1.37866,1.85575,0.433577,7.44753,16.399,16.399,1.0,1.0,1
13017,30.05.2024 12:04:26.470000,458.295,497.598,7.49227,7.44,7.4,73.2781,2.98404,2.76528,13.2131,17.1477,905.795,904.785,2.72195,1.3219,1.85131,0.423533,7.44753,17.2309,17.2309,1.0,1.0,1
13018,30.05.2024 12:04:26.480000,459.118,501.883,7.4586,7.458,7.423,73.2781,2.98433,2.76133,13.2131,17.1477,905.795,904.785,2.58852,1.27422,1.86515,0.477267,7.4474,17.2309,17.2309,1.0,1.0,1
13019,30.05.2024 12:04:26.490000,459.118,501.883,7.50344,7.458,7.423,75.5007,2.97783,2.75922,11.629,16.7364,905.77,904.695,2.58852,1.27422,1.86515,0.477267,7.4474,17.7662,17.7662,1.0,1.0,1
13020,30.05.2024 12:04:26.500000,454.999,496.939,7.50344,7.498,7.424,75.5007,2.96288,2.75864,14.3312,18.2005,905.74,904.625,2.55724,1.24959,1.84388,0.537066,7.44708,17.7662,17.7662,1.0,1.0,1
13021,30.05.2024 12:04:26.510000,454.999,502.295,7.5141,7.501,7.424,75.5007,2.94754,2.75814,14.3312,18.2005,905.74,904.625,2.55724,1.24959,1.84388,0.537066,7.44708,17.7662,17.7662,1.0,1.0,1
13022,30.05.2024 12:04:26.520000,460.849,502.295,7.5141,7.501,7.434,77.5588,2.9062,2.76485,12.0415,16.6056,905.72,904.545,2.55006,1.42442,1.73258,0.558707,7.44708,18.1785,18.1785,1.0,1.0,1
13023,30.05.2024 12:04:26.530000,459.613,498.092,7.5526,7.486,7.402,77.5588,2.89235,2.76708,10.6305,14.6357,905.69,904.455,2.67493,1.48828,1.49766,0.510885,7.44733,18.1785,18.1785,1.0,1.0,1
13024,30.05.2024 12:04:26.540000,459.613,498.092,7.5526,7.486,7.402,77.5588,2.89235,2.76708,10.6305,14.6357,905.69,904.455,2.67493,1.48828,1.49766,0.510885,7.44733,18.1785,18.1785,1.0,1.0,1
13025,30.05.2024 12:04:26.550000,459.613,498.092,7.53201,7.486,7.402,78.5206,2.87583,2.76533,10.2711,16.3648,905.65,904.365,2.79402,1.67314,1.4744,0.526213,7.44715,18.099,18.099,1.0,1.0,1
13026,30.05.2024 12:04:26.560000,459.613,498.092,7.53201,7.486,7.402,78.5206,2.87583,2.76533,10.2711,16.3648,905.65,904.365,2.79402,1.67314,1.4744,0.526213,7.44715,18.099,18.099,1.0,1.0,1
13027,30.05.2024 12:04:26.570000,457.965,498.34,7.49972,7.49,7.43,79.322,2.868,2.75393,8.14683,17.3989,905.615,904.255,2.74695,1.75628,1.49167,0.588518,7.44756,17.9904,17.9904,1.0,1.0,1
13028,30.05.2024 12:04:26.580000,457.965,498.34,7.49972,7.49,7.43,79.322,2.868,2.75393,8.14683,17.3989,905.615,904.255,2.74695,1.75628,1.49167,0.588518,7.44756,17.9904,17.9904,1.0,1.0,1
13029,30.05.2024 12:04:26.590000,460.025,496.28,7.55106,7.534,7.464,79.9828,2.88908,2.75683,11.1929,16.5723,905.58,904.17,2.66644,1.68758,1.52367,0.809157,7.4475,17.9904,17.9904,1.0,1.0,1
13030,30.05.2024 12:04:26.600000,460.025,496.28,7.55106,7.534,7.464,79.9828,2.88908,2.75683,11.1929,16.5723,905.58,904.17,2.66644,1.68758,1.52367,0.809157,7.4475,17.9904,17.9904,1.0,1.0,1
13031,30.05.2024 12:04:26.610000,459.942,462.991,7.56297,7.557,7.454,81.2227,2.93653,2.76285,10.2677,16.7086,905.565,904.085,2.61925,1.6055,1.48064,0.873587,7.44834,17.5492,17.5492,1.0,1.0,1
13032,30.05.2024 12:04:26.620000,459.942,462.991,7.56297,7.557,7.454,81.2227,2.93653,2.76285,10.2677,16.7086,905.565,904.085,2.61925,1.6055,1.48064,0.873587,7.44834,17.5492,17.5492,1.0,1.0,1
13033,30.05.2024 12:04:26.630000,458.13,470.654,7.55224,7.521,7.443,81.7682,2.93286,2.76675,12.2716,17.6285,905.525,904.005,2.59326,1.59108,1.45191,0.922186,7.44868,17.3466,17.3466,1.0,1.0,1
13034,30.05.2024 12:04:26.640000,435.635,459.118,7.52144,7.542,7.471,82.28,2.90507,2.77324,8.93183,15.2635,905.46,903.85,2.57497,1.77943,1.61711,1.11574,7.44913,16.6088,16.6088,1.0,1.0,1
13035,30.05.2024 12:04:26.650000,435.635,459.118,7.5167,7.542,7.471,82.6354,2.89096,2.77384,8.93183,15.2635,905.46,903.85,2.57497,1.77943,1.61711,1.11574,7.44913,16.6088,16.6088,1.0,1.0,1
13036,30.05.2024 12:04:26.660000,440.414,420.309,7.5167,7.59,7.474,82.6354,2.88837,2.76493,11.1973,18.7797,905.435,903.765,2.54567,1.84921,1.46438,1.23712,7.45009,16.7535,16.7535,1.0,1.0,1
13037,30.05.2024 12:04:26.670000,440.414,414.789,7.56453,7.558,7.474,82.6354,2.88837,2.76493,11.1973,18.7797,905.435,903.765,2.54567,1.84921,1.46438,1.23712,7.45084,16.7535,16.7535,1.0,1.0,1
13038,30.05.2024 12:04:26.680000,440.414,414.789,7.56453,7.558,7.474,82.6354,2.88837,2.76493,11.1973,18.7797,905.435,903.765,2.54567,1.84921,1.46438,1.23712,7.45084,16.7535,16.7535,1.0,1.0,1
13039,30.05.2024 12:04:26.690000,427.148,414.789,7.56453,7.558,7.502,83.1311,2.88197,2.7563,9.76288,15.1085,905.395,903.675,2.59109,1.91047,1.43573,1.1499,7.45084,16.7535,16.7535,1.0,1.0,1
13040,30.05.2024 12:04:26.700000,427.148,414.789,7.56453,7.558,7.502,83.1311,2.88197,2.7563,9.76288,15.1085,905.395,903.675,2.59109,1.91047,1.43573,1.1499,7.45084,16.7535,16.7535,1.0,1.0,1
13041,30.05.2024 12:04:26.710000,427.56,426.489,7.52801,7.52,7.484,83.3632,2.88734,2.74285,11.2683,14.0602,905.365,903.595,2.57282,1.91543,1.47054,1.17168,7.45225,16.7535,16.7535,1.0,1.0,1
13042,30.05.2024 12:04:26.720000,417.425,379.193,7.5242,7.593,7.468,83.6144,2.90559,2.73341,11.1262,14.2881,905.3,903.43,2.42707,1.87876,1.50141,1.29128,7.45289,15.9216,15.9216,1.0,1.0,1
13043,30.05.2024 12:04:26.730000,417.425,379.193,7.5242,7.593,7.468,83.6144,2.90559,2.73341,11.1262,14.2881,905.3,903.43,2.42707,1.87876,1.50141,1.29128,7.45289,15.9216,15.9216,1.0,1.0,1
13044,30.05.2024 12:04:26.740000,417.425,379.193,7.53359,7.593,7.468,83.8508,2.90754,2.73885,12.0557,14.3545,905.28,903.365,2.45131,1.83477,1.45401,1.26703,7.45289,15.9216,15.9216,1.0,1.0,1
13045,30.05.2024 12:04:26.750000,417.425,379.193,7.53359,7.593,7.468,83.8508,2.90754,2.73885,12.0557,14.3545,905.28,903.365,2.45131,1.83477,1.45401,1.26703,7.45289,15.9216,15.9216,1.0,1.0,1
13046,30.05.2024 12:04:26.760000,420.557,388.916,7.54573,7.495,7.458,84.0678,2.91054,2.75268,11.1418,15.3673,905.245,903.295,2.4924,1.85013,1.54882,1.24789,7.45381,15.4731,15.4731,1.0,1.0,1
13047,30.05.2024 12:04:26.770000,420.557,388.916,7.54573,7.495,7.458,84.0678,2.91054,2.75268,11.1418,15.3673,905.245,903.295,2.4924,1.85013,1.54882,1.24789,7.45381,15.4731,15.4731,1.0,1.0,1
13048,30.05.2024 12:04:26.780000,395.92,385.867,7.52722,7.501,7.461,84.226,2.89823,2.76025,11.6803,14.484,905.22,903.235,2.44792,1.92352,1.54538,1.21467,7.45491,15.4803,15.4803,1.0,1.0,1
13049,30.05.2024 12:04:26.790000,395.92,385.867,7.52722,7.501,7.461,84.226,2.89823,2.76025,11.6803,14.484,905.22,903.235,2.44792,1.92352,1.54538,1.21467,7.45491,15.4803,15.4803,1.0,1.0,1
13050,30.05.2024 12:04:26.800000,398.062,351.343,7.51317,7.555,7.421,84.3739,2.8913,2.76061,10.1012,13.1174,905.19,903.16,2.56537,2.13392,1.58056,1.15535,7.45563,15.4803,15.4803,1.0,1.0,1
13051,30.05.2024 12:04:26.810000,374.661,334.451,7.54776,7.531,7.478,84.6202,2.89449,2.75509,10.2043,13.8804,905.15,903.07,2.61298,2.19466,1.60982,1.12265,7.45636,15.0029,15.0029,1.0,1.0,1
13052,30.05.2024 12:04:26.820000,365.515,332.886,7.54776,7.502,7.466,84.6202,2.89167,2.75099,12.4551,15.2115,905.115,902.98,2.55424,2.06832,1.69377,1.17829,7.45646,14.5544,14.5544,1.0,1.0,1
13053,30.05.2024 12:04:26.830000,365.515,314.346,7.54819,7.513,7.466,84.6202,2.88624,2.75175,12.4551,15.2115,905.115,902.98,2.55424,2.06832,1.69377,1.17829,7.45739,14.5544,14.5544,1.0,1.0,1
13054,30.05.2024 12:04:26.840000,358.758,314.346,7.54819,7.513,7.468,84.8529,2.87363,2.75109,10.7786,14.0163,905.08,902.9,2.59096,2.05807,1.70242,1.21442,7.45739,14.5544,14.5544,1.0,1.0,1
13055,30.05.2024 12:04:26.850000,350.271,283.118,7.5455,7.583,7.466,84.8529,2.87158,2.74901,11.1411,12.6994,905.055,902.825,2.58896,2.00378,1.71705,1.25977,7.45842,14.5616,14.5616,1.0,1.0,1
13056,30.05.2024 12:04:26.860000,350.271,283.118,7.54523,7.583,7.466,84.9167,2.8669,2.74907,11.1411,12.6994,905.055,902.825,2.58896,2.00378,1.71705,1.25977,7.4588,14.5616,14.5616,1.0,1.0,1
13057,30.05.2024 12:04:26.870000,329.343,249.911,7.54523,7.571,7.466,84.9167,2.87301,2.74927,10.9893,15.4745,905.03,902.75,2.55776,2.04069,1.69436,1.25811,7.4588,14.7787,14.7787,1.0,1.0,1
13058,30.05.2024 12:04:26.880000,324.481,247.192,7.5464,7.533,7.449,84.9167,2.87657,2.74915,10.9893,15.4745,905.03,902.75,2.46122,2.00327,1.64107,1.32466,7.45941,14.7787,14.7787,1.0,1.0,1
13059,30.05.2024 12:04:26.890000,324.481,247.192,7.5464,7.533,7.449,84.9167,2.87657,2.74915,10.9893,15.4745,905.03,902.75,2.46122,2.00327,1.64107,1.32466,7.45941,14.7787,14.7787,1.0,1.0,1
13060,30.05.2024 12:04:26.900000,324.481,247.192,7.55961,7.533,7.449,85.0352,2.87824,2.74761,10.0237,14.1985,905.005,902.675,2.53852,1.97684,1.56959,1.34746,7.45941,14.417,14.417,1.0,1.0,1
13061,30.05.2024 12:04:26.910000,324.481,247.192,7.55961,7.533,7.449,85.0352,2.87824,2.74761,10.0237,14.1985,905.005,902.675,2.53852,1.97684,1.56959,1.34746,7.45941,14.417,14.417,1.0,1.0,1
13062,30.05.2024 12:04:26.920000,313.605,223.215,7.56565,7.526,7.438,85.0902,2.88335,2.74905,10.1911,12.7491,904.965,902.61,2.50932,2.14812,1.44468,1.26835,7.46052,14.3085,14.3085,1.0,1.0,1
13063,30.05.2024 12:04:26.930000,313.605,223.215,7.56565,7.526,7.438,85.0902,2.88335,2.74905,10.1911,12.7491,904.965,902.61,2.50932,2.14812,1.44468,1.26835,7.46052,14.3085,14.3085,1.0,1.0,1
13064,30.05.2024 12:04:26.940000,286.743,188.773,7.55707,7.527,7.436,85.1425,2.88103,2.75077,10.997,12.8981,904.92,902.455,2.50447,2.108,1.45291,1.27297,7.46111,14.294,14.294,1.0,1.0,1
13065,30.05.2024 12:04:26.950000,286.743,188.773,7.55707,7.527,7.436,85.1425,2.88103,2.75077,10.997,12.8981,904.92,902.455,2.50447,2.108,1.45291,1.27297,7.46111,14.294,14.294,1.0,1.0,1
13066,30.05.2024 12:04:26.960000,266.473,181.604,7.55341,7.506,7.458,85.1586,2.87699,2.75424,11.2158,13.1541,904.89,902.385,2.41084,2.18843,1.42435,1.34929,7.46154,13.7949,13.7949,1.0,1.0,1
13067,30.05.2024 12:04:26.970000,266.473,181.604,7.55341,7.506,7.458,85.1586,2.87699,2.75424,11.2158,13.1541,904.89,902.385,2.41084,2.18843,1.42435,1.34929,7.46154,13.7949,13.7949,1.0,1.0,1
13068,30.05.2024 12:04:26.980000,243.567,170.151,7.55459,7.508,7.469,85.14,2.86783,2.75436,10.8021,14.3335,904.86,902.315,2.35827,2.14817,1.3463,1.34295,7.46231,13.8166,13.8166,1.0,1.0,1
13069,30.05.2024 12:04:26.990000,243.567,170.151,7.55459,7.508,7.469,85.14,2.86783,2.75436,10.8021,14.3335,904.86,902.315,2.35827,2.14817,1.3463,1.34295,7.46231,13.8166,13.8166,1.0,1.0,1
13070,30.05.2024 12:04:27.000000,228.57,109.177,7.53323,7.545,7.463,85.1239,2.8604,2.75362,8.92825,13.1004,904.84,902.24,2.37946,2.23174,1.26215,1.29944,7.46307,13.4766,13.4766,1.0,1.0,1
13071,30.05.2024 12:04:27.010000,228.57,109.177,7.53323,7.545,7.463,85.1239,2.8604,2.75362,8.92825,13.1004,904.84,902.24,2.37946,2.23174,1.26215,1.29944,7.46307,13.4766,13.4766,1.0,1.0,1
13072,30.05.2024 12:04:27.020000,201.874,101.102,7.54005,7.566,7.458,85.1932,2.86155,2.7555,8.99315,12.4808,904.78,902.09,2.39783,2.42412,1.32335,1.31798,7.46333,13.3898,13.3898,1.0,1.0,1
13073,30.05.2024 12:04:27.030000,201.874,101.102,7.54005,7.566,7.458,85.1932,2.86155,2.7555,8.99315,12.4808,904.78,902.09,2.39783,2.42412,1.32335,1.31798,7.46333,13.3898,13.3898,1.0,1.0,1
13074,30.05.2024 12:04:27.040000,179.626,91.9555,7.5367,7.54,7.448,85.1768,2.86322,2.75564,10.2949,13.9802,904.74,902.015,2.36322,2.41717,1.32156,1.35322,7.46386,12.9051,12.9051,1.0,1.0,1
13075,30.05.2024 12:04:27.050000,179.626,91.9555,7.5367,7.54,7.448,85.1768,2.86322,2.75564,10.2949,13.9802,904.74,902.015,2.36322,2.41717,1.32156,1.35322,7.46386,12.9051,12.9051,1.0,1.0,1
13076,30.05.2024 12:04:27.060000,158.945,66.6595,7.52296,7.509,7.461,85.1969,2.86452,2.7557,8.32266,11.8266,904.715,901.945,2.40721,2.43239,1.30892,1.23237,7.46395,12.254,12.254,1.0,1.0,1
13077,30.05.2024 12:04:27.070000,158.945,66.6595,7.52296,7.509,7.461,85.1969,2.86452,2.7557,8.32266,11.8266,904.715,901.945,2.40721,2.43239,1.30892,1.23237,7.46395,12.254,12.254,1.0,1.0,1
13078,30.05.2024 12:04:27.080000,146.915,6.67419,7.52586,7.502,7.454,85.1569,2.87385,2.75616,8.74401,13.2245,904.69,901.865,2.41859,2.41307,1.3331,1.25147,7.46461,12.1962,12.1962,1.0,1.0,1
13079,30.05.2024 12:04:27.090000,121.783,-26.8616,7.52151,7.495,7.415,85.1414,2.88253,2.75766,10.7026,13.6322,904.625,901.725,2.47303,2.35828,1.37641,1.38655,7.46513,12.6953,12.6953,1.0,1.0,1
13080,30.05.2024 12:04:27.100000,121.783,-26.8616,7.52025,7.495,7.415,85.1296,2.88688,2.75655,10.7026,13.6322,904.625,901.725,2.47303,2.35828,1.37641,1.38655,7.46583,12.6953,12.6953,1.0,1.0,1
13081,30.05.2024 12:04:27.110000,121.783,-26.8616,7.52025,7.495,7.415,85.1296,2.88688,2.75655,10.7026,13.6322,904.625,901.725,2.47303,2.35828,1.37641,1.38655,7.46583,12.6953,12.6953,1.0,1.0,1
13082,30.05.2024 12:04:27.120000,114.285,-53.4759,7.52025,7.474,7.448,85.1296,2.88671,2.7549,11.5299,12.5637,904.595,901.665,2.43607,2.44654,1.31911,1.46742,7.46583,12.2902,12.2902,1.0,1.0,1
13083,30.05.2024 12:04:27.130000,106.787,-73.9929,7.51796,7.441,7.425,85.2631,2.87357,2.75507,11.5155,12.294,904.57,901.595,2.48169,2.56237,1.39213,1.51977,7.46668,12.2902,12.2902,1.0,1.0,1
13084,30.05.2024 12:04:27.140000,106.787,-73.9929,7.51796,7.441,7.425,85.2631,2.87357,2.75507,11.5155,12.294,904.57,901.595,2.48169,2.56237,1.39213,1.51977,7.46668,12.2902,12.2902,1.0,1.0,1
13085,30.05.2024 12:04:27.150000,103.574,-82.315,7.51796,7.411,7.404,85.2631,2.86117,2.75527,9.12634,12.0963,904.54,901.53,2.45879,2.54466,1.37203,1.51174,7.46721,12.5072,12.5072,1.0,1.0,1
13086,30.05.2024 12:04:27.160000,77.948,-102.75,7.51072,7.385,7.417,85.2819,2.82956,2.75401,9.80907,10.1553,904.52,901.46,2.38413,2.58831,1.29114,1.57759,7.46763,12.5072,12.5072,1.0,1.0,1
13087,30.05.2024 12:04:27.170000,17.3035,-114.944,7.51563,7.436,7.43,85.2819,2.82422,2.75239,7.76739,11.0649,904.485,901.385,2.42114,2.51744,1.24134,1.52949,7.46858,12.3915,12.3915,1.0,1.0,1
13088,30.05.2024 12:04:27.180000,17.3035,-114.944,7.51394,7.436,7.43,85.3132,2.82508,2.75261,7.76739,11.0649,904.485,901.385,2.42114,2.51744,1.24134,1.52949,7.46894,12.3915,12.3915,1.0,1.0,1
13089,30.05.2024 12:04:27.190000,0.0,-150.211,7.51394,7.5,7.444,85.3132,2.83858,2.7516,8.86072,12.4104,904.455,901.315,2.44777,2.52229,1.17634,1.4703,7.46894,12.406,12.406,1.0,1.0,1
13090,30.05.2024 12:04:27.200000,-30.3223,-193.222,7.51987,7.524,7.424,85.3132,2.84943,2.75139,8.86072,12.4104,904.455,901.315,2.41016,2.4007,1.11216,1.44244,7.46933,12.406,12.406,1.0,1.0,1
13091,30.05.2024 12:04:27.210000,-30.3223,-193.222,7.53179,7.524,7.424,85.4364,2.85912,2.75283,9.21767,11.8039,904.425,901.255,2.41016,2.4007,1.11216,1.44244,7.46933,12.7966,12.7966,1.0,1.0,1
13092,30.05.2024 12:04:27.220000,-36.2549,-212.503,7.53179,7.484,7.404,85.4364,2.86798,2.75384,10.0153,12.4865,904.39,901.185,2.48313,2.48948,1.12203,1.40911,7.46987,12.84,12.84,1.0,1.0,1
13093,30.05.2024 12:04:27.230000,-36.2549,-212.009,7.54623,7.419,7.404,85.4364,2.87607,2.75511,10.0153,12.4865,904.39,901.185,2.48313,2.48948,1.12203,1.40911,7.47043,12.84,12.84,1.0,1.0,1
13094,30.05.2024 12:04:27.240000,-65.094,-212.009,7.54623,7.419,7.398,85.4217,2.87337,2.75661,10.4999,14.6872,904.355,901.12,2.36407,2.47516,0.997386,1.53857,7.47043,12.8472,12.8472,1.0,1.0,1
13095,30.05.2024 12:04:27.250000,-103.738,-222.803,7.54947,7.433,7.43,85.4217,2.87051,2.75695,8.3713,9.90262,904.33,901.06,2.38722,2.46934,0.951091,1.52199,7.47088,12.8472,12.8472,1.0,1.0,1
13096,30.05.2024 12:04:27.260000,-103.738,-222.803,7.54225,7.433,7.43,85.4567,2.86473,2.7576,8.3713,9.90262,904.33,901.06,2.38722,2.46934,0.951091,1.52199,7.47156,12.8472,12.8472,1.0,1.0,1
13097,30.05.2024 12:04:27.270000,-115.027,-272.159,7.54225,7.486,7.407,85.4567,2.84752,2.75523,9.64981,12.5297,904.305,900.995,2.39761,2.51911,0.882083,1.51815,7.47156,12.746,12.746,1.0,1.0,1
13098,30.05.2024 12:04:27.280000,-114.368,-299.597,7.53812,7.498,7.422,85.4567,2.83669,2.75277,9.64981,12.5297,904.305,900.995,2.38068,2.50209,0.759654,1.49932,7.47217,12.746,12.746,1.0,1.0,1
13099,30.05.2024 12:04:27.290000,-114.368,-299.597,7.54218,7.498,7.422,85.5062,2.82766,2.75049,9.27739,9.78569,904.275,900.92,2.38068,2.50209,0.759654,1.49932,7.47217,12.7532,12.7532,1.0,1.0,1
13100,30.05.2024 12:04:27.300000,-146.503,-326.459,7.54218,7.464,7.463,85.5062,2.81138,2.75051,7.35138,8.43072,904.245,900.86,2.3448,2.49373,0.819709,1.47956,7.47287,12.6953,12.6953,0.0,1.0,1
13101,30.05.2024 12:04:27.310000,-146.503,-322.751,7.54678,7.508,7.463,85.5062,2.81138,2.75051,7.35138,8.43072,904.245,900.86,2.3448,2.49373,0.819709,1.47956,7.47384,12.6953,12.6953,0.0,1.0,1
13102,30.05.2024 12:04:27.320000,-162.57,-322.751,7.54678,7.508,7.48,85.452,2.8077,2.7517,7.23236,11.1466,904.215,900.795,2.35384,2.5118,0.877715,1.48445,7.47384,12.6953,12.6953,0.0,1.0,1
13103,30.05.2024 12:04:27.330000,-162.57,-322.751,7.54678,7.508,7.48,85.452,2.8077,2.7517,7.23236,11.1466,904.215,900.795,2.35384,2.5118,0.877715,1.48445,7.47384,12.6953,12.6953,0.0,1.0,1
13104,30.05.2024 12:04:27.340000,-186.548,-328.848,7.54617,7.58,7.464,85.452,2.81042,2.75239,7.02672,11.4995,904.185,900.725,2.33089,2.58543,0.853206,1.50582,7.47403,12.1889,12.1889,0.0,1.0,1
13105,30.05.2024 12:04:27.350000,-186.548,-328.848,7.54617,7.58,7.464,85.452,2.81042,2.75239,7.02672,11.4995,904.185,900.725,2.33089,2.58543,0.853206,1.50582,7.47403,12.1889,12.1889,0.0,1.0,1
13106,30.05.2024 12:04:27.360000,-203.11,-327.942,7.55091,7.558,7.443,85.4661,2.82975,2.75133,7.03917,9.0101,904.155,900.66,2.29853,2.6091,1.15263,1.55898,7.47491,12.1889,12.1889,0.0,1.0,1
13107,30.05.2024 12:04:27.370000,-203.11,-327.942,7.55091,7.558,7.443,85.4661,2.82975,2.75133,7.03917,9.0101,904.155,900.66,2.29853,2.6091,1.15263,1.55898,7.47491,12.1889,12.1889,0.0,1.0,1
13108,30.05.2024 12:04:27.380000,-223.462,-320.279,7.55503,7.516,7.468,85.4725,2.84066,2.75448,7.29885,10.3047,904.13,900.6,2.31775,2.58319,1.19834,1.59573,7.47521,12.1889,12.1889,0.0,1.0,1
13109,30.05.2024 12:04:27.390000,-223.462,-320.279,7.55503,7.516,7.468,85.4725,2.84066,2.75448,7.29885,10.3047,904.13,900.6,2.31775,2.58319,1.19834,1.59573,7.47521,12.1889,12.1889,0.0,1.0,1
13110,30.05.2024 12:04:27.400000,-247.687,-322.092,7.5496,7.524,7.47,85.5492,2.84685,2.7611,8.60411,10.3302,904.1,900.535,2.28191,2.6381,1.23823,1.63784,7.47596,12.3987,12.3987,0.0,1.0,1
13111,30.05.2024 12:04:27.410000,-247.687,-322.092,7.5496,7.524,7.47,85.5492,2.84685,2.7611,8.60411,10.3302,904.1,900.535,2.28191,2.6381,1.23823,1.63784,7.47596,12.3987,12.3987,0.0,1.0,1
13112,30.05.2024 12:04:27.420000,-261.612,-323.41,7.53503,7.545,7.458,85.4975,2.85431,2.76568,7.57991,11.4543,904.04,900.405,2.26512,2.65712,1.25275,1.67623,7.47592,12.3481,12.3481,0.0,1.0,1
13113,30.05.2024 12:04:27.430000,-261.612,-323.41,7.53503,7.545,7.458,85.4975,2.85431,2.76568,7.57991,11.4543,904.04,900.405,2.26512,2.65712,1.25275,1.67623,7.47592,12.3481,12.3481,0.0,1.0,1
13114,30.05.2024 12:04:27.440000,-286.743,-322.998,7.5474,7.524,7.46,85.5036,2.85514,2.76654,11.1432,12.2434,904.01,900.335,2.27855,2.70678,1.39933,1.64387,7.4765,12.2323,12.2323,0.0,1.0,1
13115,30.05.2024 12:04:27.450000,-293.252,-320.526,7.56772,7.485,7.426,85.4481,2.84047,2.76743,9.88975,10.6938,903.975,900.27,2.25518,2.76449,1.49312,1.57102,7.47692,12.5506,12.5506,0.0,1.0,1
13116,30.05.2024 12:04:27.460000,-293.252,-320.526,7.56772,7.485,7.426,85.4481,2.84047,2.76743,9.88975,10.6938,903.975,900.27,2.25518,2.76449,1.49312,1.57102,7.47692,12.5506,12.5506,0.0,1.0,1
13117,30.05.2024 12:04:27.470000,-293.747,-322.504,7.56772,7.493,7.45,85.4481,2.83144,2.76886,8.38286,11.1163,903.95,900.21,2.23811,2.79318,1.52377,1.63492,7.47783,12.5506,12.5506,0.0,1.0,1
13118,30.05.2024 12:04:27.480000,-288.391,-321.515,7.56705,7.518,7.42,85.4189,2.81582,2.76574,10.5091,13.7855,903.925,900.15,2.22185,2.78842,1.54799,1.66968,7.47812,12.3409,12.3409,0.0,1.0,1
13119,30.05.2024 12:04:27.490000,-289.215,-317.889,7.56447,7.523,7.458,85.4189,2.81782,2.7649,8.37154,12.2955,903.895,900.09,2.25291,2.84983,1.57402,1.5854,7.47945,12.3553,12.3553,0.0,1.0,1
13120,30.05.2024 12:04:27.500000,-289.215,-317.889,7.56214,7.523,7.458,85.4416,2.82154,2.76464,8.37154,12.2955,903.895,900.09,2.25291,2.84983,1.57402,1.5854,7.47997,12.3553,12.3553,0.0,1.0,1
13121,30.05.2024 12:04:27.510000,-288.061,-319.043,7.56214,7.522,7.483,85.4416,2.83318,2.76453,9.01444,9.90473,903.865,900.03,2.30045,2.84683,1.49202,1.60182,7.47997,12.1528,12.1528,0.0,1.0,1
13122,30.05.2024 12:04:27.520000,-291.934,-322.339,7.56509,7.523,7.466,85.4416,2.84225,2.76269,9.01444,9.90473,903.865,900.03,2.302,2.84189,1.50914,1.59556,7.48065,12.1528,12.1528,0.0,1.0,1
13123,30.05.2024 12:04:27.530000,-291.934,-322.339,7.56803,7.523,7.466,85.4896,2.84997,2.76298,9.25325,11.5624,903.83,899.97,2.302,2.84189,1.50914,1.59556,7.48065,12.0515,12.0515,0.0,1.0,1
13124,30.05.2024 12:04:27.540000,-285.837,-318.548,7.56803,7.531,7.456,85.4896,2.86295,2.76808,9.9751,10.5668,903.805,899.9,2.29285,2.82159,1.46775,1.67641,7.48091,12.2468,12.2468,0.0,1.0,1
13125,30.05.2024 12:04:27.550000,-285.837,-318.548,7.56803,7.531,7.456,85.4896,2.86295,2.76808,9.9751,10.5668,903.805,899.9,2.29285,2.82159,1.46775,1.67641,7.48091,12.2468,12.2468,0.0,1.0,1
13126,30.05.2024 12:04:27.560000,-285.837,-320.032,7.57904,7.524,7.456,85.4851,2.86791,2.76865,10.9601,11.7418,903.775,899.84,2.31411,2.81909,1.52124,1.66852,7.48154,12.3987,12.3987,0.0,1.0,1
13127,30.05.2024 12:04:27.570000,-286.825,-313.687,7.58781,7.495,7.448,85.5399,2.87086,2.76919,10.6892,9.94138,903.74,899.78,2.25139,2.84322,1.51802,1.71336,7.48235,12.4421,12.4421,0.0,1.0,1
13128,30.05.2024 12:04:27.580000,-286.825,-313.687,7.58781,7.495,7.448,85.5399,2.87086,2.76919,10.6892,9.94138,903.74,899.78,2.25139,2.84322,1.51802,1.71336,7.48235,12.4421,12.4421,0.0,1.0,1
13129,30.05.2024 12:04:27.590000,-286.825,-313.687,7.59093,7.495,7.448,85.5338,2.86793,2.76773,10.7907,11.5921,903.71,899.72,2.29632,2.78914,1.60529,1.67779,7.48316,12.2758,12.2758,0.0,1.0,1
13130,30.05.2024 12:04:27.600000,-283.53,-323.492,7.59692,7.53,7.496,85.5335,2.83528,2.76349,9.19959,10.3558,903.68,899.665,2.33459,2.82544,1.6463,1.62713,7.48345,12.5,12.5,0.0,1.0,1
13131,30.05.2024 12:04:27.610000,-283.53,-323.492,7.59281,7.53,7.496,85.4957,2.82196,2.76515,9.19959,10.3558,903.68,899.665,2.33459,2.82544,1.6463,1.62713,7.48345,12.5,12.5,0.0,1.0,1
13132,30.05.2024 12:04:27.620000,-283.53,-323.492,7.59281,7.53,7.496,85.4957,2.82196,2.76515,9.19959,10.3558,903.68,899.665,2.33459,2.82544,1.6463,1.62713,7.48345,12.5,12.5,0.0,1.0,1
13133,30.05.2024 12:04:27.630000,-290.863,-319.949,7.59281,7.544,7.507,85.4957,2.81356,2.76622,7.81302,9.86106,903.66,899.605,2.31484,2.7706,1.79482,1.62593,7.48401,12.5506,12.5506,0.0,1.0,1
13134,30.05.2024 12:04:27.640000,-283.447,-321.185,7.59053,7.548,7.51,85.5253,2.81181,2.76463,8.7866,10.9739,903.63,899.555,2.26294,2.75084,1.80014,1.71675,7.48486,12.5506,12.5506,0.0,1.0,1
13135,30.05.2024 12:04:27.650000,-286.166,-326.047,7.58162,7.555,7.492,85.5253,2.81887,2.76455,7.20062,9.19836,903.6,899.5,2.23327,2.7182,1.86674,1.75963,7.48545,12.406,12.406,0.0,1.0,1
13136,30.05.2024 12:04:27.660000,-286.166,-326.047,7.57738,7.555,7.492,85.5463,2.82608,2.76531,7.20062,9.19836,903.6,899.5,2.23327,2.7182,1.86674,1.75963,7.48589,12.406,12.406,0.0,1.0,1
13137,30.05.2024 12:04:27.670000,-289.297,-322.998,7.57738,7.564,7.503,85.5463,2.83795,2.76544,8.42561,9.57114,903.57,899.44,2.30034,2.72174,1.93437,1.70125,7.48589,12.7966,12.7966,0.0,1.0,1
13138,30.05.2024 12:04:27.680000,-289.297,-322.998,7.57738,7.564,7.503,85.5463,2.83795,2.76544,8.42561,9.57114,903.57,899.44,2.30034,2.72174,1.93437,1.70125,7.48589,12.7966,12.7966,0.0,1.0,1
13139,30.05.2024 12:04:27.690000,-282.623,-324.069,7.58632,7.566,7.52,85.567,2.84206,2.76608,11.0581,13.4289,903.545,899.375,2.2763,2.6912,2.08738,1.7394,7.48694,12.7966,12.7966,0.0,1.0,1
13140,30.05.2024 12:04:27.700000,-282.623,-324.069,7.58632,7.566,7.52,85.567,2.84206,2.76608,11.0581,13.4289,903.545,899.375,2.2763,2.6912,2.08738,1.7394,7.48694,12.7966,12.7966,0.0,1.0,1
13141,30.05.2024 12:04:27.710000,-291.357,-317.065,7.59242,7.557,7.493,85.5129,2.84463,2.76901,9.86597,10.2895,903.515,899.315,2.24309,2.69654,2.20677,1.72964,7.48805,12.8834,12.8834,0.0,1.0,1
13142,30.05.2024 12:04:27.720000,-291.357,-317.065,7.59242,7.557,7.493,85.5129,2.84463,2.76901,9.86597,10.2895,903.515,899.315,2.24309,2.69654,2.20677,1.72964,7.48805,12.8834,12.8834,0.0,1.0,1
13143,30.05.2024 12:04:27.730000,-290.616,-321.515,7.5863,7.54,7.51,85.5807,2.83879,2.77258,9.40366,9.15385,903.495,899.255,2.25095,2.69715,2.35953,1.72607,7.48851,12.9485,12.9485,0.0,1.0,1
13144,30.05.2024 12:04:27.740000,-284.354,-318.384,7.57771,7.548,7.504,85.5764,2.83447,2.7738,9.92214,11.6808,903.465,899.195,2.24424,2.67215,2.50205,1.73675,7.48952,12.9485,12.9485,0.0,1.0,1
13145,30.05.2024 12:04:27.750000,-287.979,-324.728,7.57771,7.538,7.47,85.5764,2.83498,2.77749,9.47924,10.4441,903.44,899.145,2.16906,2.75692,2.58708,1.78008,7.48952,13.2812,13.2812,0.0,1.0,1
13146,30.05.2024 12:04:27.760000,-287.979,-324.728,7.57771,7.538,7.47,85.5764,2.83498,2.77749,9.47924,10.4441,903.44,899.145,2.16906,2.75692,2.58708,1.78008,7.48952,13.2812,13.2812,0.0,1.0,1
13147,30.05.2024 12:04:27.770000,-293.335,-322.339,7.58323,7.542,7.478,85.5722,2.83483,2.77766,9.58029,11.3937,903.41,899.085,2.18933,2.86055,2.65441,1.84836,7.49025,13.8889,13.8889,0.0,1.0,1
13148,30.05.2024 12:04:27.780000,-293.335,-322.339,7.58323,7.542,7.478,85.5722,2.83483,2.77766,9.58029,11.3937,903.41,899.085,2.18933,2.86055,2.65441,1.84836,7.49025,13.8889,13.8889,0.0,1.0,1
13149,30.05.2024 12:04:27.790000,-288.061,-315.17,7.58752,7.526,7.473,85.5921,2.83259,2.77953,10.3478,11.4045,903.39,899.025,2.1927,2.99698,2.62642,1.82842,7.49078,13.8889,13.8889,0.0,1.0,1
13150,30.05.2024 12:04:27.800000,-288.061,-315.17,7.58752,7.526,7.473,85.5921,2.83259,2.77953,10.3478,11.4045,903.39,899.025,2.1927,2.99698,2.62642,1.82842,7.49078,13.8889,13.8889,0.0,1.0,1
13151,30.05.2024 12:04:27.810000,-286.084,-316.653,7.58808,7.515,7.483,85.5752,2.83023,2.77992,10.1296,11.3326,903.365,898.96,2.14163,2.94377,2.6981,1.88939,7.4913,13.8383,13.8383,0.0,1.0,1
13152,30.05.2024 12:04:27.820000,-286.084,-316.653,7.58808,7.515,7.483,85.5752,2.83023,2.77992,10.1296,11.3326,903.365,898.96,2.14163,2.94377,2.6981,1.88939,7.4913,13.8383,13.8383,0.0,1.0,1
13153,30.05.2024 12:04:27.830000,-286.908,-325.799,7.57661,7.528,7.487,85.5658,2.8361,2.77706,8.50832,9.51839,903.345,898.91,2.16954,2.94118,2.70595,1.89433,7.49269,13.8817,13.8817,0.0,1.0,1
13154,30.05.2024 12:04:27.840000,-286.908,-325.799,7.57661,7.528,7.487,85.5658,2.8361,2.77706,8.50832,9.51839,903.345,898.91,2.16954,2.94118,2.70595,1.89433,7.49269,13.8817,13.8817,0.0,1.0,1
13155,30.05.2024 12:04:27.850000,-288.473,-318.96,7.57917,7.554,7.461,85.5285,2.84775,2.77685,9.33528,8.30229,903.28,898.8,2.30882,2.87986,2.71491,1.75728,7.49319,13.7442,13.7442,0.0,1.0,1
13156,30.05.2024 12:04:27.860000,-290.533,-320.526,7.5848,7.532,7.473,85.5911,2.8556,2.77764,8.58634,8.48772,903.265,898.745,2.2799,2.9039,2.82712,1.8089,7.4938,14.1059,14.1059,0.0,1.0,1
13157,30.05.2024 12:04:27.870000,-290.533,-317.065,7.59543,7.524,7.473,85.5911,2.85636,2.77825,8.58634,8.48772,903.265,898.745,2.2799,2.9039,2.82712,1.8089,7.4942,14.1059,14.1059,0.0,1.0,1
13158,30.05.2024 12:04:27.880000,-282.129,-317.065,7.59543,7.524,7.478,85.5446,2.85619,2.77778,9.50727,10.6832,903.245,898.695,2.2748,2.94933,2.86025,1.79082,7.4942,13.8961,13.8961,0.0,1.0,1
13159,30.05.2024 12:04:27.890000,-286.908,-320.691,7.59918,7.525,7.48,85.5446,2.8519,2.77624,10.981,11.3198,903.21,898.635,2.34287,2.94202,2.85862,1.83201,7.49524,14.0336,14.0336,0.0,1.0,1
13160,30.05.2024 12:04:27.900000,-286.908,-320.691,7.59451,7.525,7.48,85.5304,2.84602,2.7763,10.981,11.3198,903.21,898.635,2.34287,2.94202,2.85862,1.83201,7.49572,14.0336,14.0336,0.0,1.0,1
13161,30.05.2024 12:04:27.910000,-287.649,-319.949,7.59451,7.522,7.493,85.5304,2.83106,2.77746,9.08269,8.9981,903.185,898.58,2.3356,2.97297,2.89031,1.84681,7.49572,14.0408,14.0408,0.0,1.0,1
13162,30.05.2024 12:04:27.920000,-287.649,-319.949,7.59451,7.522,7.493,85.5304,2.83106,2.77746,9.08269,8.9981,903.185,898.58,2.3356,2.97297,2.89031,1.84681,7.49572,14.0408,14.0408,0.0,1.0,1
13163,30.05.2024 12:04:27.930000,-287.402,-318.713,7.60174,7.519,7.485,85.5276,2.825,2.77668,9.80243,9.77509,903.165,898.52,2.29574,2.87398,2.83584,1.84295,7.497,14.0914,14.0914,0.0,1.0,1
13164,30.05.2024 12:04:27.940000,-287.402,-318.713,7.60174,7.519,7.485,85.5276,2.825,2.77668,9.80243,9.77509,903.165,898.52,2.29574,2.87398,2.83584,1.84295,7.497,14.0914,14.0914,0.0,1.0,1
13165,30.05.2024 12:04:27.950000,-290.698,-322.009,7.60649,7.524,7.481,85.5409,2.81942,2.77366,9.10186,9.45221,903.14,898.47,2.31477,2.86297,2.74392,1.80761,7.49732,14.0914,14.0914,0.0,1.0,1
13166,30.05.2024 12:04:27.960000,-287.237,-322.504,7.60855,7.538,7.485,85.5116,2.83017,2.77516,9.90025,9.36351,903.125,898.425,2.22494,2.85015,2.72566,1.82867,7.49851,13.8021,13.8021,0.0,1.0,1
13167,30.05.2024 12:04:27.970000,-283.035,-323.328,7.59066,7.587,7.496,85.5116,2.83551,2.77595,9.3708,8.80891,903.095,898.375,2.27078,2.92087,2.80786,1.80199,7.49928,13.8021,13.8021,0.0,1.0,1
13168,30.05.2024 12:04:27.980000,-283.035,-323.328,7.59491,7.587,7.496,85.4647,2.84435,2.77566,9.3708,8.80891,903.095,898.375,2.27078,2.92087,2.80786,1.80199,7.50026,13.8021,13.8021,0.0,1.0,1
13169,30.05.2024 12:04:27.990000,-286.084,-318.219,7.59491,7.597,7.514,85.4647,2.85631,2.77554,9.57868,9.48114,903.075,898.325,2.26939,2.9765,2.85913,1.78947,7.50026,13.9468,13.9468,0.0,1.0,1
13170,30.05.2024 12:04:28.000000,-286.084,-318.219,7.59491,7.597,7.514,85.4647,2.85631,2.77554,9.57868,9.48114,903.075,898.325,2.26939,2.9765,2.85913,1.78947,7.50026,13.9468,13.9468,0.0,1.0,1
13171,30.05.2024 12:04:28.010000,-286.825,-319.455,7.59279,7.602,7.534,85.4699,2.85828,2.77553,11.1612,11.4453,903.055,898.27,2.23779,2.95917,2.9482,1.85832,7.50093,13.7442,13.7442,0.0,1.0,1
13172,30.05.2024 12:04:28.020000,-286.825,-319.455,7.59279,7.602,7.534,85.4699,2.85828,2.77553,11.1612,11.4453,903.055,898.27,2.23779,2.95917,2.9482,1.85832,7.50093,13.7442,13.7442,0.0,1.0,1
13173,30.05.2024 12:04:28.030000,-284.106,-322.339,7.59202,7.577,7.517,85.5066,2.85621,2.77576,9.28337,8.68977,903.03,898.22,2.21516,2.95375,3.01296,1.82574,7.50175,13.7442,13.7442,0.0,1.0,1
13174,30.05.2024 12:04:28.040000,-284.106,-322.339,7.59202,7.577,7.517,85.5066,2.85621,2.77576,9.28337,8.68977,903.03,898.22,2.21516,2.95375,3.01296,1.82574,7.50175,13.7442,13.7442,0.0,1.0,1
13175,30.05.2024 12:04:28.050000,-288.473,-320.196,7.60024,7.561,7.51,85.512,2.83462,2.77608,9.68774,9.1349,903.01,898.165,2.18811,2.88512,3.05195,1.84893,7.50273,13.7876,13.7876,0.0,1.0,1
13176,30.05.2024 12:04:28.060000,-289.874,-321.35,7.57611,7.552,7.476,85.5154,2.81509,2.77741,9.92021,8.5971,902.985,898.11,2.199,2.91189,2.90034,1.87424,7.50308,13.5923,13.5923,0.0,1.0,1
13177,30.05.2024 12:04:28.070000,-286.825,-323.328,7.57611,7.546,7.51,85.5154,2.80532,2.77991,9.43599,7.76248,902.965,898.06,2.1923,2.90569,2.80612,1.87548,7.50308,13.5923,13.5923,0.0,1.0,1
13178,30.05.2024 12:04:28.080000,-286.99,-318.713,7.57394,7.564,7.492,85.5154,2.80656,2.77993,9.43599,7.76248,902.965,898.06,2.20213,2.8973,2.77452,1.8371,7.50308,13.5923,13.5923,0.0,1.0,1
13179,30.05.2024 12:04:28.090000,-286.99,-318.713,7.58131,7.564,7.492,85.4402,2.80718,2.77962,9.35727,10.681,902.945,898.01,2.20213,2.8973,2.77452,1.8371,7.50308,13.6357,13.6357,0.0,1.0,1
13180,30.05.2024 12:04:28.100000,-291.357,-321.268,7.58131,7.548,7.47,85.4402,2.81112,2.7808,9.2437,9.21391,902.925,897.955,2.21739,2.927,2.73416,1.836,7.50413,13.4983,13.4983,0.0,1.0,1
13181,30.05.2024 12:04:28.110000,-291.357,-318.796,7.58918,7.527,7.47,85.4402,2.81743,2.78171,9.2437,9.21391,902.925,897.955,2.21739,2.927,2.73416,1.836,7.50395,13.4983,13.4983,0.0,1.0,1
13182,30.05.2024 12:04:28.120000,-286.825,-318.796,7.58918,7.527,7.474,85.4416,2.82607,2.78387,8.16091,7.8437,902.895,897.905,2.21284,2.97749,2.67213,1.8645,7.50395,13.4983,13.4983,0.0,1.0,1
13183,30.05.2024 12:04:28.130000,-286.661,-320.938,7.58405,7.521,7.482,85.4416,2.8316,2.78505,8.28945,8.83653,902.865,897.85,2.24898,3.05483,2.7088,1.92285,7.50493,13.4983,13.4983,0.0,1.0,1
13184,30.05.2024 12:04:28.140000,-286.661,-320.938,7.57976,7.521,7.482,85.4403,2.83691,2.78456,8.28945,8.83653,902.865,897.85,2.24898,3.05483,2.7088,1.92285,7.50565,13.4983,13.4983,0.0,1.0,1
13185,30.05.2024 12:04:28.150000,-287.732,-326.376,7.57976,7.54,7.499,85.4403,2.84507,2.78563,8.58889,9.99839,902.85,897.8,2.30284,3.04536,2.66331,1.98355,7.50565,13.3319,13.3319,0.0,1.0,1
13186,30.05.2024 12:04:28.160000,-289.709,-319.867,7.57637,7.559,7.484,85.4403,2.84847,2.78722,8.58889,9.99839,902.85,897.8,2.19935,3.04887,2.53205,2.00996,7.50636,13.3319,13.3319,0.0,1.0,1
13187,30.05.2024 12:04:28.170000,-289.709,-319.867,7.57637,7.559,7.484,85.4403,2.84847,2.78722,8.58889,9.99839,902.85,897.8,2.19935,3.04887,2.53205,2.00996,7.50636,13.3319,13.3319,0.0,1.0,1
13188,30.05.2024 12:04:28.180000,-289.709,-319.867,7.57307,7.559,7.484,85.4927,2.85169,2.78922,9.39412,7.67239,902.825,897.75,2.0928,3.03649,2.38036,2.04066,7.50636,13.4404,13.4404,0.0,1.0,1
13189,30.05.2024 12:04:28.190000,-289.709,-319.867,7.57307,7.559,7.484,85.4927,2.85169,2.78922,9.39412,7.67239,902.825,897.75,2.0928,3.03649,2.38036,2.04066,7.50636,13.4404,13.4404,0.0,1.0,1
13190,30.05.2024 12:04:28.200000,-286.743,-322.998,7.58288,7.548,7.461,85.4966,2.85189,2.78993,9.37725,6.4704,902.805,897.705,2.14028,3.00706,2.17446,2.03356,7.50757,12.963,12.963,0.0,1.0,1
13191,30.05.2024 12:04:28.210000,-286.743,-322.998,7.58288,7.548,7.461,85.4966,2.85189,2.78993,9.37725,6.4704,902.805,897.705,2.14028,3.00706,2.17446,2.03356,7.50757,12.963,12.963,0.0,1.0,1
13192,30.05.2024 12:04:28.220000,-288.144,-322.916,7.59488,7.531,7.472,85.5019,2.84527,2.78941,11.7431,8.49544,902.765,897.61,2.19626,3.02458,1.95933,1.98767,7.50849,12.7098,12.7098,0.0,1.0,1
13193,30.05.2024 12:04:28.230000,-288.144,-322.916,7.59488,7.531,7.472,85.5019,2.84527,2.78941,11.7431,8.49544,902.765,897.61,2.19626,3.02458,1.95933,1.98767,7.50849,12.7098,12.7098,0.0,1.0,1
13194,30.05.2024 12:04:28.240000,-289.05,-327.118,7.59853,7.532,7.465,85.5749,2.83195,2.78888,9.54913,5.77448,902.745,897.56,2.26005,3.0963,1.91298,1.89498,7.5093,12.7966,12.7966,0.0,1.0,1
13195,30.05.2024 12:04:28.250000,-288.885,-319.702,7.61276,7.528,7.478,85.5598,2.82666,2.78708,9.96443,9.39943,902.72,897.515,2.30538,3.06962,1.98118,1.8665,7.50986,12.7966,12.7966,0.0,1.0,1
13196,30.05.2024 12:04:28.260000,-286.331,-318.631,7.61276,7.522,7.506,85.5598,2.82881,2.78659,9.79626,7.667,902.7,897.465,2.34817,2.96796,1.96424,1.92155,7.51025,12.6953,12.6953,0.0,1.0,1
13197,30.05.2024 12:04:28.270000,-286.331,-319.702,7.6174,7.527,7.506,85.5598,2.82881,2.78659,9.79626,7.667,902.7,897.465,2.34817,2.96796,1.96424,1.92155,7.51057,12.6953,12.6953,0.0,1.0,1
13198,30.05.2024 12:04:28.280000,-287.32,-319.702,7.6174,7.527,7.483,85.5242,2.83384,2.78845,9.57616,8.40085,902.675,897.42,2.36958,3.01519,1.95248,1.88892,7.51057,12.4928,12.4928,0.0,1.0,1
13199,30.05.2024 12:04:28.290000,-289.38,-324.069,7.60934,7.546,7.512,85.5242,2.83817,2.78865,8.74114,8.35324,902.64,897.375,2.32852,3.05627,1.94673,1.89466,7.51154,12.6953,12.6953,0.0,1.0,1
