,time,Pinceur Inf Mesure de courant,Pinceur Sup Mesure de courant,Mandrin - Vitesse Actuelle,Pinceur Sup Mesure vitesse lineaire,Pinceur Inf Mesure vitesse lineaire,Mandrin - Mesure Expansion,Pinceur Nord Position entrefer estimee,Pinceur Sud Position entrefer estimee,Pinceur Nord Force entrefer calibree,Pinceur Sud Force entrefer calibree,Guides Nord Entree Position mesuree,Guides Nord Sortie Position mesuree,Guides Nord Entree Force pour regulateur PI,Guides Nord Sortie Force pour regulateur PI,Guides Sud Entree Force pour regulateur PI,Guides Sud Sortie Force pour regulateur PI,Mandrin - Vitesse Actuelle F10,_Excentrage largeur bande jauge bob,_Excentrage largeur bande jauge bob.1,TDB pinceur,Fenetre,Declancheur
18000,30.05.2024 13:17:20.620000,90.1428,93.1091,7.80587,8.038,7.883,41.3488,4.6117,3.20329,29.4054,38.2366,909.705,910.43,5.61006,6.7483,0.214176,0.676603,6.78581,63.3463,63.3463,1.0,1.0,1
18001,30.05.2024 13:17:20.630000,90.1428,93.1091,7.80587,8.038,7.883,41.3488,4.6117,3.20329,29.4054,38.2366,909.705,910.43,5.61006,6.7483,0.214176,0.676603,6.78581,63.3463,63.3463,1.0,1.0,1
18002,30.05.2024 13:17:20.640000,167.596,114.038,7.8023,7.943,7.718,41.3481,4.93187,3.11732,69.2615,12.9131,906.29,907.225,5.0013,5.79441,0.247017,0.613016,6.78585,63.6429,63.6429,1.0,1.0,1
18003,30.05.2024 13:17:20.650000,263.754,205.664,7.80221,7.802,7.577,41.2933,4.51334,3.22081,56.7623,22.4841,904.8,905.515,4.20731,4.29292,0.237003,0.560232,6.78585,63.6429,63.6429,1.0,1.0,1
18004,30.05.2024 13:17:20.660000,263.754,205.664,7.80221,7.802,7.577,41.2933,4.51334,3.22081,56.7623,22.4841,904.8,905.515,4.20731,4.29292,0.237003,0.560232,6.78585,63.6429,63.6429,1.0,1.0,1
18005,30.05.2024 13:17:20.670000,263.754,205.664,7.80245,7.802,7.577,41.2933,4.1534,3.27383,31.2921,30.6058,903.535,904.26,3.34658,2.6761,0.244717,0.573072,6.78589,64.3012,64.3012,1.0,1.0,1
18006,30.05.2024 13:17:20.680000,413.965,229.806,7.80532,7.751,7.321,41.3466,3.24796,3.55078,2.66445,44.3739,902.355,903.155,2.98886,2.09969,0.229183,0.523781,6.78674,67.0645,67.0645,1.0,1.0,1
18007,30.05.2024 13:17:20.690000,413.965,229.806,7.79565,7.751,7.321,41.3441,3.07433,3.59836,2.66445,44.3739,902.355,903.155,2.98886,2.09969,0.229183,0.523781,6.78674,67.0645,67.0645,1.0,1.0,1
18008,30.05.2024 13:17:20.700000,413.965,229.806,7.79565,7.751,7.321,41.3441,3.07433,3.59836,2.66445,44.3739,902.355,903.155,2.98886,2.09969,0.229183,0.523781,6.78674,67.0645,67.0645,1.0,1.0,1
18009,30.05.2024 13:17:20.710000,502.789,314.017,7.8008,7.576,7.118,41.3704,3.10018,3.64349,-13.8425,47.2501,901.2,902.02,2.63903,2.63923,0.296936,0.556913,6.78732,69.9146,69.9146,1.0,1.0,1
18010,30.05.2024 13:17:20.720000,542.175,404.571,7.8004,7.457,7.113,41.4154,3.50293,3.55059,-11.8473,53.9971,900.07,900.81,2.67807,3.49912,0.104385,0.477285,6.78732,69.9146,69.9146,1.0,1.0,1
18011,30.05.2024 13:17:20.730000,624.325,459.201,7.8004,7.457,6.972,41.3389,3.78091,3.49289,8.94215,43.3258,898.825,899.545,3.17495,4.50931,0.182213,0.442497,6.78783,68.6126,68.6126,1.0,1.0,1
18012,30.05.2024 13:17:20.740000,624.325,459.201,7.803,7.457,6.972,41.3389,4.06164,3.43348,8.94215,43.3258,898.825,899.545,3.17495,4.50931,0.182213,0.442497,6.78794,68.6126,68.6126,1.0,1.0,1
18013,30.05.2024 13:17:20.750000,684.64,482.849,7.80506,7.424,6.924,41.3401,4.44408,3.34642,33.5793,35.6412,897.615,898.225,3.57181,5.3601,0.389076,0.430668,6.78794,68.6126,68.6126,1.0,1.0,1
18014,30.05.2024 13:17:20.760000,715.457,559.067,7.80506,7.233,6.837,41.3401,4.5475,3.30483,50.7034,30.0647,896.385,896.895,4.67623,6.65859,0.45858,0.476635,6.78889,64.3736,64.3736,1.0,1.0,1
18015,30.05.2024 13:17:20.770000,715.457,559.067,7.80506,7.233,6.837,41.3401,4.5475,3.30483,50.7034,30.0647,896.385,896.895,4.67623,6.65859,0.45858,0.476635,6.78889,64.3736,64.3736,1.0,1.0,1
18016,30.05.2024 13:17:20.780000,715.457,559.067,7.80433,7.233,6.837,41.3443,4.56221,3.26393,55.338,24.6096,894.99,895.43,6.06468,7.71349,0.460121,0.564535,6.78889,64.3519,64.3519,1.0,1.0,1
18017,30.05.2024 13:17:20.790000,715.457,559.067,7.80433,7.233,6.837,41.3443,4.56221,3.26393,55.338,24.6096,894.99,895.43,6.06468,7.71349,0.460121,0.564535,6.78889,64.3519,64.3519,1.0,1.0,1
18018,30.05.2024 13:17:20.800000,712.738,684.723,7.80621,7.035,6.773,41.3483,4.28688,3.13143,48.7995,19.419,893.505,893.835,7.02739,8.0692,0.410023,0.492925,6.78933,61.8779,61.8779,1.0,1.0,1
18019,30.05.2024 13:17:20.810000,700.049,706.146,7.79976,7.164,6.743,41.4335,3.91042,3.04446,34.274,10.4644,891.995,892.275,7.28005,7.50469,0.538116,0.639955,6.78933,63.5778,63.5778,1.0,1.0,1
18020,30.05.2024 13:17:20.820000,700.049,706.146,7.79976,7.164,6.743,41.4335,3.91042,3.04446,34.274,10.4644,891.995,892.275,7.28005,7.50469,0.538116,0.639955,6.78933,63.5778,63.5778,1.0,1.0,1
18021,30.05.2024 13:17:20.830000,700.049,706.146,7.79739,7.164,6.743,41.4335,3.70111,3.02912,14.3735,5.94069,890.445,890.77,7.15568,6.87287,0.460895,0.63373,6.78928,66.0518,66.0518,1.0,1.0,1
18022,30.05.2024 13:17:20.840000,700.873,705.816,7.79794,6.967,6.738,41.422,3.25396,3.14646,-0.618829,14.8239,888.91,889.23,6.89444,6.84501,0.462574,0.74003,6.78956,68.1568,68.1568,1.0,1.0,1
18023,30.05.2024 13:17:20.850000,700.873,705.816,7.80457,6.967,6.738,41.4977,3.21801,3.20861,-0.618829,14.8239,888.91,889.23,6.89444,6.84501,0.462574,0.74003,6.78956,70.8478,70.8478,1.0,1.0,1
18024,30.05.2024 13:17:20.860000,687.524,699.801,7.80187,7.006,6.753,41.4402,3.36074,3.31142,0.357495,28.084,887.355,887.8,6.67298,7.03012,0.388706,0.722215,6.78937,70.8478,70.8478,1.0,1.0,1
18025,30.05.2024 13:17:20.870000,687.524,699.801,7.80187,7.006,6.753,41.4402,3.36074,3.31142,0.357495,28.084,887.355,887.8,6.67298,7.03012,0.388706,0.722215,6.78937,70.8478,70.8478,1.0,1.0,1
18026,30.05.2024 13:17:20.880000,687.524,707.547,7.80187,6.968,6.753,41.4402,3.48664,3.3459,4.48244,31.3344,885.87,886.41,6.6309,7.99374,0.500999,0.784487,6.78878,70.8767,70.8767,1.0,1.0,1
18027,30.05.2024 13:17:20.890000,685.629,706.393,7.807,6.867,6.82,41.304,3.80073,3.35247,15.9733,28.9818,884.32,884.92,7.25464,9.53478,0.427505,0.74959,6.78878,71.3035,71.3035,1.0,1.0,1
18028,30.05.2024 13:17:20.900000,685.629,706.393,7.807,6.867,6.82,41.304,3.80073,3.35247,15.9733,28.9818,884.32,884.92,7.25464,9.53478,0.427505,0.74959,6.78878,71.3035,71.3035,1.0,1.0,1
18029,30.05.2024 13:17:20.910000,685.629,706.393,7.80409,6.867,6.82,41.304,3.91112,3.36041,29.0808,31.0841,882.7,883.315,7.93509,10.8412,0.442322,0.657434,6.78869,70.6959,70.6959,1.0,1.0,1
18030,30.05.2024 13:17:20.920000,692.715,684.475,7.80802,6.84,6.86,41.316,4.01475,3.33209,35.3659,36.0754,881.01,881.66,8.18672,11.342,0.421722,0.681867,6.78712,70.6959,70.6959,1.0,1.0,1
18031,30.05.2024 13:17:20.930000,692.715,684.475,7.80615,6.84,6.86,41.2589,3.95039,3.33683,35.3659,36.0754,881.01,881.66,8.18672,11.342,0.421722,0.681867,6.78712,70.6525,70.6525,1.0,1.0,1
18032,30.05.2024 13:17:20.940000,687.442,696.094,7.80201,6.903,6.828,41.6133,3.71887,3.36236,31.2163,29.2065,879.33,880.115,8.00243,11.3624,0.432934,0.598026,6.787,70.6525,70.6525,1.0,1.0,1
18033,30.05.2024 13:17:20.950000,687.442,692.715,7.80201,6.831,6.828,41.6133,3.59142,3.36326,31.2163,29.2065,879.33,880.115,8.00243,11.3624,0.432934,0.598026,6.787,69.1189,69.1189,1.0,1.0,1
18034,30.05.2024 13:17:20.960000,687.442,692.715,7.80201,6.831,6.828,41.6133,3.59142,3.36326,31.2163,29.2065,879.33,880.115,8.00243,11.3624,0.432934,0.598026,6.787,69.1189,69.1189,1.0,1.0,1
18035,30.05.2024 13:17:20.970000,692.798,692.715,7.80149,6.831,6.791,41.4924,3.48016,3.35067,18.5243,30.8988,877.62,878.52,7.42814,11.9249,0.57658,0.714063,6.787,65.3067,65.3067,1.0,1.0,1
18036,30.05.2024 13:17:20.980000,691.974,690.655,7.80626,6.722,6.783,41.4297,3.31883,3.25093,8.02549,30.4191,875.935,876.975,6.81962,12.3456,0.487896,0.650688,6.78711,65.3067,65.3067,1.0,1.0,1
18037,30.05.2024 13:17:20.990000,690.573,691.067,7.80507,6.798,6.759,41.4233,3.32475,3.2232,3.2562,21.8843,874.275,875.445,6.2334,13.0405,0.520622,0.761789,6.78711,65.3067,65.3067,1.0,1.0,1
18038,30.05.2024 13:17:21.000000,688.76,696.835,7.80507,6.885,6.753,41.4233,3.3508,3.20708,1.30611,19.2733,872.605,873.895,5.9463,13.8301,0.465465,0.758289,6.78714,65.285,65.285,1.0,1.0,1
18039,30.05.2024 13:17:21.010000,688.76,696.835,7.80507,6.885,6.753,41.4233,3.3508,3.20708,1.30611,19.2733,872.605,873.895,5.9463,13.8301,0.465465,0.758289,6.78714,65.285,65.285,1.0,1.0,1
18040,30.05.2024 13:17:21.020000,688.76,696.835,7.80977,6.885,6.753,41.4166,3.39698,3.20273,7.09008,22.4082,870.9,872.255,5.80182,14.7403,0.430405,0.769159,6.78714,64.4459,64.4459,1.0,1.0,1
18041,30.05.2024 13:17:21.030000,689.255,688.183,7.80469,6.681,6.729,41.3347,3.60576,3.21358,13.7189,23.3849,869.205,870.595,5.48548,14.9632,0.367107,0.807493,6.78732,64.4459,64.4459,1.0,1.0,1
18042,30.05.2024 13:17:21.040000,686.288,688.183,7.80226,6.681,6.731,41.3532,3.66908,3.20801,13.7189,23.3849,869.205,870.595,5.48548,14.9632,0.367107,0.807493,6.78732,64.4459,64.4459,1.0,1.0,1
18043,30.05.2024 13:17:21.050000,691.479,688.019,7.80226,6.674,6.742,41.3583,3.70895,3.2041,19.7454,18.3791,867.51,869.005,5.33432,14.9219,0.34761,0.761007,6.78725,64.0842,64.0842,1.0,1.0,1
18044,30.05.2024 13:17:21.060000,691.479,688.019,7.80221,6.674,6.742,41.3583,3.73188,3.20232,19.7454,18.3791,867.51,869.005,5.33432,14.9219,0.34761,0.761007,6.78703,59.9754,59.9754,1.0,1.0,1
18045,30.05.2024 13:17:21.070000,686.288,690.161,7.80523,6.778,6.762,41.3399,3.70239,3.20394,22.9285,19.9155,865.81,867.435,5.24756,15.5635,0.390114,0.809995,6.78703,59.9754,59.9754,1.0,1.0,1
18046,30.05.2024 13:17:21.080000,689.337,699.472,7.80523,6.772,6.796,41.3399,3.65687,3.21054,21.8463,20.1529,864.1,865.79,5.17857,16.1483,0.395241,0.806917,6.78732,59.9754,59.9754,1.0,1.0,1
18047,30.05.2024 13:17:21.090000,689.337,699.472,7.8063,6.772,6.796,41.3775,3.59901,3.22445,21.8463,20.1529,864.1,865.79,5.17857,16.1483,0.395241,0.806917,6.78732,59.9754,59.9754,1.0,1.0,1
18048,30.05.2024 13:17:21.100000,683.487,687.03,7.80853,6.71,6.797,41.3409,3.45846,3.26265,17.2354,23.6848,862.395,864.155,5.04205,16.3399,0.444012,0.782877,6.78715,59.9754,59.9754,1.0,1.0,1
18049,30.05.2024 13:17:21.110000,683.487,679.284,7.80853,6.774,6.797,41.3409,3.39558,3.28365,17.2354,23.6848,862.395,864.155,5.04205,16.3399,0.444012,0.782877,6.78684,59.3388,59.3388,1.0,1.0,1
18050,30.05.2024 13:17:21.120000,688.843,679.284,7.80803,6.774,6.786,41.3554,3.34759,3.30383,11.2141,25.4354,860.715,862.57,4.95659,16.4303,0.445576,0.815347,6.78684,59.3388,59.3388,1.0,1.0,1
18051,30.05.2024 13:17:21.130000,687.936,686.206,7.80803,6.855,6.777,41.3406,3.31945,3.31678,5.19749,26.3559,859.025,860.96,4.93228,16.9055,0.461708,0.800813,6.78684,56.4091,56.4091,1.0,1.0,1
18052,30.05.2024 13:17:21.140000,687.936,686.206,7.81323,6.855,6.777,41.3406,3.30937,3.32047,5.19749,26.3559,859.025,860.96,4.93228,16.9055,0.461708,0.800813,6.78658,54.1305,54.1305,1.0,1.0,1
18053,30.05.2024 13:17:21.150000,695.434,697.412,7.79312,6.86,6.773,41.3066,3.34529,3.30513,4.31539,29.4095,857.395,859.34,5.00166,17.258,0.377151,0.771383,6.78658,54.1305,54.1305,1.0,1.0,1
18054,30.05.2024 13:17:21.160000,688.843,683.487,7.79312,6.757,6.796,41.3066,3.37235,3.29753,6.93092,26.7892,855.73,857.755,5.38605,17.4686,0.439075,0.80715,6.7869,51.4974,51.4974,1.0,1.0,1
18055,30.05.2024 13:17:21.170000,688.843,683.487,7.79129,6.757,6.796,41.3633,3.40931,3.29138,6.93092,26.7892,855.73,857.755,5.38605,17.4686,0.439075,0.80715,6.7869,49.4575,49.4575,1.0,1.0,1
18056,30.05.2024 13:17:21.180000,692.056,679.202,7.79732,6.782,6.847,41.4775,3.47249,3.28726,9.9004,28.2103,854.105,856.2,5.6098,18.1033,0.515587,0.783811,6.78671,49.4575,49.4575,1.0,1.0,1
18057,30.05.2024 13:17:21.190000,692.056,679.202,7.79732,6.782,6.847,41.4775,3.47249,3.28726,9.9004,28.2103,854.105,856.2,5.6098,18.1033,0.515587,0.783811,6.78671,49.4575,49.4575,1.0,1.0,1
18058,30.05.2024 13:17:21.200000,692.056,683.981,7.79732,6.841,6.847,41.4775,3.49692,3.28959,13.4848,29.4539,852.49,854.595,6.13668,19.0793,0.504612,0.76658,6.78681,49.6311,49.6311,1.0,1.0,1
18059,30.05.2024 13:17:21.210000,684.228,697.247,7.81089,6.903,6.803,42.4004,3.52708,3.27881,16.3083,27.5094,850.825,852.995,6.60592,19.6059,0.535553,0.878149,6.78681,46.629,46.629,1.0,1.0,1
18060,30.05.2024 13:17:21.220000,684.228,697.247,7.81089,6.903,6.803,42.4004,3.52708,3.27881,16.3083,27.5094,850.825,852.995,6.60592,19.6059,0.535553,0.878149,6.78681,46.629,46.629,1.0,1.0,1
18061,30.05.2024 13:17:21.230000,684.228,697.247,7.81958,6.903,6.803,42.4004,3.51714,3.27264,15.4477,22.4918,849.155,851.445,6.89799,20.2369,0.531982,0.75762,6.78738,43.4896,43.4896,1.0,1.0,1
18062,30.05.2024 13:17:21.240000,692.962,690.985,7.80521,6.834,6.844,43.1764,3.43602,3.26972,13.5395,24.3946,847.495,849.825,7.01367,20.9904,0.504238,0.790413,6.78729,43.4896,43.4896,1.0,1.0,1
18063,30.05.2024 13:17:21.250000,692.962,690.985,7.79554,6.834,6.844,44.059,3.40842,3.26976,13.5395,24.3946,847.495,849.825,7.01367,20.9904,0.504238,0.790413,6.78729,40.6756,40.6756,1.0,1.0,1
18064,30.05.2024 13:17:21.260000,692.386,685.299,7.80648,6.939,6.838,45.1047,3.37555,3.26787,13.1184,26.4724,845.87,848.155,7.03203,21.2715,0.429012,0.836189,6.78742,40.6756,40.6756,1.0,1.0,1
18065,30.05.2024 13:17:21.270000,692.386,699.389,7.80648,6.926,6.838,45.1047,3.37549,3.2664,13.1184,26.4724,845.87,848.155,7.03203,21.2715,0.429012,0.836189,6.78742,39.4025,39.4025,1.0,1.0,1
18066,30.05.2024 13:17:21.280000,692.715,699.389,7.81267,6.926,6.813,46.1178,3.38523,3.26364,9.1705,24.065,844.23,846.625,7.10924,21.5737,0.73658,0.877321,6.78742,39.4025,39.4025,1.0,1.0,1
18067,30.05.2024 13:17:21.290000,690.408,698.483,7.81267,6.837,6.811,47.1639,3.38962,3.25505,11.0989,21.5351,842.6,845.145,7.17827,22.344,1.31839,1.06228,6.78727,39.417,39.417,1.0,1.0,1
18068,30.05.2024 13:17:21.300000,690.408,698.483,7.81243,6.837,6.811,47.1639,3.38888,3.24482,11.0989,21.5351,842.6,845.145,7.17827,22.344,1.31839,1.06228,6.78705,37.8255,37.8255,1.0,1.0,1
18069,30.05.2024 13:17:21.310000,691.809,693.21,7.81095,6.768,6.818,48.1605,3.36726,3.21411,12.2494,20.2477,841.035,843.645,7.52537,23.7297,2.78934,1.52706,6.78705,37.8255,37.8255,1.0,1.0,1
18070,30.05.2024 13:17:21.320000,689.09,687.524,7.81095,6.928,6.881,48.1605,3.35935,3.19046,9.4772,19.0089,839.515,842.225,8.25508,25.1168,3.90582,2.10106,6.78687,37.8255,37.8255,1.0,1.0,1
18071,30.05.2024 13:17:21.330000,689.09,687.524,7.81095,6.928,6.881,48.1605,3.35935,3.19046,9.4772,19.0089,839.515,842.225,8.25508,25.1168,3.90582,2.10106,6.78687,37.8255,37.8255,1.0,1.0,1
18072,30.05.2024 13:17:21.340000,689.09,687.524,7.8038,6.928,6.881,49.3152,3.3444,3.17542,11.2157,16.9308,838.03,840.81,9.64266,27.0838,4.76207,2.45153,6.78687,36.2196,36.2196,1.0,1.0,1
18073,30.05.2024 13:17:21.350000,689.09,690.078,7.78142,7.014,6.886,50.4831,3.30693,3.14548,7.44474,18.9571,836.59,839.385,11.2772,29.0072,6.64975,2.97407,6.78697,32.5738,32.5738,1.0,1.0,1
18074,30.05.2024 13:17:21.360000,689.09,690.078,7.78142,7.014,6.886,50.4831,3.30693,3.14548,7.44474,18.9571,836.59,839.385,11.2772,29.0072,6.64975,2.97407,6.78697,32.5738,32.5738,1.0,1.0,1
18075,30.05.2024 13:17:21.370000,688.019,690.078,7.74258,7.014,6.919,51.6667,3.29422,3.12422,7.44474,18.9571,836.59,839.385,11.2772,29.0072,6.64975,2.97407,6.78697,32.5738,32.5738,1.0,1.0,1
18076,30.05.2024 13:17:21.380000,688.019,690.078,7.74258,7.014,6.919,51.6667,3.29422,3.12422,7.44474,18.9571,836.59,839.385,11.2772,29.0072,6.64975,2.97407,6.78697,32.5738,32.5738,1.0,1.0,1
18077,30.05.2024 13:17:21.390000,670.88,689.996,7.71927,6.984,7.018,52.7902,3.26544,3.12027,5.79533,11.3315,835.28,837.875,13.3087,30.7131,8.2401,3.76223,6.78693,30.9172,30.9172,1.0,1.0,1
18078,30.05.2024 13:17:21.400000,670.88,689.996,7.71927,6.984,7.018,52.7902,3.26544,3.12027,5.79533,11.3315,835.28,837.875,13.3087,30.7131,8.2401,3.76223,6.78693,30.9172,30.9172,1.0,1.0,1
18079,30.05.2024 13:17:21.410000,673.105,680.356,7.66392,7.196,7.01,53.9403,3.30489,3.12068,6.88965,17.8815,833.985,836.425,10.7035,15.0521,12.2642,6.30442,6.78754,30.9028,30.9028,1.0,1.0,1
18080,30.05.2024 13:17:21.420000,676.236,680.026,7.60608,7.195,6.983,56.247,3.41644,3.13642,12.8866,16.8118,833.76,837.675,11.8227,12.5817,14.6987,8.65984,6.78803,28.8122,28.8122,1.0,1.0,1
18081,30.05.2024 13:17:21.430000,676.236,680.026,7.60608,7.195,6.983,56.247,3.44742,3.15035,12.8866,16.8118,833.76,837.675,11.8227,12.5817,14.6987,8.65984,6.78849,28.8122,28.8122,1.0,1.0,1
18082,30.05.2024 13:17:21.440000,649.374,686.947,7.575,7.051,6.918,57.3785,3.47288,3.1567,15.7229,14.8325,833.925,838.09,9.5278,16.9541,16.2039,10.6236,6.78849,28.8122,28.8122,1.0,1.0,1
18083,30.05.2024 13:17:21.450000,649.374,686.947,7.575,7.051,6.918,57.3785,3.47288,3.1567,15.7229,14.8325,833.925,838.09,9.5278,16.9541,16.2039,10.6236,6.78849,28.8122,28.8122,1.0,1.0,1
18084,30.05.2024 13:17:21.460000,610.153,662.146,7.575,7.043,6.916,58.5482,3.48703,3.15419,18.8026,17.6061,834.2,838.28,10.3807,15.8967,16.2729,11.2667,6.78849,24.3996,24.3996,1.0,1.0,1
18085,30.05.2024 13:17:21.470000,610.153,662.146,7.575,7.043,6.916,58.5482,3.48703,3.15419,18.8026,17.6061,834.2,838.28,10.3807,15.8967,16.2729,11.2667,6.78849,24.3996,24.3996,1.0,1.0,1
18086,30.05.2024 13:17:21.480000,562.445,647.397,7.44621,7.127,6.867,59.8899,3.46199,3.1526,19.4335,16.8934,834.195,838.825,12.0248,14.147,14.6803,10.5061,6.78931,23.4375,23.4375,1.0,1.0,1
18087,30.05.2024 13:17:21.490000,573.239,630.258,7.46642,7.118,6.808,61.1288,3.4134,3.15686,17.6885,15.5084,834.235,839.195,12.8798,14.6616,12.1742,8.59414,6.79075,20.5657,20.5657,1.0,1.0,1
18088,30.05.2024 13:17:21.500000,559.643,609.906,7.48155,6.984,6.743,62.3042,3.36762,3.15794,16.7584,15.5357,834.115,839.345,13.6541,13.8381,10.3053,6.89606,6.79135,20.5657,20.5657,1.0,1.0,1
18089,30.05.2024 13:17:21.510000,559.643,607.928,7.48155,6.971,6.743,62.3042,3.34057,3.15966,16.7584,15.5357,834.115,839.345,13.6541,13.8381,10.3053,6.89606,6.79135,19.1623,19.1623,1.0,1.0,1
18090,30.05.2024 13:17:21.520000,562.445,607.928,7.42213,6.971,6.82,63.426,3.33422,3.15686,13.5404,19.5338,834.13,839.75,13.4416,11.5,9.09129,6.50806,6.79135,19.1623,19.1623,1.0,1.0,1
18091,30.05.2024 13:17:21.530000,568.542,609.741,7.42213,7.055,6.889,64.7467,3.33853,3.14845,12.6583,18.8514,833.83,840.22,13.2761,10.684,7.36827,7.16795,6.79198,18.4028,18.4028,1.0,1.0,1
18092,30.05.2024 13:17:21.540000,568.542,609.741,7.34441,7.055,6.889,64.7467,3.33443,3.14708,12.6583,18.8514,833.83,840.22,13.2761,10.684,7.36827,7.16795,6.79241,18.4028,18.4028,1.0,1.0,1
18093,30.05.2024 13:17:21.550000,570.52,617.074,7.33404,7.093,6.874,66.2132,3.36092,3.14826,12.6381,12.6588,833.69,840.51,10.6872,10.7983,6.20236,7.40806,6.79241,18.4028,18.4028,1.0,1.0,1
18094,30.05.2024 13:17:21.560000,570.19,611.719,7.33404,6.978,6.842,66.2132,3.37387,3.13929,13.8332,18.4041,833.875,840.765,8.05275,9.84054,5.3239,7.09231,6.79307,17.5492,17.5492,1.0,1.0,1
18095,30.05.2024 13:17:21.570000,570.19,611.719,7.38203,6.978,6.842,67.6582,3.38422,3.13514,13.8332,18.4041,833.875,840.765,8.05275,9.84054,5.3239,7.09231,6.79307,19.0611,19.0611,1.0,1.0,1
18096,30.05.2024 13:17:21.580000,570.849,613.943,7.38311,6.921,6.817,69.0401,3.38001,3.13631,17.4647,17.0901,833.875,841.03,7.45382,8.7929,4.03526,5.71498,6.79361,19.0611,19.0611,1.0,1.0,1
18097,30.05.2024 13:17:21.590000,570.849,605.044,7.38311,6.975,6.817,69.0401,3.36629,3.13793,17.4647,17.0901,833.875,841.03,7.45382,8.7929,4.03526,5.71498,6.79387,19.4517,19.4517,1.0,1.0,1
18098,30.05.2024 13:17:21.600000,562.857,605.044,7.33403,6.975,6.818,70.1124,3.34612,3.14353,13.93,14.2261,833.88,841.255,6.37959,8.11319,3.88277,4.71642,6.79387,19.4517,19.4517,1.0,1.0,1
18099,30.05.2024 13:17:21.610000,562.857,605.044,7.33403,6.975,6.818,70.1124,3.34612,3.14353,13.93,14.2261,833.88,841.255,6.37959,8.11319,3.88277,4.71642,6.79387,19.4517,19.4517,1.0,1.0,1
18100,30.05.2024 13:17:21.620000,572.58,614.767,7.33403,6.978,6.87,71.1186,3.32309,3.15615,13.2994,19.0015,833.975,841.465,5.56711,6.96835,3.91502,4.03384,6.79387,19.4517,19.4517,1.0,1.0,1
18101,30.05.2024 13:17:21.630000,572.58,614.767,7.33403,6.978,6.87,71.1186,3.32309,3.15615,13.2994,19.0015,833.975,841.465,5.56711,6.96835,3.91502,4.03384,6.79387,19.4517,19.4517,1.0,1.0,1
18102,30.05.2024 13:17:21.640000,570.19,619.711,7.28698,6.95,6.846,72.3531,3.25779,3.16753,14.0792,19.1682,834.1,841.725,5.72263,5.98802,2.50813,3.37228,6.79438,18.8006,18.8006,1.0,1.0,1
18103,30.05.2024 13:17:21.650000,570.273,613.861,7.2623,6.915,6.834,73.5548,3.22408,3.16596,9.435,15.4842,834.14,841.94,6.35494,5.62641,0.975017,3.00512,6.7935,18.9019,18.9019,1.0,1.0,1
18104,30.05.2024 13:17:21.660000,570.273,613.861,7.2623,6.915,6.834,73.5548,3.22408,3.16596,9.435,15.4842,834.14,841.94,6.35494,5.62641,0.975017,3.00512,6.7935,18.9019,18.9019,1.0,1.0,1
18105,30.05.2024 13:17:21.670000,567.801,608.175,7.24647,6.933,6.815,74.5589,3.19995,3.16294,10.1661,17.099,833.99,842.07,6.89347,5.40181,0.40218,2.68532,6.79368,17.9615,17.9615,1.0,1.0,1
18106,30.05.2024 13:17:21.680000,567.801,608.175,7.24647,6.933,6.815,74.5589,3.19995,3.16294,10.1661,17.099,833.99,842.07,6.89347,5.40181,0.40218,2.68532,6.79368,17.9615,17.9615,1.0,1.0,1
18107,30.05.2024 13:17:21.690000,572.333,617.404,7.23265,6.983,6.91,75.4075,3.20145,3.14883,7.66262,18.8273,834.07,842.175,5.90441,5.06952,0.27425,2.51208,6.79368,17.7083,17.7083,1.0,1.0,1
18108,30.05.2024 13:17:21.700000,572.333,617.404,7.23265,6.983,6.91,75.4075,3.20145,3.14883,7.66262,18.8273,834.07,842.175,5.90441,5.06952,0.27425,2.51208,6.79368,17.7083,17.7083,1.0,1.0,1
18109,30.05.2024 13:17:21.710000,571.179,617.157,7.19048,7.008,6.867,76.3307,3.23522,3.12152,7.10125,16.1898,834.18,842.315,6.11424,4.454,0.344116,2.48439,6.79356,17.7083,17.7083,1.0,1.0,1
18110,30.05.2024 13:17:21.720000,571.179,617.157,7.19048,7.008,6.867,76.3307,3.23522,3.12152,7.10125,16.1898,834.18,842.315,6.11424,4.454,0.344116,2.48439,6.79356,17.7083,17.7083,1.0,1.0,1
18111,30.05.2024 13:17:21.730000,572.58,616.992,7.14086,7.011,6.881,77.1363,3.25902,3.11077,10.9393,13.7852,834.16,842.515,6.56894,4.71334,0.62875,2.11778,6.79361,17.7083,17.7083,1.0,1.0,1
18112,30.05.2024 13:17:21.740000,570.355,614.273,7.0983,7.011,6.899,78.8942,3.24226,3.10982,13.3622,12.6707,834.26,842.555,7.04941,4.8744,0.812408,2.05619,6.79389,17.4045,17.4045,1.0,1.0,1
18113,30.05.2024 13:17:21.750000,570.355,614.273,7.0983,7.011,6.899,78.8942,3.23694,3.11162,13.3622,12.6707,834.26,842.555,7.04941,4.8744,0.812408,2.05619,6.79405,17.2526,17.2526,1.0,1.0,1
18114,30.05.2024 13:17:21.760000,567.554,612.543,7.04271,7.023,6.906,79.7857,3.22894,3.11767,11.114,14.4113,834.25,842.61,8.00033,4.79997,0.864128,2.02683,6.79405,17.2526,17.2526,1.0,1.0,1
18115,30.05.2024 13:17:21.770000,575.546,612.625,7.04271,7.04,6.831,80.7385,3.21621,3.12482,10.7853,14.5557,834.205,842.615,8.34879,5.05289,0.991718,2.01614,6.79405,17.2092,17.2092,1.0,1.0,1
18116,30.05.2024 13:17:21.780000,575.546,612.625,7.04271,7.04,6.831,80.7385,3.21621,3.12482,10.7853,14.5557,834.205,842.615,8.34879,5.05289,0.991718,2.01614,6.79405,17.2092,17.2092,1.0,1.0,1
18117,30.05.2024 13:17:21.790000,575.546,612.625,6.95118,7.04,6.831,80.7385,3.2204,3.12772,10.6184,16.0728,834.195,842.585,8.28629,4.93477,0.96225,2.09765,6.79388,16.6667,16.6667,1.0,1.0,1
18118,30.05.2024 13:17:21.800000,584.198,612.79,6.90376,6.93,6.836,81.5509,3.25472,3.12293,10.0175,13.4433,834.225,842.615,8.26308,4.59063,0.888107,2.13113,6.79442,16.645,16.645,1.0,1.0,1
18119,30.05.2024 13:17:21.810000,584.198,612.79,6.90376,6.93,6.836,81.5509,3.25472,3.12293,10.0175,13.4433,834.225,842.615,8.26308,4.59063,0.888107,2.13113,6.79442,16.645,16.645,1.0,1.0,1
18120,30.05.2024 13:17:21.820000,584.198,612.79,6.92402,6.93,6.836,82.1725,3.26727,3.12315,12.8984,12.3299,834.205,842.69,8.35959,4.58599,0.774025,2.18126,6.79442,15.8637,15.8637,1.0,1.0,1
18121,30.05.2024 13:17:21.830000,561.621,604.138,6.84259,6.947,6.808,82.8281,3.30706,3.11187,12.8984,12.3299,834.205,842.69,8.31249,4.92469,0.522846,2.03454,6.7952,15.9071,15.9071,1.0,1.0,1
18122,30.05.2024 13:17:21.840000,582.055,604.138,6.81243,6.947,6.766,83.4653,3.32863,3.11236,15.9862,16.9856,834.195,842.695,8.31249,4.92469,0.522846,2.03454,6.7952,15.9071,15.9071,1.0,1.0,1
18123,30.05.2024 13:17:21.850000,554.288,608.423,6.81243,6.94,6.717,84.0439,3.34812,3.11005,16.4795,14.2288,834.21,842.68,8.1511,5.00459,0.489284,2.13542,6.7952,15.6178,15.6178,1.0,1.0,1
18124,30.05.2024 13:17:21.860000,554.288,608.423,6.78588,6.94,6.717,84.0439,3.35338,3.10527,16.4795,14.2288,834.21,842.68,8.1511,5.00459,0.489284,2.13542,6.79506,15.6178,15.6178,1.0,1.0,1
18125,30.05.2024 13:17:21.870000,587.247,616.662,6.73342,6.871,6.683,84.5603,3.36289,3.11529,19.3414,10.1953,834.185,842.68,8.05561,4.8846,0.584675,2.16067,6.79506,15.6178,15.6178,1.0,1.0,1
18126,30.05.2024 13:17:21.880000,571.838,615.921,6.73342,6.905,6.673,84.5603,3.37116,3.12207,19.2053,14.4047,834.18,842.695,7.75561,4.95571,0.690876,2.13241,6.79556,15.3718,15.3718,1.0,1.0,1
18127,30.05.2024 13:17:21.890000,571.838,615.921,6.71361,6.905,6.673,85.0629,3.36048,3.12335,19.2053,14.4047,834.18,842.695,7.75561,4.95571,0.690876,2.13241,6.79556,15.3863,15.3863,1.0,1.0,1
18128,30.05.2024 13:17:21.900000,566.73,613.202,6.68963,6.832,6.64,85.4628,3.35108,3.13063,19.702,14.8877,834.195,842.72,7.50508,4.96005,0.766533,2.26181,6.79552,15.3863,15.3863,1.0,1.0,1
18129,30.05.2024 13:17:21.910000,566.73,613.202,6.68963,6.832,6.64,85.4628,3.35108,3.13063,19.702,14.8877,834.195,842.72,7.50508,4.96005,0.766533,2.26181,6.79552,15.3863,15.3863,1.0,1.0,1
18130,30.05.2024 13:17:21.920000,566.73,615.921,6.68963,6.844,6.64,85.4628,3.34066,3.14175,18.2683,17.5954,834.195,842.785,7.46389,5.25635,0.768097,2.17059,6.79557,14.9088,14.9088,1.0,1.0,1
18131,30.05.2024 13:17:21.930000,572.003,614.026,6.71219,6.83,6.627,86.0736,3.33631,3.15018,17.1452,19.2663,834.23,842.805,7.34293,5.84451,0.851795,2.18621,6.79557,14.3953,14.3953,1.0,1.0,1
18132,30.05.2024 13:17:21.940000,572.003,614.026,6.71219,6.83,6.627,86.0736,3.33631,3.15018,17.1452,19.2663,834.23,842.805,7.34293,5.84451,0.851795,2.18621,6.79557,14.3953,14.3953,1.0,1.0,1
18133,30.05.2024 13:17:21.950000,572.003,614.026,6.69103,6.83,6.627,86.0736,3.33481,3.15492,16.893,16.3148,834.21,842.765,7.62777,6.26879,0.708301,2.12791,6.79529,14.3953,14.3953,1.0,1.0,1
18134,30.05.2024 13:17:21.960000,572.003,614.026,6.69103,6.83,6.627,86.0736,3.33481,3.15492,16.893,16.3148,834.21,842.765,7.62777,6.26879,0.708301,2.12791,6.79529,14.3953,14.3953,1.0,1.0,1
18135,30.05.2024 13:17:21.970000,581.808,615.014,6.6691,6.781,6.648,86.3747,3.33058,3.16077,16.492,17.4992,834.145,842.675,7.34975,6.02327,0.673897,2.15911,6.79447,14.1493,14.1493,1.0,1.0,1
18136,30.05.2024 13:17:21.980000,581.808,615.014,6.6691,6.781,6.648,86.3747,3.33058,3.16077,16.492,17.4992,834.145,842.675,7.34975,6.02327,0.673897,2.15911,6.79447,14.1493,14.1493,1.0,1.0,1
18137,30.05.2024 13:17:21.990000,570.685,618.063,6.67917,6.763,6.622,86.892,3.30457,3.15282,18.4014,18.9463,834.145,842.61,6.71957,5.27587,0.480335,2.25004,6.79412,13.6068,13.6068,1.0,1.0,1
18138,30.05.2024 13:17:22.000000,570.52,611.389,6.72409,6.737,6.569,87.0726,3.26219,3.14938,16.2541,18.1588,834.175,842.655,6.28852,4.50656,0.617195,2.28569,6.79412,13.6068,13.6068,1.0,1.0,1
18139,30.05.2024 13:17:22.010000,559.561,610.895,6.72409,6.72,6.618,87.1851,3.23695,3.1522,14.9189,15.9547,834.19,842.76,5.96228,4.34849,0.744743,2.41574,6.79341,13.1872,13.1872,1.0,1.0,1
18140,30.05.2024 13:17:22.020000,559.561,610.895,6.72183,6.72,6.618,87.1851,3.21571,3.15428,14.9189,15.9547,834.19,842.76,5.96228,4.34849,0.744743,2.41574,6.79203,13.3608,13.3608,1.0,1.0,1
18141,30.05.2024 13:17:22.030000,559.561,610.895,6.72183,6.72,6.618,87.1851,3.21571,3.15428,14.9189,15.9547,834.19,842.76,5.96228,4.34849,0.744743,2.41574,6.79203,13.3608,13.3608,1.0,1.0,1
18142,30.05.2024 13:17:22.040000,541.186,606.445,6.71842,6.729,6.639,87.2917,3.16456,3.16396,12.6313,16.896,834.2,842.81,5.96362,4.8947,0.69743,2.36871,6.79203,12.5072,12.5072,1.0,1.0,1
18143,30.05.2024 13:17:22.050000,541.186,606.445,6.71842,6.729,6.639,87.2917,3.16456,3.16396,12.6313,16.896,834.2,842.81,5.96362,4.8947,0.69743,2.36871,6.79203,12.5072,12.5072,1.0,1.0,1
18144,30.05.2024 13:17:22.060000,540.198,585.187,6.72875,6.748,6.646,87.3359,3.14977,3.15633,9.49681,18.0614,834.22,842.72,5.83579,5.60479,0.912479,2.54707,6.79032,12.5072,12.5072,1.0,1.0,1
18145,30.05.2024 13:17:22.070000,540.198,585.187,6.72875,6.748,6.646,87.3359,3.14977,3.15633,9.49681,18.0614,834.22,842.72,5.83579,5.60479,0.912479,2.54707,6.79032,12.5072,12.5072,1.0,1.0,1
18146,30.05.2024 13:17:22.080000,531.546,573.898,6.75,6.777,6.652,87.5122,3.16651,3.16064,11.0834,17.8453,834.155,842.625,6.0916,4.01454,0.995201,2.43005,6.78868,11.7983,11.7983,1.0,1.0,1
18147,30.05.2024 13:17:22.090000,518.857,558.325,6.79106,6.788,6.676,87.5856,3.19173,3.14595,11.0199,17.0359,834.14,842.71,5.52678,3.7799,0.838867,2.52503,6.78868,11.4945,11.4945,1.0,1.0,1
18148,30.05.2024 13:17:22.100000,518.857,558.325,6.8179,6.788,6.676,87.5856,3.19167,3.14628,11.0199,17.0359,834.14,842.71,5.52678,3.7799,0.838867,2.52503,6.78787,11.48,11.48,1.0,1.0,1
18149,30.05.2024 13:17:22.110000,491.748,543.493,6.80903,6.787,6.739,87.623,3.21123,3.14507,12.3564,14.2907,834.17,842.75,5.12234,4.20541,0.736194,2.54053,6.78787,11.48,11.48,1.0,1.0,1
18150,30.05.2024 13:17:22.120000,472.714,518.362,6.80903,6.838,6.779,87.623,3.2149,3.15912,12.2174,13.6453,834.165,842.735,4.99254,4.506,0.734581,2.62295,6.78626,10.8796,10.8796,1.0,1.0,1
18151,30.05.2024 13:17:22.130000,472.714,518.362,6.80907,6.838,6.779,87.6244,3.22432,3.16905,12.2174,13.6453,834.165,842.735,4.99254,4.506,0.734581,2.62295,6.78626,10.4818,10.4818,1.0,1.0,1
18152,30.05.2024 13:17:22.140000,472.714,518.362,6.80907,6.838,6.779,87.6244,3.22432,3.16905,12.2174,13.6453,834.165,842.735,4.99254,4.506,0.734581,2.62295,6.78626,10.4818,10.4818,1.0,1.0,1
18153,30.05.2024 13:17:22.150000,461.261,485.486,6.81553,6.855,6.714,87.6798,3.24978,3.15763,13.7058,20.7981,834.135,842.7,4.81866,4.72113,0.740879,2.57978,6.78565,10.4311,10.4311,1.0,1.0,1
18154,30.05.2024 13:17:22.160000,446.594,471.231,6.87606,6.789,6.783,87.9093,3.22629,3.15923,15.2904,17.4304,834.18,842.655,4.49351,4.5433,0.730045,2.57041,6.78529,10.4311,10.4311,1.0,1.0,1
18155,30.05.2024 13:17:22.170000,442.639,477.164,6.87606,6.759,6.729,88.1432,3.21758,3.1522,13.5706,12.0696,834.22,842.665,4.64021,4.26826,0.656303,2.5978,6.78529,10.4311,10.4311,1.0,1.0,1
18156,30.05.2024 13:17:22.180000,442.639,477.164,6.86564,6.759,6.729,88.1432,3.19951,3.14224,13.5706,12.0696,834.22,842.665,4.64021,4.26826,0.656303,2.5978,6.7851,10.0694,10.0694,1.0,1.0,1
18157,30.05.2024 13:17:22.190000,424.759,470.572,6.88354,6.819,6.797,88.2934,3.17086,3.12671,12.3365,15.4746,834.175,842.655,4.9399,4.30479,0.732578,2.60926,6.7851,10.0694,10.0694,1.0,1.0,1
18158,30.05.2024 13:17:22.200000,411.905,434.482,6.88354,6.889,6.774,88.2934,3.16972,3.10449,13.1965,17.0244,834.12,842.615,4.94125,4.18648,0.57494,2.56845,6.78468,9.88136,9.88136,1.0,1.0,1
18159,30.05.2024 13:17:22.210000,411.905,434.482,6.88753,6.889,6.774,88.451,3.16863,3.09307,13.1965,17.0244,834.12,842.615,4.94125,4.18648,0.57494,2.56845,6.78468,9.89584,9.89584,1.0,1.0,1
18160,30.05.2024 13:17:22.220000,398.309,398.721,6.86634,6.88,6.814,88.6144,3.1767,3.09654,11.3677,10.3733,834.13,842.6,4.56537,3.91989,0.464779,2.53798,6.78432,9.89584,9.89584,1.0,1.0,1
18161,30.05.2024 13:17:22.230000,398.309,398.721,6.86634,6.88,6.814,88.6144,3.1767,3.09654,11.3677,10.3733,834.13,842.6,4.56537,3.91989,0.464779,2.53798,6.78432,9.89584,9.89584,1.0,1.0,1
18162,30.05.2024 13:17:22.240000,398.309,389.575,6.86634,6.843,6.814,88.6144,3.18622,3.08529,11.2649,13.2227,834.165,842.625,4.49784,3.79733,0.489788,2.54909,6.78432,10.0405,10.0405,1.0,1.0,1
18163,30.05.2024 13:17:22.250000,398.309,389.575,6.86634,6.843,6.814,88.6144,3.18622,3.08529,11.2649,13.2227,834.165,842.625,4.49784,3.79733,0.489788,2.54909,6.78432,10.0405,10.0405,1.0,1.0,1
18164,30.05.2024 13:17:22.260000,370.871,360.242,6.86085,6.909,6.792,88.7182,3.20009,3.0908,13.286,14.9329,834.165,842.615,4.69668,4.00331,0.416756,2.58081,6.78437,10.1635,10.1635,1.0,1.0,1
18165,30.05.2024 13:17:22.270000,370.871,360.242,6.86085,6.909,6.792,88.7182,3.20009,3.0908,13.286,14.9329,834.165,842.615,4.69668,4.00331,0.416756,2.58081,6.78437,10.1635,10.1635,1.0,1.0,1
18166,30.05.2024 13:17:22.280000,358.923,315.582,6.92285,6.929,6.792,88.7584,3.21055,3.09038,12.4554,10.2691,834.16,842.595,4.87693,4.02691,0.370468,2.68852,6.78407,10.1128,10.1128,1.0,1.0,1
18167,30.05.2024 13:17:22.290000,338.077,303.882,6.88285,6.881,6.846,88.8117,3.20185,3.10465,13.9146,8.65926,834.125,842.61,5.04964,3.99938,0.635124,2.66974,6.78492,9.97541,9.97541,1.0,1.0,1
18168,30.05.2024 13:17:22.300000,327.2,306.601,6.86011,6.867,6.8,88.8717,3.19948,3.1088,14.842,16.0241,834.145,842.66,4.84913,4.29471,0.681888,2.73721,6.78504,9.97541,9.97541,1.0,1.0,1
18169,30.05.2024 13:17:22.310000,327.2,279.739,6.86011,6.903,6.8,88.8717,3.19739,3.10796,14.842,16.0241,834.145,842.66,4.84913,4.29471,0.681888,2.73721,6.78504,10.2648,10.2648,1.0,1.0,1
18170,30.05.2024 13:17:22.320000,327.2,279.739,6.86011,6.903,6.8,88.8717,3.19739,3.10796,14.842,16.0241,834.145,842.66,4.84913,4.29471,0.681888,2.73721,6.78504,10.2648,10.2648,1.0,1.0,1
18171,30.05.2024 13:17:22.330000,305.859,279.739,6.87142,6.903,6.839,88.8846,3.19545,3.10812,14.3217,15.0643,834.11,842.645,5.12421,4.98563,0.583515,2.70668,6.78504,10.2648,10.2648,1.0,1.0,1
18172,30.05.2024 13:17:22.340000,305.859,279.739,6.87142,6.903,6.839,88.8846,3.19545,3.10812,14.3217,15.0643,834.11,842.645,5.12421,4.98563,0.583515,2.70668,6.78504,10.2648,10.2648,1.0,1.0,1
18173,30.05.2024 13:17:22.350000,300.915,250.076,6.88973,6.916,6.797,88.9333,3.19091,3.11022,14.1423,11.4461,834.085,842.615,4.98441,5.26609,0.646236,2.64605,6.78564,10.2648,10.2648,1.0,1.0,1
18174,30.05.2024 13:17:22.360000,300.915,250.076,6.88973,6.916,6.797,88.9333,3.19091,3.11022,14.1423,11.4461,834.085,842.615,4.98441,5.26609,0.646236,2.64605,6.78564,10.2648,10.2648,1.0,1.0,1
18175,30.05.2024 13:17:22.370000,285.507,240.848,6.88741,6.811,6.778,88.9254,3.18822,3.10404,15.4619,14.9398,834.125,842.595,5.00052,5.32141,0.506618,2.52836,6.78516,10.2575,10.2575,1.0,1.0,1
18176,30.05.2024 13:17:22.380000,285.507,240.848,6.88741,6.811,6.778,88.9254,3.18822,3.10404,15.4619,14.9398,834.125,842.595,5.00052,5.32141,0.506618,2.52836,6.78516,10.2575,10.2575,1.0,1.0,1
18177,30.05.2024 13:17:22.390000,274.795,226.675,6.84998,6.818,6.756,88.9512,3.18448,3.10902,14.0818,12.8714,834.045,842.56,5.23184,5.46234,0.50835,2.62756,6.78523,10.0622,10.0622,1.0,1.0,1
18178,30.05.2024 13:17:22.400000,274.795,226.675,6.84998,6.818,6.756,88.9512,3.18448,3.10902,14.0818,12.8714,834.045,842.56,5.23184,5.46234,0.50835,2.62756,6.78523,10.0622,10.0622,1.0,1.0,1
18179,30.05.2024 13:17:22.410000,259.14,185.971,6.85925,6.847,6.751,88.9811,3.18015,3.11494,13.9649,14.4845,834.08,842.54,4.78722,5.16522,0.463013,2.60162,6.78574,10.0622,10.0622,1.0,1.0,1
18180,30.05.2024 13:17:22.420000,249.829,177.237,6.8475,6.833,6.745,88.9589,3.17475,3.12001,12.0529,12.4524,834.075,842.575,4.9403,5.07732,0.508636,2.67444,6.78578,10.3009,10.3009,1.0,1.0,1
18181,30.05.2024 13:17:22.430000,259.14,185.971,6.85925,6.847,6.751,88.9811,3.18015,3.11494,13.9649,14.4845,834.08,842.54,4.78722,5.16522,0.463013,2.60162,6.78574,10.3009,10.3009,1.0,1.0,1
18182,30.05.2024 13:17:22.440000,259.14,185.971,6.85925,6.847,6.751,88.9811,3.18015,3.11494,13.9649,14.4845,834.08,842.54,4.78722,5.16522,0.463013,2.60162,6.78574,10.3009,10.3009,1.0,1.0,1
18183,30.05.2024 13:17:22.450000,225.522,158.203,6.84419,6.773,6.724,88.9285,3.17125,3.1181,12.8401,13.5811,834.025,842.52,4.81245,5.1824,0.34919,2.61018,6.78577,10.3009,10.3009,1.0,1.0,1
18184,30.05.2024 13:17:22.460000,225.522,158.203,6.84419,6.773,6.724,88.9285,3.17125,3.1181,12.8401,13.5811,834.025,842.52,4.81245,5.1824,0.34919,2.61018,6.78577,10.3009,10.3009,1.0,1.0,1
18185,30.05.2024 13:17:22.470000,207.394,111.319,6.82898,6.83,6.729,88.8652,3.17232,3.12937,13.8057,14.5454,834.04,842.52,4.75897,4.84807,0.294205,2.55696,6.78605,10.1779,10.1779,1.0,1.0,1
18186,30.05.2024 13:17:22.480000,186.877,95.3338,6.81365,6.834,6.757,88.8495,3.18289,3.13019,14.8616,16.5655,834.035,842.535,4.83789,4.94456,0.262077,2.48726,6.786,10.1128,10.1128,1.0,1.0,1
18187,30.05.2024 13:17:22.490000,166.937,91.7907,6.81365,6.811,6.706,88.8594,3.18431,3.12956,14.3806,15.8527,834.025,842.55,4.8569,4.94673,0.221702,2.44796,6.786,10.1128,10.1128,1.0,1.0,1
18188,30.05.2024 13:17:22.500000,166.937,91.7907,6.78839,6.811,6.706,88.8594,3.18697,3.13388,14.3806,15.8527,834.025,842.55,4.8569,4.94673,0.221702,2.44796,6.78588,9.92477,9.92477,1.0,1.0,1
18189,30.05.2024 13:17:22.510000,156.885,55.5359,6.7916,6.842,6.718,88.8281,3.18663,3.13628,13.745,13.7628,834.0,842.555,4.90999,5.18225,0.189926,2.46544,6.78588,9.92477,9.92477,1.0,1.0,1
18190,30.05.2024 13:17:22.520000,127.139,27.0264,6.7916,6.807,6.715,88.8281,3.18269,3.13442,14.078,13.6888,834.01,842.55,4.73289,5.24716,0.226444,2.63246,6.78594,10.1635,10.1635,1.0,1.0,1
18191,30.05.2024 13:17:22.530000,127.139,27.0264,6.7913,6.807,6.715,88.9016,3.17694,3.13263,14.078,13.6888,834.01,842.55,4.73289,5.24716,0.226444,2.63246,6.78594,10.1563,10.1563,1.0,1.0,1
18192,30.05.2024 13:17:22.540000,115.851,-13.5956,6.7914,6.809,6.712,88.829,3.17614,3.12283,12.3307,13.7835,833.985,842.575,4.81755,5.35333,0.132229,2.50301,6.78574,10.1563,10.1563,1.0,1.0,1
18193,30.05.2024 13:17:22.550000,115.851,-56.0303,6.7914,6.795,6.712,88.829,3.17542,3.12089,12.3307,13.7835,833.985,842.575,4.81755,5.35333,0.132229,2.50301,6.78574,9.93924,9.93924,1.0,1.0,1
18194,30.05.2024 13:17:22.560000,109.424,-56.0303,6.79127,6.795,6.716,88.8605,3.17573,3.12028,13.8762,14.7912,833.955,842.56,4.74265,5.61861,0.27449,2.60962,6.78574,9.93924,9.93924,1.0,1.0,1
18195,30.05.2024 13:17:22.570000,103.162,-36.1725,6.79127,6.747,6.695,88.9962,3.17728,3.11954,13.5509,14.5238,833.965,842.515,4.64833,5.40422,0.116833,2.50722,6.78574,9.83796,9.83796,1.0,1.0,1
18196,30.05.2024 13:17:22.580000,103.162,-36.1725,6.78246,6.747,6.695,88.9962,3.17842,3.11333,13.5509,14.5238,833.965,842.515,4.64833,5.40422,0.116833,2.50722,6.7857,10.4094,10.4094,1.0,1.0,1
18197,30.05.2024 13:17:22.590000,101.678,-39.5508,6.78187,6.677,6.695,88.9204,3.1728,3.10553,12.4324,14.3786,833.955,842.48,4.69961,5.19357,0.0859679,2.55734,6.7857,10.4094,10.4094,1.0,1.0,1
18198,30.05.2024 13:17:22.600000,70.2026,-57.019,6.78187,6.666,6.709,88.9204,3.1697,3.10488,14.1171,11.6614,833.93,842.485,4.72307,4.6727,0.0414656,2.61121,6.78548,10.8001,10.8001,1.0,1.0,1
18199,30.05.2024 13:17:22.610000,70.2026,-57.019,6.78036,6.666,6.709,88.9049,3.16808,3.10468,14.1171,11.6614,833.93,842.485,4.72307,4.6727,0.0414656,2.61121,6.78548,10.4022,10.4022,0.0,1.0,1
18200,30.05.2024 13:17:22.620000,50.592,-92.5323,6.76878,6.699,6.709,88.9043,3.17226,3.10642,13.5462,13.8702,833.92,842.51,4.68667,4.74298,0.0774039,2.5925,6.78513,10.4022,10.4022,0.0,1.0,1
18201,30.05.2024 13:17:22.630000,50.592,-107.941,6.76878,6.745,6.709,88.9043,3.17451,3.10721,13.5462,13.8702,833.92,842.51,4.68667,4.74298,0.0774039,2.5925,6.78513,10.4239,10.4239,0.0,1.0,1
18202,30.05.2024 13:17:22.640000,50.592,-107.941,6.76878,6.745,6.709,88.9043,3.17451,3.10721,13.5462,13.8702,833.92,842.51,4.68667,4.74298,0.0774039,2.5925,6.78513,10.4239,10.4239,0.0,1.0,1
18203,30.05.2024 13:17:22.650000,24.2248,-107.941,6.75744,6.745,6.704,88.9891,3.17991,3.10692,14.5384,14.0092,833.905,842.515,4.70748,4.75757,0.11132,2.62698,6.78513,10.272,10.272,0.0,1.0,1
18204,30.05.2024 13:17:22.660000,24.2248,-107.941,6.75744,6.745,6.704,88.9891,3.17991,3.10692,14.5384,14.0092,833.905,842.515,4.70748,4.75757,0.11132,2.62698,6.78513,10.272,10.272,0.0,1.0,1
18205,30.05.2024 13:17:22.670000,0.576782,-134.473,6.76788,6.812,6.7,88.9844,3.17891,3.10653,14.4402,14.2943,833.9,842.48,4.73434,4.69224,0.124485,2.62404,6.78509,10.272,10.272,0.0,1.0,1
18206,30.05.2024 13:17:22.680000,0.576782,-134.473,6.76788,6.812,6.7,88.9844,3.17891,3.10653,14.4402,14.2943,833.9,842.48,4.73434,4.69224,0.124485,2.62404,6.78509,10.272,10.272,0.0,1.0,1
18207,30.05.2024 13:17:22.690000,-28.3447,-170.81,6.77447,6.726,6.663,88.9785,3.1688,3.10676,13.0172,10.9651,833.85,842.475,4.89395,4.17119,0.0559348,2.63629,6.78537,10.4673,10.4673,0.0,1.0,1
18208,30.05.2024 13:17:22.700000,-47.2961,-162.158,6.79316,6.735,6.664,89.0064,3.1607,3.11045,13.5175,10.8484,833.82,842.51,4.63458,4.19798,0.0657996,2.63884,6.78562,11.0532,11.0532,0.0,1.0,1
18209,30.05.2024 13:17:22.710000,-47.2961,-162.158,6.79316,6.735,6.664,89.0064,3.16277,3.1104,13.5175,10.8484,833.82,842.51,4.63458,4.19798,0.0657996,2.63884,6.78495,10.8362,10.8362,0.0,1.0,1
18210,30.05.2024 13:17:22.720000,-86.4349,-209.372,6.79079,6.765,6.694,88.9552,3.16438,3.11094,13.2573,11.2428,833.83,842.525,4.53004,4.37168,0.0656127,2.66479,6.78495,10.8362,10.8362,0.0,1.0,1
18211,30.05.2024 13:17:22.730000,-95.3338,-208.136,6.79079,6.782,6.687,88.9744,3.16664,3.11231,13.0824,12.8507,833.845,842.51,4.59996,4.63233,0.0552901,2.67204,6.78495,10.8362,10.8362,0.0,1.0,1
18212,30.05.2024 13:17:22.740000,-95.3338,-208.136,6.79539,6.782,6.687,88.9744,3.17099,3.11583,13.0824,12.8507,833.845,842.51,4.59996,4.63233,0.0552901,2.67204,6.78398,10.7205,10.7205,0.0,1.0,1
18213,30.05.2024 13:17:22.750000,-101.843,-237.305,6.80499,6.76,6.689,88.9595,3.1785,3.11783,13.004,14.3734,833.8,842.44,4.73274,4.70066,0.0293883,2.76912,6.78398,10.7205,10.7205,0.0,1.0,1
18214,30.05.2024 13:17:22.760000,-98.9593,-244.144,6.80499,6.748,6.695,88.9595,3.1799,3.11758,12.9338,12.6931,833.76,842.385,4.63061,4.24763,0.0309256,2.78958,6.78364,10.7711,10.7711,0.0,1.0,1
18215,30.05.2024 13:17:22.770000,-98.9593,-244.144,6.8163,6.748,6.695,88.9506,3.17842,3.11978,12.9338,12.6931,833.76,842.385,4.63061,4.24763,0.0309256,2.78958,6.78364,10.7711,10.7711,0.0,1.0,1
18216,30.05.2024 13:17:22.780000,-109.424,-268.286,6.82275,6.758,6.687,88.9974,3.17704,3.12196,13.7178,11.4773,833.775,842.43,4.439,3.82442,0.0703925,2.81657,6.78332,10.7711,10.7711,0.0,1.0,1
18217,30.05.2024 13:17:22.790000,-109.424,-294.736,6.82275,6.789,6.687,88.9974,3.17159,3.1234,13.7178,11.4773,833.775,842.43,4.439,3.82442,0.0703925,2.81657,6.78265,11.6175,11.6175,0.0,1.0,1
18218,30.05.2024 13:17:22.800000,-117.993,-294.736,6.82708,6.789,6.702,88.9633,3.16813,3.12312,13.1368,12.0973,833.785,842.51,4.62074,4.01526,-0.0749856,2.7395,6.78265,11.6175,11.6175,0.0,1.0,1
18219,30.05.2024 13:17:22.810000,-117.993,-294.736,6.82708,6.789,6.702,88.9633,3.16813,3.12312,13.1368,12.0973,833.785,842.51,4.62074,4.01526,-0.0749856,2.7395,6.78265,11.6175,11.6175,0.0,1.0,1
18220,30.05.2024 13:17:22.820000,-137.439,-325.882,6.82708,6.79,6.725,88.9236,3.14695,3.11898,11.6707,11.7708,833.755,842.5,4.96599,4.88428,-0.0265237,2.70819,6.78265,10.8652,10.8652,0.0,1.0,1
18221,30.05.2024 13:17:22.830000,-157.214,-332.062,6.84717,6.778,6.745,88.9318,3.12561,3.12243,11.5451,13.5757,833.71,842.36,4.89597,4.94784,-0.0402452,2.73549,6.78251,10.2792,10.2792,0.0,1.0,1
18222,30.05.2024 13:17:22.840000,-177.319,-355.792,6.84717,6.807,6.753,88.9318,3.11926,3.12601,10.0273,12.0594,833.64,842.285,4.8291,4.2321,-0.0633279,2.68178,6.78192,10.272,10.272,0.0,1.0,1
18223,30.05.2024 13:17:22.850000,-177.319,-355.792,6.84239,6.807,6.753,88.9511,3.11844,3.12642,10.0273,12.0594,833.64,842.285,4.8291,4.2321,-0.0633279,2.68178,6.78192,10.9086,10.9086,0.0,1.0,1
18224,30.05.2024 13:17:22.860000,-188.937,-388.998,6.833,6.828,6.732,88.9498,3.12505,3.12619,10.9588,13.4999,833.635,842.3,4.21523,3.35662,-0.0417329,2.76332,6.78156,10.9086,10.9086,0.0,1.0,1
18225,30.05.2024 13:17:22.870000,-188.937,-404.654,6.833,6.861,6.732,88.9498,3.13566,3.12798,10.9588,13.4999,833.635,842.3,4.21523,3.35662,-0.0417329,2.76332,6.78141,11.1617,11.1617,0.0,1.0,1
18226,30.05.2024 13:17:22.880000,-212.75,-404.654,6.84126,6.861,6.777,88.9072,3.14527,3.13005,11.6171,12.1752,833.645,842.38,4.13,3.37918,-0.0975038,2.77613,6.78141,11.1617,11.1617,0.0,1.0,1
18227,30.05.2024 13:17:22.890000,-221.32,-386.032,6.84126,6.776,6.748,88.8945,3.15314,3.13126,12.823,11.3058,833.67,842.42,4.0987,3.76488,-0.14011,2.82411,6.78141,10.4818,10.4818,0.0,1.0,1
18228,30.05.2024 13:17:22.900000,-221.32,-386.032,6.84192,6.776,6.748,88.8945,3.1596,3.13205,12.823,11.3058,833.67,842.42,4.0987,3.76488,-0.14011,2.82411,6.78142,9.67882,9.67882,0.0,1.0,1
18229,30.05.2024 13:17:22.910000,-221.32,-386.032,6.84192,6.776,6.748,88.8945,3.1596,3.13205,12.823,11.3058,833.67,842.42,4.0987,3.76488,-0.14011,2.82411,6.78142,9.67882,9.67882,0.0,1.0,1
18230,30.05.2024 13:17:22.920000,-237.799,-396.414,6.84214,6.794,6.75,88.9158,3.16947,3.1304,13.7408,14.36,833.655,842.39,4.50226,4.45538,-0.0865022,2.84733,6.78142,10.0405,10.0405,0.0,1.0,1
18231,30.05.2024 13:17:22.930000,-237.799,-396.414,6.84214,6.794,6.75,88.9158,3.16947,3.1304,13.7408,14.36,833.655,842.39,4.50226,4.45538,-0.0865022,2.84733,6.78142,10.0405,10.0405,0.0,1.0,1
18232,30.05.2024 13:17:22.940000,-238.788,-403.5,6.82929,6.833,6.739,88.8783,3.1699,3.13215,13.1116,13.1812,833.6,842.275,4.73319,4.48513,-0.0810281,2.75989,6.78167,10.026,10.026,0.0,1.0,1
18233,30.05.2024 13:17:22.950000,-246.204,-407.291,6.82543,6.795,6.747,88.9222,3.15934,3.1311,12.5131,11.8612,833.595,842.295,4.61018,3.70352,-0.101685,2.74527,6.78199,10.026,10.026,0.0,1.0,1
18234,30.05.2024 13:17:22.960000,-259.882,-407.291,6.83464,6.795,6.738,88.9453,3.15577,3.13104,12.5131,11.8612,833.595,842.295,4.61018,3.70352,-0.101685,2.74527,6.78199,10.026,10.026,0.0,1.0,1
18235,30.05.2024 13:17:22.970000,-273.312,-405.643,6.83464,6.819,6.735,88.9377,3.15536,3.12728,11.7739,12.9029,833.595,842.33,4.83008,3.93738,-0.0839044,2.72709,6.78243,10.9592,10.9592,0.0,1.0,1
18236,30.05.2024 13:17:22.980000,-273.312,-405.643,6.83464,6.819,6.735,88.9377,3.15536,3.12728,11.7739,12.9029,833.595,842.33,4.83008,3.93738,-0.0839044,2.72709,6.78243,10.9592,10.9592,0.0,1.0,1
18237,30.05.2024 13:17:22.990000,-273.312,-405.643,6.82885,6.819,6.735,88.9377,3.15149,3.12435,11.6442,8.36798,833.58,842.305,5.15142,4.37496,-0.191795,2.68691,6.7822,10.1128,10.1128,0.0,1.0,1
18238,30.05.2024 13:17:23.000000,-273.312,-405.643,6.82885,6.819,6.735,88.9377,3.15149,3.12435,11.6442,8.36798,833.58,842.305,5.15142,4.37496,-0.191795,2.68691,6.7822,10.1128,10.1128,0.0,1.0,1
18239,30.05.2024 13:17:23.010000,-289.545,-400.452,6.82101,6.811,6.733,88.8996,3.14669,3.11923,11.3093,9.41184,833.545,842.23,5.26155,4.5791,-0.079754,2.81492,6.78293,10.1128,10.1128,0.0,1.0,1
18240,30.05.2024 13:17:23.020000,-289.545,-400.452,6.82101,6.811,6.733,88.8996,3.14669,3.11923,11.3093,9.41184,833.545,842.23,5.26155,4.5791,-0.079754,2.81492,6.78293,10.1128,10.1128,0.0,1.0,1
18241,30.05.2024 13:17:23.030000,-305.365,-403.253,6.80362,6.785,6.735,88.9002,3.14734,3.11688,13.3059,11.8809,833.475,842.165,5.34494,4.14324,-0.161415,2.84414,6.78347,10.6192,10.6192,0.0,1.0,1
18242,30.05.2024 13:17:23.040000,-305.365,-403.253,6.80362,6.785,6.735,88.9002,3.14734,3.11688,13.3059,11.8809,833.475,842.165,5.34494,4.14324,-0.161415,2.84414,6.78347,10.6192,10.6192,0.0,1.0,1
18243,30.05.2024 13:17:23.050000,-313.934,-404.242,6.80629,6.784,6.729,88.909,3.14546,3.11755,11.6245,14.5417,833.455,842.175,5.05457,3.73659,-0.0937349,2.84995,6.78339,11.1835,11.1835,0.0,1.0,1
18244,30.05.2024 13:17:23.060000,-320.032,-398.721,6.80948,6.776,6.707,88.938,3.14222,3.12183,10.8873,10.2426,833.445,842.195,4.87458,3.62655,-0.186165,2.9097,6.78364,11.1617,11.1617,0.0,1.0,1
18245,30.05.2024 13:17:23.070000,-320.032,-398.721,6.80948,6.776,6.707,88.938,3.14222,3.12183,10.8873,10.2426,833.445,842.195,4.87458,3.62655,-0.186165,2.9097,6.78364,11.1617,11.1617,0.0,1.0,1
18246,30.05.2024 13:17:23.080000,-333.133,-397.897,6.80283,6.776,6.708,89.0241,3.14529,3.12058,12.5639,10.3011,833.475,842.21,4.98492,3.93039,-0.207222,2.92927,6.78364,10.3588,10.3588,0.0,1.0,1
18247,30.05.2024 13:17:23.090000,-336.758,-402.759,6.79169,6.78,6.703,89.0854,3.15048,3.12019,11.6734,10.5039,833.47,842.205,5.28754,4.20101,-0.206905,3.00516,6.78367,10.4673,10.4673,0.0,1.0,1
18248,30.05.2024 13:17:23.100000,-347.388,-397.732,6.79429,6.763,6.711,89.1408,3.15812,3.1244,12.1753,12.1703,833.41,842.16,5.59891,4.46994,-0.287483,2.84803,6.7838,10.4673,10.4673,0.0,1.0,1
18249,30.05.2024 13:17:23.110000,-347.388,-403.747,6.79429,6.81,6.711,89.1408,3.16245,3.12591,12.1753,12.1703,833.41,842.16,5.59891,4.46994,-0.287483,2.84803,6.7838,10.4673,10.4673,0.0,1.0,1
18250,30.05.2024 13:17:23.120000,-363.62,-403.747,6.79922,6.81,6.708,89.1004,3.1645,3.12639,13.9767,13.5103,833.4,842.105,5.38956,4.43978,-0.125897,2.93489,6.7838,10.4673,10.4673,0.0,1.0,1
18251,30.05.2024 13:17:23.130000,-363.043,-400.781,6.79922,6.763,6.69,89.0803,3.16603,3.12805,12.7795,14.1002,833.365,842.095,5.57731,4.09427,-0.195374,2.85989,6.78417,10.7639,10.7639,0.0,1.0,1
18252,30.05.2024 13:17:23.140000,-363.043,-400.781,6.81752,6.763,6.69,89.0803,3.16915,3.13135,12.7795,14.1002,833.365,842.095,5.57731,4.09427,-0.195374,2.85989,6.78383,11.0315,11.0315,0.0,1.0,1
18253,30.05.2024 13:17:23.150000,-366.339,-400.534,6.83,6.751,6.683,89.0563,3.16346,3.13375,13.7968,11.4511,833.36,842.095,5.45637,4.24957,-0.142677,2.88523,6.78383,11.0315,11.0315,0.0,1.0,1
18254,30.05.2024 13:17:23.160000,-366.339,-400.534,6.83,6.751,6.683,89.0563,3.16346,3.13375,13.7968,11.4511,833.36,842.095,5.45637,4.24957,-0.142677,2.88523,6.78383,11.0315,11.0315,0.0,1.0,1
18255,30.05.2024 13:17:23.170000,-358.594,-400.122,6.83,6.759,6.681,89.0563,3.15524,3.13394,14.648,13.0762,833.35,842.085,5.54379,4.39525,-0.22855,2.93875,6.78355,10.3082,10.3082,0.0,1.0,1
18256,30.05.2024 13:17:23.180000,-358.429,-400.452,6.82341,6.76,6.701,89.0455,3.12411,3.13173,11.9388,13.1146,833.29,842.03,5.58605,4.54054,-0.18951,2.92326,6.78375,9.72222,9.72222,0.0,1.0,1
18257,30.05.2024 13:17:23.190000,-358.429,-402.594,6.82341,6.79,6.701,89.0455,3.11529,3.1333,11.9388,13.1146,833.29,842.03,5.58605,4.54054,-0.18951,2.92326,6.78375,9.52691,9.52691,0.0,1.0,1
18258,30.05.2024 13:17:23.200000,-364.361,-402.594,6.82956,6.79,6.728,89.0322,3.11345,3.13475,11.3337,11.5659,833.26,841.96,5.3321,4.26512,-0.231346,3.02011,6.78375,9.52691,9.52691,0.0,1.0,1
18259,30.05.2024 13:17:23.210000,-359.088,-406.302,6.82956,6.808,6.737,89.0352,3.11296,3.13521,9.94919,12.6342,833.255,841.94,5.20588,3.81847,-0.333714,2.9397,6.78371,9.72222,9.72222,0.0,1.0,1
18260,30.05.2024 13:17:23.220000,-359.088,-406.302,6.80777,6.808,6.737,89.0352,3.11623,3.13504,9.94919,12.6342,833.255,841.94,5.20588,3.81847,-0.333714,2.9397,6.78356,9.46905,9.46905,0.0,1.0,1
18261,30.05.2024 13:17:23.230000,-362.961,-400.781,6.80786,6.83,6.73,89.0447,3.13236,3.13538,9.89846,9.83669,833.24,841.945,5.08098,3.54464,-0.271748,3.04948,6.78356,9.46905,9.46905,0.0,1.0,1
18262,30.05.2024 13:17:23.240000,-357.605,-399.216,6.80786,6.796,6.755,89.0447,3.14496,3.13764,11.4623,12.764,833.215,841.945,5.08892,3.60207,-0.320984,3.01946,6.78373,9.47627,9.47627,0.0,1.0,1
18263,30.05.2024 13:17:23.250000,-357.605,-399.216,6.80786,6.796,6.755,89.0447,3.14496,3.13764,11.4623,12.764,833.215,841.945,5.08892,3.60207,-0.320984,3.01946,6.78373,9.47627,9.47627,0.0,1.0,1
18264,30.05.2024 13:17:23.260000,-357.605,-399.216,6.83441,6.796,6.755,89.0405,3.15493,3.14215,12.941,11.8888,833.225,841.945,5.01361,3.83004,-0.252022,3.06276,6.78373,8.83247,8.83247,0.0,1.0,1
18265,30.05.2024 13:17:23.270000,-355.627,-405.478,6.83711,6.836,6.738,89.3181,3.17133,3.14818,13.424,13.2743,833.21,841.91,5.16857,3.97397,-0.179539,3.01025,6.78374,9.02055,9.02055,0.0,1.0,1
18266,30.05.2024 13:17:23.280000,-355.627,-405.478,6.83711,6.836,6.738,89.3181,3.17133,3.14818,13.424,13.2743,833.21,841.91,5.16857,3.97397,-0.179539,3.01025,6.78374,9.02055,9.02055,0.0,1.0,1
18267,30.05.2024 13:17:23.290000,-362.137,-405.478,6.83238,6.836,6.747,89.2802,3.17088,3.15151,13.424,13.2743,833.21,841.91,5.16857,3.97397,-0.179539,3.01025,6.78374,9.02055,9.02055,0.0,1.0,1
18268,30.05.2024 13:17:23.300000,-362.137,-405.478,6.83238,6.836,6.747,89.2802,3.17088,3.15151,13.424,13.2743,833.21,841.91,5.16857,3.97397,-0.179539,3.01025,6.78374,9.02055,9.02055,0.0,1.0,1
18269,30.05.2024 13:17:23.310000,-361.56,-398.886,6.82495,6.813,6.751,89.2229,3.15874,3.16441,13.6385,14.918,833.18,841.87,5.39211,3.9765,-0.125816,2.97592,6.78324,9.21585,9.21585,0.0,1.0,1
18270,30.05.2024 13:17:23.320000,-361.56,-398.886,6.82495,6.813,6.751,89.2229,3.15874,3.16441,13.6385,14.918,833.18,841.87,5.39211,3.9765,-0.125816,2.97592,6.78324,9.21585,9.21585,0.0,1.0,1
18271,30.05.2024 13:17:23.330000,-363.043,-400.534,6.82794,6.814,6.729,89.1729,3.14904,3.1635,14.3518,14.6719,833.15,841.85,5.05467,3.86357,-0.134247,2.91572,6.78325,8.99885,8.99885,0.0,1.0,1
18272,30.05.2024 13:17:23.340000,-363.043,-400.534,6.82794,6.814,6.729,89.1729,3.14904,3.1635,14.3518,14.6719,833.15,841.85,5.05467,3.86357,-0.134247,2.91572,6.78325,8.99885,8.99885,0.0,1.0,1
18273,30.05.2024 13:17:23.350000,-355.875,-392.789,6.83411,6.825,6.732,89.0742,3.12664,3.15677,12.2652,12.5836,833.15,841.845,5.36269,4.08756,-0.095421,2.89659,6.78337,8.99885,8.99885,0.0,1.0,1
18274,30.05.2024 13:17:23.360000,-355.875,-392.789,6.83411,6.825,6.732,89.0742,3.12664,3.15677,12.2652,12.5836,833.15,841.845,5.36269,4.08756,-0.095421,2.89659,6.78337,8.99885,8.99885,0.0,1.0,1
18275,30.05.2024 13:17:23.370000,-358.429,-400.452,6.81206,6.806,6.738,89.0443,3.12149,3.15532,12.9456,12.313,833.095,841.81,5.52334,4.19738,-0.117157,2.92994,6.78388,8.91928,8.91928,0.0,1.0,1
18276,30.05.2024 13:17:23.380000,-359.912,-400.204,6.82492,6.813,6.748,89.0443,3.14217,3.15184,11.3932,13.2832,833.085,841.795,5.43801,4.28144,-0.0908929,2.94107,6.78419,9.9103,9.9103,0.0,1.0,1
18277,30.05.2024 13:17:23.390000,-358.429,-400.452,6.81206,6.806,6.738,89.0443,3.12149,3.15532,12.9456,12.313,833.095,841.81,5.52334,4.19738,-0.117157,2.92994,6.78388,9.9103,9.9103,0.0,1.0,1
18278,30.05.2024 13:17:23.400000,-358.429,-400.452,6.81206,6.806,6.738,89.0443,3.12149,3.15532,12.9456,12.313,833.095,841.81,5.52334,4.19738,-0.117157,2.92994,6.78388,9.9103,9.9103,0.0,1.0,1
18279,30.05.2024 13:17:23.410000,-357.687,-403.171,6.81516,6.875,6.735,88.9754,3.16008,3.1492,12.8623,9.60038,833.08,841.79,5.60947,4.61378,-0.0475198,2.95072,6.78489,9.9103,9.9103,0.0,1.0,1
18280,30.05.2024 13:17:23.420000,-357.687,-403.171,6.81516,6.875,6.735,88.9754,3.16008,3.1492,12.8623,9.60038,833.08,841.79,5.60947,4.61378,-0.0475198,2.95072,6.78489,9.9103,9.9103,0.0,1.0,1
18281,30.05.2024 13:17:23.430000,-358.346,-402.182,6.82714,6.856,6.723,89.0264,3.18065,3.14962,13.1258,13.2173,833.06,841.765,5.79321,4.8535,0.00937259,2.96351,6.78525,9.375,9.375,0.0,1.0,1
18282,30.05.2024 13:17:23.440000,-357.934,-399.792,6.83055,6.806,6.73,89.0128,3.17867,3.15054,14.4592,11.0795,833.025,841.73,5.97848,5.01369,-0.0229532,2.95768,6.78535,9.07842,9.07842,0.0,1.0,1
18283,30.05.2024 13:17:23.450000,-357.934,-399.792,6.83055,6.806,6.73,89.0128,3.17867,3.15054,14.4592,11.0795,833.025,841.73,5.97848,5.01369,-0.0229532,2.95768,6.78535,9.07842,9.07842,0.0,1.0,1
18284,30.05.2024 13:17:23.460000,-361.642,-403.418,6.83055,6.783,6.729,88.9667,3.1767,3.14955,14.1757,9.76357,832.98,841.655,5.89918,5.00768,-0.0645982,2.98034,6.78535,9.07119,9.07119,0.0,1.0,1
18285,30.05.2024 13:17:23.470000,-358.676,-399.38,6.81888,6.8,6.726,88.9521,3.17003,3.15281,13.6548,11.4758,832.965,841.6,5.64235,4.55103,-0.0685083,3.0529,6.78489,9.41841,9.41841,0.0,1.0,1
18286,30.05.2024 13:17:23.480000,-360.324,-397.98,6.81888,6.767,6.728,88.9521,3.16873,3.152,14.8867,12.6462,832.96,841.605,5.59133,4.10059,-0.0363542,3.10249,6.78503,9.55584,9.55584,0.0,1.0,1
18287,30.05.2024 13:17:23.490000,-360.324,-397.98,6.81958,6.767,6.728,89.5105,3.16831,3.15121,14.8867,12.6462,832.96,841.605,5.59133,4.10059,-0.0363542,3.10249,6.78503,8.82523,8.82523,0.0,1.0,1
18288,30.05.2024 13:17:23.500000,-358.099,-402.759,6.82056,6.749,6.705,89.3323,3.16339,3.14522,13.2287,12.5451,832.945,841.62,5.6095,4.11334,-0.109009,3.07936,6.78506,8.82523,8.82523,0.0,1.0,1
18289,30.05.2024 13:17:23.510000,-358.099,-402.182,6.82056,6.776,6.705,89.3323,3.15726,3.14605,13.2287,12.5451,832.945,841.62,5.6095,4.11334,-0.109009,3.07936,6.78467,8.02229,8.02229,0.0,1.0,1
18290,30.05.2024 13:17:23.520000,-363.29,-402.182,6.83973,6.776,6.701,89.2068,3.14932,3.14837,11.858,9.50852,832.935,841.59,5.84016,4.31451,-0.0986863,2.99835,6.78467,8.02229,8.02229,0.0,1.0,1
18291,30.05.2024 13:17:23.530000,-357.44,-402.841,6.83973,6.788,6.694,89.1677,3.14259,3.14909,11.9597,10.966,832.86,841.555,5.89841,4.32956,-0.015915,2.99853,6.78467,8.04398,8.04398,0.0,1.0,1
18292,30.05.2024 13:17:23.540000,-357.44,-402.841,6.83659,6.788,6.694,89.1677,3.13691,3.14823,11.9597,10.966,832.86,841.555,5.89841,4.32956,-0.015915,2.99853,6.78454,8.4997,8.4997,0.0,1.0,1
18293,30.05.2024 13:17:23.550000,-361.972,-401.028,6.8537,6.773,6.703,89.1514,3.12695,3.14383,10.9817,10.7396,832.835,841.51,5.6286,4.09989,-0.118256,2.9055,6.78454,8.4997,8.4997,0.0,1.0,1
18294,30.05.2024 13:17:23.560000,-358.182,-398.968,6.8537,6.777,6.726,89.1514,3.12348,3.1426,11.0783,10.4145,832.845,841.505,5.41172,3.94843,-0.0754091,2.90761,6.78431,8.42013,8.42013,0.0,1.0,1
18295,30.05.2024 13:17:23.570000,-358.182,-398.968,6.84622,6.777,6.726,89.1047,3.12407,3.14444,11.0783,10.4145,832.845,841.505,5.41172,3.94843,-0.0754091,2.90761,6.78431,8.42013,8.42013,0.0,1.0,1
18296,30.05.2024 13:17:23.580000,-357.934,-396.991,6.84008,6.843,6.759,89.0583,3.13735,3.14623,12.5717,13.4716,832.87,841.5,5.44296,3.92095,-0.150276,2.88346,6.7844,8.42013,8.42013,0.0,1.0,1
18297,30.05.2024 13:17:23.590000,-357.934,-407.455,6.84008,6.884,6.759,89.0583,3.14923,3.14486,12.5717,13.4716,832.87,841.5,5.44296,3.92095,-0.150276,2.88346,6.7844,8.55035,8.55035,0.0,1.0,1
18298,30.05.2024 13:17:23.600000,-361.642,-407.455,6.82529,6.884,6.731,89.0279,3.16133,3.14443,12.269,13.1207,832.86,841.495,5.79604,4.09584,-0.0661813,2.88508,6.7844,8.55035,8.55035,0.0,1.0,1
18299,30.05.2024 13:17:23.610000,-362.631,-403.5,6.82529,6.857,6.771,89.0393,3.17521,3.14635,13.1945,10.2376,832.795,841.44,6.00091,4.13041,-0.0642778,2.96541,6.78454,7.44357,7.44357,0.0,1.0,1
