,time,Pinceur Inf Mesure de courant,Pinceur Sup Mesure de courant,Mandrin - Vitesse Actuelle,Pinceur Sup Mesure vitesse lineaire,Pinceur Inf Mesure vitesse lineaire,Mandrin - Mesure Expansion,Pinceur Nord Position entrefer estimee,Pinceur Sud Position entrefer estimee,Pinceur Nord Force entrefer calibree,Pinceur Sud Force entrefer calibree,Guides Nord Entree Position mesuree,Guides Nord Sortie Position mesuree,Guides Nord Entree Force pour regulateur PI,Guides Nord Sortie Force pour regulateur PI,Guides Sud Entree Force pour regulateur PI,Guides Sud Sortie Force pour regulateur PI,Mandrin - Vitesse Actuelle F10,_Excentrage largeur bande jauge bob,_Excentrage largeur bande jauge bob.1,TDB pinceur,Fenetre,Declancheur
29700,30.05.2024 16:34:51.220000,194.952,114.203,7.72186,7.826,7.589,39.9573,4.68701,3.17007,50.6909,27.694,836.12,836.555,7.89501,5.77285,0.245374,1.23152,6.71732,100.181,100.181,1.0,1.0,1
29701,30.05.2024 16:34:51.230000,280.563,185.147,7.72436,7.679,7.467,39.9776,4.45475,3.16559,63.1347,19.0049,834.295,834.785,7.81137,5.80914,0.52659,1.11286,6.71757,100.188,100.188,1.0,1.0,1
29702,30.05.2024 16:34:51.240000,280.563,185.147,7.72436,7.679,7.467,39.9776,4.45475,3.16559,63.1347,19.0049,834.295,834.785,7.81137,5.80914,0.52659,1.11286,6.71757,100.188,100.188,1.0,1.0,1
29703,30.05.2024 16:34:51.250000,331.485,226.263,7.7266,7.703,7.429,40.0329,4.22466,3.16575,47.237,24.1113,832.65,833.055,6.8156,4.62533,0.45939,1.0613,6.71809,100.195,100.195,1.0,1.0,1
29704,30.05.2024 16:34:51.260000,379.028,209.619,7.72329,7.777,7.299,40.0071,3.35174,3.26947,25.1444,23.2005,831.215,831.53,5.75624,2.55535,0.407366,1.01559,6.71895,100.195,100.195,1.0,1.0,1
29705,30.05.2024 16:34:51.270000,379.028,207.889,7.71803,7.761,7.299,39.9774,3.1217,3.31248,1.74403,33.0396,829.95,830.285,4.99112,1.3636,0.504598,0.991839,6.71999,100.188,100.188,1.0,1.0,1
29706,30.05.2024 16:34:51.280000,379.028,207.889,7.71803,7.761,7.299,39.9774,3.1217,3.31248,1.74403,33.0396,829.95,830.285,4.99112,1.3636,0.504598,0.991839,6.71999,100.188,100.188,1.0,1.0,1
29707,30.05.2024 16:34:51.290000,440.744,207.889,7.71803,7.761,7.226,39.9696,2.98765,3.34173,-12.717,31.9026,828.8,829.08,5.37205,1.72808,0.341711,0.861918,6.71999,100.188,100.188,1.0,1.0,1
29708,30.05.2024 16:34:51.300000,514.984,292.84,7.7316,7.547,7.076,40.005,3.21738,3.38221,-12.717,31.9026,828.8,829.08,5.37205,1.72808,0.341711,0.861918,6.72212,100.188,100.188,1.0,1.0,1
29709,30.05.2024 16:34:51.310000,593.921,373.92,7.7316,7.418,6.924,40.005,3.43646,3.34728,-7.45134,44.8829,827.63,827.81,6.72375,2.59439,-0.0641463,0.754897,6.72212,100.188,100.188,1.0,1.0,1
29710,30.05.2024 16:34:51.320000,648.633,433.411,7.72406,7.415,6.911,40.0699,3.69637,3.33464,9.77816,36.3016,826.375,826.495,8.42539,3.8989,0.0108316,0.868163,6.72289,96.8099,96.8099,1.0,1.0,1
29711,30.05.2024 16:34:51.330000,648.633,433.411,7.71338,7.415,6.911,40.09,3.93126,3.3237,9.77816,36.3016,826.375,826.495,8.42539,3.8989,0.0108316,0.868163,6.72289,96.8099,96.8099,1.0,1.0,1
29712,30.05.2024 16:34:51.340000,683.981,455.081,7.71338,7.392,6.864,40.09,4.24656,3.27359,30.4393,29.8815,824.925,825.16,10.0656,5.09219,0.24547,0.768481,6.72377,96.8099,96.8099,1.0,1.0,1
29713,30.05.2024 16:34:51.350000,683.981,592.438,7.72083,7.091,6.864,40.0565,4.30151,3.25145,46.3885,32.8724,823.355,823.695,10.5858,6.81512,0.370256,0.839095,6.72403,97.0558,97.0558,1.0,1.0,1
29714,30.05.2024 16:34:51.360000,709.854,592.438,7.72083,7.091,6.85,40.0276,4.27776,3.22897,46.3885,32.8724,823.355,823.695,10.5858,6.81512,0.370256,0.839095,6.72403,97.0558,97.0558,1.0,1.0,1
29715,30.05.2024 16:34:51.370000,722.461,683.569,7.72597,7.034,6.862,40.0276,4.06138,3.17717,46.2105,28.6357,821.86,822.095,10.0173,7.93844,0.262602,0.822936,6.72472,93.1062,93.1062,1.0,1.0,1
29716,30.05.2024 16:34:51.380000,722.461,683.569,7.73499,7.034,6.862,40.0037,3.90503,3.1458,46.2105,28.6357,821.86,822.095,10.0173,7.93844,0.262602,0.822936,6.72548,91.7028,91.7028,1.0,1.0,1
29717,30.05.2024 16:34:51.390000,701.944,683.816,7.73499,7.138,6.855,40.0037,3.72984,3.12614,35.1534,20.1978,820.31,820.485,9.53081,7.80177,0.521768,0.877391,6.72548,91.7028,91.7028,1.0,1.0,1
29718,30.05.2024 16:34:51.400000,705.404,680.768,7.72658,7.181,6.849,39.9551,3.55739,3.11265,20.9025,18.1763,818.795,818.9,8.94705,7.51268,0.538645,0.746875,6.72624,91.7028,91.7028,1.0,1.0,1
29719,30.05.2024 16:34:51.410000,705.404,680.768,7.72658,7.181,6.849,39.9551,3.55739,3.11265,20.9025,18.1763,818.795,818.9,8.94705,7.51268,0.538645,0.746875,6.72624,91.7028,91.7028,1.0,1.0,1
29720,30.05.2024 16:34:51.420000,705.404,680.768,7.72774,7.181,6.849,40.0043,3.40468,3.10863,6.5596,19.3148,817.37,817.44,8.6984,7.08645,0.360895,0.84656,6.72624,89.1348,89.1348,1.0,1.0,1
29721,30.05.2024 16:34:51.430000,702.191,714.551,7.73325,6.98,6.832,40.0462,3.17905,3.13839,-1.71098,20.933,815.905,816.01,9.39682,7.64502,0.338922,0.812835,6.72746,89.1565,89.1565,1.0,1.0,1
29722,30.05.2024 16:34:51.440000,702.191,714.551,7.73325,6.98,6.832,40.0462,3.17905,3.13839,-1.71098,20.933,815.905,816.01,9.39682,7.64502,0.338922,0.812835,6.72746,89.1565,89.1565,1.0,1.0,1
29723,30.05.2024 16:34:51.450000,709.936,714.551,7.73325,6.98,6.786,40.0991,3.19651,3.16944,-0.135876,23.8055,814.31,814.45,10.4119,8.83591,0.34807,0.848067,6.72746,87.2685,87.2685,1.0,1.0,1
29724,30.05.2024 16:34:51.460000,695.434,700.049,7.72658,7.013,6.804,40.1153,3.48214,3.21706,-0.135876,23.8055,814.31,814.45,10.4119,8.83591,0.34807,0.848067,6.72762,85.1707,85.1707,1.0,1.0,1
29725,30.05.2024 16:34:51.470000,695.434,700.049,7.72658,7.013,6.804,40.1153,3.48214,3.21706,-0.135876,23.8055,814.31,814.45,10.4119,8.83591,0.34807,0.848067,6.72762,85.1707,85.1707,1.0,1.0,1
29726,30.05.2024 16:34:51.480000,696.753,705.075,7.72658,7.017,6.86,40.1153,3.60526,3.2172,6.60591,27.3517,812.62,812.85,10.9253,9.64892,0.356924,0.790499,6.72762,81.5176,81.5176,1.0,1.0,1
29727,30.05.2024 16:34:51.490000,691.891,700.708,7.73195,6.848,6.856,40.0692,3.79187,3.22234,20.0337,26.4059,810.905,811.27,10.7177,10.0158,0.345999,0.81343,6.7275,81.5176,81.5176,1.0,1.0,1
29728,30.05.2024 16:34:51.500000,691.891,700.708,7.73195,6.848,6.856,40.0692,3.79187,3.22234,20.0337,26.4059,810.905,811.27,10.7177,10.0158,0.345999,0.81343,6.7275,81.5176,81.5176,1.0,1.0,1
29729,30.05.2024 16:34:51.510000,691.562,687.277,7.73195,6.782,6.831,40.0692,3.88613,3.20743,25.679,26.8626,809.195,809.625,10.0311,10.3214,0.333582,0.835673,6.72769,77.908,77.908,1.0,1.0,1
29730,30.05.2024 16:34:51.520000,694.198,689.337,7.73171,6.821,6.793,40.1619,3.83638,3.2051,32.1817,27.9512,807.54,808.05,9.30949,10.4017,0.235189,0.787505,6.72758,74.0741,74.0741,1.0,1.0,1
29731,30.05.2024 16:34:51.530000,694.198,689.337,7.73171,6.821,6.793,40.1619,3.83638,3.2051,32.1817,27.9512,807.54,808.05,9.30949,10.4017,0.235189,0.787505,6.72758,74.0741,74.0741,1.0,1.0,1
29732,30.05.2024 16:34:51.540000,694.61,702.026,7.7363,6.87,6.751,40.1619,3.68056,3.20433,28.3944,24.5106,805.905,806.495,8.79296,10.5989,0.358476,0.861624,6.72761,70.0955,70.0955,1.0,1.0,1
29733,30.05.2024 16:34:51.550000,690.573,696.341,7.73784,6.787,6.72,40.2013,3.49066,3.20502,21.3053,24.1922,804.225,804.865,8.78639,11.2237,0.28824,0.855151,6.72783,70.0304,70.0304,1.0,1.0,1
29734,30.05.2024 16:34:51.560000,690.573,696.341,7.73784,6.787,6.72,40.2013,3.49066,3.20502,21.3053,24.1922,804.225,804.865,8.78639,11.2237,0.28824,0.855151,6.72783,70.0304,70.0304,1.0,1.0,1
29735,30.05.2024 16:34:51.570000,691.15,690.408,7.7333,6.71,6.688,40.1407,3.40555,3.20362,14.6416,26.119,802.535,803.2,8.59504,11.3567,0.30987,0.840434,6.72808,66.4352,66.4352,1.0,1.0,1
29736,30.05.2024 16:34:51.580000,688.266,690.573,7.72153,6.773,6.672,40.1545,3.25838,3.20158,6.06508,25.8083,800.845,801.615,8.52778,11.5694,0.232336,0.747592,6.72842,66.4352,66.4352,1.0,1.0,1
29737,30.05.2024 16:34:51.590000,688.266,698.483,7.73775,6.84,6.672,40.1314,3.25755,3.20477,3.87431,25.4123,799.1,799.99,8.33176,12.1052,0.286623,0.807181,6.72866,63.4766,63.4766,1.0,1.0,1
29738,30.05.2024 16:34:51.600000,688.266,698.483,7.73775,6.84,6.672,40.1314,3.25755,3.20477,3.87431,25.4123,799.1,799.99,8.33176,12.1052,0.286623,0.807181,6.72866,63.4766,63.4766,1.0,1.0,1
29739,30.05.2024 16:34:51.610000,690.161,698.483,7.73775,6.84,6.678,40.1236,3.27705,3.20855,6.29874,27.5478,797.4,798.335,7.99855,12.3949,0.320505,0.758635,6.72866,55.693,55.693,1.0,1.0,1
29740,30.05.2024 16:34:51.620000,681.756,702.768,7.73045,6.726,6.722,40.0485,3.43449,3.18226,6.29874,27.5478,797.4,798.335,7.99855,12.3949,0.320505,0.758635,6.72951,55.693,55.693,1.0,1.0,1
29741,30.05.2024 16:34:51.630000,685.217,684.887,7.73045,6.654,6.742,40.0485,3.48196,3.16502,8.89425,25.5814,795.7,796.675,7.73548,12.5081,0.201833,0.79692,6.72951,55.693,55.693,1.0,1.0,1
29742,30.05.2024 16:34:51.640000,685.217,684.887,7.73045,6.654,6.742,40.0485,3.48196,3.16502,8.89425,25.5814,795.7,796.675,7.73548,12.5081,0.201833,0.79692,6.72951,55.693,55.693,1.0,1.0,1
29743,30.05.2024 16:34:51.650000,689.996,685.711,7.74195,6.714,6.753,40.1306,3.52161,3.15181,14.177,19.8826,793.96,794.935,7.52011,12.6865,0.244711,0.833899,6.72995,52.1629,52.1629,1.0,1.0,1
29744,30.05.2024 16:34:51.660000,689.996,685.711,7.74195,6.714,6.753,40.1306,3.52161,3.15181,14.177,19.8826,793.96,794.935,7.52011,12.6865,0.244711,0.833899,6.72995,52.1629,52.1629,1.0,1.0,1
29745,30.05.2024 16:34:51.670000,688.266,686.947,7.73842,6.804,6.772,40.0936,3.55167,3.1245,17.2301,17.9228,792.205,793.17,7.25415,12.0168,0.168844,0.822554,6.73027,48.3001,48.3001,1.0,1.0,1
29746,30.05.2024 16:34:51.680000,688.266,694.775,7.73961,6.802,6.779,40.0154,3.50508,3.12211,17.8926,20.8371,790.51,791.595,6.77781,11.2914,0.264082,0.87387,6.7305,48.3001,48.3001,1.0,1.0,1
29747,30.05.2024 16:34:51.690000,687.936,685.382,7.73988,6.724,6.782,40.0154,3.42061,3.13626,16.1206,19.6953,788.81,790.065,6.61643,11.719,0.23044,0.84904,6.73113,44.0972,44.0972,1.0,1.0,1
29748,30.05.2024 16:34:51.700000,687.936,685.382,7.72914,6.724,6.782,40.0393,3.38555,3.14805,16.1206,19.6953,788.81,790.065,6.61643,11.719,0.23044,0.84904,6.7312,34.2159,34.2159,1.0,1.0,1
29749,30.05.2024 16:34:51.710000,694.198,680.273,7.72914,6.725,6.792,40.0393,3.35566,3.1532,12.2866,18.172,787.09,788.435,6.46805,12.5905,0.300745,0.936435,6.7312,34.2159,34.2159,1.0,1.0,1
29750,30.05.2024 16:34:51.720000,694.198,680.273,7.72914,6.725,6.792,40.0393,3.35566,3.1532,12.2866,18.172,787.09,788.435,6.46805,12.5905,0.300745,0.936435,6.7312,34.2159,34.2159,1.0,1.0,1
29751,30.05.2024 16:34:51.730000,693.374,685.547,7.72635,6.8,6.763,40.0912,3.33624,3.1541,9.33928,21.4936,785.36,786.75,6.41176,13.1518,0.23036,0.901217,6.7315,34.2159,34.2159,1.0,1.0,1
29752,30.05.2024 16:34:51.740000,693.374,685.547,7.72635,6.8,6.763,40.0912,3.33624,3.1541,9.33928,21.4936,785.36,786.75,6.41176,13.1518,0.23036,0.901217,6.7315,34.2159,34.2159,1.0,1.0,1
29753,30.05.2024 16:34:51.750000,683.322,690.82,7.73266,6.805,6.75,40.0175,3.34549,3.15513,9.98223,20.8503,783.705,785.125,6.29978,13.3361,0.212595,0.855304,6.73221,30.042,30.042,1.0,1.0,1
29754,30.05.2024 16:34:51.760000,684.393,686.947,7.74488,6.71,6.765,40.1284,3.38081,3.15595,8.9727,18.8585,782.045,783.515,6.43226,13.7448,0.391329,0.909919,6.73266,29.9335,29.9335,1.0,1.0,1
29755,30.05.2024 16:34:51.770000,688.925,686.123,7.75579,6.743,6.765,40.1284,3.39772,3.15848,12.1427,23.7443,780.36,781.845,6.74764,14.4075,0.701231,0.90679,6.73283,26.794,26.794,1.0,1.0,1
29756,30.05.2024 16:34:51.780000,688.925,686.123,7.75579,6.743,6.765,40.1284,3.39772,3.15848,12.1427,23.7443,780.36,781.845,6.74764,14.4075,0.701231,0.90679,6.73283,26.794,26.794,1.0,1.0,1
29757,30.05.2024 16:34:51.790000,688.925,686.123,7.76218,6.743,6.765,40.1868,3.41979,3.1674,14.8738,24.5172,778.785,780.265,7.03767,14.8482,1.11147,0.983721,6.73347,22.6635,22.6635,1.0,1.0,1
29758,30.05.2024 16:34:51.800000,688.925,686.123,7.76218,6.743,6.765,40.1868,3.41979,3.1674,14.8738,24.5172,778.785,780.265,7.03767,14.8482,1.11147,0.983721,6.73347,22.6635,22.6635,1.0,1.0,1
29759,30.05.2024 16:34:51.810000,687.03,692.798,7.76334,6.835,6.741,40.2196,3.42987,3.17065,14.4381,23.6195,777.25,778.7,8.09863,15.596,1.61693,0.903964,6.73398,19.1189,19.1189,1.0,1.0,1
29760,30.05.2024 16:34:51.820000,692.386,693.21,7.75193,6.772,6.749,40.0595,3.40404,3.17026,14.6558,22.0142,775.69,777.16,9.35109,16.629,3.28384,0.962542,6.73387,16.4569,16.4569,1.0,1.0,1
29761,30.05.2024 16:34:51.830000,692.386,690.902,7.75491,6.745,6.749,40.0229,3.38917,3.17011,13.5222,22.9352,774.25,775.63,10.9558,17.7957,5.96708,0.953974,6.73399,14.8293,14.8293,1.0,1.0,1
29762,30.05.2024 16:34:51.840000,687.359,690.902,7.75491,6.745,6.748,40.0194,3.36867,3.16976,13.5222,22.9352,774.25,775.63,10.9558,17.7957,5.96708,0.953974,6.73399,14.8293,14.8293,1.0,1.0,1
29763,30.05.2024 16:34:51.850000,687.359,690.902,7.75491,6.745,6.748,40.0194,3.36867,3.16976,13.5222,22.9352,774.25,775.63,10.9558,17.7957,5.96708,0.953974,6.73399,14.8293,14.8293,1.0,1.0,1
29764,30.05.2024 16:34:51.860000,691.644,679.614,7.76498,6.813,6.72,40.0194,3.33934,3.17057,12.8408,21.7776,772.95,774.125,13.0285,18.9232,7.66234,1.15092,6.73462,14.8003,14.8003,1.0,1.0,1
29765,30.05.2024 16:34:51.870000,684.393,686.7,7.76316,6.84,6.728,40.0864,3.33205,3.17071,12.1717,21.278,771.555,772.615,15.7106,20.4423,9.44396,1.38228,6.73498,13.1944,13.1944,1.0,1.0,1
29766,30.05.2024 16:34:51.880000,688.678,697.082,7.76981,6.691,6.71,40.0405,3.33505,3.1705,11.8304,21.4348,770.09,771.125,18.5736,21.9828,12.5575,1.81491,6.73524,13.1944,13.1944,1.0,1.0,1
29767,30.05.2024 16:34:51.890000,688.678,697.082,7.78798,6.691,6.71,40.0766,3.34076,3.17084,11.8304,21.4348,770.09,771.125,18.5736,21.9828,12.5575,1.81491,6.73524,13.1944,13.1944,1.0,1.0,1
29768,30.05.2024 16:34:51.900000,688.843,691.479,7.78798,6.693,6.714,40.0766,3.35839,3.169,11.9876,21.2939,769.17,769.89,15.1437,13.8024,14.7217,3.04185,6.73552,10.9664,10.9664,1.0,1.0,1
29769,30.05.2024 16:34:51.910000,688.843,698.071,7.78931,6.781,6.714,40.1349,3.36579,3.17037,12.8851,22.5375,769.095,770.61,12.7675,6.48176,15.8652,4.61492,6.73614,9.85967,9.85967,1.0,1.0,1
29770,30.05.2024 16:34:51.920000,693.21,698.071,7.78931,6.781,6.71,40.1217,3.37078,3.17286,12.8851,22.5375,769.095,770.61,12.7675,6.48176,15.8652,4.61492,6.73614,9.85967,9.85967,1.0,1.0,1
29771,30.05.2024 16:34:51.930000,693.21,698.071,7.78931,6.781,6.71,40.1217,3.37078,3.17286,12.8851,22.5375,769.095,770.61,12.7675,6.48176,15.8652,4.61492,6.73614,9.85967,9.85967,1.0,1.0,1
29772,30.05.2024 16:34:51.940000,692.386,702.026,7.78002,6.795,6.717,40.1217,3.37855,3.17809,13.6438,23.5789,768.71,771.3,9.96185,9.8207,17.8862,6.39067,6.73658,8.99161,8.99161,1.0,1.0,1
29773,30.05.2024 16:34:51.950000,691.397,692.633,7.7686,6.735,6.714,40.0882,3.36425,3.17664,14.4839,25.4538,769.14,771.35,5.99355,12.668,18.0355,7.65684,6.73656,7.60271,7.60271,1.0,1.0,1
29774,30.05.2024 16:34:51.960000,693.539,688.183,7.78367,6.693,6.715,40.0682,3.34615,3.17634,14.3494,23.4932,769.25,771.445,6.18475,11.9484,15.0177,8.05068,6.73664,7.60271,7.60271,1.0,1.0,1
29775,30.05.2024 16:34:51.970000,693.539,688.183,7.78749,6.693,6.715,39.943,3.32512,3.17237,14.3494,23.4932,769.25,771.445,6.18475,11.9484,15.0177,8.05068,6.73664,7.60271,7.60271,1.0,1.0,1
29776,30.05.2024 16:34:51.980000,691.397,687.524,7.78749,6.734,6.731,39.943,3.26044,3.15007,12.0783,24.4835,769.345,771.575,6.12918,12.1074,11.2334,6.83535,6.73717,6.8721,6.8721,1.0,1.0,1
29777,30.05.2024 16:34:51.990000,691.397,699.225,7.80373,6.797,6.731,39.9321,3.22632,3.13804,9.98917,20.2229,769.42,771.515,6.82904,11.5732,8.42544,4.72562,6.73738,4.27518,4.27518,1.0,1.0,1
29778,30.05.2024 16:34:52.000000,689.419,699.225,7.80373,6.797,6.754,39.9143,3.1988,3.13044,9.98917,20.2229,769.42,771.515,6.82904,11.5732,8.42544,4.72562,6.73738,4.27518,4.27518,1.0,1.0,1
29779,30.05.2024 16:34:52.010000,689.419,699.225,7.80373,6.797,6.754,39.9143,3.1988,3.13044,9.98917,20.2229,769.42,771.515,6.82904,11.5732,8.42544,4.72562,6.73738,4.27518,4.27518,1.0,1.0,1
29780,30.05.2024 16:34:52.020000,678.049,693.869,7.80858,6.8,6.791,39.9143,3.17557,3.11374,5.8417,17.309,769.5,771.535,7.24002,9.56051,6.1999,2.76245,6.73744,4.27518,4.27518,1.0,1.0,1
29781,30.05.2024 16:34:52.030000,620.782,673.434,7.79681,6.801,6.838,39.9331,3.20368,3.11716,5.84518,18.0535,769.555,771.84,8.35134,7.32711,4.84345,1.4929,6.73776,4.10156,4.10156,1.0,1.0,1
29782,30.05.2024 16:34:52.040000,596.805,653.659,7.76703,6.892,6.861,40.0157,3.23711,3.11687,9.28353,19.9326,769.45,772.175,9.26236,7.22986,5.65329,1.57095,6.73817,4.63686,4.63686,1.0,1.0,1
29783,30.05.2024 16:34:52.050000,596.805,653.659,7.76703,6.892,6.861,40.0157,3.23711,3.11687,9.28353,19.9326,769.45,772.175,9.26236,7.22986,5.65329,1.57095,6.73817,4.63686,4.63686,1.0,1.0,1
29784,30.05.2024 16:34:52.060000,596.805,653.659,7.77001,6.892,6.861,40.0636,3.2771,3.11733,11.3668,19.9265,769.385,772.22,9.04354,8.33539,7.87218,2.36579,6.73817,3.84115,3.84115,1.0,1.0,1
29785,30.05.2024 16:34:52.070000,573.981,627.292,7.77784,6.861,6.831,40.0237,3.37398,3.12145,15.2195,18.4646,769.42,772.115,8.27017,7.75169,9.35716,3.18462,6.73871,3.84115,3.84115,1.0,1.0,1
29786,30.05.2024 16:34:52.080000,573.981,627.292,7.77784,6.861,6.831,40.0237,3.37398,3.12145,15.2195,18.4646,769.42,772.115,8.27017,7.75169,9.35716,3.18462,6.73871,3.84115,3.84115,1.0,1.0,1
29787,30.05.2024 16:34:52.090000,556.018,627.292,7.77784,6.861,6.845,40.0045,3.38111,3.1222,15.949,16.9992,769.45,772.155,7.91422,6.02851,10.1768,3.54005,6.73871,3.20457,3.20457,1.0,1.0,1
29788,30.05.2024 16:34:52.100000,556.018,627.292,7.77784,6.861,6.845,40.0045,3.38111,3.1222,15.949,16.9992,769.45,772.155,7.91422,6.02851,10.1768,3.54005,6.73871,3.20457,3.20457,1.0,1.0,1
29789,30.05.2024 16:34:52.110000,555.276,614.438,7.74248,6.796,6.88,40.014,3.31337,3.12246,15.3037,16.5763,769.445,772.34,7.82695,5.21208,10.982,3.65954,6.73988,2.15568,2.15568,1.0,1.0,1
29790,30.05.2024 16:34:52.120000,558.902,609.329,7.73649,7.011,6.89,39.9323,3.23563,3.13334,12.0742,18.5002,769.475,772.47,7.56418,5.45953,10.3678,3.73266,6.74045,2.06163,2.06163,1.0,1.0,1
29791,30.05.2024 16:34:52.130000,558.902,609.329,7.74836,7.011,6.89,39.9216,3.20608,3.13458,12.0742,18.5002,769.475,772.47,7.56418,5.45953,10.3678,3.73266,6.74045,2.06163,2.06163,1.0,1.0,1
29792,30.05.2024 16:34:52.140000,558.902,609.329,7.74836,7.011,6.89,39.9216,3.20608,3.13458,12.0742,18.5002,769.475,772.47,7.56418,5.45953,10.3678,3.73266,6.74045,2.06163,2.06163,1.0,1.0,1
29793,30.05.2024 16:34:52.150000,562.362,610.895,7.74836,7.01,6.905,39.9216,3.18156,3.14097,8.22989,17.6445,769.63,772.685,7.36442,5.90676,7.70695,3.71334,6.74118,2.34375,2.34375,1.0,1.0,1
29794,30.05.2024 16:34:52.160000,562.527,606.033,7.73123,6.908,6.851,40.0854,3.22421,3.14096,8.34563,20.0345,769.615,772.755,8.31695,7.27295,5.65825,3.30597,6.74186,2.15568,2.15568,1.0,1.0,1
29795,30.05.2024 16:34:52.170000,562.527,606.033,7.73123,6.908,6.851,40.0854,3.22421,3.14096,8.34563,20.0345,769.615,772.755,8.31695,7.27295,5.65825,3.30597,6.74186,2.15568,2.15568,1.0,1.0,1
29796,30.05.2024 16:34:52.180000,566.07,611.719,7.70657,6.908,6.819,40.0854,3.30856,3.14016,11.246,22.8092,769.605,772.57,8.54765,8.4156,4.44409,2.76716,6.74246,2.18461,2.18461,1.0,1.0,1
29797,30.05.2024 16:34:52.190000,569.696,611.224,7.69474,6.909,6.776,40.582,3.38457,3.13897,15.1063,22.5905,769.64,772.39,8.61967,6.97582,3.86374,2.64329,6.74299,2.18461,2.18461,1.0,1.0,1
29798,30.05.2024 16:34:52.200000,571.756,618.063,7.70874,6.893,6.759,41.0965,3.40771,3.13961,18.5533,19.6125,769.62,772.42,8.66016,5.14845,5.32308,2.64253,6.74349,1.69271,1.69271,1.0,1.0,1
29799,30.05.2024 16:34:52.210000,571.756,618.063,7.67569,6.893,6.759,41.8412,3.42222,3.13903,18.5533,19.6125,769.62,772.42,8.66016,5.14845,5.32308,2.64253,6.74349,1.69271,1.69271,1.0,1.0,1
29800,30.05.2024 16:34:52.220000,567.224,620.206,7.67569,6.807,6.755,41.8412,3.39322,3.1352,21.4953,19.2219,769.58,772.54,8.56072,4.66844,7.02496,2.58259,6.74394,2.28588,2.28588,1.0,1.0,1
29801,30.05.2024 16:34:52.230000,567.224,617.404,7.66089,6.768,6.755,42.5989,3.35551,3.13033,18.3426,18.1515,769.535,772.595,8.04933,4.94389,8.02647,2.69914,6.74504,3.06712,3.06712,1.0,1.0,1
29802,30.05.2024 16:34:52.240000,571.509,617.404,7.66089,6.768,6.764,43.583,3.30599,3.12277,18.3426,18.1515,769.535,772.595,8.04933,4.94389,8.02647,2.69914,6.74504,3.06712,3.06712,1.0,1.0,1
29803,30.05.2024 16:34:52.250000,571.509,617.404,7.66089,6.768,6.764,43.583,3.30599,3.12277,18.3426,18.1515,769.535,772.595,8.04933,4.94389,8.02647,2.69914,6.74504,3.06712,3.06712,1.0,1.0,1
29804,30.05.2024 16:34:52.260000,567.059,603.396,7.63564,6.847,6.782,43.583,3.20634,3.11553,13.0004,17.515,769.605,772.63,7.25793,4.90097,8.41907,2.64302,6.74534,3.68924,3.68924,1.0,1.0,1
29805,30.05.2024 16:34:52.270000,562.445,610.812,7.61232,6.881,6.825,44.6356,3.14649,3.11252,11.2943,17.982,769.72,772.625,7.15257,5.11538,8.17441,2.67758,6.74573,3.7037,3.7037,1.0,1.0,1
29806,30.05.2024 16:34:52.280000,566.977,602.902,7.57548,6.866,6.837,45.7538,3.14439,3.11033,8.8131,17.3185,769.79,772.62,7.81611,5.20502,7.90024,2.51809,6.74656,3.64584,3.64584,1.0,1.0,1
29807,30.05.2024 16:34:52.290000,566.977,602.902,7.57548,6.866,6.837,45.7538,3.14439,3.11033,8.8131,17.3185,769.79,772.62,7.81611,5.20502,7.90024,2.51809,6.74656,3.64584,3.64584,1.0,1.0,1
29808,30.05.2024 16:34:52.300000,566.977,602.902,7.55297,6.866,6.837,46.9082,3.15309,3.10566,9.31123,17.036,769.805,772.59,8.46605,5.11044,7.55679,2.55018,6.74656,3.64584,3.64584,1.0,1.0,1
29809,30.05.2024 16:34:52.310000,566.977,602.902,7.55297,6.866,6.837,46.9082,3.15309,3.10566,9.31123,17.036,769.805,772.59,8.46605,5.11044,7.55679,2.55018,6.74656,3.64584,3.64584,1.0,1.0,1
29810,30.05.2024 16:34:52.320000,566.235,622.43,7.51759,6.902,6.812,47.9487,3.2218,3.09273,9.59309,13.1374,769.805,772.585,8.81551,4.88207,6.60417,2.61399,6.7473,3.5735,3.5735,1.0,1.0,1
29811,30.05.2024 16:34:52.330000,575.052,629.434,7.47738,6.903,6.838,49.1822,3.27469,3.0847,13.1823,14.4434,769.75,772.605,8.8738,4.79824,6.00342,2.72858,6.74769,3.45775,3.45775,1.0,1.0,1
29812,30.05.2024 16:34:52.340000,575.052,629.434,7.49262,6.903,6.838,50.3854,3.28131,3.07972,13.1823,14.4434,769.75,772.605,8.8738,4.79824,6.00342,2.72858,6.74837,3.45775,3.45775,1.0,1.0,1
29813,30.05.2024 16:34:52.350000,575.052,629.434,7.49262,6.903,6.838,50.3854,3.28131,3.07972,13.1823,14.4434,769.75,772.605,8.8738,4.79824,6.00342,2.72858,6.74837,3.45775,3.45775,1.0,1.0,1
29814,30.05.2024 16:34:52.360000,561.621,605.786,7.49262,6.911,6.804,50.3854,3.2788,3.07738,14.4682,19.8995,769.655,772.56,8.33064,4.90659,5.69723,2.72318,6.74837,3.45775,3.45775,1.0,1.0,1
29815,30.05.2024 16:34:52.370000,561.621,605.786,7.49262,6.911,6.804,50.3854,3.2788,3.07738,14.4682,19.8995,769.655,772.56,8.33064,4.90659,5.69723,2.72318,6.74837,3.45775,3.45775,1.0,1.0,1
29816,30.05.2024 16:34:52.380000,561.291,615.014,7.47799,6.911,6.805,52.8314,3.24863,3.08322,14.3489,15.1831,769.685,772.49,7.21892,4.80425,5.43504,2.70475,6.74887,3.45775,3.45775,1.0,1.0,1
29817,30.05.2024 16:34:52.390000,570.849,612.625,7.43779,6.892,6.804,54.024,3.18522,3.07626,12.9238,15.0158,769.785,772.535,6.48508,4.14311,5.95953,2.80989,6.75007,3.37096,3.37096,1.0,1.0,1
29818,30.05.2024 16:34:52.400000,571.756,612.625,7.43779,6.892,6.862,55.2589,3.16968,3.07532,12.9238,15.0158,769.785,772.535,6.48508,4.14311,5.95953,2.80989,6.75007,3.37096,3.37096,1.0,1.0,1
29819,30.05.2024 16:34:52.410000,565.082,610.4,7.4076,6.917,6.791,55.2589,3.16249,3.06585,9.55771,15.1949,769.845,772.525,6.23134,4.48139,5.76845,2.79142,6.75039,3.37096,3.37096,1.0,1.0,1
29820,30.05.2024 16:34:52.420000,565.082,610.4,7.42055,6.917,6.791,56.4267,3.16473,3.06148,9.55771,15.1949,769.845,772.525,6.23134,4.48139,5.76845,2.79142,6.75097,2.79225,2.79225,1.0,1.0,1
29821,30.05.2024 16:34:52.430000,571.097,600.513,7.42055,6.923,6.783,56.4267,3.17197,3.06106,9.51326,13.1989,769.93,772.525,6.38171,4.59385,5.01502,2.74844,6.75097,2.79225,2.79225,1.0,1.0,1
29822,30.05.2024 16:34:52.440000,559.973,596.64,7.39169,6.909,6.808,57.4692,3.18298,3.05791,9.72282,14.1664,769.945,772.525,6.73054,4.67443,4.78615,2.89755,6.75133,2.35099,2.35099,1.0,1.0,1
29823,30.05.2024 16:34:52.450000,559.973,596.64,7.3714,6.909,6.808,58.6056,3.18564,3.05628,9.72282,14.1664,769.945,772.525,6.73054,4.67443,4.78615,2.89755,6.75133,2.35099,2.35099,1.0,1.0,1
29824,30.05.2024 16:34:52.460000,559.561,596.145,7.3714,6.929,6.794,58.6056,3.18719,3.06034,9.25793,10.6353,769.945,772.45,6.99338,4.96098,4.87272,2.8237,6.75215,2.33652,2.33652,1.0,1.0,1
29825,30.05.2024 16:34:52.470000,559.561,596.557,7.38108,6.913,6.794,59.6387,3.18481,3.06125,11.1566,11.3799,769.965,772.425,7.03462,4.81716,4.90267,2.82452,6.75276,1.98206,1.98206,1.0,1.0,1
29826,30.05.2024 16:34:52.480000,548.437,596.557,7.38108,6.913,6.873,60.736,3.17685,3.06528,11.1566,11.3799,769.965,772.425,7.03462,4.81716,4.90267,2.82452,6.75276,1.98206,1.98206,1.0,1.0,1
29827,30.05.2024 16:34:52.490000,548.437,596.557,7.38108,6.913,6.873,60.736,3.17685,3.06528,11.1566,11.3799,769.965,772.425,7.03462,4.81716,4.90267,2.82452,6.75276,1.98206,1.98206,1.0,1.0,1
29828,30.05.2024 16:34:52.500000,532.947,590.13,7.33894,6.911,6.845,60.736,3.17951,3.06476,11.8889,14.3895,770.025,772.43,7.06803,4.57977,5.30416,2.82711,6.75354,2.47397,2.47397,1.0,1.0,1
29829,30.05.2024 16:34:52.510000,542.01,590.707,7.31413,6.906,6.821,61.6613,3.17346,3.06207,11.3713,13.8131,770.055,772.46,7.29927,4.95214,5.987,2.733,6.75438,2.47397,2.47397,1.0,1.0,1
29830,30.05.2024 16:34:52.520000,542.01,590.707,7.31413,6.906,6.821,61.6613,3.17346,3.06207,11.3713,13.8131,770.055,772.46,7.29927,4.95214,5.987,2.733,6.75438,2.47397,2.47397,1.0,1.0,1
29831,30.05.2024 16:34:52.530000,539.95,593.756,7.34587,6.917,6.832,62.7759,3.17433,3.06347,12.5158,12.2942,770.09,772.45,7.56876,5.22619,6.63436,2.81389,6.75477,2.37992,2.37992,1.0,1.0,1
29832,30.05.2024 16:34:52.540000,539.95,593.756,7.34587,6.917,6.832,62.7759,3.17433,3.06347,12.5158,12.2942,770.09,772.45,7.56876,5.22619,6.63436,2.81389,6.75477,2.37992,2.37992,1.0,1.0,1
29833,30.05.2024 16:34:52.550000,528.168,581.479,7.31635,6.883,6.867,63.8544,3.15928,3.05853,9.9519,13.084,770.035,772.39,7.71095,5.48122,7.01294,2.89907,6.7552,2.57523,2.57523,1.0,1.0,1
29834,30.05.2024 16:34:52.560000,528.168,581.479,7.31635,6.883,6.867,63.8544,3.15928,3.05853,9.9519,13.084,770.035,772.39,7.71095,5.48122,7.01294,2.89907,6.7552,2.57523,2.57523,1.0,1.0,1
29835,30.05.2024 16:34:52.570000,517.703,578.1,7.25594,6.92,6.886,65.9775,3.16643,3.05673,11.4221,13.3942,770.06,772.345,7.25964,5.35139,6.84031,2.92799,6.75533,2.53906,2.53906,1.0,1.0,1
29836,30.05.2024 16:34:52.580000,523.965,541.516,7.24114,6.975,6.872,67.0292,3.2001,3.07022,11.242,13.89,770.09,772.355,7.06483,5.25783,6.3831,2.92828,6.75632,2.48118,2.48118,1.0,1.0,1
29837,30.05.2024 16:34:52.590000,540.445,522.729,7.24114,6.978,6.776,67.0292,3.212,3.06966,12.7369,13.4097,770.1,772.355,7.01577,5.29128,5.98171,2.97619,6.75632,2.48118,2.48118,1.0,1.0,1
29838,30.05.2024 16:34:52.600000,553.134,522.153,7.26516,6.939,6.776,68.4314,3.21876,3.06926,13.7809,13.688,770.185,772.335,6.74726,5.47078,5.66828,3.05209,6.75666,2.27865,2.27865,1.0,1.0,1
29839,30.05.2024 16:34:52.610000,553.134,522.153,7.20666,6.939,6.776,69.4574,3.21534,3.07137,13.7809,13.688,770.185,772.335,6.74726,5.47078,5.66828,3.05209,6.75666,2.27865,2.27865,1.0,1.0,1
29840,30.05.2024 16:34:52.620000,559.479,532.699,7.20666,6.877,6.752,69.4574,3.21777,3.0623,15.0327,14.4741,770.245,772.295,6.99405,5.61902,5.47259,3.04071,6.75736,1.98206,1.98206,1.0,1.0,1
29841,30.05.2024 16:34:52.630000,559.479,535.336,7.1496,6.901,6.752,70.4504,3.2121,3.04949,14.1954,14.612,770.25,772.295,7.19217,5.46005,5.75721,3.16179,6.75786,1.98206,1.98206,1.0,1.0,1
29842,30.05.2024 16:34:52.640000,552.475,535.336,7.1496,6.901,6.779,71.4199,3.2027,3.03568,14.1954,14.612,770.25,772.295,7.19217,5.46005,5.75721,3.16179,6.75786,1.98206,1.98206,1.0,1.0,1
29843,30.05.2024 16:34:52.650000,538.055,511.688,7.15697,6.934,6.806,71.4199,3.18534,3.01777,14.4002,12.0198,770.245,772.27,7.29474,5.66984,6.24015,3.09351,6.75846,2.32928,2.32928,1.0,1.0,1
29844,30.05.2024 16:34:52.660000,538.055,511.688,7.16014,6.934,6.806,72.4109,3.16812,3.00679,14.4002,12.0198,770.245,772.27,7.29474,5.66984,6.24015,3.09351,6.75868,2.32206,2.32206,1.0,1.0,1
29845,30.05.2024 16:34:52.670000,523.965,506.167,7.16014,6.916,6.82,72.4109,3.14418,2.99945,13.2998,10.6849,770.24,772.26,7.13159,5.46925,6.78271,3.08324,6.75868,2.32206,2.32206,1.0,1.0,1
29846,30.05.2024 16:34:52.680000,523.965,506.167,7.16014,6.916,6.82,72.4109,3.14418,2.99945,13.2998,10.6849,770.24,772.26,7.13159,5.46925,6.78271,3.08324,6.75868,2.32206,2.32206,1.0,1.0,1
29847,30.05.2024 16:34:52.690000,500.647,505.508,7.08588,6.884,6.834,73.2828,3.11467,3.0022,11.1995,6.85004,770.275,772.26,6.82518,5.48591,7.19734,3.03815,6.75898,2.62587,2.62587,1.0,1.0,1
29848,30.05.2024 16:34:52.700000,476.092,489.029,7.02987,6.916,6.884,74.345,3.079,3.01419,8.52953,9.47378,770.37,772.285,6.55394,5.63309,7.04726,3.13275,6.75931,2.62587,2.62587,1.0,1.0,1
29849,30.05.2024 16:34:52.710000,476.092,442.227,6.99668,6.989,6.884,75.3905,3.07514,3.03671,9.09134,8.58952,770.465,772.28,6.92777,5.72731,6.66089,3.14434,6.75971,2.24248,2.24248,1.0,1.0,1
29850,30.05.2024 16:34:52.720000,479.223,442.227,6.99668,6.989,6.831,76.2979,3.09478,3.05147,9.09134,8.58952,770.465,772.28,6.92777,5.72731,6.66089,3.14434,6.75971,2.24248,2.24248,1.0,1.0,1
29851,30.05.2024 16:34:52.730000,478.235,425.171,6.98131,6.968,6.845,76.2979,3.14905,3.03112,9.14479,13.0936,770.48,772.265,7.33945,6.08237,6.47167,3.15016,6.76027,1.68548,1.68548,1.0,1.0,1
29852,30.05.2024 16:34:52.740000,478.235,425.171,6.92347,6.968,6.845,77.0435,3.16551,3.03928,9.14479,13.0936,770.48,772.265,7.33945,6.08237,6.47167,3.15016,6.76047,1.0923,1.0923,1.0,1.0,1
29853,30.05.2024 16:34:52.750000,478.235,425.171,6.92347,6.968,6.845,77.0435,3.16551,3.03928,9.14479,13.0936,770.48,772.265,7.33945,6.08237,6.47167,3.15016,6.76047,1.0923,1.0923,1.0,1.0,1
29854,30.05.2024 16:34:52.760000,459.448,429.455,6.92347,6.894,6.879,77.0435,3.18578,3.04275,13.2407,11.4,770.495,772.245,7.67169,6.00397,6.47527,3.13858,6.76047,1.09954,1.09954,1.0,1.0,1
29855,30.05.2024 16:34:52.770000,465.793,418.085,6.8665,6.917,6.774,78.3936,3.2143,3.02782,12.3587,9.51084,770.5,772.255,7.69209,6.13699,6.39823,3.14801,6.76072,1.09954,1.09954,1.0,1.0,1
29856,30.05.2024 16:34:52.780000,454.339,392.706,6.8665,6.971,6.825,78.3936,3.21586,3.01978,15.3062,11.0963,770.505,772.26,7.52125,6.18613,6.39863,3.1805,6.76146,1.0923,1.0923,1.0,1.0,1
29857,30.05.2024 16:34:52.790000,454.339,392.706,6.8665,6.971,6.825,78.3936,3.21586,3.01978,15.3062,11.0963,770.505,772.26,7.52125,6.18613,6.39863,3.1805,6.76146,1.0923,1.0923,1.0,1.0,1
29858,30.05.2024 16:34:52.800000,454.339,379.358,6.82094,6.891,6.825,78.8601,3.20784,3.02109,16.4588,11.7093,770.53,772.235,7.13416,6.2339,7.02571,3.23025,6.76177,0.889756,0.889756,1.0,1.0,1
29859,30.05.2024 16:34:52.810000,454.339,379.358,6.82094,6.891,6.825,78.8601,3.20784,3.02109,16.4588,11.7093,770.53,772.235,7.13416,6.2339,7.02571,3.23025,6.76177,0.889756,0.889756,1.0,1.0,1
29860,30.05.2024 16:34:52.820000,459.036,396.249,6.78246,6.854,6.752,79.34,3.14552,3.04243,13.1156,10.1691,770.59,772.23,6.81896,6.20611,7.26594,3.18462,6.76237,0.889756,0.889756,1.0,1.0,1
29861,30.05.2024 16:34:52.830000,455.493,373.26,6.76842,6.869,6.748,79.8519,3.09187,3.05174,12.3873,13.784,770.61,772.22,6.68269,6.08712,7.38949,3.2617,6.76307,0.434026,0.434026,1.0,1.0,1
29862,30.05.2024 16:34:52.840000,450.384,354.886,6.7809,6.869,6.678,80.1381,3.07368,3.06408,11.1531,13.7241,770.65,772.23,6.50029,5.93438,7.55023,3.21039,6.76351,0.412323,0.412323,1.0,1.0,1
29863,30.05.2024 16:34:52.850000,450.384,354.886,6.74116,6.869,6.678,80.4127,3.07649,3.06718,11.1531,13.7241,770.65,772.23,6.50029,5.93438,7.55023,3.21039,6.76351,0.412323,0.412323,1.0,1.0,1
29864,30.05.2024 16:34:52.860000,469.089,348.047,6.74116,6.823,6.662,80.4127,3.07732,3.06437,7.54819,12.0125,770.7,772.24,6.23801,5.94952,7.65387,3.35344,6.76382,-0.282124,-0.282124,1.0,1.0,1
29865,30.05.2024 16:34:52.870000,469.089,357.934,6.71654,6.768,6.662,80.6926,3.087,3.06458,11.2203,12.3025,770.725,772.245,6.14711,6.09297,7.38694,3.25463,6.76402,-0.245944,-0.245944,1.0,1.0,1
29866,30.05.2024 16:34:52.880000,452.856,357.934,6.71654,6.768,6.698,80.8653,3.10349,3.06592,11.2203,12.3025,770.725,772.245,6.14711,6.09297,7.38694,3.25463,6.76402,-0.245944,-0.245944,1.0,1.0,1
29867,30.05.2024 16:34:52.890000,452.28,351.672,6.74253,6.765,6.636,80.8653,3.12741,3.06341,8.25177,12.512,770.765,772.255,5.82885,5.98841,6.9063,3.3083,6.76469,-0.846356,-0.846356,1.0,1.0,1
29868,30.05.2024 16:34:52.900000,452.28,351.672,6.75047,6.765,6.636,81.0903,3.13232,3.06349,8.25177,12.512,770.765,772.255,5.82885,5.98841,6.9063,3.3083,6.76469,-1.04167,-1.04167,1.0,1.0,1
29869,30.05.2024 16:34:52.910000,433.987,328.519,6.75047,6.788,6.671,81.0903,3.1373,3.06192,12.2256,10.9494,770.78,772.245,5.76991,6.09433,6.86429,3.32838,6.76469,-1.04167,-1.04167,1.0,1.0,1
29870,30.05.2024 16:34:52.920000,422.534,321.268,6.75863,6.762,6.686,81.2084,3.13965,3.06176,13.7584,14.7606,770.835,772.245,5.45892,5.97978,6.96239,3.28612,6.76434,-1.04167,-1.04167,1.0,1.0,1
29871,30.05.2024 16:34:52.930000,422.534,321.268,6.75017,6.762,6.686,81.3254,3.13889,3.06815,13.7584,14.7606,770.835,772.245,5.45892,5.97978,6.96239,3.28612,6.76434,-1.04167,-1.04167,1.0,1.0,1
29872,30.05.2024 16:34:52.940000,405.395,327.118,6.75017,6.719,6.653,81.3254,3.13001,3.07658,13.0258,14.2455,770.865,772.285,5.27449,5.96505,7.15217,3.33208,6.76478,-1.0055,-1.0055,1.0,1.0,1
29873,30.05.2024 16:34:52.950000,405.395,293.335,6.75873,6.724,6.653,81.4413,3.12197,3.07542,13.4883,12.3365,770.91,772.285,5.09638,6.21799,7.30637,3.3995,6.76436,-0.795715,-0.795715,1.0,1.0,1
29874,30.05.2024 16:34:52.960000,405.395,293.335,6.75873,6.724,6.653,81.4413,3.12197,3.07542,13.4883,12.3365,770.91,772.285,5.09638,6.21799,7.30637,3.3995,6.76436,-0.795715,-0.795715,1.0,1.0,1
29875,30.05.2024 16:34:52.970000,396.167,293.335,6.75873,6.724,6.664,81.5145,3.11481,3.07934,11.3004,15.0372,770.975,772.275,5.01278,6.19287,7.50857,3.39126,6.76436,-0.795715,-0.795715,1.0,1.0,1
29876,30.05.2024 16:34:52.980000,396.167,293.335,6.75873,6.724,6.664,81.5145,3.11481,3.07934,11.3004,15.0372,770.975,772.275,5.01278,6.19287,7.50857,3.39126,6.76436,-0.795715,-0.795715,1.0,1.0,1
29877,30.05.2024 16:34:52.990000,368.564,270.181,6.77275,6.746,6.715,81.5965,3.12762,3.09021,12.2218,14.8168,771.0,772.29,5.17488,6.14779,7.77584,3.33068,6.76374,-0.795715,-0.795715,1.0,1.0,1
29878,30.05.2024 16:34:53.000000,368.564,270.181,6.77275,6.746,6.715,81.5965,3.12762,3.09021,12.2218,14.8168,771.0,772.29,5.17488,6.14779,7.77584,3.33068,6.76374,-0.795715,-0.795715,1.0,1.0,1
29879,30.05.2024 16:34:53.010000,332.391,214.563,6.78547,6.769,6.699,81.7399,3.15264,3.08619,12.9713,13.9312,771.01,772.295,5.17605,6.02547,7.85848,3.31632,6.76355,-1.15741,-1.15741,1.0,1.0,1
29880,30.05.2024 16:34:53.020000,311.792,196.93,6.85935,6.746,6.696,81.8718,3.14269,3.08267,12.5268,13.9288,771.005,772.31,4.98786,6.07162,8.07779,3.38598,6.76343,-1.26591,-1.26591,1.0,1.0,1
29881,30.05.2024 16:34:53.030000,311.792,194.376,6.89067,6.741,6.696,81.8821,3.12928,3.07211,11.4254,14.0938,771.015,772.335,4.71726,5.92365,8.189,3.35114,6.76311,-1.26591,-1.26591,1.0,1.0,1
29882,30.05.2024 16:34:53.040000,305.2,194.376,6.89067,6.741,6.674,82.0025,3.10218,3.07045,11.4254,14.0938,771.015,772.335,4.71726,5.92365,8.189,3.35114,6.76311,-1.26591,-1.26591,1.0,1.0,1
29883,30.05.2024 16:34:53.050000,267.38,149.634,6.90407,6.761,6.753,82.0025,3.07802,3.06538,10.8282,12.4229,771.075,772.33,4.30995,6.17375,8.12951,3.43603,6.76291,-1.85185,-1.85185,1.0,1.0,1
29884,30.05.2024 16:34:53.060000,267.38,149.634,6.90407,6.761,6.753,82.0025,3.07802,3.06538,10.8282,12.4229,771.075,772.33,4.30995,6.17375,8.12951,3.43603,6.76291,-1.85185,-1.85185,1.0,1.0,1
29885,30.05.2024 16:34:53.070000,267.38,149.634,6.86622,6.761,6.753,82.0974,3.07595,3.05832,11.0618,12.796,771.125,772.345,4.33684,6.07291,7.79744,3.43489,6.76261,-1.84462,-1.84462,1.0,1.0,1
29886,30.05.2024 16:34:53.080000,205.252,89.154,6.86149,6.824,6.744,82.074,3.08092,3.05966,10.0186,9.83761,771.145,772.35,4.39579,6.0036,7.92279,3.48038,6.76243,-1.86632,-1.86632,1.0,1.0,1
29887,30.05.2024 16:34:53.090000,205.252,89.154,6.88793,6.824,6.744,82.134,3.09727,3.04569,10.0186,9.83761,771.145,772.35,4.39579,6.0036,7.92279,3.48038,6.76243,-1.86632,-1.86632,1.0,1.0,1
29888,30.05.2024 16:34:53.100000,175.424,35.5133,6.88793,6.862,6.818,82.134,3.10673,3.03397,11.5292,10.3362,771.14,772.35,4.36133,5.9872,7.97718,3.37686,6.76228,-2.39439,-2.39439,1.0,1.0,1
29889,30.05.2024 16:34:53.110000,175.424,4.61426,6.93247,6.847,6.818,82.1358,3.11001,3.03387,11.468,7.38528,771.155,772.355,4.15665,5.76457,7.89335,3.48037,6.76211,-2.70544,-2.70544,1.0,1.0,1
29890,30.05.2024 16:34:53.120000,154.001,4.61426,6.93247,6.847,6.841,82.1889,3.11435,3.029,11.468,7.38528,771.155,772.355,4.15665,5.76457,7.89335,3.48037,6.76211,-2.70544,-2.70544,1.0,1.0,1
29891,30.05.2024 16:34:53.130000,154.001,4.61426,6.93247,6.847,6.841,82.1889,3.11435,3.029,11.468,7.38528,771.155,772.355,4.15665,5.76457,7.89335,3.48037,6.76211,-2.70544,-2.70544,1.0,1.0,1
29892,30.05.2024 16:34:53.140000,132.907,-29.6631,6.91343,6.846,6.75,82.1889,3.11798,3.03997,11.6744,10.065,771.165,772.375,3.96241,5.78243,8.08406,3.56898,6.76232,-2.70544,-2.70544,1.0,1.0,1
29893,30.05.2024 16:34:53.150000,119.971,-27.9327,6.90504,6.757,6.766,82.166,3.1093,3.04218,12.4228,13.4576,771.19,772.385,3.73351,5.70657,7.98484,3.65623,6.76227,-2.88628,-2.88628,1.0,1.0,1
29894,30.05.2024 16:34:53.160000,104.645,-35.5957,6.8875,6.733,6.848,82.2471,3.10413,3.04443,11.5901,9.49447,771.195,772.38,3.52989,5.67745,7.91157,3.67085,6.76241,-2.98756,-2.98756,1.0,1.0,1
29895,30.05.2024 16:34:53.170000,104.645,-35.5957,6.8875,6.733,6.848,82.2471,3.10413,3.04443,11.5901,9.49447,771.195,772.38,3.52989,5.67745,7.91157,3.67085,6.76241,-2.98756,-2.98756,1.0,1.0,1
29896,30.05.2024 16:34:53.180000,104.645,-35.5957,6.89572,6.733,6.848,82.2363,3.09005,3.05164,10.6572,9.21394,771.2,772.38,3.32782,5.5615,7.94661,3.70923,6.76241,-3.5952,-3.5952,1.0,1.0,1
29897,30.05.2024 16:34:53.190000,104.645,-35.5957,6.89572,6.733,6.848,82.2363,3.09005,3.05164,10.6572,9.21394,771.2,772.38,3.32782,5.5615,7.94661,3.70923,6.76241,-3.5952,-3.5952,1.0,1.0,1
29898,30.05.2024 16:34:53.200000,92.9443,-109.506,6.89809,6.832,6.814,82.2883,3.078,3.03307,12.5248,12.6503,771.2,772.385,3.03585,5.39624,7.85774,3.80864,6.76352,-3.5952,-3.5952,1.0,1.0,1
29899,30.05.2024 16:34:53.210000,40.3747,-135.461,6.90117,6.873,6.835,82.3454,3.07272,3.02969,9.87142,8.26337,771.22,772.405,2.94347,5.4132,7.45545,3.84845,6.76414,-3.64583,-3.64583,0.0,1.0,1
29900,30.05.2024 16:34:53.220000,40.3747,-135.461,6.90117,6.873,6.835,82.3454,3.07272,3.02969,9.87142,8.26337,771.22,772.405,2.94347,5.4132,7.45545,3.84845,6.76414,-3.64583,-3.64583,0.0,1.0,1
29901,30.05.2024 16:34:53.230000,40.3747,-135.461,6.89249,6.873,6.835,82.4914,3.06837,3.0265,10.0865,8.15527,771.245,772.455,2.77328,5.22881,7.49823,3.78336,6.76449,-3.60243,-3.60243,0.0,1.0,1
29902,30.05.2024 16:34:53.240000,3.87268,-182.922,6.8813,6.812,6.771,82.5472,3.05932,3.03517,10.9145,10.066,771.285,772.495,2.69978,5.54696,7.58203,3.8156,6.7654,-3.34925,-3.34925,0.0,1.0,1
29903,30.05.2024 16:34:53.250000,3.87268,-182.922,6.85972,6.812,6.771,82.5367,3.05703,3.03274,10.9145,10.066,771.285,772.495,2.69978,5.54696,7.58203,3.8156,6.7654,-3.34925,-3.34925,0.0,1.0,1
29904,30.05.2024 16:34:53.260000,3.87268,-182.922,6.85972,6.812,6.771,82.5367,3.05703,3.03274,10.9145,10.066,771.285,772.495,2.69978,5.54696,7.58203,3.8156,6.7654,-3.34925,-3.34925,0.0,1.0,1
29905,30.05.2024 16:34:53.270000,-5.60303,-193.799,6.85972,6.811,6.76,82.5367,3.036,3.03079,9.27087,8.30584,771.305,772.505,2.77693,5.73422,7.36847,3.86947,6.76575,-3.34925,-3.34925,0.0,1.0,1
29906,30.05.2024 16:34:53.280000,-24.9664,-197.919,6.87097,6.784,6.76,82.5783,3.02586,3.02787,8.21685,6.23287,771.295,772.485,2.87173,5.7691,7.10626,3.83953,6.76592,-3.53009,-3.53009,0.0,1.0,1
29907,30.05.2024 16:34:53.290000,-53.4759,-218.6,6.86272,6.797,6.747,82.5783,3.02944,3.02736,7.54942,6.32717,771.3,772.49,2.71317,5.66741,7.02079,3.82611,6.76672,-3.34925,-3.34925,0.0,1.0,1
29908,30.05.2024 16:34:53.300000,-53.4759,-218.6,6.86272,6.797,6.747,82.5783,3.02944,3.02736,7.54942,6.32717,771.3,772.49,2.71317,5.66741,7.02079,3.82611,6.76672,-3.34925,-3.34925,0.0,1.0,1
29909,30.05.2024 16:34:53.310000,-53.4759,-218.6,6.84225,6.797,6.747,82.6177,3.04015,3.02823,8.11935,9.00092,771.27,772.49,2.57507,5.61529,7.04646,3.89731,6.76731,-3.74711,-3.74711,0.0,1.0,1
29910,30.05.2024 16:34:53.320000,-53.4759,-218.6,6.84225,6.797,6.747,82.6177,3.04015,3.02823,8.11935,9.00092,771.27,772.49,2.57507,5.61529,7.04646,3.89731,6.76731,-3.74711,-3.74711,0.0,1.0,1
29911,30.05.2024 16:34:53.330000,-91.214,-239.117,6.84321,6.743,6.74,82.5208,3.06985,3.03026,9.47563,8.72561,771.265,772.495,2.15317,5.39361,6.68618,3.95383,6.76816,-3.74711,-3.74711,0.0,1.0,1
29912,30.05.2024 16:34:53.340000,-103.409,-270.099,6.84091,6.776,6.727,82.5935,3.09991,3.03974,11.3566,8.37248,771.255,772.51,1.78146,5.27797,6.41759,3.95509,6.76855,-3.64583,-3.64583,0.0,1.0,1
29913,30.05.2024 16:34:53.350000,-103.409,-270.099,6.84091,6.776,6.727,82.5935,3.09991,3.03974,11.3566,8.37248,771.255,772.51,1.78146,5.27797,6.41759,3.95509,6.76855,-3.64583,-3.64583,0.0,1.0,1
29914,30.05.2024 16:34:53.360000,-103.409,-270.346,6.84262,6.797,6.727,82.6219,3.10277,3.04324,11.4746,10.2767,771.285,772.52,1.39825,5.29066,6.28374,3.95433,6.76911,-3.85562,-3.85562,0.0,1.0,1
29915,30.05.2024 16:34:53.370000,-103.409,-270.346,6.84262,6.797,6.727,82.6219,3.10277,3.04324,11.4746,10.2767,771.285,772.52,1.39825,5.29066,6.28374,3.95433,6.76911,-3.85562,-3.85562,0.0,1.0,1
29916,30.05.2024 16:34:53.380000,-107.858,-303.14,6.85224,6.794,6.719,82.6402,3.09831,3.05871,12.1547,10.3319,771.32,772.53,1.40461,5.13447,6.15913,3.81614,6.76956,-3.85562,-3.85562,0.0,1.0,1
29917,30.05.2024 16:34:53.390000,-107.858,-303.14,6.85224,6.794,6.719,82.6402,3.09831,3.05871,12.1547,10.3319,771.32,772.53,1.40461,5.13447,6.15913,3.81614,6.76956,-3.85562,-3.85562,0.0,1.0,1
29918,30.05.2024 16:34:53.400000,-107.034,-309.073,6.84916,6.764,6.721,82.6634,3.07987,3.05939,12.1331,9.8552,771.35,772.52,1.49639,4.95314,6.01428,3.75336,6.76989,-3.50116,-3.50116,0.0,1.0,1
29919,30.05.2024 16:34:53.410000,-107.034,-309.073,6.84916,6.764,6.721,82.6634,3.07987,3.05939,12.1331,9.8552,771.35,772.52,1.49639,4.95314,6.01428,3.75336,6.76989,-3.50116,-3.50116,0.0,1.0,1
29920,30.05.2024 16:34:53.420000,-114.45,-319.949,6.85002,6.77,6.724,82.732,3.05026,3.05914,11.104,10.183,771.355,772.535,1.7523,4.77476,6.00059,3.7602,6.76982,-3.5518,-3.5518,0.0,1.0,1
29921,30.05.2024 16:34:53.430000,-121.866,-365.927,6.84209,6.823,6.757,82.7885,3.042,3.05012,9.75345,10.9248,771.34,772.575,1.99568,4.81137,6.11614,3.71636,6.77047,-3.96412,-3.96412,0.0,1.0,1
29922,30.05.2024 16:34:53.440000,-134.473,-365.927,6.84209,6.823,6.763,82.7707,3.0423,3.04747,9.75345,10.9248,771.34,772.575,1.99568,4.81137,6.11614,3.71636,6.77047,-3.96412,-3.96412,0.0,1.0,1
29923,30.05.2024 16:34:53.450000,-134.473,-365.927,6.84209,6.823,6.763,82.7707,3.0423,3.04747,9.75345,10.9248,771.34,772.575,1.99568,4.81137,6.11614,3.71636,6.77047,-3.96412,-3.96412,0.0,1.0,1
29924,30.05.2024 16:34:53.460000,-146.75,-383.89,6.85679,6.809,6.739,82.7707,3.0536,3.04805,9.9714,8.0653,771.325,772.56,1.9329,4.79687,6.28483,3.67055,6.77092,-4.1088,-4.1088,0.0,1.0,1
29925,30.05.2024 16:34:53.470000,-183.005,-403.088,6.86203,6.808,6.787,82.7392,3.06793,3.04739,9.56297,5.71125,771.31,772.555,1.77185,4.66312,6.36626,3.70781,6.77115,-4.25347,-4.25347,0.0,1.0,1
29926,30.05.2024 16:34:53.480000,-193.469,-407.373,6.85818,6.836,6.765,82.688,3.07405,3.04812,10.5303,8.88449,771.315,772.575,1.55213,4.49009,6.5469,3.78464,6.77126,-4.6658,-4.6658,0.0,1.0,1
29927,30.05.2024 16:34:53.490000,-193.469,-407.373,6.86009,6.836,6.765,82.6844,3.08177,3.04834,10.5303,8.88449,771.315,772.575,1.55213,4.49009,6.5469,3.78464,6.77126,-4.6658,-4.6658,0.0,1.0,1
29928,30.05.2024 16:34:53.500000,-212.338,-407.867,6.86009,6.854,6.789,82.6844,3.09291,3.05053,11.8889,9.4293,771.31,772.585,1.48368,4.57691,6.54182,3.66774,6.77165,-4.68026,-4.68026,0.0,1.0,1
29929,30.05.2024 16:34:53.510000,-212.338,-406.219,6.86009,6.854,6.789,82.6941,3.09786,3.05085,12.6462,5.87153,771.315,772.585,1.32122,4.50774,6.42806,3.74176,6.7715,-5.01302,-5.01302,0.0,1.0,1
29930,30.05.2024 16:34:53.520000,-218.353,-406.219,6.86009,6.854,6.759,82.7227,3.09856,3.05071,12.6462,5.87153,771.315,772.585,1.32122,4.50774,6.42806,3.74176,6.7715,-5.01302,-5.01302,0.0,1.0,1
29931,30.05.2024 16:34:53.530000,-218.353,-406.219,6.86009,6.854,6.759,82.7227,3.09856,3.05071,12.6462,5.87153,771.315,772.585,1.32122,4.50774,6.42806,3.74176,6.7715,-5.01302,-5.01302,0.0,1.0,1
29932,30.05.2024 16:34:53.540000,-233.102,-405.807,6.85331,6.806,6.77,82.7227,3.09457,3.05264,11.9337,8.34317,771.32,772.585,1.40445,4.52151,6.47231,3.70129,6.77187,-5.02025,-5.02025,0.0,1.0,1
29933,30.05.2024 16:34:53.550000,-240.271,-406.549,6.85197,6.813,6.761,82.7648,3.08464,3.05283,13.51,9.41281,771.315,772.585,1.42803,4.51596,6.37818,3.72997,6.77222,-4.77431,-4.77431,0.0,1.0,1
29934,30.05.2024 16:34:53.560000,-251.559,-404.077,6.85609,6.82,6.761,82.7835,3.07685,3.05339,12.7076,7.513,771.305,772.58,1.33957,4.45871,6.42432,3.74131,6.77281,-5.12153,-5.12153,0.0,1.0,1
29935,30.05.2024 16:34:53.570000,-251.559,-404.077,6.86046,6.82,6.761,82.7791,3.07266,3.05206,12.7076,7.513,771.305,772.58,1.33957,4.45871,6.42432,3.74131,6.77281,-5.12153,-5.12153,0.0,1.0,1
29936,30.05.2024 16:34:53.580000,-262.436,-401.605,6.86046,6.836,6.76,82.7791,3.05509,3.05079,11.8485,9.49385,771.31,772.585,1.27011,4.47214,6.41821,3.67153,6.77308,-5.08536,-5.08536,0.0,1.0,1
29937,30.05.2024 16:34:53.590000,-262.436,-400.287,6.85125,6.793,6.76,82.7246,3.04707,3.0507,9.7254,7.36771,771.31,772.58,1.20761,4.41282,6.43544,3.64997,6.77355,-5.08536,-5.08536,0.0,1.0,1
29938,30.05.2024 16:34:53.600000,-277.432,-400.287,6.85125,6.793,6.778,82.6793,3.03808,3.05067,9.7254,7.36771,771.31,772.58,1.20761,4.41282,6.43544,3.64997,6.77355,-5.08536,-5.08536,0.0,1.0,1
29939,30.05.2024 16:34:53.610000,-277.432,-400.287,6.85125,6.793,6.778,82.6793,3.03808,3.05067,9.7254,7.36771,771.31,772.58,1.20761,4.41282,6.43544,3.64997,6.77355,-5.08536,-5.08536,0.0,1.0,1
29940,30.05.2024 16:34:53.620000,-290.121,-400.452,6.84745,6.8,6.748,82.6793,3.02305,3.05102,9.15501,9.00653,771.295,772.58,1.29035,4.45223,6.4694,3.6012,6.77403,-5.07089,-5.07089,0.0,1.0,1
29941,30.05.2024 16:34:53.630000,-292.923,-401.44,6.85394,6.84,6.744,82.7037,3.01869,3.05141,10.9952,8.66825,771.285,772.575,1.07515,4.38634,6.46948,3.73435,6.77387,-4.86834,-4.86834,0.0,1.0,1
29942,30.05.2024 16:34:53.640000,-312.451,-403.006,6.85693,6.808,6.752,82.6943,3.02288,3.05154,8.9994,8.90122,771.29,772.58,1.06472,4.49041,6.54075,3.73553,6.77417,-4.63687,-4.63687,0.0,1.0,1
29943,30.05.2024 16:34:53.650000,-292.923,-401.44,6.85394,6.84,6.744,82.7037,3.01869,3.05141,8.9994,8.90122,771.29,772.58,1.06472,4.49041,6.54075,3.73553,6.77387,-4.63687,-4.63687,0.0,1.0,1
29944,30.05.2024 16:34:53.660000,-320.361,-402.099,6.85332,6.81,6.75,82.6901,3.04903,3.05149,9.23153,9.2456,771.27,772.575,1.08472,4.4491,6.42024,3.63455,6.77449,-4.63687,-4.63687,0.0,1.0,1
29945,30.05.2024 16:34:53.670000,-320.361,-398.309,6.84411,6.785,6.75,82.6896,3.06031,3.05092,11.3285,8.14631,771.3,772.58,1.01757,4.47967,6.52138,3.65416,6.77479,-4.57899,-4.57899,0.0,1.0,1
29946,30.05.2024 16:34:53.680000,-335.687,-398.309,6.84411,6.785,6.743,82.6847,3.06853,3.05129,11.3285,8.14631,771.3,772.58,1.01757,4.47967,6.52138,3.65416,6.77479,-4.57899,-4.57899,0.0,1.0,1
29947,30.05.2024 16:34:53.690000,-342.114,-400.122,6.85117,6.777,6.748,82.6847,3.08069,3.05485,10.5132,6.52964,771.35,772.58,1.39284,4.62458,6.67061,3.68564,6.77511,-4.48495,-4.48495,0.0,1.0,1
29948,30.05.2024 16:34:53.700000,-342.114,-400.122,6.85117,6.777,6.748,82.6847,3.08069,3.05485,10.5132,6.52964,771.35,772.58,1.39284,4.62458,6.67061,3.68564,6.77511,-4.48495,-4.48495,0.0,1.0,1
29949,30.05.2024 16:34:53.710000,-342.114,-400.122,6.86102,6.777,6.748,82.6985,3.08067,3.05746,11.266,9.44023,771.355,772.585,1.82323,4.60895,6.93468,3.73175,6.77542,-4.48495,-4.48495,0.0,1.0,1
29950,30.05.2024 16:34:53.720000,-365.103,-399.463,6.86572,6.795,6.736,82.7287,3.07611,3.06285,12.3291,9.14912,771.315,772.585,2.33104,4.71603,7.16332,3.63523,6.77602,-4.5573,-4.5573,0.0,1.0,1
29951,30.05.2024 16:34:53.730000,-365.103,-399.463,6.87522,6.795,6.736,82.7754,3.07289,3.06355,12.3291,9.14912,771.315,772.585,2.33104,4.71603,7.16332,3.63523,6.77602,-4.5573,-4.5573,0.0,1.0,1
29952,30.05.2024 16:34:53.740000,-365.927,-403.665,6.87522,6.784,6.735,82.7754,3.06005,3.0648,12.5437,7.08717,771.25,772.575,2.24702,4.69833,7.44093,3.82519,6.77657,-4.47048,-4.47048,0.0,1.0,1
29953,30.05.2024 16:34:53.750000,-365.927,-397.403,6.88428,6.789,6.735,82.7922,3.04996,3.06416,11.4403,7.82753,771.18,772.555,1.91923,4.75088,7.44563,3.77122,6.77676,-4.47048,-4.47048,0.0,1.0,1
29954,30.05.2024 16:34:53.760000,-364.361,-397.403,6.88428,6.789,6.734,82.7986,3.04093,3.06396,11.4403,7.82753,771.18,772.555,1.91923,4.75088,7.44563,3.77122,6.77676,-4.47048,-4.47048,0.0,1.0,1
29955,30.05.2024 16:34:53.770000,-364.361,-397.403,6.88428,6.789,6.734,82.7986,3.04093,3.06396,11.4403,7.82753,771.18,772.555,1.91923,4.75088,7.44563,3.77122,6.77676,-4.47048,-4.47048,0.0,1.0,1
29956,30.05.2024 16:34:53.780000,-360.983,-400.534,6.8834,6.767,6.756,82.7986,3.02288,3.06682,9.87996,7.52713,771.16,772.515,1.13478,4.47642,7.04708,3.77364,6.77709,-4.41261,-4.41261,0.0,1.0,1
29957,30.05.2024 16:34:53.790000,-361.478,-399.71,6.8925,6.798,6.791,82.7296,3.02131,3.06703,9.14149,6.1274,771.185,772.515,0.629085,4.36949,6.76368,3.53149,6.77756,-5.11429,-5.11429,0.0,1.0,1
29958,30.05.2024 16:34:53.800000,-362.796,-405.395,6.88528,6.857,6.763,82.7029,3.02575,3.06637,9.77706,9.84443,771.25,772.515,0.609342,4.18637,6.58726,3.40316,6.77785,-5.06366,-5.06366,0.0,1.0,1
29959,30.05.2024 16:34:53.810000,-362.796,-405.395,6.87529,6.857,6.763,82.5871,3.03306,3.06713,9.77706,9.84443,771.25,772.515,0.609342,4.18637,6.58726,3.40316,6.77785,-5.06366,-5.06366,0.0,1.0,1
29960,30.05.2024 16:34:53.820000,-367.328,-403.088,6.87529,6.852,6.791,82.5871,3.06101,3.07062,10.4533,8.17638,771.28,772.525,1.00514,4.1503,6.55279,3.42731,6.77822,-5.57725,-5.57725,0.0,1.0,1
29961,30.05.2024 16:34:53.830000,-367.328,-403.088,6.87529,6.852,6.791,82.5871,3.06101,3.07062,10.4533,8.17638,771.28,772.525,1.00514,4.1503,6.55279,3.42731,6.77822,-5.57725,-5.57725,0.0,1.0,1
29962,30.05.2024 16:34:53.840000,-367.328,-402.676,6.88339,6.868,6.791,82.6004,3.07519,3.07203,10.8618,9.45493,771.28,772.515,1.53056,4.19564,6.66271,3.34497,6.77852,-5.7798,-5.7798,0.0,1.0,1
29963,30.05.2024 16:34:53.850000,-361.725,-395.013,6.88458,6.855,6.796,82.6091,3.11713,3.0714,12.809,8.52836,771.24,772.515,1.82601,4.12701,6.83202,3.34418,6.77917,-5.88108,-5.88108,0.0,1.0,1
29964,30.05.2024 16:34:53.860000,-361.725,-395.013,6.88573,6.855,6.796,82.6351,3.12393,3.07227,12.809,8.52836,771.24,772.515,1.82601,4.12701,6.83202,3.34418,6.77943,-6.27171,-6.27171,0.0,1.0,1
29965,30.05.2024 16:34:53.870000,-355.298,-400.04,6.88573,6.848,6.794,82.6351,3.12652,3.07406,13.847,8.40945,771.17,772.515,1.74882,4.15774,6.98968,3.36782,6.77943,-6.27171,-6.27171,0.0,1.0,1
29966,30.05.2024 16:34:53.880000,-358.429,-401.028,6.88797,6.846,6.79,82.6627,3.12569,3.07589,13.2674,9.30798,771.195,772.505,1.38668,4.09698,7.19579,3.40542,6.77978,-6.56829,-6.56829,0.0,1.0,1
29967,30.05.2024 16:34:53.890000,-358.429,-401.028,6.88792,6.846,6.79,82.6859,3.12019,3.07574,13.2674,9.30798,771.195,772.505,1.38668,4.09698,7.19579,3.40542,6.77978,-6.56829,-6.56829,0.0,1.0,1
29968,30.05.2024 16:34:53.900000,-357.522,-399.051,6.88792,6.841,6.787,82.6859,3.10479,3.07497,14.7718,12.2134,771.21,772.505,1.41871,4.1797,7.50338,3.43578,6.78048,-6.82147,-6.82147,0.0,1.0,1
29969,30.05.2024 16:34:53.910000,-357.522,-400.122,6.88183,6.831,6.787,82.7027,3.09249,3.07491,12.7174,7.6763,771.21,772.5,1.65091,4.23775,7.61331,3.51787,6.78105,-6.82147,-6.82147,0.0,1.0,1
29970,30.05.2024 16:34:53.920000,-357.522,-400.122,6.88183,6.831,6.787,82.7027,3.09249,3.07491,12.7174,7.6763,771.21,772.5,1.65091,4.23775,7.61331,3.51787,6.78105,-6.82147,-6.82147,0.0,1.0,1
29971,30.05.2024 16:34:53.930000,-363.208,-400.122,6.88183,6.831,6.788,82.7127,3.08258,3.07434,12.462,8.68305,771.19,772.49,1.85817,4.36727,7.3913,3.45491,6.78105,-6.82147,-6.82147,0.0,1.0,1
29972,30.05.2024 16:34:53.940000,-363.208,-400.122,6.88183,6.831,6.788,82.7127,3.08258,3.07434,12.462,8.68305,771.19,772.49,1.85817,4.36727,7.3913,3.45491,6.78105,-6.82147,-6.82147,0.0,1.0,1
29973,30.05.2024 16:34:53.950000,-357.522,-395.508,6.86623,6.792,6.788,82.7022,3.04928,3.07481,11.5417,10.3634,771.165,772.49,1.89206,4.37403,7.20055,3.35555,6.7823,-7.52315,-7.52315,0.0,1.0,1
29974,30.05.2024 16:34:53.960000,-357.522,-395.508,6.86623,6.792,6.788,82.7022,3.04928,3.07481,11.5417,10.3634,771.165,772.49,1.89206,4.37403,7.20055,3.35555,6.7823,-7.52315,-7.52315,0.0,1.0,1
29975,30.05.2024 16:34:53.970000,-360.818,-404.242,6.85679,6.83,6.779,82.7026,3.04079,3.07454,11.2383,7.46832,771.145,772.465,1.6846,4.35994,7.20696,3.27407,6.78321,-8.3695,-8.3695,0.0,1.0,1
29976,30.05.2024 16:34:53.980000,-360.406,-402.099,6.85222,6.832,6.773,82.7285,3.04847,3.07349,11.6697,8.79833,771.135,772.455,1.54558,4.35365,7.06094,3.29319,6.78351,-8.3695,-8.3695,0.0,1.0,1
29977,30.05.2024 16:34:53.990000,-360.406,-400.616,6.85915,6.835,6.773,82.6352,3.05355,3.07444,11.3229,8.26701,771.13,772.455,1.49425,4.1907,7.1007,3.26195,6.78358,-8.37673,-8.37673,0.0,1.0,1
29978,30.05.2024 16:34:54.000000,-359.994,-400.616,6.85915,6.835,6.771,82.7273,3.05831,3.07625,11.3229,8.26701,771.13,772.455,1.49425,4.1907,7.1007,3.26195,6.78358,-8.37673,-8.37673,0.0,1.0,1
29979,30.05.2024 16:34:54.010000,-359.994,-400.616,6.85915,6.835,6.771,82.7273,3.05831,3.07625,11.3229,8.26701,771.13,772.455,1.49425,4.1907,7.1007,3.26195,6.78358,-8.37673,-8.37673,0.0,1.0,1
29980,30.05.2024 16:34:54.020000,-362.466,-404.654,6.8681,6.824,6.764,82.7273,3.06907,3.07634,11.0268,8.43538,771.135,772.455,1.51069,4.27495,7.18269,3.28742,6.78431,-8.38397,-8.38397,0.0,1.0,1
29981,30.05.2024 16:34:54.030000,-362.466,-404.654,6.8681,6.824,6.764,82.7273,3.06907,3.07634,11.0268,8.43538,771.135,772.455,1.51069,4.27495,7.18269,3.28742,6.78431,-8.38397,-8.38397,0.0,1.0,1
29982,30.05.2024 16:34:54.040000,-356.863,-398.144,6.86894,6.799,6.748,82.7006,3.07147,3.07671,12.5492,9.52166,771.145,772.45,1.61508,4.31078,7.19378,3.34327,6.78467,-8.3912,-8.3912,0.0,1.0,1
29983,30.05.2024 16:34:54.050000,-356.863,-398.144,6.86894,6.799,6.748,82.7006,3.07147,3.07671,12.5492,9.52166,771.145,772.45,1.61508,4.31078,7.19378,3.34327,6.78467,-8.3912,-8.3912,0.0,1.0,1
29984,30.05.2024 16:34:54.060000,-355.957,-404.654,6.8569,6.822,6.761,82.639,3.06706,3.07858,12.0335,7.45225,771.16,772.455,1.82842,4.3574,7.19913,3.33875,6.78545,-8.3912,-8.3912,0.0,1.0,1
29985,30.05.2024 16:34:54.070000,-361.478,-401.605,6.87107,6.82,6.76,82.6245,3.06652,3.07723,13.171,8.87379,771.175,772.45,2.33603,4.5874,7.3789,3.22294,6.78578,-9.02055,-9.02055,0.0,1.0,1
29986,30.05.2024 16:34:54.080000,-356.946,-401.605,6.87107,6.82,6.758,82.6445,3.06565,3.07563,13.171,8.87379,771.175,772.45,2.33603,4.5874,7.3789,3.22294,6.78578,-9.02055,-9.02055,0.0,1.0,1
29987,30.05.2024 16:34:54.090000,-356.946,-401.605,6.87107,6.82,6.758,82.6445,3.06565,3.07563,13.171,8.87379,771.175,772.45,2.33603,4.5874,7.3789,3.22294,6.78578,-9.02055,-9.02055,0.0,1.0,1
29988,30.05.2024 16:34:54.100000,-359.5,-394.849,6.87739,6.814,6.748,82.6445,3.05682,3.07664,11.1815,7.6855,771.205,772.44,2.71155,4.73889,7.66356,3.31644,6.78645,-9.36054,-9.36054,0.0,1.0,1
29989,30.05.2024 16:34:54.110000,-360.901,-409.68,6.88625,6.771,6.744,82.5992,3.04028,3.07704,11.8369,8.85312,771.18,772.435,3.11243,4.77048,8.14653,3.42679,6.78703,-9.8669,-9.8669,0.0,1.0,1
29990,30.05.2024 16:34:54.120000,-359.17,-403.088,6.88694,6.778,6.733,82.5515,3.02768,3.07762,10.7456,10.1565,771.095,772.415,3.31705,4.80573,8.37654,3.43034,6.78729,-9.64265,-9.64265,0.0,1.0,1
29991,30.05.2024 16:34:54.130000,-359.17,-403.088,6.90056,6.778,6.733,82.6199,3.01618,3.07725,10.7456,10.1565,771.095,772.415,3.31705,4.80573,8.37654,3.43034,6.78729,-9.64265,-9.64265,0.0,1.0,1
29992,30.05.2024 16:34:54.140000,-358.264,-402.676,6.90056,6.795,6.749,82.6199,3.00189,3.0771,9.94378,5.7136,771.04,772.38,2.80948,4.56904,8.38287,3.529,6.78778,-10.026,-10.026,0.0,1.0,1
29993,30.05.2024 16:34:54.150000,-358.264,-398.804,6.90927,6.832,6.749,82.635,3.00322,3.07805,9.45838,7.29421,771.005,772.365,2.26595,4.46416,8.5441,3.50467,6.78829,-10.8941,-10.8941,0.0,1.0,1
29994,30.05.2024 16:34:54.160000,-360.571,-398.804,6.90927,6.832,6.804,82.6344,3.00649,3.07811,9.45838,7.29421,771.005,772.365,2.26595,4.46416,8.5441,3.50467,6.78829,-10.8941,-10.8941,0.0,1.0,1
29995,30.05.2024 16:34:54.170000,-360.901,-398.556,6.90231,6.844,6.787,82.6344,3.02902,3.07719,9.24009,9.71025,771.005,772.35,1.74862,4.23659,8.47994,3.49186,6.78853,-11.3426,-11.3426,0.0,1.0,1
29996,30.05.2024 16:34:54.180000,-360.901,-398.556,6.89442,6.844,6.787,82.6355,3.04352,3.08086,9.24009,9.71025,771.005,772.35,1.74862,4.23659,8.47994,3.49186,6.78867,-12.066,-12.066,0.0,1.0,1
29997,30.05.2024 16:34:54.190000,-359.582,-400.699,6.89442,6.872,6.809,82.6355,3.06136,3.08407,9.47328,6.64533,771.035,772.34,1.55322,4.07863,8.43018,3.52183,6.78867,-12.066,-12.066,0.0,1.0,1
29998,30.05.2024 16:34:54.200000,-352.991,-404.819,6.90569,6.835,6.823,82.6,3.07776,3.08628,12.752,8.31117,771.05,772.35,1.60679,4.01036,8.23301,3.41347,6.78909,-12.4204,-12.4204,0.0,1.0,1
29999,30.05.2024 16:34:54.210000,-352.991,-404.819,6.90435,6.835,6.823,82.6198,3.08793,3.08903,12.752,8.31117,771.05,772.35,1.60679,4.01036,8.23301,3.41347,6.78909,-12.4204,-12.4204,0.0,1.0,1
