,time,Pinceur Inf Mesure de courant,Pinceur Sup Mesure de courant,Mandrin - Vitesse Actuelle,Pinceur Sup Mesure vitesse lineaire,Pinceur Inf Mesure vitesse lineaire,Mandrin - Mesure Expansion,Pinceur Nord Position entrefer estimee,Pinceur Sud Position entrefer estimee,Pinceur Nord Force entrefer calibree,Pinceur Sud Force entrefer calibree,Guides Nord Entree Position mesuree,Guides Nord Sortie Position mesuree,Guides Nord Entree Force pour regulateur PI,Guides Nord Sortie Force pour regulateur PI,Guides Sud Entree Force pour regulateur PI,Guides Sud Sortie Force pour regulateur PI,Mandrin - Vitesse Actuelle F10,_Excentrage largeur bande jauge bob,_Excentrage largeur bande jauge bob.1,TDB pinceur,Fenetre,Declancheur
6900,30.05.2024 10:22:03.660000,152.188,72.5097,6.56399,5.979,5.68,40.335,5.82781,4.54384,40.6463,29.3504,565.815,566.605,4.55175,6.66121,-1.64725,0.64108,5.05263,43.7066,43.7066,1.0,1.0,1
6901,30.05.2024 10:22:03.670000,225.851,99.5361,6.56506,5.825,5.601,40.3152,5.78303,4.51214,56.8352,30.2096,564.115,565.025,4.82349,6.94296,-1.62045,0.63104,5.0529,43.7066,43.7066,1.0,1.0,1
6902,30.05.2024 10:22:03.680000,225.851,99.5361,6.56506,5.825,5.601,40.3152,5.68689,4.53947,60.9055,24.1491,562.565,563.535,4.15729,6.32369,-1.60508,0.673708,5.0529,43.7066,43.7066,1.0,1.0,1
6903,30.05.2024 10:22:03.690000,241.095,106.705,6.56321,5.813,5.597,40.3077,5.56145,4.56864,60.9055,24.1491,562.565,563.535,4.15729,6.32369,-1.60508,0.673708,5.05321,42.2526,42.2526,1.0,1.0,1
6904,30.05.2024 10:22:03.700000,241.095,106.705,6.56321,5.813,5.597,40.3077,5.56145,4.56864,60.9055,24.1491,562.565,563.535,4.15729,6.32369,-1.60508,0.673708,5.05321,42.2526,42.2526,1.0,1.0,1
6905,30.05.2024 10:22:03.710000,253.125,128.21,6.56321,5.752,5.595,40.3139,5.12556,4.58416,50.3716,32.9659,561.215,562.315,3.15678,5.10708,-1.56842,0.591169,5.05322,40.8854,40.8854,1.0,1.0,1
6906,30.05.2024 10:22:03.720000,253.125,128.21,6.56321,5.752,5.595,40.3139,5.12556,4.58416,50.3716,32.9659,561.215,562.315,3.15678,5.10708,-1.56842,0.591169,5.05322,40.8854,40.8854,1.0,1.0,1
6907,30.05.2024 10:22:03.730000,274.548,158.862,6.56215,5.707,5.549,40.3626,4.88721,4.638,32.7384,36.0322,560.025,561.265,2.26833,5.21628,-1.62618,0.463754,5.05362,39.6484,39.6484,1.0,1.0,1
6908,30.05.2024 10:22:03.740000,274.548,158.862,6.56215,5.707,5.549,40.3626,4.88721,4.638,32.7384,36.0322,560.025,561.265,2.26833,5.21628,-1.62618,0.463754,5.05362,39.6484,39.6484,1.0,1.0,1
6909,30.05.2024 10:22:03.750000,299.927,225.275,6.56302,5.579,5.51,40.3546,4.88341,4.55436,23.2832,36.5828,558.855,560.045,1.88361,6.5337,-1.58607,0.237943,5.05356,39.6195,39.6195,1.0,1.0,1
6910,30.05.2024 10:22:03.760000,299.927,225.275,6.56302,5.579,5.51,40.3546,4.88341,4.55436,23.2832,36.5828,558.855,560.045,1.88361,6.5337,-1.58607,0.237943,5.05356,39.6195,39.6195,1.0,1.0,1
6911,30.05.2024 10:22:03.770000,344.339,354.639,6.56102,5.441,5.449,40.3909,5.07439,4.42796,31.5518,23.7645,556.555,557.585,1.7459,7.35022,-1.65627,0.183965,5.0547,35.1056,35.1056,1.0,1.0,1
6912,30.05.2024 10:22:03.780000,410.422,423.111,6.56242,5.409,5.325,40.4648,5.28948,4.4197,39.8364,19.5184,555.32,556.37,2.35493,8.49206,-1.68399,0.103315,5.05531,32.6895,32.6895,1.0,1.0,1
6913,30.05.2024 10:22:03.790000,410.422,423.111,6.56929,5.409,5.325,40.4648,5.29481,4.44813,45.0734,20.6425,553.99,555.015,3.22963,10.0079,-1.82437,0.179735,5.05531,33.5503,33.5503,1.0,1.0,1
6914,30.05.2024 10:22:03.800000,454.339,477.576,6.56796,5.308,5.272,40.4216,5.2974,4.49072,45.0734,20.6425,553.99,555.015,3.22963,10.0079,-1.82437,0.179735,5.05568,33.2972,33.2972,1.0,1.0,1
6915,30.05.2024 10:22:03.810000,454.339,477.576,6.56796,5.308,5.272,40.4216,5.27784,4.51459,43.2866,31.9627,552.535,553.58,3.82226,10.833,-1.79695,0.155672,5.05568,33.2972,33.2972,1.0,1.0,1
6916,30.05.2024 10:22:03.820000,518.445,562.362,6.56918,5.166,5.116,40.3768,5.24089,4.51537,43.2866,31.9627,552.535,553.58,3.82226,10.833,-1.79695,0.155672,5.05606,29.5645,29.5645,1.0,1.0,1
6917,30.05.2024 10:22:03.830000,518.445,562.362,6.56918,5.166,5.116,40.3768,5.24089,4.51537,43.2866,31.9627,552.535,553.58,3.82226,10.833,-1.79695,0.155672,5.05606,29.5645,29.5645,1.0,1.0,1
6918,30.05.2024 10:22:03.840000,586.423,619.464,6.575,5.123,5.051,40.3502,5.23782,4.50002,41.4762,26.8165,551.08,552.125,3.96767,11.2144,-1.84722,0.00308767,5.05679,29.7309,29.7309,1.0,1.0,1
6919,30.05.2024 10:22:03.850000,586.423,619.464,6.575,5.123,5.051,40.3502,5.23782,4.50002,41.4762,26.8165,551.08,552.125,3.96767,11.2144,-1.84722,0.00308767,5.05679,29.7309,29.7309,1.0,1.0,1
6920,30.05.2024 10:22:03.860000,645.502,665.607,6.5729,5.095,4.947,40.3119,5.21511,4.43324,42.908,24.1838,549.57,550.7,3.99946,12.0247,-1.70556,0.0255562,5.05748,29.7309,29.7309,1.0,1.0,1
6921,30.05.2024 10:22:03.870000,645.502,665.607,6.5729,5.095,4.947,40.3119,5.21511,4.43324,42.908,24.1838,549.57,550.7,3.99946,12.0247,-1.70556,0.0255562,5.05748,29.7309,29.7309,1.0,1.0,1
6922,30.05.2024 10:22:03.880000,698.318,695.27,6.5712,5.05,4.91,40.0314,5.02856,4.41561,36.1278,23.4447,546.625,547.565,4.47719,12.9705,-1.65252,0.0609719,5.05822,25.9332,25.9332,1.0,1.0,1
6923,30.05.2024 10:22:03.890000,698.318,695.27,6.5712,5.05,4.91,40.0314,5.02856,4.41561,36.1278,23.4447,546.625,547.565,4.47719,12.9705,-1.65252,0.0609719,5.05822,25.9332,25.9332,1.0,1.0,1
6924,30.05.2024 10:22:03.900000,706.393,702.191,6.56682,4.879,4.907,40.1644,4.80977,4.47971,28.9733,20.8215,545.08,545.84,4.89702,12.5979,-1.5789,0.0881974,5.05868,22.5984,22.5984,1.0,1.0,1
6925,30.05.2024 10:22:03.910000,706.393,702.191,6.56682,4.879,4.907,40.1644,4.80977,4.47971,28.9733,20.8215,545.08,545.84,4.89702,12.5979,-1.5789,0.0881974,5.05868,22.5984,22.5984,1.0,1.0,1
6926,30.05.2024 10:22:03.920000,705.569,700.955,6.56422,4.891,4.89,40.2565,4.63545,4.53424,19.9617,29.4334,543.45,544.3,5.22972,11.7191,-1.48907,-0.00779948,5.059,21.535,21.535,1.0,1.0,1
6927,30.05.2024 10:22:03.930000,705.569,700.955,6.56422,4.891,4.89,40.2565,4.63545,4.53424,19.9617,29.4334,543.45,544.3,5.22972,11.7191,-1.48907,-0.00779948,5.059,21.535,21.535,1.0,1.0,1
6928,30.05.2024 10:22:03.940000,697.906,693.539,6.5686,4.86,4.848,40.2813,4.68932,4.50283,18.2473,28.8019,541.87,542.885,5.29876,11.1906,-1.40022,-0.00953135,5.05946,22.3886,22.3886,1.0,1.0,1
6929,30.05.2024 10:22:03.950000,697.906,693.539,6.5686,4.86,4.848,40.2813,4.68932,4.50283,18.2473,28.8019,541.87,542.885,5.29876,11.1906,-1.40022,-0.00953135,5.05946,22.3886,22.3886,1.0,1.0,1
6930,30.05.2024 10:22:03.960000,700.378,688.101,6.57408,4.796,4.859,40.3398,4.84418,4.41547,27.5482,19.1811,538.62,539.895,5.38363,13.6688,-1.20834,0.0542542,5.05929,20.0087,20.0087,1.0,1.0,1
6931,30.05.2024 10:22:03.970000,700.378,688.101,6.57408,4.796,4.859,40.3398,4.84418,4.41547,27.5482,19.1811,538.62,539.895,5.38363,13.6688,-1.20834,0.0542542,5.05929,20.0087,20.0087,1.0,1.0,1
6932,30.05.2024 10:22:03.980000,696.094,687.936,6.57862,4.84,4.82,40.3193,4.89367,4.4003,30.5482,22.8278,537.015,538.315,5.37321,14.3465,-1.17166,0.0279481,5.05925,20.0087,20.0087,1.0,1.0,1
6933,30.05.2024 10:22:03.990000,696.094,687.936,6.57862,4.84,4.82,40.3193,4.89367,4.4003,30.5482,22.8278,537.015,538.315,5.37321,14.3465,-1.17166,0.0279481,5.05925,20.0087,20.0087,1.0,1.0,1
6934,30.05.2024 10:22:04.000000,692.386,684.887,6.56575,4.872,4.842,40.3265,4.94015,4.40592,30.8972,22.5877,535.395,536.74,5.40287,14.8365,-1.11449,0.123666,5.0592,17.5058,17.5058,1.0,1.0,1
6935,30.05.2024 10:22:04.010000,692.386,684.887,6.56575,4.872,4.842,40.3265,4.94015,4.40592,30.8972,22.5877,535.395,536.74,5.40287,14.8365,-1.11449,0.123666,5.0592,17.5058,17.5058,1.0,1.0,1
6936,30.05.2024 10:22:04.020000,688.101,689.831,6.56772,4.808,4.862,40.3819,4.97809,4.37476,32.4851,19.1778,533.725,535.195,5.55365,15.4221,-1.01142,0.13949,5.05924,15.8854,15.8854,1.0,1.0,1
6937,30.05.2024 10:22:04.030000,683.899,681.18,6.56574,4.796,4.872,40.2962,4.93577,4.28868,35.2839,10.6254,530.31,531.925,5.06386,16.7092,-1.08212,0.184278,5.05985,16.0156,16.0156,1.0,1.0,1
6938,30.05.2024 10:22:04.040000,692.056,681.262,6.57413,4.854,4.91,40.3043,4.8638,4.27678,35.2839,10.6254,530.31,531.925,5.06386,16.7092,-1.08212,0.184278,5.05985,13.8166,13.8166,1.0,1.0,1
6939,30.05.2024 10:22:04.050000,692.056,681.262,6.57413,4.854,4.91,40.3043,4.76245,4.2778,29.6986,8.47826,528.59,530.3,4.59955,17.0204,-1.07716,0.159494,5.05985,13.8166,13.8166,1.0,1.0,1
6940,30.05.2024 10:22:04.060000,692.056,681.262,6.57413,4.854,4.91,40.3043,4.76245,4.2778,29.6986,8.47826,528.59,530.3,4.59955,17.0204,-1.07716,0.159494,5.05985,13.8166,13.8166,1.0,1.0,1
6941,30.05.2024 10:22:04.070000,684.393,684.805,6.58186,4.931,4.902,40.2782,4.56029,4.33044,18.9621,11.9143,526.875,528.69,4.10973,17.1048,-1.09217,0.0973374,5.05961,15.4442,15.4442,1.0,1.0,1
6942,30.05.2024 10:22:04.080000,684.393,684.805,6.58186,4.931,4.902,40.2782,4.56029,4.33044,18.9621,11.9143,526.875,528.69,4.10973,17.1048,-1.09217,0.0973374,5.05961,15.4442,15.4442,1.0,1.0,1
6943,30.05.2024 10:22:04.090000,689.502,684.393,6.57992,4.939,4.935,40.287,4.44777,4.40528,14.2776,20.8272,525.155,527.095,3.71687,17.4361,-0.823383,0.0769974,5.06002,15.0897,15.0897,1.0,1.0,1
6944,30.05.2024 10:22:04.100000,684.64,687.112,6.57399,4.956,4.994,40.4266,4.57176,4.40107,13.8185,21.0316,523.485,525.48,3.37621,17.8441,-0.166858,0.0837914,5.05994,12.8689,12.8689,1.0,1.0,1
6945,30.05.2024 10:22:04.110000,684.64,687.112,6.57399,4.956,4.994,40.4266,4.57176,4.40107,13.8185,21.0316,523.485,525.48,3.37621,17.8441,-0.166858,0.0837914,5.05994,12.8689,12.8689,1.0,1.0,1
6946,30.05.2024 10:22:04.120000,684.64,687.112,6.57374,4.956,4.994,40.4266,4.65617,4.38429,19.1193,16.3161,521.93,523.87,3.07599,18.2498,-7.15256e-06,0.210539,5.05993,11.3932,11.3932,1.0,1.0,1
6947,30.05.2024 10:22:04.130000,684.64,687.112,6.57374,4.956,4.994,40.4266,4.65617,4.38429,19.1193,16.3161,521.93,523.87,3.07599,18.2498,-7.15256e-06,0.210539,5.05993,11.3932,11.3932,1.0,1.0,1
6948,30.05.2024 10:22:04.140000,688.925,691.479,6.57515,5.045,5.015,40.3936,4.80066,4.36429,27.5049,17.5585,520.47,522.305,3.69108,18.7479,0.237416,0.368761,5.05981,10.5396,10.5396,1.0,1.0,1
6949,30.05.2024 10:22:04.150000,688.925,691.479,6.57515,5.045,5.015,40.3936,4.80066,4.36429,27.5049,17.5585,520.47,522.305,3.69108,18.7479,0.237416,0.368761,5.05981,10.5396,10.5396,1.0,1.0,1
6950,30.05.2024 10:22:04.160000,690.902,690.902,6.57581,5.037,5.03,40.5017,4.84388,4.36714,32.5048,20.7046,518.865,520.73,5.19301,19.3768,0.523514,0.358152,5.05995,10.5324,10.5324,1.0,1.0,1
6951,30.05.2024 10:22:04.170000,678.872,686.453,6.57121,5.048,5.063,40.3992,4.76521,4.40511,32.4797,17.0609,517.215,519.105,6.43154,20.1682,0.613934,0.366869,5.05976,15.625,15.625,1.0,1.0,1
6952,30.05.2024 10:22:04.180000,678.872,686.453,6.57121,5.048,5.063,40.3807,4.69199,4.41445,27.5337,19.099,515.69,517.55,7.03335,20.8514,0.854363,0.483091,5.05976,15.625,15.625,1.0,1.0,1
6953,30.05.2024 10:22:04.190000,688.183,692.468,6.5784,5.073,5.057,40.3807,4.67736,4.41033,23.0398,24.37,514.215,515.98,8.19074,21.6022,1.40888,0.479883,5.0601,16.862,16.862,1.0,1.0,1
6954,30.05.2024 10:22:04.200000,691.726,689.502,6.58566,5.092,5.063,40.3355,4.67401,4.39871,23.0398,24.37,514.215,515.98,8.19074,21.6022,1.40888,0.479883,5.05996,16.862,16.862,1.0,1.0,1
6955,30.05.2024 10:22:04.210000,691.726,689.502,6.58566,5.092,5.063,40.3355,4.67724,4.38312,23.467,19.2031,512.65,514.415,9.70751,22.6127,2.47847,0.642172,5.05996,16.862,16.862,1.0,1.0,1
6956,30.05.2024 10:22:04.220000,689.996,689.749,6.57895,5.073,5.057,40.298,4.66647,4.35785,23.467,19.2031,512.65,514.415,9.70751,22.6127,2.47847,0.642172,5.06012,17.8168,17.8168,1.0,1.0,1
6957,30.05.2024 10:22:04.230000,692.386,684.723,6.57415,5.052,5.077,40.3389,4.63754,4.3594,23.428,15.8675,511.365,512.92,10.9497,23.4157,4.12872,0.840482,5.06025,17.8241,17.8241,1.0,1.0,1
6958,30.05.2024 10:22:04.240000,692.386,684.723,6.57415,5.052,5.077,40.3389,4.60079,4.37436,21.1067,16.815,509.97,511.415,13.1293,24.3829,7.13155,1.40619,5.06025,17.8241,17.8241,1.0,1.0,1
6959,30.05.2024 10:22:04.250000,679.614,678.955,6.58025,5.105,5.088,40.3395,4.56482,4.39286,21.1067,16.815,509.97,511.415,13.1293,24.3829,7.13155,1.40619,5.06057,17.8241,17.8241,1.0,1.0,1
6960,30.05.2024 10:22:04.260000,679.614,678.955,6.58025,5.105,5.088,40.3057,4.50249,4.40745,19.1922,21.3819,508.52,509.96,15.5429,25.8065,10.8429,2.50343,5.06057,17.8241,17.8241,1.0,1.0,1
6961,30.05.2024 10:22:04.270000,680.273,670.468,6.57853,5.151,5.135,40.3057,4.48158,4.4167,18.1087,19.6772,507.145,508.595,17.3983,27.4292,13.3854,4.2869,5.06065,15.285,15.285,1.0,1.0,1
6962,30.05.2024 10:22:04.280000,685.135,682.004,6.55707,5.194,5.185,40.3366,4.48102,4.41834,18.1087,19.6772,507.145,508.595,17.3983,27.4292,13.3854,4.2869,5.06063,14.0914,14.0914,1.0,1.0,1
6963,30.05.2024 10:22:04.290000,685.135,682.004,6.55707,5.194,5.185,40.3366,4.48111,4.40988,16.2877,19.2852,505.89,507.135,19.8145,29.3641,15.1251,5.39307,5.06063,14.0914,14.0914,1.0,1.0,1
6964,30.05.2024 10:22:04.300000,673.599,693.292,6.54187,5.203,5.221,40.3351,4.4985,4.40331,16.2877,19.2852,505.89,507.135,19.8145,29.3641,15.1251,5.39307,5.06096,14.0914,14.0914,1.0,1.0,1
6965,30.05.2024 10:22:04.310000,684.887,695.599,6.55237,5.204,5.18,40.2852,4.5191,4.40357,17.2306,21.47,505.27,505.82,17.1898,20.6244,18.7865,5.86368,5.06117,8.99161,8.99161,1.0,1.0,1
6966,30.05.2024 10:22:04.320000,684.887,695.599,6.55237,5.204,5.18,40.2852,4.54648,4.40516,18.3134,22.5379,505.525,506.725,16.8112,12.0661,22.4608,6.43577,5.06117,8.99161,8.99161,1.0,1.0,1
6967,30.05.2024 10:22:04.330000,689.419,694.281,6.55743,5.206,5.162,40.4286,4.58209,4.40813,18.3134,22.5379,505.525,506.725,16.8112,12.0661,22.4608,6.43577,5.06133,3.71094,3.71094,1.0,1.0,1
6968,30.05.2024 10:22:04.340000,689.419,694.281,6.55743,5.206,5.162,40.7614,4.6342,4.40773,21.5519,23.823,505.315,507.575,17.4704,14.1704,23.6336,7.16517,5.06133,3.71094,3.71094,1.0,1.0,1
6969,30.05.2024 10:22:04.350000,689.007,690.655,6.55331,5.191,5.126,40.7614,4.63163,4.40068,24.3877,19.671,505.83,508.02,16.6146,16.13,24.3901,8.69907,5.06149,3.6603,3.6603,1.0,1.0,1
6970,30.05.2024 10:22:04.360000,684.475,691.562,6.55657,5.127,5.126,41.3084,4.60233,4.37985,24.3877,19.671,505.83,508.02,16.6146,16.13,24.3901,8.69907,5.06189,-0.491902,-0.491902,1.0,1.0,1
6971,30.05.2024 10:22:04.370000,684.475,691.562,6.55657,5.127,5.126,41.3084,4.55523,4.34942,20.7128,15.5939,505.965,508.465,19.3541,15.6553,24.6522,9.9283,5.06189,-0.491902,-0.491902,1.0,1.0,1
6972,30.05.2024 10:22:04.380000,687.607,695.105,6.54631,5.119,5.134,41.9018,4.44153,4.3208,20.7128,15.5939,505.965,508.465,19.3541,15.6553,24.6522,9.9283,5.06212,-1.42506,-1.42506,1.0,1.0,1
6973,30.05.2024 10:22:04.390000,689.502,685.547,6.53039,5.186,5.246,42.6314,4.41236,4.31389,15.5346,11.3247,506.24,508.865,20.6058,16.7494,23.4555,9.79027,5.06255,-1.25144,-1.25144,1.0,1.0,1
6974,30.05.2024 10:22:04.400000,689.502,685.547,6.53039,5.186,5.246,42.6314,4.40661,4.29162,13.3486,15.3366,506.37,509.29,22.9241,17.0631,23.1749,8.31077,5.06255,-1.25144,-1.25144,1.0,1.0,1
6975,30.05.2024 10:22:04.410000,677.06,653.988,6.48006,5.355,5.294,43.5107,4.42277,4.26214,13.3486,15.3366,506.37,509.29,22.9241,17.0631,23.1749,8.31077,5.06265,-0.289351,-0.289351,1.0,1.0,1
6976,30.05.2024 10:22:04.420000,677.06,653.988,6.48006,5.355,5.294,44.5857,4.48582,4.23197,14.7387,12.3254,506.475,509.6,24.0142,16.924,23.8931,6.63041,5.06265,-0.289351,-0.289351,1.0,1.0,1
6977,30.05.2024 10:22:04.430000,687.771,631.906,6.45934,5.355,5.284,44.5857,4.52739,4.21151,19.1005,6.99211,506.66,509.78,24.249,16.8062,23.6671,6.18025,5.06306,-2.85012,-2.85012,1.0,1.0,1
6978,30.05.2024 10:22:04.440000,680.273,679.614,6.48643,5.272,5.313,45.7317,4.54881,4.19472,19.1005,6.99211,506.66,509.78,24.249,16.8062,23.6671,6.18025,5.06321,-3.42882,-3.42882,1.0,1.0,1
6979,30.05.2024 10:22:04.450000,680.273,679.614,6.48643,5.272,5.313,45.7317,4.56846,4.19408,22.3403,6.21839,506.745,510.055,24.0554,15.0866,23.6322,6.23498,5.06321,-3.42882,-3.42882,1.0,1.0,1
6980,30.05.2024 10:22:04.460000,680.273,679.614,6.48643,5.272,5.313,45.7317,4.56846,4.19408,22.3403,6.21839,506.745,510.055,24.0554,15.0866,23.6322,6.23498,5.06321,-3.42882,-3.42882,1.0,1.0,1
6981,30.05.2024 10:22:04.470000,691.479,687.771,6.49689,5.287,5.317,46.8015,4.59872,4.20314,25.9725,10.9827,507.08,510.5,22.5853,13.2407,24.0314,6.45895,5.0634,-8.06569,-8.06569,1.0,1.0,1
6982,30.05.2024 10:22:04.480000,694.363,666.925,6.45476,5.35,5.283,47.9717,4.68104,4.24179,27.0435,12.2313,507.565,510.855,21.7963,13.1963,24.1721,6.34283,5.06402,-8.06569,-8.06569,1.0,1.0,1
6983,30.05.2024 10:22:04.490000,688.019,666.925,6.47418,5.35,5.229,49.0292,4.67861,4.26652,27.0435,12.2313,507.565,510.855,21.7963,13.1963,24.1721,6.34283,5.06402,-8.63715,-8.63715,1.0,1.0,1
6984,30.05.2024 10:22:04.500000,688.019,666.925,6.47418,5.35,5.229,50.1647,4.59113,4.32464,27.9366,13.2834,507.95,511.085,21.6351,12.8648,24.2887,5.63584,5.06402,-8.63715,-8.63715,1.0,1.0,1
6985,30.05.2024 10:22:04.510000,691.397,686.7,6.50327,5.255,5.184,50.1647,4.51796,4.36346,21.0647,18.2283,508.165,511.4,21.2803,11.6223,24.401,4.21106,5.06448,-10.8652,-10.8652,1.0,1.0,1
6986,30.05.2024 10:22:04.520000,688.183,681.344,6.52342,5.213,5.166,51.2985,4.44355,4.39576,21.0647,18.2283,508.165,511.4,21.2803,11.6223,24.401,4.21106,5.06493,-10.8507,-10.8507,1.0,1.0,1
6987,30.05.2024 10:22:04.530000,688.183,681.344,6.52342,5.213,5.166,51.2985,4.38194,4.41117,16.0428,28.2752,508.39,511.715,19.8589,11.191,23.1481,3.02306,5.06493,-10.8507,-10.8507,1.0,1.0,1
6988,30.05.2024 10:22:04.540000,698.565,687.524,6.48946,5.357,5.242,52.4564,4.27837,4.40253,16.0428,28.2752,508.39,511.715,19.8589,11.191,23.1481,3.02306,5.06586,-10.8507,-10.8507,1.0,1.0,1
6989,30.05.2024 10:22:04.550000,678.955,689.502,6.4546,5.368,5.271,53.6069,4.25846,4.37591,11.6078,22.5827,508.615,511.87,17.9523,10.7682,20.9518,2.26659,5.06659,-21.875,-21.875,1.0,1.0,1
6990,30.05.2024 10:22:04.560000,678.955,689.502,6.4546,5.368,5.271,53.6069,4.23982,4.33858,7.2652,16.7571,508.81,512.01,15.5293,9.51311,19.2033,1.72594,5.06659,-21.875,-21.875,1.0,1.0,1
6991,30.05.2024 10:22:04.570000,678.955,689.502,6.4546,5.368,5.271,53.6069,4.23982,4.33858,7.2652,16.7571,508.81,512.01,15.5293,9.51311,19.2033,1.72594,5.06659,-21.875,-21.875,1.0,1.0,1
6992,30.05.2024 10:22:04.580000,669.067,682.004,6.4153,5.331,5.425,54.7142,4.24261,4.29958,9.08485,12.9458,509.27,512.285,12.5606,8.37304,17.253,1.21996,5.06704,-23.6907,-23.6907,1.0,1.0,1
6993,30.05.2024 10:22:04.590000,669.067,682.004,6.4153,5.331,5.425,54.7142,4.24261,4.29958,9.08485,12.9458,509.27,512.285,12.5606,8.37304,17.253,1.21996,5.06704,-23.6907,-23.6907,1.0,1.0,1
6994,30.05.2024 10:22:04.600000,656.708,676.895,6.3799,5.415,5.428,55.8492,4.30408,4.13279,12.3319,7.86888,509.8,512.53,10.9326,7.96946,15.1564,0.970113,5.06756,-23.6907,-23.6907,1.0,1.0,1
6995,30.05.2024 10:22:04.610000,629.681,595.733,6.35512,5.621,5.538,56.9303,4.36982,4.05327,12.2271,-1.07397,510.105,512.735,10.306,8.10526,14.0788,0.915144,5.06824,-24.3056,-24.3056,1.0,1.0,1
6996,30.05.2024 10:22:04.620000,629.681,595.733,6.30067,5.621,5.538,58.0655,4.41972,4.02617,12.2271,-1.07397,510.105,512.735,10.306,8.10526,14.0788,0.915144,5.06824,-21.4265,-21.4265,1.0,1.0,1
6997,30.05.2024 10:22:04.630000,626.056,599.606,6.26534,5.563,5.569,59.2285,4.45078,4.02955,15.4358,-3.64935,510.53,512.915,9.21855,7.83635,12.6045,0.74085,5.06865,-21.224,-21.224,1.0,1.0,1
6998,30.05.2024 10:22:04.640000,626.056,599.606,6.26534,5.563,5.569,59.2285,4.483,4.02957,17.6313,1.61101,511.015,513.055,9.05266,8.27163,11.3654,0.582899,5.06865,-21.224,-21.224,1.0,1.0,1
6999,30.05.2024 10:22:04.650000,627.786,623.337,6.24221,5.544,5.571,60.4149,4.50109,4.03141,17.6313,1.61101,511.015,513.055,9.05266,8.27163,11.3654,0.582899,5.06941,-18.2653,-18.2653,1.0,1.0,1
7000,30.05.2024 10:22:04.660000,627.786,623.337,6.24221,5.544,5.571,60.4149,4.50109,4.03141,17.6313,1.61101,511.015,513.055,9.05266,8.27163,11.3654,0.582899,5.06941,-18.2653,-18.2653,1.0,1.0,1
7001,30.05.2024 10:22:04.670000,636.108,615.921,6.24221,5.621,5.545,61.653,4.50942,4.0872,20.7417,1.78802,511.24,513.19,9.59152,8.54973,11.4214,0.56949,5.06995,-17.8385,-17.8385,1.0,1.0,1
7002,30.05.2024 10:22:04.680000,636.108,615.921,6.24221,5.621,5.545,61.653,4.50942,4.0872,20.7417,1.78802,511.24,513.19,9.59152,8.54973,11.4214,0.56949,5.06995,-17.8385,-17.8385,1.0,1.0,1
7003,30.05.2024 10:22:04.690000,663.464,612.79,6.20474,5.641,5.495,62.8172,4.46614,4.1377,20.5175,2.21882,511.405,513.27,9.28737,8.62823,11.2517,0.478445,5.07068,-14.7642,-14.7642,1.0,1.0,1
7004,30.05.2024 10:22:04.700000,663.464,612.79,6.20474,5.641,5.495,62.8172,4.46614,4.1377,20.5175,2.21882,511.405,513.27,9.28737,8.62823,11.2517,0.478445,5.07068,-14.7642,-14.7642,1.0,1.0,1
7005,30.05.2024 10:22:04.710000,653.741,635.284,6.17858,5.589,5.593,63.9855,4.35385,4.24522,19.4291,10.4708,511.75,513.28,8.42068,8.79966,10.811,0.455503,5.07144,-11.3354,-11.3354,1.0,1.0,1
7006,30.05.2024 10:22:04.720000,653.741,635.284,6.17858,5.589,5.593,63.9855,4.35385,4.24522,19.4291,10.4708,511.75,513.28,8.42068,8.79966,10.811,0.455503,5.07144,-11.3354,-11.3354,1.0,1.0,1
7007,30.05.2024 10:22:04.730000,642.782,653.494,6.10729,5.593,5.581,65.1069,4.3069,4.27199,14.7523,15.1631,512.185,513.4,8.22689,7.87072,10.9552,0.449293,5.0728,-9.38223,-9.38223,1.0,1.0,1
7008,30.05.2024 10:22:04.740000,586.587,630.588,6.06824,5.682,5.441,67.461,4.28963,4.26222,12.6651,18.7349,512.405,513.505,8.3727,7.71662,10.7513,0.449987,5.07337,-8.20313,-8.20313,1.0,1.0,1
7009,30.05.2024 10:22:04.750000,586.587,630.588,6.11035,5.682,5.441,67.461,4.29687,4.24462,12.8342,21.1753,512.585,513.545,8.48347,7.69732,10.8638,0.499887,5.07337,-8.17419,-8.17419,1.0,1.0,1
7010,30.05.2024 10:22:04.760000,566.235,636.685,6.09831,5.596,5.396,68.4691,4.29853,4.22582,12.8342,21.1753,512.585,513.545,8.48347,7.69732,10.8638,0.499887,5.07391,-8.17419,-8.17419,1.0,1.0,1
7011,30.05.2024 10:22:04.770000,566.235,636.685,6.09831,5.596,5.396,68.4691,4.3012,4.21514,12.454,17.3438,512.75,513.645,8.64922,7.67759,10.9833,0.579912,5.07391,-8.17419,-8.17419,1.0,1.0,1
7012,30.05.2024 10:22:04.780000,558.902,616.662,6.01698,5.556,5.426,69.6632,4.30878,4.20724,12.454,17.3438,512.75,513.645,8.64922,7.67759,10.9833,0.579912,5.07447,-7.73293,-7.73293,1.0,1.0,1
7013,30.05.2024 10:22:04.790000,566.07,607.763,5.95129,5.589,5.385,70.7302,4.31096,4.17847,12.8223,12.6696,512.95,513.715,8.67297,7.8646,11.0281,0.578176,5.07532,-4.01475,-4.01475,1.0,1.0,1
7014,30.05.2024 10:22:04.800000,566.07,607.763,5.95129,5.589,5.385,70.7302,4.31169,4.15489,12.3585,10.8414,513.175,513.73,9.11069,8.37599,11.2224,0.677286,5.07532,-4.01475,-4.01475,1.0,1.0,1
7015,30.05.2024 10:22:04.810000,566.07,607.763,5.95129,5.589,5.385,70.7302,4.31169,4.15489,12.3585,10.8414,513.175,513.73,9.11069,8.37599,11.2224,0.677286,5.07532,-4.01475,-4.01475,1.0,1.0,1
7016,30.05.2024 10:22:04.820000,561.291,615.344,5.90406,5.601,5.448,71.7233,4.30706,4.13045,13.4117,5.94737,513.305,513.775,9.84631,8.3059,11.2499,0.713983,5.0762,-4.01475,-4.01475,1.0,1.0,1
7017,30.05.2024 10:22:04.830000,561.291,615.344,5.90406,5.601,5.448,71.7233,4.30706,4.13045,13.4117,5.94737,513.305,513.775,9.84631,8.3059,11.2499,0.713983,5.0762,-4.01475,-4.01475,1.0,1.0,1
7018,30.05.2024 10:22:04.840000,563.269,612.625,5.82434,5.567,5.488,72.7445,4.2861,4.08648,14.6785,6.0155,513.39,513.825,10.3239,8.11101,11.2714,0.63936,5.07667,-4.98409,-4.98409,1.0,1.0,1
7019,30.05.2024 10:22:04.850000,563.269,612.625,5.82434,5.567,5.488,72.7445,4.2861,4.08648,14.6785,6.0155,513.39,513.825,10.3239,8.11101,11.2714,0.63936,5.07667,-4.98409,-4.98409,1.0,1.0,1
7020,30.05.2024 10:22:04.860000,564.67,612.543,5.72527,5.642,5.508,73.7373,4.29729,4.04958,15.9538,8.96632,513.55,513.88,10.3674,8.42368,11.3984,0.581243,5.07767,-3.51562,-3.51562,1.0,1.0,1
7021,30.05.2024 10:22:04.870000,564.67,612.543,5.72527,5.642,5.508,73.7373,4.29729,4.04958,15.9538,8.96632,513.55,513.88,10.3674,8.42368,11.3984,0.581243,5.07767,-3.51562,-3.51562,1.0,1.0,1
7022,30.05.2024 10:22:04.880000,576.205,620.453,5.55803,5.646,5.474,75.6514,4.31673,4.05308,15.3403,4.10726,513.695,513.95,10.491,8.39047,11.2587,0.626051,5.07842,0.101268,0.101268,1.0,1.0,1
7023,30.05.2024 10:22:04.890000,576.205,620.453,5.55803,5.646,5.474,75.6514,4.31673,4.05308,15.3403,4.10726,513.695,513.95,10.491,8.39047,11.2587,0.626051,5.07842,0.101268,0.101268,1.0,1.0,1
7024,30.05.2024 10:22:04.900000,575.793,621.606,5.48721,5.579,5.392,76.4565,4.3224,4.06418,14.9489,3.2213,513.815,514.045,10.5817,8.41893,10.9323,0.786161,5.07912,2.6765,2.6765,1.0,1.0,1
7025,30.05.2024 10:22:04.910000,575.793,621.606,5.48721,5.579,5.392,76.4565,4.3224,4.06418,14.9489,3.2213,513.815,514.045,10.5817,8.41893,10.9323,0.786161,5.07912,2.6765,2.6765,1.0,1.0,1
7026,30.05.2024 10:22:04.920000,577.029,620.947,5.42714,5.542,5.341,77.3611,4.28317,4.07427,14.3376,8.04545,514.105,514.15,10.2272,9.7021,10.2551,0.76346,5.07973,4.30411,4.30411,1.0,1.0,1
7027,30.05.2024 10:22:04.930000,574.475,592.685,5.34833,5.686,5.152,78.2643,4.24743,4.09091,12.6277,5.76804,514.14,514.195,10.0783,9.61387,9.3414,0.835355,5.08092,4.30411,4.30411,1.0,1.0,1
7028,30.05.2024 10:22:04.940000,574.475,592.685,5.34833,5.686,5.152,78.2643,4.24743,4.09091,12.6277,5.76804,514.14,514.195,10.0783,9.61387,9.3414,0.835355,5.08092,4.30411,4.30411,1.0,1.0,1
7029,30.05.2024 10:22:04.950000,574.475,592.685,5.2504,5.686,5.152,79.1523,4.21257,4.08982,12.8861,8.28131,514.135,514.265,9.01755,9.52459,9.09906,0.838693,5.08092,6.51765,6.51765,1.0,1.0,1
7030,30.05.2024 10:22:04.960000,574.475,592.685,5.2504,5.686,5.152,79.1523,4.21257,4.08982,12.8861,8.28131,514.135,514.265,9.01755,9.52459,9.09906,0.838693,5.08092,6.51765,6.51765,1.0,1.0,1
7031,30.05.2024 10:22:04.970000,567.718,611.636,5.17847,5.594,5.133,79.9786,4.19571,4.08454,10.9801,11.3985,514.26,514.29,7.53261,9.72261,8.84097,0.784441,5.08216,6.34404,6.34404,1.0,1.0,1
7032,30.05.2024 10:22:04.980000,567.718,611.636,5.17847,5.594,5.133,79.9786,4.19571,4.08454,10.9801,11.3985,514.26,514.29,7.53261,9.72261,8.84097,0.784441,5.08216,6.34404,6.34404,1.0,1.0,1
7033,30.05.2024 10:22:04.990000,572.58,602.572,5.08654,5.643,4.987,81.497,4.18608,4.07111,12.9026,6.08173,514.46,514.405,6.09864,9.35793,8.52027,0.810514,5.08263,7.60995,7.60995,1.0,1.0,1
7034,30.05.2024 10:22:05.000000,571.591,561.456,4.96071,5.729,4.958,82.2497,4.19962,4.06497,10.5789,6.59237,514.73,514.59,5.35972,9.51858,8.34911,0.69108,5.08315,6.7419,6.7419,1.0,1.0,1
7035,30.05.2024 10:22:05.010000,571.591,561.456,4.96071,5.729,4.958,82.2497,4.19962,4.06497,10.5789,6.59237,514.73,514.59,5.35972,9.51858,8.34911,0.69108,5.08315,6.7419,6.7419,1.0,1.0,1
7036,30.05.2024 10:22:05.020000,572.827,547.366,4.96071,5.681,4.88,82.2497,4.22673,4.05005,13.2474,10.0407,514.95,514.755,5.65794,10.5082,8.11731,0.556547,5.08366,5.25896,5.25896,1.0,1.0,1
7037,30.05.2024 10:22:05.030000,571.014,547.366,4.84772,5.67,4.828,83.6497,4.23532,4.04631,15.5199,7.83167,515.055,514.865,6.10865,11.4241,7.82941,0.529268,5.0838,5.38918,5.38918,1.0,1.0,1
7038,30.05.2024 10:22:05.040000,571.014,547.366,4.84772,5.67,4.828,83.6497,4.24234,4.04851,14.2129,8.75993,515.065,514.91,6.12514,12.1169,7.65258,0.500883,5.0838,5.38918,5.38918,1.0,1.0,1
7039,30.05.2024 10:22:05.050000,571.344,508.722,4.80278,5.743,4.789,84.3028,4.24243,4.0504,14.2129,8.75993,515.065,514.91,6.12514,12.1169,7.65258,0.500883,5.08383,5.50492,5.50492,1.0,1.0,1
7040,30.05.2024 10:22:05.060000,571.344,508.722,4.80278,5.743,4.789,84.8369,4.23874,4.05065,15.6038,8.50341,515.085,514.98,5.40681,12.1411,7.62911,0.518304,5.08383,5.50492,5.50492,1.0,1.0,1
7041,30.05.2024 10:22:05.070000,571.344,508.722,4.80278,5.743,4.789,84.8369,4.23874,4.05065,15.6038,8.50341,515.085,514.98,5.40681,12.1411,7.62911,0.518304,5.08383,5.50492,5.50492,1.0,1.0,1
7042,30.05.2024 10:22:05.080000,567.471,481.201,4.75731,5.756,4.774,84.8369,4.23353,4.05011,13.2687,7.50446,515.12,515.055,4.53809,12.0832,7.6223,0.450761,5.08352,7.7908,7.7908,1.0,1.0,1
7043,30.05.2024 10:22:05.090000,567.471,481.201,4.75731,5.756,4.774,84.8369,4.23353,4.05011,13.2687,7.50446,515.12,515.055,4.53809,12.0832,7.6223,0.450761,5.08352,7.7908,7.7908,1.0,1.0,1
7044,30.05.2024 10:22:05.100000,568.295,473.456,4.73409,5.683,4.695,85.2959,4.22673,4.06045,13.2507,5.92616,515.26,515.15,3.64761,11.9314,7.53532,0.450727,5.0822,8.4997,8.4997,1.0,1.0,1
7045,30.05.2024 10:22:05.110000,568.295,473.456,4.73409,5.683,4.695,85.2959,4.22673,4.06045,13.2507,5.92616,515.26,515.15,3.64761,11.9314,7.53532,0.450727,5.0822,8.4997,8.4997,1.0,1.0,1
7046,30.05.2024 10:22:05.120000,567.554,450.879,4.72746,5.709,4.681,86.1783,4.23109,4.08865,14.409,9.8842,515.39,515.325,3.33178,11.4371,7.4581,0.561372,5.08146,8.00058,8.00058,1.0,1.0,1
7047,30.05.2024 10:22:05.130000,570.437,414.953,4.72558,5.741,4.691,86.5532,4.24932,4.10917,16.4023,13.7361,515.49,515.58,3.5772,11.1926,7.36198,0.555086,5.08094,9.50521,9.50521,1.0,1.0,1
7048,30.05.2024 10:22:05.140000,570.437,414.953,4.72558,5.741,4.691,86.9034,4.27557,4.1565,17.5941,13.4412,515.61,515.785,3.71188,11.8083,7.43225,0.635584,5.08094,9.50521,9.50521,1.0,1.0,1
7049,30.05.2024 10:22:05.150000,559.643,406.879,4.71357,5.676,4.707,86.9034,4.29759,4.18048,20.4406,18.1228,515.745,515.915,4.29245,12.4441,7.38696,0.707918,5.07999,9.50521,9.50521,1.0,1.0,1
7050,30.05.2024 10:22:05.160000,559.643,406.879,4.71357,5.676,4.707,86.9034,4.29759,4.18048,20.4406,18.1228,515.745,515.915,4.29245,12.4441,7.38696,0.707918,5.07999,9.50521,9.50521,1.0,1.0,1
7051,30.05.2024 10:22:05.170000,581.232,436.624,4.70831,5.598,4.759,87.2459,4.32708,4.18874,20.4406,18.1228,515.745,515.915,4.29245,12.4441,7.38696,0.707918,5.07934,9.51967,9.51967,1.0,1.0,1
7052,30.05.2024 10:22:05.180000,575.381,425.006,4.75515,5.598,4.751,87.5366,4.34489,4.20213,21.4072,25.5566,515.79,515.975,5.3647,12.2012,7.44942,0.642076,5.07826,11.8634,11.8634,1.0,1.0,1
7053,30.05.2024 10:22:05.190000,562.445,417.343,4.79497,5.601,4.759,87.7965,4.3263,4.20765,23.744,19.3758,515.785,516.0,6.00123,11.4244,7.85613,0.701097,5.07702,11.8634,11.8634,1.0,1.0,1
7054,30.05.2024 10:22:05.200000,562.445,417.343,4.79497,5.601,4.759,87.7965,4.30684,4.20679,18.7194,21.121,515.74,516.135,6.10766,10.1268,8.68489,0.741422,5.07702,11.8634,11.8634,1.0,1.0,1
7055,30.05.2024 10:22:05.210000,573.074,425.665,4.8308,5.504,4.82,87.928,4.27512,4.21017,18.7194,21.121,515.74,516.135,6.10766,10.1268,8.68489,0.741422,5.07616,13.6719,13.6719,1.0,1.0,1
7056,30.05.2024 10:22:05.220000,573.074,425.665,4.8308,5.504,4.82,88.0435,4.22666,4.22772,18.3348,25.6438,515.725,516.345,5.60617,8.95337,9.19565,0.994722,5.07616,13.6719,13.6719,1.0,1.0,1
7057,30.05.2024 10:22:05.230000,570.437,449.148,4.85513,5.435,4.85,88.0435,4.22196,4.20998,16.8294,25.0676,515.805,516.58,5.08038,8.59149,9.27953,1.28749,5.07519,12.6374,12.6374,1.0,1.0,1
7058,30.05.2024 10:22:05.240000,573.486,456.647,4.91427,5.454,4.877,88.1807,4.22498,4.19562,16.8294,25.0676,515.805,516.58,5.08038,8.59149,9.27953,1.28749,5.07436,11.5017,11.5017,1.0,1.0,1
7059,30.05.2024 10:22:05.250000,573.486,456.647,4.91427,5.454,4.877,88.1807,4.2295,4.19833,14.4659,16.7835,515.93,516.81,4.94058,8.63054,9.69307,1.46877,5.07436,11.5017,11.5017,1.0,1.0,1
7060,30.05.2024 10:22:05.260000,574.475,443.381,4.96621,5.407,4.946,88.3435,4.27439,4.18734,14.4659,16.7835,515.93,516.81,4.94058,8.63054,9.69307,1.46877,5.07327,11.4945,11.4945,1.0,1.0,1
7061,30.05.2024 10:22:05.270000,576.864,452.527,5.00375,5.325,4.936,88.439,4.30246,4.16964,18.1323,18.9387,516.03,517.045,5.40776,8.87914,9.94235,1.5508,5.07239,12.2034,12.2034,1.0,1.0,1
7062,30.05.2024 10:22:05.280000,576.864,452.527,5.00375,5.325,4.936,88.439,4.33798,4.15694,20.5734,23.1278,516.035,517.17,5.89557,9.22787,8.8103,1.70863,5.07239,12.2034,12.2034,1.0,1.0,1
7063,30.05.2024 10:22:05.290000,567.306,475.268,5.05654,5.258,4.982,88.5377,4.36561,4.14516,20.5734,23.1278,516.035,517.17,5.89557,9.22787,8.8103,1.70863,5.07169,12.5506,12.5506,1.0,1.0,1
7064,30.05.2024 10:22:05.300000,567.306,475.268,5.05654,5.258,4.982,88.5377,4.36561,4.14516,20.5734,23.1278,516.035,517.17,5.89557,9.22787,8.8103,1.70863,5.07169,12.5506,12.5506,1.0,1.0,1
7065,30.05.2024 10:22:05.310000,576.123,494.714,5.05654,5.241,5.049,88.6423,4.39177,4.14147,26.0583,16.1435,515.99,517.235,6.09709,9.19802,8.15092,1.74359,5.07095,13.5778,13.5778,1.0,1.0,1
7066,30.05.2024 10:22:05.320000,566.153,481.531,5.14707,5.242,5.071,88.7175,4.3781,4.14054,24.6685,14.3421,516.005,517.29,5.7373,8.6146,8.19107,1.75189,5.0704,15.7263,15.7263,1.0,1.0,1
7067,30.05.2024 10:22:05.330000,566.153,481.531,5.14707,5.242,5.071,88.7175,4.35531,4.13974,24.0847,21.4896,516.015,517.445,5.37173,7.95383,7.661,1.74282,5.0704,15.7263,15.7263,1.0,1.0,1
7068,30.05.2024 10:22:05.340000,522.565,498.752,5.17405,5.134,5.119,88.7911,4.2816,4.12034,24.0847,21.4896,516.015,517.445,5.37173,7.95383,7.661,1.74282,5.06997,17.636,17.636,1.0,1.0,1
7069,30.05.2024 10:22:05.350000,500.894,500.976,5.22219,5.129,5.167,88.7376,4.23862,4.09241,21.1073,16.219,516.055,517.66,4.98348,7.54095,7.36735,1.75827,5.06951,16.8837,16.8837,1.0,1.0,1
7070,30.05.2024 10:22:05.360000,500.894,500.976,5.22219,5.129,5.167,88.7376,4.18871,4.07839,14.5162,9.87618,516.19,517.765,4.75699,8.04762,7.46377,1.71116,5.06951,16.8837,16.8837,1.0,1.0,1
7071,30.05.2024 10:22:05.370000,500.894,500.976,5.22219,5.129,5.167,88.7376,4.18871,4.07839,14.5162,9.87618,516.19,517.765,4.75699,8.04762,7.46377,1.71116,5.06951,16.8837,16.8837,1.0,1.0,1
7072,30.05.2024 10:22:05.380000,467.193,449.643,5.24198,5.232,5.175,88.7639,4.14925,4.07395,13.7646,16.2381,516.245,517.815,5.06161,8.0705,7.13634,1.71344,5.0696,16.7896,16.7896,1.0,1.0,1
7073,30.05.2024 10:22:05.390000,467.193,449.643,5.24198,5.232,5.175,88.7639,4.14925,4.07395,13.7646,16.2381,516.245,517.815,5.06161,8.0705,7.13634,1.71344,5.0696,16.7896,16.7896,1.0,1.0,1
7074,30.05.2024 10:22:05.400000,464.062,408.115,5.26903,5.293,5.164,88.8607,4.12228,4.0511,12.0727,12.8781,516.185,517.85,5.28645,7.17724,6.95373,1.69249,5.06911,16.7896,16.7896,1.0,1.0,1
7075,30.05.2024 10:22:05.410000,464.062,408.115,5.26903,5.293,5.164,88.8607,4.12228,4.0511,12.0727,12.8781,516.185,517.85,5.28645,7.17724,6.95373,1.69249,5.06911,16.7896,16.7896,1.0,1.0,1
7076,30.05.2024 10:22:05.420000,433.081,374.084,5.31045,5.189,5.189,88.917,4.15823,4.02505,13.1761,8.72917,516.175,517.98,4.69323,6.61089,6.81695,1.77215,5.06953,15.068,15.068,1.0,1.0,1
7077,30.05.2024 10:22:05.430000,433.081,374.084,5.31045,5.189,5.189,88.917,4.15823,4.02505,13.1761,8.72917,516.175,517.98,4.69323,6.61089,6.81695,1.77215,5.06953,15.068,15.068,1.0,1.0,1
7078,30.05.2024 10:22:05.440000,410.257,360.242,5.33522,5.213,5.188,88.9965,4.19707,3.99803,15.1523,5.24375,516.185,518.06,4.03328,6.17551,6.5777,1.90407,5.06951,15.7046,15.7046,1.0,1.0,1
7079,30.05.2024 10:22:05.450000,377.463,314.181,5.33912,5.313,5.244,88.9812,4.20244,3.99741,17.4154,9.10544,516.245,518.165,3.51859,5.69428,6.50946,1.85987,5.06978,16.4641,16.4641,1.0,1.0,1
7080,30.05.2024 10:22:05.460000,377.463,314.181,5.33912,5.313,5.244,89.0933,4.19644,4.00017,18.4497,9.37719,516.35,518.255,3.26347,5.63079,6.25991,1.85301,5.06978,16.4641,16.4641,1.0,1.0,1
7081,30.05.2024 10:22:05.470000,363.949,278.668,5.33622,5.315,5.218,89.0933,4.18907,4.00627,16.3519,7.27854,516.43,518.335,3.60845,5.53603,6.07799,1.79246,5.06986,15.0318,15.0318,1.0,1.0,1
7082,30.05.2024 10:22:05.480000,331.567,253.867,5.32948,5.241,5.272,89.0889,4.17857,4.01797,16.3519,7.27854,516.43,518.335,3.60845,5.53603,6.07799,1.79246,5.07025,15.0318,15.0318,1.0,1.0,1
7083,30.05.2024 10:22:05.490000,331.567,253.867,5.32948,5.241,5.272,89.0889,4.16644,4.02814,15.6291,10.0848,516.45,518.475,3.88592,5.37896,5.96447,1.83645,5.07025,15.0318,15.0318,1.0,1.0,1
7084,30.05.2024 10:22:05.500000,302.975,231.29,5.32273,5.275,5.254,89.0504,4.1552,4.02863,15.6291,10.0848,516.45,518.475,3.88592,5.37896,5.96447,1.83645,5.0706,13.0498,13.0498,1.0,1.0,1
7085,30.05.2024 10:22:05.510000,294.653,192.398,5.31031,5.306,5.222,89.1436,4.15591,4.027,13.5187,13.7585,516.47,518.535,3.80371,5.97712,5.67567,1.89474,5.07127,14.3519,14.3519,1.0,1.0,1
7086,30.05.2024 10:22:05.520000,294.653,192.398,5.31031,5.306,5.222,89.1436,4.1597,4.0295,13.5699,9.78983,516.55,518.555,3.89971,6.02633,5.58589,1.81996,5.07127,14.3519,14.3519,1.0,1.0,1
7087,30.05.2024 10:22:05.530000,290.863,159.357,5.30143,5.278,5.184,89.1881,4.16874,4.03083,13.5699,9.78983,516.55,518.555,3.89971,6.02633,5.58589,1.81996,5.07214,14.3519,14.3519,1.0,1.0,1
7088,30.05.2024 10:22:05.540000,290.863,159.357,5.30143,5.278,5.184,89.1665,4.18749,4.03125,14.5403,10.917,516.56,518.615,4.11994,6.00646,5.45916,1.653,5.07214,14.3519,14.3519,1.0,1.0,1
7089,30.05.2024 10:22:05.550000,285.672,164.63,5.27558,5.205,5.176,89.1665,4.1872,4.03234,15.3676,11.5674,516.575,518.655,4.26019,6.48962,4.93235,1.56858,5.07272,14.3519,14.3519,1.0,1.0,1
7090,30.05.2024 10:22:05.560000,285.672,164.63,5.27558,5.205,5.176,89.1665,4.1872,4.03234,15.3676,11.5674,516.575,518.655,4.26019,6.48962,4.93235,1.56858,5.07272,14.3519,14.3519,1.0,1.0,1
7091,30.05.2024 10:22:05.570000,276.855,174.683,5.24143,5.174,5.174,89.1167,4.18559,4.0299,15.3676,11.5674,516.575,518.655,4.26019,6.48962,4.93235,1.56858,5.0734,17.2671,17.2671,1.0,1.0,1
7092,30.05.2024 10:22:05.580000,276.855,174.683,5.24143,5.174,5.174,89.1167,4.18559,4.0299,15.3676,11.5674,516.575,518.655,4.26019,6.48962,4.93235,1.56858,5.0734,17.2671,17.2671,1.0,1.0,1
7093,30.05.2024 10:22:05.590000,264.743,157.462,5.22726,5.181,5.143,89.1047,4.16419,4.00856,14.8933,10.0839,516.62,518.615,4.22249,6.45943,4.71141,1.49546,5.07404,17.2743,17.2743,1.0,1.0,1
7094,30.05.2024 10:22:05.600000,264.743,157.462,5.22726,5.181,5.143,89.1047,4.16419,4.00856,14.8933,10.0839,516.62,518.615,4.22249,6.45943,4.71141,1.49546,5.07404,17.2743,17.2743,1.0,1.0,1
7095,30.05.2024 10:22:05.610000,257.41,109.506,5.19824,5.168,5.122,89.1459,4.1495,3.9964,16.9922,9.73401,516.625,518.705,4.32724,5.64161,4.47769,1.3217,5.07515,18.967,18.967,1.0,1.0,1
7096,30.05.2024 10:22:05.620000,257.41,109.506,5.19824,5.168,5.122,89.1459,4.1495,3.9964,16.9922,9.73401,516.625,518.705,4.32724,5.64161,4.47769,1.3217,5.07515,18.967,18.967,1.0,1.0,1
7097,30.05.2024 10:22:05.630000,237.305,122.113,5.15591,5.092,5.066,89.1613,4.13709,3.98358,15.2939,9.94207,516.73,518.71,4.17127,5.68282,4.56832,1.31404,5.07602,17.6432,17.6432,1.0,1.0,1
7098,30.05.2024 10:22:05.640000,233.02,115.356,5.0882,5.084,5.075,89.1281,4.12364,3.98082,15.2654,9.46666,516.81,518.775,4.50396,5.48314,4.59707,1.32001,5.07685,17.759,17.759,1.0,1.0,1
7099,30.05.2024 10:22:05.650000,233.02,115.356,5.0882,5.084,5.075,89.1281,4.12364,3.98082,15.2654,9.46666,516.81,518.775,4.50396,5.48314,4.59707,1.32001,5.07685,17.759,17.759,1.0,1.0,1
7100,30.05.2024 10:22:05.660000,214.316,103.491,5.0882,5.11,5.054,89.1281,4.11858,3.97778,12.3883,7.31526,516.775,518.89,4.96853,5.55872,4.71798,1.27865,5.07734,18.4823,18.4823,0.0,1.0,1
7101,30.05.2024 10:22:05.670000,205.417,88.33,5.0223,5.125,5.055,89.0976,4.11073,3.97931,11.2757,7.49236,516.75,518.895,4.87674,6.2751,4.63329,1.26292,5.07783,18.4173,18.4173,0.0,1.0,1
7102,30.05.2024 10:22:05.680000,205.417,88.33,5.0223,5.125,5.055,89.0976,4.11259,3.98516,10.5679,10.4641,516.775,518.88,4.62084,6.53864,4.64103,1.33771,5.07783,18.4173,18.4173,0.0,1.0,1
7103,30.05.2024 10:22:05.690000,191.244,65.506,4.99843,5.115,5.016,89.0629,4.1212,3.99002,10.5679,10.4641,516.775,518.88,4.62084,6.53864,4.64103,1.33771,5.07819,18.8874,18.8874,0.0,1.0,1
7104,30.05.2024 10:22:05.700000,191.244,65.506,4.99843,5.115,5.016,89.0987,4.14037,3.99528,12.7154,9.96504,516.775,518.895,4.29355,6.14432,4.65536,1.35673,5.07819,18.8874,18.8874,0.0,1.0,1
7105,30.05.2024 10:22:05.710000,194.458,89.8132,4.99275,5.042,4.986,89.0987,4.14883,3.99536,15.1529,10.6875,516.805,518.965,4.06305,6.25623,4.62806,1.30798,5.07877,18.8874,18.8874,0.0,1.0,1
7106,30.05.2024 10:22:05.720000,196.188,94.5099,4.9786,5.0,4.938,89.1713,4.15499,3.99388,15.1529,10.6875,516.805,518.965,4.06305,6.25623,4.62806,1.30798,5.07924,17.9181,17.9181,0.0,1.0,1
7107,30.05.2024 10:22:05.730000,196.188,94.5099,4.9786,5.0,4.938,89.1713,4.15844,3.99191,15.8434,8.90238,516.9,519.02,3.91835,6.69484,4.60551,1.35411,5.07924,17.9181,17.9181,0.0,1.0,1
7108,30.05.2024 10:22:05.740000,208.548,94.0155,4.95724,4.996,4.922,89.1898,4.16241,3.99033,15.8434,8.90238,516.9,519.02,3.91835,6.69484,4.60551,1.35411,5.07955,17.2164,17.2164,0.0,1.0,1
7109,30.05.2024 10:22:05.750000,192.563,61.4685,4.94203,4.997,4.919,89.2164,4.16334,3.99038,16.6041,9.96977,516.965,519.055,4.19058,6.90656,4.56809,1.38052,5.07985,17.6577,17.6577,0.0,1.0,1
7110,30.05.2024 10:22:05.760000,192.563,61.4685,4.94203,4.997,4.919,89.2164,4.163,3.98834,15.9755,11.9585,517.005,519.165,4.58452,7.09853,4.56536,1.43238,5.07985,17.6577,17.6577,0.0,1.0,1
7111,30.05.2024 10:22:05.770000,181.357,64.9292,4.93275,4.972,4.946,89.2014,4.16225,3.9892,15.9755,11.9585,517.005,519.165,4.58452,7.09853,4.56536,1.43238,5.08024,16.8692,16.8692,0.0,1.0,1
7112,30.05.2024 10:22:05.780000,181.357,64.9292,4.93275,4.972,4.946,89.213,4.16446,3.99154,15.8454,9.47717,516.995,519.18,4.85837,7.85792,4.91724,1.43045,5.08024,16.8692,16.8692,0.0,1.0,1
7113,30.05.2024 10:22:05.790000,172.046,72.5921,4.93737,4.944,4.921,89.213,4.16596,3.98989,16.0057,8.27146,516.98,519.06,4.82001,8.20308,5.21066,1.52465,5.08036,16.8692,16.8692,0.0,1.0,1
7114,30.05.2024 10:22:05.800000,176.001,63.2812,4.93174,4.944,4.89,89.3289,4.16889,3.98763,16.0057,8.27146,516.98,519.06,4.82001,8.20308,5.21066,1.52465,5.08038,19.5312,19.5312,0.0,1.0,1
7115,30.05.2024 10:22:05.810000,176.001,63.2812,4.93174,4.944,4.89,89.3289,4.16766,3.98167,16.1258,11.5861,516.955,519.045,4.54811,7.44064,4.93596,1.55522,5.08038,19.5312,19.5312,0.0,1.0,1
7116,30.05.2024 10:22:05.820000,179.626,50.8392,4.93643,4.946,4.882,89.3117,4.16622,3.96969,16.1258,11.5861,516.955,519.045,4.54811,7.44064,4.93596,1.55522,5.08046,19.5312,19.5312,0.0,1.0,1
7117,30.05.2024 10:22:05.830000,165.536,41.8579,4.96136,4.946,4.913,89.3269,4.16414,3.96674,15.4067,9.05276,516.97,519.125,3.74233,6.7692,5.06543,1.58074,5.08051,19.6759,19.6759,0.0,1.0,1
7118,30.05.2024 10:22:05.840000,165.536,41.8579,4.96136,4.946,4.913,89.3269,4.16271,3.96539,15.0967,8.3403,517.12,519.15,3.37567,7.20173,5.08334,1.6508,5.08051,19.6759,19.6759,0.0,1.0,1
7119,30.05.2024 10:22:05.850000,165.536,41.8579,4.96136,4.946,4.913,89.3269,4.16271,3.96539,15.0967,8.3403,517.12,519.15,3.37567,7.20173,5.08334,1.6508,5.08051,19.6759,19.6759,0.0,1.0,1
7120,30.05.2024 10:22:05.860000,145.761,35.6781,4.95851,4.937,4.929,89.3379,4.16184,3.96592,17.3059,8.51524,517.16,519.145,3.73988,6.75058,4.75061,1.72087,5.08065,18.1207,18.1207,0.0,1.0,1
7121,30.05.2024 10:22:05.870000,145.761,35.6781,4.95851,4.937,4.929,89.3379,4.16184,3.96592,17.3059,8.51524,517.16,519.145,3.73988,6.75058,4.75061,1.72087,5.08065,18.1207,18.1207,0.0,1.0,1
7122,30.05.2024 10:22:05.880000,136.697,33.5358,4.9906,4.929,4.92,89.4083,4.15422,3.96218,15.615,7.59248,517.08,519.23,3.97432,6.02197,4.90437,1.6822,5.08029,16.833,16.833,0.0,1.0,1
7123,30.05.2024 10:22:05.890000,111.401,1.31836,4.99145,4.941,4.959,89.4275,4.13652,3.96053,16.2714,7.83239,517.11,519.3,3.46702,6.24002,4.86529,1.74164,5.07977,16.833,16.833,0.0,1.0,1
7124,30.05.2024 10:22:05.900000,111.401,1.31836,5.0254,4.941,4.959,89.3968,4.12572,3.95894,16.2714,7.83239,517.11,519.3,3.46702,6.24002,4.86529,1.74164,5.07977,17.0645,17.0645,0.0,1.0,1
7125,30.05.2024 10:22:05.910000,112.061,-17.4683,5.03277,4.953,4.977,89.4654,4.12605,3.95858,15.672,11.2742,517.155,519.315,3.17925,6.40599,4.62964,1.73444,5.0799,17.1079,17.1079,0.0,1.0,1
7126,30.05.2024 10:22:05.920000,112.061,-17.4683,5.03277,4.953,4.977,89.4654,4.12917,3.9599,15.5453,8.89081,517.185,519.365,3.10022,6.15348,4.75957,1.74938,5.0799,17.1079,17.1079,0.0,1.0,1
7127,30.05.2024 10:22:05.930000,107.364,-46.225,5.0615,4.974,4.99,89.4795,4.13722,3.96021,15.5453,8.89081,517.185,519.365,3.10022,6.15348,4.75957,1.74938,5.07976,17.1079,17.1079,0.0,1.0,1
7128,30.05.2024 10:22:05.940000,107.364,-46.225,5.0615,4.974,4.99,89.3889,4.15999,3.96184,14.2893,8.70801,517.265,519.395,3.21278,6.24681,4.87026,1.74783,5.07976,17.1079,17.1079,0.0,1.0,1
7129,30.05.2024 10:22:05.950000,104.068,-74.8169,5.07873,4.992,4.992,89.3889,4.17354,3.96124,14.5382,9.52738,517.285,519.43,3.56445,6.47929,4.78234,1.80849,5.07951,14.3519,14.3519,0.0,1.0,1
7130,30.05.2024 10:22:05.960000,90.9668,-105.963,5.10211,5.026,5.015,89.3493,4.18922,3.95978,14.5382,9.52738,517.285,519.43,3.56445,6.47929,4.78234,1.80849,5.07911,13.0136,13.0136,0.0,1.0,1
7131,30.05.2024 10:22:05.970000,90.9668,-105.963,5.10211,5.026,5.015,89.3493,4.20282,3.95908,16.0647,8.2734,517.255,519.445,3.71575,6.45027,4.97319,1.95139,5.07911,13.0136,13.0136,0.0,1.0,1
7132,30.05.2024 10:22:05.980000,62.6221,-114.038,5.11834,5.068,5.024,89.3407,4.22959,3.95688,16.0647,8.2734,517.255,519.445,3.71575,6.45027,4.97319,1.95139,5.0789,13.3102,13.3102,0.0,1.0,1
7133,30.05.2024 10:22:05.990000,46.3074,-131.342,5.13674,5.117,5.028,89.3291,4.23552,3.95689,17.1769,7.28497,517.225,519.465,3.81563,6.71021,4.84202,1.82237,5.07889,13.2885,13.2885,0.0,1.0,1
7134,30.05.2024 10:22:06.000000,46.3074,-131.342,5.13674,5.117,5.028,89.3291,4.23287,3.95944,18.7315,9.19761,517.22,519.47,3.34358,6.78176,4.58344,1.81019,5.07889,13.2885,13.2885,0.0,1.0,1
7135,30.05.2024 10:22:06.010000,15.7379,-145.349,5.15592,5.118,5.065,89.3471,4.22642,3.96381,18.7315,9.19761,517.22,519.47,3.34358,6.78176,4.58344,1.81019,5.07883,13.2885,13.2885,0.0,1.0,1
7136,30.05.2024 10:22:06.020000,15.7379,-145.349,5.15592,5.118,5.065,89.3471,4.22642,3.96381,18.7315,9.19761,517.22,519.47,3.34358,6.78176,4.58344,1.81019,5.07883,13.2885,13.2885,0.0,1.0,1
7137,30.05.2024 10:22:06.030000,8.81653,-158.203,5.15592,5.097,5.054,89.3027,4.19437,3.96623,17.3615,10.3106,517.275,519.47,2.93099,6.46624,4.37853,1.81114,5.07883,13.7153,13.7153,0.0,1.0,1
7138,30.05.2024 10:22:06.040000,8.81653,-158.203,5.15592,5.097,5.054,89.3027,4.19437,3.96623,17.3615,10.3106,517.275,519.47,2.93099,6.46624,4.37853,1.81114,5.07883,13.7153,13.7153,0.0,1.0,1
7139,30.05.2024 10:22:06.050000,-2.38953,-164.96,5.18893,5.107,5.053,89.3257,4.15135,3.96642,17.9017,10.5543,517.28,519.495,2.91833,6.36941,4.32225,1.82017,5.07896,14.8076,14.8076,0.0,1.0,1
7140,30.05.2024 10:22:06.060000,-2.38953,-164.96,5.18893,5.107,5.053,89.3257,4.15135,3.96642,17.9017,10.5543,517.28,519.495,2.91833,6.36941,4.32225,1.82017,5.07896,14.8076,14.8076,0.0,1.0,1
7141,30.05.2024 10:22:06.070000,-31.3934,-180.45,5.2118,5.121,5.084,89.325,4.11851,3.95252,15.8204,12.1226,517.31,519.49,2.75572,6.19488,4.11183,1.80449,5.0787,14.4676,14.4676,0.0,1.0,1
7142,30.05.2024 10:22:06.080000,-70.6146,-225.11,5.2261,5.145,5.106,89.3361,4.11258,3.93815,11.9255,9.0348,517.35,519.52,2.66456,5.5646,4.08241,1.79628,5.07864,14.5616,14.5616,0.0,1.0,1
7143,30.05.2024 10:22:06.090000,-77.7832,-225.11,5.2208,5.145,5.089,89.3731,4.10984,3.93043,11.9255,9.0348,517.35,519.52,2.66456,5.5646,4.08241,1.79628,5.07864,13.9468,13.9468,0.0,1.0,1
7144,30.05.2024 10:22:06.100000,-77.7832,-225.11,5.2208,5.145,5.089,89.3388,4.09925,3.92143,11.5066,8.04896,517.355,519.54,2.68917,5.57985,4.05689,1.79913,5.07864,13.9468,13.9468,0.0,1.0,1
7145,30.05.2024 10:22:06.110000,-108.765,-247.687,5.23505,5.14,5.137,89.3388,4.09056,3.91985,11.4913,7.12681,517.36,519.49,2.686,5.53402,3.93395,1.82655,5.07902,14.0191,14.0191,0.0,1.0,1
7146,30.05.2024 10:22:06.120000,-110.577,-268.78,5.23208,5.181,5.124,89.3372,4.08361,3.91687,11.4913,7.12681,517.36,519.49,2.686,5.53402,3.93395,1.82655,5.07902,15.2054,15.2054,0.0,1.0,1
7147,30.05.2024 10:22:06.130000,-110.577,-268.78,5.23208,5.181,5.124,89.3372,4.07929,3.91444,9.6627,6.78302,517.33,519.485,2.56534,5.04924,3.96718,1.93208,5.07902,15.2054,15.2054,0.0,1.0,1
7148,30.05.2024 10:22:06.140000,-116.098,-308.661,5.23123,5.194,5.179,89.3393,4.07664,3.91437,9.6627,6.78302,517.33,519.485,2.56534,5.04924,3.96718,1.93208,5.07946,17.5781,17.5781,0.0,1.0,1
7149,30.05.2024 10:22:06.150000,-122.278,-324.234,5.20351,5.211,5.169,89.3387,4.08169,3.9146,9.43689,4.25511,517.325,519.515,2.15391,4.59814,3.80021,1.96604,5.07987,17.5781,17.5781,0.0,1.0,1
7150,30.05.2024 10:22:06.160000,-122.278,-324.234,5.20351,5.211,5.169,89.3387,4.09263,3.91467,10.6638,7.06623,517.355,519.525,1.94943,4.63292,3.57235,1.98624,5.07987,17.5781,17.5781,0.0,1.0,1
7151,30.05.2024 10:22:06.170000,-126.892,-353.073,5.20739,5.237,5.177,89.3446,4.10417,3.91556,10.6638,7.06623,517.355,519.525,1.94943,4.63292,3.57235,1.98624,5.08038,17.5781,17.5781,0.0,1.0,1
7152,30.05.2024 10:22:06.180000,-126.892,-353.073,5.20739,5.237,5.177,89.4242,4.13208,3.9155,12.5609,7.79538,517.39,519.58,1.92192,4.73037,3.58222,1.91738,5.08038,17.5781,17.5781,0.0,1.0,1
7153,30.05.2024 10:22:06.190000,-131.012,-368.317,5.20291,5.225,5.155,89.4242,4.14343,3.91551,15.5125,7.43777,517.4,519.63,2.0015,4.97583,3.6165,1.90479,5.08117,16.399,16.399,0.0,1.0,1
7154,30.05.2024 10:22:06.200000,-127.881,-376.474,5.20302,5.211,5.152,89.3812,4.15154,3.91591,15.5125,7.43777,517.4,519.63,2.0015,4.97583,3.6165,1.90479,5.0814,16.5003,16.5003,0.0,1.0,1
7155,30.05.2024 10:22:06.210000,-127.881,-376.474,5.20302,5.211,5.152,89.3812,4.15657,3.91509,15.583,8.75359,517.415,519.645,2.01664,5.46344,3.58969,1.95422,5.0814,16.5003,16.5003,0.0,1.0,1
7156,30.05.2024 10:22:06.220000,-140.405,-375.65,5.17965,5.192,5.157,89.3496,4.15173,3.91806,15.583,8.75359,517.415,519.645,2.01664,5.46344,3.58969,1.95422,5.08176,16.5003,16.5003,0.0,1.0,1
7157,30.05.2024 10:22:06.230000,-144.443,-381.335,5.16613,5.189,5.133,89.4169,4.14782,3.91933,15.8355,10.8757,517.345,519.64,2.21423,5.94754,3.54049,1.84614,5.08212,16.5437,16.5437,0.0,1.0,1
7158,30.05.2024 10:22:06.240000,-144.443,-381.335,5.16613,5.189,5.133,89.4169,4.14133,3.92069,14.8669,7.94557,517.35,519.545,1.83846,6.172,3.40862,1.77865,5.08212,16.5437,16.5437,0.0,1.0,1
7159,30.05.2024 10:22:06.250000,-154.66,-396.908,5.16018,5.179,5.128,89.3664,4.13272,3.91984,14.8669,7.94557,517.35,519.545,1.83846,6.172,3.40862,1.77865,5.08294,16.3628,16.3628,0.0,1.0,1
7160,30.05.2024 10:22:06.260000,-154.66,-396.908,5.16018,5.179,5.128,89.3775,4.12051,3.91728,12.9038,9.36957,517.365,519.51,1.70763,5.94969,3.18166,1.80834,5.08294,16.3628,16.3628,0.0,1.0,1
7161,30.05.2024 10:22:06.270000,-151.611,-392.047,5.13308,5.157,5.062,89.3775,4.11331,3.91703,11.104,10.0175,517.37,519.52,1.57248,5.56116,3.13991,1.77635,5.08351,16.3628,16.3628,0.0,1.0,1
7162,30.05.2024 10:22:06.280000,-161.664,-397.568,5.12528,5.144,5.066,89.3932,4.10856,3.91695,11.104,10.0175,517.37,519.52,1.57248,5.56116,3.13991,1.77635,5.08389,16.0446,16.0446,0.0,1.0,1
7163,30.05.2024 10:22:06.290000,-161.664,-397.568,5.12528,5.144,5.066,89.3932,4.10373,3.91637,11.9723,9.28665,517.4,519.625,1.46322,5.7377,3.03403,1.80816,5.08389,16.0446,16.0446,0.0,1.0,1
7164,30.05.2024 10:22:06.300000,-162.076,-385.29,5.1105,5.103,5.042,89.3925,4.09276,3.91432,11.9723,9.28665,517.4,519.625,1.46322,5.7377,3.03403,1.80816,5.08448,16.1169,16.1169,0.0,1.0,1
7165,30.05.2024 10:22:06.310000,-162.488,-388.092,5.11076,5.09,5.06,89.374,4.08948,3.91253,12.4517,8.24351,517.46,519.62,1.69051,6.19359,2.76893,1.80042,5.08532,17.542,17.542,0.0,1.0,1
7166,30.05.2024 10:22:06.320000,-162.488,-388.092,5.11076,5.09,5.06,89.374,4.08643,3.90854,12.2634,7.65278,517.465,519.565,2.15223,6.63435,2.63495,1.78878,5.08532,17.542,17.542,0.0,1.0,1
7167,30.05.2024 10:22:06.330000,-162.488,-388.092,5.11076,5.09,5.06,89.374,4.08643,3.90854,12.2634,7.65278,517.465,519.565,2.15223,6.63435,2.63495,1.78878,5.08532,17.542,17.542,0.0,1.0,1
7168,30.05.2024 10:22:06.340000,-166.772,-401.605,5.09025,5.09,5.009,89.3765,4.07999,3.90618,11.3427,4.52597,517.425,519.48,2.44148,6.42188,2.5011,1.73192,5.0856,17.542,17.542,0.0,1.0,1
7169,30.05.2024 10:22:06.350000,-168.668,-407.62,5.06978,5.086,4.997,89.3622,4.07395,3.90432,11.4268,8.61503,517.36,519.475,2.37647,5.9771,2.58688,1.71303,5.08639,18.4823,18.4823,0.0,1.0,1
7170,30.05.2024 10:22:06.360000,-164.3,-403.912,5.06807,5.063,5.025,89.3457,4.07836,3.90412,11.4268,8.61503,517.36,519.475,2.37647,5.9771,2.58688,1.71303,5.08639,20.1895,20.1895,0.0,1.0,1
7171,30.05.2024 10:22:06.370000,-164.3,-403.912,5.06807,5.063,5.025,89.3457,4.08651,3.90534,11.158,8.28658,517.335,519.545,2.07595,5.85749,2.76967,1.79082,5.08639,20.1895,20.1895,0.0,1.0,1
7172,30.05.2024 10:22:06.380000,-171.057,-399.875,5.07097,5.059,4.975,89.3296,4.09686,3.90517,11.158,8.28658,517.335,519.545,2.07595,5.85749,2.76967,1.79082,5.08663,20.6236,20.6236,0.0,1.0,1
7173,30.05.2024 10:22:06.390000,-180.615,-398.144,5.05162,5.049,4.998,89.3433,4.12676,3.90384,11.5903,6.71676,517.375,519.59,1.8148,6.26546,2.71491,1.81354,5.08717,20.6163,20.6163,0.0,1.0,1
7174,30.05.2024 10:22:06.400000,-180.615,-398.144,5.05162,5.049,4.998,89.3433,4.12676,3.90384,11.5903,6.71676,517.375,519.59,1.8148,6.26546,2.71491,1.81354,5.08717,20.6163,20.6163,0.0,1.0,1
7175,30.05.2024 10:22:06.410000,-180.615,-390.399,5.05162,5.037,4.998,89.3433,4.13875,3.90525,12.2375,7.85939,517.47,519.605,1.90986,6.68856,2.94608,1.78721,5.08707,20.4282,20.4282,0.0,1.0,1
7176,30.05.2024 10:22:06.420000,-192.316,-390.399,5.04056,5.037,4.995,89.3986,4.17989,3.90959,14.3857,10.5353,517.465,519.585,2.53244,7.01356,2.89552,1.88611,5.08707,20.4282,20.4282,0.0,1.0,1
7177,30.05.2024 10:22:06.430000,-192.316,-390.399,5.04056,5.037,4.995,89.3986,4.17989,3.90959,14.3857,10.5353,517.465,519.585,2.53244,7.01356,2.89552,1.88611,5.08707,20.4282,20.4282,0.0,1.0,1
7178,30.05.2024 10:22:06.440000,-199.731,-400.534,5.04444,5.035,5.001,89.3986,4.19187,3.9088,16.9696,9.71026,517.4,519.485,2.80332,7.21511,2.70583,1.99515,5.08728,19.7917,19.7917,0.0,1.0,1
7179,30.05.2024 10:22:06.450000,-199.731,-400.534,5.04444,5.035,5.001,89.3986,4.19187,3.9088,16.9696,9.71026,517.4,519.485,2.80332,7.21511,2.70583,1.99515,5.08728,19.7917,19.7917,0.0,1.0,1
7180,30.05.2024 10:22:06.460000,-201.874,-399.545,5.05009,5.047,4.963,89.3729,4.20191,3.90847,18.2801,8.67291,517.385,519.47,2.57158,6.74123,2.77047,2.09167,5.08714,19.7917,19.7917,0.0,1.0,1
7181,30.05.2024 10:22:06.470000,-207.23,-401.688,5.05733,5.032,4.988,89.3774,4.18876,3.91393,18.9417,8.60375,517.38,519.565,2.4609,6.26957,2.72369,2.12518,5.08751,20.1461,20.1461,0.0,1.0,1
7182,30.05.2024 10:22:06.480000,-207.23,-401.688,5.05733,5.032,4.988,89.3774,4.18363,3.91597,18.2736,11.5596,517.405,519.685,2.37882,6.7669,2.54789,2.14867,5.08751,20.1461,20.1461,0.0,1.0,1
7183,30.05.2024 10:22:06.490000,-210.937,-400.452,5.06584,5.012,4.977,89.392,4.17566,3.9151,18.2736,11.5596,517.405,519.685,2.37882,6.7669,2.54789,2.14867,5.08756,20.1461,20.1461,0.0,1.0,1
7184,30.05.2024 10:22:06.500000,-210.937,-400.452,5.06584,5.012,4.977,89.3719,4.15413,3.91722,16.7679,10.2444,517.405,519.645,2.59234,7.83059,2.52348,2.07291,5.08756,20.1461,20.1461,0.0,1.0,1
7185,30.05.2024 10:22:06.510000,-210.937,-400.452,5.06584,5.012,4.977,89.3719,4.15413,3.91722,16.7679,10.2444,517.405,519.645,2.59234,7.83059,2.52348,2.07291,5.08756,20.1461,20.1461,0.0,1.0,1
7186,30.05.2024 10:22:06.520000,-225.439,-394.931,5.06726,5.017,4.975,89.3719,4.14766,3.91851,13.4517,7.60318,517.385,519.455,2.71327,7.85419,2.44952,1.90916,5.0878,20.1461,20.1461,0.0,1.0,1
7187,30.05.2024 10:22:06.530000,-225.439,-394.931,5.06726,5.017,4.975,89.3719,4.14766,3.91851,13.4517,7.60318,517.385,519.455,2.71327,7.85419,2.44952,1.90916,5.0878,20.1461,20.1461,0.0,1.0,1
7188,30.05.2024 10:22:06.540000,-240.601,-403.912,5.07537,5.022,4.988,89.4221,4.13396,3.92113,14.6012,8.31657,517.38,519.43,2.79086,6.68571,2.47131,1.87171,5.08768,20.9418,20.9418,0.0,1.0,1
7189,30.05.2024 10:22:06.550000,-240.601,-403.912,5.07537,5.022,4.988,89.4221,4.13396,3.92113,14.6012,8.31657,517.38,519.43,2.79086,6.68571,2.47131,1.87171,5.08768,20.9418,20.9418,0.0,1.0,1
7190,30.05.2024 10:22:06.560000,-258.151,-403.83,5.10443,5.013,4.997,89.3786,4.12408,3.90921,12.3476,10.003,517.36,519.47,2.83763,5.96353,2.36669,1.72626,5.08771,20.8478,20.8478,0.0,1.0,1
7191,30.05.2024 10:22:06.570000,-258.151,-403.83,5.10443,5.013,4.997,89.3786,4.12408,3.90921,12.3476,10.003,517.36,519.47,2.83763,5.96353,2.36669,1.72626,5.08771,20.8478,20.8478,0.0,1.0,1
7192,30.05.2024 10:22:06.580000,-267.05,-403.747,5.09735,5.016,5.012,89.313,4.11885,3.90378,12.2082,8.83118,517.37,519.495,2.82156,6.11597,2.61162,1.68228,5.08769,19.1696,19.1696,0.0,1.0,1
7193,30.05.2024 10:22:06.590000,-279.739,-403.912,5.10898,5.061,5.021,89.2969,4.12025,3.89703,12.7231,10.0885,517.305,519.485,2.89181,5.61412,2.70134,1.70285,5.08776,19.1696,19.1696,0.0,1.0,1
7194,30.05.2024 10:22:06.600000,-279.739,-403.912,5.10898,5.061,5.021,89.2969,4.12025,3.89703,12.7231,10.0885,517.305,519.485,2.89181,5.61412,2.70134,1.70285,5.08776,19.1696,19.1696,0.0,1.0,1
7195,30.05.2024 10:22:06.610000,-285.178,-403.912,5.10674,5.092,5.007,89.3305,4.12367,3.8946,12.7231,10.0885,517.305,519.485,2.89181,5.61412,2.70134,1.70285,5.08776,20.638,20.638,0.0,1.0,1
7196,30.05.2024 10:22:06.620000,-285.178,-403.912,5.10674,5.092,5.007,89.3305,4.12367,3.8946,12.7231,10.0885,517.305,519.485,2.89181,5.61412,2.70134,1.70285,5.08776,20.638,20.638,0.0,1.0,1
7197,30.05.2024 10:22:06.630000,-296.466,-406.219,5.12151,5.078,5.046,89.3484,4.13842,3.89304,13.8734,9.41418,517.295,519.475,2.40296,5.79132,2.85338,1.91529,5.0878,20.7393,20.7393,0.0,1.0,1
7198,30.05.2024 10:22:06.640000,-296.466,-406.219,5.12151,5.078,5.046,89.3484,4.13842,3.89304,13.8734,9.41418,517.295,519.475,2.40296,5.79132,2.85338,1.91529,5.0878,20.7393,20.7393,0.0,1.0,1
7199,30.05.2024 10:22:06.650000,-318.796,-405.148,5.12488,5.109,5.052,89.4251,4.14911,3.89462,14.1251,8.69547,517.34,519.465,2.39588,5.54251,3.04993,2.10982,5.08747,20.7393,20.7393,0.0,1.0,1
