,time,Pinceur Inf Mesure de courant,Pinceur Sup Mesure de courant,Mandrin - Vitesse Actuelle,Pinceur Sup Mesure vitesse lineaire,Pinceur Inf Mesure vitesse lineaire,Mandrin - Mesure Expansion,Pinceur Nord Position entrefer estimee,Pinceur Sud Position entrefer estimee,Pinceur Nord Force entrefer calibree,Pinceur Sud Force entrefer calibree,Guides Nord Entree Position mesuree,Guides Nord Sortie Position mesuree,Guides Nord Entree Force pour regulateur PI,Guides Nord Sortie Force pour regulateur PI,Guides Sud Entree Force pour regulateur PI,Guides Sud Sortie Force pour regulateur PI,Mandrin - Vitesse Actuelle F10,_Excentrage largeur bande jauge bob,_Excentrage largeur bande jauge bob.1,TDB pinceur,Fenetre,Declancheur
11700,30.05.2024 11:35:16.640000,315.088,157.873,7.90516,7.833,7.489,30.1959,3.71128,3.29003,20.7868,19.5363,891.26,892.455,4.92052,9.22479,-0.041563,-0.0195036,6.87891,49.4502,49.4502,1.0,1.0,1
11701,30.05.2024 11:35:16.650000,315.088,157.873,7.90837,7.833,7.489,30.1664,3.5074,3.37516,20.7868,19.5363,891.26,892.455,4.92052,9.22479,-0.041563,-0.0195036,6.87941,49.4502,49.4502,1.0,1.0,1
11702,30.05.2024 11:35:16.660000,315.088,157.873,7.90837,7.833,7.489,30.1664,3.5074,3.37516,20.7868,19.5363,891.26,892.455,4.92052,9.22479,-0.041563,-0.0195036,6.87941,49.4502,49.4502,1.0,1.0,1
11703,30.05.2024 11:35:16.670000,367.163,195.612,7.90837,7.813,7.379,30.1664,3.30128,3.52895,0.757448,25.7308,889.915,891.325,3.02709,6.67163,-0.0293369,-0.0422087,6.87941,48.2711,48.2711,1.0,1.0,1
11704,30.05.2024 11:35:16.680000,367.163,195.612,7.90837,7.813,7.379,30.1664,3.30128,3.52895,0.757448,25.7308,889.915,891.325,3.02709,6.67163,-0.0293369,-0.0422087,6.87941,48.2711,48.2711,1.0,1.0,1
11705,30.05.2024 11:35:16.690000,440.991,245.297,7.90792,7.695,7.248,30.1363,3.44051,3.59164,-6.96875,37.9206,888.9,890.51,0.843878,5.429,0.0732175,0.0212297,6.8802,48.2494,48.2494,1.0,1.0,1
11706,30.05.2024 11:35:16.700000,500.729,405.478,7.90139,7.486,7.157,30.1035,4.03584,3.5237,0.969819,47.6289,888.07,889.89,-0.14529,6.70621,0.0748196,-0.00553036,6.88134,46.5639,46.5639,1.0,1.0,1
11707,30.05.2024 11:35:16.710000,597.464,405.478,7.90139,7.486,7.024,30.1092,4.21335,3.47687,17.9952,37.2995,887.16,889.055,0.294484,10.1984,0.0684109,-0.0585241,6.88134,44.5747,44.5747,1.0,1.0,1
11708,30.05.2024 11:35:16.720000,635.367,466.946,7.90866,7.406,6.965,30.1092,4.33233,3.42496,35.1574,29.6063,886.175,887.885,1.19426,13.4158,0.096819,-0.0604582,6.88171,44.5747,44.5747,1.0,1.0,1
11709,30.05.2024 11:35:16.730000,635.367,466.946,7.90995,7.406,6.965,30.0719,4.38737,3.38044,35.1574,29.6063,886.175,887.885,1.19426,13.4158,0.096819,-0.0604582,6.88239,41.2688,41.2688,1.0,1.0,1
11710,30.05.2024 11:35:16.740000,635.367,466.946,7.90995,7.406,6.965,30.0719,4.38737,3.38044,35.1574,29.6063,886.175,887.885,1.19426,13.4158,0.096819,-0.0604582,6.88239,41.2688,41.2688,1.0,1.0,1
11711,30.05.2024 11:35:16.750000,687.936,529.898,7.90995,7.28,6.922,30.0719,4.30165,3.29062,42.6836,27.8751,885.08,886.595,2.35631,14.9732,0.0175419,-0.147029,6.88239,37.5145,37.5145,1.0,1.0,1
11712,30.05.2024 11:35:16.760000,703.756,589.636,7.91206,7.227,6.91,30.0996,4.04703,3.22711,39.7343,18.4739,883.895,885.215,3.32212,15.5082,0.0872059,-0.115256,6.88263,34.7222,34.7222,1.0,1.0,1
11713,30.05.2024 11:35:16.770000,703.756,589.636,7.91206,7.227,6.91,30.0996,4.04703,3.22711,39.7343,18.4739,883.895,885.215,3.32212,15.5082,0.0872059,-0.115256,6.88263,34.7222,34.7222,1.0,1.0,1
11714,30.05.2024 11:35:16.780000,705.899,640.475,7.91206,7.198,6.898,30.0996,3.89153,3.20532,26.999,14.0112,882.61,883.8,4.18292,15.1444,0.104086,-0.0882788,6.88299,34.4329,34.4329,1.0,1.0,1
11715,30.05.2024 11:35:16.790000,705.899,640.475,7.91206,7.198,6.898,30.0996,3.89153,3.20532,26.999,14.0112,882.61,883.8,4.18292,15.1444,0.104086,-0.0882788,6.88299,34.4329,34.4329,1.0,1.0,1
11716,30.05.2024 11:35:16.800000,712.985,670.798,7.9136,7.182,6.921,30.104,3.48017,3.23202,12.314,11.9192,881.285,882.47,4.70397,14.2215,0.202063,-0.0165129,6.88314,32.5231,32.5231,1.0,1.0,1
11717,30.05.2024 11:35:16.810000,712.985,670.798,7.9136,7.182,6.921,30.104,3.48017,3.23202,12.314,11.9192,881.285,882.47,4.70397,14.2215,0.202063,-0.0165129,6.88314,32.5231,32.5231,1.0,1.0,1
11718,30.05.2024 11:35:16.820000,700.296,672.528,7.91041,7.179,6.925,30.1018,3.40903,3.28952,2.0069,15.9564,879.89,881.195,5.19195,14.1909,0.240107,0.0157824,6.88398,32.5231,32.5231,1.0,1.0,1
11719,30.05.2024 11:35:16.830000,698.73,700.049,7.90992,7.071,6.958,30.1075,3.5883,3.38931,3.00178,25.993,877.015,878.57,5.84944,16.0207,0.0724126,-0.0110998,6.88401,31.7998,31.7998,1.0,1.0,1
11720,30.05.2024 11:35:16.840000,698.73,700.049,7.91625,7.071,6.958,30.1571,3.68192,3.39742,3.00178,25.993,877.015,878.57,5.84944,16.0207,0.0724126,-0.0110998,6.88401,27.2063,27.2063,1.0,1.0,1
11721,30.05.2024 11:35:16.850000,690.738,705.899,7.91625,7.031,6.961,30.1571,3.76437,3.40212,11.1851,22.7276,875.56,877.11,6.26946,17.6724,0.0865155,0.0632334,6.8842,27.2063,27.2063,1.0,1.0,1
11722,30.05.2024 11:35:16.860000,690.738,707.959,7.91294,7.004,6.961,30.16,3.87265,3.40833,11.1851,22.7276,875.56,877.11,6.26946,17.6724,0.0865155,0.0632334,6.8836,27.2063,27.2063,1.0,1.0,1
11723,30.05.2024 11:35:16.870000,690.738,707.959,7.91294,7.004,6.961,30.16,3.87265,3.40833,11.1851,22.7276,875.56,877.11,6.26946,17.6724,0.0865155,0.0632334,6.8836,27.2063,27.2063,1.0,1.0,1
11724,30.05.2024 11:35:16.880000,698.73,707.959,7.91294,7.004,6.903,30.215,3.89694,3.39776,21.5623,26.491,874.065,875.58,6.86948,18.4984,0.102186,0.051198,6.8836,23.8426,23.8426,1.0,1.0,1
11725,30.05.2024 11:35:16.890000,692.55,694.198,7.91345,6.967,6.945,30.2198,3.86252,3.38016,22.6393,29.8791,872.505,874.035,7.41666,18.9042,0.117762,0.0795794,6.88352,20.0087,20.0087,1.0,1.0,1
11726,30.05.2024 11:35:16.900000,686.947,696.505,7.91345,6.938,6.956,30.2198,3.74861,3.37117,22.6886,23.4539,870.89,872.425,7.7824,19.0736,0.107031,0.119695,6.88352,20.0087,20.0087,1.0,1.0,1
11727,30.05.2024 11:35:16.910000,693.127,696.258,7.91025,6.943,6.995,30.217,3.67903,3.36416,22.6886,23.4539,870.89,872.425,7.7824,19.0736,0.107031,0.119695,6.88341,20.0087,20.0087,1.0,1.0,1
11728,30.05.2024 11:35:16.920000,693.127,696.258,7.91025,6.943,6.995,30.217,3.67903,3.36416,22.6886,23.4539,870.89,872.425,7.7824,19.0736,0.107031,0.119695,6.88341,20.0087,20.0087,1.0,1.0,1
11729,30.05.2024 11:35:16.930000,693.127,696.258,7.90835,6.943,6.995,30.1446,3.6124,3.3602,14.9563,21.1022,869.22,870.79,7.76266,18.8154,0.0774937,0.0947351,6.88341,16.4931,16.4931,1.0,1.0,1
11730,30.05.2024 11:35:16.940000,693.127,696.258,7.90835,6.943,6.995,30.1446,3.6124,3.3602,14.9563,21.1022,869.22,870.79,7.76266,18.8154,0.0774937,0.0947351,6.88341,16.4931,16.4931,1.0,1.0,1
11731,30.05.2024 11:35:16.950000,689.914,689.996,7.91231,6.909,6.985,30.1733,3.50576,3.32423,10.5262,24.7315,867.565,869.31,7.27381,18.5627,0.0150395,0.0932169,6.88394,11.5813,11.5813,1.0,1.0,1
11732,30.05.2024 11:35:16.960000,694.858,689.172,7.91511,6.901,6.988,30.0711,3.52387,3.31109,4.73841,18.3618,864.245,866.22,6.52669,20.0503,0.0366917,-0.0194159,6.8842,11.5813,11.5813,1.0,1.0,1
11733,30.05.2024 11:35:16.970000,694.858,689.172,7.92017,6.901,6.988,30.147,3.55404,3.30394,4.73841,18.3618,864.245,866.22,6.52669,20.0503,0.0366917,-0.0194159,6.88421,11.5813,11.5813,1.0,1.0,1
11734,30.05.2024 11:35:16.980000,694.858,689.172,7.92017,6.901,6.988,30.147,3.55404,3.30394,4.73841,18.3618,864.245,866.22,6.52669,20.0503,0.0366917,-0.0194159,6.88421,11.5813,11.5813,1.0,1.0,1
11735,30.05.2024 11:35:16.990000,689.996,691.974,7.92017,6.895,6.933,30.147,3.61904,3.29798,8.94356,19.5747,862.53,864.65,6.10501,20.5992,0.0999623,0.0403185,6.88421,8.39844,8.39844,1.0,1.0,1
11736,30.05.2024 11:35:17.000000,689.996,691.974,7.92017,6.895,6.933,30.147,3.61904,3.29798,8.94356,19.5747,862.53,864.65,6.10501,20.5992,0.0999623,0.0403185,6.88421,8.39844,8.39844,1.0,1.0,1
11737,30.05.2024 11:35:17.010000,691.314,681.921,7.91849,6.925,6.931,30.1697,3.66518,3.29545,10.8817,19.8121,860.81,863.085,5.62122,21.1429,0.103663,0.0749254,6.88407,4.99855,4.99855,1.0,1.0,1
11738,30.05.2024 11:35:17.020000,686.371,688.266,7.91377,6.938,6.897,30.1877,3.64494,3.30157,13.0313,16.1825,859.09,861.48,4.97681,21.7778,0.079546,0.0302095,6.88397,2.01823,2.01823,1.0,1.0,1
11739,30.05.2024 11:35:17.030000,690.078,688.266,7.91377,6.938,6.922,30.1521,3.62349,3.30499,12.851,18.2566,857.39,859.835,4.51072,22.2497,0.0715047,-0.0110235,6.88397,-0.969328,-0.969328,1.0,1.0,1
11740,30.05.2024 11:35:17.040000,689.337,683.981,7.90834,6.95,6.952,30.1521,3.59917,3.30836,12.1991,19.7573,855.64,858.27,4.24849,22.7392,0.0523968,-0.0119276,6.88426,-0.969328,-0.969328,1.0,1.0,1
11741,30.05.2024 11:35:17.050000,689.337,683.981,7.91008,6.95,6.952,30.1642,3.57825,3.31039,12.1991,19.7573,855.64,858.27,4.24849,22.7392,0.0523968,-0.0119276,6.88461,-3.90625,-3.90625,1.0,1.0,1
11742,30.05.2024 11:35:17.060000,689.337,683.981,7.91008,6.95,6.952,30.1642,3.57825,3.31039,12.1991,19.7573,855.64,858.27,4.24849,22.7392,0.0523968,-0.0119276,6.88461,-3.90625,-3.90625,1.0,1.0,1
11743,30.05.2024 11:35:17.070000,691.15,692.962,7.91008,6.98,6.939,30.1642,3.56595,3.31273,9.10126,18.7509,853.935,856.67,3.79155,23.5175,0.0995083,-0.0353079,6.88461,-6.19213,-6.19213,1.0,1.0,1
11744,30.05.2024 11:35:17.080000,689.255,696.258,7.90762,6.971,6.942,30.1773,3.58598,3.31736,10.0171,20.133,852.26,855.09,3.58854,24.036,0.799398,-0.0231352,6.88482,-8.14526,-8.14526,1.0,1.0,1
11745,30.05.2024 11:35:17.090000,692.88,696.011,7.90762,6.903,6.936,30.1773,3.60499,3.32149,11.5396,20.503,850.555,853.565,3.63572,24.6633,1.59604,0.0800257,6.88498,-8.17419,-8.17419,1.0,1.0,1
11746,30.05.2024 11:35:17.100000,692.88,696.011,7.90762,6.903,6.936,30.1773,3.60499,3.32149,11.5396,20.503,850.555,853.565,3.63572,24.6633,1.59604,0.0800257,6.88498,-8.17419,-8.17419,1.0,1.0,1
11747,30.05.2024 11:35:17.110000,692.88,691.479,7.9063,6.907,6.936,30.143,3.64602,3.32503,12.8723,22.5673,848.82,852.015,3.69015,25.7076,2.22805,0.137441,6.88539,-9.98987,-9.98987,1.0,1.0,1
11748,30.05.2024 11:35:17.120000,690.408,693.21,7.91607,6.892,6.876,30.0956,3.66548,3.3295,14.5491,21.2098,847.115,850.45,3.6381,26.8361,2.6415,0.134034,6.88533,-9.98987,-9.98987,1.0,1.0,1
11749,30.05.2024 11:35:17.130000,690.408,693.21,7.92107,6.892,6.876,30.1301,3.66114,3.32729,14.5491,21.2098,847.115,850.45,3.6381,26.8361,2.6415,0.134034,6.88569,-9.98987,-9.98987,1.0,1.0,1
11750,30.05.2024 11:35:17.140000,690.408,693.21,7.92107,6.892,6.876,30.1301,3.66114,3.32729,14.5491,21.2098,847.115,850.45,3.6381,26.8361,2.6415,0.134034,6.88569,-9.98987,-9.98987,1.0,1.0,1
11751,30.05.2024 11:35:17.150000,686.7,685.217,7.92107,6.899,6.894,30.1301,3.62047,3.32964,15.1978,21.4214,845.415,848.89,3.67972,27.8553,3.20274,0.0156145,6.88569,-12.0226,-12.0226,1.0,1.0,1
11752,30.05.2024 11:35:17.160000,691.644,690.161,7.92911,6.886,6.913,30.1371,3.56281,3.33591,14.7718,21.7741,843.725,847.39,3.75214,28.9232,4.162,0.00639057,6.88575,-14.1999,-14.1999,1.0,1.0,1
11753,30.05.2024 11:35:17.170000,690.243,690.243,7.92911,6.905,6.882,30.1371,3.53956,3.33566,11.5276,24.8144,842.06,845.915,3.79133,30.1499,4.52424,0.0150347,6.88595,-15.2922,-15.2922,1.0,1.0,1
11754,30.05.2024 11:35:17.180000,690.243,690.243,7.92911,6.905,6.882,30.1371,3.53956,3.33566,11.5276,24.8144,842.06,845.915,3.79133,30.1499,4.52424,0.0150347,6.88595,-15.2922,-15.2922,1.0,1.0,1
11755,30.05.2024 11:35:17.190000,690.243,690.985,7.94051,6.963,6.882,30.2001,3.50395,3.33501,8.85848,22.4125,840.41,844.475,3.9496,31.4311,5.04273,-0.019412,6.88602,-15.2922,-15.2922,1.0,1.0,1
11756,30.05.2024 11:35:17.200000,689.584,683.075,7.94246,6.913,6.886,30.5275,3.51094,3.32924,8.40013,20.5994,838.79,843.035,4.37984,32.9617,6.63696,-0.0145826,6.88626,-15.2922,-15.2922,1.0,1.0,1
11757,30.05.2024 11:35:17.210000,689.584,683.075,7.93735,6.913,6.886,31.0438,3.52306,3.32753,8.40013,20.5994,838.79,843.035,4.37984,32.9617,6.63696,-0.0145826,6.88637,-15.3139,-15.3139,1.0,1.0,1
11758,30.05.2024 11:35:17.220000,694.61,695.517,7.93735,6.862,6.886,31.0438,3.56242,3.32509,10.2271,20.0393,837.95,841.865,-0.15698,22.2419,8.06893,0.083909,6.88637,-15.719,-15.719,1.0,1.0,1
11759,30.05.2024 11:35:17.230000,693.704,693.457,7.94914,6.881,6.877,31.774,3.58325,3.32321,10.2271,20.0393,837.95,841.865,-0.15698,22.2419,8.06893,0.083909,6.88609,-15.719,-15.719,1.0,1.0,1
11760,30.05.2024 11:35:17.240000,693.704,693.457,7.94914,6.881,6.877,31.774,3.58325,3.32321,10.2271,20.0393,837.95,841.865,-0.15698,22.2419,8.06893,0.083909,6.88609,-15.719,-15.719,1.0,1.0,1
11761,30.05.2024 11:35:17.250000,693.704,693.457,7.94725,6.881,6.877,32.605,3.59609,3.32563,12.2691,19.2482,838.215,842.97,-3.25034,12.0954,8.83944,0.0747881,6.88609,-15.719,-15.719,1.0,1.0,1
11762,30.05.2024 11:35:17.260000,693.704,693.457,7.94725,6.881,6.877,32.605,3.59609,3.32563,12.2691,19.2482,838.215,842.97,-3.25034,12.0954,8.83944,0.0747881,6.88609,-15.719,-15.719,1.0,1.0,1
11763,30.05.2024 11:35:17.270000,685.794,689.419,7.95988,6.899,6.866,33.645,3.61663,3.32949,13.9773,20.4596,838.06,843.89,-3.09014,14.6914,9.66157,0.0505266,6.88624,-15.0969,-15.0969,1.0,1.0,1
11764,30.05.2024 11:35:17.280000,684.97,683.569,7.961,6.896,6.882,34.7717,3.60599,3.33439,15.307,21.0831,838.075,844.44,-3.47244,13.0464,9.97433,-0.080287,6.88622,-13.303,-13.303,1.0,1.0,1
11765,30.05.2024 11:35:17.290000,684.97,683.569,7.94854,6.896,6.882,35.8175,3.59492,3.33463,15.307,21.0831,838.075,844.44,-3.47244,13.0464,9.97433,-0.080287,6.88645,-13.303,-13.303,1.0,1.0,1
11766,30.05.2024 11:35:17.300000,684.97,683.569,7.94854,6.896,6.882,35.8175,3.59492,3.33463,15.307,21.0831,838.075,844.44,-3.47244,13.0464,9.97433,-0.080287,6.88645,-13.303,-13.303,1.0,1.0,1
11767,30.05.2024 11:35:17.310000,688.101,682.251,7.94854,6.909,6.894,35.8175,3.56312,3.32778,14.663,21.3225,838.005,844.94,-2.32154,12.2433,8.63666,0.0112772,6.88645,-13.303,-13.303,1.0,1.0,1
11768,30.05.2024 11:35:17.320000,688.101,682.251,7.94854,6.909,6.894,35.8175,3.56312,3.32778,14.663,21.3225,838.005,844.94,-2.32154,12.2433,8.63666,0.0112772,6.88645,-13.303,-13.303,1.0,1.0,1
11769,30.05.2024 11:35:17.330000,692.138,693.21,7.96308,6.925,6.887,37.9078,3.52828,3.32365,15.2579,21.685,837.805,845.18,-1.11432,11.8229,7.59877,0.100789,6.88621,-12.4132,-12.4132,1.0,1.0,1
11770,30.05.2024 11:35:17.340000,682.251,691.974,7.97816,6.94,6.898,38.9712,3.48925,3.29064,11.4061,20.3033,837.615,845.465,-0.284961,9.9763,6.83524,0.115712,6.88686,-13.0859,-13.0859,1.0,1.0,1
11771,30.05.2024 11:35:17.350000,660.086,691.974,7.97816,6.94,6.892,40.1075,3.4754,3.27758,9.2578,18.1938,837.4,845.855,0.521887,8.56475,6.11174,0.167329,6.88686,-13.0859,-13.0859,1.0,1.0,1
11772,30.05.2024 11:35:17.360000,653.576,686.535,7.99455,6.962,6.883,40.1075,3.46153,3.2629,8.68416,15.9722,837.105,846.135,1.00946,8.05738,5.39564,0.172212,6.88691,-13.0859,-13.0859,1.0,1.0,1
11773,30.05.2024 11:35:17.370000,653.576,686.535,7.97522,6.962,6.883,41.0856,3.45262,3.24677,8.68416,15.9722,837.105,846.135,1.00946,8.05738,5.39564,0.172212,6.88701,-12.6302,-12.6302,1.0,1.0,1
11774,30.05.2024 11:35:17.380000,653.576,686.535,7.97522,6.962,6.883,41.0856,3.45262,3.24677,8.68416,15.9722,837.105,846.135,1.00946,8.05738,5.39564,0.172212,6.88701,-12.6302,-12.6302,1.0,1.0,1
11775,30.05.2024 11:35:17.390000,605.456,683.899,7.97522,7.032,6.955,41.0856,3.43694,3.23495,8.54964,13.3582,836.875,846.31,1.02919,7.4277,5.2474,0.101712,6.88701,-12.1889,-12.1889,1.0,1.0,1
11776,30.05.2024 11:35:17.400000,587.988,663.135,7.93942,7.072,7.036,43.2702,3.45976,3.2417,7.97457,15.4252,836.595,846.47,1.15132,6.27636,5.66923,0.1671,6.88733,-12.1817,-12.1817,1.0,1.0,1
11777,30.05.2024 11:35:17.410000,569.861,661.404,7.93942,7.126,7.019,43.2702,3.47827,3.24467,9.74154,15.5845,836.325,846.655,0.92603,5.29465,5.68493,0.236814,6.88763,-10.5179,-10.5179,1.0,1.0,1
11778,30.05.2024 11:35:17.420000,569.861,626.303,7.95261,7.121,7.019,44.4865,3.52239,3.25091,9.74154,15.5845,836.325,846.655,0.92603,5.29465,5.68493,0.236814,6.88778,-10.5179,-10.5179,1.0,1.0,1
11779,30.05.2024 11:35:17.430000,569.861,626.303,7.95261,7.121,7.019,44.4865,3.52239,3.25091,9.74154,15.5845,836.325,846.655,0.92603,5.29465,5.68493,0.236814,6.88778,-10.5179,-10.5179,1.0,1.0,1
11780,30.05.2024 11:35:17.440000,547.696,626.303,7.95261,7.121,6.967,45.6713,3.53513,3.25639,10.9314,15.6139,836.12,846.8,0.808615,4.68764,5.60447,0.200891,6.88778,-10.5179,-10.5179,1.0,1.0,1
11781,30.05.2024 11:35:17.450000,547.696,626.303,7.95261,7.121,6.967,45.6713,3.53513,3.25639,10.9314,15.6139,836.12,846.8,0.808615,4.68764,5.60447,0.200891,6.88778,-10.5179,-10.5179,1.0,1.0,1
11782,30.05.2024 11:35:17.460000,512.1,599.853,7.8729,7.078,6.979,46.758,3.5299,3.26056,12.9816,16.4878,835.875,846.87,1.0598,4.0358,5.56947,0.186662,6.88846,-9.55585,-9.55585,1.0,1.0,1
11783,30.05.2024 11:35:17.470000,472.22,546.46,7.80189,7.117,7.063,47.8965,3.48711,3.26295,13.0754,15.9217,835.58,847.015,1.98652,3.09148,4.77199,0.147386,6.88928,-9.49074,-9.49074,1.0,1.0,1
11784,30.05.2024 11:35:17.480000,472.22,546.46,7.80189,7.117,7.063,47.8965,3.48711,3.26295,13.0754,15.9217,835.58,847.015,1.98652,3.09148,4.77199,0.147386,6.88928,-9.49074,-9.49074,1.0,1.0,1
11785,30.05.2024 11:35:17.490000,472.22,546.46,7.76697,7.117,7.063,49.0971,3.47632,3.26946,13.0754,15.9217,835.58,847.015,3.1417,2.75198,4.54252,0.141988,6.88928,-9.38947,-9.38947,1.0,1.0,1
11786,30.05.2024 11:35:17.500000,472.22,546.46,7.76697,7.117,7.063,49.0971,3.47632,3.26946,13.0754,15.9217,835.58,847.015,3.1417,2.75198,4.54252,0.141988,6.88928,-9.38947,-9.38947,1.0,1.0,1
11787,30.05.2024 11:35:17.510000,470.489,524.707,7.74609,7.149,7.061,50.328,3.43629,3.27129,10.191,17.374,835.295,847.035,3.1417,2.75198,4.54252,0.141988,6.89024,-9.93924,-9.93924,1.0,1.0,1
11788,30.05.2024 11:35:17.520000,470.489,524.707,7.74609,7.149,7.061,50.328,3.43629,3.27129,10.191,17.374,835.295,847.035,3.1417,2.75198,4.54252,0.141988,6.89024,-9.93924,-9.93924,1.0,1.0,1
11789,30.05.2024 11:35:17.530000,479.471,517.291,7.65816,7.114,7.148,51.4794,3.41293,3.26448,8.16315,14.7366,834.8,847.05,3.53575,2.06698,4.57697,0.161691,6.89086,-9.62818,-9.62818,1.0,1.0,1
11790,30.05.2024 11:35:17.540000,478.894,512.512,7.54082,7.191,7.097,52.4933,3.43282,3.25671,9.09244,16.0996,834.6,847.025,3.6771,1.84782,4.69379,0.151376,6.89188,-9.67158,-9.67158,1.0,1.0,1
11791,30.05.2024 11:35:17.550000,478.894,512.512,7.54082,7.191,7.097,52.4933,3.43282,3.25671,9.09244,16.0996,834.6,847.025,3.6771,1.84782,4.69379,0.151376,6.89188,-9.67158,-9.67158,1.0,1.0,1
11792,30.05.2024 11:35:17.560000,478.564,528.58,7.48186,7.266,7.098,53.5732,3.45135,3.24791,11.7371,17.0691,834.375,846.985,3.68608,1.83458,4.60235,0.162911,6.89265,-8.49971,-8.49971,1.0,1.0,1
11793,30.05.2024 11:35:17.570000,478.564,528.58,7.48186,7.266,7.098,53.5732,3.45135,3.24791,11.7371,17.0691,834.375,846.985,3.68608,1.83458,4.60235,0.162911,6.89265,-8.49971,-8.49971,1.0,1.0,1
11794,30.05.2024 11:35:17.580000,479.883,533.935,7.44622,7.257,7.092,54.6664,3.48071,3.24906,11.2715,14.4367,834.2,846.95,3.61567,1.59229,4.67863,0.184232,6.89305,-8.49971,-8.49971,1.0,1.0,1
11795,30.05.2024 11:35:17.590000,479.883,533.935,7.44622,7.257,7.092,54.6664,3.48071,3.24906,11.2715,14.4367,834.2,846.95,3.61567,1.59229,4.67863,0.184232,6.89305,-8.49971,-8.49971,1.0,1.0,1
11796,30.05.2024 11:35:17.600000,478.811,526.025,7.34048,7.161,7.091,56.7766,3.48984,3.23695,13.8288,14.513,834.075,846.92,3.76587,1.33169,4.75923,0.186997,6.89367,-8.49971,-8.49971,1.0,1.0,1
11797,30.05.2024 11:35:17.610000,473.291,520.505,7.14941,7.131,7.139,57.8186,3.48152,3.22846,14.5233,13.7653,833.91,846.88,4.22796,1.31027,4.69216,0.252347,6.8948,-7.66782,-7.66782,1.0,1.0,1
11798,30.05.2024 11:35:17.620000,473.291,520.505,7.14941,7.131,7.139,57.8186,3.48152,3.22846,14.5233,13.7653,833.91,846.88,4.22796,1.31027,4.69216,0.252347,6.8948,-7.66782,-7.66782,1.0,1.0,1
11799,30.05.2024 11:35:17.630000,489.111,527.838,7.14941,7.207,7.103,57.8186,3.48484,3.23761,12.531,13.1655,833.73,846.815,4.51235,1.20602,4.4355,0.260804,6.8948,-7.64613,-7.64613,1.0,1.0,1
11800,30.05.2024 11:35:17.640000,489.111,527.838,7.14941,7.207,7.103,57.8186,3.48484,3.23761,12.531,13.1655,833.73,846.815,4.51235,1.20602,4.4355,0.260804,6.8948,-7.64613,-7.64613,1.0,1.0,1
11801,30.05.2024 11:35:17.650000,489.77,536.078,7.01925,7.244,6.999,59.9428,3.4935,3.23651,14.1047,15.0282,833.58,846.76,4.60175,1.14979,4.46049,0.19661,6.89581,-7.64613,-7.64613,1.0,1.0,1
11802,30.05.2024 11:35:17.660000,484.827,529.898,6.97982,7.069,6.898,60.8509,3.51762,3.26999,14.326,15.9318,833.45,846.695,4.48765,1.06771,4.55561,0.190179,6.89723,-7.09636,-7.09636,1.0,1.0,1
11803,30.05.2024 11:35:17.670000,482.272,529.898,6.97982,7.069,6.882,61.7346,3.53333,3.27319,14.1256,17.202,833.315,846.61,4.47567,0.995487,4.60353,0.1988,6.89723,-7.03849,-7.03849,1.0,1.0,1
11804,30.05.2024 11:35:17.680000,483.838,527.344,6.91317,7.127,6.868,61.7346,3.53904,3.27312,15.3438,17.0204,833.18,846.54,4.4257,0.750191,4.76953,0.282918,6.89799,-7.03849,-7.03849,1.0,1.0,1
11805,30.05.2024 11:35:17.690000,483.838,527.344,6.86623,7.127,6.868,62.6869,3.54899,3.27459,15.3438,17.0204,833.18,846.54,4.4257,0.750191,4.76953,0.282918,6.89868,-7.03849,-7.03849,1.0,1.0,1
11806,30.05.2024 11:35:17.700000,483.838,527.344,6.86623,7.127,6.868,62.6869,3.54899,3.27459,15.3438,17.0204,833.18,846.54,4.4257,0.750191,4.76953,0.282918,6.89868,-7.03849,-7.03849,1.0,1.0,1
11807,30.05.2024 11:35:17.710000,483.838,530.063,6.86623,7.135,6.874,62.6869,3.56965,3.27166,15.9348,17.2925,833.115,846.47,4.38731,0.730934,4.89015,0.291795,6.89868,-6.46701,-6.46701,1.0,1.0,1
11808,30.05.2024 11:35:17.720000,483.508,534.595,6.81388,7.025,6.815,64.3703,3.57297,3.26865,18.5592,17.3631,833.01,846.39,4.62886,0.846184,4.91876,0.235963,6.89894,-6.12702,-6.12702,1.0,1.0,1
11809,30.05.2024 11:35:17.730000,483.508,534.595,6.81388,7.025,6.815,64.3703,3.57297,3.26865,18.5592,17.3631,833.01,846.39,4.62886,0.846184,4.91876,0.235963,6.89894,-6.12702,-6.12702,1.0,1.0,1
11810,30.05.2024 11:35:17.740000,487.958,526.52,6.81388,6.923,6.805,64.3703,3.57389,3.26493,17.371,17.9374,832.905,846.28,4.70406,0.823292,4.81214,0.196126,6.89898,-5.94618,-5.94618,1.0,1.0,1
11811,30.05.2024 11:35:17.750000,487.958,526.52,6.81388,6.923,6.805,64.3703,3.57389,3.26493,17.371,17.9374,832.905,846.28,4.70406,0.823292,4.81214,0.196126,6.89898,-5.94618,-5.94618,1.0,1.0,1
11812,30.05.2024 11:35:17.760000,483.261,518.527,6.80754,6.93,6.779,65.7975,3.55824,3.26323,17.6924,16.272,832.78,846.165,4.71637,0.69516,4.89061,0.202435,6.89924,-5.94618,-5.94618,1.0,1.0,1
11813,30.05.2024 11:35:17.770000,483.261,518.527,6.80754,6.93,6.779,65.7975,3.55824,3.26323,17.6924,16.272,832.78,846.165,4.71637,0.69516,4.89061,0.202435,6.89924,-5.94618,-5.94618,1.0,1.0,1
11814,30.05.2024 11:35:17.780000,480.377,523.471,6.75431,6.982,6.771,66.3718,3.54251,3.26245,15.8801,14.5703,832.71,846.075,4.50904,0.609402,4.96258,0.245465,6.89923,-5.58449,-5.58449,1.0,1.0,1
11815,30.05.2024 11:35:17.790000,484.662,523.388,6.77794,6.799,6.76,67.0251,3.51189,3.24461,14.5992,15.8773,832.56,845.87,4.61868,0.608196,5.1424,0.172185,6.89886,-5.38918,-5.38918,1.0,1.0,1
11816,30.05.2024 11:35:17.800000,484.662,523.388,6.83022,6.799,6.76,67.5769,3.49643,3.24172,14.5992,15.8773,832.56,845.87,4.61868,0.608196,5.1424,0.172185,6.89886,-4.87558,-4.87558,1.0,1.0,1
11817,30.05.2024 11:35:17.810000,480.13,525.86,6.83022,6.866,6.767,67.5769,3.47894,3.24239,13.3867,14.7089,832.505,845.765,4.67223,0.597984,5.3182,0.257581,6.89844,-4.98409,-4.98409,1.0,1.0,1
11818,30.05.2024 11:35:17.820000,480.13,534.43,6.86277,6.895,6.767,68.0132,3.44907,3.24744,13.3867,14.7089,832.505,845.765,4.67223,0.597984,5.3182,0.257581,6.89758,-4.98409,-4.98409,1.0,1.0,1
11819,30.05.2024 11:35:17.830000,480.13,534.43,6.86277,6.895,6.767,68.0132,3.44907,3.24744,13.3867,14.7089,832.505,845.765,4.67223,0.597984,5.3182,0.257581,6.89758,-4.98409,-4.98409,1.0,1.0,1
11820,30.05.2024 11:35:17.840000,483.426,534.43,6.86277,6.895,6.765,68.5632,3.43233,3.25571,11.9105,16.5933,832.44,845.645,4.75738,0.70219,5.33209,0.258771,6.89758,-4.87558,-4.87558,1.0,1.0,1
11821,30.05.2024 11:35:17.850000,486.886,534.842,6.84839,6.853,6.767,68.8891,3.41975,3.26436,11.0669,15.3471,832.375,845.505,4.79968,0.674774,5.35409,0.250569,6.89589,-4.6658,-4.6658,1.0,1.0,1
11822,30.05.2024 11:35:17.860000,485.321,529.815,6.84839,6.795,6.781,68.8891,3.41617,3.27749,9.39971,16.6126,832.29,845.395,4.84119,0.562403,5.35386,0.243913,6.89589,-4.56452,-4.56452,1.0,1.0,1
11823,30.05.2024 11:35:17.870000,481.86,527.261,6.8611,6.807,6.81,69.3826,3.42748,3.28707,9.39971,16.6126,832.29,845.395,4.84119,0.562403,5.35386,0.243913,6.89502,-4.56452,-4.56452,1.0,1.0,1
11824,30.05.2024 11:35:17.880000,481.86,527.261,6.8611,6.807,6.81,69.3826,3.42748,3.28707,9.39971,16.6126,832.29,845.395,4.84119,0.562403,5.35386,0.243913,6.89502,-4.56452,-4.56452,1.0,1.0,1
11825,30.05.2024 11:35:17.890000,481.86,527.261,6.88217,6.807,6.81,69.7942,3.44467,3.29051,10.5567,15.7419,832.22,845.255,4.66624,0.647966,5.42447,0.277001,6.89502,-4.46325,-4.46325,1.0,1.0,1
11826,30.05.2024 11:35:17.900000,481.86,527.261,6.88217,6.807,6.81,69.7942,3.44467,3.29051,10.5567,15.7419,832.22,845.255,4.66624,0.647966,5.42447,0.277001,6.89502,-4.46325,-4.46325,1.0,1.0,1
11827,30.05.2024 11:35:17.910000,487.051,530.227,6.90251,6.937,6.81,70.0685,3.49154,3.30801,11.5549,18.2871,832.165,845.125,4.66545,0.629087,5.51745,0.230718,6.89355,-4.60793,-4.60793,1.0,1.0,1
11828,30.05.2024 11:35:17.920000,486.227,528.662,6.91836,6.881,6.839,70.475,3.50947,3.31543,13.6933,20.3806,832.07,844.86,4.40356,0.799745,5.78872,0.398519,6.89333,-4.83218,-4.83218,1.0,1.0,1
11829,30.05.2024 11:35:17.930000,486.227,528.662,6.9385,6.881,6.839,70.6362,3.51026,3.3181,13.6933,20.3806,832.07,844.86,4.40356,0.799745,5.78872,0.398519,6.89234,-4.83218,-4.83218,1.0,1.0,1
11830,30.05.2024 11:35:17.940000,486.227,528.662,6.9385,6.881,6.839,70.6362,3.51026,3.3181,13.6933,20.3806,832.07,844.86,4.40356,0.799745,5.78872,0.398519,6.89234,-4.83218,-4.83218,1.0,1.0,1
11831,30.05.2024 11:35:17.950000,486.145,518.774,6.9385,6.857,6.847,70.6362,3.49534,3.32797,15.6233,20.2937,832.005,844.705,4.45528,0.898887,5.7522,0.413434,6.89234,-4.2173,-4.2173,1.0,1.0,1
11832,30.05.2024 11:35:17.960000,486.145,518.774,6.9385,6.857,6.847,70.6362,3.49534,3.32797,15.6233,20.2937,832.005,844.705,4.45528,0.898887,5.7522,0.413434,6.89234,-4.2173,-4.2173,1.0,1.0,1
11833,30.05.2024 11:35:17.970000,486.722,512.182,6.95839,6.939,6.831,70.9915,3.46872,3.3278,13.1085,18.531,831.965,844.565,4.38872,0.991812,5.84558,0.471837,6.89162,-3.7037,-3.7037,1.0,1.0,1
11834,30.05.2024 11:35:17.980000,479.718,483.179,6.9866,6.923,6.833,71.1072,3.44769,3.31806,13.5454,19.6312,831.895,844.41,4.38284,1.0796,5.91651,0.519589,6.89022,-3.7037,-3.7037,1.0,1.0,1
11835,30.05.2024 11:35:17.990000,479.718,483.179,6.9866,6.923,6.856,71.3767,3.44857,3.31249,12.547,18.8503,831.835,844.265,4.31325,1.03165,5.92033,0.577004,6.89022,-3.2552,-3.2552,1.0,1.0,1
11836,30.05.2024 11:35:18.000000,467.688,494.302,7.01276,6.877,6.86,71.3767,3.45451,3.30772,11.805,17.5103,831.785,844.105,4.24352,1.06114,5.61503,0.562535,6.89005,-3.2552,-3.2552,1.0,1.0,1
11837,30.05.2024 11:35:18.010000,467.688,494.302,7.01367,6.877,6.86,71.1386,3.45953,3.30264,11.805,17.5103,831.785,844.105,4.24352,1.06114,5.61503,0.562535,6.88958,-2.85012,-2.85012,1.0,1.0,1
11838,30.05.2024 11:35:18.020000,467.688,494.302,7.01367,6.877,6.86,71.1386,3.45953,3.30264,11.805,17.5103,831.785,844.105,4.24352,1.06114,5.61503,0.562535,6.88958,-2.85012,-2.85012,1.0,1.0,1
11839,30.05.2024 11:35:18.030000,456.564,497.598,7.01367,6.904,6.879,71.1386,3.46839,3.27793,12.5331,16.3552,831.73,843.945,4.25977,1.11495,5.48137,0.444161,6.88958,-2.85012,-2.85012,1.0,1.0,1
11840,30.05.2024 11:35:18.040000,441.073,466.534,7.00446,6.939,6.871,71.3412,3.47105,3.27332,12.8769,14.8889,831.69,843.775,4.09662,1.09751,5.51145,0.462842,6.8895,-2.84288,-2.84288,1.0,1.0,1
11841,30.05.2024 11:35:18.050000,422.287,425.665,7.00446,6.968,6.917,71.3412,3.47452,3.27069,12.689,17.6598,831.65,843.62,4.11229,1.17131,5.65777,0.525315,6.88948,-2.84288,-2.84288,1.0,1.0,1
11842,30.05.2024 11:35:18.060000,422.287,425.665,7.00446,6.968,6.917,71.3412,3.47452,3.27069,12.689,17.6598,831.65,843.62,4.11229,1.17131,5.65777,0.525315,6.88948,-2.84288,-2.84288,1.0,1.0,1
11843,30.05.2024 11:35:18.070000,422.287,396.249,7.00599,6.995,6.917,71.4124,3.47168,3.27738,14.4144,14.7302,831.585,843.45,4.05264,1.24727,5.78679,0.671823,6.88937,-2.79948,-2.79948,1.0,1.0,1
11844,30.05.2024 11:35:18.080000,422.287,396.249,7.00599,6.995,6.917,71.4124,3.47168,3.27738,14.4144,14.7302,831.585,843.45,4.05264,1.24727,5.78679,0.671823,6.88937,-2.79948,-2.79948,1.0,1.0,1
11845,30.05.2024 11:35:18.090000,412.564,377.051,7.01068,7.028,6.904,71.3251,3.4692,3.28232,13.8109,15.0307,831.535,843.305,3.97209,1.22475,5.7916,0.851701,6.88915,-2.20631,-2.20631,1.0,1.0,1
11846,30.05.2024 11:35:18.100000,390.069,353.238,6.99447,7.019,6.951,71.3822,3.45985,3.29016,14.3986,15.7581,831.475,843.145,4.00448,1.26804,5.72457,0.918256,6.88926,-2.21355,-2.21355,1.0,1.0,1
11847,30.05.2024 11:35:18.110000,380.099,343.762,6.99173,7.016,6.917,71.4427,3.46313,3.28903,14.3986,15.7581,831.475,843.145,4.00448,1.26804,5.72457,0.918256,6.88959,-2.21355,-2.21355,1.0,1.0,1
11848,30.05.2024 11:35:18.120000,380.099,343.762,6.99236,7.016,6.917,71.4524,3.46248,3.29048,13.7453,17.1653,831.43,842.975,3.94117,1.39819,5.74025,0.987378,6.88959,-2.48843,-2.48843,1.0,1.0,1
11849,30.05.2024 11:35:18.130000,380.099,343.762,6.99236,7.016,6.917,71.4524,3.46248,3.29048,13.7453,17.1653,831.43,842.975,3.94117,1.39819,5.74025,0.987378,6.88959,-2.48843,-2.48843,1.0,1.0,1
11850,30.05.2024 11:35:18.140000,381.253,324.975,6.99236,6.98,6.914,71.4524,3.46237,3.28694,13.451,16.1862,831.37,842.795,3.916,1.47958,5.79129,1.11469,6.8898,-2.29312,-2.29312,1.0,1.0,1
11851,30.05.2024 11:35:18.150000,381.253,324.975,6.99236,6.98,6.914,71.4524,3.46237,3.28694,13.451,16.1862,831.37,842.795,3.916,1.47958,5.79129,1.11469,6.8898,-2.29312,-2.29312,1.0,1.0,1
11852,30.05.2024 11:35:18.160000,378.616,320.032,6.97914,7.004,6.903,71.4281,3.44896,3.2905,12.0647,15.1707,831.305,842.635,3.7933,1.41234,5.71875,1.40653,6.89012,-1.85185,-1.85185,1.0,1.0,1
11853,30.05.2024 11:35:18.170000,370.953,305.942,6.9419,6.974,6.876,71.5195,3.43866,3.28156,10.5503,13.1769,831.245,842.48,3.60941,1.30429,5.95081,1.55121,6.89086,-1.54804,-1.54804,1.0,1.0,1
11854,30.05.2024 11:35:18.180000,363.455,313.934,6.9419,6.94,6.885,71.5195,3.43357,3.28227,10.0421,13.074,831.21,842.315,3.51252,1.25236,6.04903,1.68771,6.89086,-1.70718,-1.70718,1.0,1.0,1
11855,30.05.2024 11:35:18.190000,335.687,297.455,6.94124,6.953,6.907,71.5209,3.44008,3.28159,10.0421,13.074,831.21,842.315,3.51252,1.25236,6.04903,1.68771,6.89089,-1.70718,-1.70718,1.0,1.0,1
11856,30.05.2024 11:35:18.200000,335.687,297.455,6.94124,6.953,6.907,71.5209,3.44008,3.28159,10.0421,13.074,831.21,842.315,3.51252,1.25236,6.04903,1.68771,6.89089,-1.70718,-1.70718,1.0,1.0,1
11857,30.05.2024 11:35:18.210000,335.687,297.455,6.93691,6.953,6.907,71.5842,3.4484,3.28011,10.8477,13.3373,831.15,842.155,3.59767,1.23138,6.03246,1.68075,6.89089,-1.70718,-1.70718,1.0,1.0,1
11858,30.05.2024 11:35:18.220000,335.687,297.455,6.93691,6.953,6.907,71.5842,3.4484,3.28011,10.8477,13.3373,831.15,842.155,3.59767,1.23138,6.03246,1.68075,6.89089,-1.70718,-1.70718,1.0,1.0,1
11859,30.05.2024 11:35:18.230000,333.792,267.627,6.9376,6.929,6.879,71.5598,3.46075,3.28102,12.6043,14.8093,831.09,841.985,3.56167,1.41247,6.08262,1.77604,6.89191,-1.70718,-1.70718,1.0,1.0,1
11860,30.05.2024 11:35:18.240000,333.792,267.627,6.9376,6.929,6.879,71.5598,3.46075,3.28102,12.6043,14.8093,831.09,841.985,3.56167,1.41247,6.08262,1.77604,6.89191,-1.70718,-1.70718,1.0,1.0,1
11861,30.05.2024 11:35:18.250000,329.425,275.867,6.93977,6.874,6.852,71.6025,3.45507,3.28204,12.5567,14.2966,830.97,841.62,3.51454,1.67015,6.06393,1.95203,6.89225,-1.15018,-1.15018,1.0,1.0,1
11862,30.05.2024 11:35:18.260000,329.425,275.867,6.93977,6.874,6.852,71.6025,3.45507,3.28204,12.5567,14.2966,830.97,841.62,3.51454,1.67015,6.06393,1.95203,6.89225,-1.15018,-1.15018,1.0,1.0,1
11863,30.05.2024 11:35:18.270000,314.511,272.159,6.94501,6.883,6.871,71.6038,3.44169,3.28731,11.6175,14.7878,830.905,841.435,3.48656,1.56806,6.07106,2.01662,6.89286,-1.15018,-1.15018,1.0,1.0,1
11864,30.05.2024 11:35:18.280000,314.511,272.159,6.94501,6.883,6.871,71.6038,3.44169,3.28731,11.6175,14.7878,830.905,841.435,3.48656,1.56806,6.07106,2.01662,6.89286,-1.15018,-1.15018,1.0,1.0,1
11865,30.05.2024 11:35:18.290000,302.893,257.245,6.93993,6.909,6.866,71.6187,3.44024,3.29045,13.0251,16.458,830.865,841.26,3.40018,1.70805,6.02826,2.01656,6.8929,-1.0489,-1.0489,1.0,1.0,1
11866,30.05.2024 11:35:18.300000,292.017,175.507,6.93534,6.93,6.845,71.5896,3.44895,3.2936,12.3374,11.9297,830.795,841.08,3.47168,1.76693,6.07097,1.94775,6.89343,-0.701681,-0.701681,1.0,1.0,1
11867,30.05.2024 11:35:18.310000,286.743,175.507,6.93534,6.93,6.83,71.6741,3.45184,3.29614,12.7363,14.6813,830.735,840.895,3.40689,1.69586,6.00828,1.92956,6.89343,-0.701681,-0.701681,1.0,1.0,1
11868,30.05.2024 11:35:18.320000,286.743,175.507,6.93534,6.93,6.83,71.6741,3.45184,3.29614,12.7363,14.6813,830.735,840.895,3.40689,1.69586,6.00828,1.92956,6.89343,-0.701681,-0.701681,1.0,1.0,1
11869,30.05.2024 11:35:18.330000,271.335,174.435,6.94489,6.872,6.816,71.6741,3.45481,3.29899,12.4776,15.3183,830.67,840.715,3.4067,1.67339,6.00833,1.90512,6.89285,-0.231482,-0.231482,1.0,1.0,1
11870,30.05.2024 11:35:18.340000,271.335,174.435,6.94489,6.872,6.816,71.6741,3.45481,3.29899,12.4776,15.3183,830.67,840.715,3.4067,1.67339,6.00833,1.90512,6.89285,-0.231482,-0.231482,1.0,1.0,1
11871,30.05.2024 11:35:18.350000,251.971,157.05,6.96441,6.899,6.823,71.6323,3.4602,3.30723,12.965,15.3804,830.625,840.545,3.21995,1.72985,6.10798,2.00571,6.89312,-0.101276,-0.101276,1.0,1.0,1
11872,30.05.2024 11:35:18.360000,243.896,127.881,6.96608,6.896,6.831,71.6523,3.46513,3.31282,13.2229,15.0782,830.55,840.37,3.25679,1.70237,6.16104,1.97888,6.89308,-0.101276,-0.101276,1.0,1.0,1
11873,30.05.2024 11:35:18.370000,216.87,112.061,6.96608,6.887,6.823,71.6523,3.46709,3.31307,12.8495,15.0762,830.475,840.19,3.17602,1.70083,5.96407,1.97152,6.89311,0.245951,0.245951,1.0,1.0,1
11874,30.05.2024 11:35:18.380000,216.87,112.061,6.96608,6.887,6.823,71.6523,3.46709,3.31307,12.8495,15.0762,830.475,840.19,3.17602,1.70083,5.96407,1.97152,6.89311,0.245951,0.245951,1.0,1.0,1
11875,30.05.2024 11:35:18.390000,216.87,108.353,6.97386,6.865,6.823,71.6421,3.46394,3.31221,12.1683,14.1914,830.43,840.02,3.08368,1.83157,5.85412,1.97762,6.89276,0.405096,0.405096,1.0,1.0,1
11876,30.05.2024 11:35:18.400000,216.87,108.353,6.97386,6.865,6.823,71.6421,3.46394,3.31221,12.1683,14.1914,830.43,840.02,3.08368,1.83157,5.85412,1.97762,6.89276,0.405096,0.405096,1.0,1.0,1
11877,30.05.2024 11:35:18.410000,178.226,101.843,6.98323,6.879,6.858,71.6348,3.4602,3.3096,11.7267,13.732,830.365,839.835,3.09603,2.05108,5.91126,1.94009,6.89292,0.397861,0.397861,1.0,1.0,1
11878,30.05.2024 11:35:18.420000,178.226,101.843,6.98323,6.879,6.858,71.6348,3.4602,3.3096,11.7267,13.732,830.365,839.835,3.09603,2.05108,5.91126,1.94009,6.89292,0.397861,0.397861,1.0,1.0,1
11879,30.05.2024 11:35:18.430000,145.514,75.8056,6.97078,6.91,6.892,71.6566,3.47056,3.30872,13.2162,15.8806,830.295,839.635,3.0886,2.18933,6.07706,1.88626,6.89304,0.824653,0.824653,1.0,1.0,1
11880,30.05.2024 11:35:18.440000,145.514,75.8056,6.97078,6.91,6.892,71.6566,3.47056,3.30872,13.2162,15.8806,830.295,839.635,3.0886,2.18933,6.07706,1.88626,6.89304,0.824653,0.824653,1.0,1.0,1
11881,30.05.2024 11:35:18.450000,116.263,-35.7605,6.9665,6.972,6.901,71.6729,3.47865,3.30853,14.1012,14.2415,830.22,839.44,3.14488,2.23815,6.18766,1.7521,6.89283,0.839129,0.839129,1.0,1.0,1
11882,30.05.2024 11:35:18.460000,116.263,-35.7605,6.9665,6.972,6.901,71.6729,3.47865,3.30853,14.1012,14.2415,830.22,839.44,3.14488,2.23815,6.18766,1.7521,6.89283,0.839129,0.839129,1.0,1.0,1
11883,30.05.2024 11:35:18.470000,111.896,-52.8992,6.95694,6.891,6.892,71.6845,3.47188,3.30506,12.4739,11.3764,830.155,839.23,2.94498,2.30103,6.28788,1.85266,6.89282,1.28038,1.28038,1.0,1.0,1
11884,30.05.2024 11:35:18.480000,111.896,-52.8992,6.95694,6.891,6.892,71.6845,3.47188,3.30506,12.4739,11.3764,830.155,839.23,2.94498,2.30103,6.28788,1.85266,6.89282,1.28038,1.28038,1.0,1.0,1
11885,30.05.2024 11:35:18.490000,104.068,-97.4762,6.95491,6.871,6.847,71.686,3.46146,3.30243,11.7352,13.9413,830.02,838.825,2.82464,1.96541,6.6706,1.94856,6.89305,1.63484,1.63484,1.0,1.0,1
11886,30.05.2024 11:35:18.500000,69.5434,-105.139,6.95994,6.863,6.882,71.719,3.45454,3.30719,12.5845,12.4411,829.955,838.665,2.79665,1.96072,7.00506,1.9146,6.8931,2.01823,2.01823,1.0,1.0,1
11887,30.05.2024 11:35:18.510000,30.9814,-105.634,6.94776,6.861,6.897,71.6672,3.45517,3.30724,12.5845,12.4411,829.955,838.665,2.79665,1.96072,7.00506,1.9146,6.89345,2.01823,2.01823,1.0,1.0,1
11888,30.05.2024 11:35:18.520000,30.9814,-105.634,6.94776,6.861,6.897,71.6672,3.45517,3.30724,12.5845,12.4411,829.955,838.665,2.79665,1.96072,7.00506,1.9146,6.89345,2.01823,2.01823,1.0,1.0,1
11889,30.05.2024 11:35:18.530000,30.9814,-105.634,6.94822,6.861,6.897,71.6199,3.45878,3.30606,11.2052,12.2493,829.89,838.495,2.79762,2.09365,7.27089,1.9145,6.89345,1.83015,1.83015,1.0,1.0,1
11890,30.05.2024 11:35:18.540000,30.9814,-105.634,6.94822,6.861,6.897,71.6199,3.45878,3.30606,11.2052,12.2493,829.89,838.495,2.79762,2.09365,7.27089,1.9145,6.89345,1.83015,1.83015,1.0,1.0,1
11891,30.05.2024 11:35:18.550000,13.0188,-135.461,6.95087,6.908,6.857,71.6193,3.47153,3.30683,11.2751,13.9165,829.825,838.315,2.80579,2.32214,7.45582,1.93889,6.8942,1.83015,1.83015,1.0,1.0,1
11892,30.05.2024 11:35:18.560000,-14.0076,-164.96,6.9488,6.878,6.829,71.6319,3.46871,3.30613,11.5838,11.091,829.66,837.91,2.75333,2.54568,7.71821,2.01251,6.89444,3.11053,3.11053,1.0,1.0,1
11893,30.05.2024 11:35:18.570000,-14.0076,-164.96,6.93648,6.878,6.829,71.6724,3.4652,3.30516,11.5838,11.091,829.66,837.91,2.75333,2.54568,7.71821,2.01251,6.89471,3.11053,3.11053,1.0,1.0,1
11894,30.05.2024 11:35:18.580000,-14.0076,-164.96,6.93648,6.878,6.829,71.6724,3.4652,3.30516,11.5838,11.091,829.66,837.91,2.75333,2.54568,7.71821,2.01251,6.89471,3.11053,3.11053,1.0,1.0,1
11895,30.05.2024 11:35:18.590000,-38.562,-184.982,6.93648,6.866,6.818,71.6724,3.4527,3.30657,11.5565,10.8416,829.575,837.68,2.66181,2.43196,7.7452,2.04569,6.89471,3.64584,3.64584,1.0,1.0,1
11896,30.05.2024 11:35:18.600000,-38.562,-184.982,6.93648,6.866,6.818,71.6724,3.4527,3.30657,11.5565,10.8416,829.575,837.68,2.66181,2.43196,7.7452,2.04569,6.89471,3.64584,3.64584,1.0,1.0,1
11897,30.05.2024 11:35:18.610000,-62.7044,-199.896,6.94378,6.887,6.81,71.7068,3.43616,3.30688,11.4462,12.0296,829.49,837.495,2.47756,2.46206,7.37969,2.04971,6.89506,3.64584,3.64584,1.0,1.0,1
11898,30.05.2024 11:35:18.620000,-79.1839,-272.571,6.9382,6.913,6.803,71.6922,3.42187,3.30175,9.32121,13.8111,829.405,837.305,2.45722,2.34969,7.43573,1.99273,6.89626,4.60069,4.60069,1.0,1.0,1
11899,30.05.2024 11:35:18.630000,-103.326,-272.571,6.9382,6.913,6.804,71.7169,3.42083,3.30172,9.49732,10.3445,829.34,837.15,2.44847,2.59354,7.48301,2.00476,6.89626,4.61517,4.61517,0.0,1.0,1
11900,30.05.2024 11:35:18.640000,-104.15,-281.058,6.94035,6.896,6.82,71.7169,3.42369,3.30076,10.232,11.5623,829.24,836.96,2.5279,3.06616,7.33934,1.98005,6.89629,4.61517,4.61517,0.0,1.0,1
11901,30.05.2024 11:35:18.650000,-104.15,-281.058,6.9541,6.896,6.82,71.7158,3.42579,3.2995,10.232,11.5623,829.24,836.96,2.5279,3.06616,7.33934,1.98005,6.89646,4.61517,4.61517,0.0,1.0,1
11902,30.05.2024 11:35:18.660000,-104.15,-281.058,6.9541,6.896,6.82,71.7158,3.42579,3.2995,10.232,11.5623,829.24,836.96,2.5279,3.06616,7.33934,1.98005,6.89646,4.61517,4.61517,0.0,1.0,1
11903,30.05.2024 11:35:18.670000,-113.379,-285.26,6.9541,6.875,6.823,71.7158,3.43727,3.3015,10.1274,11.7047,829.145,836.745,2.48582,3.25543,7.26595,2.0809,6.89646,5.67853,5.67853,0.0,1.0,1
11904,30.05.2024 11:35:18.680000,-113.379,-285.26,6.9541,6.875,6.823,71.7158,3.43727,3.3015,10.1274,11.7047,829.145,836.745,2.48582,3.25543,7.26595,2.0809,6.89646,5.67853,5.67853,0.0,1.0,1
11905,30.05.2024 11:35:18.690000,-116.51,-298.608,6.9808,6.884,6.808,71.7797,3.44953,3.30662,9.52855,11.7113,829.065,836.525,2.4092,3.21333,6.87897,2.08262,6.89691,5.67853,5.67853,0.0,1.0,1
11906,30.05.2024 11:35:18.700000,-119.311,-352.249,6.98183,6.88,6.829,71.7661,3.46194,3.31009,10.7897,14.0536,828.95,836.3,2.32306,3.20566,6.75555,2.09028,6.89719,7.00232,7.00232,0.0,1.0,1
11907,30.05.2024 11:35:18.710000,-119.311,-352.249,6.98183,6.88,6.829,71.7661,3.46194,3.31009,10.7897,14.0536,828.95,836.3,2.32306,3.20566,6.75555,2.09028,6.89719,7.00232,7.00232,0.0,1.0,1
11908,30.05.2024 11:35:18.720000,-140.323,-352.249,6.98183,6.88,6.836,71.7549,3.46512,3.31189,10.4706,11.7517,828.855,836.115,2.23495,3.00081,6.63317,2.12293,6.89719,7.26996,7.26996,0.0,1.0,1
11909,30.05.2024 11:35:18.730000,-140.323,-352.249,6.98183,6.88,6.836,71.7549,3.46512,3.31189,10.4706,11.7517,828.855,836.115,2.23495,3.00081,6.63317,2.12293,6.89719,7.26996,7.26996,0.0,1.0,1
11910,30.05.2024 11:35:18.740000,-152.847,-348.624,6.98741,6.907,6.819,71.764,3.46369,3.31527,10.6907,11.9545,828.78,835.97,2.1762,3.0166,6.2916,2.09631,6.89704,7.364,7.364,0.0,1.0,1
11911,30.05.2024 11:35:18.750000,-190.668,-347.305,6.98314,6.893,6.851,71.7291,3.45894,3.3262,11.0852,12.8083,828.585,835.605,2.31527,3.76642,6.47804,2.15442,6.8971,7.37123,7.37123,0.0,1.0,1
11912,30.05.2024 11:35:18.760000,-190.668,-347.305,6.98599,6.893,6.851,71.7619,3.45911,3.32958,11.0852,12.8083,828.585,835.605,2.31527,3.76642,6.47804,2.15442,6.8971,7.43635,7.43635,0.0,1.0,1
11913,30.05.2024 11:35:18.770000,-190.668,-347.305,6.98599,6.893,6.851,71.7619,3.45911,3.32958,11.0852,12.8083,828.585,835.605,2.31527,3.76642,6.47804,2.15442,6.8971,7.43635,7.43635,0.0,1.0,1
11914,30.05.2024 11:35:18.780000,-212.503,-349.365,6.98599,6.884,6.891,71.7619,3.46002,3.33119,11.782,13.5788,828.515,835.4,2.38281,3.95495,6.38312,2.19782,6.89726,7.7908,7.7908,0.0,1.0,1
11915,30.05.2024 11:35:18.790000,-212.503,-349.365,6.98599,6.884,6.891,71.7619,3.46002,3.33119,11.782,13.5788,828.515,835.4,2.38281,3.95495,6.38312,2.19782,6.89726,7.7908,7.7908,0.0,1.0,1
11916,30.05.2024 11:35:18.800000,-230.96,-348.871,6.97861,6.928,6.878,71.864,3.45317,3.32873,11.1793,12.1276,828.385,835.21,2.57263,3.92344,6.49025,2.29728,6.89714,7.60271,7.60271,0.0,1.0,1
11917,30.05.2024 11:35:18.810000,-242.743,-351.178,6.97974,6.956,6.897,71.7791,3.4518,3.33083,10.304,12.0053,828.25,835.025,2.56494,3.96351,6.46782,2.32929,6.89718,7.80527,7.80527,0.0,1.0,1
11918,30.05.2024 11:35:18.820000,-242.743,-351.178,6.97974,6.956,6.897,71.7791,3.4518,3.33083,10.304,12.0053,828.25,835.025,2.56494,3.96351,6.46782,2.32929,6.89718,7.80527,7.80527,0.0,1.0,1
11919,30.05.2024 11:35:18.830000,-256.503,-349.695,6.97974,6.955,6.883,71.7791,3.4557,3.32888,11.039,13.8123,828.185,834.855,2.45842,3.9816,6.55852,2.39221,6.89718,8.05122,8.05122,0.0,1.0,1
11920,30.05.2024 11:35:18.840000,-256.503,-349.695,6.97974,6.955,6.883,71.7791,3.4557,3.32888,11.039,13.8123,828.185,834.855,2.45842,3.9816,6.55852,2.39221,6.89718,8.05122,8.05122,0.0,1.0,1
11921,30.05.2024 11:35:18.850000,-278.174,-350.519,6.97328,6.934,6.872,71.9714,3.46951,3.32497,10.9652,12.7395,828.09,834.72,2.54759,4.0141,6.73368,2.58159,6.89723,8.05122,8.05122,0.0,1.0,1
11922,30.05.2024 11:35:18.860000,-278.174,-350.519,6.97328,6.934,6.872,71.9714,3.46951,3.32497,10.9652,12.7395,828.09,834.72,2.54759,4.0141,6.73368,2.58159,6.89723,8.05122,8.05122,0.0,1.0,1
11923,30.05.2024 11:35:18.870000,-287.402,-348.129,6.96223,6.944,6.868,71.8717,3.49126,3.32957,10.1462,11.8755,827.955,834.55,2.74397,4.4845,6.76351,2.83437,6.89771,7.95718,7.95718,0.0,1.0,1
11924,30.05.2024 11:35:18.880000,-297.043,-341.29,6.95646,6.953,6.853,71.9094,3.50331,3.33345,13.1719,13.8942,827.745,834.17,2.52339,4.53084,7.05004,3.08166,6.89858,7.85591,7.85591,0.0,1.0,1
11925,30.05.2024 11:35:18.890000,-297.043,-341.29,6.95778,6.953,6.853,71.8714,3.50627,3.33585,13.1719,13.8942,827.745,834.17,2.52339,4.53084,7.05004,3.08166,6.89879,7.85591,7.85591,0.0,1.0,1
11926,30.05.2024 11:35:18.900000,-297.043,-341.29,6.95778,6.953,6.853,71.8714,3.50627,3.33585,13.1719,13.8942,827.745,834.17,2.52339,4.53084,7.05004,3.08166,6.89879,7.85591,7.85591,0.0,1.0,1
11927,30.05.2024 11:35:18.910000,-308.578,-346.069,6.95778,6.958,6.868,71.8714,3.50757,3.33884,12.8901,11.3582,827.64,834.03,2.61909,4.42531,7.07174,3.11131,6.89879,8.24653,8.24653,0.0,1.0,1
11928,30.05.2024 11:35:18.920000,-308.578,-346.069,6.95778,6.958,6.868,71.8714,3.50757,3.33884,12.8901,11.3582,827.64,834.03,2.61909,4.42531,7.07174,3.11131,6.89879,8.24653,8.24653,0.0,1.0,1
11929,30.05.2024 11:35:18.930000,-312.204,-339.972,6.96798,6.899,6.878,71.8065,3.49903,3.33786,12.8842,12.9457,827.545,833.9,2.59175,4.48866,7.13281,3.14856,6.8993,8.25377,8.25377,0.0,1.0,1
11930,30.05.2024 11:35:18.940000,-311.545,-343.021,6.96809,6.883,6.849,71.8388,3.46919,3.33529,11.8051,11.5834,827.43,833.77,2.55289,4.57521,7.33243,3.26686,6.90009,8.25377,8.25377,0.0,1.0,1
11931,30.05.2024 11:35:18.950000,-305.035,-343.021,6.96809,6.883,6.83,71.8539,3.45677,3.33396,9.73683,11.6938,827.335,833.615,2.64516,4.9807,7.48097,3.46198,6.90009,8.41291,8.41291,0.0,1.0,1
11932,30.05.2024 11:35:18.960000,-305.283,-343.268,6.96509,6.904,6.821,71.8539,3.44629,3.33354,9.68917,10.1091,827.27,833.455,2.59611,4.99545,7.42745,3.87973,6.90089,8.41291,8.41291,0.0,1.0,1
11933,30.05.2024 11:35:18.970000,-305.283,-343.268,6.96149,6.904,6.821,71.8183,3.43876,3.33468,9.68917,10.1091,827.27,833.455,2.59611,4.99545,7.42745,3.87973,6.90102,8.11632,8.11632,0.0,1.0,1
11934,30.05.2024 11:35:18.980000,-305.283,-343.268,6.96149,6.904,6.821,71.8183,3.43876,3.33468,9.68917,10.1091,827.27,833.455,2.59611,4.99545,7.42745,3.87973,6.90102,8.11632,8.11632,0.0,1.0,1
11935,30.05.2024 11:35:18.990000,-308.002,-339.56,6.96149,6.896,6.831,71.8183,3.43246,3.33167,8.93142,11.9763,827.155,833.335,2.83941,5.03714,7.40562,3.91909,6.90102,8.11632,8.11632,0.0,1.0,1
11936,30.05.2024 11:35:19.000000,-312.286,-345.08,6.99318,6.886,6.853,71.69,3.43972,3.33107,7.95335,11.5208,827.055,833.22,3.03171,5.27158,7.52217,3.96657,6.90184,8.21036,8.21036,0.0,1.0,1
11937,30.05.2024 11:35:19.010000,-312.286,-345.08,6.99318,6.886,6.853,71.69,3.43972,3.33107,7.95335,11.5208,827.055,833.22,3.03171,5.27158,7.52217,3.96657,6.90184,8.21036,8.21036,0.0,1.0,1
11938,30.05.2024 11:35:19.020000,-311.792,-340.796,6.99318,6.89,6.844,71.69,3.4455,3.32985,8.75549,7.50836,826.96,833.095,3.19046,5.39188,7.52145,4.20448,6.90203,8.30439,8.30439,0.0,1.0,1
11939,30.05.2024 11:35:19.030000,-311.792,-340.796,6.99318,6.89,6.844,71.69,3.4455,3.32985,8.75549,7.50836,826.96,833.095,3.19046,5.39188,7.52145,4.20448,6.90203,8.30439,8.30439,0.0,1.0,1
11940,30.05.2024 11:35:19.040000,-312.616,-346.152,6.98758,6.897,6.841,71.7159,3.46675,3.33108,8.57566,9.88795,826.86,832.98,3.34198,5.47085,7.55496,4.31411,6.90177,9.14352,9.14352,0.0,1.0,1
11941,30.05.2024 11:35:19.050000,-312.616,-346.152,6.98758,6.897,6.841,71.7159,3.46675,3.33108,8.57566,9.88795,826.86,832.98,3.34198,5.47085,7.55496,4.31411,6.90177,9.14352,9.14352,0.0,1.0,1
11942,30.05.2024 11:35:19.060000,-306.189,-344.092,7.006,6.915,6.851,71.6726,3.47759,3.33173,8.38721,11.3446,826.75,832.835,3.45749,5.70351,7.9491,4.31749,6.90209,9.15076,9.15076,0.0,1.0,1
11943,30.05.2024 11:35:19.070000,-313.193,-346.069,7.02082,6.931,6.858,71.6991,3.47817,3.33218,10.4133,9.7908,826.59,832.63,3.51768,5.56259,8.16583,4.53308,6.90224,8.76013,8.76013,0.0,1.0,1
11944,30.05.2024 11:35:19.080000,-313.193,-346.069,7.01243,6.931,6.858,71.7314,3.47541,3.33243,10.4133,9.7908,826.59,832.63,3.51768,5.56259,8.16583,4.53308,6.90224,9.11459,9.11459,0.0,1.0,1
11945,30.05.2024 11:35:19.090000,-309.814,-341.702,7.01243,6.945,6.875,71.7314,3.47207,3.33209,11.2941,10.9202,826.505,832.515,3.545,5.82398,8.27778,4.67482,6.90215,9.06394,9.06394,0.0,1.0,1
11946,30.05.2024 11:35:19.100000,-309.814,-344.009,7.02329,6.934,6.875,71.7554,3.46053,3.33221,11.2941,10.9202,826.505,832.515,3.545,5.82398,8.27778,4.67482,6.90227,9.06394,9.06394,0.0,1.0,1
11947,30.05.2024 11:35:19.110000,-309.814,-344.009,7.02329,6.934,6.875,71.7554,3.46053,3.33221,11.2941,10.9202,826.505,832.515,3.545,5.82398,8.27778,4.67482,6.90227,9.06394,9.06394,0.0,1.0,1
11948,30.05.2024 11:35:19.120000,-304.294,-344.009,7.02329,6.934,6.882,71.7828,3.4523,3.33299,10.7011,9.66506,826.405,832.385,3.64408,5.87546,8.33428,4.74559,6.90227,9.01331,9.01331,0.0,1.0,1
11949,30.05.2024 11:35:19.130000,-304.294,-344.009,7.02329,6.934,6.882,71.7828,3.4523,3.33299,10.7011,9.66506,826.405,832.385,3.64408,5.87546,8.33428,4.74559,6.90227,9.01331,9.01331,0.0,1.0,1
11950,30.05.2024 11:35:19.140000,-305.447,-347.717,7.00846,6.99,6.898,71.8091,3.43958,3.33314,9.41513,8.68825,826.35,832.29,3.64608,5.79866,8.39017,4.72987,6.90278,8.8614,8.8614,0.0,1.0,1
11951,30.05.2024 11:35:19.150000,-305.447,-347.717,7.00846,6.99,6.898,71.8091,3.43958,3.33314,9.41513,8.68825,826.35,832.29,3.64608,5.79866,8.39017,4.72987,6.90278,8.8614,8.8614,0.0,1.0,1
11952,30.05.2024 11:35:19.160000,-312.698,-345.328,7.00464,7.024,6.943,71.8227,3.43356,3.33542,8.51124,9.81591,826.21,832.1,3.90372,6.00076,8.67779,4.98774,6.90259,8.8614,8.8614,0.0,1.0,1
11953,30.05.2024 11:35:19.170000,-312.698,-345.328,7.00464,7.024,6.943,71.8227,3.43356,3.33542,8.51124,9.81591,826.21,832.1,3.90372,6.00076,8.67779,4.98774,6.90259,8.8614,8.8614,0.0,1.0,1
11954,30.05.2024 11:35:19.180000,-305.283,-343.432,7.00403,6.999,6.915,71.8135,3.44774,3.33759,8.36469,12.7383,826.12,831.98,4.06117,5.95283,8.74931,5.11795,6.90274,9.31712,9.31712,0.0,1.0,1
11955,30.05.2024 11:35:19.190000,-305.283,-343.432,7.00403,6.999,6.915,71.8135,3.44774,3.33759,8.36469,12.7383,826.12,831.98,4.06117,5.95283,8.74931,5.11795,6.90274,9.31712,9.31712,0.0,1.0,1
11956,30.05.2024 11:35:19.200000,-308.331,-340.466,7.00413,7.01,6.907,71.8113,3.48323,3.34034,10.0525,11.005,826.025,831.875,4.02886,5.7715,8.79901,5.3386,6.90332,9.78009,9.78009,0.0,1.0,1
11957,30.05.2024 11:35:19.210000,-304.706,-343.432,6.99493,6.976,6.917,71.7624,3.50361,3.34803,10.4046,11.1497,825.945,831.77,3.84088,5.62523,8.85045,5.50382,6.90418,9.78009,9.78009,0.0,1.0,1
11958,30.05.2024 11:35:19.220000,-304.706,-343.432,6.99493,6.976,6.917,71.7624,3.50361,3.34803,10.4046,11.1497,825.945,831.77,3.84088,5.62523,8.85045,5.50382,6.90418,9.78009,9.78009,0.0,1.0,1
11959,30.05.2024 11:35:19.230000,-309.897,-340.301,6.99493,6.98,6.901,71.7624,3.51545,3.35314,11.5734,12.382,825.93,831.685,3.57694,5.30659,8.89468,5.66633,6.90418,10.1128,10.1128,0.0,1.0,1
11960,30.05.2024 11:35:19.240000,-309.897,-340.301,6.99493,6.98,6.901,71.7624,3.51545,3.35314,11.5734,12.382,825.93,831.685,3.57694,5.30659,8.89468,5.66633,6.90418,10.1128,10.1128,0.0,1.0,1
11961,30.05.2024 11:35:19.250000,-309.567,-344.339,6.98457,7.002,6.876,71.7579,3.52327,3.35881,12.8174,8.62595,825.91,831.66,3.81685,5.35718,9.09093,5.8757,6.90444,9.67882,9.67882,0.0,1.0,1
11962,30.05.2024 11:35:19.260000,-309.485,-342.773,6.97981,6.956,6.865,71.7363,3.52177,3.35722,12.3599,11.7637,825.86,831.595,4.15317,5.87266,9.12876,6.18498,6.90552,9.66436,9.66436,0.0,1.0,1
11963,30.05.2024 11:35:19.270000,-307.507,-342.773,6.97981,6.956,6.883,71.74,3.51527,3.35596,13.824,10.738,825.82,831.46,4.39785,6.06424,9.19081,6.38127,6.90552,9.66436,9.66436,0.0,1.0,1
11964,30.05.2024 11:35:19.280000,-308.578,-343.432,6.97503,6.94,6.852,71.74,3.50799,3.35652,11.0588,10.6577,825.755,831.33,4.66805,5.84743,9.24663,6.66133,6.90594,9.66436,9.66436,0.0,1.0,1
11965,30.05.2024 11:35:19.290000,-308.578,-343.432,6.98553,6.94,6.852,71.7489,3.4953,3.35821,11.0588,10.6577,825.755,831.33,4.66805,5.84743,9.24663,6.66133,6.90663,10.5179,10.5179,0.0,1.0,1
11966,30.05.2024 11:35:19.300000,-308.578,-343.432,6.98553,6.94,6.852,71.7489,3.4953,3.35821,11.0588,10.6577,825.755,831.33,4.66805,5.84743,9.24663,6.66133,6.90663,10.5179,10.5179,0.0,1.0,1
11967,30.05.2024 11:35:19.310000,-312.451,-348.541,6.98553,6.928,6.843,71.7489,3.47676,3.36033,9.59666,11.0665,825.725,831.265,4.82307,5.47516,9.22796,6.9173,6.90663,10.5179,10.5179,0.0,1.0,1
11968,30.05.2024 11:35:19.320000,-308.578,-340.137,6.97697,6.927,6.858,71.8023,3.46608,3.35833,9.96113,11.4246,825.72,831.24,5.09561,5.47594,9.29941,7.13225,6.9073,10.0405,10.0405,0.0,1.0,1
11969,30.05.2024 11:35:19.330000,-310.803,-344.504,6.97697,6.939,6.846,71.8023,3.46557,3.35782,8.97628,10.818,825.68,831.2,5.53955,5.86249,9.32931,7.52078,6.90815,10.0694,10.0694,0.0,1.0,1
11970,30.05.2024 11:35:19.340000,-310.803,-346.316,6.98121,6.906,6.846,71.8184,3.47331,3.35832,8.97628,10.818,825.68,831.2,5.53955,5.86249,9.32931,7.52078,6.9087,10.0694,10.0694,0.0,1.0,1
11971,30.05.2024 11:35:19.350000,-310.803,-346.316,6.98121,6.906,6.846,71.8184,3.47331,3.35832,8.97628,10.818,825.68,831.2,5.53955,5.86249,9.32931,7.52078,6.9087,10.0694,10.0694,0.0,1.0,1
11972,30.05.2024 11:35:19.360000,-306.354,-346.316,6.98121,6.906,6.856,71.8385,3.48041,3.35781,8.38391,11.7254,825.625,831.11,5.98915,6.31817,9.33767,8.1616,6.9087,10.026,10.026,0.0,1.0,1
11973,30.05.2024 11:35:19.370000,-306.354,-346.316,6.98121,6.906,6.856,71.8385,3.48041,3.35781,8.38391,11.7254,825.625,831.11,5.98915,6.31817,9.33767,8.1616,6.9087,10.026,10.026,0.0,1.0,1
11974,30.05.2024 11:35:19.380000,-308.166,-343.515,6.9971,6.909,6.842,71.8037,3.49557,3.3576,10.5727,8.71218,825.6,831.01,6.15601,6.42452,9.37552,8.63675,6.90915,10.2069,10.2069,0.0,1.0,1
11975,30.05.2024 11:35:19.390000,-308.496,-349.942,7.00051,6.909,6.879,71.7987,3.5042,3.35954,10.9131,11.4484,825.55,830.855,6.41437,6.22364,9.69276,9.24998,6.90902,10.272,10.272,0.0,1.0,1
11976,30.05.2024 11:35:19.400000,-308.496,-349.942,7.01513,6.909,6.879,71.8556,3.50162,3.35915,10.9131,11.4484,825.55,830.855,6.41437,6.22364,9.69276,9.24998,6.90902,10.272,10.272,0.0,1.0,1
11977,30.05.2024 11:35:19.410000,-308.496,-349.942,7.01513,6.909,6.879,71.8556,3.50162,3.35915,10.9131,11.4484,825.55,830.855,6.41437,6.22364,9.69276,9.24998,6.90902,10.272,10.272,0.0,1.0,1
11978,30.05.2024 11:35:19.420000,-309.732,-342.526,7.01513,6.899,6.871,71.8556,3.49765,3.35808,9.65194,9.82559,825.515,830.83,6.57648,6.2355,9.7002,9.57401,6.90938,10.2286,10.2286,0.0,1.0,1
11979,30.05.2024 11:35:19.430000,-309.732,-342.526,7.01513,6.899,6.871,71.8556,3.49765,3.35808,9.65194,9.82559,825.515,830.83,6.57648,6.2355,9.7002,9.57401,6.90938,10.2286,10.2286,0.0,1.0,1
11980,30.05.2024 11:35:19.440000,-308.661,-344.504,7.01176,6.883,6.867,71.7843,3.48104,3.35552,9.80528,10.9236,825.505,830.76,6.61127,6.44325,9.73393,9.96865,6.90971,9.98987,9.98987,0.0,1.0,1
11981,30.05.2024 11:35:19.450000,-307.837,-344.586,7.01432,6.904,6.886,71.7978,3.46653,3.35341,9.43023,10.6261,825.52,830.695,6.80194,6.5754,9.85501,10.2553,6.91019,9.94647,9.94647,0.0,1.0,1
11982,30.05.2024 11:35:19.460000,-312.863,-344.092,7.01432,6.946,6.894,71.7978,3.4517,3.3544,8.61402,8.13838,825.49,830.645,7.07374,6.37934,9.72233,10.3623,6.91019,9.94647,9.94647,0.0,1.0,1
11983,30.05.2024 11:35:19.470000,-313.44,-340.054,7.01224,6.942,6.898,71.7927,3.4477,3.35507,8.61402,8.13838,825.49,830.645,7.07374,6.37934,9.72233,10.3623,6.91036,9.94647,9.94647,0.0,1.0,1
11984,30.05.2024 11:35:19.480000,-313.44,-340.054,7.01224,6.942,6.898,71.7927,3.4477,3.35507,8.61402,8.13838,825.49,830.645,7.07374,6.37934,9.72233,10.3623,6.91036,9.94647,9.94647,0.0,1.0,1
11985,30.05.2024 11:35:19.490000,-313.44,-340.054,7.00762,6.942,6.898,71.7769,3.44621,3.35431,8.45848,10.7585,825.46,830.6,7.22848,6.46208,9.71875,10.4743,6.91036,9.67882,9.67882,0.0,1.0,1
11986,30.05.2024 11:35:19.500000,-313.44,-340.054,7.00762,6.942,6.898,71.7769,3.44621,3.35431,8.45848,10.7585,825.46,830.6,7.22848,6.46208,9.71875,10.4743,6.91036,9.67882,9.67882,0.0,1.0,1
11987,30.05.2024 11:35:19.510000,-309.979,-346.399,7.00733,6.931,6.918,71.7295,3.45204,3.35598,7.11449,8.79526,825.47,830.56,7.32429,6.55812,9.97612,10.5014,6.91067,9.67882,9.67882,0.0,1.0,1
11988,30.05.2024 11:35:19.520000,-303.058,-344.751,7.00251,6.939,6.915,71.7553,3.46618,3.35869,8.7267,9.28802,825.47,830.5,7.64666,6.79862,10.2619,10.6464,6.91073,9.63541,9.63541,0.0,1.0,1
11989,30.05.2024 11:35:19.530000,-303.058,-344.751,7.00251,6.939,6.915,71.7553,3.46618,3.35869,8.7267,9.28802,825.47,830.5,7.64666,6.79862,10.2619,10.6464,6.91073,9.63541,9.63541,0.0,1.0,1
11990,30.05.2024 11:35:19.540000,-303.058,-344.751,6.99452,6.939,6.915,71.7675,3.47641,3.35944,9.89476,10.0096,825.47,830.455,7.86299,6.94309,10.5929,10.8153,6.9113,9.63541,9.63541,0.0,1.0,1
11991,30.05.2024 11:35:19.550000,-310.309,-342.856,6.97869,7.006,6.904,71.7512,3.5032,3.37179,10.1053,10.8333,825.45,830.395,8.02988,7.03504,11.0753,10.9972,6.9115,9.63541,9.63541,0.0,1.0,1
11992,30.05.2024 11:35:19.560000,-310.309,-342.856,6.97635,7.006,6.904,71.7709,3.50925,3.37691,10.1053,10.8333,825.45,830.395,8.02988,7.03504,11.0753,10.9972,6.9115,9.08564,9.08564,0.0,1.0,1
11993,30.05.2024 11:35:19.570000,-309.567,-346.481,6.97635,6.979,6.897,71.7709,3.51116,3.384,11.0421,8.13464,825.45,830.35,8.11958,6.87028,11.2818,11.1428,6.9117,9.8452,9.8452,0.0,1.0,1
11994,30.05.2024 11:35:19.580000,-309.567,-346.481,6.97635,6.979,6.897,71.7709,3.51116,3.384,11.0421,8.13464,825.45,830.35,8.11958,6.87028,11.2818,11.1428,6.9117,9.8452,9.8452,0.0,1.0,1
11995,30.05.2024 11:35:19.590000,-309.567,-346.234,6.96824,6.947,6.897,71.7432,3.52171,3.39345,12.0568,11.9488,825.44,830.335,8.25416,6.83969,11.2351,11.206,6.91203,9.8452,9.8452,0.0,1.0,1
11996,30.05.2024 11:35:19.600000,-307.919,-349.2,6.96088,6.954,6.889,71.7735,3.52292,3.39487,11.5896,14.1503,825.435,830.31,8.1012,6.93615,11.0508,11.3541,6.91278,9.87413,9.87413,0.0,1.0,1
11997,30.05.2024 11:35:19.610000,-307.919,-349.2,6.96233,6.954,6.889,71.7822,3.52119,3.39347,11.5896,14.1503,825.435,830.31,8.1012,6.93615,11.0508,11.3541,6.91282,9.87413,9.87413,0.0,1.0,1
11998,30.05.2024 11:35:19.620000,-307.919,-349.2,6.96233,6.954,6.889,71.7822,3.52119,3.39347,11.5896,14.1503,825.435,830.31,8.1012,6.93615,11.0508,11.3541,6.91282,9.87413,9.87413,0.0,1.0,1
11999,30.05.2024 11:35:19.630000,-312.533,-348.788,6.96233,6.938,6.865,71.7822,3.51192,3.39289,11.3113,11.3391,825.435,830.285,8.00457,6.9525,10.9789,11.5273,6.91282,9.62819,9.62819,0.0,1.0,1
