,time,Pinceur Inf Mesure de courant,Pinceur Sup Mesure de courant,Mandrin - Vitesse Actuelle,Pinceur Sup Mesure vitesse lineaire,Pinceur Inf Mesure vitesse lineaire,Mandrin - Mesure Expansion,Pinceur Nord Position entrefer estimee,Pinceur Sud Position entrefer estimee,Pinceur Nord Force entrefer calibree,Pinceur Sud Force entrefer calibree,Guides Nord Entree Position mesuree,Guides Nord Sortie Position mesuree,Guides Nord Entree Force pour regulateur PI,Guides Nord Sortie Force pour regulateur PI,Guides Sud Entree Force pour regulateur PI,Guides Sud Sortie Force pour regulateur PI,Mandrin - Vitesse Actuelle F10,_Excentrage largeur bande jauge bob,_Excentrage largeur bande jauge bob.1,TDB pinceur,Fenetre,Declancheur
19200,30.05.2024 13:36:28.810000,113.873,112.637,8.42568,8.503,8.155,38.8913,4.12899,3.99654,67.4454,76.4917,907.34,898.945,5.90978,5.41886,0.836842,-1.07181,7.33524,41.616,41.616,1.0,1.0,1
19201,30.05.2024 13:36:28.820000,113.873,112.637,8.42568,8.503,8.155,38.8913,4.12899,3.99654,67.4454,76.4917,907.34,898.945,5.90978,5.41886,0.836842,-1.07181,7.33524,41.616,41.616,1.0,1.0,1
19202,30.05.2024 13:36:28.830000,141.147,192.563,8.42726,8.265,7.916,38.9148,4.00424,4.04987,60.8386,79.6298,905.68,897.275,6.26292,4.91489,0.805089,-1.09906,7.33631,42.0645,42.0645,1.0,1.0,1
19203,30.05.2024 13:36:28.840000,209.454,292.511,8.45945,8.222,7.832,38.9134,3.72349,3.9566,53.3019,78.5424,903.17,894.71,6.1358,5.33885,0.797946,-1.15342,7.33639,42.0645,42.0645,1.0,1.0,1
19204,30.05.2024 13:36:28.850000,268.698,319.784,8.40483,8.215,7.712,38.937,3.45894,3.72812,40.9111,68.7957,902.315,893.845,5.97008,4.58484,1.08818,-1.18914,7.33733,42.0645,42.0645,1.0,1.0,1
19205,30.05.2024 13:36:28.860000,268.698,307.59,8.40483,8.215,7.614,38.937,3.31812,3.43074,21.5143,48.893,901.435,893.04,5.84755,4.44868,1.1153,-1.1881,7.33733,42.3249,42.3249,1.0,1.0,1
19206,30.05.2024 13:36:28.870000,268.698,307.59,8.40483,8.215,7.614,38.937,3.31812,3.43074,21.5143,48.893,901.435,893.04,5.84755,4.44868,1.1153,-1.1881,7.33733,42.3249,42.3249,1.0,1.0,1
19207,30.05.2024 13:36:28.880000,325.552,307.59,8.42744,8.348,7.614,38.9495,3.31812,3.43074,21.5143,48.893,899.76,891.365,5.70146,4.75842,1.1748,-1.18796,7.33869,43.3594,43.3594,1.0,1.0,1
19208,30.05.2024 13:36:28.890000,325.552,307.59,8.42744,8.348,7.614,38.9495,3.31812,3.43074,21.5143,48.893,899.76,891.365,5.70146,4.75842,1.1748,-1.18796,7.33869,43.3594,43.3594,1.0,1.0,1
19209,30.05.2024 13:36:28.900000,417.755,487.793,8.45971,8.199,7.225,38.9233,3.24886,3.10816,20.3679,28.3341,898.085,889.655,5.67834,5.10295,1.41513,-1.38574,7.34015,43.3594,43.3594,1.0,1.0,1
19210,30.05.2024 13:36:28.910000,547.449,613.531,8.43678,7.838,7.052,38.9524,3.33597,2.89871,21.3696,13.1191,895.56,887.13,5.61281,4.5533,1.39236,-1.32648,7.34212,47.1571,47.1571,1.0,1.0,1
19211,30.05.2024 13:36:28.920000,547.449,613.531,8.43678,7.838,7.052,38.9524,3.33597,2.89871,21.3696,13.1191,894.75,886.305,5.71929,4.73421,1.15933,-1.34319,7.34212,47.1571,47.1571,1.0,1.0,1
19212,30.05.2024 13:36:28.930000,588.647,645.831,8.46207,7.912,7.099,38.9933,3.48209,3.05387,24.8139,17.8959,893.895,885.515,5.74402,5.04639,0.846778,-1.33573,7.34365,48.6762,48.6762,1.0,1.0,1
19213,30.05.2024 13:36:28.940000,588.647,693.786,8.46207,7.912,7.099,38.9933,3.57397,3.27445,30.7795,27.3257,893.075,884.665,5.55362,5.16488,0.848305,-1.31003,7.34365,48.6907,48.6907,1.0,1.0,1
19214,30.05.2024 13:36:28.950000,588.647,693.786,8.46207,7.912,7.099,38.9933,3.57397,3.27445,30.7795,27.3257,893.075,884.665,5.55362,5.16488,0.848305,-1.31003,7.34365,48.6907,48.6907,1.0,1.0,1
19215,30.05.2024 13:36:28.960000,600.677,693.786,8.40608,7.811,7.099,38.9846,3.57397,3.27445,30.7795,27.3257,891.36,883.02,5.56801,5.63006,0.885121,-1.31121,7.34465,50.7813,50.7813,1.0,1.0,1
19216,30.05.2024 13:36:28.970000,606.445,672.693,8.4065,7.61,7.214,38.9509,3.56388,3.45355,33.5501,39.9178,889.69,881.35,5.50532,6.85339,0.852643,-1.36269,7.34566,50.7813,50.7813,1.0,1.0,1
19217,30.05.2024 13:36:28.980000,630.505,672.693,8.45721,7.519,7.214,38.96,3.50425,3.62701,31.7475,55.4465,888.875,880.53,5.29212,6.72331,0.908177,-1.30424,7.34599,52.7995,52.7995,1.0,1.0,1
19218,30.05.2024 13:36:28.990000,639.322,685.217,8.41595,7.694,7.205,38.9421,3.44281,3.6246,32.0811,59.4728,888.015,879.635,5.31752,6.49151,0.972943,-1.26513,7.34687,54.7671,54.7671,1.0,1.0,1
19219,30.05.2024 13:36:29.000000,639.322,685.217,8.41595,7.694,7.205,38.9421,3.44281,3.6246,32.0811,59.4728,886.35,878.12,5.72317,6.15885,0.982848,-1.29549,7.34687,54.7671,54.7671,1.0,1.0,1
19220,30.05.2024 13:36:29.010000,646.985,700.378,8.41576,7.696,7.238,38.9246,3.45484,3.58249,26.2446,53.9995,885.49,877.46,5.45145,6.36577,0.994975,-1.29944,7.34779,54.7671,54.7671,1.0,1.0,1
19221,30.05.2024 13:36:29.020000,646.985,699.06,8.41576,7.696,7.241,38.9246,3.4543,3.41557,28.8178,46.4653,884.675,876.73,5.41931,9.57724,1.15934,-1.15347,7.34779,58.0151,58.0151,1.0,1.0,1
19222,30.05.2024 13:36:29.030000,664.453,699.06,8.44004,7.49,7.241,38.9368,3.4543,3.41557,28.8178,46.4653,882.93,875.25,5.56411,12.1437,1.14163,-1.18489,7.34807,58.0151,58.0151,1.0,1.0,1
19223,30.05.2024 13:36:29.040000,679.779,690.655,8.46904,7.395,7.271,38.9236,3.41218,3.24623,26.272,33.0684,882.03,874.485,5.51767,14.4417,1.12232,-1.23883,7.34851,60.4962,60.4962,1.0,1.0,1
19224,30.05.2024 13:36:29.050000,679.779,682.91,8.46904,7.395,7.253,38.9236,3.41218,3.24623,26.272,33.0684,881.13,873.68,3.30476,16.577,1.2965,-1.20083,7.34851,60.4962,60.4962,1.0,1.0,1
19225,30.05.2024 13:36:29.060000,686.288,682.91,8.4686,7.537,7.253,38.9265,3.34688,3.08253,24.3828,20.981,880.27,872.95,2.51775,17.4194,1.31088,-1.24995,7.34928,60.5758,60.5758,1.0,1.0,1
19226,30.05.2024 13:36:29.070000,695.187,697.0,8.44008,7.59,7.278,38.9107,3.27635,3.00586,21.5718,15.1736,879.38,872.165,1.75807,18.0499,1.22504,-1.22884,7.35019,62.8762,62.8762,1.0,1.0,1
19227,30.05.2024 13:36:29.080000,695.187,697.0,8.44008,7.59,7.278,38.9107,3.27635,3.00586,21.5718,15.1736,877.64,870.665,1.05815,18.8696,1.10143,-1.27983,7.35019,62.8762,62.8762,1.0,1.0,1
19228,30.05.2024 13:36:29.090000,687.936,691.809,8.40954,7.396,7.255,38.859,3.23074,3.00066,17.0975,14.8128,876.805,869.925,-0.193208,20.0803,0.986443,-1.23867,7.35064,64.3953,64.3953,1.0,1.0,1
19229,30.05.2024 13:36:29.100000,687.936,681.839,8.40954,7.396,7.276,38.859,3.1866,3.05964,16.735,14.945,875.91,869.17,-0.267573,20.9698,0.916205,-1.29034,7.35064,65.5671,65.5671,1.0,1.0,1
19230,30.05.2024 13:36:29.110000,695.517,681.839,8.41932,7.313,7.276,38.8507,3.1866,3.05964,16.735,14.945,874.205,867.695,-0.821134,21.7585,1.01472,-1.2496,7.35118,65.5671,65.5671,1.0,1.0,1
19231,30.05.2024 13:36:29.120000,695.517,681.839,8.41932,7.313,7.276,38.8507,3.1866,3.05964,16.735,14.945,874.205,867.695,-0.821134,21.7585,1.01472,-1.2496,7.35118,65.5671,65.5671,1.0,1.0,1
19232,30.05.2024 13:36:29.130000,686.371,683.734,8.45071,7.354,7.275,38.8278,3.18694,3.14154,13.7197,21.7425,873.38,866.935,-1.09625,22.7163,1.00499,-1.29052,7.35201,67.4262,67.4262,1.0,1.0,1
19233,30.05.2024 13:36:29.140000,686.371,683.734,8.45071,7.354,7.275,38.8278,3.18694,3.14154,13.7197,21.7425,873.38,866.935,-1.09625,22.7163,1.00499,-1.29052,7.35201,67.4262,67.4262,1.0,1.0,1
19234,30.05.2024 13:36:29.150000,691.314,685.876,8.45338,7.454,7.256,38.839,3.23327,3.21343,17.5955,28.5681,871.705,865.2,0.0303348,23.2884,1.49085,-1.22281,7.35317,68.533,68.533,1.0,1.0,1
19235,30.05.2024 13:36:29.160000,695.764,697.494,8.45422,7.32,7.258,38.8266,3.30293,3.2728,19.8803,32.4263,869.265,862.76,0.817347,20.8893,1.60368,-1.18245,7.35355,68.5619,68.5619,1.0,1.0,1
19236,30.05.2024 13:36:29.170000,690.078,681.015,8.44968,7.222,7.219,38.8717,3.36554,3.28989,23.8201,33.8643,868.445,862.0,1.38539,20.6666,1.54479,-1.21864,7.35412,68.2943,68.2943,1.0,1.0,1
19237,30.05.2024 13:36:29.180000,690.078,681.015,8.44968,7.222,7.219,38.8717,3.36554,3.28989,23.8201,33.8643,868.445,862.0,1.38539,20.6666,1.54479,-1.21864,7.35412,68.2943,68.2943,1.0,1.0,1
19238,30.05.2024 13:36:29.190000,690.078,677.225,8.44968,7.222,7.253,38.8717,3.37572,3.28544,25.7447,34.424,867.585,861.205,2.12289,21.4421,1.38229,-1.23369,7.35412,68.2943,68.2943,1.0,1.0,1
19239,30.05.2024 13:36:29.200000,689.749,683.569,8.46304,7.397,7.233,38.9157,3.32921,3.24139,25.0542,31.5844,865.115,859.005,1.60492,22.8258,1.39844,-1.23125,7.35541,68.4606,68.4606,1.0,1.0,1
19240,30.05.2024 13:36:29.210000,689.749,695.352,8.46304,7.397,7.237,38.9157,3.32921,3.24139,25.0542,31.5844,864.245,858.245,1.49671,23.8933,1.3877,-1.22936,7.35541,68.4606,68.4606,1.0,1.0,1
19241,30.05.2024 13:36:29.220000,692.962,695.352,8.47696,7.362,7.237,38.9367,3.27123,3.20361,24.1714,29.9088,863.385,857.53,0.615353,26.6753,1.3524,-1.23607,7.35591,67.5492,67.5492,1.0,1.0,1
19242,30.05.2024 13:36:29.230000,690.49,684.97,8.48085,7.261,7.22,38.9101,3.2121,3.16478,20.0547,27.7787,862.555,856.725,0.259573,27.7408,1.24755,-1.14301,7.35616,67.5492,67.5492,1.0,1.0,1
19243,30.05.2024 13:36:29.240000,690.49,684.97,8.48085,7.261,7.22,38.9101,3.2121,3.16478,20.0547,27.7787,860.85,855.04,-0.175537,28.53,1.29304,-1.25075,7.35616,67.5492,67.5492,1.0,1.0,1
19244,30.05.2024 13:36:29.250000,690.49,684.97,8.48085,7.261,7.22,38.9101,3.2121,3.16478,20.0547,27.7787,860.85,855.04,-0.175537,28.53,1.29304,-1.25075,7.35616,67.5492,67.5492,1.0,1.0,1
19245,30.05.2024 13:36:29.260000,689.502,686.206,8.48243,7.313,7.239,38.9783,3.16725,3.14433,18.6323,25.5146,860.01,854.22,-1.53478,27.3455,1.46626,-1.32367,7.35667,65.2127,65.2127,1.0,1.0,1
19246,30.05.2024 13:36:29.270000,689.502,686.206,8.48243,7.313,7.239,38.9783,3.16725,3.14433,18.6323,25.5146,860.01,854.22,-1.53478,27.3455,1.46626,-1.32367,7.35667,65.2127,65.2127,1.0,1.0,1
19247,30.05.2024 13:36:29.280000,689.09,687.03,8.43358,7.397,7.213,38.9935,3.14653,3.12749,16.29,24.7334,857.525,852.09,-1.88906,27.2646,2.12456,-1.15539,7.35735,63.5706,63.5706,1.0,1.0,1
19248,30.05.2024 13:36:29.290000,684.887,698.236,8.42717,7.378,7.251,38.9329,3.14639,3.12733,16.2441,24.1649,855.84,850.69,-1.67966,32.211,3.6222,-1.21625,7.35795,63.5706,63.5706,1.0,1.0,1
19249,30.05.2024 13:36:29.300000,688.595,698.236,8.42507,7.294,7.251,38.9375,3.16453,3.12565,16.3827,23.7665,855.015,849.98,-1.90282,34.088,3.88046,-1.22516,7.35838,61.4149,61.4149,1.0,1.0,1
19250,30.05.2024 13:36:29.310000,690.161,683.816,8.46746,7.32,7.277,38.9675,3.166,3.13529,17.6014,23.3887,854.17,849.155,-2.33991,35.6641,4.2697,-1.24097,7.35914,61.4149,61.4149,1.0,1.0,1
19251,30.05.2024 13:36:29.320000,690.161,683.816,8.46746,7.32,7.277,38.9675,3.166,3.13529,17.6014,23.3887,854.17,849.155,-2.33991,35.6641,4.2697,-1.24097,7.35914,61.4149,61.4149,1.0,1.0,1
19252,30.05.2024 13:36:29.330000,690.161,683.816,8.46746,7.32,7.277,38.9675,3.166,3.13529,17.6014,23.3887,852.505,847.345,-2.69091,36.1308,4.55211,-1.23158,7.35914,58.8542,58.8542,1.0,1.0,1
19253,30.05.2024 13:36:29.340000,690.161,683.816,8.46746,7.32,7.277,38.9675,3.166,3.13529,17.6014,23.3887,852.505,847.345,-2.69091,36.1308,4.55211,-1.23158,7.35914,58.8542,58.8542,1.0,1.0,1
19254,30.05.2024 13:36:29.350000,687.03,687.442,8.47451,7.396,7.251,38.9391,3.16992,3.13541,18.3513,24.6133,850.925,845.525,-9.13551,22.2104,5.42309,-1.39263,7.35978,55.7002,55.7002,1.0,1.0,1
19255,30.05.2024 13:36:29.360000,697.659,690.82,8.49154,7.345,7.237,38.939,3.17728,3.13668,19.0654,25.4646,851.07,846.435,-16.6783,5.42582,6.26158,-1.5152,7.36108,52.8429,52.8429,1.0,1.0,1
19256,30.05.2024 13:36:29.370000,697.659,690.82,8.49154,7.345,7.237,38.939,3.17728,3.13668,19.0654,25.4646,851.07,846.435,-16.6783,5.42582,6.26158,-1.5152,7.36108,52.8429,52.8429,1.0,1.0,1
19257,30.05.2024 13:36:29.380000,697.659,694.94,8.49154,7.345,7.24,38.939,3.2019,3.14094,20.7294,25.47,851.34,846.36,-15.4774,11.4558,6.88595,-1.51678,7.36108,53.0599,53.0599,1.0,1.0,1
19258,30.05.2024 13:36:29.390000,697.659,694.94,8.49154,7.345,7.24,38.939,3.2019,3.14094,20.7294,25.47,851.34,846.36,-15.4774,11.4558,6.88595,-1.51678,7.36108,53.0599,53.0599,1.0,1.0,1
19259,30.05.2024 13:36:29.400000,686.865,694.116,8.46693,7.413,7.244,38.9608,3.20661,3.14451,21.9737,25.4999,850.59,846.265,-1.83453,12.891,8.11588,-1.51457,7.36276,50.2821,50.2821,1.0,1.0,1
19260,30.05.2024 13:36:29.410000,686.865,694.116,8.46693,7.413,7.244,38.9608,3.20661,3.14451,21.9737,25.4999,850.59,846.265,-1.83453,12.891,8.11588,-1.51457,7.36276,50.2821,50.2821,1.0,1.0,1
19261,30.05.2024 13:36:29.420000,689.502,690.902,8.4658,7.4,7.268,38.9583,3.1978,3.14179,21.3228,25.4644,850.335,846.255,-0.366684,16.6451,8.01144,-1.49215,7.36385,48.0179,48.0179,1.0,1.0,1
19262,30.05.2024 13:36:29.430000,687.689,686.865,8.4778,7.348,7.301,38.9617,3.14934,3.13753,21.5615,26.2138,849.83,846.405,-0.74361,14.2991,6.70147,-1.44318,7.36469,46.5133,46.5133,1.0,1.0,1
19263,30.05.2024 13:36:29.440000,681.839,685.711,8.4854,7.358,7.306,38.9869,3.10106,3.11189,19.4617,25.2878,849.69,846.375,-0.744148,15.4132,5.80142,-1.44277,7.3658,46.1299,46.1299,1.0,1.0,1
19264,30.05.2024 13:36:29.450000,681.839,694.116,8.4854,7.358,7.326,38.9869,3.10106,3.11189,19.4617,25.2878,849.56,846.315,-0.664276,17.5851,4.55273,-1.40589,7.3658,46.1299,46.1299,1.0,1.0,1
19265,30.05.2024 13:36:29.460000,693.869,694.116,8.48631,7.434,7.326,39.0088,3.0633,3.09044,16.9835,22.9957,849.435,846.245,-1.13949,16.4984,4.05594,-1.43237,7.36684,46.5929,46.5929,1.0,1.0,1
19266,30.05.2024 13:36:29.470000,690.49,694.528,8.47842,7.46,7.349,38.9693,3.04588,3.06714,14.87,21.3656,849.305,846.245,-1.74012,15.6702,3.69823,-1.48773,7.36752,46.5929,46.5929,1.0,1.0,1
19267,30.05.2024 13:36:29.480000,690.49,694.528,8.47842,7.46,7.349,38.9693,3.04588,3.06714,14.87,21.3656,849.07,846.185,-2.08663,15.6454,3.52645,-1.54914,7.36752,46.5929,46.5929,1.0,1.0,1
19268,30.05.2024 13:36:29.490000,689.749,694.61,8.48212,7.401,7.357,38.9415,3.05609,3.05373,15.6281,21.3798,849.015,846.11,-3.03627,14.3884,4.51615,-1.38137,7.36855,46.535,46.535,1.0,1.0,1
19269,30.05.2024 13:36:29.500000,689.749,688.925,8.48212,7.401,7.353,38.9415,3.07577,3.05282,17.3205,20.4111,848.955,846.105,-2.59543,13.0192,5.17455,-1.37645,7.36855,46.6435,46.6435,1.0,1.0,1
19270,30.05.2024 13:36:29.510000,691.479,688.925,8.49,7.408,7.353,38.9662,3.07577,3.05282,17.3205,20.4111,848.805,846.125,-2.05071,12.3726,5.67667,-1.36186,7.36881,46.6435,46.6435,1.0,1.0,1
19271,30.05.2024 13:36:29.520000,691.479,688.925,8.49,7.408,7.353,38.9662,3.07577,3.05282,17.3205,20.4111,848.805,846.125,-2.05071,12.3726,5.67667,-1.36186,7.36881,46.6435,46.6435,1.0,1.0,1
19272,30.05.2024 13:36:29.530000,694.116,682.992,8.49857,7.437,7.34,39.0442,3.10736,3.05533,17.3433,20.3604,848.75,846.1,-1.29344,12.7551,6.09873,-1.32577,7.37011,46.6435,46.6435,1.0,1.0,1
19273,30.05.2024 13:36:29.540000,691.974,671.045,8.52786,7.472,7.341,39.1428,3.12722,3.06625,19.9343,20.7216,848.575,846.035,1.17922,11.8101,6.81549,-1.3003,7.37051,46.8244,46.8244,1.0,1.0,1
19274,30.05.2024 13:36:29.550000,692.303,641.711,8.52795,7.438,7.317,39.4234,3.14225,3.07792,20.6397,22.5076,848.47,845.985,1.6199,11.1254,6.91768,-1.34711,7.371,47.7937,47.7937,1.0,1.0,1
19275,30.05.2024 13:36:29.560000,692.303,641.711,8.52795,7.438,7.317,39.4234,3.14225,3.07792,20.6397,22.5076,848.24,845.955,1.4744,9.9579,6.79269,-1.2845,7.371,47.7937,47.7937,1.0,1.0,1
19276,30.05.2024 13:36:29.570000,675.165,597.299,8.52978,7.416,7.31,40.0109,3.1384,3.07936,22.4362,24.128,848.15,845.92,1.29146,9.46036,5.9152,-1.40583,7.37118,47.7937,47.7937,1.0,1.0,1
19277,30.05.2024 13:36:29.580000,675.165,571.014,8.52978,7.416,7.356,40.0109,3.10226,3.0738,21.2719,23.4719,848.035,845.855,1.23702,9.0586,5.09719,-1.38245,7.37118,49.1175,49.1175,1.0,1.0,1
19278,30.05.2024 13:36:29.590000,675.165,571.014,8.52978,7.416,7.356,40.0109,3.10226,3.0738,21.2719,23.4719,848.035,845.855,1.23702,9.0586,5.09719,-1.38245,7.37118,49.1175,49.1175,1.0,1.0,1
19279,30.05.2024 13:36:29.600000,631.659,571.014,8.54738,7.48,7.356,40.9069,3.10226,3.0738,21.2719,23.4719,847.795,845.77,0.755894,7.54394,4.3698,-1.37979,7.3719,50.0145,50.0145,1.0,1.0,1
19280,30.05.2024 13:36:29.610000,616.498,557.007,8.47864,7.522,7.407,41.9641,3.05848,3.04807,17.9086,20.6925,847.67,845.765,-1.08812,5.81379,2.61432,-1.42265,7.37273,50.0145,50.0145,1.0,1.0,1
19281,30.05.2024 13:36:29.620000,597.629,557.007,8.47542,7.528,7.407,42.9454,3.0043,3.01341,18.4039,19.2657,847.625,845.705,-0.642654,5.28249,2.38643,-1.3795,7.37334,50.0145,50.0145,1.0,1.0,1
19282,30.05.2024 13:36:29.630000,591.284,558.655,8.50898,7.529,7.422,44.1022,2.97579,2.95138,14.3582,16.2188,847.555,845.695,0.00565755,4.82144,2.06944,-1.35517,7.37413,50.803,50.803,1.0,1.0,1
19283,30.05.2024 13:36:29.640000,591.284,558.655,8.50898,7.529,7.422,44.1022,2.97579,2.95138,14.3582,16.2188,847.435,845.615,0.270098,4.50622,1.96637,-1.38608,7.37413,50.803,50.803,1.0,1.0,1
19284,30.05.2024 13:36:29.650000,587.988,554.617,8.46847,7.577,7.531,45.2425,2.97125,2.91121,14.1395,12.7549,847.365,845.545,0.488995,4.32625,1.87796,-1.41941,7.37502,51.4106,51.4106,1.0,1.0,1
19285,30.05.2024 13:36:29.660000,587.988,559.561,8.46847,7.577,7.646,45.2425,2.98079,2.88285,13.2845,10.0534,847.265,845.505,1.4782,2.47032,2.04878,-1.48031,7.37502,52.0833,52.0833,1.0,1.0,1
19286,30.05.2024 13:36:29.670000,595.239,559.561,8.34752,7.618,7.646,46.6402,2.98079,2.88285,13.2845,10.0534,847.09,845.48,1.56404,1.7678,2.14053,-1.42468,7.3759,52.0833,52.0833,1.0,1.0,1
19287,30.05.2024 13:36:29.680000,591.366,556.595,8.32574,7.725,7.663,47.9239,2.98152,2.879,14.6838,11.5564,847.0,845.455,1.66308,1.55742,2.22908,-1.38517,7.37671,52.0906,52.0906,1.0,1.0,1
19288,30.05.2024 13:36:29.690000,591.366,560.962,8.32574,7.725,7.768,47.9239,2.98152,2.879,14.6838,11.5564,846.905,845.41,1.93382,1.37217,2.2227,-1.36687,7.37671,52.0906,52.0906,1.0,1.0,1
19289,30.05.2024 13:36:29.700000,588.73,560.962,8.259,7.799,7.768,49.2222,2.99119,2.88675,15.3205,11.8337,846.82,845.395,1.7618,0.956746,2.23354,-1.26283,7.37779,52.9442,52.9442,1.0,1.0,1
19290,30.05.2024 13:36:29.710000,591.037,563.598,8.12717,7.921,7.769,50.5786,3.00174,2.91381,15.7106,14.8057,846.75,845.41,1.57206,0.630792,2.23389,-1.21502,7.37876,53.9424,53.9424,1.0,1.0,1
19291,30.05.2024 13:36:29.720000,591.037,563.598,8.12717,7.921,7.769,50.5786,3.00174,2.91381,15.7106,14.8057,846.6,845.425,1.81513,1.32739,2.0606,-1.21704,7.37876,53.9424,53.9424,1.0,1.0,1
19292,30.05.2024 13:36:29.730000,591.531,559.396,8.08728,7.96,7.748,51.9891,3.04122,2.95736,17.7408,18.4079,846.5,845.385,2.04649,3.07366,1.45989,-1.09222,7.38054,54.9045,54.9045,1.0,1.0,1
19293,30.05.2024 13:36:29.740000,591.531,569.284,8.08728,7.96,7.709,51.9891,3.08529,2.99192,20.7739,23.3235,846.425,845.32,1.59845,3.14363,1.30198,-1.02306,7.38054,56.2717,56.2717,1.0,1.0,1
19294,30.05.2024 13:36:29.750000,594.745,569.284,8.0506,7.942,7.709,53.3594,3.08529,2.99192,20.7739,23.3235,846.28,845.185,1.73312,3.10327,1.10697,-1.05323,7.38208,56.2717,56.2717,1.0,1.0,1
19295,30.05.2024 13:36:29.760000,603.314,564.67,7.97302,7.952,7.652,54.7228,3.11188,3.01918,23.0906,23.5494,846.2,845.115,1.65256,2.68002,1.1231,-1.07185,7.38419,56.93,56.93,1.0,1.0,1
19296,30.05.2024 13:36:29.770000,603.314,568.872,7.97302,7.952,7.565,54.7228,3.11188,3.01918,23.0906,23.5494,846.11,845.035,1.54832,1.27403,1.00449,-1.03574,7.38419,56.93,56.93,1.0,1.0,1
19297,30.05.2024 13:36:29.780000,603.314,568.872,7.97302,7.952,7.565,54.7228,3.11188,3.01918,23.0906,23.5494,846.11,845.035,1.54832,1.27403,1.00449,-1.03574,7.38419,56.93,56.93,1.0,1.0,1
19298,30.05.2024 13:36:29.790000,603.149,568.872,7.91468,7.904,7.565,56.0164,3.11212,3.02135,24.7312,24.2054,846.04,845.005,1.54374,0.350381,0.942713,-1.07588,7.38626,56.9372,56.9372,1.0,1.0,1
19299,30.05.2024 13:36:29.800000,586.67,565.411,7.85363,7.889,7.559,57.3431,3.05104,2.99454,23.2047,24.4007,845.785,844.93,0.951807,0.248412,1.05978,-1.1186,7.38864,56.9372,56.9372,1.0,1.0,1
19300,30.05.2024 13:36:29.810000,589.554,562.857,7.75806,7.874,7.695,58.6347,2.96918,2.91639,20.0697,20.3869,845.71,844.875,0.966841,0.195085,1.13418,-1.14461,7.39068,55.5049,55.5049,1.0,1.0,1
19301,30.05.2024 13:36:29.820000,589.554,562.198,7.75806,7.874,7.547,58.6347,2.91669,2.83795,16.1015,13.932,845.615,844.865,1.11554,0.147613,1.06405,-1.17323,7.39068,53.7109,53.7109,1.0,1.0,1
19302,30.05.2024 13:36:29.830000,602.655,562.198,7.62451,7.896,7.547,59.97,2.91669,2.83795,16.1015,13.932,845.495,844.845,0.86903,0.225995,1.14029,-1.10499,7.39209,53.7109,53.7109,1.0,1.0,1
19303,30.05.2024 13:36:29.840000,593.262,557.254,7.66668,7.912,7.439,61.2482,2.90997,2.77372,13.648,10.6924,845.405,844.775,1.11824,1.19064,1.08767,-1.06493,7.39434,53.7109,53.7109,1.0,1.0,1
19304,30.05.2024 13:36:29.850000,593.262,557.254,7.66668,7.912,7.439,61.2482,2.90997,2.77372,13.648,10.6924,845.405,844.775,1.11824,1.19064,1.08767,-1.06493,7.39434,53.7109,53.7109,1.0,1.0,1
19305,30.05.2024 13:36:29.860000,593.262,571.426,7.66668,7.912,7.473,61.2482,2.93265,2.78164,15.6534,9.61106,845.315,844.7,1.84701,1.5784,0.974307,-1.10962,7.39434,52.6114,52.6114,1.0,1.0,1
19306,30.05.2024 13:36:29.870000,601.172,565.411,7.42948,7.844,7.323,63.5856,2.9626,2.80496,15.8782,13.527,845.08,844.595,1.75074,1.05118,0.956404,-1.04808,7.39787,51.8519,51.8519,1.0,1.0,1
19307,30.05.2024 13:36:29.880000,601.172,565.411,7.42948,7.844,7.323,63.5856,2.9626,2.80496,15.8782,13.527,844.97,844.525,1.98183,1.29689,0.941773,-1.02274,7.39787,51.8519,51.8519,1.0,1.0,1
19308,30.05.2024 13:36:29.890000,587.329,566.153,7.39645,7.803,7.327,64.6239,2.98847,2.89997,19.9014,18.2916,844.875,844.46,1.75403,1.17817,1.0247,-1.02576,7.39897,52.0978,52.0978,1.0,1.0,1
19309,30.05.2024 13:36:29.900000,587.329,567.142,7.39645,7.803,7.345,64.6239,3.00724,2.93323,18.3947,21.4703,844.795,844.405,1.28716,0.779043,1.04989,-1.03471,7.39897,52.0978,52.0978,1.0,1.0,1
19310,30.05.2024 13:36:29.910000,602.078,567.142,7.35822,7.834,7.345,65.6147,3.00724,2.93323,18.3947,21.4703,844.625,844.355,1.40049,0.827783,1.05326,-1.03419,7.40051,52.0978,52.0978,1.0,1.0,1
19311,30.05.2024 13:36:29.920000,593.921,561.868,7.33433,7.801,7.239,66.4935,3.00604,2.93924,21.2653,22.9513,844.53,844.335,1.76867,1.2508,1.04481,-1.12447,7.4013,51.0995,51.0995,1.0,1.0,1
19312,30.05.2024 13:36:29.930000,593.921,561.868,7.33433,7.801,7.239,66.4935,3.00604,2.93924,21.2653,22.9513,844.53,844.335,1.76867,1.2508,1.04481,-1.12447,7.4013,51.0995,51.0995,1.0,1.0,1
19313,30.05.2024 13:36:29.940000,593.921,567.554,7.33433,7.801,7.172,66.4935,3.00041,2.90756,21.3419,22.2515,844.46,844.295,1.51548,1.84626,1.01929,-1.13004,7.4013,51.0995,51.0995,1.0,1.0,1
19314,30.05.2024 13:36:29.950000,593.921,567.554,7.33433,7.801,7.172,66.4935,3.00041,2.90756,21.3419,22.2515,844.46,844.295,1.51548,1.84626,1.01929,-1.13004,7.4013,51.0995,51.0995,1.0,1.0,1
19315,30.05.2024 13:36:29.960000,587.247,561.374,7.25831,7.778,7.157,68.094,2.9702,2.86251,19.7683,18.7919,844.26,844.23,1.27325,2.84587,0.915618,-1.06725,7.40295,50.6655,50.6655,1.0,1.0,1
19316,30.05.2024 13:36:29.970000,587.247,561.374,7.25831,7.778,7.157,68.094,2.9702,2.86251,19.7683,18.7919,844.26,844.23,1.27325,2.84587,0.915618,-1.06725,7.40295,50.6655,50.6655,1.0,1.0,1
19317,30.05.2024 13:36:29.980000,600.924,560.797,7.24293,7.768,7.16,68.6931,2.94388,2.83112,19.8898,17.9926,844.07,844.125,1.93544,3.40537,0.941241,-1.05251,7.40362,50.1157,50.1157,1.0,1.0,1
19318,30.05.2024 13:36:29.990000,600.924,560.797,7.24293,7.768,7.16,68.6931,2.94388,2.83112,19.8898,17.9926,844.07,844.125,1.93544,3.40537,0.941241,-1.05251,7.40362,50.1157,50.1157,1.0,1.0,1
19319,30.05.2024 13:36:30.000000,596.393,565.741,7.26687,7.749,7.141,69.129,2.95303,2.85539,18.2534,17.3324,843.83,843.975,2.09864,3.7022,0.89898,-1.04995,7.40409,50.094,50.094,1.0,1.0,1
19320,30.05.2024 13:36:30.010000,592.108,568.872,7.27211,7.744,7.108,69.5272,2.99792,2.90388,20.6553,22.971,843.695,843.91,2.52072,2.77259,0.883834,-1.22548,7.40402,49.566,49.566,1.0,1.0,1
19321,30.05.2024 13:36:30.020000,596.393,565.741,7.26687,7.749,7.141,69.129,2.95303,2.85539,18.2534,17.3324,843.83,843.975,2.09864,3.7022,0.89898,-1.04995,7.40409,50.094,50.094,1.0,1.0,1
19322,30.05.2024 13:36:30.030000,597.793,569.366,7.30812,7.616,7.108,70.2337,3.06853,3.00817,25.3977,28.7183,843.545,843.9,3.29379,3.75414,0.814423,-1.15572,7.40394,49.5877,49.5877,1.0,1.0,1
19323,30.05.2024 13:36:30.040000,597.793,569.366,7.30812,7.616,7.108,70.2337,3.06853,3.00817,25.3977,28.7183,843.345,843.845,3.30041,4.11316,0.757024,-1.22158,7.40394,49.5877,49.5877,1.0,1.0,1
19324,30.05.2024 13:36:30.050000,600.265,564.258,7.32643,7.551,7.071,70.5714,3.07449,3.00204,25.5607,29.6925,843.25,843.81,3.39354,4.70659,0.666747,-1.26061,7.40361,49.6962,49.6962,1.0,1.0,1
19325,30.05.2024 13:36:30.060000,600.265,560.22,7.32643,7.551,7.146,70.5714,3.01953,2.95712,24.8468,26.9451,843.17,843.78,2.70851,4.52736,0.723975,-1.28906,7.40361,49.783,49.783,1.0,1.0,1
19326,30.05.2024 13:36:30.070000,591.943,560.22,7.34172,7.554,7.146,70.8072,3.01953,2.95712,24.8468,26.9451,843.065,843.725,2.25607,4.64096,0.75521,-1.35435,7.40301,49.783,49.783,1.0,1.0,1
19327,30.05.2024 13:36:30.080000,595.404,568.213,7.37696,7.527,7.171,71.0517,2.98856,2.89683,23.0983,21.8321,842.99,843.725,2.53357,3.99526,0.79527,-1.41241,7.40271,49.8336,49.8336,1.0,1.0,1
19328,30.05.2024 13:36:30.090000,595.404,570.025,7.37696,7.527,7.162,71.0517,2.98856,2.89683,23.0983,21.8321,842.91,843.705,3.09335,4.5447,0.692048,-1.33796,7.40271,49.8336,49.8336,1.0,1.0,1
19329,30.05.2024 13:36:30.100000,594.58,570.025,7.40877,7.483,7.162,71.3632,2.98041,2.86448,22.363,20.8568,842.825,843.68,2.91185,5.10467,0.690362,-1.35299,7.40267,49.8336,49.8336,1.0,1.0,1
19330,30.05.2024 13:36:30.110000,594.58,570.025,7.40877,7.483,7.162,71.3632,2.98041,2.86448,22.363,20.8568,842.825,843.68,2.91185,5.10467,0.690362,-1.35299,7.40267,49.8336,49.8336,1.0,1.0,1
19331,30.05.2024 13:36:30.120000,593.426,564.34,7.43277,7.417,7.213,71.4835,2.97677,2.86313,20.8985,20.3385,842.755,843.62,2.68016,5.23063,0.695214,-1.36285,7.40285,49.8915,49.8915,1.0,1.0,1
19332,30.05.2024 13:36:30.130000,600.677,563.598,7.46572,7.417,7.268,71.5647,2.97422,2.87058,21.9342,20.8108,842.555,843.57,3.01706,4.67218,0.830783,-1.43675,7.40249,49.8915,49.8915,1.0,1.0,1
19333,30.05.2024 13:36:30.140000,600.677,563.598,7.46572,7.417,7.268,71.5647,2.97422,2.87058,21.9342,20.8108,842.555,843.57,3.01706,4.67218,0.830783,-1.43675,7.40249,49.8915,49.8915,1.0,1.0,1
19334,30.05.2024 13:36:30.150000,600.677,570.025,7.46572,7.417,7.261,71.5647,2.9565,2.87852,21.4173,20.1759,842.47,843.55,3.08638,4.9332,0.783177,-1.3952,7.40249,50.1447,50.1447,1.0,1.0,1
19335,30.05.2024 13:36:30.160000,589.389,564.999,7.52824,7.415,7.353,71.6606,2.92316,2.86727,18.7748,20.2284,842.205,843.435,2.78395,5.14028,0.879426,-1.29207,7.4016,49.6455,49.6455,1.0,1.0,1
19336,30.05.2024 13:36:30.170000,589.389,564.999,7.52824,7.415,7.353,71.6606,2.92316,2.86727,18.7748,20.2284,842.205,843.435,2.78395,5.14028,0.879426,-1.29207,7.4016,49.6455,49.6455,1.0,1.0,1
19337,30.05.2024 13:36:30.180000,589.389,562.28,7.52824,7.415,7.344,71.6606,2.89928,2.85036,18.0075,19.7633,842.13,843.425,2.51245,4.6277,0.83314,-1.35698,7.4016,49.6455,49.6455,1.0,1.0,1
19338,30.05.2024 13:36:30.190000,570.602,544.565,7.6147,7.54,7.396,71.7889,2.88362,2.81334,16.3686,17.2164,841.915,843.34,2.203,4.93436,0.756171,-1.29765,7.40133,49.6528,49.6528,1.0,1.0,1
19339,30.05.2024 13:36:30.200000,570.602,544.565,7.6147,7.54,7.396,71.7889,2.88362,2.81334,16.3686,17.2164,841.87,843.32,2.18949,5.01574,0.742514,-1.29076,7.40133,49.6528,49.6528,1.0,1.0,1
19340,30.05.2024 13:36:30.210000,562.115,513.666,7.59961,7.569,7.402,71.7751,2.89891,2.78387,15.5039,14.4639,841.825,843.28,3.1594,4.38114,0.728425,-1.27161,7.40142,48.8426,48.8426,1.0,1.0,1
19341,30.05.2024 13:36:30.220000,562.115,502.789,7.59961,7.569,7.367,71.7751,2.90895,2.77603,18.1011,14.2037,841.75,843.265,3.91201,4.19718,0.654511,-1.21659,7.40142,48.452,48.452,1.0,1.0,1
19342,30.05.2024 13:36:30.230000,555.935,502.789,7.66107,7.54,7.367,71.7629,2.90895,2.77603,18.1011,14.2037,841.605,843.22,4.26844,4.27524,0.653405,-1.27489,7.40163,48.452,48.452,1.0,1.0,1
19343,30.05.2024 13:36:30.240000,552.64,520.752,7.62805,7.484,7.44,71.751,2.92273,2.77577,16.9985,15.1179,841.575,843.175,4.52823,4.55467,0.549319,-1.32982,7.40197,48.452,48.452,1.0,1.0,1
19344,30.05.2024 13:36:30.250000,552.64,520.752,7.62805,7.484,7.44,71.751,2.92273,2.77577,16.9985,15.1179,841.575,843.175,4.52823,4.55467,0.549319,-1.32982,7.40197,48.452,48.452,1.0,1.0,1
19345,30.05.2024 13:36:30.260000,552.64,512.43,7.62805,7.484,7.448,71.751,2.91859,2.77804,18.1697,14.4912,841.53,843.135,5.03582,3.96382,0.74557,-1.30264,7.40197,48.0324,48.0324,1.0,1.0,1
19346,30.05.2024 13:36:30.270000,552.64,512.43,7.62805,7.484,7.448,71.751,2.91859,2.77804,18.1697,14.4912,841.53,843.135,5.03582,3.96382,0.74557,-1.30264,7.40197,48.0324,48.0324,1.0,1.0,1
19347,30.05.2024 13:36:30.280000,540.692,483.838,7.63031,7.573,7.441,71.7455,2.89932,2.79194,17.4286,13.8179,841.265,843.06,5.82832,3.37237,0.598847,-1.35832,7.40289,47.2439,47.2439,1.0,1.0,1
19348,30.05.2024 13:36:30.290000,540.692,483.838,7.63031,7.573,7.441,71.7455,2.89932,2.79194,17.4286,13.8179,841.265,843.06,5.82832,3.37237,0.598847,-1.35832,7.40289,47.2439,47.2439,1.0,1.0,1
19349,30.05.2024 13:36:30.300000,537.89,463.733,7.63065,7.578,7.456,71.7564,2.88953,2.79164,16.8361,16.9845,841.165,842.965,5.19371,3.60487,0.588486,-1.38223,7.40351,47.2295,47.2295,1.0,1.0,1
19350,30.05.2024 13:36:30.310000,537.89,463.733,7.63065,7.578,7.456,71.7564,2.88953,2.79164,16.8361,16.9845,841.165,842.965,5.19371,3.60487,0.588486,-1.38223,7.40351,47.2295,47.2295,1.0,1.0,1
19351,30.05.2024 13:36:30.320000,538.138,464.227,7.6393,7.56,7.411,71.773,2.8825,2.80203,17.5771,17.2562,841.01,842.87,5.72306,2.73544,0.501042,-1.38255,7.40423,46.8461,46.8461,1.0,1.0,1
19352,30.05.2024 13:36:30.330000,538.138,464.227,7.6393,7.56,7.411,71.773,2.8825,2.80203,17.5771,17.2562,841.01,842.87,5.72306,2.73544,0.501042,-1.38255,7.40423,46.8461,46.8461,1.0,1.0,1
19353,30.05.2024 13:36:30.340000,541.516,434.399,7.6617,7.566,7.429,71.822,2.88965,2.81465,17.4281,19.7473,840.94,842.805,6.38711,2.69001,0.62728,-1.29761,7.40536,45.8406,45.8406,1.0,1.0,1
19354,30.05.2024 13:36:30.350000,541.516,434.399,7.6617,7.566,7.429,71.822,2.88965,2.81465,17.4281,19.7473,840.94,842.805,6.38711,2.69001,0.62728,-1.29761,7.40536,45.8406,45.8406,1.0,1.0,1
19355,30.05.2024 13:36:30.360000,530.145,423.852,7.53767,7.566,7.418,71.7947,2.89908,2.83952,17.9271,21.0171,840.73,842.735,6.71339,2.71599,0.727706,-1.3786,7.40741,44.1117,44.1117,1.0,1.0,1
19356,30.05.2024 13:36:30.370000,535.501,414.871,7.57864,7.56,7.38,71.7895,2.90501,2.83633,18.9617,19.8376,840.635,842.585,5.80801,3.46352,0.699893,-1.42807,7.40847,43.316,43.316,1.0,1.0,1
19357,30.05.2024 13:36:30.380000,535.501,404.077,7.57864,7.56,7.334,71.7895,2.90639,2.81524,18.3172,21.1914,840.58,842.525,5.87376,2.73311,0.686385,-1.39492,7.40847,42.5854,42.5854,1.0,1.0,1
19358,30.05.2024 13:36:30.390000,540.527,404.077,7.54579,7.554,7.334,71.8791,2.90639,2.81524,18.3172,21.1914,840.5,842.48,6.19351,2.03957,0.553252,-1.36896,7.40929,42.5854,42.5854,1.0,1.0,1
19359,30.05.2024 13:36:30.400000,549.756,416.931,7.54728,7.509,7.305,71.9604,2.89434,2.80922,17.7247,17.9362,840.49,842.475,5.95353,2.01353,0.539698,-1.39089,7.41053,42.5709,42.5709,1.0,1.0,1
19360,30.05.2024 13:36:30.410000,549.756,422.534,7.54728,7.509,7.32,71.9604,2.89434,2.80922,17.7247,17.9362,840.48,842.44,6.74158,2.60669,0.63503,-1.25524,7.41053,42.5709,42.5709,1.0,1.0,1
19361,30.05.2024 13:36:30.420000,549.756,422.534,7.54728,7.509,7.32,71.9604,2.89434,2.80922,17.7247,17.9362,840.48,842.44,6.74158,2.60669,0.63503,-1.25524,7.41053,42.5709,42.5709,1.0,1.0,1
19362,30.05.2024 13:36:30.430000,545.224,422.534,7.52843,7.484,7.32,72.0742,2.88951,2.80723,19.1614,19.3192,840.44,842.385,7.60624,2.97972,0.608054,-1.19886,7.41173,42.5709,42.5709,1.0,1.0,1
19363,30.05.2024 13:36:30.440000,535.748,419.733,7.50478,7.451,7.33,72.3365,2.89191,2.81332,19.4451,20.0702,840.345,842.195,8.18715,2.54006,0.56708,-1.20613,7.4129,41.7896,41.7896,1.0,1.0,1
19364,30.05.2024 13:36:30.450000,534.842,411.328,7.48206,7.457,7.339,72.3592,2.89957,2.82486,19.1023,21.1136,840.29,842.18,8.64313,2.00015,0.515136,-1.22302,7.41398,39.605,39.605,1.0,1.0,1
19365,30.05.2024 13:36:30.460000,534.842,408.938,7.48206,7.457,7.286,72.3592,2.90439,2.82938,19.7042,20.7133,840.225,842.155,8.67168,2.2611,0.453713,-1.2408,7.41398,39.605,39.605,1.0,1.0,1
19366,30.05.2024 13:36:30.470000,527.838,408.938,7.51745,7.457,7.286,72.4044,2.90439,2.82938,19.7042,20.7133,840.085,842.1,8.43049,2.65189,0.482541,-1.18217,7.41471,39.605,39.605,1.0,1.0,1
19367,30.05.2024 13:36:30.480000,527.096,386.856,7.49166,7.454,7.315,72.4798,2.89615,2.82148,19.9552,21.5941,840.035,842.04,7.96241,3.49472,0.448642,-1.2063,7.41542,39.0263,39.0263,1.0,1.0,1
19368,30.05.2024 13:36:30.490000,527.096,386.856,7.49166,7.454,7.315,72.4798,2.89615,2.82148,19.9552,21.5941,840.035,842.04,7.96241,3.49472,0.448642,-1.2063,7.41542,39.0263,39.0263,1.0,1.0,1
19369,30.05.2024 13:36:30.500000,527.096,392.212,7.49166,7.454,7.293,72.4798,2.88496,2.81312,19.4602,20.5714,839.99,841.96,6.83362,3.5563,0.41368,-1.19239,7.41542,38.4042,38.4042,1.0,1.0,1
19370,30.05.2024 13:36:30.510000,527.096,392.212,7.49166,7.454,7.293,72.4798,2.88496,2.81312,19.4602,20.5714,839.99,841.96,6.83362,3.5563,0.41368,-1.19239,7.41542,38.4042,38.4042,1.0,1.0,1
19371,30.05.2024 13:36:30.520000,508.804,378.204,7.4395,7.452,7.318,72.4791,2.87628,2.7896,19.2381,19.9822,839.86,841.81,6.52796,2.89314,0.325099,-1.20741,7.41677,37.406,37.406,1.0,1.0,1
19372,30.05.2024 13:36:30.530000,508.804,378.204,7.4395,7.452,7.318,72.4791,2.87628,2.7896,19.2381,19.9822,839.86,841.81,6.52796,2.89314,0.325099,-1.20741,7.41677,37.406,37.406,1.0,1.0,1
19373,30.05.2024 13:36:30.540000,504.849,335.275,7.45019,7.484,7.316,72.4668,2.87149,2.78209,18.4469,17.6311,839.815,841.73,6.48506,2.8959,0.356869,-1.10532,7.41765,37.406,37.406,1.0,1.0,1
19374,30.05.2024 13:36:30.550000,504.849,335.275,7.45019,7.484,7.316,72.4668,2.87149,2.78209,18.4469,17.6311,839.815,841.73,6.48506,2.8959,0.356869,-1.10532,7.41765,37.406,37.406,1.0,1.0,1
19375,30.05.2024 13:36:30.560000,508.145,308.084,7.44952,7.478,7.297,72.4658,2.86466,2.78987,18.2758,19.3594,839.735,841.66,6.7836,3.50046,0.329936,-1.0858,7.41821,35.3443,35.3443,1.0,1.0,1
19376,30.05.2024 13:36:30.570000,508.145,308.084,7.44952,7.478,7.297,72.4658,2.86466,2.78987,18.2758,19.3594,839.735,841.66,6.7836,3.50046,0.329936,-1.0858,7.41821,35.3443,35.3443,1.0,1.0,1
19377,30.05.2024 13:36:30.580000,518.774,317.889,7.49136,7.416,7.285,72.4594,2.86046,2.78924,18.9311,20.4372,839.675,841.53,8.09674,4.81374,0.349995,-1.12689,7.41874,35.3443,35.3443,1.0,1.0,1
19378,30.05.2024 13:36:30.590000,518.774,317.889,7.49136,7.416,7.285,72.4594,2.86046,2.78924,18.9311,20.4372,839.675,841.53,8.09674,4.81374,0.349995,-1.12689,7.41874,35.3443,35.3443,1.0,1.0,1
19379,30.05.2024 13:36:30.600000,508.722,291.769,7.46029,7.401,7.248,72.5054,2.84301,2.78612,17.3691,17.6288,839.52,841.36,8.11982,4.17611,0.316499,-1.16571,7.41995,35.0477,35.0477,1.0,1.0,1
19380,30.05.2024 13:36:30.610000,508.722,291.769,7.46029,7.401,7.248,72.5054,2.84301,2.78612,17.3691,17.6288,839.52,841.36,8.11982,4.17611,0.316499,-1.16571,7.41995,35.0477,35.0477,1.0,1.0,1
19381,30.05.2024 13:36:30.620000,488.946,284.436,7.46792,7.397,7.25,72.4681,2.84327,2.78101,17.2437,20.3521,839.435,841.31,7.4177,3.66621,0.468085,-1.09166,7.42036,33.7457,33.7457,1.0,1.0,1
19382,30.05.2024 13:36:30.630000,488.946,284.436,7.46792,7.397,7.25,72.4681,2.84327,2.78101,17.2437,20.3521,839.435,841.31,7.4177,3.66621,0.468085,-1.09166,7.42036,33.7457,33.7457,1.0,1.0,1
19383,30.05.2024 13:36:30.640000,480.624,273.807,7.46421,7.365,7.25,72.4293,2.8478,2.77691,17.2758,18.8507,839.235,841.245,7.18078,4.83233,0.295304,-1.08221,7.42058,32.9861,32.9861,1.0,1.0,1
19384,30.05.2024 13:36:30.650000,480.624,273.807,7.46421,7.365,7.25,72.4293,2.8478,2.77691,17.2758,18.8507,839.235,841.245,7.18078,4.83233,0.295304,-1.08221,7.42058,32.9861,32.9861,1.0,1.0,1
19385,30.05.2024 13:36:30.660000,470.901,249.17,7.49019,7.338,7.272,72.4533,2.84643,2.77637,17.9447,18.5763,839.185,841.155,5.89575,5.8439,0.401288,-0.99048,7.42098,32.3857,32.3857,1.0,1.0,1
19386,30.05.2024 13:36:30.670000,470.901,249.17,7.49019,7.338,7.272,72.4533,2.84643,2.77637,17.9447,18.5763,839.185,841.155,5.89575,5.8439,0.401288,-0.99048,7.42098,32.3857,32.3857,1.0,1.0,1
19387,30.05.2024 13:36:30.680000,444.946,205.17,7.47736,7.413,7.287,72.4356,2.83153,2.77493,17.0019,18.6953,839.095,841.02,6.18052,5.60842,0.494347,-1.00221,7.4214,30.23,30.23,1.0,1.0,1
19388,30.05.2024 13:36:30.690000,432.669,169.904,7.50297,7.396,7.297,72.4003,2.82775,2.77425,15.5507,18.4116,838.975,840.98,6.57225,5.42195,0.740321,-1.11245,7.42191,30.2228,30.2228,1.0,1.0,1
19389,30.05.2024 13:36:30.700000,432.669,153.918,7.50297,7.396,7.295,72.4003,2.82683,2.77868,17.0097,18.4822,838.9,840.97,6.26345,5.78508,0.731791,-1.08888,7.42191,30.0058,30.0058,1.0,1.0,1
19390,30.05.2024 13:36:30.710000,421.216,153.918,7.5169,7.392,7.295,72.411,2.82683,2.77868,17.0097,18.4822,838.795,840.92,5.77314,6.24385,0.687314,-1.13595,7.4218,30.0058,30.0058,1.0,1.0,1
19391,30.05.2024 13:36:30.720000,418.414,128.952,7.53076,7.395,7.267,72.4217,2.82932,2.78154,15.7539,18.3572,838.755,840.885,5.15618,6.37575,0.746209,-1.05673,7.42246,30.0058,30.0058,1.0,1.0,1
19392,30.05.2024 13:36:30.730000,418.414,104.81,7.53076,7.395,7.261,72.4217,2.82932,2.78154,15.7539,18.3572,838.715,840.855,4.85729,6.27401,0.811896,-0.938307,7.42246,30.0058,30.0058,1.0,1.0,1
19393,30.05.2024 13:36:30.740000,407.867,104.81,7.53703,7.421,7.261,72.4833,2.82998,2.78284,16.8278,18.4624,838.695,840.845,5.08057,6.42742,0.728698,-0.926908,7.4229,28.4288,28.4288,1.0,1.0,1
19394,30.05.2024 13:36:30.750000,393.695,103.162,7.56399,7.435,7.285,72.4991,2.83053,2.78516,17.3326,19.387,838.68,840.795,5.48644,6.53626,0.697695,-0.917349,7.42357,28.4288,28.4288,1.0,1.0,1
19395,30.05.2024 13:36:30.760000,393.695,103.162,7.56399,7.435,7.285,72.4991,2.83053,2.78516,17.3326,19.387,838.585,840.725,5.90459,6.48014,0.775059,-0.851023,7.42357,28.4288,28.4288,1.0,1.0,1
19396,30.05.2024 13:36:30.770000,393.695,103.162,7.56399,7.435,7.285,72.4991,2.83053,2.78516,17.3326,19.387,838.585,840.725,5.90459,6.48014,0.775059,-0.851023,7.42357,28.4288,28.4288,1.0,1.0,1
19397,30.05.2024 13:36:30.780000,379.193,37.8204,7.57845,7.448,7.29,72.4667,2.83598,2.78648,16.6636,19.8945,838.545,840.7,6.29821,6.37711,0.750024,-0.922316,7.42427,28.1033,28.1033,1.0,1.0,1
19398,30.05.2024 13:36:30.790000,379.193,37.8204,7.57845,7.448,7.29,72.4667,2.83598,2.78648,16.6636,19.8945,838.545,840.7,6.29821,6.37711,0.750024,-0.922316,7.42427,28.1033,28.1033,1.0,1.0,1
19399,30.05.2024 13:36:30.800000,368.893,8.89892,7.56495,7.441,7.311,72.4353,2.84144,2.79466,17.4019,20.0432,838.38,840.63,6.78012,6.35552,0.762191,-0.975456,7.42516,27.4088,27.4088,1.0,1.0,1
19400,30.05.2024 13:36:30.810000,368.893,8.89892,7.56495,7.441,7.311,72.4353,2.84144,2.79466,17.4019,20.0432,838.38,840.63,6.78012,6.35552,0.762191,-0.975456,7.42516,27.4088,27.4088,1.0,1.0,1
19401,30.05.2024 13:36:30.820000,346.728,-19.4458,7.56069,7.413,7.374,72.4206,2.8494,2.79605,17.5806,20.185,838.24,840.58,6.02948,6.52183,0.794526,-0.960072,7.42546,26.5697,26.5697,0.0,1.0,1
19402,30.05.2024 13:36:30.830000,305.777,-35.1013,7.55795,7.352,7.379,72.3639,2.85025,2.79462,17.854,19.6737,838.09,840.52,5.2365,6.40919,0.832249,-0.949991,7.4264,26.0561,26.0561,0.0,1.0,1
19403,30.05.2024 13:36:30.840000,305.777,-35.1013,7.55795,7.352,7.379,72.3639,2.85025,2.79462,17.854,19.6737,838.035,840.51,5.03973,6.55494,0.836224,-0.97864,7.4264,26.0561,26.0561,0.0,1.0,1
19404,30.05.2024 13:36:30.850000,284.683,-54.5471,7.59093,7.306,7.409,72.3286,2.85265,2.79604,19.0251,19.8438,837.975,840.51,4.62362,7.13404,0.81878,-0.903959,7.42732,25.6293,25.6293,0.0,1.0,1
19405,30.05.2024 13:36:30.860000,284.683,-57.843,7.59093,7.306,7.38,72.3286,2.85214,2.79451,18.1704,19.6699,837.945,840.475,4.30065,7.47671,0.800214,-0.977579,7.42732,25.6293,25.6293,0.0,1.0,1
19406,30.05.2024 13:36:30.870000,270.923,-57.843,7.56134,7.263,7.38,72.3474,2.85214,2.79451,18.1704,19.6699,837.86,840.42,4.24836,7.71996,0.803286,-0.932169,7.42804,25.6293,25.6293,0.0,1.0,1
19407,30.05.2024 13:36:30.880000,256.174,-62.8692,7.56134,7.228,7.367,72.3872,2.84739,2.7917,18.5604,19.3441,837.795,840.4,4.5238,7.95338,0.744544,-0.967279,7.42835,24.9711,24.9711,0.0,1.0,1
19408,30.05.2024 13:36:30.890000,256.174,-68.1427,7.55968,7.228,7.349,72.3872,2.84739,2.7917,18.5604,19.3441,837.745,840.365,4.35621,7.98905,0.766608,-1.01343,7.42835,24.9711,24.9711,0.0,1.0,1
19409,30.05.2024 13:36:30.900000,260.046,-68.1427,7.55983,7.188,7.349,72.4108,2.83692,2.78508,17.7334,19.1328,837.705,840.355,4.40014,7.79109,0.768689,-0.915728,7.42936,24.9783,24.9783,0.0,1.0,1
19410,30.05.2024 13:36:30.910000,245.297,-77.4536,7.57225,7.148,7.362,72.3808,2.82948,2.78367,17.0839,19.0571,837.65,840.35,4.55611,7.83674,0.819922,-0.844278,7.43008,24.5732,24.5732,0.0,1.0,1
19411,30.05.2024 13:36:30.920000,245.297,-77.4536,7.57225,7.148,7.362,72.3808,2.82948,2.78367,17.0839,19.0571,837.5,840.295,4.78107,8.38444,0.691735,-0.90276,7.43008,24.5732,24.5732,0.0,1.0,1
19412,30.05.2024 13:36:30.930000,223.709,-66.8243,7.54261,7.07,7.34,72.3724,2.83084,2.78329,17.9349,18.9038,837.435,840.26,4.5852,8.25768,0.728469,-0.920038,7.4309,23.9149,23.9149,0.0,1.0,1
19413,30.05.2024 13:36:30.940000,223.709,-68.0603,7.54261,7.07,7.33,72.3724,2.82565,2.78174,16.5511,18.568,837.365,840.235,4.05713,7.78728,0.857709,-0.894331,7.4309,22.9745,22.9745,0.0,1.0,1
19414,30.05.2024 13:36:30.950000,209.454,-68.0603,7.54997,7.064,7.33,72.4145,2.82565,2.78174,16.5511,18.568,837.23,840.2,3.84866,7.79043,0.848418,-0.885366,7.43159,22.9745,22.9745,0.0,1.0,1
19415,30.05.2024 13:36:30.960000,200.967,-119.559,7.54692,7.212,7.311,72.3803,2.8139,2.77952,16.7267,18.2072,837.165,840.18,3.43823,7.55971,0.832505,-0.859362,7.43234,22.8009,22.8009,0.0,1.0,1
19416,30.05.2024 13:36:30.970000,200.967,-254.361,7.54692,7.212,7.31,72.3803,2.8139,2.77952,16.7267,18.2072,837.095,840.175,2.78997,7.6927,0.879889,-0.783045,7.43234,22.8009,22.8009,0.0,1.0,1
19417,30.05.2024 13:36:30.980000,194.952,-254.361,7.50616,7.445,7.31,72.3507,2.81626,2.77661,15.8594,18.0087,837.035,840.155,2.97306,7.81433,0.850974,-0.751955,7.43364,22.4392,22.4392,0.0,1.0,1
19418,30.05.2024 13:36:30.990000,179.462,-342.197,7.47525,7.485,7.321,72.3931,2.81693,2.77465,16.8204,18.6722,836.98,840.15,2.7189,7.88271,0.962571,-0.75733,7.43426,22.1571,22.1571,0.0,1.0,1
19419,30.05.2024 13:36:31.000000,179.462,-342.197,7.47525,7.485,7.321,72.3931,2.81693,2.77465,16.8204,18.6722,836.89,840.065,2.98115,8.09112,0.903132,-0.766802,7.43426,22.1571,22.1571,0.0,1.0,1
19420,30.05.2024 13:36:31.010000,164.548,-363.29,7.52459,7.408,7.318,72.3833,2.83287,2.7755,16.4196,18.2444,836.845,840.01,3.12614,7.56692,0.940545,-0.778994,7.43537,22.1571,22.1571,0.0,1.0,1
19421,30.05.2024 13:36:31.020000,164.548,-338.818,7.52459,7.408,7.317,72.3833,2.82658,2.77629,16.4255,17.5738,836.78,839.975,3.61816,7.37259,0.849519,-0.835772,7.43537,22.1282,22.1282,0.0,1.0,1
19422,30.05.2024 13:36:31.030000,149.387,-338.818,7.54331,7.281,7.317,72.3671,2.82658,2.77629,16.4255,17.5738,836.64,839.945,3.74263,6.87587,0.860003,-0.789122,7.4357,22.1282,22.1282,0.0,1.0,1
19423,30.05.2024 13:36:31.040000,139.334,-368.976,7.55138,7.383,7.29,72.3791,2.82233,2.77332,15.8505,18.5984,836.585,839.905,4.04416,6.6457,0.830228,-0.830736,7.43682,22.1282,22.1282,0.0,1.0,1
19424,30.05.2024 13:36:31.050000,139.334,-451.868,7.55138,7.383,7.266,72.3791,2.82233,2.77332,15.8505,18.5984,836.505,839.89,4.28168,6.62265,0.63938,-0.757236,7.43682,22.1282,22.1282,0.0,1.0,1
19425,30.05.2024 13:36:31.060000,135.214,-451.868,7.51872,7.47,7.266,72.4063,2.80526,2.77488,15.6233,18.282,836.42,839.855,4.16151,6.53129,0.617564,-0.782043,7.43747,21.9329,21.9329,0.0,1.0,1
19426,30.05.2024 13:36:31.070000,122.031,-486.31,7.48692,7.432,7.273,72.4056,2.80234,2.78171,15.9834,18.7856,836.345,839.86,3.78085,6.34217,0.689488,-0.856823,7.43832,21.9763,21.9763,0.0,1.0,1
19427,30.05.2024 13:36:31.080000,122.031,-486.31,7.48692,7.432,7.273,72.4056,2.80234,2.78171,15.9834,18.7856,836.23,839.8,3.66632,6.27927,0.682734,-0.847229,7.43832,21.9763,21.9763,0.0,1.0,1
19428,30.05.2024 13:36:31.090000,117.334,-460.602,7.52668,7.296,7.274,72.3868,2.80606,2.79135,15.5562,18.7295,836.165,839.765,3.85326,6.28488,0.831494,-0.813654,7.43876,21.9763,21.9763,0.0,1.0,1
19429,30.05.2024 13:36:31.100000,117.334,-460.602,7.52668,7.296,7.274,72.3868,2.80606,2.79135,15.5562,18.7295,836.165,839.765,3.85326,6.28488,0.831494,-0.813654,7.43876,21.9763,21.9763,0.0,1.0,1
19430,30.05.2024 13:36:31.110000,117.334,-482.107,7.52668,7.296,7.272,72.3868,2.81198,2.79811,16.5642,19.0209,836.12,839.725,3.83214,6.14634,0.859759,-0.792959,7.43876,22.4248,22.4248,0.0,1.0,1
19431,30.05.2024 13:36:31.120000,110.577,-518.527,7.49363,7.482,7.255,72.411,2.81671,2.80169,16.3157,20.5807,835.975,839.575,4.55144,5.26244,0.926554,-0.798635,7.44062,22.3669,22.3669,0.0,1.0,1
19432,30.05.2024 13:36:31.130000,110.577,-529.568,7.49363,7.482,7.277,72.411,2.81671,2.80169,16.3157,20.5807,835.935,839.535,5.3,4.20179,0.968962,-0.81703,7.44062,22.3669,22.3669,0.0,1.0,1
19433,30.05.2024 13:36:31.140000,110.577,-529.568,7.49363,7.482,7.277,72.411,2.81671,2.80169,16.3157,20.5807,835.935,839.535,5.3,4.20179,0.968962,-0.81703,7.44062,22.3669,22.3669,0.0,1.0,1
19434,30.05.2024 13:36:31.150000,105.963,-529.568,7.5305,7.447,7.277,72.4025,2.8199,2.80266,17.038,20.2575,835.875,839.5,5.25929,3.84613,0.97617,-0.760744,7.44095,22.3669,22.3669,0.0,1.0,1
19435,30.05.2024 13:36:31.160000,101.349,-532.04,7.52038,7.373,7.333,72.3933,2.82659,2.8027,16.8764,20.4654,835.655,839.435,6.06965,3.80212,0.794766,-0.768255,7.44169,22.2295,22.2295,0.0,1.0,1
19436,30.05.2024 13:36:31.170000,75.1465,-534.677,7.48638,7.393,7.357,72.3929,2.8352,2.8068,17.1381,19.5815,835.58,839.39,5.2725,3.94168,0.858916,-0.825583,7.44212,22.4031,22.4031,0.0,1.0,1
19437,30.05.2024 13:36:31.180000,75.1465,-534.677,7.48638,7.393,7.357,72.3929,2.8352,2.8068,17.1381,19.5815,835.58,839.39,5.2725,3.94168,0.858916,-0.825583,7.44212,22.4031,22.4031,0.0,1.0,1
19438,30.05.2024 13:36:31.190000,75.1465,-531.299,7.48638,7.393,7.316,72.3929,2.84517,2.80758,17.9881,21.4176,835.515,839.345,4.74982,3.8437,0.901259,-0.77323,7.44212,22.4031,22.4031,0.0,1.0,1
19439,30.05.2024 13:36:31.200000,75.1465,-531.299,7.48638,7.393,7.316,72.3929,2.84517,2.80758,17.9881,21.4176,835.515,839.345,4.74982,3.8437,0.901259,-0.77323,7.44212,22.4031,22.4031,0.0,1.0,1
19440,30.05.2024 13:36:31.210000,48.3673,-521.823,7.50231,7.518,7.342,72.4647,2.84958,2.80726,18.2662,20.8592,835.375,839.12,4.57794,3.47931,0.901185,-0.737768,7.44311,22.4031,22.4031,0.0,1.0,1
19441,30.05.2024 13:36:31.220000,36.3373,-526.108,7.55369,7.43,7.343,72.4233,2.84961,2.80754,18.341,20.1143,835.295,839.06,5.03543,2.30867,1.02017,-0.71773,7.44387,22.772,22.772,0.0,1.0,1
19442,30.05.2024 13:36:31.230000,24.9664,-528.332,7.51496,7.392,7.336,72.3446,2.84529,2.80749,18.2256,20.5923,835.235,839.045,5.45733,2.62205,1.06088,-0.701559,7.44459,22.9962,22.9962,0.0,1.0,1
19443,30.05.2024 13:36:31.240000,24.9664,-528.332,7.51496,7.392,7.336,72.3446,2.84529,2.80749,18.2256,20.5923,835.12,838.955,5.17026,3.1207,1.02037,-0.649141,7.44459,22.9962,22.9962,0.0,1.0,1
19444,30.05.2024 13:36:31.250000,24.9664,-528.332,7.51496,7.392,7.336,72.3446,2.84529,2.80749,18.2256,20.5923,835.12,838.955,5.17026,3.1207,1.02037,-0.649141,7.44459,22.9962,22.9962,0.0,1.0,1
19445,30.05.2024 13:36:31.260000,14.2548,-529.404,7.56077,7.433,7.323,72.3709,2.8416,2.8066,17.493,20.2065,835.08,838.905,4.99514,3.48442,1.00363,-0.642866,7.44536,22.6707,22.6707,0.0,1.0,1
19446,30.05.2024 13:36:31.270000,2.63672,-520.175,7.53452,7.471,7.313,72.4039,2.84009,2.80715,18.132,20.1387,834.905,838.685,4.9315,4.44988,1.10927,-0.665041,7.44579,22.6635,22.6635,0.0,1.0,1
19447,30.05.2024 13:36:31.280000,-2.30713,-522.07,7.51606,7.408,7.306,72.4043,2.83772,2.80848,17.8884,19.9932,834.84,838.595,4.91875,4.40228,1.04955,-0.686615,7.44638,22.6128,22.6128,0.0,1.0,1
19448,30.05.2024 13:36:31.290000,-2.30713,-528.003,7.51606,7.408,7.319,72.4043,2.83772,2.80848,17.8884,19.9932,834.785,838.525,4.78719,3.53174,0.987582,-0.635725,7.44638,22.6128,22.6128,0.0,1.0,1
19449,30.05.2024 13:36:31.300000,-23.3185,-528.003,7.58192,7.393,7.319,72.4348,2.83365,2.80833,17.3725,19.1751,834.745,838.46,4.8748,3.19562,0.981984,-0.65226,7.44734,21.875,21.875,0.0,1.0,1
19450,30.05.2024 13:36:31.310000,-40.3747,-528.25,7.56479,7.432,7.314,72.3947,2.83041,2.80401,17.0357,19.0129,834.695,838.415,4.53124,2.74568,0.985532,-0.603239,7.44794,21.8171,21.8171,0.0,1.0,1
19451,30.05.2024 13:36:31.320000,-40.3747,-528.25,7.56479,7.432,7.314,72.3947,2.83041,2.80401,17.0357,19.0129,834.695,838.415,4.53124,2.74568,0.985532,-0.603239,7.44794,21.8171,21.8171,0.0,1.0,1
19452,30.05.2024 13:36:31.330000,-40.3747,-528.25,7.56479,7.432,7.314,72.3947,2.83041,2.80401,17.0357,19.0129,834.605,838.345,4.91642,2.81491,0.897786,-0.652105,7.44794,22.2729,22.2729,0.0,1.0,1
19453,30.05.2024 13:36:31.340000,-54.7119,-522.07,7.5605,7.451,7.334,72.4491,2.83106,2.80497,16.7186,18.7735,834.47,838.25,5.15219,3.95746,0.752616,-0.787436,7.44872,22.2729,22.2729,0.0,1.0,1
19454,30.05.2024 13:36:31.350000,-54.7119,-522.07,7.5605,7.451,7.334,72.4491,2.83106,2.80497,16.7186,18.7735,834.47,838.25,5.15219,3.95746,0.752616,-0.787436,7.44872,22.2729,22.2729,0.0,1.0,1
19455,30.05.2024 13:36:31.360000,-67.0715,-522.07,7.53765,7.464,7.334,72.3884,2.83106,2.80497,16.7186,18.7735,834.34,838.15,5.05745,4.11023,0.834189,-0.770638,7.44914,22.2222,22.2222,0.0,1.0,1
19456,30.05.2024 13:36:31.370000,-67.0715,-522.07,7.53765,7.464,7.334,72.3884,2.83106,2.80497,16.7186,18.7735,834.34,838.15,5.05745,4.11023,0.834189,-0.770638,7.44914,22.2222,22.2222,0.0,1.0,1
19457,30.05.2024 13:36:31.380000,-94.0155,-526.684,7.59491,7.43,7.345,72.3555,2.83483,2.80501,16.0495,18.6502,834.24,838.05,4.84381,4.97909,0.972413,-0.666849,7.44975,22.2729,22.2729,0.0,1.0,1
19458,30.05.2024 13:36:31.390000,-96.6522,-520.999,7.57931,7.503,7.326,72.4105,2.8321,2.80138,15.9275,18.4431,834.09,837.855,5.17989,5.39515,1.00735,-0.640692,7.4511,22.432,22.432,0.0,1.0,1
19459,30.05.2024 13:36:31.400000,-96.6522,-520.999,7.57931,7.503,7.326,72.4105,2.8321,2.80138,15.9275,18.4431,834.09,837.855,5.17989,5.39515,1.00735,-0.640692,7.4511,22.432,22.432,0.0,1.0,1
19460,30.05.2024 13:36:31.410000,-96.6522,-520.999,7.57931,7.503,7.326,72.4105,2.8321,2.80138,15.9275,18.4431,834.03,837.785,5.07157,5.31851,1.05297,-0.687874,7.4511,22.4826,22.4826,0.0,1.0,1
19461,30.05.2024 13:36:31.420000,-96.6522,-520.999,7.57931,7.503,7.326,72.4105,2.8321,2.80138,15.9275,18.4431,834.03,837.785,5.07157,5.31851,1.05297,-0.687874,7.4511,22.4826,22.4826,0.0,1.0,1
19462,30.05.2024 13:36:31.430000,-100.195,-520.093,7.55441,7.449,7.332,72.389,2.82472,2.80292,15.4492,18.6683,833.915,837.655,5.29921,4.89076,1.22305,-0.431139,7.45216,22.4826,22.4826,0.0,1.0,1
19463,30.05.2024 13:36:31.440000,-100.195,-520.093,7.55441,7.449,7.332,72.389,2.82472,2.80292,15.4492,18.6683,833.915,837.655,5.29921,4.89076,1.22305,-0.431139,7.45216,22.4826,22.4826,0.0,1.0,1
19464,30.05.2024 13:36:31.450000,-101.431,-528.909,7.60304,7.431,7.344,72.43,2.82534,2.8071,15.5704,17.6563,833.715,837.495,5.02798,4.65559,1.27334,-0.589544,7.45419,22.6201,22.6201,0.0,1.0,1
19465,30.05.2024 13:36:31.460000,-106.787,-525.366,7.58249,7.501,7.337,72.4427,2.82674,2.81007,15.2595,18.0253,833.6,837.365,4.61753,4.63985,1.21498,-0.344809,7.45453,21.8244,21.8244,0.0,1.0,1
19466,30.05.2024 13:36:31.470000,-106.787,-525.366,7.58249,7.501,7.337,72.4427,2.82674,2.81007,15.2595,18.0253,833.6,837.365,4.61753,4.63985,1.21498,-0.344809,7.45453,21.8244,21.8244,0.0,1.0,1
19467,30.05.2024 13:36:31.480000,-108.353,-523.471,7.55169,7.5,7.363,72.4684,2.83067,2.81354,14.8776,17.7682,833.56,837.295,4.80899,4.36047,1.20896,-0.362761,7.45561,21.8244,21.8244,0.0,1.0,1
19468,30.05.2024 13:36:31.490000,-119.476,-524.212,7.5846,7.457,7.397,72.4472,2.83344,2.81379,15.0778,18.5645,833.46,837.13,5.73227,3.44531,1.10753,-0.433508,7.45588,21.6291,21.6291,0.0,1.0,1
19469,30.05.2024 13:36:31.500000,-119.476,-524.212,7.5846,7.457,7.397,72.4472,2.83344,2.81379,15.0778,18.5645,833.46,837.13,5.73227,3.44531,1.10753,-0.433508,7.45588,21.6291,21.6291,0.0,1.0,1
19470,30.05.2024 13:36:31.510000,-119.476,-520.669,7.5846,7.457,7.387,72.4472,2.84207,2.81621,14.6066,17.8577,833.42,837.07,5.99443,3.35913,1.11539,-0.409822,7.45588,21.6218,21.6218,0.0,1.0,1
19471,30.05.2024 13:36:31.520000,-119.476,-520.669,7.5846,7.457,7.387,72.4472,2.84207,2.81621,14.6066,17.8577,833.42,837.07,5.99443,3.35913,1.11539,-0.409822,7.45588,21.6218,21.6218,0.0,1.0,1
19472,30.05.2024 13:36:31.530000,-142.053,-522.729,7.53358,7.558,7.399,72.4785,2.85145,2.81701,16.0514,18.0539,833.245,836.93,5.99065,3.87747,1.02945,-0.521822,7.45778,21.7014,21.7014,0.0,1.0,1
19473,30.05.2024 13:36:31.540000,-152.93,-524.048,7.53189,7.543,7.368,72.4395,2.86398,2.82005,15.2649,17.713,833.09,836.77,5.63359,3.82347,1.1204,-0.544792,7.45827,21.7014,21.7014,0.0,1.0,1
19474,30.05.2024 13:36:31.550000,-162.817,-522.153,7.53026,7.481,7.379,72.5384,2.86865,2.82039,16.3687,17.1384,833.035,836.69,5.02084,3.7296,1.1034,-0.411657,7.45945,21.5639,21.5639,0.0,1.0,1
19475,30.05.2024 13:36:31.560000,-162.817,-522.153,7.53026,7.481,7.379,72.5384,2.86865,2.82039,16.3687,17.1384,832.955,836.555,4.89761,3.38799,1.07607,-0.394545,7.45945,21.5639,21.5639,0.0,1.0,1
19476,30.05.2024 13:36:31.570000,-180.203,-528.085,7.5364,7.473,7.374,72.5597,2.86863,2.82139,16.3068,17.5071,832.91,836.48,4.92905,3.13267,1.1,-0.351194,7.46008,21.6724,21.6724,0.0,1.0,1
19477,30.05.2024 13:36:31.580000,-180.203,-519.433,7.5364,7.473,7.363,72.5597,2.86635,2.82347,16.6795,17.3593,832.88,836.44,5.47588,3.2246,1.20116,-0.394518,7.46008,21.2312,21.2312,0.0,1.0,1
19478,30.05.2024 13:36:31.590000,-180.203,-519.433,7.5364,7.473,7.363,72.5597,2.86635,2.82347,16.6795,17.3593,832.88,836.44,5.47588,3.2246,1.20116,-0.394518,7.46008,21.2312,21.2312,0.0,1.0,1
19479,30.05.2024 13:36:31.600000,-181.11,-519.433,7.52125,7.49,7.363,72.5258,2.86635,2.82347,16.6795,17.3593,832.8,836.305,5.59665,3.30592,1.25927,-0.402464,7.46108,21.1299,21.1299,0.0,1.0,1
19480,30.05.2024 13:36:31.610000,-188.443,-523.141,7.54234,7.504,7.318,72.4924,2.86708,2.82685,16.3956,17.8521,832.695,836.185,6.50939,3.67763,1.46521,-0.327818,7.46161,21.1299,21.1299,0.0,1.0,1
19481,30.05.2024 13:36:31.620000,-181.11,-519.433,7.52125,7.49,7.363,72.5258,2.86635,2.82347,16.6795,17.3593,832.8,836.305,5.59665,3.30592,1.25927,-0.402464,7.46108,21.2746,21.2746,0.0,1.0,1
19482,30.05.2024 13:36:31.630000,-200.391,-525.201,7.53827,7.411,7.323,72.4528,2.86493,2.83226,16.5088,18.5216,832.6,836.045,6.52593,3.96499,1.49845,-0.117464,7.46322,20.8912,20.8912,0.0,1.0,1
19483,30.05.2024 13:36:31.640000,-200.391,-525.201,7.53827,7.411,7.323,72.4528,2.86493,2.83226,16.5088,18.5216,832.6,836.045,6.52593,3.96499,1.49845,-0.117464,7.46322,20.8912,20.8912,0.0,1.0,1
19484,30.05.2024 13:36:31.650000,-200.391,-525.201,7.53827,7.411,7.323,72.4528,2.86493,2.83226,16.5088,18.5216,832.515,835.88,6.6366,4.15077,1.45211,-0.239023,7.46322,20.8912,20.8912,0.0,1.0,1
19485,30.05.2024 13:36:31.660000,-213.574,-520.999,7.52481,7.456,7.315,72.4143,2.84886,2.82964,15.4851,17.1185,832.42,835.705,6.64388,3.83702,1.47278,-0.248728,7.46451,20.204,20.204,0.0,1.0,1
19486,30.05.2024 13:36:31.670000,-218.353,-520.999,7.56536,7.433,7.315,72.3923,2.84886,2.82964,15.4851,17.1185,832.35,835.595,6.81216,3.56833,1.43208,-0.244219,7.46489,20.204,20.204,0.0,1.0,1
19487,30.05.2024 13:36:31.680000,-227.005,-526.849,7.52912,7.428,7.326,72.3514,2.84256,2.82951,15.3884,16.9449,832.28,835.54,6.92641,3.58506,1.36565,-0.247984,7.46589,20.1823,20.1823,0.0,1.0,1
19488,30.05.2024 13:36:31.690000,-227.005,-523.141,7.52912,7.428,7.354,72.3514,2.84256,2.82951,15.3884,16.9449,832.225,835.48,6.71597,4.46603,1.43357,-0.284758,7.46589,20.1823,20.1823,0.0,1.0,1
19489,30.05.2024 13:36:31.700000,-248.593,-523.141,7.58407,7.402,7.354,72.424,2.84312,2.82927,14.3042,16.9564,832.18,835.41,6.60033,4.68197,1.50115,-0.339567,7.46683,20.1823,20.1823,0.0,1.0,1
19490,30.05.2024 13:36:31.710000,-248.593,-523.141,7.58407,7.402,7.354,72.424,2.84312,2.82927,14.3042,16.9564,832.18,835.41,6.60033,4.68197,1.50115,-0.339567,7.46683,20.1823,20.1823,0.0,1.0,1
19491,30.05.2024 13:36:31.720000,-252.466,-523.388,7.5884,7.468,7.321,72.4283,2.84144,2.82828,14.6224,16.8486,832.125,835.33,6.59219,5.21307,1.56279,-0.424997,7.46727,19.9798,19.9798,0.0,1.0,1
19492,30.05.2024 13:36:31.730000,-267.462,-523.388,7.5439,7.488,7.331,72.3974,2.84189,2.82361,14.5184,16.7101,831.99,835.105,5.54836,5.08685,2.11519,-0.441715,7.46812,19.6036,19.6036,0.0,1.0,1
19493,30.05.2024 13:36:31.740000,-267.462,-518.857,7.5439,7.488,7.328,72.3974,2.84113,2.82469,14.3045,16.456,831.96,835.05,5.85921,5.02776,2.19102,-0.45776,7.46812,19.5385,19.5385,0.0,1.0,1
19494,30.05.2024 13:36:31.750000,-267.462,-518.857,7.5439,7.488,7.328,72.3974,2.84113,2.82469,14.3045,16.456,831.96,835.05,5.85921,5.02776,2.19102,-0.45776,7.46812,19.5385,19.5385,0.0,1.0,1
19495,30.05.2024 13:36:31.760000,-270.923,-518.857,7.57623,7.445,7.328,72.4247,2.84113,2.82469,14.3045,16.456,831.865,834.91,5.78814,5.08104,2.28238,-0.477877,7.46872,19.5385,19.5385,0.0,1.0,1
19496,30.05.2024 13:36:31.770000,-270.923,-518.857,7.57623,7.445,7.328,72.4247,2.84113,2.82469,14.3045,16.456,831.865,834.91,5.78814,5.08104,2.28238,-0.477877,7.46872,19.5385,19.5385,0.0,1.0,1
19497,30.05.2024 13:36:31.780000,-275.949,-526.025,7.59872,7.415,7.324,72.457,2.84204,2.82373,14.6195,16.7791,831.78,834.815,6.34502,5.7225,2.3655,-0.432695,7.46957,19.2564,19.2564,0.0,1.0,1
19498,30.05.2024 13:36:31.790000,-290.781,-518.445,7.54968,7.467,7.321,72.3828,2.84369,2.82875,14.5857,17.0502,831.62,834.64,5.86053,6.24338,2.35769,-0.281384,7.47054,18.7934,18.7934,0.0,1.0,1
19499,30.05.2024 13:36:31.800000,-290.781,-518.445,7.54968,7.467,7.321,72.3828,2.84369,2.82875,14.5857,17.0502,831.585,834.56,5.77016,6.48253,2.30524,-0.306595,7.47054,18.7934,18.7934,0.0,1.0,1
