,time,Pinceur Inf Mesure de courant,Pinceur Sup Mesure de courant,Mandrin - Vitesse Actuelle,Pinceur Sup Mesure vitesse lineaire,Pinceur Inf Mesure vitesse lineaire,Mandrin - Mesure Expansion,Pinceur Nord Position entrefer estimee,Pinceur Sud Position entrefer estimee,Pinceur Nord Force entrefer calibree,Pinceur Sud Force entrefer calibree,Guides Nord Entree Position mesuree,Guides Nord Sortie Position mesuree,Guides Nord Entree Force pour regulateur PI,Guides Nord Sortie Force pour regulateur PI,Guides Sud Entree Force pour regulateur PI,Guides Sud Sortie Force pour regulateur PI,Mandrin - Vitesse Actuelle F10,_Excentrage largeur bande jauge bob,_Excentrage largeur bande jauge bob.1,TDB pinceur,Fenetre,Declancheur
31200,30.05.2024 17:05:19.740000,134.308,83.6334,6.38879,6.47,6.211,37.8437,4.8829,4.82841,51.747,68.3017,833.115,824.72,4.53763,3.72617,1.04732,-1.19827,5.57195,100.195,100.195,1.0,1.0,1
31201,30.05.2024 17:05:19.750000,134.308,116.757,6.42211,6.47,6.063,37.8437,5.04314,5.03626,70.3649,79.3428,831.44,822.99,4.182,3.38376,1.03004,-1.07836,5.57195,100.195,100.195,1.0,1.0,1
31202,30.05.2024 17:05:19.760000,164.548,116.757,6.40582,6.099,6.063,37.8814,5.04314,5.03626,70.3649,79.3428,830.7,822.135,4.34051,3.38555,0.951469,-1.12869,5.57216,100.195,100.195,1.0,1.0,1
31203,30.05.2024 17:05:19.770000,164.548,257.08,6.40582,6.099,5.863,37.8901,4.92899,5.09322,64.2488,87.771,829.935,821.335,6.08244,3.7066,0.717045,-1.22219,5.57216,100.188,100.188,1.0,1.0,1
31204,30.05.2024 17:05:19.780000,231.949,389.575,6.38494,5.962,5.759,37.8901,4.63083,4.92309,62.2437,83.409,829.135,820.495,7.25174,3.51761,0.781858,-1.20677,5.57251,100.188,100.188,1.0,1.0,1
31205,30.05.2024 17:05:19.790000,231.949,389.575,6.38494,5.962,5.759,37.8901,4.63083,4.92309,62.2437,83.409,829.135,820.495,7.25174,3.51761,0.781858,-1.20677,5.57251,100.188,100.188,1.0,1.0,1
31206,30.05.2024 17:05:19.800000,316.489,389.575,6.42735,6.037,5.759,37.947,4.63083,4.92309,62.2437,83.409,827.575,818.79,8.22038,3.71561,0.739233,-1.2696,5.57269,100.195,100.195,1.0,1.0,1
31207,30.05.2024 17:05:19.810000,378.122,424.429,6.40386,6.129,5.372,37.9224,4.19706,4.36395,31.5891,46.7991,826.04,817.21,11.2278,3.73523,1.16082,-1.17678,5.57367,100.195,100.195,1.0,1.0,1
31208,30.05.2024 17:05:19.820000,435.141,424.429,6.40386,6.001,5.372,37.8998,4.19706,4.36395,31.5891,46.7991,825.23,816.405,12.178,4.88161,1.09647,-1.20269,5.57469,100.195,100.195,1.0,1.0,1
31209,30.05.2024 17:05:19.830000,435.141,441.321,6.38645,6.001,5.209,37.8998,4.09023,4.02669,20.4393,22.758,823.45,814.76,12.339,5.74113,1.11047,-1.19426,5.57469,100.195,100.195,1.0,1.0,1
31210,30.05.2024 17:05:19.840000,473.208,441.321,6.42403,5.757,5.209,37.9475,4.09023,4.02669,20.4393,22.758,822.62,813.965,11.5609,6.45434,1.09804,-1.27,5.57609,100.195,100.195,1.0,1.0,1
31211,30.05.2024 17:05:19.850000,473.208,559.396,6.42403,5.757,5.256,37.9669,4.07808,3.91136,15.2085,4.07196,821.765,813.155,9.68913,7.30437,1.22808,-1.17721,5.57609,100.195,100.195,1.0,1.0,1
31212,30.05.2024 17:05:19.860000,468.677,678.131,6.40743,5.655,5.31,37.9669,4.16962,3.869,22.9341,9.62476,820.94,812.36,9.18437,8.16228,0.92065,-1.25193,5.5771,100.195,100.195,1.0,1.0,1
31213,30.05.2024 17:05:19.870000,480.047,678.131,6.39046,5.739,5.31,37.994,4.16962,3.869,22.9341,9.62476,819.205,810.76,8.85765,8.59947,0.700214,-1.25213,5.57785,100.195,100.195,1.0,1.0,1
31214,30.05.2024 17:05:19.880000,480.047,693.539,6.39046,5.739,5.422,37.9909,4.31627,4.07284,23.2691,15.993,818.4,809.935,8.22293,9.20441,0.514904,-1.2837,5.57785,100.195,100.195,1.0,1.0,1
31215,30.05.2024 17:05:19.890000,468.594,716.281,6.38092,5.613,5.47,37.9909,4.44188,4.27492,36.154,28.0536,817.52,809.225,7.81411,9.76837,0.672359,-1.17858,5.57825,100.203,100.203,1.0,1.0,1
31216,30.05.2024 17:05:19.900000,469.171,716.281,6.42803,5.51,5.47,38.0521,4.44188,4.27492,36.154,28.0536,816.685,808.485,8.04239,10.8695,0.680336,-1.25891,5.57847,100.188,100.188,1.0,1.0,1
31217,30.05.2024 17:05:19.910000,469.171,706.558,6.42803,5.51,5.552,38.0521,4.44298,4.4881,34.5937,42.2572,815.035,807.04,7.37286,12.5768,0.723501,-1.28014,5.57847,100.188,100.188,1.0,1.0,1
31218,30.05.2024 17:05:19.920000,470.489,706.558,6.40706,5.515,5.552,38.1192,4.44298,4.4881,34.5937,42.2572,814.13,806.305,7.01967,14.0729,0.826015,-1.23902,5.57821,100.181,100.181,1.0,1.0,1
31219,30.05.2024 17:05:19.930000,470.489,706.558,6.40706,5.515,5.552,38.1192,4.44298,4.4881,34.5937,42.2572,814.13,806.305,7.01967,14.0729,0.826015,-1.23902,5.57821,100.181,100.181,1.0,1.0,1
31220,30.05.2024 17:05:19.940000,470.489,696.588,6.40706,5.515,5.543,38.0816,4.39944,4.57752,38.4128,54.8474,813.24,805.56,7.55284,17.3189,0.895374,-1.24549,5.57821,100.181,100.181,1.0,1.0,1
31221,30.05.2024 17:05:19.950000,470.489,696.588,6.40706,5.515,5.543,38.0816,4.39944,4.57752,38.4128,54.8474,813.24,805.56,7.55284,17.3189,0.895374,-1.24549,5.57821,100.181,100.181,1.0,1.0,1
31222,30.05.2024 17:05:19.960000,496.939,697.412,6.43121,5.665,5.571,38.0992,4.38156,4.58951,35.0614,54.5037,810.745,803.27,7.03563,19.6762,0.950768,-1.2741,5.57797,100.21,100.21,1.0,1.0,1
31223,30.05.2024 17:05:19.970000,496.939,697.412,6.43121,5.665,5.571,38.0992,4.38156,4.58951,35.0614,54.5037,810.745,803.27,7.03563,19.6762,0.950768,-1.2741,5.57797,100.21,100.21,1.0,1.0,1
31224,30.05.2024 17:05:19.980000,504.52,697.0,6.43585,5.563,5.551,38.0784,4.43872,4.45672,38.7054,51.3376,808.98,801.84,6.98645,21.7475,0.963133,-1.17805,5.57764,100.195,100.195,1.0,1.0,1
31225,30.05.2024 17:05:19.990000,504.52,697.0,6.43585,5.563,5.551,38.0784,4.43872,4.45672,38.7054,51.3376,808.98,801.84,6.98645,21.7475,0.963133,-1.17805,5.57764,100.195,100.195,1.0,1.0,1
31226,30.05.2024 17:05:20.000000,523.306,689.502,6.40939,5.554,5.534,38.0142,4.43682,4.35673,36.5114,39.955,806.345,799.715,5.5176,24.6533,1.08564,-1.20148,5.57756,100.195,100.195,1.0,1.0,1
31227,30.05.2024 17:05:20.010000,523.306,689.502,6.40939,5.554,5.534,38.0142,4.43682,4.35673,36.5114,39.955,806.345,799.715,5.5176,24.6533,1.08564,-1.20148,5.57756,100.195,100.195,1.0,1.0,1
31228,30.05.2024 17:05:20.020000,542.834,697.824,6.39466,5.611,5.545,38.0321,4.38324,4.2626,37.156,34.9182,804.6,797.975,4.5008,26.4725,0.865133,-1.14224,5.57741,100.195,100.195,1.0,1.0,1
31229,30.05.2024 17:05:20.030000,542.834,697.824,6.39466,5.611,5.545,38.0321,4.38324,4.2626,37.156,34.9182,804.6,797.975,4.5008,26.4725,0.865133,-1.14224,5.57741,100.195,100.195,1.0,1.0,1
31230,30.05.2024 17:05:20.040000,558.984,695.764,6.42784,5.519,5.534,38.0278,4.31089,4.19424,33.3418,31.8581,801.96,795.5,3.08732,24.0834,0.804577,-1.17259,5.57781,100.195,100.195,1.0,1.0,1
31231,30.05.2024 17:05:20.050000,558.984,695.764,6.42784,5.519,5.534,38.0278,4.31089,4.19424,33.3418,31.8581,801.96,795.5,3.08732,24.0834,0.804577,-1.17259,5.57781,100.195,100.195,1.0,1.0,1
31232,30.05.2024 17:05:20.060000,585.763,686.865,6.41013,5.491,5.519,38.0591,4.1639,4.15064,26.1771,24.4164,800.225,793.84,2.63093,21.9152,0.896446,-1.17024,5.57772,100.203,100.203,1.0,1.0,1
31233,30.05.2024 17:05:20.070000,585.763,686.865,6.41013,5.491,5.519,38.0591,4.1639,4.15064,26.1771,24.4164,800.225,793.84,2.63093,21.9152,0.896446,-1.17024,5.57772,100.203,100.203,1.0,1.0,1
31234,30.05.2024 17:05:20.080000,594.992,679.284,6.39458,5.573,5.503,38.068,4.13406,4.16282,22.7507,25.7659,797.67,791.525,2.1186,22.8171,0.892624,-1.35579,5.57743,100.203,100.203,1.0,1.0,1
31235,30.05.2024 17:05:20.090000,612.048,693.622,6.4,5.617,5.48,38.0331,4.15801,4.18156,23.8055,27.5625,795.905,790.025,1.91214,25.1367,1.19606,-1.28742,5.57754,100.203,100.203,1.0,1.0,1
31236,30.05.2024 17:05:20.100000,644.018,691.562,6.41269,5.555,5.427,38.0331,4.22554,4.20881,24.3391,29.648,795.03,789.265,1.34408,26.3746,1.21092,-1.26675,5.57789,100.203,100.203,1.0,1.0,1
31237,30.05.2024 17:05:20.110000,644.018,691.562,6.41269,5.555,5.427,38.0331,4.22554,4.20881,24.3391,29.648,795.03,789.265,1.34408,26.3746,1.21092,-1.26675,5.57789,100.203,100.203,1.0,1.0,1
31238,30.05.2024 17:05:20.120000,668.49,691.562,6.43988,5.452,5.427,38.0284,4.22554,4.20881,24.3391,29.648,793.25,787.65,0.83388,27.7195,1.23579,-1.28327,5.57783,100.188,100.188,1.0,1.0,1
31239,30.05.2024 17:05:20.130000,686.783,686.206,6.43901,5.478,5.428,38.0118,4.33496,4.25099,31.7923,32.6281,791.515,786.035,-2.15197,28.7752,0.997948,-1.32251,5.57774,99.8481,99.8481,1.0,1.0,1
31240,30.05.2024 17:05:20.140000,689.584,686.206,6.43901,5.529,5.428,37.9919,4.33496,4.25099,31.7923,32.6281,790.685,785.17,-2.78954,28.9198,0.94001,-1.29393,5.57804,96.9256,96.9256,1.0,1.0,1
31241,30.05.2024 17:05:20.150000,689.584,692.468,6.41764,5.529,5.427,37.9919,4.3278,4.25711,32.5168,32.7737,789.045,783.475,-1.9143,28.7128,0.792633,-1.32835,5.57804,96.9256,96.9256,1.0,1.0,1
31242,30.05.2024 17:05:20.160000,691.232,692.468,6.41489,5.485,5.427,37.9588,4.3278,4.25711,32.5168,32.7737,788.175,782.68,-1.41889,27.8011,0.749571,-1.27468,5.57832,93.7572,93.7572,1.0,1.0,1
31243,30.05.2024 17:05:20.170000,691.232,692.468,6.41489,5.485,5.427,37.9588,4.3278,4.25711,32.5168,32.7737,788.175,782.68,-1.41889,27.8011,0.749571,-1.27468,5.57832,93.7572,93.7572,1.0,1.0,1
31244,30.05.2024 17:05:20.180000,691.232,695.022,6.41489,5.485,5.448,37.9584,4.302,4.25789,32.999,34.4926,787.295,781.905,-1.84764,27.0966,0.763346,-1.23476,5.57832,93.7572,93.7572,1.0,1.0,1
31245,30.05.2024 17:05:20.190000,689.914,685.547,6.41006,5.456,5.466,37.903,4.27511,4.25591,30.5736,35.2669,784.74,779.495,-2.10964,28.5998,0.763033,-1.31441,5.57867,86.9068,86.9068,1.0,1.0,1
31246,30.05.2024 17:05:20.200000,689.914,677.884,6.41006,5.456,5.449,37.9252,4.24498,4.25325,30.1175,34.0136,783.87,778.615,-2.37344,28.9765,0.792225,-1.29732,5.57867,86.9068,86.9068,1.0,1.0,1
31247,30.05.2024 17:05:20.210000,689.914,677.884,6.41006,5.456,5.449,37.9252,4.24498,4.25325,30.1175,34.0136,783.87,778.615,-2.37344,28.9765,0.792225,-1.29732,5.57867,86.9068,86.9068,1.0,1.0,1
31248,30.05.2024 17:05:20.220000,690.655,679.532,6.4337,5.52,5.448,37.9252,4.22175,4.24026,28.6963,33.502,782.955,777.735,-3.47388,28.7434,0.944078,-1.31721,5.5787,86.9068,86.9068,1.0,1.0,1
31249,30.05.2024 17:05:20.230000,690.655,679.532,6.4337,5.52,5.448,37.9252,4.22175,4.24026,28.6963,33.502,782.955,777.735,-3.47388,28.7434,0.944078,-1.31721,5.5787,86.9068,86.9068,1.0,1.0,1
31250,30.05.2024 17:05:20.240000,697.906,692.138,6.43786,5.531,5.489,37.9636,4.22058,4.23447,28.414,32.7678,780.385,775.285,-5.45839,27.8374,0.947012,-1.33337,5.57918,86.9068,86.9068,1.0,1.0,1
31251,30.05.2024 17:05:20.250000,694.775,690.738,6.41719,5.488,5.473,37.9854,4.22905,4.22595,28.8337,32.9762,778.73,773.885,-6.23179,29.561,1.06,-1.31473,5.57946,75.0723,75.0723,1.0,1.0,1
31252,30.05.2024 17:05:20.260000,677.142,688.101,6.42069,5.51,5.454,37.9854,4.22285,4.21755,28.968,32.8618,777.935,773.135,-6.25911,31.3957,1.38598,-1.37371,5.5797,75.0723,75.0723,1.0,1.0,1
31253,30.05.2024 17:05:20.270000,677.142,688.101,6.42069,5.51,5.454,37.9854,4.22285,4.21755,28.968,32.8618,777.935,773.135,-6.25911,31.3957,1.38598,-1.37371,5.5797,75.0723,75.0723,1.0,1.0,1
31254,30.05.2024 17:05:20.280000,683.404,688.101,6.4205,5.546,5.454,37.9652,4.22285,4.21755,28.968,32.8618,776.33,771.425,-5.79369,33.1207,1.96196,-1.33943,5.58001,75.0723,75.0723,1.0,1.0,1
31255,30.05.2024 17:05:20.290000,683.404,688.101,6.4205,5.546,5.454,37.9652,4.22285,4.21755,28.968,32.8618,776.33,771.425,-5.79369,33.1207,1.96196,-1.33943,5.58001,75.0723,75.0723,1.0,1.0,1
31256,30.05.2024 17:05:20.300000,684.805,690.243,6.42588,5.582,5.532,37.974,4.10976,4.16409,25.6806,28.0496,774.795,769.76,-4.06259,32.8317,3.12114,-1.30857,5.58049,72.4754,72.4754,1.0,1.0,1
31257,30.05.2024 17:05:20.310000,685.217,685.299,6.4266,5.619,5.548,37.9858,4.04492,4.12325,23.1089,26.2823,772.685,767.745,-0.545896,33.7687,3.55621,-1.29019,5.58101,70.3848,70.3848,1.0,1.0,1
31258,30.05.2024 17:05:20.320000,688.019,685.299,6.38802,5.67,5.548,38.0161,4.04492,4.12325,23.1089,26.2823,771.86,767.05,1.70791,35.7026,3.82044,-1.31072,5.5812,70.3848,70.3848,1.0,1.0,1
31259,30.05.2024 17:05:20.330000,688.019,686.041,6.38802,5.67,5.56,38.0255,4.03592,4.10844,21.0431,23.6135,771.075,766.4,3.66419,40.2333,5.19128,-1.20541,5.5812,63.4332,63.4332,1.0,1.0,1
31260,30.05.2024 17:05:20.340000,690.985,683.487,6.43082,5.671,5.552,38.0255,4.03679,4.11035,22.2725,25.976,770.285,765.71,-1.52919,36.1895,6.02114,-1.14638,5.58143,63.4332,63.4332,1.0,1.0,1
31261,30.05.2024 17:05:20.350000,690.985,683.487,6.43082,5.671,5.552,38.0255,4.03679,4.11035,22.2725,25.976,770.285,765.71,-1.52919,36.1895,6.02114,-1.14638,5.58143,63.4332,63.4332,1.0,1.0,1
31262,30.05.2024 17:05:20.360000,688.183,683.487,6.41096,5.684,5.552,38.0227,4.03679,4.11035,22.2725,25.976,769.98,765.805,-9.44914,25.6539,6.98121,-1.06069,5.58171,60.2141,60.2141,1.0,1.0,1
31263,30.05.2024 17:05:20.370000,690.985,681.592,6.43678,5.694,5.601,38.0219,4.05766,4.14667,23.9838,27.4132,770.055,766.245,-6.19637,31.2708,7.9337,-1.01814,5.58169,60.2937,60.2937,1.0,1.0,1
31264,30.05.2024 17:05:20.380000,689.419,681.592,6.44639,5.704,5.601,37.9898,4.05766,4.14667,23.9838,27.4132,769.78,766.145,-6.19894,29.2854,7.81974,-0.831833,5.58178,60.2937,60.2937,1.0,1.0,1
31265,30.05.2024 17:05:20.390000,689.419,688.019,6.44639,5.704,5.666,37.9898,4.03873,4.15848,23.8648,28.6422,769.79,766.485,-8.59338,27.0642,7.73487,-0.440586,5.58178,60.2937,60.2937,1.0,1.0,1
31266,30.05.2024 17:05:20.400000,695.846,688.019,6.40684,5.712,5.666,37.9636,4.03873,4.15848,23.8648,28.6422,769.735,766.48,-8.01913,28.5849,7.83568,0.390793,5.58206,58.0151,58.0151,1.0,1.0,1
31267,30.05.2024 17:05:20.410000,695.846,687.524,6.40684,5.712,5.653,38.0045,4.04239,4.16043,24.4894,30.8051,769.54,766.365,-1.29088,28.2881,8.64712,2.96772,5.58206,55.939,55.939,1.0,1.0,1
31268,30.05.2024 17:05:20.420000,694.116,692.386,6.40575,5.733,5.631,38.0045,4.05788,4.16099,26.1022,30.1968,769.35,766.38,-0.714173,25.6892,8.78689,3.85408,5.58215,55.939,55.939,1.0,1.0,1
31269,30.05.2024 17:05:20.430000,689.007,692.386,6.4463,5.714,5.631,38.0049,4.05788,4.16099,26.1022,30.1968,769.11,766.475,-0.628677,24.604,8.8751,4.2678,5.58255,54.2318,54.2318,1.0,1.0,1
31270,30.05.2024 17:05:20.440000,689.007,692.386,6.4463,5.714,5.631,38.0049,4.05788,4.16099,26.1022,30.1968,769.11,766.475,-0.628677,24.604,8.8751,4.2678,5.58255,54.2318,54.2318,1.0,1.0,1
31271,30.05.2024 17:05:20.450000,689.007,689.749,6.4463,5.714,5.613,37.9871,4.06779,4.1589,25.5931,29.4153,768.965,766.385,0.333157,24.4363,8.71689,4.33788,5.58255,52.6837,52.6837,1.0,1.0,1
31272,30.05.2024 17:05:20.460000,686.535,687.854,6.41277,5.664,5.608,37.9224,4.06697,4.15269,28.2107,28.7691,768.695,766.44,1.92518,18.3054,6.81218,2.24516,5.58296,51.6927,51.6927,1.0,1.0,1
31273,30.05.2024 17:05:20.470000,686.535,687.607,6.45304,5.664,5.596,37.9224,4.04747,4.15291,28.2147,29.3491,768.43,766.48,1.68601,17.9304,6.03428,1.60481,5.58296,51.6927,51.6927,1.0,1.0,1
31274,30.05.2024 17:05:20.480000,684.97,687.607,6.44201,5.689,5.596,37.9157,4.04747,4.15291,28.2147,29.3491,768.32,766.42,1.63329,17.921,5.09434,1.32788,5.58327,50.0651,50.0651,1.0,1.0,1
31275,30.05.2024 17:05:20.490000,684.97,687.607,6.44201,5.689,5.596,37.9157,4.04747,4.15291,28.2147,29.3491,768.32,766.42,1.63329,17.921,5.09434,1.32788,5.58327,50.0651,50.0651,1.0,1.0,1
31276,30.05.2024 17:05:20.500000,684.97,690.161,6.44201,5.689,5.58,37.8754,4.02202,4.14851,27.3047,30.293,768.235,766.39,0.973261,15.6003,3.54292,0.733675,5.58327,50.0651,50.0651,1.0,1.0,1
31277,30.05.2024 17:05:20.510000,695.599,691.067,6.45245,5.628,5.568,37.9293,4.00225,4.14671,27.8108,29.5579,767.96,766.275,1.05192,13.0629,2.68044,0.157807,5.58342,48.1481,48.1481,1.0,1.0,1
31278,30.05.2024 17:05:20.520000,695.599,691.067,6.45245,5.628,5.568,37.9293,4.00225,4.14671,27.8108,29.5579,767.96,766.275,1.05192,13.0629,2.68044,0.157807,5.58342,48.1481,48.1481,1.0,1.0,1
31279,30.05.2024 17:05:20.530000,695.599,683.734,6.45245,5.628,5.539,37.9375,3.99173,4.14343,26.4258,29.2472,767.91,766.245,0.270556,12.4206,2.64479,0.0686265,5.58342,46.4916,46.4916,1.0,1.0,1
31280,30.05.2024 17:05:20.540000,695.599,683.734,6.45245,5.628,5.539,37.9375,3.99173,4.14343,26.4258,29.2472,767.91,766.245,0.270556,12.4206,2.64479,0.0686265,5.58342,46.4916,46.4916,1.0,1.0,1
31281,30.05.2024 17:05:20.550000,680.273,690.82,6.42687,5.65,5.52,37.9343,3.9881,4.13645,26.6998,30.1231,767.735,766.17,1.69665,10.1305,3.54875,-0.0710829,5.58388,45.4861,45.4861,1.0,1.0,1
31282,30.05.2024 17:05:20.560000,687.771,693.704,6.47153,5.62,5.501,37.9809,3.98323,4.11727,27.3393,28.8519,767.485,766.18,0.943036,8.3861,4.4314,-0.113148,5.58398,45.4861,45.4861,1.0,1.0,1
31283,30.05.2024 17:05:20.570000,687.771,692.798,6.47153,5.62,5.523,38.2675,3.98538,4.1092,26.2506,27.7773,767.4,766.185,1.13918,8.58304,4.90401,-0.109728,5.58398,45.2257,45.2257,1.0,1.0,1
31284,30.05.2024 17:05:20.580000,685.299,690.326,6.44613,5.614,5.538,38.2675,3.9771,4.1044,27.8216,27.3985,767.32,766.225,1.28736,8.89492,5.16533,-0.10256,5.58403,45.2257,45.2257,1.0,1.0,1
31285,30.05.2024 17:05:20.590000,683.487,690.326,6.45962,5.627,5.538,38.7631,3.9771,4.1044,27.8216,27.3985,767.19,766.28,1.48179,9.67957,5.40914,-0.0205725,5.58447,44.3866,44.3866,1.0,1.0,1
31286,30.05.2024 17:05:20.600000,683.487,685.464,6.45962,5.627,5.547,39.3941,3.96984,4.10234,27.1126,28.9112,767.165,766.27,1.45087,10.4962,5.45634,-0.07135,5.58447,44.3866,44.3866,1.0,1.0,1
31287,30.05.2024 17:05:20.610000,693.21,685.876,6.42036,5.62,5.537,39.3941,3.94637,4.09682,26.8379,27.3973,767.095,766.195,3.41971,11.3837,4.74117,-0.10305,5.58463,44.3866,44.3866,1.0,1.0,1
31288,30.05.2024 17:05:20.620000,684.97,685.876,6.42156,5.637,5.537,40.4097,3.94637,4.09682,26.8379,27.3973,767.03,766.11,3.60957,10.9946,3.97492,-0.149122,5.58486,40.9578,40.9578,1.0,1.0,1
31289,30.05.2024 17:05:20.630000,684.97,685.876,6.42156,5.637,5.537,40.4097,3.94637,4.09682,26.8379,27.3973,767.03,766.11,3.60957,10.9946,3.97492,-0.149122,5.58486,40.9578,40.9578,1.0,1.0,1
31290,30.05.2024 17:05:20.640000,684.97,684.063,6.42156,5.637,5.561,40.4097,3.90148,4.06786,25.515,24.9346,766.93,766.075,4.24747,9.34023,3.21348,-0.234432,5.58486,39.7859,39.7859,1.0,1.0,1
31291,30.05.2024 17:05:20.650000,684.97,684.063,6.42156,5.637,5.561,40.4097,3.90148,4.06786,25.515,24.9346,766.93,766.075,4.24747,9.34023,3.21348,-0.234432,5.58486,39.7859,39.7859,1.0,1.0,1
31292,30.05.2024 17:05:20.660000,684.063,691.232,6.40695,5.624,5.617,42.7072,3.85551,4.03324,23.2634,23.709,766.765,766.13,6.49411,8.56351,2.02246,-0.365576,5.58504,39.7859,39.7859,1.0,1.0,1
31293,30.05.2024 17:05:20.670000,684.063,691.232,6.40695,5.624,5.617,42.7072,3.85551,4.03324,23.2634,23.709,766.765,766.13,6.49411,8.56351,2.02246,-0.365576,5.58504,39.7859,39.7859,1.0,1.0,1
31294,30.05.2024 17:05:20.680000,688.843,678.543,6.38273,5.784,5.666,43.7951,3.80526,3.97713,22.0245,19.5229,766.545,766.225,5.94929,9.84266,2.07427,-0.455765,5.58557,38.3825,38.3825,1.0,1.0,1
31295,30.05.2024 17:05:20.690000,688.019,649.374,6.42861,5.795,5.698,45.1001,3.83269,3.95454,21.4763,18.4189,766.36,766.17,4.95242,11.3628,2.44238,-0.443159,5.58581,38.3825,38.3825,1.0,1.0,1
31296,30.05.2024 17:05:20.700000,696.094,649.374,6.42861,5.765,5.698,46.4442,3.83269,3.95454,21.4763,18.4189,766.28,766.14,4.08156,11.5425,2.66722,-0.498205,5.58619,38.3681,38.3681,1.0,1.0,1
31297,30.05.2024 17:05:20.710000,696.094,622.925,6.39872,5.765,5.664,46.4442,3.90196,3.97072,24.2059,21.5586,766.175,766.14,3.58194,11.4108,3.07837,-0.460056,5.58619,38.3681,38.3681,1.0,1.0,1
31298,30.05.2024 17:05:20.720000,669.067,622.925,6.4178,5.77,5.664,47.8092,3.90196,3.97072,24.2059,21.5586,766.125,766.145,3.0976,11.1113,3.46113,-0.480738,5.58663,37.4638,37.4638,1.0,1.0,1
31299,30.05.2024 17:05:20.730000,669.067,604.138,6.4178,5.77,5.616,49.1716,3.93112,3.99689,27.1548,21.2509,766.07,766.145,2.9296,11.1897,3.94399,-0.402998,5.58663,36.2992,36.2992,1.0,1.0,1
31300,30.05.2024 17:05:20.740000,644.348,577.276,6.41404,5.747,5.553,49.1716,3.95193,4.01349,28.6523,23.9137,766.0,766.175,2.71789,10.8683,4.04682,-0.345814,5.58696,36.2992,36.2992,1.0,1.0,1
31301,30.05.2024 17:05:20.750000,644.348,577.276,6.41404,5.747,5.553,49.1716,3.95193,4.01349,28.6523,23.9137,766.0,766.175,2.71789,10.8683,4.04682,-0.345814,5.58696,36.2992,36.2992,1.0,1.0,1
31302,30.05.2024 17:05:20.760000,612.955,577.276,6.43487,5.708,5.553,50.6035,3.95193,4.01349,28.6523,23.9137,765.865,766.255,2.87097,11.5345,3.88105,-0.33507,5.58753,35.366,35.366,1.0,1.0,1
31303,30.05.2024 17:05:20.770000,606.363,565.411,6.42397,5.659,5.513,52.0242,3.88983,4.00377,28.4301,24.8935,765.715,766.25,2.17771,13.6986,2.99116,-0.272411,5.58783,34.3099,34.3099,1.0,1.0,1
31304,30.05.2024 17:05:20.780000,597.629,565.411,6.42397,5.677,5.513,53.4774,3.88983,4.00377,28.4301,24.8935,765.65,766.275,2.24487,13.9964,2.9285,-0.24353,5.58815,34.3244,34.3244,1.0,1.0,1
31305,30.05.2024 17:05:20.790000,597.629,561.703,6.39505,5.677,5.494,53.4774,3.81694,3.9744,26.0024,23.1765,765.54,766.27,2.11118,14.6099,2.96502,-0.276007,5.58815,34.3244,34.3244,1.0,1.0,1
31306,30.05.2024 17:05:20.800000,601.089,561.703,6.37923,5.693,5.494,54.8808,3.81694,3.9744,26.0024,23.1765,765.515,766.25,2.26528,14.8091,3.27855,-0.314241,5.5887,34.4039,34.4039,1.0,1.0,1
31307,30.05.2024 17:05:20.810000,601.089,568.213,6.37923,5.693,5.592,56.3871,3.74243,3.91927,23.18,19.7281,765.485,766.235,3.46317,14.4958,3.8962,-0.282671,5.5887,34.1435,34.1435,1.0,1.0,1
31308,30.05.2024 17:05:20.820000,602.572,568.46,6.35206,5.715,5.608,56.3871,3.70493,3.88133,18.8783,15.837,765.45,766.22,4.08819,14.1306,4.37683,-0.190868,5.58906,34.1435,34.1435,1.0,1.0,1
31309,30.05.2024 17:05:20.830000,602.572,568.46,6.35206,5.715,5.608,56.3871,3.70493,3.88133,18.8783,15.837,765.45,766.22,4.08819,14.1306,4.37683,-0.190868,5.58906,34.1435,34.1435,1.0,1.0,1
31310,30.05.2024 17:05:20.840000,612.872,568.46,6.29828,5.744,5.608,57.7629,3.70493,3.88133,18.8783,15.837,765.295,766.16,5.00546,13.9764,4.52808,-0.115728,5.58933,32.6968,32.6968,1.0,1.0,1
31311,30.05.2024 17:05:20.850000,612.872,568.46,6.29828,5.744,5.608,57.7629,3.70493,3.88133,18.8783,15.837,765.295,766.16,5.00546,13.9764,4.52808,-0.115728,5.58933,32.6968,32.6968,1.0,1.0,1
31312,30.05.2024 17:05:20.860000,599.441,568.954,6.258,5.777,5.635,59.1136,3.75474,3.8416,19.8341,15.8316,765.19,766.11,5.65127,12.4467,3.8909,0.141096,5.58973,32.6968,32.6968,1.0,1.0,1
31313,30.05.2024 17:05:20.870000,599.441,568.954,6.258,5.777,5.635,59.1136,3.75474,3.8416,19.8341,15.8316,765.19,766.11,5.65127,12.4467,3.8909,0.141096,5.58973,32.6968,32.6968,1.0,1.0,1
31314,30.05.2024 17:05:20.880000,607.269,565.164,6.26998,5.765,5.671,60.5052,3.7956,3.86104,23.4125,15.037,765.1,766.2,7.06261,11.3763,3.48624,0.0489007,5.58987,29.6803,29.6803,1.0,1.0,1
31315,30.05.2024 17:05:20.890000,605.704,566.4,6.25057,5.741,5.676,63.0913,3.825,3.88777,26.4076,19.4687,764.97,766.18,8.66254,12.51,3.8555,0.261194,5.59012,29.6947,29.6947,1.0,1.0,1
31316,30.05.2024 17:05:20.900000,605.209,566.153,6.22408,5.765,5.656,63.0913,3.81849,3.90975,26.7194,22.1955,764.86,766.17,8.25635,12.1378,3.9205,0.367584,5.59034,29.6947,29.6947,1.0,1.0,1
31317,30.05.2024 17:05:20.910000,608.587,566.153,6.21122,5.754,5.656,64.3591,3.81849,3.90975,26.7194,22.1955,764.72,766.135,7.14829,12.3994,3.87447,0.45431,5.59089,27.8935,27.8935,1.0,1.0,1
31318,30.05.2024 17:05:20.920000,608.587,567.224,6.21122,5.754,5.626,65.6895,3.78221,3.92095,26.7393,23.0113,764.65,766.095,6.59094,12.3892,3.70738,0.457737,5.59089,27.8935,27.8935,1.0,1.0,1
31319,30.05.2024 17:05:20.930000,614.19,566.4,6.22477,5.728,5.557,65.6895,3.73047,3.90863,25.1092,23.8133,764.635,765.995,5.51502,11.278,3.59584,0.45138,5.59107,26.3672,26.3672,1.0,1.0,1
31320,30.05.2024 17:05:20.940000,604.138,566.4,6.22477,5.708,5.557,67.0476,3.73047,3.90863,25.1092,23.8133,764.585,765.955,5.2866,9.79509,3.62827,0.504685,5.59136,26.3672,26.3672,1.0,1.0,1
31321,30.05.2024 17:05:20.950000,604.138,566.4,6.22477,5.708,5.557,67.0476,3.73047,3.90863,25.1092,23.8133,764.585,765.955,5.2866,9.79509,3.62827,0.504685,5.59136,26.3672,26.3672,1.0,1.0,1
31322,30.05.2024 17:05:20.960000,604.138,561.291,6.2069,5.708,5.477,67.0476,3.70119,3.87811,23.0982,23.2612,764.545,766.03,5.34142,8.10558,3.71598,0.574871,5.59136,24.6021,24.6021,1.0,1.0,1
31323,30.05.2024 17:05:20.970000,604.138,561.291,6.2069,5.708,5.477,67.0476,3.70119,3.87811,23.0982,23.2612,764.545,766.03,5.34142,8.10558,3.71598,0.574871,5.59136,24.6021,24.6021,1.0,1.0,1
31324,30.05.2024 17:05:20.980000,594.827,569.037,6.14383,5.701,5.527,69.7885,3.68537,3.83108,22.9761,20.5233,764.53,766.04,6.26097,9.51556,3.63492,0.474829,5.59175,23.8571,23.8571,1.0,1.0,1
31325,30.05.2024 17:05:20.990000,594.827,569.037,6.14383,5.701,5.527,69.7885,3.68537,3.83108,22.9761,20.5233,764.53,766.04,6.26097,9.51556,3.63492,0.474829,5.59175,23.8571,23.8571,1.0,1.0,1
31326,30.05.2024 17:05:21.000000,611.801,565.906,6.19754,5.678,5.511,71.2729,3.71075,3.79435,23.0785,18.6966,764.485,765.995,7.71897,9.40323,3.71923,0.770891,5.59262,23.8571,23.8571,1.0,1.0,1
31327,30.05.2024 17:05:21.010000,610.977,565.329,6.16819,5.665,5.56,72.6518,3.70963,3.76283,24.5735,16.3073,764.36,765.96,8.92257,8.80272,4.21989,1.55363,5.59305,23.8426,23.8426,1.0,1.0,1
31328,30.05.2024 17:05:21.020000,603.149,565.329,6.16819,5.671,5.56,73.962,3.70963,3.76283,24.5735,16.3073,764.245,765.96,8.56401,8.60818,4.4033,1.63518,5.5935,23.4013,23.4013,1.0,1.0,1
31329,30.05.2024 17:05:21.030000,603.149,559.973,6.13279,5.671,5.605,73.962,3.67179,3.76044,24.0057,15.8656,764.075,765.895,8.16142,8.75648,4.37945,1.56545,5.5935,23.4013,23.4013,1.0,1.0,1
31330,30.05.2024 17:05:21.040000,596.64,559.973,6.12616,5.717,5.605,75.337,3.67179,3.76044,24.0057,15.8656,763.99,765.86,7.17723,8.45896,3.97703,1.30864,5.59389,23.2928,23.2928,1.0,1.0,1
31331,30.05.2024 17:05:21.050000,596.64,564.01,6.12616,5.717,5.604,76.7334,3.63298,3.75797,22.0852,17.3312,763.94,765.785,4.94692,6.97882,2.89656,1.10045,5.59389,22.8082,22.8082,1.0,1.0,1
31332,30.05.2024 17:05:21.060000,599.606,568.213,6.13189,5.746,5.64,76.7334,3.60383,3.7468,20.6946,18.1898,763.86,765.745,4.04965,6.22977,2.61794,0.987415,5.59431,22.8082,22.8082,1.0,1.0,1
31333,30.05.2024 17:05:21.070000,599.606,568.213,6.13189,5.746,5.64,76.7334,3.60383,3.7468,20.6946,18.1898,763.86,765.745,4.04965,6.22977,2.61794,0.987415,5.59431,22.8082,22.8082,1.0,1.0,1
31334,30.05.2024 17:05:21.080000,593.591,568.213,6.07159,5.739,5.64,78.5363,3.60383,3.7468,20.6946,18.1898,763.795,765.67,3.3575,4.73975,2.50256,0.906513,5.59438,22.8371,22.8371,1.0,1.0,1
31335,30.05.2024 17:05:21.090000,597.876,567.389,6.07088,5.746,5.654,79.7527,3.5962,3.7286,20.3443,17.5193,763.8,765.705,2.97472,3.4698,2.24099,0.728632,5.59481,22.3452,22.3452,1.0,1.0,1
31336,30.05.2024 17:05:21.100000,597.876,567.389,6.07088,5.746,5.654,79.7527,3.5962,3.7286,20.3443,17.5193,763.8,765.705,2.97472,3.4698,2.24099,0.728632,5.59481,22.3452,22.3452,1.0,1.0,1
31337,30.05.2024 17:05:21.110000,609.411,567.389,6.07088,5.791,5.654,80.9835,3.5962,3.7286,20.3443,17.5193,763.895,765.695,3.88846,3.65537,2.25041,0.876804,5.59506,22.338,22.338,1.0,1.0,1
31338,30.05.2024 17:05:21.120000,609.411,567.389,6.07088,5.791,5.654,80.9835,3.5962,3.7286,20.3443,17.5193,763.895,765.695,3.88846,3.65537,2.25041,0.876804,5.59506,22.338,22.338,1.0,1.0,1
31339,30.05.2024 17:05:21.130000,611.883,564.258,5.94308,5.847,5.704,82.179,3.59778,3.70907,21.243,17.8857,763.79,765.635,9.42631,3.3893,2.54132,0.899565,5.59574,21.6074,21.6074,1.0,1.0,1
31340,30.05.2024 17:05:21.140000,611.883,564.258,5.94308,5.847,5.704,82.179,3.59778,3.70907,21.243,17.8857,763.79,765.635,9.42631,3.3893,2.54132,0.899565,5.59574,21.6074,21.6074,1.0,1.0,1
31341,30.05.2024 17:05:21.150000,603.232,534.347,5.89535,5.873,5.78,83.4288,3.60452,3.66675,22.1072,15.8983,763.6,765.665,9.15481,3.30494,2.72742,0.832224,5.59603,21.195,21.195,1.0,1.0,1
31342,30.05.2024 17:05:21.160000,603.232,534.347,5.89535,5.873,5.78,83.4288,3.60452,3.66675,22.1072,15.8983,763.6,765.665,9.15481,3.30494,2.72742,0.832224,5.59603,21.195,21.195,1.0,1.0,1
31343,30.05.2024 17:05:21.170000,618.31,517.868,5.89144,5.904,5.81,85.8525,3.61221,3.65314,22.5643,17.9441,763.495,765.665,8.78376,4.27875,2.13417,0.887449,5.59658,20.7104,20.7104,1.0,1.0,1
31344,30.05.2024 17:05:21.180000,618.31,517.868,5.89144,5.904,5.81,85.8525,3.61221,3.65314,22.5643,17.9441,763.495,765.665,8.78376,4.27875,2.13417,0.887449,5.59658,20.7104,20.7104,1.0,1.0,1
31345,30.05.2024 17:05:21.190000,598.123,500.152,5.82981,5.928,5.739,86.8771,3.6297,3.66507,24.18,16.5926,763.365,765.7,8.48148,5.44078,1.63981,0.814795,5.59793,20.4499,20.4499,1.0,1.0,1
31346,30.05.2024 17:05:21.200000,607.681,486.145,5.75736,5.878,5.676,87.9134,3.66827,3.68056,25.2913,19.6553,763.32,765.625,8.08524,6.94657,1.48074,0.686699,5.59871,20.2402,20.2402,1.0,1.0,1
31347,30.05.2024 17:05:21.210000,607.681,492.737,5.75736,5.878,5.709,88.7851,3.68635,3.69293,27.3679,21.8615,763.28,765.55,8.39374,6.46975,1.57158,0.704346,5.59871,20.2402,20.2402,1.0,1.0,1
31348,30.05.2024 17:05:21.220000,616.415,509.875,5.70041,5.822,5.627,88.7851,3.7032,3.69348,28.5356,22.6821,763.24,765.46,7.94611,5.67005,1.57481,0.650286,5.59939,20.2402,20.2402,1.0,1.0,1
31349,30.05.2024 17:05:21.230000,597.711,509.875,5.69578,5.777,5.627,89.5386,3.7032,3.69348,28.5356,22.6821,763.195,765.405,7.71946,4.56824,1.55875,0.582777,5.60025,19.4517,19.4517,1.0,1.0,1
31350,30.05.2024 17:05:21.240000,597.711,544.317,5.69578,5.777,5.649,90.2892,3.67492,3.68172,28.4311,22.5882,763.14,765.42,8.10773,3.52822,1.5736,0.612883,5.60025,19.4517,19.4517,1.0,1.0,1
31351,30.05.2024 17:05:21.250000,602.325,541.846,5.64185,5.788,5.48,90.2892,3.60396,3.66095,27.0274,21.1142,763.13,765.39,7.93991,3.14993,1.36063,0.612112,5.60121,18.1713,18.1713,1.0,1.0,1
31352,30.05.2024 17:05:21.260000,607.022,541.846,5.64737,5.794,5.48,90.8926,3.60396,3.66095,27.0274,21.1142,763.11,765.385,8.17286,3.10983,1.3584,0.560957,5.60222,17.8096,17.8096,1.0,1.0,1
31353,30.05.2024 17:05:21.270000,607.022,541.846,5.64737,5.794,5.48,90.8926,3.60396,3.66095,27.0274,21.1142,763.11,765.385,8.17286,3.10983,1.3584,0.560957,5.60222,17.8096,17.8096,1.0,1.0,1
31354,30.05.2024 17:05:21.280000,607.022,532.699,5.64737,5.794,5.633,90.8926,3.58702,3.65263,25.4639,22.0138,763.04,765.38,8.6076,2.82636,1.34309,0.53619,5.60222,17.8096,17.8096,1.0,1.0,1
31355,30.05.2024 17:05:21.290000,602.408,540.857,5.60844,5.745,5.526,91.8296,3.59792,3.6768,23.6359,22.7928,763.02,765.35,9.08594,3.48084,1.27176,0.629833,5.60295,17.4117,17.4117,1.0,1.0,1
31356,30.05.2024 17:05:21.300000,602.408,540.857,5.60844,5.745,5.526,91.8296,3.59792,3.6768,23.6359,22.7928,763.02,765.35,9.08594,3.48084,1.27176,0.629833,5.60295,17.4117,17.4117,1.0,1.0,1
31357,30.05.2024 17:05:21.310000,587.906,556.1,5.58051,5.733,5.472,91.8296,3.64032,3.69125,25.843,25.8889,762.995,765.335,9.54832,3.1804,1.31682,0.598717,5.60384,17.4117,17.4117,1.0,1.0,1
31358,30.05.2024 17:05:21.320000,610.153,547.943,5.5838,5.704,5.597,92.4275,3.6944,3.69945,28.2411,25.4752,762.885,765.165,9.86678,2.75826,1.28104,0.681559,5.60455,17.4117,17.4117,1.0,1.0,1
31359,30.05.2024 17:05:21.330000,610.153,547.943,5.5838,5.704,5.597,92.4275,3.6944,3.69945,28.2411,25.4752,762.885,765.165,9.86678,2.75826,1.28104,0.681559,5.60455,17.4117,17.4117,1.0,1.0,1
31360,30.05.2024 17:05:21.340000,592.602,562.28,5.60043,5.627,5.47,92.4275,3.66958,3.69088,28.5825,24.472,762.835,765.115,9.60016,1.19725,1.21135,0.612934,5.605,17.202,17.202,1.0,1.0,1
31361,30.05.2024 17:05:21.350000,592.602,562.28,5.60043,5.627,5.47,92.4275,3.66958,3.69088,28.5825,24.472,762.835,765.115,9.60016,1.19725,1.21135,0.612934,5.605,17.202,17.202,1.0,1.0,1
31362,30.05.2024 17:05:21.360000,605.786,571.426,5.58303,5.617,5.507,92.6671,3.61756,3.64623,28.8633,25.4969,762.73,765.05,9.098,0.9542,0.977358,0.306061,5.60533,17.1441,17.1441,1.0,1.0,1
31363,30.05.2024 17:05:21.370000,608.752,555.523,5.60493,5.628,5.423,92.9766,3.55977,3.60747,25.786,21.3073,762.695,765.035,8.80255,0.21648,0.943638,0.301319,5.60561,16.9488,16.9488,1.0,1.0,1
31364,30.05.2024 17:05:21.380000,605.786,571.426,5.58303,5.617,5.507,92.6671,3.61756,3.64623,28.8633,25.4969,762.73,765.05,9.098,0.9542,0.977358,0.306061,5.60533,16.9488,16.9488,1.0,1.0,1
31365,30.05.2024 17:05:21.390000,595.157,548.685,5.58492,5.625,5.509,93.1212,3.61756,3.64623,28.8633,25.4969,762.625,765.03,9.06991,1.20786,0.735283,0.208212,5.60566,16.6594,16.6594,1.0,1.0,1
31366,30.05.2024 17:05:21.400000,595.157,545.306,5.58492,5.625,5.474,93.2959,3.57857,3.59399,23.9097,22.0778,762.605,765.03,8.86506,1.47008,0.766354,0.176891,5.60566,16.6594,16.6594,1.0,1.0,1
31367,30.05.2024 17:05:21.410000,595.157,545.306,5.58492,5.625,5.474,93.2959,3.57857,3.59399,23.9097,22.0778,762.605,765.03,8.86506,1.47008,0.766354,0.176891,5.60566,16.6594,16.6594,1.0,1.0,1
31368,30.05.2024 17:05:21.420000,584.28,550.662,5.6535,5.579,5.432,93.2959,3.59309,3.59679,24.0638,18.8163,762.595,765.01,9.39343,3.06329,0.873358,0.172398,5.60563,16.616,16.616,1.0,1.0,1
31369,30.05.2024 17:05:21.430000,584.28,550.662,5.6535,5.579,5.432,93.2959,3.59309,3.59679,24.0638,18.8163,762.595,765.01,9.39343,3.06329,0.873358,0.172398,5.60563,16.616,16.616,1.0,1.0,1
31370,30.05.2024 17:05:21.440000,587.823,537.643,5.6263,5.606,5.548,93.4562,3.59927,3.59855,26.767,19.1207,762.57,764.93,9.55123,3.36838,0.865597,0.192883,5.60535,16.5509,16.5509,1.0,1.0,1
31371,30.05.2024 17:05:21.450000,587.823,537.643,5.6263,5.606,5.548,93.4562,3.59927,3.59855,26.767,19.1207,762.57,764.93,9.55123,3.36838,0.865597,0.192883,5.60535,16.5509,16.5509,1.0,1.0,1
31372,30.05.2024 17:05:21.460000,577.688,509.463,5.63917,5.645,5.483,93.8465,3.59663,3.59684,26.2007,21.8787,762.515,764.88,11.0241,3.91465,0.910311,0.161921,5.60494,17.3466,17.3466,1.0,1.0,1
31373,30.05.2024 17:05:21.470000,580.902,485.65,5.68356,5.571,5.447,93.8634,3.57972,3.60452,24.5726,20.9544,762.315,764.885,10.312,4.87334,0.667576,0.114199,5.60387,17.3466,17.3466,1.0,1.0,1
31374,30.05.2024 17:05:21.480000,580.902,489.523,5.68356,5.571,5.444,93.8763,3.5477,3.61014,25.5607,20.2516,762.26,764.89,9.90891,5.30124,0.639656,0.208941,5.60387,17.3466,17.3466,1.0,1.0,1
31375,30.05.2024 17:05:21.490000,586.423,505.591,5.69598,5.546,5.452,93.8763,3.51434,3.61426,22.3709,22.1649,762.19,764.83,7.99651,6.44918,0.688238,0.182127,5.60341,17.5492,17.5492,1.0,1.0,1
31376,30.05.2024 17:05:21.500000,554.7,505.591,5.68564,5.649,5.452,93.9802,3.51434,3.61426,22.3709,22.1649,762.145,764.79,7.10105,6.39802,0.658823,0.125206,5.6029,17.5492,17.5492,1.0,1.0,1
31377,30.05.2024 17:05:21.510000,554.7,469.995,5.68564,5.649,5.552,93.9802,3.48115,3.60404,22.5327,22.0025,762.085,764.665,6.48048,5.87623,0.6661,0.18585,5.6029,17.5492,17.5492,1.0,1.0,1
31378,30.05.2024 17:05:21.520000,543.081,469.995,5.71444,5.704,5.552,93.9946,3.48115,3.60404,22.5327,22.0025,762.08,764.625,6.16696,4.65334,0.683151,0.326166,5.60232,17.7373,17.7373,1.0,1.0,1
31379,30.05.2024 17:05:21.530000,543.081,408.279,5.71444,5.704,5.523,94.0463,3.48618,3.58917,22.3051,22.0699,762.07,764.605,6.28608,4.02583,0.682436,0.320673,5.60232,18.0411,18.0411,1.0,1.0,1
31380,30.05.2024 17:05:21.540000,521.081,397.073,5.69973,5.652,5.622,94.0463,3.505,3.58098,21.6068,22.5903,762.045,764.59,6.68732,3.74824,0.609684,0.334488,5.60224,18.0411,18.0411,1.0,1.0,1
31381,30.05.2024 17:05:21.550000,517.456,397.073,5.67599,5.668,5.622,94.119,3.505,3.58098,21.6068,22.5903,762.05,764.535,6.71738,3.7431,0.615173,0.329399,5.60181,18.0411,18.0411,1.0,1.0,1
31382,30.05.2024 17:05:21.560000,517.456,397.073,5.67599,5.668,5.622,94.119,3.505,3.58098,21.6068,22.5903,762.05,764.535,6.71738,3.7431,0.615173,0.329399,5.60181,18.0411,18.0411,1.0,1.0,1
31383,30.05.2024 17:05:21.570000,517.456,386.691,5.67599,5.668,5.655,94.1945,3.52431,3.58307,23.9567,21.5994,762.055,764.51,7.18983,3.50403,0.684746,0.375027,5.60181,18.1351,18.1351,1.0,1.0,1
31384,30.05.2024 17:05:21.580000,496.115,348.047,5.71687,5.726,5.54,94.3213,3.53471,3.59134,24.101,22.512,761.99,764.55,9.59796,3.30849,0.645023,0.27607,5.60119,18.2943,18.2943,1.0,1.0,1
31385,30.05.2024 17:05:21.590000,496.115,348.047,5.71687,5.726,5.54,94.3213,3.53471,3.59134,24.101,22.512,761.99,764.55,9.59796,3.30849,0.645023,0.27607,5.60119,18.2943,18.2943,1.0,1.0,1
31386,30.05.2024 17:05:21.600000,496.115,301.987,5.71687,5.726,5.629,94.3213,3.5246,3.60138,24.7724,23.1094,761.96,764.555,10.0841,3.75595,0.666571,0.327908,5.60119,18.2943,18.2943,1.0,1.0,1
31387,30.05.2024 17:05:21.610000,482.437,294.488,5.72613,5.687,5.584,94.3908,3.51955,3.58439,24.932,24.2419,761.87,764.47,10.3317,5.32879,0.637997,0.458941,5.60129,18.4896,18.4896,1.0,1.0,1
31388,30.05.2024 17:05:21.620000,482.437,294.488,5.72613,5.687,5.584,94.3908,3.51955,3.58439,24.932,24.2419,761.87,764.47,10.3317,5.32879,0.637997,0.458941,5.60129,18.4896,18.4896,1.0,1.0,1
31389,30.05.2024 17:05:21.630000,481.943,295.395,5.68343,5.66,5.615,94.3908,3.5006,3.57853,23.0512,20.4953,761.81,764.355,10.1164,4.94306,0.53512,0.436974,5.60154,18.5909,18.5909,1.0,1.0,1
31390,30.05.2024 17:05:21.640000,462.332,271.005,5.68409,5.704,5.602,94.391,3.49472,3.55342,23.8152,22.9426,761.74,764.155,9.42631,2.10049,0.561157,0.411408,5.60172,18.5909,18.5909,1.0,1.0,1
31391,30.05.2024 17:05:21.650000,461.59,240.601,5.72203,5.719,5.595,94.391,3.47155,3.54731,22.9582,20.9339,761.705,764.15,9.34387,0.243438,0.647062,0.441128,5.60169,18.6343,18.6343,1.0,1.0,1
31392,30.05.2024 17:05:21.660000,452.856,240.601,5.69098,5.684,5.595,94.4247,3.47155,3.54731,22.9582,20.9339,761.655,764.135,9.23946,0.610254,0.552336,0.343546,5.60168,18.2436,18.2436,1.0,1.0,1
31393,30.05.2024 17:05:21.670000,452.856,217.776,5.69098,5.684,5.567,94.4247,3.49168,3.56662,21.5627,20.8243,761.62,764.085,8.54397,0.398111,0.541632,0.344753,5.60168,18.2436,18.2436,1.0,1.0,1
31394,30.05.2024 17:05:21.680000,453.68,217.776,5.6512,5.652,5.567,94.7289,3.49168,3.56662,21.5627,20.8243,761.595,764.065,8.69197,0.212095,0.530777,0.379458,5.60164,17.6577,17.6577,1.0,1.0,1
31395,30.05.2024 17:05:21.690000,453.68,217.529,5.6512,5.652,5.552,94.6954,3.49915,3.57961,23.7737,23.4173,761.59,764.055,8.68874,1.05139,0.584026,0.400478,5.60164,17.8819,17.8819,1.0,1.0,1
31396,30.05.2024 17:05:21.700000,440.991,189.844,5.65942,5.671,5.525,94.6954,3.53465,3.60026,24.1104,23.307,761.595,764.05,8.75085,0.988945,0.71245,0.42824,5.60183,17.8819,17.8819,1.0,1.0,1
31397,30.05.2024 17:05:21.710000,440.991,189.844,5.65942,5.671,5.525,94.6954,3.53465,3.60026,24.1104,23.307,761.595,764.05,8.75085,0.988945,0.71245,0.42824,5.60183,17.8819,17.8819,1.0,1.0,1
31398,30.05.2024 17:05:21.720000,441.98,189.844,5.65887,5.67,5.525,94.6074,3.53465,3.60026,24.1104,23.307,761.58,764.05,9.29196,1.59302,0.753191,0.460465,5.6022,18.0483,18.0483,1.0,1.0,1
31399,30.05.2024 17:05:21.730000,441.98,189.844,5.65887,5.67,5.525,94.6074,3.53465,3.60026,24.1104,23.307,761.58,764.05,9.29196,1.59302,0.753191,0.460465,5.6022,18.0483,18.0483,1.0,1.0,1
31400,30.05.2024 17:05:21.740000,436.624,159.604,5.68035,5.643,5.484,94.562,3.49593,3.58577,24.0043,23.3118,761.55,763.99,10.8225,3.69189,0.641041,0.435373,5.60262,18.0483,18.0483,1.0,1.0,1
31401,30.05.2024 17:05:21.750000,436.624,159.604,5.68035,5.643,5.484,94.562,3.49593,3.58577,24.0043,23.3118,761.55,763.99,10.8225,3.69189,0.641041,0.435373,5.60262,18.0483,18.0483,1.0,1.0,1
31402,30.05.2024 17:05:21.760000,419.238,144.031,5.62542,5.6,5.569,94.5494,3.46546,3.57051,24.3832,22.7926,761.42,763.77,10.8837,3.92613,0.696032,0.512211,5.60281,18.1351,18.1351,0.0,1.0,1
31403,30.05.2024 17:05:21.770000,419.238,144.031,5.62542,5.6,5.569,94.5494,3.46546,3.57051,24.3832,22.7926,761.42,763.77,10.8837,3.92613,0.696032,0.512211,5.60281,18.1351,18.1351,0.0,1.0,1
31404,30.05.2024 17:05:21.780000,404.077,119.394,5.63223,5.603,5.514,94.4946,3.46081,3.57359,22.3694,22.347,761.33,763.725,10.2412,2.61734,0.496695,0.407814,5.60308,17.8964,17.8964,0.0,1.0,1
31405,30.05.2024 17:05:21.790000,387.186,110.495,5.6754,5.644,5.54,94.4951,3.48119,3.57712,22.9112,23.7169,761.245,763.6,8.8444,3.12871,0.560652,0.467745,5.60402,17.7445,17.7445,0.0,1.0,1
31406,30.05.2024 17:05:21.800000,387.186,96.8994,5.6754,5.644,5.483,94.5059,3.49916,3.58452,24.4741,23.7246,761.23,763.545,8.69062,2.99091,0.564016,0.453436,5.60402,17.7445,17.7445,0.0,1.0,1
31407,30.05.2024 17:05:21.810000,387.433,50.3448,5.66856,5.627,5.462,94.5059,3.4966,3.58467,23.8141,23.4599,761.195,763.535,8.51175,2.34318,0.489418,0.469217,5.60427,17.5854,17.5854,0.0,1.0,1
31408,30.05.2024 17:05:21.820000,354.639,50.3448,5.63191,5.575,5.462,94.6731,3.4966,3.58467,23.8141,23.4599,761.18,763.5,8.38234,2.40156,0.466986,0.488155,5.60415,17.4986,17.4986,0.0,1.0,1
31409,30.05.2024 17:05:21.830000,354.639,48.7793,5.63191,5.575,5.567,94.6731,3.49005,3.5802,25.4416,24.3639,761.125,763.41,8.40975,2.45478,0.507673,0.502434,5.60415,17.4986,17.4986,0.0,1.0,1
31410,30.05.2024 17:05:21.840000,337.5,48.7793,5.67667,5.541,5.567,94.62,3.49005,3.5802,25.4416,24.3639,761.1,763.365,8.28308,2.55589,0.595924,0.478785,5.60444,17.4986,17.4986,0.0,1.0,1
31411,30.05.2024 17:05:21.850000,337.5,45.5658,5.67667,5.541,5.488,94.5435,3.46241,3.57519,23.9241,23.8508,761.1,763.32,8.10712,1.93696,0.756121,0.554194,5.60444,17.6288,17.6288,0.0,1.0,1
31412,30.05.2024 17:05:21.860000,326.706,27.6855,5.66826,5.531,5.547,94.5435,3.45584,3.57002,23.5303,23.4702,761.08,763.28,8.42247,1.80389,0.898687,0.495718,5.60468,17.6288,17.6288,0.0,1.0,1
31413,30.05.2024 17:05:21.870000,312.286,27.6855,5.64491,5.536,5.547,94.6088,3.45584,3.57002,23.5303,23.4702,761.03,763.27,8.44671,1.51885,1.10948,0.542458,5.6046,17.1875,17.1875,0.0,1.0,1
31414,30.05.2024 17:05:21.880000,312.286,-6.5094,5.64491,5.536,5.554,94.6417,3.45429,3.56695,23.1374,23.7826,761.01,763.275,8.88208,2.08481,1.17596,0.541988,5.6046,17.1875,17.1875,0.0,1.0,1
31415,30.05.2024 17:05:21.890000,313.11,-37.5732,5.67735,5.518,5.484,94.6417,3.45418,3.56346,22.8825,23.4539,760.975,763.27,9.06219,3.20047,1.38513,0.675068,5.60462,17.1875,17.1875,0.0,1.0,1
31416,30.05.2024 17:05:21.900000,310.803,-37.5732,5.7099,5.494,5.484,94.6622,3.45418,3.56346,22.8825,23.4539,760.905,763.255,9.27763,4.05075,1.46826,0.635824,5.60468,16.8981,16.8981,0.0,1.0,1
31417,30.05.2024 17:05:21.910000,310.803,-47.2137,5.7099,5.494,5.507,94.6261,3.45387,3.56528,23.6786,22.7034,760.765,763.145,8.66479,4.69727,1.56447,0.717575,5.60468,16.8981,16.8981,0.0,1.0,1
31418,30.05.2024 17:05:21.920000,290.781,-47.2137,5.66718,5.431,5.507,94.6261,3.45387,3.56528,23.6786,22.7034,760.72,763.08,7.71238,4.79205,1.66095,0.654221,5.6047,16.4641,16.4641,0.0,1.0,1
31419,30.05.2024 17:05:21.930000,290.781,-47.2137,5.66718,5.431,5.507,94.6261,3.45387,3.56528,23.6786,22.7034,760.72,763.08,7.71238,4.79205,1.66095,0.654221,5.6047,16.4641,16.4641,0.0,1.0,1
31420,30.05.2024 17:05:21.940000,290.781,-73.3337,5.66718,5.431,5.513,94.5954,3.45483,3.56497,23.2505,23.5777,760.665,763.005,6.62583,4.59732,1.65929,0.597939,5.6047,16.4641,16.4641,0.0,1.0,1
31421,30.05.2024 17:05:21.950000,290.781,-73.3337,5.66718,5.431,5.513,94.5954,3.45483,3.56497,23.2505,23.5777,760.665,763.005,6.62583,4.59732,1.65929,0.597939,5.6047,16.4641,16.4641,0.0,1.0,1
31422,30.05.2024 17:05:21.960000,271.252,-62.3749,5.7225,5.34,5.504,94.5799,3.43957,3.55725,23.5171,22.3656,760.615,762.72,5.38189,2.63255,1.53863,0.625246,5.60473,16.4641,16.4641,0.0,1.0,1
31423,30.05.2024 17:05:21.970000,271.252,-62.3749,5.7225,5.34,5.504,94.5799,3.43957,3.55725,23.5171,22.3656,760.615,762.72,5.38189,2.63255,1.53863,0.625246,5.60473,16.4641,16.4641,0.0,1.0,1
31424,30.05.2024 17:05:21.980000,255.926,-32.959,5.72542,5.315,5.573,94.5867,3.41904,3.55214,22.8276,22.0719,760.61,762.7,6.37273,0.504001,1.68529,0.754936,5.60455,14.5182,14.5182,0.0,1.0,1
31425,30.05.2024 17:05:21.990000,255.926,-32.959,5.72542,5.315,5.573,94.5867,3.41904,3.55214,22.8276,22.0719,760.61,762.7,6.37273,0.504001,1.68529,0.754936,5.60455,14.5182,14.5182,0.0,1.0,1
31426,30.05.2024 17:05:22.000000,238.953,-48.1201,5.68133,5.302,5.556,94.5909,3.41625,3.5505,22.7243,23.3563,760.505,762.56,7.42071,0.62395,1.81826,0.785225,5.60481,13.6212,13.6212,0.0,1.0,1
31427,30.05.2024 17:05:22.010000,218.106,-43.5882,5.689,5.258,5.593,94.6023,3.40794,3.54628,21.9012,22.0146,760.44,762.485,7.39193,0.521974,1.74647,0.840443,5.60481,12.4711,12.4711,0.0,1.0,1
31428,30.05.2024 17:05:22.020000,213.08,-100.113,5.72338,5.357,5.582,94.6023,3.40554,3.5449,22.0629,21.829,760.39,762.465,7.53746,0.563285,1.66735,0.767199,5.60478,12.4711,12.4711,0.0,1.0,1
31429,30.05.2024 17:05:22.030000,208.548,-100.113,5.7,5.591,5.582,94.5919,3.40554,3.5449,22.0629,21.829,760.33,762.385,7.42669,0.821247,1.5711,0.773832,5.6049,12.4638,12.4638,0.0,1.0,1
31430,30.05.2024 17:05:22.040000,208.548,-100.113,5.7,5.591,5.582,94.5919,3.40554,3.5449,22.0629,21.829,760.33,762.385,7.42669,0.821247,1.5711,0.773832,5.6049,12.4638,12.4638,0.0,1.0,1
31431,30.05.2024 17:05:22.050000,208.548,-175.507,5.7,5.591,5.569,94.6113,3.40293,3.53828,21.5444,22.2046,760.3,762.33,7.11425,1.26784,1.44522,0.718937,5.6049,12.2106,12.2106,0.0,1.0,1
31432,30.05.2024 17:05:22.060000,196.683,-266.309,5.65303,5.707,5.539,94.7407,3.40177,3.53103,21.4264,22.063,760.235,762.265,7.41374,2.70734,1.13926,0.656889,5.60527,12.2034,12.2034,0.0,1.0,1
31433,30.05.2024 17:05:22.070000,196.683,-317.642,5.63962,5.707,5.567,94.7407,3.40334,3.53096,21.7178,21.9921,760.15,762.12,7.30048,3.23087,1.17249,0.657215,5.60527,12.2034,12.2034,0.0,1.0,1
31434,30.05.2024 17:05:22.080000,182.593,-317.642,5.64157,5.588,5.567,94.7259,3.40334,3.53096,21.7178,21.9921,760.095,762.015,7.0152,3.42786,1.22656,0.59605,5.6055,12.1021,12.1021,0.0,1.0,1
31435,30.05.2024 17:05:22.090000,182.593,-317.642,5.64157,5.588,5.567,94.7259,3.40334,3.53096,21.7178,21.9921,760.095,762.015,7.0152,3.42786,1.22656,0.59605,5.6055,12.1021,12.1021,0.0,1.0,1
31436,30.05.2024 17:05:22.100000,182.593,-304.047,5.64157,5.588,5.565,94.6513,3.39888,3.52729,21.5396,22.2163,760.045,761.915,6.44826,2.5346,1.25009,0.728966,5.6055,12.1021,12.1021,0.0,1.0,1
31437,30.05.2024 17:05:22.110000,182.593,-304.047,5.64157,5.588,5.565,94.6513,3.39888,3.52729,21.5396,22.2163,760.045,761.915,6.44826,2.5346,1.25009,0.728966,5.6055,12.1021,12.1021,0.0,1.0,1
31438,30.05.2024 17:05:22.120000,172.293,-305.53,5.64446,5.707,5.554,94.609,3.3971,3.52176,21.6995,20.7104,759.935,761.705,6.02837,1.241,1.24916,0.659445,5.60555,11.1545,11.1545,0.0,1.0,1
31439,30.05.2024 17:05:22.130000,172.293,-305.53,5.64446,5.707,5.554,94.609,3.3971,3.52176,21.6995,20.7104,759.935,761.705,6.02837,1.241,1.24916,0.659445,5.60555,11.1545,11.1545,0.0,1.0,1
31440,30.05.2024 17:05:22.140000,169.327,-392.459,5.65528,5.658,5.506,94.6133,3.4016,3.51707,22.0345,20.5539,759.86,761.62,5.37174,0.914243,1.07999,0.645239,5.60582,11.1545,11.1545,0.0,1.0,1
31441,30.05.2024 17:05:22.150000,169.327,-392.459,5.65528,5.658,5.506,94.6133,3.4016,3.51707,22.0345,20.5539,759.86,761.62,5.37174,0.914243,1.07999,0.645239,5.60582,11.1545,11.1545,0.0,1.0,1
31442,30.05.2024 17:05:22.160000,163.559,-366.174,5.64385,5.572,5.514,94.5513,3.4015,3.51582,22.4508,21.1301,759.74,761.51,5.28456,0.984754,1.0564,0.675785,5.60609,11.2413,11.2413,0.0,1.0,1
31443,30.05.2024 17:05:22.170000,168.668,-345.163,5.62285,5.535,5.516,94.5464,3.40213,3.51665,22.5431,21.0125,759.66,761.415,5.40069,2.52616,1.52237,0.792097,5.60639,11.4873,11.4873,0.0,1.0,1
31444,30.05.2024 17:05:22.180000,168.668,-345.163,5.62285,5.535,5.516,94.5464,3.40213,3.51665,22.5431,21.0125,759.66,761.415,5.40069,2.52616,1.52237,0.792097,5.60639,11.4873,11.4873,0.0,1.0,1
31445,30.05.2024 17:05:22.190000,152.847,-415.53,5.61015,5.674,5.507,94.5464,3.40337,3.51718,23.1345,21.2885,759.625,761.355,5.30005,2.67842,1.6875,0.849177,5.6067,11.5379,11.5379,0.0,1.0,1
31446,30.05.2024 17:05:22.200000,152.847,-415.53,5.61015,5.674,5.507,94.5464,3.40337,3.51718,23.1345,21.2885,759.625,761.355,5.30005,2.67842,1.6875,0.849177,5.6067,11.5379,11.5379,0.0,1.0,1
31447,30.05.2024 17:05:22.210000,146.997,-456.647,5.63572,5.681,5.514,94.6439,3.41638,3.51962,22.8818,21.9012,759.54,761.11,5.51932,3.12174,1.64779,0.808428,5.60706,11.6247,11.6247,0.0,1.0,1
31448,30.05.2024 17:05:22.220000,146.997,-456.647,5.63572,5.681,5.514,94.6439,3.41638,3.51962,22.8818,21.9012,759.54,761.11,5.51932,3.12174,1.64779,0.808428,5.60706,11.6247,11.6247,0.0,1.0,1
31449,30.05.2024 17:05:22.230000,131.671,-434.399,5.64011,5.53,5.536,94.5906,3.42788,3.52168,23.5293,22.29,759.44,760.99,6.41655,2.47668,1.89919,0.845736,5.60778,11.6247,11.6247,0.0,1.0,1
31450,30.05.2024 17:05:22.240000,134.72,-412.564,5.65111,5.619,5.507,94.5448,3.43616,3.52363,24.768,22.1018,759.36,760.89,6.98379,3.86617,1.8084,0.772005,5.60795,11.6319,11.6319,0.0,1.0,1
31451,30.05.2024 17:05:22.250000,134.72,-448.572,5.65111,5.619,5.479,94.4848,3.43277,3.52622,23.556,22.6648,759.315,760.805,7.12547,4.21237,1.87417,0.716875,5.60795,11.5741,11.5741,0.0,1.0,1
31452,30.05.2024 17:05:22.260000,134.72,-448.572,5.65111,5.619,5.479,94.4848,3.43277,3.52622,23.556,22.6648,759.315,760.805,7.12547,4.21237,1.87417,0.716875,5.60795,11.5741,11.5741,0.0,1.0,1
31453,30.05.2024 17:05:22.270000,123.761,-482.849,5.6683,5.633,5.516,94.4848,3.42703,3.52665,24.9412,22.9748,759.26,760.745,6.85019,3.82653,2.16543,0.801689,5.60814,11.48,11.48,0.0,1.0,1
31454,30.05.2024 17:05:22.280000,119.311,-494.879,5.66031,5.586,5.526,94.5906,3.41816,3.52669,25.0819,22.6792,759.1,760.57,6.42624,3.44657,2.56793,0.861853,5.60805,11.48,11.48,0.0,1.0,1
31455,30.05.2024 17:05:22.290000,114.944,-488.205,5.66219,5.566,5.547,94.5906,3.41489,3.52669,23.6264,22.8607,759.06,760.535,5.89424,3.46381,2.60732,0.79216,5.60823,11.263,11.263,0.0,1.0,1
31456,30.05.2024 17:05:22.300000,116.345,-488.205,5.69357,5.633,5.547,94.5788,3.41489,3.52669,23.6264,22.8607,759.065,760.5,5.76056,3.73531,2.70686,0.854202,5.60832,11.0822,11.0822,0.0,1.0,1
31457,30.05.2024 17:05:22.310000,116.345,-518.857,5.69357,5.633,5.518,94.5788,3.41265,3.52614,23.9434,22.9313,759.055,760.355,5.76455,3.97141,2.82779,0.86787,5.60832,11.0822,11.0822,0.0,1.0,1
31458,30.05.2024 17:05:22.320000,113.708,-518.857,5.68832,5.689,5.518,94.5458,3.41265,3.52614,23.9434,22.9313,759.045,760.275,6.38157,3.7933,2.93946,0.881767,5.60837,11.4728,11.4728,0.0,1.0,1
31459,30.05.2024 17:05:22.330000,113.708,-529.404,5.68832,5.689,5.514,94.5117,3.41307,3.52466,23.8525,22.8533,759.01,760.205,7.92806,3.09167,3.05462,0.917956,5.60837,11.48,11.48,0.0,1.0,1
31460,30.05.2024 17:05:22.340000,110.577,-529.321,5.69446,5.624,5.531,94.5117,3.4124,3.52626,24.3102,22.586,758.97,760.14,8.17625,2.40794,3.19585,0.985582,5.60857,11.48,11.48,0.0,1.0,1
31461,30.05.2024 17:05:22.350000,105.386,-529.321,5.7166,5.54,5.531,94.5115,3.4124,3.52626,24.3102,22.586,758.895,760.03,8.01256,2.33142,3.17941,0.981655,5.60849,11.48,11.48,0.0,1.0,1
31462,30.05.2024 17:05:22.360000,105.386,-515.396,5.7166,5.54,5.525,94.5834,3.40684,3.52579,23.7754,23.0057,758.89,759.985,8.02779,2.19363,3.0847,0.943167,5.60849,11.48,11.48,0.0,1.0,1
31463,30.05.2024 17:05:22.370000,103.079,-524.954,5.70558,5.598,5.529,94.5834,3.40329,3.52653,23.1918,22.5201,758.88,759.955,8.61598,2.41728,2.99611,0.814421,5.60858,11.2124,11.2124,0.0,1.0,1
31464,30.05.2024 17:05:22.380000,94.2627,-524.954,5.70558,5.635,5.529,94.5674,3.40329,3.52653,23.1918,22.5201,758.865,759.935,8.82156,2.67737,3.15681,0.871481,5.60877,11.5162,11.5162,0.0,1.0,1
31465,30.05.2024 17:05:22.390000,94.2627,-527.92,5.69834,5.635,5.529,94.5674,3.3996,3.52668,23.3652,22.6834,758.795,759.86,9.08778,3.10802,3.52399,1.02397,5.60877,11.5162,11.5162,0.0,1.0,1
31466,30.05.2024 17:05:22.400000,94.2627,-527.92,5.69834,5.635,5.529,94.5674,3.3996,3.52668,23.3652,22.6834,758.795,759.86,9.08778,3.10802,3.52399,1.02397,5.60877,11.5162,11.5162,0.0,1.0,1
31467,30.05.2024 17:05:22.410000,81.3263,-527.92,5.6996,5.642,5.529,94.5789,3.39933,3.52532,22.6067,22.8214,758.745,759.79,9.10251,3.81273,3.75299,1.16073,5.60883,11.5162,11.5162,0.0,1.0,1
31468,30.05.2024 17:05:22.420000,66.9067,-527.426,5.6915,5.629,5.569,94.7639,3.40009,3.52554,22.7642,22.3456,758.63,759.54,8.25999,4.52359,4.23507,1.14304,5.60908,11.5741,11.5741,0.0,1.0,1
31469,30.05.2024 17:05:22.430000,66.9067,-527.426,5.6915,5.629,5.569,94.7639,3.40009,3.52554,22.7642,22.3456,758.63,759.54,8.25999,4.52359,4.23507,1.14304,5.60908,11.5741,11.5741,0.0,1.0,1
31470,30.05.2024 17:05:22.440000,38.2324,-527.426,5.66971,5.657,5.569,94.7243,3.40009,3.52554,22.7642,22.3456,758.62,759.46,7.74034,4.13898,4.39837,1.23546,5.60931,11.48,11.48,0.0,1.0,1
31471,30.05.2024 17:05:22.450000,29.0039,-524.789,5.674,5.729,5.57,94.7172,3.40679,3.52615,23.7172,22.4088,758.61,759.395,7.85685,3.25977,4.81972,1.29341,5.60958,11.4366,11.4366,0.0,1.0,1
31472,30.05.2024 17:05:22.460000,24.7192,-524.789,5.69364,5.72,5.57,94.7378,3.40679,3.52615,23.7172,22.4088,758.585,759.38,8.1677,3.70175,4.8911,1.30169,5.60977,11.4366,11.4366,0.0,1.0,1
31473,30.05.2024 17:05:22.470000,24.7192,-524.624,5.69364,5.72,5.55,94.7209,3.4117,3.52513,22.8314,22.7466,758.515,759.33,8.26427,4.86875,4.9322,1.27847,5.60977,11.4366,11.4366,0.0,1.0,1
31474,30.05.2024 17:05:22.480000,6.83899,-524.624,5.68801,5.64,5.55,94.7209,3.4117,3.52513,22.8314,22.7466,758.47,759.265,8.47273,5.36823,5.08417,1.42134,5.6101,11.5668,11.5668,0.0,1.0,1
31475,30.05.2024 17:05:22.490000,6.83899,-521.411,5.68801,5.64,5.571,94.7614,3.41058,3.52559,23.3961,22.9398,758.445,759.18,8.16234,6.25297,5.1446,1.8565,5.6101,11.5307,11.5307,0.0,1.0,1
31476,30.05.2024 17:05:22.500000,0.0,-523.224,5.67452,5.628,5.585,94.7614,3.40439,3.52483,22.7593,22.367,758.4,759.085,7.95614,5.98139,5.18935,1.96957,5.61043,11.5307,11.5307,0.0,1.0,1
31477,30.05.2024 17:05:22.510000,-11.1237,-523.224,5.63007,5.64,5.585,94.7519,3.40439,3.52483,22.7593,22.367,758.37,758.9,7.56973,5.56285,5.18173,2.00651,5.61039,11.5307,11.5307,0.0,1.0,1
31478,30.05.2024 17:05:22.520000,-11.1237,-526.684,5.63007,5.64,5.582,94.737,3.397,3.52453,22.3018,22.3898,758.37,758.83,7.24159,4.91581,5.12166,1.9297,5.61039,11.5307,11.5307,0.0,1.0,1
31479,30.05.2024 17:05:22.530000,-15.4083,-521.576,5.63399,5.679,5.553,94.737,3.39684,3.5245,22.8687,22.2707,758.365,758.785,7.44991,3.46149,5.25876,2.01902,5.61048,11.0243,11.0243,0.0,1.0,1
31480,30.05.2024 17:05:22.540000,-19.693,-521.576,5.63572,5.646,5.553,94.6475,3.39684,3.5245,22.8687,22.2707,758.35,758.75,7.76561,3.20784,5.30244,2.01097,5.61067,11.169,11.169,0.0,1.0,1
31481,30.05.2024 17:05:22.550000,-19.693,-519.104,5.63572,5.646,5.55,94.6475,3.40008,3.52457,22.6688,22.3682,758.305,758.71,8.24283,3.03814,5.29143,2.10973,5.61067,11.169,11.169,0.0,1.0,1
31482,30.05.2024 17:05:22.560000,-21.1761,-519.104,5.63561,5.622,5.55,94.6311,3.40008,3.52457,22.6688,22.3682,758.285,758.705,8.44671,3.54287,5.24264,2.06092,5.61096,11.169,11.169,0.0,1.0,1
31483,30.05.2024 17:05:22.570000,-21.1761,-527.179,5.63561,5.622,5.537,94.6162,3.4031,3.5245,22.5264,21.8265,758.275,758.69,8.70081,4.82773,5.40346,2.12522,5.61096,11.169,11.169,0.0,1.0,1
31484,30.05.2024 17:05:22.580000,-21.1761,-527.179,5.63561,5.622,5.537,94.6162,3.4031,3.5245,22.5264,21.8265,758.275,758.69,8.70081,4.82773,5.40346,2.12522,5.61096,11.169,11.169,0.0,1.0,1
31485,30.05.2024 17:05:22.590000,-40.6219,-525.448,5.64612,5.613,5.518,94.6162,3.39958,3.52449,22.5428,22.3867,758.25,758.66,8.94668,5.65856,5.56225,2.14314,5.61114,11.1835,11.1835,0.0,1.0,1
31486,30.05.2024 17:05:22.600000,-41.9403,-522.153,5.66437,5.601,5.494,94.6276,3.39915,3.52577,22.1925,22.2516,758.195,758.43,9.51912,6.43306,5.91491,2.27365,5.61161,11.1835,11.1835,0.0,1.0,1
31487,30.05.2024 17:05:22.610000,-41.9403,-522.153,5.66437,5.601,5.494,94.6276,3.39915,3.52577,22.1925,22.2516,758.195,758.43,9.51912,6.43306,5.91491,2.27365,5.61161,11.1835,11.1835,0.0,1.0,1
31488,30.05.2024 17:05:22.620000,-49.3561,-526.108,5.64759,5.554,5.496,94.6276,3.40397,3.52757,22.8682,21.7711,758.18,758.375,9.60464,6.06012,6.04253,2.31499,5.61191,11.2124,11.2124,0.0,1.0,1
31489,30.05.2024 17:05:22.630000,-49.3561,-526.108,5.64759,5.554,5.496,94.6276,3.40397,3.52757,22.8682,21.7711,758.18,758.375,9.60464,6.06012,6.04253,2.31499,5.61191,11.2124,11.2124,0.0,1.0,1
31490,30.05.2024 17:05:22.640000,-60.3973,-518.28,5.6267,5.573,5.494,94.6274,3.41498,3.52973,22.5691,22.1443,758.155,758.19,9.85264,5.25306,6.24644,2.41769,5.61233,10.8724,10.8724,0.0,1.0,1
31491,30.05.2024 17:05:22.650000,-69.461,-524.954,5.62197,5.603,5.505,94.6867,3.42346,3.53096,22.389,21.9397,758.155,758.11,10.544,4.942,6.3743,2.56845,5.61272,10.7277,10.7277,0.0,1.0,1
31492,30.05.2024 17:05:22.660000,-60.3973,-518.28,5.6267,5.573,5.494,94.6274,3.41498,3.52973,22.5691,22.1443,758.155,758.19,9.85264,5.25306,6.24644,2.41769,5.61233,10.7277,10.7277,0.0,1.0,1
31493,30.05.2024 17:05:22.670000,-91.7907,-526.932,5.65711,5.632,5.524,94.6281,3.41498,3.52973,22.5691,22.1443,758.165,757.89,10.9884,4.65069,6.38689,2.67007,5.6135,10.5686,10.5686,0.0,1.0,1
31494,30.05.2024 17:05:22.680000,-91.7907,-526.932,5.65711,5.632,5.524,94.6281,3.41498,3.52973,22.5691,22.1443,758.165,757.89,10.9884,4.65069,6.38689,2.67007,5.6135,10.5686,10.5686,0.0,1.0,1
31495,30.05.2024 17:05:22.690000,-91.7907,-522.07,5.65711,5.632,5.515,94.614,3.43989,3.53549,23.955,22.048,758.155,757.81,11.1895,3.91358,6.52941,2.6027,5.6135,10.6192,10.6192,0.0,1.0,1
31496,30.05.2024 17:05:22.700000,-105.881,-528.497,5.69962,5.576,5.523,94.584,3.4484,3.54082,23.4171,21.8253,758.125,757.705,12.2683,2.17734,6.48717,2.88216,5.61385,10.5758,10.5758,0.0,1.0,1
31497,30.05.2024 17:05:22.710000,-105.881,-530.063,5.6884,5.576,5.532,94.584,3.45069,3.54587,24.2505,22.7565,758.09,757.65,12.0178,2.18864,6.44406,2.91181,5.61385,10.5758,10.5758,0.0,1.0,1
31498,30.05.2024 17:05:22.720000,-105.469,-530.063,5.68282,5.611,5.532,94.5959,3.45069,3.54587,24.2505,22.7565,758.075,757.605,11.7626,2.41701,6.48238,2.99698,5.61414,10.5758,10.5758,0.0,1.0,1
31499,30.05.2024 17:05:22.730000,-105.469,-530.063,5.68282,5.611,5.532,94.5959,3.45069,3.54587,24.2505,22.7565,758.075,757.605,11.7626,2.41701,6.48238,2.99698,5.61414,10.5758,10.5758,0.0,1.0,1
