,time,Pinceur Inf Mesure de courant,Pinceur Sup Mesure de courant,Mandrin - Vitesse Actuelle,Pinceur Sup Mesure vitesse lineaire,Pinceur Inf Mesure vitesse lineaire,Mandrin - Mesure Expansion,Pinceur Nord Position entrefer estimee,Pinceur Sud Position entrefer estimee,Pinceur Nord Force entrefer calibree,Pinceur Sud Force entrefer calibree,Guides Nord Entree Position mesuree,Guides Nord Sortie Position mesuree,Guides Nord Entree Force pour regulateur PI,Guides Nord Sortie Force pour regulateur PI,Guides Sud Entree Force pour regulateur PI,Guides Sud Sortie Force pour regulateur PI,Mandrin - Vitesse Actuelle F10,_Excentrage largeur bande jauge bob,_Excentrage largeur bande jauge bob.1,TDB pinceur,Fenetre,Declancheur
10800,30.05.2024 11:23:22.060000,151.199,42.3523,7.24122,6.614,6.211,29.9592,5.92699,4.75687,26.7673,41.3256,873.59,873.325,15.1098,8.21275,-0.855635,4.36669,5.56672,95.1172,95.1172,1.0,1.0,1
10801,30.05.2024 11:23:22.070000,281.634,124.255,7.23409,6.482,5.918,29.9645,6.02747,4.75237,26.7673,41.3256,873.59,873.325,15.1098,8.21275,-0.855635,4.36669,5.56695,95.1172,95.1172,1.0,1.0,1
10802,30.05.2024 11:23:22.080000,281.634,124.255,7.23409,6.482,5.918,29.9645,6.02747,4.75237,26.7673,41.3256,873.59,873.325,15.1098,8.21275,-0.855635,4.36669,5.56695,95.1172,95.1172,1.0,1.0,1
10803,30.05.2024 11:23:22.090000,281.634,124.255,7.23028,6.482,5.918,29.9542,6.06969,4.7448,44.7249,22.1397,871.875,871.6,14.6643,8.19389,-0.60285,4.22429,5.56695,95.1172,95.1172,1.0,1.0,1
10804,30.05.2024 11:23:22.100000,281.634,124.255,7.23028,6.482,5.918,29.9542,6.06969,4.7448,44.7249,22.1397,871.875,871.6,14.6643,8.19389,-0.60285,4.22429,5.56695,95.1172,95.1172,1.0,1.0,1
10805,30.05.2024 11:23:22.110000,383.642,184.158,7.23398,6.326,5.784,29.9789,5.77451,4.76507,48.6682,25.4304,870.19,869.87,14.2766,7.42253,-0.501993,3.57791,5.56764,92.3177,92.3177,1.0,1.0,1
10806,30.05.2024 11:23:22.120000,521.493,237.222,7.23056,6.331,5.582,29.9739,5.40505,4.90441,30.4053,35.8336,867.195,867.005,12.5121,5.01303,-0.883906,1.4009,5.56858,89.7497,89.7497,1.0,1.0,1
10807,30.05.2024 11:23:22.130000,521.493,237.222,7.23368,6.331,5.582,29.9339,5.24736,4.98638,30.4053,35.8336,867.195,867.005,12.5121,5.01303,-0.883906,1.4009,5.56967,86.7043,86.7043,1.0,1.0,1
10808,30.05.2024 11:23:22.140000,586.835,312.451,7.23368,6.124,5.561,29.9339,5.04892,5.14397,13.8382,46.7226,865.915,865.675,12.0127,5.01514,-0.44356,1.09718,5.56967,83.4708,83.4708,1.0,1.0,1
10809,30.05.2024 11:23:22.150000,586.835,312.451,7.23368,6.124,5.561,29.9339,5.04892,5.14397,13.8382,46.7226,865.915,865.675,12.0127,5.01514,-0.44356,1.09718,5.56967,83.4708,83.4708,1.0,1.0,1
10810,30.05.2024 11:23:22.160000,604.962,418.497,7.22749,5.953,5.606,29.9147,5.02999,5.20692,7.9142,62.1137,864.605,864.325,12.4916,5.19029,-0.232943,0.680849,5.57052,83.478,83.478,1.0,1.0,1
10811,30.05.2024 11:23:22.170000,604.962,418.497,7.22749,5.953,5.606,29.9147,5.02999,5.20692,7.9142,62.1137,864.605,864.325,12.4916,5.19029,-0.232943,0.680849,5.57052,83.478,83.478,1.0,1.0,1
10812,30.05.2024 11:23:22.180000,601.336,502.048,7.24129,5.877,5.642,29.9804,5.14847,5.24626,9.90453,67.9105,863.295,862.95,13.4123,5.69917,-0.456465,0.394262,5.57118,80.0203,80.0203,1.0,1.0,1
10813,30.05.2024 11:23:22.190000,625.726,537.478,7.23811,5.851,5.615,29.9935,5.50592,5.22166,19.055,64.2368,861.99,861.485,14.7207,6.51434,-0.704573,0.0965177,5.5716,76.6204,76.6204,1.0,1.0,1
10814,30.05.2024 11:23:22.200000,650.94,618.97,7.23713,5.72,5.573,29.9935,5.61187,5.16194,30.2601,66.746,860.55,860.04,16.1375,7.24849,-0.646742,0.0241529,5.57214,76.6204,76.6204,1.0,1.0,1
10815,30.05.2024 11:23:22.210000,650.94,618.97,7.24042,5.72,5.573,29.9766,5.68403,5.08862,30.2601,66.746,860.55,860.04,16.1375,7.24849,-0.646742,0.0241529,5.57246,76.6204,76.6204,1.0,1.0,1
10816,30.05.2024 11:23:22.220000,694.693,702.026,7.24042,5.607,5.541,29.9766,5.7111,4.93179,37.3004,52.8576,859.015,858.6,16.973,8.08582,-0.670008,-0.01729,5.57246,73.9945,73.9945,1.0,1.0,1
10817,30.05.2024 11:23:22.230000,703.015,711.172,7.23407,5.536,5.518,30.0088,5.68681,4.84363,37.3004,52.8576,859.015,858.6,16.973,8.08582,-0.670008,-0.01729,5.57259,73.9945,73.9945,1.0,1.0,1
10818,30.05.2024 11:23:22.240000,703.015,711.172,7.23407,5.536,5.518,30.0088,5.68681,4.84363,37.3004,52.8576,859.015,858.6,16.973,8.08582,-0.670008,-0.01729,5.57259,73.9945,73.9945,1.0,1.0,1
10819,30.05.2024 11:23:22.250000,703.015,711.172,7.22925,5.536,5.518,29.9429,5.63971,4.75347,40.6238,38.545,857.485,857.08,17.1115,8.93697,-0.725645,0.00993931,5.57259,71.3397,71.3397,1.0,1.0,1
10820,30.05.2024 11:23:22.260000,703.18,709.03,7.24169,5.553,5.491,29.9545,5.46319,4.56263,33.7177,31.842,855.875,855.465,17.2207,9.33494,-0.855089,-0.0927562,5.57342,68.7862,68.7862,1.0,1.0,1
10821,30.05.2024 11:23:22.270000,692.88,709.03,7.24169,5.553,5.45,29.9545,5.3977,4.53552,31.9567,21.0152,854.195,853.84,16.8252,9.25422,-0.841151,-0.16062,5.57342,65.9795,65.9795,1.0,1.0,1
10822,30.05.2024 11:23:22.280000,691.726,703.592,7.23845,5.484,5.491,29.9545,5.32925,4.53102,25.8082,15.5299,852.48,852.195,15.7849,8.95731,-0.74005,-0.139864,5.57398,65.9795,65.9795,1.0,1.0,1
10823,30.05.2024 11:23:22.290000,691.726,703.592,7.23595,5.484,5.491,29.9753,5.2696,4.54968,25.8082,15.5299,852.48,852.195,15.7849,8.95731,-0.74005,-0.139864,5.57436,65.9722,65.9722,1.0,1.0,1
10824,30.05.2024 11:23:22.300000,691.726,703.592,7.23595,5.484,5.491,29.9753,5.2696,4.54968,25.8082,15.5299,852.48,852.195,15.7849,8.95731,-0.74005,-0.139864,5.57436,65.9722,65.9722,1.0,1.0,1
10825,30.05.2024 11:23:22.310000,689.419,697.412,7.23595,5.477,5.499,29.9753,5.19592,4.63266,22.3501,21.2259,850.775,850.595,14.2927,8.62694,-0.694441,-0.0523967,5.57436,63.0064,63.0064,1.0,1.0,1
10826,30.05.2024 11:23:22.320000,687.689,701.779,7.23802,5.553,5.504,30.0527,5.19212,4.73947,17.2892,28.6884,849.105,848.98,12.8579,8.30806,-0.634913,0.045107,5.57459,60.0405,60.0405,1.0,1.0,1
10827,30.05.2024 11:23:22.330000,691.891,692.386,7.23802,5.589,5.513,30.0527,5.20509,4.78158,15.9312,31.6187,847.49,847.37,12.0009,8.19385,-0.594488,0.0649472,5.57475,53.7833,53.7833,1.0,1.0,1
10828,30.05.2024 11:23:22.340000,691.891,693.374,7.24616,5.58,5.513,30.0336,5.23186,4.81589,15.9312,31.6187,847.49,847.37,12.0009,8.19385,-0.594488,0.0649472,5.57482,53.7833,53.7833,1.0,1.0,1
10829,30.05.2024 11:23:22.350000,690.573,693.374,7.24616,5.58,5.513,30.0288,5.28635,4.87529,17.8927,35.596,845.875,845.78,11.7793,8.16106,-0.612562,0.0255643,5.57482,53.7833,53.7833,1.0,1.0,1
10830,30.05.2024 11:23:22.360000,691.314,692.303,7.23863,5.577,5.553,30.0288,5.3135,4.88663,23.5598,41.743,844.255,844.245,11.9365,8.46674,-0.562136,0.0834867,5.57483,53.7833,53.7833,1.0,1.0,1
10831,30.05.2024 11:23:22.370000,691.314,692.303,7.23767,5.577,5.553,30.0192,5.33565,4.89053,23.5598,41.743,844.255,844.245,11.9365,8.46674,-0.562136,0.0834867,5.57487,53.7833,53.7833,1.0,1.0,1
10832,30.05.2024 11:23:22.380000,694.858,694.94,7.23767,5.618,5.557,30.0192,5.36321,4.88801,24.1514,42.357,842.57,842.74,12.2279,9.24626,-0.50099,0.0811826,5.57487,51.2514,51.2514,1.0,1.0,1
10833,30.05.2024 11:23:22.390000,692.715,687.03,7.24714,5.657,5.562,30.0165,5.35551,4.88572,24.1514,42.357,842.57,842.74,12.2279,9.24626,-0.50099,0.0811826,5.57503,51.2514,51.2514,1.0,1.0,1
10834,30.05.2024 11:23:22.400000,692.715,687.03,7.24714,5.657,5.562,30.0165,5.35551,4.88572,24.1514,42.357,842.57,842.74,12.2279,9.24626,-0.50099,0.0811826,5.57503,51.2514,51.2514,1.0,1.0,1
10835,30.05.2024 11:23:22.410000,692.715,687.03,7.23835,5.657,5.562,30.0582,5.3447,4.885,26.2038,39.3347,840.825,841.11,12.3686,10.3879,-0.490729,0.119581,5.57503,49.4936,49.4936,1.0,1.0,1
10836,30.05.2024 11:23:22.420000,692.715,687.03,7.23835,5.657,5.562,30.0582,5.3447,4.885,26.2038,39.3347,840.825,841.11,12.3686,10.3879,-0.490729,0.119581,5.57503,49.4936,49.4936,1.0,1.0,1
10837,30.05.2024 11:23:22.430000,686.123,691.809,7.24881,5.613,5.558,30.0195,5.27082,4.87473,24.6864,41.0714,839.065,839.485,12.2787,11.1302,-0.522928,0.127566,5.57549,49.4936,49.4936,1.0,1.0,1
10838,30.05.2024 11:23:22.440000,686.123,691.809,7.24881,5.613,5.558,30.0195,5.27082,4.87473,24.6864,41.0714,839.065,839.485,12.2787,11.1302,-0.522928,0.127566,5.57549,49.4936,49.4936,1.0,1.0,1
10839,30.05.2024 11:23:22.450000,689.337,691.232,7.24194,5.607,5.544,30.0372,5.21719,4.85599,21.4931,39.1688,835.56,836.18,10.8113,12.0962,-0.447119,0.165087,5.57589,45.8767,45.8767,1.0,1.0,1
10840,30.05.2024 11:23:22.460000,689.337,691.232,7.24194,5.607,5.544,30.0372,5.21719,4.85599,21.4931,39.1688,835.56,836.18,10.8113,12.0962,-0.447119,0.165087,5.57589,45.8767,45.8767,1.0,1.0,1
10841,30.05.2024 11:23:22.470000,691.397,695.764,7.25335,5.628,5.542,30.0223,5.16356,4.82537,20.0738,36.0838,833.845,834.615,10.4117,12.0982,-0.420313,0.247843,5.5762,44.0538,44.0538,1.0,1.0,1
10842,30.05.2024 11:23:22.480000,691.397,695.764,7.25335,5.628,5.542,30.0223,5.16356,4.82537,20.0738,36.0838,833.845,834.615,10.4117,12.0982,-0.420313,0.247843,5.5762,44.0538,44.0538,1.0,1.0,1
10843,30.05.2024 11:23:22.490000,689.667,690.82,7.24433,5.592,5.546,29.9501,5.14207,4.80202,16.9779,35.0498,832.135,833.115,10.0908,12.6028,-0.430666,0.308596,5.57636,42.3177,42.3177,1.0,1.0,1
10844,30.05.2024 11:23:22.500000,692.715,692.962,7.24199,5.568,5.54,29.9771,5.14154,4.7788,15.8846,36.653,830.42,831.515,9.94148,13.7579,-0.558974,0.31439,5.57686,40.1765,40.1765,1.0,1.0,1
10845,30.05.2024 11:23:22.510000,689.172,692.962,7.24199,5.568,5.536,29.9701,5.15197,4.77612,18.3315,36.7437,828.705,829.895,9.89056,14.6849,-0.554777,0.381792,5.57686,37.9702,37.9702,1.0,1.0,1
10846,30.05.2024 11:23:22.520000,690.49,694.858,7.25157,5.599,5.529,29.9701,5.16691,4.77147,19.5257,36.4083,826.99,828.305,9.81953,15.2356,-0.506033,0.47946,5.57744,37.9702,37.9702,1.0,1.0,1
10847,30.05.2024 11:23:22.530000,690.49,694.858,7.25157,5.599,5.529,29.9701,5.16691,4.77147,19.5257,36.4083,826.99,828.305,9.81953,15.2356,-0.506033,0.47946,5.57744,37.9702,37.9702,1.0,1.0,1
10848,30.05.2024 11:23:22.540000,690.49,694.858,7.24266,5.599,5.529,29.9737,5.18345,4.76947,19.3531,36.5084,825.295,826.725,9.7356,15.7855,-0.519087,0.526655,5.57794,37.9702,37.9702,1.0,1.0,1
10849,30.05.2024 11:23:22.550000,691.891,695.105,7.24938,5.588,5.539,29.9881,5.22968,4.77584,21.8777,33.6908,823.595,825.15,9.74622,16.4627,-0.619272,0.519991,5.57847,35.7205,35.7205,1.0,1.0,1
10850,30.05.2024 11:23:22.560000,691.891,695.105,7.24938,5.588,5.539,29.9881,5.22968,4.77584,21.8777,33.6908,823.595,825.15,9.74622,16.4627,-0.619272,0.519991,5.57847,35.7205,35.7205,1.0,1.0,1
10851,30.05.2024 11:23:22.570000,691.891,695.105,7.24558,5.588,5.539,29.9536,5.2353,4.78139,21.8777,33.6908,823.595,825.15,9.74622,16.4627,-0.619272,0.519991,5.57847,33.9989,33.9989,1.0,1.0,1
10852,30.05.2024 11:23:22.580000,686.206,691.726,7.25036,5.597,5.536,29.9499,5.20928,4.78598,22.3254,34.6191,821.955,823.59,9.75241,17.1349,-0.606337,0.501482,5.57946,32.6027,32.6027,1.0,1.0,1
10853,30.05.2024 11:23:22.590000,689.09,691.726,7.25036,5.597,5.549,30.0018,5.18452,4.78998,26.1592,37.2795,820.39,822.055,10.0944,17.9036,-0.288653,0.603178,5.57946,32.4725,32.4725,1.0,1.0,1
10854,30.05.2024 11:23:22.600000,684.558,691.974,7.25244,5.625,5.564,30.0018,5.15574,4.79243,22.5084,34.3687,818.87,820.515,11.0137,18.7699,0.601301,0.685732,5.58007,32.4725,32.4725,1.0,1.0,1
10855,30.05.2024 11:23:22.610000,684.558,691.974,7.25244,5.625,5.564,30.0018,5.15574,4.79243,22.5084,34.3687,818.87,820.515,11.0137,18.7699,0.601301,0.685732,5.58007,32.4725,32.4725,1.0,1.0,1
10856,30.05.2024 11:23:22.620000,684.558,691.974,7.24337,5.625,5.564,29.9685,5.12788,4.79361,19.8695,34.0304,817.4,819.055,12.6934,20.0266,2.10438,0.648955,5.58047,31.0619,31.0619,1.0,1.0,1
10857,30.05.2024 11:23:22.630000,689.749,686.453,7.24865,5.601,5.556,30.0168,5.05962,4.79362,18.1882,36.245,816.07,817.565,14.8455,21.7653,3.78553,0.676394,5.58046,29.4922,29.4922,1.0,1.0,1
10858,30.05.2024 11:23:22.640000,689.749,686.453,7.25611,5.601,5.556,30.0013,5.04717,4.79207,18.1882,36.245,816.07,817.565,14.8455,21.7653,3.78553,0.676394,5.58046,28.0237,28.0237,1.0,1.0,1
10859,30.05.2024 11:23:22.650000,689.749,686.453,7.25611,5.601,5.556,30.0013,5.04717,4.79207,18.1882,36.245,816.07,817.565,14.8455,21.7653,3.78553,0.676394,5.58046,28.0237,28.0237,1.0,1.0,1
10860,30.05.2024 11:23:22.660000,689.172,690.902,7.25611,5.609,5.542,30.0013,5.04482,4.79159,17.7381,34.8168,814.63,816.06,17.5618,23.369,5.52295,0.767733,5.58051,27.0182,27.0182,1.0,1.0,1
10861,30.05.2024 11:23:22.670000,689.172,690.902,7.25611,5.609,5.542,30.0013,5.04482,4.79159,17.7381,34.8168,814.63,816.06,17.5618,23.369,5.52295,0.767733,5.58051,27.0182,27.0182,1.0,1.0,1
10862,30.05.2024 11:23:22.680000,688.76,691.974,7.24933,5.607,5.538,29.9651,5.08169,4.7938,17.4818,35.7811,813.25,814.54,20.0274,24.6083,7.13922,1.31445,5.58051,26.3165,26.3165,1.0,1.0,1
10863,30.05.2024 11:23:22.690000,685.794,688.348,7.26569,5.591,5.535,30.0473,5.1279,4.79431,19.5178,37.2262,812.055,813.03,22.9738,25.7063,9.69614,2.2604,5.58107,26.3021,26.3021,1.0,1.0,1
10864,30.05.2024 11:23:22.700000,683.322,686.865,7.26569,5.589,5.511,30.0473,5.16436,4.79555,20.753,36.0439,810.81,811.5,26.5935,26.8134,13.5179,4.09738,5.58107,26.3021,26.3021,1.0,1.0,1
10865,30.05.2024 11:23:22.710000,692.88,683.404,7.26741,5.574,5.497,30.4216,5.16994,4.79514,20.753,36.0439,810.81,811.5,26.5935,26.8134,13.5179,4.09738,5.5814,26.3021,26.3021,1.0,1.0,1
10866,30.05.2024 11:23:22.720000,692.88,683.404,7.26741,5.574,5.497,30.4216,5.16994,4.79514,20.753,36.0439,810.81,811.5,26.5935,26.8134,13.5179,4.09738,5.5814,26.3021,26.3021,1.0,1.0,1
10867,30.05.2024 11:23:22.730000,692.88,683.404,7.28097,5.574,5.497,30.9661,5.16282,4.79334,23.1971,36.191,809.49,810.075,28.6939,24.156,17.2872,6.39181,5.5814,24.0668,24.0668,1.0,1.0,1
10868,30.05.2024 11:23:22.740000,692.88,683.404,7.28097,5.574,5.497,30.9661,5.16282,4.79334,23.1971,36.191,809.49,810.075,28.6939,24.156,17.2872,6.39181,5.5814,24.0668,24.0668,1.0,1.0,1
10869,30.05.2024 11:23:22.750000,685.629,679.861,7.26962,5.534,5.499,31.6941,5.08895,4.8022,23.4714,37.5044,809.74,809.915,24.7235,14.4968,20.838,8.6416,5.58186,22.5984,22.5984,1.0,1.0,1
10870,30.05.2024 11:23:22.760000,689.996,685.547,7.25933,5.581,5.541,32.6092,5.03374,4.81172,18.1365,36.6461,809.83,810.72,24.2914,16.636,26.5213,10.689,5.5821,22.5984,22.5984,1.0,1.0,1
10871,30.05.2024 11:23:22.770000,689.996,685.547,7.26324,5.581,5.541,33.5644,5.00939,4.81437,18.1365,36.6461,809.83,810.72,24.2914,16.636,26.5213,10.689,5.58227,18.7862,18.7862,1.0,1.0,1
10872,30.05.2024 11:23:22.780000,685.547,682.004,7.26324,5.637,5.548,33.5644,4.97486,4.82429,17.4039,37.2439,810.305,810.82,24.7488,14.8022,26.9831,10.8192,5.58227,18.75,18.75,1.0,1.0,1
10873,30.05.2024 11:23:22.790000,692.798,698.813,7.27271,5.624,5.593,34.6457,4.97116,4.82587,17.4039,37.2439,810.305,810.82,24.7488,14.8022,26.9831,10.8192,5.58233,18.75,18.75,1.0,1.0,1
10874,30.05.2024 11:23:22.800000,692.798,698.813,7.28708,5.624,5.593,35.828,4.97633,4.82788,15.6784,37.3036,810.69,811.29,25.7663,13.7791,25.9155,10.2908,5.58233,18.75,18.75,1.0,1.0,1
10875,30.05.2024 11:23:22.810000,692.798,698.813,7.27271,5.624,5.593,34.6457,4.97116,4.82587,17.4039,37.2439,810.305,810.82,24.7488,14.8022,26.9831,10.8192,5.58233,18.75,18.75,1.0,1.0,1
10876,30.05.2024 11:23:22.820000,689.749,687.771,7.30495,5.679,5.592,36.9026,5.01777,4.83013,17.4039,37.2439,810.305,810.82,24.7488,14.8022,26.9831,10.8192,5.58278,18.75,18.75,1.0,1.0,1
10877,30.05.2024 11:23:22.830000,686.535,687.771,7.30495,5.679,5.576,38.0264,5.07149,4.82209,18.8331,38.2554,811.385,811.675,27.173,14.7297,22.7095,8.48734,5.58278,14.6774,14.6774,1.0,1.0,1
10878,30.05.2024 11:23:22.840000,688.678,687.03,7.31366,5.63,5.565,38.0264,5.09216,4.81938,20.8903,34.9129,811.705,811.965,25.9413,13.256,21.3237,8.17347,5.58324,14.6774,14.6774,1.0,1.0,1
10879,30.05.2024 11:23:22.850000,688.678,687.03,7.31819,5.63,5.565,39.1214,5.10162,4.81774,20.8903,34.9129,811.705,811.965,25.9413,13.256,21.3237,8.17347,5.58366,13.2234,13.2234,1.0,1.0,1
10880,30.05.2024 11:23:22.860000,690.408,697.659,7.31819,5.604,5.564,39.1214,5.09356,4.8158,22.1049,35.823,811.965,812.225,24.3127,12.9965,20.0443,8.28618,5.58366,11.8562,11.8562,1.0,1.0,1
10881,30.05.2024 11:23:22.870000,689.831,686.206,7.32728,5.582,5.569,40.2669,5.07467,4.81716,22.1049,35.823,811.965,812.225,24.3127,12.9965,20.0443,8.28618,5.58414,11.8562,11.8562,1.0,1.0,1
10882,30.05.2024 11:23:22.880000,689.831,686.206,7.33591,5.582,5.569,41.381,5.04985,4.81663,24.0793,37.5805,812.275,812.415,21.9246,12.6064,18.5469,8.53966,5.58414,10.8941,10.8941,1.0,1.0,1
10883,30.05.2024 11:23:22.890000,689.831,686.206,7.33591,5.582,5.569,41.381,5.04985,4.81663,24.0793,37.5805,812.275,812.415,21.9246,12.6064,18.5469,8.53966,5.58414,10.8941,10.8941,1.0,1.0,1
10884,30.05.2024 11:23:22.900000,686.947,691.15,7.33591,5.638,5.587,41.381,4.98143,4.82016,21.8929,39.1612,812.715,812.66,19.5737,11.6579,17.2965,8.44567,5.58477,10.8796,10.8796,1.0,1.0,1
10885,30.05.2024 11:23:22.910000,686.947,691.15,7.33591,5.638,5.587,41.381,4.98143,4.82016,21.8929,39.1612,812.715,812.66,19.5737,11.6579,17.2965,8.44567,5.58477,10.8796,10.8796,1.0,1.0,1
10886,30.05.2024 11:23:22.920000,691.397,691.15,7.34911,5.638,5.608,43.6314,4.91826,4.83707,17.0151,35.9221,813.2,812.995,17.4894,11.4512,16.4033,8.19758,5.5854,10.4094,10.4094,1.0,1.0,1
10887,30.05.2024 11:23:22.930000,691.397,691.15,7.34911,5.638,5.608,43.6314,4.91826,4.83707,17.0151,35.9221,813.2,812.995,17.4894,11.4512,16.4033,8.19758,5.5854,10.4094,10.4094,1.0,1.0,1
10888,30.05.2024 11:23:22.940000,680.52,696.753,7.31469,5.653,5.627,44.7177,4.87604,4.85432,14.6056,38.0241,813.805,813.265,15.9258,11.9316,15.1376,7.77476,5.58628,9.81627,9.81627,1.0,1.0,1
10889,30.05.2024 11:23:22.950000,682.745,684.558,7.31667,5.732,5.685,45.7846,4.87544,4.90099,14.9732,41.6785,814.555,813.535,14.0988,11.8784,11.9286,7.21229,5.5866,9.46181,9.46181,1.0,1.0,1
10890,30.05.2024 11:23:22.960000,682.745,684.558,7.32699,5.732,5.685,46.9753,4.89719,4.92174,14.9732,41.6785,814.555,813.535,14.0988,11.8784,11.9286,7.21229,5.5866,9.09288,9.09288,1.0,1.0,1
10891,30.05.2024 11:23:22.970000,688.76,672.775,7.32699,5.776,5.674,46.9753,4.92902,4.94185,16.3437,46.9949,814.995,813.67,12.4738,11.1893,9.39132,6.56246,5.5871,8.8397,8.8397,1.0,1.0,1
10892,30.05.2024 11:23:22.980000,688.76,688.348,7.30872,5.77,5.674,48.174,4.96201,4.95189,16.3437,46.9949,814.995,813.67,12.4738,11.1893,9.39132,6.56246,5.58778,8.8397,8.8397,1.0,1.0,1
10893,30.05.2024 11:23:22.990000,688.76,688.348,7.30872,5.77,5.674,48.174,4.96201,4.95189,16.3437,46.9949,814.995,813.67,12.4738,11.1893,9.39132,6.56246,5.58778,8.8397,8.8397,1.0,1.0,1
10894,30.05.2024 11:23:23.000000,689.996,688.348,7.30872,5.77,5.642,49.4356,5.01035,4.95531,17.8286,47.8888,815.365,813.885,11.2544,10.5774,7.66975,5.76961,5.58778,8.8397,8.8397,1.0,1.0,1
10895,30.05.2024 11:23:23.010000,668.738,687.524,7.32093,5.69,5.595,50.5843,5.00776,4.93314,19.2293,42.4671,815.755,814.165,9.87299,10.4517,6.61528,5.1746,5.58943,9.28096,9.28096,1.0,1.0,1
10896,30.05.2024 11:23:23.020000,668.738,687.524,7.32093,5.69,5.595,50.5843,5.00776,4.93314,19.2293,42.4671,815.755,814.165,9.87299,10.4517,6.61528,5.1746,5.58943,9.28096,9.28096,1.0,1.0,1
10897,30.05.2024 11:23:23.030000,646.408,693.869,7.32093,5.655,5.625,50.5843,4.93975,4.91279,21.1418,40.511,816.175,814.39,8.9286,11.0293,5.64216,4.78891,5.58943,10.3082,10.3082,1.0,1.0,1
10898,30.05.2024 11:23:23.040000,646.408,693.869,7.32093,5.655,5.625,50.5843,4.93975,4.91279,21.1418,40.511,816.175,814.39,8.9286,11.0293,5.64216,4.78891,5.58943,10.3082,10.3082,1.0,1.0,1
10899,30.05.2024 11:23:23.050000,635.202,684.723,7.2837,5.686,5.641,53.0051,4.87667,4.89443,18.3029,41.3697,816.58,814.485,8.73653,11.6213,4.84749,4.38563,5.59026,10.3082,10.3082,1.0,1.0,1
10900,30.05.2024 11:23:23.060000,635.202,684.723,7.2837,5.686,5.641,53.0051,4.87667,4.89443,18.3029,41.3697,816.58,814.485,8.73653,11.6213,4.84749,4.38563,5.59026,10.3082,10.3082,1.0,1.0,1
10901,30.05.2024 11:23:23.070000,620.123,675.082,7.256,5.768,5.663,54.2164,4.85106,4.8871,15.5066,36.9994,816.845,814.59,8.93711,11.5184,4.42539,3.98528,5.59203,13.1221,13.1221,1.0,1.0,1
10902,30.05.2024 11:23:23.080000,551.486,641.794,7.2475,5.71,5.641,55.5017,4.87438,4.892,14.7324,35.1027,817.33,814.815,8.28072,10.9447,3.77072,2.8356,5.59256,13.3102,13.3102,1.0,1.0,1
10903,30.05.2024 11:23:23.090000,551.486,641.794,7.2201,5.71,5.641,56.6491,4.89225,4.89698,14.7324,35.1027,817.33,814.815,8.28072,10.9447,3.77072,2.8356,5.59308,13.3102,13.3102,1.0,1.0,1
10904,30.05.2024 11:23:23.100000,559.973,624.243,7.2201,5.677,5.676,56.6491,4.94016,4.89791,17.5031,39.7417,817.565,815.005,7.99091,10.6793,3.64488,2.33242,5.59308,13.1872,13.1872,1.0,1.0,1
10905,30.05.2024 11:23:23.110000,558.572,606.198,7.15508,5.735,5.643,57.9063,4.96027,4.90164,17.5031,39.7417,817.565,815.005,7.99091,10.6793,3.64488,2.33242,5.59395,13.1872,13.1872,1.0,1.0,1
10906,30.05.2024 11:23:23.120000,558.572,606.198,7.13945,5.735,5.643,59.0866,4.96754,4.90606,20.8737,42.4186,817.745,815.18,7.81047,10.9628,3.44905,1.9524,5.59395,13.1366,13.1366,1.0,1.0,1
10907,30.05.2024 11:23:23.130000,558.572,606.198,7.13945,5.735,5.643,59.0866,4.96754,4.90606,20.8737,42.4186,817.745,815.18,7.81047,10.9628,3.44905,1.9524,5.59395,13.1366,13.1366,1.0,1.0,1
10908,30.05.2024 11:23:23.140000,555.688,605.951,7.13945,5.761,5.612,59.0866,4.96112,4.9069,19.9072,39.1112,817.93,815.295,7.46638,11.3303,3.07143,1.74464,5.59463,13.1366,13.1366,1.0,1.0,1
10909,30.05.2024 11:23:23.150000,558.325,612.213,7.14029,5.696,5.599,61.4763,4.85209,4.90219,18.8053,38.4678,818.125,815.435,7.4071,11.4254,2.80057,1.58468,5.59536,13.0498,13.0498,1.0,1.0,1
10910,30.05.2024 11:23:23.160000,561.539,601.666,7.07866,5.625,5.635,61.4763,4.80806,4.90075,17.684,36.1631,818.26,815.605,7.59017,11.6336,2.73256,1.485,5.59619,13.0498,13.0498,1.0,1.0,1
10911,30.05.2024 11:23:23.170000,561.539,601.666,7.07866,5.625,5.635,61.4763,4.80806,4.90075,17.684,36.1631,818.26,815.605,7.59017,11.6336,2.73256,1.485,5.59619,13.0498,13.0498,1.0,1.0,1
10912,30.05.2024 11:23:23.180000,561.539,601.666,6.98485,5.625,5.635,62.5897,4.7745,4.8992,14.4038,39.2726,818.365,815.72,7.73045,12.1553,2.77862,1.46196,5.59681,12.8038,12.8038,1.0,1.0,1
10913,30.05.2024 11:23:23.190000,566.894,605.786,6.94599,5.827,5.663,63.8788,4.76451,4.89011,13.5485,41.4089,818.455,815.77,7.74186,12.2476,2.73794,1.29617,5.59758,12.594,12.594,1.0,1.0,1
10914,30.05.2024 11:23:23.200000,566.894,605.786,6.95871,5.827,5.663,65.0254,4.78648,4.87704,13.5485,41.4089,818.455,815.77,7.74186,12.2476,2.73794,1.29617,5.59758,12.594,12.594,1.0,1.0,1
10915,30.05.2024 11:23:23.210000,560.715,615.179,6.95871,5.811,5.628,65.0254,4.81109,4.87244,14.5836,34.5332,818.51,815.865,7.61663,11.8623,2.80243,1.24203,5.59822,12.2468,12.2468,1.0,1.0,1
10916,30.05.2024 11:23:23.220000,560.715,604.468,6.94599,5.7,5.628,66.1333,4.83585,4.86898,14.5836,34.5332,818.51,815.865,7.61663,11.8623,2.80243,1.24203,5.5987,12.2468,12.2468,1.0,1.0,1
10917,30.05.2024 11:23:23.230000,563.681,604.468,6.94599,5.7,5.672,67.1886,4.86077,4.85297,15.2395,31.3998,818.585,816.0,7.15333,11.3839,2.98181,1.30188,5.5987,11.6392,11.6392,1.0,1.0,1
10918,30.05.2024 11:23:23.240000,562.362,601.584,6.85478,5.704,5.641,67.1886,4.86008,4.85652,18.3006,33.0709,818.665,816.125,6.77736,11.1886,2.87872,1.35632,5.59927,11.6392,11.6392,1.0,1.0,1
10919,30.05.2024 11:23:23.250000,562.362,601.584,6.82703,5.704,5.641,68.1832,4.8586,4.85921,18.3006,33.0709,818.665,816.125,6.77736,11.1886,2.87872,1.35632,5.59993,11.2992,11.2992,1.0,1.0,1
10920,30.05.2024 11:23:23.260000,565.906,610.235,6.82703,5.799,5.717,68.1832,4.84416,4.87121,19.7773,33.4239,818.755,816.275,6.55949,10.8429,2.87866,1.39533,5.59993,11.0822,11.0822,1.0,1.0,1
10921,30.05.2024 11:23:23.270000,570.849,601.996,6.7605,5.814,5.653,69.417,4.83047,4.8748,19.7773,33.4239,818.755,816.275,6.55949,10.8429,2.87866,1.39533,5.60065,11.0822,11.0822,1.0,1.0,1
10922,30.05.2024 11:23:23.280000,570.849,601.996,6.7605,5.814,5.653,69.417,4.83047,4.8748,19.7773,33.4239,818.755,816.275,6.55949,10.8429,2.87866,1.39533,5.60065,11.0822,11.0822,1.0,1.0,1
10923,30.05.2024 11:23:23.290000,570.849,601.996,6.71947,5.814,5.653,70.5942,4.81708,4.87649,18.9641,34.8489,818.795,816.38,6.48703,10.867,2.91281,1.38268,5.60065,10.7856,10.7856,1.0,1.0,1
10924,30.05.2024 11:23:23.300000,570.849,601.996,6.71947,5.814,5.653,70.5942,4.81708,4.87649,18.9641,34.8489,818.795,816.38,6.48703,10.867,2.91281,1.38268,5.60065,10.7856,10.7856,1.0,1.0,1
10925,30.05.2024 11:23:23.310000,562.61,612.378,6.6654,5.669,5.652,71.6724,4.7743,4.87196,16.8355,34.1834,818.795,816.455,6.19913,10.5618,2.86984,1.44673,5.60191,10.7784,10.7784,1.0,1.0,1
10926,30.05.2024 11:23:23.320000,566.647,609.329,6.60819,5.731,5.617,72.8226,4.75338,4.85048,14.7587,32.0247,818.92,816.72,5.5136,9.52558,2.61976,1.58764,5.60279,10.8362,10.8362,1.0,1.0,1
10927,30.05.2024 11:23:23.330000,566.647,609.329,6.55991,5.731,5.617,74.1005,4.75382,4.84214,14.7587,32.0247,818.92,816.72,5.5136,9.52558,2.61976,1.58764,5.60351,10.8362,10.8362,1.0,1.0,1
10928,30.05.2024 11:23:23.340000,564.422,572.662,6.55991,5.804,5.678,74.1005,4.75812,4.83191,15.9027,32.5563,818.98,816.865,5.22204,9.28181,2.22086,1.51003,5.60351,11.2702,11.2702,1.0,1.0,1
10929,30.05.2024 11:23:23.350000,569.366,585.928,6.4826,5.776,5.713,75.2792,4.76501,4.83987,15.9027,32.5563,818.98,816.865,5.22204,9.28181,2.22086,1.51003,5.60424,11.2702,11.2702,1.0,1.0,1
10930,30.05.2024 11:23:23.360000,569.366,585.928,6.4826,5.776,5.713,75.2792,4.76501,4.83987,15.9027,32.5563,818.98,816.865,5.22204,9.28181,2.22086,1.51003,5.60424,11.2702,11.2702,1.0,1.0,1
10931,30.05.2024 11:23:23.370000,569.366,585.928,6.35613,5.776,5.713,76.3921,4.76883,4.84458,15.5902,30.0059,819.035,816.975,5.25209,9.24224,2.08314,1.45646,5.60424,11.3715,11.3715,1.0,1.0,1
10932,30.05.2024 11:23:23.380000,564.505,587.494,6.31104,5.756,5.686,77.5928,4.76906,4.87022,14.7108,31.9923,819.08,817.075,5.29247,9.04219,1.89229,1.53358,5.6055,11.3715,11.3715,1.0,1.0,1
10933,30.05.2024 11:23:23.390000,564.505,587.494,6.31104,5.756,5.686,77.5928,4.76906,4.87022,14.7108,31.9923,819.08,817.075,5.29247,9.04219,1.89229,1.53358,5.6055,11.3715,11.3715,1.0,1.0,1
10934,30.05.2024 11:23:23.400000,561.786,589.636,6.31104,5.784,5.679,78.7679,4.76225,4.87448,15.8995,33.0946,819.1,817.175,5.4439,8.72444,1.6974,1.50483,5.6055,11.4366,11.4366,1.0,1.0,1
10935,30.05.2024 11:23:23.410000,566.894,562.939,6.18301,5.818,5.674,79.8165,4.74559,4.86818,17.5855,31.7939,819.145,817.27,5.40926,8.65444,1.63803,1.47164,5.60699,11.48,11.48,1.0,1.0,1
10936,30.05.2024 11:23:23.420000,559.643,563.598,6.18301,5.783,5.65,79.8165,4.72391,4.84629,15.182,32.4059,819.205,817.395,5.6034,8.43491,1.53466,1.52735,5.60699,11.48,11.48,1.0,1.0,1
10937,30.05.2024 11:23:23.430000,543.246,568.46,6.03108,5.743,5.704,80.6842,4.71357,4.84132,15.182,32.4059,819.205,817.395,5.6034,8.43491,1.53466,1.52735,5.60754,11.48,11.48,1.0,1.0,1
10938,30.05.2024 11:23:23.440000,543.246,568.46,5.9724,5.743,5.704,81.5649,4.70858,4.83728,13.4484,26.8249,819.25,817.525,5.87836,8.45718,1.509,1.48968,5.60754,11.6247,11.6247,1.0,1.0,1
10939,30.05.2024 11:23:23.450000,543.246,568.46,6.03108,5.743,5.704,80.6842,4.71357,4.84132,15.182,32.4059,819.205,817.395,5.6034,8.43491,1.53466,1.52735,5.60754,11.48,11.48,1.0,1.0,1
10940,30.05.2024 11:23:23.460000,530.639,502.707,5.88712,5.866,5.724,82.3581,4.70914,4.84466,15.182,32.4059,819.205,817.395,5.6034,8.43491,1.53466,1.52735,5.60879,11.48,11.48,1.0,1.0,1
10941,30.05.2024 11:23:23.470000,534.595,502.707,5.88712,5.866,5.654,83.1611,4.73195,4.85702,15.4521,32.1565,819.295,817.625,6.48672,8.82034,1.71384,1.57277,5.60879,11.7332,11.7332,1.0,1.0,1
10942,30.05.2024 11:23:23.480000,547.449,520.587,5.77239,5.79,5.638,83.1611,4.73601,4.86269,17.7552,32.6167,819.3,817.68,6.47877,8.33663,1.84345,1.62758,5.60968,11.7332,11.7332,1.0,1.0,1
10943,30.05.2024 11:23:23.490000,547.449,520.587,5.77239,5.79,5.638,83.1611,4.73601,4.86269,17.7552,32.6167,819.3,817.68,6.47877,8.33663,1.84345,1.62758,5.60968,11.7332,11.7332,1.0,1.0,1
10944,30.05.2024 11:23:23.500000,547.449,520.587,5.70947,5.79,5.638,83.9311,4.74305,4.87394,16.3475,31.2225,819.3,817.75,6.39565,8.01589,1.94439,1.66765,5.61037,11.5813,11.5813,1.0,1.0,1
10945,30.05.2024 11:23:23.510000,556.347,540.857,5.65117,5.718,5.604,84.5923,4.75999,4.9022,16.2993,33.8753,819.3,817.825,6.23005,7.79945,2.14939,1.73453,5.61068,11.5741,11.5741,1.0,1.0,1
10946,30.05.2024 11:23:23.520000,556.347,540.857,5.65117,5.718,5.604,84.5923,4.75999,4.9022,16.2993,33.8753,819.3,817.825,6.23005,7.79945,2.14939,1.73453,5.61068,11.5741,11.5741,1.0,1.0,1
10947,30.05.2024 11:23:23.530000,556.347,540.857,5.60712,5.718,5.604,85.1965,4.7667,4.91705,16.2993,33.8753,819.3,817.825,6.23005,7.79945,2.14939,1.73453,5.61068,11.7839,11.7839,1.0,1.0,1
10948,30.05.2024 11:23:23.540000,563.681,543.823,5.54613,5.698,5.546,85.8503,4.78701,4.95476,19.6845,35.6384,819.325,817.89,6.04109,7.68723,2.42534,1.73998,5.61142,11.6392,11.6392,1.0,1.0,1
10949,30.05.2024 11:23:23.550000,565.906,543.823,5.54613,5.698,5.501,86.4743,4.78331,4.96243,20.3629,36.2439,819.38,817.965,5.905,7.5246,2.49074,1.77904,5.61142,11.5234,11.5234,1.0,1.0,1
10950,30.05.2024 11:23:23.560000,567.554,596.887,5.5172,5.566,5.453,86.4743,4.78033,4.96841,20.8456,36.4688,819.42,818.025,6.0548,7.45929,2.54102,1.8698,5.61155,11.5234,11.5234,1.0,1.0,1
10951,30.05.2024 11:23:23.570000,567.554,596.887,5.51034,5.566,5.453,87.0725,4.77002,4.96988,20.8456,36.4688,819.42,818.025,6.0548,7.45929,2.54102,1.8698,5.61188,11.48,11.48,1.0,1.0,1
10952,30.05.2024 11:23:23.580000,565.658,601.996,5.51034,5.541,5.448,87.0725,4.74809,4.97034,19.4792,37.312,819.435,818.065,6.17037,7.49303,2.8711,1.99813,5.61188,11.8345,11.8345,1.0,1.0,1
10953,30.05.2024 11:23:23.590000,563.516,594.745,5.48243,5.57,5.45,87.6985,4.74637,4.96954,19.4792,37.312,819.435,818.065,6.17037,7.49303,2.8711,1.99813,5.61193,11.8345,11.8345,1.0,1.0,1
10954,30.05.2024 11:23:23.600000,563.516,594.745,5.48243,5.57,5.45,87.6985,4.74637,4.96954,19.4792,37.312,819.435,818.065,6.17037,7.49303,2.8711,1.99813,5.61193,11.8345,11.8345,1.0,1.0,1
10955,30.05.2024 11:23:23.610000,563.516,594.745,5.46878,5.57,5.45,88.2677,4.74679,4.96874,17.1854,36.0354,819.465,818.125,6.20969,7.32499,2.93768,2.17872,5.61193,11.8634,11.8634,1.0,1.0,1
10956,30.05.2024 11:23:23.620000,563.516,594.745,5.46878,5.57,5.45,88.2677,4.74679,4.96874,17.1854,36.0354,819.465,818.125,6.20969,7.32499,2.93768,2.17872,5.61193,11.8634,11.8634,1.0,1.0,1
10957,30.05.2024 11:23:23.630000,545.553,597.711,5.45098,5.505,5.461,88.7569,4.78395,4.96555,19.7291,35.6141,819.49,818.195,6.39582,7.24949,2.99067,2.20392,5.61106,11.8634,11.8634,1.0,1.0,1
10958,30.05.2024 11:23:23.640000,545.471,575.958,5.50113,5.54,5.441,89.1421,4.78677,4.97514,21.327,35.1662,819.54,818.29,6.17305,7.35849,3.19998,2.44075,5.61063,12.2396,12.2396,1.0,1.0,1
10959,30.05.2024 11:23:23.650000,545.471,575.958,5.50113,5.54,5.441,89.1421,4.78677,4.97514,21.327,35.1662,819.54,818.29,6.17305,7.35849,3.19998,2.44075,5.61063,12.2396,12.2396,1.0,1.0,1
10960,30.05.2024 11:23:23.660000,545.471,575.958,5.55661,5.54,5.441,89.4622,4.78371,4.97749,19.1965,35.5926,819.56,818.325,6.17068,7.40035,3.4978,2.50625,5.60999,12.3915,12.3915,1.0,1.0,1
10961,30.05.2024 11:23:23.670000,534.018,553.793,5.55999,5.524,5.456,89.6568,4.75632,4.97522,19.5017,36.1151,819.56,818.36,6.10777,7.30375,3.7299,2.51872,5.60929,12.3915,12.3915,1.0,1.0,1
10962,30.05.2024 11:23:23.680000,534.018,553.793,5.57334,5.524,5.456,89.8787,4.74864,4.97341,19.5017,36.1151,819.56,818.36,6.10777,7.30375,3.7299,2.51872,5.60929,12.1962,12.1962,1.0,1.0,1
10963,30.05.2024 11:23:23.690000,534.018,553.793,5.57334,5.524,5.456,89.8787,4.74864,4.97341,19.5017,36.1151,819.56,818.36,6.10777,7.30375,3.7299,2.51872,5.60929,12.1962,12.1962,1.0,1.0,1
10964,30.05.2024 11:23:23.700000,519.928,560.797,5.57334,5.506,5.473,89.8787,4.74298,4.96965,20.3776,33.2632,819.57,818.4,5.86534,7.10651,3.81983,2.65284,5.60841,12.2468,12.2468,1.0,1.0,1
10965,30.05.2024 11:23:23.710000,498.834,529.321,5.6043,5.573,5.503,90.1158,4.71475,4.97367,18.2604,32.7739,819.59,818.445,5.61841,6.9544,3.87857,2.68013,5.60774,12.2468,12.2468,1.0,1.0,1
10966,30.05.2024 11:23:23.720000,498.834,529.321,5.6043,5.573,5.503,90.1158,4.71475,4.97367,18.2604,32.7739,819.59,818.445,5.61841,6.9544,3.87857,2.68013,5.60774,12.2468,12.2468,1.0,1.0,1
10967,30.05.2024 11:23:23.730000,470.654,462.826,5.64046,5.605,5.543,90.1158,4.71475,4.9737,19.5023,33.358,819.615,818.475,5.31498,6.84866,3.8579,2.76921,5.60707,12.6808,12.6808,1.0,1.0,1
10968,30.05.2024 11:23:23.740000,445.029,458.212,5.6549,5.58,5.555,90.1477,4.72834,4.97508,17.2676,34.408,819.65,818.51,5.04863,6.70993,3.87401,2.87554,5.60648,12.7387,12.7387,1.0,1.0,1
10969,30.05.2024 11:23:23.750000,445.029,458.212,5.6549,5.58,5.555,90.1477,4.72834,4.97508,17.2676,34.408,819.65,818.51,5.04863,6.70993,3.87401,2.87554,5.60648,12.7387,12.7387,1.0,1.0,1
10970,30.05.2024 11:23:23.760000,433.905,454.999,5.65909,5.589,5.559,90.2234,4.73386,4.97446,21.4773,32.2848,819.655,818.535,5.02473,6.50436,3.80475,2.89974,5.6062,12.7387,12.7387,1.0,1.0,1
10971,30.05.2024 11:23:23.770000,416.354,424.182,5.69641,5.63,5.58,90.2322,4.73955,4.973,21.1943,31.5786,819.67,818.575,4.92186,6.35595,3.63068,2.85397,5.60603,12.8545,12.8545,1.0,1.0,1
10972,30.05.2024 11:23:23.780000,416.354,424.182,5.69641,5.63,5.58,90.2322,4.73955,4.973,21.1943,31.5786,819.67,818.575,4.92186,6.35595,3.63068,2.85397,5.60603,12.8545,12.8545,1.0,1.0,1
10973,30.05.2024 11:23:23.790000,416.354,404.077,5.75399,5.638,5.58,90.2971,4.7354,4.97604,21.4356,32.1937,819.675,818.61,4.78912,6.30087,3.53925,2.86887,5.606,12.9557,12.9557,1.0,1.0,1
10974,30.05.2024 11:23:23.800000,389.74,373.178,5.75927,5.63,5.574,90.3479,4.73079,4.97029,20.2731,34.196,819.68,818.635,4.57645,6.3474,3.49494,2.77653,5.60584,12.9557,12.9557,1.0,1.0,1
10975,30.05.2024 11:23:23.810000,389.74,373.178,5.75606,5.63,5.574,90.4011,4.72455,4.97025,20.2731,34.196,819.68,818.635,4.57645,6.3474,3.49494,2.77653,5.6059,13.151,13.151,1.0,1.0,1
10976,30.05.2024 11:23:23.820000,367.74,342.032,5.75606,5.647,5.611,90.4011,4.71101,4.96324,20.6993,28.667,819.69,818.66,4.36092,6.30744,3.40616,2.74554,5.6059,13.151,13.151,1.0,1.0,1
10977,30.05.2024 11:23:23.830000,347.882,318.384,5.7695,5.651,5.605,90.5163,4.70155,4.95794,20.6993,28.667,819.69,818.66,4.36092,6.30744,3.40616,2.74554,5.60576,13.151,13.151,1.0,1.0,1
10978,30.05.2024 11:23:23.840000,347.882,318.384,5.78693,5.651,5.605,90.5503,4.69413,4.95526,19.0997,30.6713,819.705,818.685,4.11638,6.32929,3.35243,2.75109,5.60576,13.1004,13.1004,1.0,1.0,1
10979,30.05.2024 11:23:23.850000,327.365,302.811,5.78693,5.661,5.635,90.5503,4.68887,4.95464,19.855,30.8067,819.715,818.68,4.07943,6.41263,3.35147,2.56758,5.60619,13.1004,13.1004,1.0,1.0,1
10980,30.05.2024 11:23:23.860000,327.365,302.811,5.78693,5.661,5.635,90.5503,4.68887,4.95464,19.855,30.8067,819.715,818.68,4.07943,6.41263,3.35147,2.56758,5.60619,13.1004,13.1004,1.0,1.0,1
10981,30.05.2024 11:23:23.870000,327.365,244.803,5.79133,5.707,5.635,90.653,4.68697,4.95444,17.4439,29.2298,819.72,818.685,3.97505,6.29615,3.31973,2.33148,5.60648,13.1004,13.1004,1.0,1.0,1
10982,30.05.2024 11:23:23.880000,327.365,244.803,5.79133,5.707,5.635,90.653,4.68697,4.95444,17.4439,29.2298,819.72,818.685,3.97505,6.29615,3.31973,2.33148,5.60648,13.1004,13.1004,1.0,1.0,1
10983,30.05.2024 11:23:23.890000,281.47,228.488,5.78723,5.697,5.638,90.7096,4.68229,4.95158,16.2581,27.467,819.72,818.715,3.8065,6.12512,3.20416,2.27009,5.60693,13.1004,13.1004,1.0,1.0,1
10984,30.05.2024 11:23:23.900000,259.058,185.641,5.77859,5.745,5.647,90.724,4.66706,4.95291,16.862,29.5121,819.75,818.73,3.50887,6.15938,3.14785,2.29583,5.60753,13.4404,13.4404,1.0,1.0,1
10985,30.05.2024 11:23:23.910000,243.896,167.267,5.76437,5.716,5.643,90.7801,4.66725,4.95262,16.862,29.5121,819.75,818.73,3.50887,6.15938,3.14785,2.29583,5.60802,13.4404,13.4404,1.0,1.0,1
10986,30.05.2024 11:23:23.920000,243.896,167.267,5.75143,5.716,5.643,90.7458,4.66284,4.95327,18.1915,27.924,819.75,818.745,3.50385,6.21162,3.04846,2.15642,5.60802,13.4476,13.4476,1.0,1.0,1
10987,30.05.2024 11:23:23.930000,216.128,133.813,5.75143,5.747,5.668,90.7458,4.66163,4.95401,17.5742,28.1797,819.77,818.76,3.38828,6.27756,2.98844,2.2036,5.60886,13.4476,13.4476,1.0,1.0,1
10988,30.05.2024 11:23:23.940000,216.128,117.911,5.71946,5.738,5.668,90.8041,4.66814,4.95424,17.5742,28.1797,819.77,818.76,3.38828,6.27756,2.98844,2.2036,5.60946,13.4476,13.4476,1.0,1.0,1
10989,30.05.2024 11:23:23.950000,205.499,117.911,5.71946,5.738,5.634,90.8151,4.67784,4.95945,18.2824,26.8721,819.77,818.755,3.31277,6.27178,2.90677,2.26307,5.60946,13.7876,13.7876,1.0,1.0,1
10990,30.05.2024 11:23:23.960000,191.492,104.974,5.69454,5.709,5.627,90.8151,4.68531,4.96381,17.9564,26.6544,819.755,818.765,3.20232,6.17092,2.68705,2.25398,5.61004,13.7876,13.7876,1.0,1.0,1
10991,30.05.2024 11:23:23.970000,191.492,104.974,5.68783,5.709,5.627,90.853,4.68996,4.96971,17.9564,26.6544,819.755,818.765,3.20232,6.17092,2.68705,2.25398,5.6107,14.048,14.048,1.0,1.0,1
10992,30.05.2024 11:23:23.980000,182.758,106.787,5.68783,5.679,5.615,90.853,4.70854,4.97896,20.4923,27.0739,819.76,818.775,3.09631,6.148,2.69559,2.26089,5.6107,14.048,14.048,1.0,1.0,1
10993,30.05.2024 11:23:23.990000,182.758,106.787,5.68783,5.679,5.615,90.853,4.70854,4.97896,20.4923,27.0739,819.76,818.775,3.09631,6.148,2.69559,2.26089,5.6107,14.048,14.048,1.0,1.0,1
10994,30.05.2024 11:23:24.000000,170.563,99.7833,5.68289,5.655,5.577,90.8527,4.71826,4.98632,20.7807,28.8327,819.755,818.785,2.93908,6.11459,2.65159,2.3288,5.61137,13.9974,13.9974,1.0,1.0,1
10995,30.05.2024 11:23:24.010000,170.563,99.7833,5.68289,5.655,5.577,90.8527,4.71826,4.98632,20.7807,28.8327,819.755,818.785,2.93908,6.11459,2.65159,2.3288,5.61137,13.9974,13.9974,1.0,1.0,1
10996,30.05.2024 11:23:24.020000,164.465,90.5548,5.67686,5.657,5.564,90.8524,4.73347,4.9907,22.0883,28.513,819.765,818.785,2.86974,6.05646,2.41009,2.32913,5.61209,14.1421,14.1421,1.0,1.0,1
10997,30.05.2024 11:23:24.030000,151.364,55.8655,5.65437,5.663,5.563,90.8585,4.72298,4.99207,19.3416,26.3751,819.775,818.785,2.83511,5.87443,2.29812,2.26856,5.61277,14.5399,14.5399,1.0,1.0,1
10998,30.05.2024 11:23:24.040000,133.237,38.8092,5.65325,5.64,5.562,90.8585,4.71454,4.99188,20.8834,28.2196,819.765,818.785,2.8255,5.75173,2.11979,2.28572,5.6135,14.5399,14.5399,1.0,1.0,1
10999,30.05.2024 11:23:24.050000,133.237,38.8092,5.64486,5.64,5.562,90.9204,4.70491,4.99032,20.8834,28.2196,819.765,818.785,2.8255,5.75173,2.11979,2.28572,5.61417,14.5399,14.5399,1.0,1.0,1
11000,30.05.2024 11:23:24.060000,123.267,16.2323,5.64486,5.637,5.548,90.9204,4.69531,4.98641,21.9702,30.3982,819.77,818.785,2.79499,5.62308,1.92319,2.20377,5.61417,14.6484,14.6484,0.0,1.0,1
11001,30.05.2024 11:23:24.070000,117.252,4.03747,5.64135,5.61,5.542,90.9171,4.69179,4.98558,21.9702,30.3982,819.77,818.785,2.79499,5.62308,1.92319,2.20377,5.61463,14.6484,14.6484,0.0,1.0,1
11002,30.05.2024 11:23:24.080000,117.252,4.03747,5.64389,5.61,5.542,90.9229,4.68844,4.98628,21.4428,28.8833,819.765,818.78,2.7225,5.5736,1.76401,2.17671,5.61463,14.6484,14.6484,0.0,1.0,1
11003,30.05.2024 11:23:24.090000,117.252,4.03747,5.64389,5.61,5.542,90.9229,4.68844,4.98628,21.4428,28.8833,819.765,818.78,2.7225,5.5736,1.76401,2.17671,5.61463,14.6484,14.6484,0.0,1.0,1
11004,30.05.2024 11:23:24.100000,114.78,-25.296,5.64389,5.629,5.527,90.9229,4.68279,4.98824,19.3663,28.2646,819.765,818.79,2.75415,5.66121,1.74464,2.1805,5.61537,14.8365,14.8365,0.0,1.0,1
11005,30.05.2024 11:23:24.110000,111.978,-21.9177,5.65002,5.588,5.535,90.8867,4.6776,4.9886,18.9779,27.1472,819.775,818.785,2.80729,5.6382,1.78998,2.21929,5.61567,14.6991,14.6991,0.0,1.0,1
11006,30.05.2024 11:23:24.120000,106.046,-40.1276,5.66011,5.575,5.541,90.8867,4.67866,4.98778,19.1282,26.8596,819.775,818.795,2.91751,5.623,1.79256,2.24981,5.61606,14.6991,14.6991,0.0,1.0,1
11007,30.05.2024 11:23:24.130000,106.046,-40.1276,5.65402,5.575,5.541,90.8973,4.68183,4.98751,19.1282,26.8596,819.775,818.795,2.91751,5.623,1.79256,2.24981,5.61625,14.6918,14.6918,0.0,1.0,1
11008,30.05.2024 11:23:24.140000,79.1015,-68.2251,5.65402,5.581,5.549,90.8973,4.68672,4.98988,21.159,26.3847,819.78,818.785,3.01192,5.6845,1.74777,2.28897,5.61625,14.6918,14.6918,0.0,1.0,1
11009,30.05.2024 11:23:24.150000,79.1015,-68.2251,5.65402,5.581,5.549,90.8973,4.68672,4.98988,21.159,26.3847,819.78,818.785,3.01192,5.6845,1.74777,2.28897,5.61625,14.6918,14.6918,0.0,1.0,1
11010,30.05.2024 11:23:24.160000,65.0116,-90.39,5.66357,5.59,5.549,90.9112,4.68757,4.99119,19.8354,25.3237,819.765,818.785,3.13954,5.7882,1.75907,2.32121,5.61668,14.7497,14.7497,0.0,1.0,1
11011,30.05.2024 11:23:24.170000,47.3785,-100.772,5.68028,5.604,5.552,90.9177,4.69038,4.99547,19.1704,23.2916,819.76,818.78,3.20169,5.87276,1.84746,2.36643,5.61677,14.9957,14.9957,0.0,1.0,1
11012,30.05.2024 11:23:24.180000,47.3785,-100.772,5.68028,5.604,5.552,90.9177,4.69038,4.99547,19.1704,23.2916,819.76,818.78,3.20169,5.87276,1.84746,2.36643,5.61677,14.9957,14.9957,0.0,1.0,1
11013,30.05.2024 11:23:24.190000,47.3785,-107.446,5.67885,5.627,5.552,90.9287,4.69293,5.00122,19.7294,24.7724,819.765,818.785,3.29589,5.91244,1.88175,2.46249,5.61704,14.9088,14.9088,0.0,1.0,1
11014,30.05.2024 11:23:24.200000,47.3785,-107.446,5.67885,5.627,5.552,90.9287,4.69293,5.00122,19.7294,24.7724,819.765,818.785,3.29589,5.91244,1.88175,2.46249,5.61704,14.9088,14.9088,0.0,1.0,1
11015,30.05.2024 11:23:24.210000,13.1836,-114.12,5.6785,5.66,5.55,90.9032,4.70199,5.00693,21.4644,23.7887,819.775,818.78,3.40238,5.92235,1.89962,2.53822,5.61718,15.1042,15.1042,0.0,1.0,1
11016,30.05.2024 11:23:24.220000,4.69665,-119.394,5.69691,5.627,5.542,90.8935,4.70395,5.01318,21.7109,24.9415,819.78,818.775,3.68963,6.11842,1.88363,2.55823,5.61762,15.1042,15.1042,0.0,1.0,1
11017,30.05.2024 11:23:24.230000,4.69665,-119.394,5.69691,5.627,5.542,90.8935,4.70395,5.01318,21.7109,24.9415,819.78,818.775,3.68963,6.11842,1.88363,2.55823,5.61762,15.1042,15.1042,0.0,1.0,1
11018,30.05.2024 11:23:24.240000,-6.3446,-114.368,5.70577,5.616,5.546,90.8977,4.69822,5.01362,20.2436,23.576,819.775,818.765,3.99031,6.28674,1.96317,2.60376,5.6178,15.1042,15.1042,0.0,1.0,1
11019,30.05.2024 11:23:24.250000,-19.1986,-134.143,5.7043,5.603,5.553,90.8961,4.68412,5.0138,18.3031,24.3173,819.78,818.765,4.16435,6.32716,2.03439,2.6391,5.61803,15.1042,15.1042,0.0,1.0,1
11020,30.05.2024 11:23:24.260000,-19.1986,-155.566,5.70525,5.631,5.553,90.8997,4.67635,5.01478,18.3031,24.3173,819.78,818.765,4.16435,6.32716,2.03439,2.6391,5.61836,15.1042,15.1042,0.0,1.0,1
11021,30.05.2024 11:23:24.270000,-48.0377,-155.566,5.70525,5.631,5.563,90.9233,4.65909,5.01789,20.2609,24.2771,819.775,818.76,4.34423,6.4133,2.18228,2.70999,5.61836,15.1042,15.1042,0.0,1.0,1
11022,30.05.2024 11:23:24.280000,-48.0377,-155.566,5.70525,5.631,5.563,90.9233,4.65909,5.01789,20.2609,24.2771,819.775,818.76,4.34423,6.4133,2.18228,2.70999,5.61836,15.1042,15.1042,0.0,1.0,1
11023,30.05.2024 11:23:24.290000,-70.0378,-170.727,5.72047,5.621,5.576,90.9233,4.65388,5.01963,19.8144,24.0064,819.78,818.755,4.64105,6.37219,2.23031,2.78636,5.61872,15.1042,15.1042,0.0,1.0,1
11024,30.05.2024 11:23:24.300000,-70.0378,-170.727,5.72047,5.621,5.576,90.9233,4.65388,5.01963,19.8144,24.0064,819.78,818.755,4.64105,6.37219,2.23031,2.78636,5.61872,15.1042,15.1042,0.0,1.0,1
11025,30.05.2024 11:23:24.310000,-81.4911,-191.162,5.72892,5.631,5.577,90.957,4.63949,5.01646,18.7701,22.802,819.775,818.76,4.9253,6.52971,2.38539,2.8238,5.61924,15.1476,15.1476,0.0,1.0,1
11026,30.05.2024 11:23:24.320000,-81.4911,-191.162,5.72892,5.631,5.577,90.957,4.63949,5.01646,18.7701,22.802,819.775,818.76,4.9253,6.52971,2.38539,2.8238,5.61924,15.1476,15.1476,0.0,1.0,1
11027,30.05.2024 11:23:24.330000,-92.9443,-192.151,5.74484,5.601,5.577,90.9888,4.6334,5.01798,17.2238,24.4239,819.77,818.765,5.19598,6.65421,2.43398,2.84321,5.61948,15.1476,15.1476,0.0,1.0,1
11028,30.05.2024 11:23:24.340000,-92.9443,-192.151,5.74484,5.601,5.577,90.9888,4.6334,5.01798,17.2238,24.4239,819.77,818.765,5.19598,6.65421,2.43398,2.84321,5.61948,15.1476,15.1476,0.0,1.0,1
11029,30.05.2024 11:23:24.350000,-104.974,-210.031,5.73806,5.617,5.605,91.0155,4.63502,5.02002,18.4059,23.3809,819.775,818.76,5.30119,6.76066,2.57203,2.93475,5.62051,15.1982,15.1982,0.0,1.0,1
11030,30.05.2024 11:23:24.360000,-108.765,-250.9,5.71818,5.663,5.612,91.0296,4.64238,5.02484,18.9292,23.041,819.775,818.76,5.66841,6.78157,2.5907,3.05276,5.62119,15.2416,15.2416,0.0,1.0,1
11031,30.05.2024 11:23:24.370000,-108.765,-250.9,5.70479,5.663,5.612,91.013,4.64444,5.02731,18.9292,23.041,819.775,818.76,5.66841,6.78157,2.5907,3.05276,5.62175,15.2416,15.2416,0.0,1.0,1
11032,30.05.2024 11:23:24.380000,-115.686,-261.694,5.70479,5.669,5.622,91.013,4.64903,5.04035,17.1721,22.146,819.77,818.78,5.84453,6.71583,2.5646,3.07853,5.62175,15.1982,15.1982,0.0,1.0,1
11033,30.05.2024 11:23:24.390000,-114.862,-266.473,5.69154,5.636,5.608,91.0246,4.65402,5.04512,17.1721,22.146,819.77,818.78,5.84453,6.71583,2.5646,3.07853,5.62206,15.1982,15.1982,0.0,1.0,1
11034,30.05.2024 11:23:24.400000,-114.862,-266.473,5.68823,5.636,5.608,91.0426,4.65693,5.05061,16.4285,23.6194,819.775,818.77,6.00267,6.95193,2.55859,3.0286,5.62206,15.1982,15.1982,0.0,1.0,1
11035,30.05.2024 11:23:24.410000,-114.862,-266.473,5.69154,5.636,5.608,91.0246,4.65402,5.04512,17.1721,22.146,819.77,818.78,5.84453,6.71583,2.5646,3.07853,5.62206,15.1982,15.1982,0.0,1.0,1
11036,30.05.2024 11:23:24.420000,-121.124,-300.668,5.69459,5.621,5.605,91.0348,4.67011,5.07127,17.1721,22.146,819.77,818.78,5.84453,6.71583,2.5646,3.07853,5.62287,15.1982,15.1982,0.0,1.0,1
11037,30.05.2024 11:23:24.430000,-122.937,-300.668,5.69459,5.621,5.586,91.0392,4.67832,5.07856,20.193,23.7258,819.77,818.75,6.02431,6.89065,2.71721,3.15707,5.62287,15.2633,15.2633,0.0,1.0,1
11038,30.05.2024 11:23:24.440000,-130.765,-307.013,5.68953,5.65,5.577,91.0392,4.67925,5.08227,18.8199,25.1032,819.76,818.745,5.99095,6.72152,2.67077,3.26338,5.62335,15.2633,15.2633,0.0,1.0,1
11039,30.05.2024 11:23:24.450000,-130.765,-307.013,5.68427,5.65,5.577,91.0774,4.67687,5.08517,18.8199,25.1032,819.76,818.745,5.99095,6.72152,2.67077,3.26338,5.62396,15.502,15.502,0.0,1.0,1
11040,30.05.2024 11:23:24.460000,-147.162,-321.35,5.68427,5.623,5.585,91.0774,4.66817,5.08925,19.9629,25.2057,819.765,818.75,5.9791,6.6519,2.55737,3.22442,5.62396,15.7046,15.7046,0.0,1.0,1
11041,30.05.2024 11:23:24.470000,-150.046,-315.088,5.68467,5.621,5.577,91.077,4.66272,5.0908,19.9629,25.2057,819.765,818.75,5.9791,6.6519,2.55737,3.22442,5.62468,15.7046,15.7046,0.0,1.0,1
11042,30.05.2024 11:23:24.480000,-150.046,-315.088,5.69308,5.621,5.577,91.0845,4.65858,5.09129,18.7991,25.3515,819.765,818.745,5.87374,6.54758,2.47334,3.23858,5.62468,15.7046,15.7046,0.0,1.0,1
11043,30.05.2024 11:23:24.490000,-163.312,-322.092,5.69308,5.616,5.596,91.0845,4.65438,5.092,19.4795,25.2702,819.77,818.745,5.9093,6.59304,2.48351,3.26493,5.62526,15.7986,15.7986,0.0,1.0,1
11044,30.05.2024 11:23:24.500000,-163.312,-349.942,5.69687,5.602,5.596,91.094,4.65111,5.09126,19.4795,25.2702,819.77,818.745,5.9093,6.59304,2.48351,3.26493,5.62589,15.7986,15.7986,0.0,1.0,1
11045,30.05.2024 11:23:24.510000,-178.638,-349.942,5.69687,5.602,5.584,91.0962,4.64872,5.09095,18.6261,23.2391,819.77,818.745,5.87788,6.49454,2.50953,3.33286,5.62589,15.6973,15.6973,0.0,1.0,1
11046,30.05.2024 11:23:24.520000,-186.63,-360.324,5.69473,5.618,5.581,91.0962,4.64812,5.09093,17.4456,21.082,819.765,818.745,5.85965,6.34985,2.40361,3.40009,5.62639,15.6973,15.6973,0.0,1.0,1
11047,30.05.2024 11:23:24.530000,-186.63,-360.324,5.70412,5.618,5.581,91.0811,4.65072,5.09037,17.4456,21.082,819.765,818.745,5.85965,6.34985,2.40361,3.40009,5.62693,15.6612,15.6612,0.0,1.0,1
11048,30.05.2024 11:23:24.540000,-198.001,-374.414,5.70412,5.634,5.577,91.0811,4.65727,5.09069,18.185,22.666,819.77,818.745,5.79117,6.29587,2.31067,3.41627,5.62693,15.6612,15.6612,0.0,1.0,1
11049,30.05.2024 11:23:24.550000,-205.499,-383.89,5.71402,5.625,5.583,91.0984,4.66352,5.09235,18.185,22.666,819.77,818.745,5.79117,6.29587,2.31067,3.41627,5.62739,15.6612,15.6612,0.0,1.0,1
11050,30.05.2024 11:23:24.560000,-205.499,-383.89,5.71677,5.625,5.583,91.068,4.67151,5.09264,19.9248,21.7121,819.775,818.745,5.79013,6.33346,2.21036,3.39344,5.62739,15.6322,15.6322,0.0,1.0,1
11051,30.05.2024 11:23:24.570000,-205.499,-383.89,5.71677,5.625,5.583,91.068,4.67151,5.09264,19.9248,21.7121,819.775,818.745,5.79013,6.33346,2.21036,3.39344,5.62739,15.6322,15.6322,0.0,1.0,1
11052,30.05.2024 11:23:24.580000,-214.893,-395.92,5.71677,5.621,5.583,91.068,4.67546,5.09297,18.8169,21.4038,819.77,818.75,5.75793,6.35111,2.23665,3.33652,5.62782,15.871,15.871,0.0,1.0,1
11053,30.05.2024 11:23:24.590000,-214.893,-395.92,5.71677,5.621,5.583,91.068,4.67546,5.09297,18.8169,21.4038,819.77,818.75,5.75793,6.35111,2.23665,3.33652,5.62782,15.871,15.871,0.0,1.0,1
11054,30.05.2024 11:23:24.600000,-227.087,-399.545,5.71237,5.609,5.578,91.1146,4.68645,5.09518,20.6534,21.4227,819.785,818.745,5.68141,6.29652,2.29687,3.36304,5.62819,15.7046,15.7046,0.0,1.0,1
11055,30.05.2024 11:23:24.610000,-237.387,-401.688,5.70964,5.628,5.587,91.1433,4.68964,5.10103,18.2735,18.9551,819.77,818.745,5.63321,6.3244,2.33112,3.37735,5.62896,15.7046,15.7046,0.0,1.0,1
11056,30.05.2024 11:23:24.620000,-245.05,-403.418,5.70964,5.603,5.591,91.1433,4.6964,5.10479,20.0277,21.4721,819.78,818.74,5.63091,6.24071,2.38336,3.37649,5.62896,15.7552,15.7552,0.0,1.0,1
11057,30.05.2024 11:23:24.630000,-256.586,-406.137,5.7124,5.607,5.597,91.1022,4.69894,5.10585,20.0277,21.4721,819.78,818.74,5.63091,6.24071,2.38336,3.37649,5.62946,15.7552,15.7552,0.0,1.0,1
11058,30.05.2024 11:23:24.640000,-256.586,-406.137,5.7124,5.607,5.597,91.1022,4.69894,5.10585,20.0277,21.4721,819.78,818.74,5.63091,6.24071,2.38336,3.37649,5.62946,15.7552,15.7552,0.0,1.0,1
11059,30.05.2024 11:23:24.650000,-256.586,-406.137,5.71063,5.607,5.597,91.0708,4.70142,5.10801,20.1799,24.1252,819.78,818.735,5.75076,6.19117,2.3097,3.27595,5.62946,15.5961,15.5961,0.0,1.0,1
11060,30.05.2024 11:23:24.660000,-256.586,-406.137,5.71063,5.607,5.597,91.0708,4.70142,5.10801,20.1799,24.1252,819.78,818.735,5.75076,6.19117,2.3097,3.27595,5.62946,15.5961,15.5961,0.0,1.0,1
11061,30.05.2024 11:23:24.670000,-269.192,-401.44,5.72677,5.612,5.581,91.1213,4.6956,5.11332,19.085,22.5376,819.785,818.74,5.75724,6.18069,2.34725,3.30208,5.63027,15.5961,15.5961,0.0,1.0,1
11062,30.05.2024 11:23:24.680000,-269.192,-401.44,5.72677,5.612,5.581,91.1213,4.6956,5.11332,19.085,22.5376,819.785,818.74,5.75724,6.18069,2.34725,3.30208,5.63027,15.5961,15.5961,0.0,1.0,1
11063,30.05.2024 11:23:24.690000,-286.908,-401.935,5.73985,5.615,5.591,91.1516,4.68856,5.11741,18.6533,19.9855,819.79,818.7,5.58385,6.21202,2.43753,3.33769,5.63092,15.8782,15.8782,0.0,1.0,1
11064,30.05.2024 11:23:24.700000,-298.691,-400.04,5.7375,5.627,5.595,91.1552,4.68339,5.11935,19.3352,20.889,819.79,818.685,5.65387,5.96349,2.43535,3.34666,5.63146,16.0518,16.0518,0.0,1.0,1
11065,30.05.2024 11:23:24.710000,-298.691,-400.04,5.7375,5.627,5.595,91.1552,4.68339,5.11935,19.3352,20.889,819.79,818.685,5.65387,5.96349,2.43535,3.34666,5.63146,16.0518,16.0518,0.0,1.0,1
11066,30.05.2024 11:23:24.720000,-308.414,-398.639,5.73679,5.616,5.603,91.1477,4.68119,5.12099,18.508,20.4578,819.78,818.69,5.70378,5.90519,2.38388,3.30717,5.63216,16.0518,16.0518,0.0,1.0,1
11067,30.05.2024 11:23:24.730000,-317.477,-398.392,5.7422,5.618,5.595,91.1244,4.68147,5.12168,17.0025,18.9476,819.78,818.705,5.78391,5.97653,2.41775,3.28405,5.63279,16.0084,16.0084,0.0,1.0,1
11068,30.05.2024 11:23:24.740000,-317.477,-404.819,5.76032,5.645,5.595,91.0988,4.68193,5.12173,17.0025,18.9476,819.78,818.705,5.78391,5.97653,2.41775,3.28405,5.6333,16.0084,16.0084,0.0,1.0,1
11069,30.05.2024 11:23:24.750000,-317.477,-404.819,5.76032,5.645,5.595,91.0988,4.68193,5.12173,17.0025,18.9476,819.78,818.705,5.78391,5.97653,2.41775,3.28405,5.6333,16.0084,16.0084,0.0,1.0,1
11070,30.05.2024 11:23:24.760000,-329.425,-404.819,5.76032,5.645,5.595,91.0789,4.6848,5.1223,16.1868,16.6904,819.785,818.7,5.72434,6.18209,2.49436,3.34412,5.6333,16.0084,16.0084,0.0,1.0,1
11071,30.05.2024 11:23:24.770000,-329.425,-404.819,5.76032,5.645,5.595,91.0789,4.6848,5.1223,16.1868,16.6904,819.785,818.7,5.72434,6.18209,2.49436,3.34412,5.6333,16.0084,16.0084,0.0,1.0,1
11072,30.05.2024 11:23:24.780000,-338.077,-403.583,5.76875,5.634,5.597,91.1352,4.68834,5.12475,17.4825,14.9183,819.8,818.695,5.65311,6.24521,2.53489,3.4606,5.6346,16.1386,16.1386,0.0,1.0,1
11073,30.05.2024 11:23:24.790000,-362.714,-403.006,5.75055,5.665,5.627,91.1334,4.6905,5.12554,17.3656,15.2698,819.82,818.685,6.0062,6.44636,2.4252,3.43707,5.63534,16.1097,16.1097,0.0,1.0,1
11074,30.05.2024 11:23:24.800000,-362.714,-403.006,5.7323,5.665,5.627,91.1053,4.69201,5.12844,17.3656,15.2698,819.82,818.685,6.0062,6.44636,2.4252,3.43707,5.63534,16.1024,16.1024,0.0,1.0,1
11075,30.05.2024 11:23:24.810000,-362.714,-403.006,5.7323,5.665,5.627,91.1053,4.69201,5.12844,17.3656,15.2698,819.82,818.685,6.0062,6.44636,2.4252,3.43707,5.63534,16.1024,16.1024,0.0,1.0,1
11076,30.05.2024 11:23:24.820000,-362.219,-401.852,5.7323,5.692,5.632,91.1053,4.69636,5.12989,17.1226,15.6907,819.815,818.67,6.17534,6.60242,2.42333,3.45059,5.63608,16.1024,16.1024,0.0,1.0,1
11077,30.05.2024 11:23:24.830000,-362.219,-401.852,5.7323,5.692,5.632,91.1053,4.69636,5.12989,17.1226,15.6907,819.815,818.67,6.17534,6.60242,2.42333,3.45059,5.63608,16.1024,16.1024,0.0,1.0,1
11078,30.05.2024 11:23:24.840000,-363.455,-399.298,5.73586,5.659,5.641,91.1496,4.71413,5.13378,18.2886,14.3623,819.815,818.66,6.20327,6.60139,2.46749,3.47731,5.63643,16.0518,16.0518,0.0,1.0,1
11079,30.05.2024 11:23:24.850000,-363.455,-399.298,5.73586,5.659,5.641,91.1496,4.71413,5.13378,18.2886,14.3623,819.815,818.66,6.20327,6.60139,2.46749,3.47731,5.63643,16.0518,16.0518,0.0,1.0,1
11080,30.05.2024 11:23:24.860000,-359.747,-401.358,5.71756,5.653,5.647,91.1133,4.72312,5.13731,18.8609,16.1271,819.825,818.63,6.24878,6.66354,2.47957,3.50677,5.63742,16.1386,16.1386,0.0,1.0,1
11081,30.05.2024 11:23:24.870000,-358.758,-398.474,5.7313,5.657,5.619,91.1442,4.71722,5.14911,17.3242,15.0875,819.825,818.615,6.30456,6.50259,2.38216,3.504,5.638,16.1386,16.1386,0.0,1.0,1
11082,30.05.2024 11:23:24.880000,-358.758,-398.474,5.73533,5.657,5.619,91.1366,4.7125,5.15149,17.3242,15.0875,819.825,818.615,6.30456,6.50259,2.38216,3.504,5.638,16.2471,16.2471,0.0,1.0,1
11083,30.05.2024 11:23:24.890000,-357.275,-402.594,5.73533,5.628,5.602,91.1366,4.70824,5.15279,16.8034,16.3114,819.825,818.615,6.35936,6.61044,2.48152,3.43129,5.63864,16.6233,16.6233,0.0,1.0,1
11084,30.05.2024 11:23:24.900000,-357.275,-403.335,5.73237,5.628,5.602,91.1294,4.70309,5.15567,16.8034,16.3114,819.825,818.615,6.35936,6.61044,2.48152,3.43129,5.63936,16.6233,16.6233,0.0,1.0,1
11085,30.05.2024 11:23:24.910000,-361.725,-403.335,5.73237,5.628,5.609,91.1174,4.69832,5.16035,17.3934,16.4288,819.825,818.605,6.33611,6.63795,2.51278,3.45845,5.63936,16.5365,16.5365,0.0,1.0,1
11086,30.05.2024 11:23:24.920000,-363.867,-402.429,5.7293,5.626,5.617,91.1174,4.69695,5.16203,16.9026,17.4068,819.82,818.59,6.30186,6.63044,2.53871,3.48366,5.64001,16.5365,16.5365,0.0,1.0,1
11087,30.05.2024 11:23:24.930000,-363.867,-402.429,5.73265,5.626,5.617,91.1492,4.69912,5.16438,16.9026,17.4068,819.82,818.59,6.30186,6.63044,2.53871,3.48366,5.64061,16.399,16.399,0.0,1.0,1
11088,30.05.2024 11:23:24.940000,-362.796,-396.661,5.73265,5.66,5.611,91.1492,4.707,5.16844,14.7737,17.5189,819.835,818.59,6.18744,6.55063,2.58907,3.65797,5.64061,16.399,16.399,0.0,1.0,1
11089,30.05.2024 11:23:24.950000,-362.796,-396.661,5.73265,5.66,5.611,91.1492,4.707,5.16844,14.7737,17.5189,819.835,818.59,6.18744,6.55063,2.58907,3.65797,5.64061,16.399,16.399,0.0,1.0,1
11090,30.05.2024 11:23:24.960000,-359.994,-399.216,5.72678,5.642,5.61,91.1667,4.71452,5.17117,14.5042,15.466,819.83,818.58,6.08927,6.63378,2.65118,3.60769,5.64144,16.399,16.399,0.0,1.0,1
11091,30.05.2024 11:23:24.970000,-359.994,-399.216,5.72678,5.642,5.61,91.1667,4.71452,5.17117,14.5042,15.466,819.83,818.58,6.08927,6.63378,2.65118,3.60769,5.64144,16.399,16.399,0.0,1.0,1
11092,30.05.2024 11:23:24.980000,-357.934,-401.111,5.73687,5.663,5.606,91.1434,4.72656,5.17896,16.8009,16.004,819.825,818.58,6.18266,6.66539,2.65559,3.56611,5.64208,16.2182,16.2182,0.0,1.0,1
11093,30.05.2024 11:23:24.990000,-360.901,-402.182,5.73392,5.663,5.608,91.1047,4.73769,5.19425,18.4269,16.2837,819.835,818.57,6.2647,6.69906,2.73167,3.61094,5.64265,16.2182,16.2182,0.0,1.0,1
11094,30.05.2024 11:23:25.000000,-360.901,-402.182,5.73392,5.663,5.608,91.1047,4.73769,5.19425,18.4269,16.2837,819.835,818.57,6.2647,6.69906,2.73167,3.61094,5.64265,16.2182,16.2182,0.0,1.0,1
11095,30.05.2024 11:23:25.010000,-359.912,-402.017,5.74695,5.664,5.617,91.1047,4.74006,5.19867,16.4927,17.3027,819.835,818.58,6.23877,6.86831,2.86711,3.75629,5.64312,16.3701,16.3701,0.0,1.0,1
11096,30.05.2024 11:23:25.020000,-359.912,-402.017,5.74695,5.664,5.617,91.1047,4.74006,5.19867,16.4927,17.3027,819.835,818.58,6.23877,6.86831,2.86711,3.75629,5.64312,16.3701,16.3701,0.0,1.0,1
11097,30.05.2024 11:23:25.030000,-359.994,-398.804,5.7546,5.649,5.61,91.1016,4.74774,5.20121,17.6285,16.3401,819.84,818.575,6.20001,6.95346,3.03979,3.88999,5.6438,16.305,16.305,0.0,1.0,1
11098,30.05.2024 11:23:25.040000,-359.994,-398.804,5.7546,5.649,5.61,91.1016,4.74774,5.20121,17.6285,16.3401,819.84,818.575,6.20001,6.95346,3.03979,3.88999,5.6438,16.305,16.305,0.0,1.0,1
11099,30.05.2024 11:23:25.050000,-355.875,-393.53,5.74818,5.639,5.622,91.1078,4.75516,5.20107,15.7551,13.8198,819.85,818.565,6.19141,6.96116,3.0997,3.92604,5.64436,16.3556,16.3556,0.0,1.0,1
