,time,Pinceur Inf Mesure de courant,Pinceur Sup Mesure de courant,Mandrin - Vitesse Actuelle,Pinceur Sup Mesure vitesse lineaire,Pinceur Inf Mesure vitesse lineaire,Mandrin - Mesure Expansion,Pinceur Nord Position entrefer estimee,Pinceur Sud Position entrefer estimee,Pinceur Nord Force entrefer calibree,Pinceur Sud Force entrefer calibree,Guides Nord Entree Position mesuree,Guides Nord Sortie Position mesuree,Guides Nord Entree Force pour regulateur PI,Guides Nord Sortie Force pour regulateur PI,Guides Sud Entree Force pour regulateur PI,Guides Sud Sortie Force pour regulateur PI,Mandrin - Vitesse Actuelle F10,_Excentrage largeur bande jauge bob,_Excentrage largeur bande jauge bob.1,TDB pinceur,Fenetre,Declancheur
8700,30.05.2024 10:44:51.550000,131.177,125.409,8.71431,7.669,7.385,30.4148,4.67255,4.54886,41.7226,46.9394,750.2,751.96,3.96556,5.45974,0.049823,0.637215,6.71302,64.2289,64.2289,1.0,1.0,1
8701,30.05.2024 10:44:51.560000,131.177,125.409,8.71431,7.669,7.385,30.4148,4.67255,4.54886,41.7226,46.9394,750.2,751.96,3.96556,5.45974,0.049823,0.637215,6.71302,64.2289,64.2289,1.0,1.0,1
8702,30.05.2024 10:44:51.570000,196.93,180.615,8.72737,7.54,7.266,30.3583,4.59306,4.61339,39.1919,49.8286,748.515,750.33,3.85573,7.08024,0.339921,0.693294,6.71306,64.1638,64.1638,1.0,1.0,1
8703,30.05.2024 10:44:51.580000,233.762,321.515,8.7536,7.528,6.935,30.3583,4.39541,4.45058,28.1915,48.228,745.995,747.77,3.96769,7.85729,0.636729,0.727539,6.71327,64.3663,64.3663,1.0,1.0,1
8704,30.05.2024 10:44:51.590000,233.762,321.515,8.7536,7.528,6.935,30.3583,4.39541,4.45058,28.1915,48.228,745.995,747.77,3.96769,7.85729,0.636729,0.727539,6.71327,64.3663,64.3663,1.0,1.0,1
8705,30.05.2024 10:44:51.600000,313.934,321.515,8.7536,7.656,6.935,30.3961,4.39541,4.45058,28.1915,48.228,745.175,746.9,4.06387,7.87459,0.673217,0.696623,6.71327,64.3736,64.3736,1.0,1.0,1
8706,30.05.2024 10:44:51.610000,388.504,330.826,8.75716,7.559,6.623,30.4199,4.2521,4.14627,20.364,24.2481,743.49,745.125,3.9251,5.93305,0.998224,0.79365,6.71419,63.0136,63.0136,1.0,1.0,1
8707,30.05.2024 10:44:51.620000,388.504,330.826,8.75716,7.559,6.623,30.4199,4.2521,4.14627,20.364,24.2481,743.49,745.125,3.9251,5.93305,0.998224,0.79365,6.71419,63.0136,63.0136,1.0,1.0,1
8708,30.05.2024 10:44:51.630000,442.969,330.826,8.75716,7.327,6.623,30.4472,4.2521,4.14627,20.364,24.2481,741.785,743.435,3.6226,5.2563,1.06458,0.742884,6.71419,61.4656,61.4656,1.0,1.0,1
8709,30.05.2024 10:44:51.640000,442.969,330.826,8.75716,7.327,6.623,30.4472,4.2521,4.14627,20.364,24.2481,741.785,743.435,3.6226,5.2563,1.06458,0.742884,6.71419,61.4656,61.4656,1.0,1.0,1
8710,30.05.2024 10:44:51.650000,467.77,425.83,8.74887,7.274,6.721,30.4704,4.22889,4.06379,19.2265,19.8336,740.11,741.755,3.60377,5.05386,1.26895,0.776098,6.71516,60.6698,60.6698,1.0,1.0,1
8711,30.05.2024 10:44:51.660000,467.77,425.83,8.74887,7.274,6.721,30.4704,4.22889,4.06379,19.2265,19.8336,740.11,741.755,3.60377,5.05386,1.26895,0.776098,6.71516,60.6698,60.6698,1.0,1.0,1
8712,30.05.2024 10:44:51.670000,485.486,526.767,8.76008,7.366,6.691,30.4504,4.30742,4.07556,18.9316,17.3792,737.64,739.21,3.49782,4.73431,1.44758,0.793081,6.7152,59.7873,59.7873,1.0,1.0,1
8713,30.05.2024 10:44:51.680000,518.197,532.947,8.72663,7.331,6.603,30.4505,4.3319,4.1524,23.9665,20.929,735.94,737.535,3.93019,4.15418,2.22676,0.824678,6.71539,59.7439,59.7439,1.0,1.0,1
8714,30.05.2024 10:44:51.690000,541.681,669.15,8.69566,7.042,6.653,30.4505,4.31973,4.25133,21.9741,30.3644,735.12,736.67,3.7798,4.26076,2.79699,0.753683,6.71544,59.2593,59.2593,1.0,1.0,1
8715,30.05.2024 10:44:51.700000,553.958,669.15,8.69566,7.054,6.653,30.4039,4.31973,4.25133,21.9741,30.3644,733.46,734.97,3.89441,4.40588,3.26622,0.803539,6.71544,59.2593,59.2593,1.0,1.0,1
8716,30.05.2024 10:44:51.710000,553.958,690.738,8.69965,7.054,6.598,30.4039,4.33021,4.30421,24.1327,35.1435,732.62,734.16,3.90301,4.5232,3.71259,0.778364,6.71548,59.2593,59.2593,1.0,1.0,1
8717,30.05.2024 10:44:51.720000,571.509,690.738,8.70152,7.149,6.598,30.3796,4.33021,4.30421,24.1327,35.1435,731.755,733.295,3.52427,4.14483,4.15663,0.876716,6.7156,58.1887,58.1887,1.0,1.0,1
8718,30.05.2024 10:44:51.730000,571.509,690.738,8.70152,7.149,6.598,30.3796,4.33021,4.30421,24.1327,35.1435,731.755,733.295,3.52427,4.14483,4.15663,0.876716,6.7156,58.1887,58.1887,1.0,1.0,1
8719,30.05.2024 10:44:51.740000,571.509,694.528,8.70152,7.149,6.649,30.4462,4.33948,4.33449,23.1399,36.3954,730.955,732.48,4.0564,4.72294,4.639,0.834797,6.7156,58.1887,58.1887,1.0,1.0,1
8720,30.05.2024 10:44:51.750000,610.812,700.708,8.72879,6.975,6.612,30.4159,4.34024,4.32467,23.905,36.7812,728.41,729.93,4.25839,4.79471,4.91823,0.826155,6.7155,57.5376,57.5376,1.0,1.0,1
8721,30.05.2024 10:44:51.760000,610.812,700.708,8.72879,6.975,6.612,30.4159,4.34024,4.32467,23.905,36.7812,728.41,729.93,4.25839,4.79471,4.91823,0.826155,6.7155,57.5376,57.5376,1.0,1.0,1
8722,30.05.2024 10:44:51.770000,610.812,706.146,8.72879,6.975,6.622,30.4151,4.31212,4.27588,23.1175,33.9575,727.605,729.145,4.37748,4.7954,4.7498,0.800978,6.7158,57.5304,57.5304,1.0,1.0,1
8723,30.05.2024 10:44:51.780000,645.007,696.753,8.72867,7.091,6.599,30.3825,4.2732,4.20556,20.4505,28.0965,725.125,726.695,4.06771,5.215,4.27721,0.922108,6.71573,58.1163,58.1163,1.0,1.0,1
8724,30.05.2024 10:44:51.790000,645.007,700.708,8.72519,7.091,6.589,30.3825,4.24724,4.14738,19.6667,24.4533,724.295,725.855,4.19056,5.56215,4.24057,0.907228,6.71543,58.1163,58.1163,1.0,1.0,1
8725,30.05.2024 10:44:51.800000,659.509,700.708,8.72856,7.099,6.589,30.3705,4.24724,4.14738,19.6667,24.4533,723.505,725.04,4.34986,5.77623,4.16918,0.850967,6.71574,58.1163,58.1163,1.0,1.0,1
8726,30.05.2024 10:44:51.810000,659.509,700.708,8.72856,7.099,6.589,30.3705,4.24724,4.14738,19.6667,24.4533,723.505,725.04,4.34986,5.77623,4.16918,0.850967,6.71574,58.1163,58.1163,1.0,1.0,1
8727,30.05.2024 10:44:51.820000,659.509,706.64,8.72856,7.099,6.611,30.4193,4.23058,4.10889,17.5392,22.1704,722.655,724.165,4.84131,6.02534,3.99008,0.81156,6.71574,58.6299,58.6299,1.0,1.0,1
8728,30.05.2024 10:44:51.830000,686.865,699.637,8.7615,6.889,6.597,30.4039,4.22103,4.09668,16.3115,19.1127,720.135,721.66,4.53167,5.23769,3.92512,0.890377,6.71585,58.8976,58.8976,1.0,1.0,1
8729,30.05.2024 10:44:51.840000,686.865,695.352,8.7563,6.889,6.62,30.465,4.21137,4.10441,17.2877,19.4135,719.325,720.79,4.4312,5.26154,3.97045,0.789989,6.71591,58.8976,58.8976,1.0,1.0,1
8730,30.05.2024 10:44:51.850000,696.258,683.734,8.75435,6.99,6.606,30.465,4.21437,4.1166,16.1758,21.7702,718.46,719.98,4.16242,5.23154,4.25182,0.712297,6.71614,58.8976,58.8976,1.0,1.0,1
8731,30.05.2024 10:44:51.860000,692.88,683.734,8.75435,7.038,6.606,30.4265,4.21437,4.1166,16.1758,21.7702,716.815,718.305,3.92624,5.23775,4.52274,0.689184,6.71614,59.2593,59.2593,1.0,1.0,1
8732,30.05.2024 10:44:51.870000,692.88,683.734,8.75435,7.038,6.606,30.4265,4.21437,4.1166,16.1758,21.7702,716.815,718.305,3.92624,5.23775,4.52274,0.689184,6.71614,59.2593,59.2593,1.0,1.0,1
8733,30.05.2024 10:44:51.880000,692.88,703.756,8.72846,7.038,6.611,30.4265,4.2208,4.12749,15.8596,22.417,715.985,717.45,3.94588,4.83908,4.66915,0.729727,6.71634,59.2593,59.2593,1.0,1.0,1
8734,30.05.2024 10:44:51.890000,694.034,694.034,8.70782,6.89,6.615,30.4307,4.2272,4.13223,16.324,22.5628,714.29,715.79,3.6031,4.74514,4.79256,0.700687,6.71606,59.2593,59.2593,1.0,1.0,1
8735,30.05.2024 10:44:51.900000,694.034,694.034,8.70782,6.89,6.615,30.4307,4.2272,4.13223,16.324,22.5628,714.29,715.79,3.6031,4.74514,4.79256,0.700687,6.71606,59.2593,59.2593,1.0,1.0,1
8736,30.05.2024 10:44:51.910000,694.528,681.427,8.72867,6.86,6.601,30.4307,4.23167,4.13827,17.5707,22.8537,713.485,714.995,3.75908,4.62452,4.73643,0.667158,6.71585,59.1797,59.1797,1.0,1.0,1
8737,30.05.2024 10:44:51.920000,694.528,681.427,8.72867,6.86,6.601,30.4307,4.23167,4.13827,17.5707,22.8537,713.485,714.995,3.75908,4.62452,4.73643,0.667158,6.71585,59.1797,59.1797,1.0,1.0,1
8738,30.05.2024 10:44:51.930000,692.221,686.041,8.72765,6.931,6.604,30.4379,4.22939,4.13605,17.1811,23.2415,710.97,712.545,3.79443,5.58103,4.02137,0.707306,6.71589,60.6265,60.6265,1.0,1.0,1
8739,30.05.2024 10:44:51.940000,692.138,689.09,8.72999,6.903,6.594,30.4152,4.22649,4.13212,16.4423,23.4322,708.435,710.13,3.32731,5.94401,3.8983,0.700115,6.71574,62.1238,62.1238,1.0,1.0,1
8740,30.05.2024 10:44:51.950000,692.138,686.041,8.75471,6.903,6.604,30.4379,4.21974,4.13324,17.6747,23.3615,707.635,709.295,3.25927,6.18922,3.93763,0.659725,6.71589,62.1238,62.1238,1.0,1.0,1
8741,30.05.2024 10:44:51.960000,685.382,697.906,8.75362,6.856,6.623,30.3794,4.21974,4.13324,17.6747,23.3615,706.785,708.54,3.47643,6.78613,3.96748,0.551866,6.71608,62.4928,62.4928,1.0,1.0,1
8742,30.05.2024 10:44:51.970000,685.382,688.101,8.75362,6.856,6.662,30.3785,4.20696,4.13146,16.0769,23.8813,705.96,707.745,3.30132,7.50355,4.47418,0.615259,6.71608,62.4928,62.4928,1.0,1.0,1
8743,30.05.2024 10:44:51.980000,692.056,681.509,8.7531,6.914,6.689,30.3785,4.19482,4.13023,16.3279,23.6686,705.12,707.03,3.43827,8.54473,4.67777,0.65904,6.716,62.6808,62.6808,1.0,1.0,1
8744,30.05.2024 10:44:51.990000,692.138,681.509,8.75566,6.999,6.689,30.352,4.19482,4.13023,16.3279,23.6686,703.41,705.515,3.50652,9.42203,4.92584,0.709066,6.716,63.8961,63.8961,1.0,1.0,1
8745,30.05.2024 10:44:52.000000,692.138,690.82,8.75566,6.999,6.687,30.4205,4.19019,4.12956,15.1011,24.3408,702.76,704.815,0.0593678,7.74422,5.05071,0.613235,6.71619,63.8961,63.8961,1.0,1.0,1
8746,30.05.2024 10:44:52.010000,691.067,702.026,8.75999,6.933,6.679,30.4205,4.19022,4.12768,15.4847,23.5614,702.85,705.055,-14.0606,-7.96896,5.46275,0.506426,6.71614,63.8961,63.8961,1.0,1.0,1
8747,30.05.2024 10:44:52.020000,690.078,702.026,8.75999,6.822,6.679,30.3998,4.19022,4.12768,15.4847,23.5614,703.435,705.465,-14.2123,-3.80779,5.56167,0.426489,6.71614,63.8961,63.8961,1.0,1.0,1
8748,30.05.2024 10:44:52.030000,690.078,692.138,8.76872,6.822,6.681,30.3998,4.19428,4.12551,15.7736,23.4149,703.385,705.165,-9.43677,2.45707,5.83246,0.452423,6.71598,63.8961,63.8961,1.0,1.0,1
8749,30.05.2024 10:44:52.040000,688.595,692.138,8.77329,6.892,6.681,30.3742,4.19428,4.12551,15.7736,23.4149,703.105,705.01,-3.06816,3.59642,6.09197,0.43371,6.71596,64.2578,64.2578,1.0,1.0,1
8750,30.05.2024 10:44:52.050000,688.595,678.461,8.77329,6.892,6.67,30.3783,4.18988,4.12005,15.8094,23.0633,702.99,705.065,-2.20993,-1.57519,6.76289,0.59625,6.71596,64.2578,64.2578,1.0,1.0,1
8751,30.05.2024 10:44:52.060000,688.595,678.461,8.77329,6.892,6.67,30.3783,4.18988,4.12005,15.8094,23.0633,702.99,705.065,-2.20993,-1.57519,6.76289,0.59625,6.71596,64.2578,64.2578,1.0,1.0,1
8752,30.05.2024 10:44:52.070000,695.105,692.056,8.73959,6.967,6.661,30.3783,4.17912,4.11561,15.1299,21.8083,702.96,705.13,-1.69516,0.17093,6.91299,0.572597,6.71605,64.6484,64.6484,1.0,1.0,1
8753,30.05.2024 10:44:52.080000,695.105,692.056,8.73959,6.967,6.661,30.3783,4.17912,4.11561,15.1299,21.8083,702.96,705.13,-1.69516,0.17093,6.91299,0.572597,6.71605,64.6484,64.6484,1.0,1.0,1
8754,30.05.2024 10:44:52.090000,689.502,695.517,8.75332,6.915,6.66,30.3481,4.16663,4.10701,14.9624,22.0555,702.665,705.005,1.82597,3.44737,7.37881,1.0105,6.71621,64.6484,64.6484,1.0,1.0,1
8755,30.05.2024 10:44:52.100000,689.502,695.517,8.75332,6.915,6.66,30.3481,4.16663,4.10701,14.9624,22.0555,702.665,705.005,1.82597,3.44737,7.37881,1.0105,6.71621,64.6484,64.6484,1.0,1.0,1
8756,30.05.2024 10:44:52.110000,685.959,688.101,8.76729,6.888,6.672,30.3142,4.15791,4.1017,13.9444,21.4263,702.555,705.03,3.47047,4.62411,7.01974,1.08839,6.71637,65.5816,65.5816,1.0,1.0,1
8757,30.05.2024 10:44:52.120000,692.55,679.532,8.77528,6.987,6.677,30.3203,4.159,4.09992,13.6855,20.5198,702.35,704.82,5.74187,6.24473,5.96801,1.37279,6.71655,65.9216,65.9216,1.0,1.0,1
8758,30.05.2024 10:44:52.130000,692.55,688.513,8.77528,6.987,6.701,30.3074,4.16473,4.10076,14.4966,21.0013,702.265,704.755,5.13659,5.50532,5.9578,1.50519,6.71655,65.9216,65.9216,1.0,1.0,1
8759,30.05.2024 10:44:52.140000,685.299,701.779,8.77466,6.943,6.695,30.3074,4.17175,4.09933,13.5471,20.4838,702.18,704.7,4.9535,4.84235,5.98273,1.64839,6.71693,65.9216,65.9216,1.0,1.0,1
8760,30.05.2024 10:44:52.150000,687.936,701.779,8.77466,6.856,6.695,30.3034,4.17175,4.09933,13.5471,20.4838,702.025,704.64,4.06506,3.8896,6.22509,1.92979,6.71693,66.2688,66.2688,1.0,1.0,1
8761,30.05.2024 10:44:52.160000,687.936,701.779,8.77466,6.856,6.695,30.3034,4.17175,4.09933,13.5471,20.4838,702.025,704.64,4.06506,3.8896,6.22509,1.92979,6.71693,66.2688,66.2688,1.0,1.0,1
8762,30.05.2024 10:44:52.170000,687.936,691.15,8.78005,6.856,6.704,30.3215,4.17719,4.10062,14.5858,20.384,702.005,704.6,3.27504,3.61209,6.26679,2.09675,6.71666,66.2688,66.2688,1.0,1.0,1
8763,30.05.2024 10:44:52.180000,687.854,681.592,8.78655,6.965,6.678,30.3109,4.1794,4.10233,14.8552,19.7137,701.95,704.58,2.62858,3.03556,6.2286,3.6232,6.71686,66.276,66.276,1.0,1.0,1
8764,30.05.2024 10:44:52.190000,687.854,684.146,8.79932,6.965,6.713,30.3109,4.17795,4.10298,14.4863,18.9306,701.94,704.565,2.71369,3.40245,6.22429,4.2086,6.71716,66.276,66.276,1.0,1.0,1
8765,30.05.2024 10:44:52.200000,690.161,684.146,8.80345,6.971,6.713,30.4053,4.17795,4.10298,14.4863,18.9306,701.93,704.51,3.82299,4.11746,6.40493,4.86989,6.71762,66.5292,66.5292,1.0,1.0,1
8766,30.05.2024 10:44:52.210000,690.161,680.108,8.80345,6.971,6.71,30.6604,4.16986,4.10295,14.7652,19.8319,701.9,704.455,4.43884,4.03605,6.39838,5.10474,6.71762,66.5292,66.5292,1.0,1.0,1
8767,30.05.2024 10:44:52.220000,690.161,680.108,8.80345,6.971,6.71,30.6604,4.16986,4.10295,14.7652,19.8319,701.9,704.455,4.43884,4.03605,6.39838,5.10474,6.71762,66.5292,66.5292,1.0,1.0,1
8768,30.05.2024 10:44:52.230000,690.82,644.018,8.79695,6.817,6.747,30.6604,4.16804,4.10304,14.1164,20.2353,701.905,704.405,4.65186,3.60762,6.47259,5.32643,6.71754,67.1296,67.1296,1.0,1.0,1
8769,30.05.2024 10:44:52.240000,690.82,644.018,8.79695,6.817,6.747,30.6604,4.16804,4.10304,14.1164,20.2353,701.905,704.405,4.65186,3.60762,6.47259,5.32643,6.71754,67.1296,67.1296,1.0,1.0,1
8770,30.05.2024 10:44:52.250000,682.58,622.595,8.80259,6.873,6.723,31.8592,4.16881,4.10363,14.5517,19.8707,701.85,704.26,6.82211,2.52687,6.58354,5.80593,6.71809,67.3322,67.3322,1.0,1.0,1
8771,30.05.2024 10:44:52.260000,643.524,601.831,8.78103,6.974,6.703,32.8313,4.16913,4.10479,14.0412,19.1683,701.655,704.32,7.01256,2.03728,6.56207,6.23387,6.71801,68.4968,68.4968,1.0,1.0,1
8772,30.05.2024 10:44:52.270000,643.524,586.175,8.8368,6.974,6.707,32.8313,4.17536,4.10504,14.6339,20.3123,701.59,704.335,6.46899,2.60352,6.53283,6.51815,6.71771,68.4968,68.4968,1.0,1.0,1
8773,30.05.2024 10:44:52.280000,629.434,586.175,8.84702,6.898,6.707,33.9159,4.17536,4.10504,14.6339,20.3123,701.535,704.335,5.5673,3.73605,6.13842,6.80007,6.71784,68.7789,68.7789,1.0,1.0,1
8774,30.05.2024 10:44:52.290000,629.434,567.883,8.84702,6.898,6.715,35.0298,4.17684,4.10523,15.411,20.1618,701.49,704.335,4.69352,5.59915,5.77603,6.99472,6.71784,68.7789,68.7789,1.0,1.0,1
8775,30.05.2024 10:44:52.300000,594.415,527.673,8.82901,6.88,6.691,35.0298,4.17998,4.10167,15.4179,19.576,701.485,704.345,4.46866,6.32766,5.90936,7.15527,6.71802,68.7789,68.7789,1.0,1.0,1
8776,30.05.2024 10:44:52.310000,570.767,527.673,8.79676,6.945,6.691,36.1601,4.17998,4.10167,15.4179,19.576,701.485,704.315,4.52385,7.4087,6.22331,7.22808,6.71802,68.316,68.316,1.0,1.0,1
8777,30.05.2024 10:44:52.320000,570.767,518.774,8.79676,6.945,6.67,37.4277,4.17856,4.10039,15.4291,18.968,701.47,704.275,4.99603,8.05533,6.79007,7.61855,6.71815,68.316,68.316,1.0,1.0,1
8778,30.05.2024 10:44:52.330000,553.052,499.328,8.82493,6.951,6.655,37.4277,4.17606,4.09998,15.4508,19.4668,701.415,704.25,5.27806,7.91987,7.45371,8.67489,6.71821,68.316,68.316,1.0,1.0,1
8779,30.05.2024 10:44:52.340000,525.943,499.328,8.82493,6.907,6.655,38.7188,4.17606,4.09998,15.4508,19.4668,701.305,704.16,5.05572,8.02353,7.44637,8.98905,6.71821,67.2888,67.2888,1.0,1.0,1
8780,30.05.2024 10:44:52.350000,525.943,476.999,8.83402,6.907,6.654,38.7188,4.17617,4.09672,14.9739,18.9345,701.265,704.14,4.98386,8.08142,7.50643,9.04554,6.718,67.2888,67.2888,1.0,1.0,1
8781,30.05.2024 10:44:52.360000,519.681,476.999,8.78814,6.842,6.654,40.0559,4.17617,4.09672,14.9739,18.9345,701.23,704.12,4.94452,7.39611,7.48319,9.20596,6.71833,67.2888,67.2888,1.0,1.0,1
8782,30.05.2024 10:44:52.370000,519.681,452.856,8.78814,6.842,6.666,41.4109,4.16119,4.08709,15.0673,17.9818,701.21,704.115,4.60813,7.10392,7.30106,9.77585,6.71833,67.2888,67.2888,1.0,1.0,1
8783,30.05.2024 10:44:52.380000,472.137,438.437,8.79057,6.932,6.755,41.4109,4.12142,4.06031,13.4301,16.2152,701.185,704.11,4.80591,6.96126,7.36257,10.1778,6.71835,67.3466,67.3466,1.0,1.0,1
8784,30.05.2024 10:44:52.390000,472.796,438.437,8.79057,6.963,6.755,44.0695,4.12142,4.06031,13.4301,16.2152,701.15,704.07,4.90066,6.96894,7.39201,10.648,6.71835,66.8981,66.8981,1.0,1.0,1
8785,30.05.2024 10:44:52.400000,472.796,438.437,8.79057,6.963,6.755,44.0695,4.12142,4.06031,13.4301,16.2152,701.15,704.07,4.90066,6.96894,7.39201,10.648,6.71835,66.8981,66.8981,1.0,1.0,1
8786,30.05.2024 10:44:52.410000,472.796,444.287,8.70133,6.963,6.843,44.0695,4.08429,4.02359,11.9083,13.1356,701.135,704.015,5.19658,6.73007,7.41346,10.9679,6.71809,66.8981,66.8981,1.0,1.0,1
8787,30.05.2024 10:44:52.420000,470.984,452.856,8.59501,6.994,6.909,45.4279,4.05054,3.99735,9.97742,11.2309,700.955,703.915,6.05542,5.69556,7.23163,11.5437,6.71807,66.1603,66.1603,1.0,1.0,1
8788,30.05.2024 10:44:52.430000,470.984,448.572,8.54421,6.994,6.965,45.4279,4.05033,3.953,7.72548,9.64622,700.87,703.845,5.88282,5.29982,7.2519,12.0427,6.71829,66.1603,66.1603,1.0,1.0,1
8789,30.05.2024 10:44:52.440000,473.208,448.572,8.49336,7.088,6.965,46.8887,4.05033,3.953,7.72548,9.64622,700.775,703.805,4.91191,4.81519,7.41996,12.972,6.71859,66.9922,66.9922,1.0,1.0,1
8790,30.05.2024 10:44:52.450000,473.208,446.182,8.49336,7.088,7.049,48.1889,4.05912,3.948,8.69721,5.71786,700.73,703.79,3.35712,3.13011,7.18243,14.8546,6.71859,66.9922,66.9922,1.0,1.0,1
8791,30.05.2024 10:44:52.460000,470.489,453.351,8.34047,7.209,6.973,48.1889,4.07103,3.93902,8.05858,5.81575,700.685,703.805,2.62048,2.6583,6.91004,15.3117,6.71852,66.5582,66.5582,1.0,1.0,1
8792,30.05.2024 10:44:52.470000,481.695,453.351,8.34047,7.185,6.973,49.6201,4.07103,3.93902,8.05858,5.81575,700.62,703.765,2.11198,2.84572,6.42739,15.6685,6.71852,66.5582,66.5582,1.0,1.0,1
8793,30.05.2024 10:44:52.480000,481.695,453.351,8.34047,7.185,6.973,49.6201,4.07103,3.93902,8.05858,5.81575,700.62,703.765,2.11198,2.84572,6.42739,15.6685,6.71852,66.5582,66.5582,1.0,1.0,1
8794,30.05.2024 10:44:52.490000,481.695,457.141,8.24402,7.185,6.951,51.038,4.09617,3.9595,11.065,7.35443,700.615,703.75,1.74391,2.83475,6.19623,16.0878,6.71898,66.5437,66.5437,1.0,1.0,1
8795,30.05.2024 10:44:52.500000,486.722,453.103,8.20575,7.175,6.934,52.4377,4.11764,3.97859,11.4066,8.4833,700.585,703.73,2.49044,2.9665,6.05512,17.3565,6.7196,66.0952,66.0952,1.0,1.0,1
8796,30.05.2024 10:44:52.510000,486.722,450.632,8.1704,7.175,6.846,52.4377,4.12966,4.01112,12.4126,9.19446,700.53,703.69,3.26056,3.24291,6.06244,17.3303,6.72021,66.0952,66.0952,1.0,1.0,1
8797,30.05.2024 10:44:52.520000,477.246,450.632,8.07075,7.226,6.846,53.8463,4.12966,4.01112,12.4126,9.19446,700.48,703.665,3.95027,3.43777,6.0831,16.5224,6.72146,65.6033,65.6033,1.0,1.0,1
8798,30.05.2024 10:44:52.530000,477.246,451.538,8.07075,7.226,6.796,55.2824,4.12539,4.03328,12.8977,12.3967,700.41,703.635,4.34293,3.28595,5.80764,15.6308,6.72146,65.6033,65.6033,1.0,1.0,1
8799,30.05.2024 10:44:52.540000,477.246,451.538,8.07075,7.226,6.796,55.2824,4.12539,4.03328,12.8977,12.3967,700.41,703.635,4.34293,3.28595,5.80764,15.6308,6.72146,65.6033,65.6033,1.0,1.0,1
8800,30.05.2024 10:44:52.550000,478.235,460.437,7.88589,7.207,6.836,55.2824,4.11735,4.04083,12.5554,13.8775,700.345,703.59,4.04402,3.16459,5.49349,16.0967,6.7224,64.511,64.511,1.0,1.0,1
8801,30.05.2024 10:44:52.560000,470.654,454.504,7.73076,7.16,6.871,57.9486,4.09169,4.0393,12.5083,14.8414,700.14,703.42,2.64204,1.679,4.83648,18.2969,6.72367,63.7008,63.7008,1.0,1.0,1
8802,30.05.2024 10:44:52.570000,470.407,452.444,7.59555,7.192,7.011,57.9486,4.05929,4.02306,9.40958,13.5782,700.08,703.385,1.91322,1.3475,4.78165,17.9187,6.72492,61.9358,61.9358,1.0,1.0,1
8803,30.05.2024 10:44:52.580000,467.853,452.444,7.59555,7.257,7.011,59.2544,4.05929,4.02306,9.40958,13.5782,700.025,703.315,1.83535,1.06164,5.05566,17.4991,6.72492,61.9358,61.9358,1.0,1.0,1
8804,30.05.2024 10:44:52.590000,467.853,450.055,7.40646,7.257,7.185,59.2544,4.03029,3.99556,9.61306,10.8573,700.01,703.29,1.89538,0.594884,5.86808,17.5619,6.72635,61.9358,61.9358,1.0,1.0,1
8805,30.05.2024 10:44:52.600000,496.527,450.055,7.21267,7.347,7.185,60.519,4.03029,3.99556,9.61306,10.8573,699.975,703.285,2.16487,0.433297,6.71365,17.6769,6.72711,60.3733,60.3733,1.0,1.0,1
8806,30.05.2024 10:44:52.610000,496.527,450.055,7.21267,7.347,7.185,60.519,4.03029,3.99556,9.61306,10.8573,699.975,703.285,2.16487,0.433297,6.71365,17.6769,6.72711,60.3733,60.3733,1.0,1.0,1
8807,30.05.2024 10:44:52.620000,496.527,449.808,7.21267,7.347,7.162,61.7066,4.02912,3.98233,9.71675,10.911,699.93,703.25,2.7337,0.760205,7.86145,16.9039,6.72711,59.4184,59.4184,1.0,1.0,1
8808,30.05.2024 10:44:52.630000,484.415,453.351,7.09108,7.33,7.159,62.9003,4.04903,3.96092,8.57391,9.79294,699.79,703.105,3.60133,1.07862,8.21547,15.8814,6.72793,58.6661,58.6661,1.0,1.0,1
8809,30.05.2024 10:44:52.640000,484.415,453.351,7.09108,7.33,7.159,62.9003,4.04903,3.96092,8.57391,9.79294,699.79,703.105,3.60133,1.07862,8.21547,15.8814,6.72793,58.6661,58.6661,1.0,1.0,1
8810,30.05.2024 10:44:52.650000,484.415,457.388,7.09108,7.33,7.045,63.8971,4.08103,3.96798,11.7605,7.85846,699.74,703.075,3.8788,0.931542,7.93209,15.8896,6.72864,58.6661,58.6661,1.0,1.0,1
8811,30.05.2024 10:44:52.660000,481.366,452.609,7.00205,7.373,6.96,64.8839,4.10759,3.99811,12.27,9.47447,699.65,702.94,3.90657,0.985682,6.43046,15.6308,6.72895,57.8559,57.8559,1.0,1.0,1
8812,30.05.2024 10:44:52.670000,484.415,457.388,7.09108,7.33,7.045,63.8971,4.08103,3.96798,11.7605,7.85846,699.74,703.075,3.8788,0.931542,7.93209,15.8896,6.72864,57.8559,57.8559,1.0,1.0,1
8813,30.05.2024 10:44:52.680000,471.973,459.366,6.81643,7.382,6.821,65.819,4.08103,3.96798,11.7605,7.85846,699.57,702.85,4.79271,0.960175,5.7254,15.2677,6.73106,57.8559,57.8559,1.0,1.0,1
8814,30.05.2024 10:44:52.690000,471.973,460.766,6.81643,7.382,6.825,66.6964,4.16247,4.06265,14.8717,13.3238,699.53,702.81,5.22388,0.602643,5.4842,15.4024,6.73106,57.8559,57.8559,1.0,1.0,1
8815,30.05.2024 10:44:52.700000,489.358,460.437,6.71386,7.335,6.734,66.6964,4.15803,4.07016,14.6495,16.8894,699.515,702.765,5.31508,0.404114,5.49892,15.3164,6.73179,57.8559,57.8559,1.0,1.0,1
8816,30.05.2024 10:44:52.710000,489.358,460.437,6.71386,7.335,6.734,66.6964,4.15803,4.07016,14.6495,16.8894,699.515,702.765,5.31508,0.404114,5.49892,15.3164,6.73179,57.8559,57.8559,1.0,1.0,1
8817,30.05.2024 10:44:52.720000,476.834,460.437,6.71386,7.326,6.734,68.1016,4.15803,4.07016,14.6495,16.8894,699.42,702.7,5.22851,0.578175,5.42153,15.107,6.73179,57.4942,57.4942,1.0,1.0,1
8818,30.05.2024 10:44:52.730000,485.238,452.444,6.68339,7.396,6.53,68.1016,4.11945,4.05463,13.3005,14.9789,699.4,702.585,5.58313,1.09016,6.3633,14.9295,6.7332,57.4942,57.4942,1.0,1.0,1
8819,30.05.2024 10:44:52.740000,469.665,452.444,6.68339,7.415,6.53,68.7078,4.11945,4.05463,13.3005,14.9789,699.36,702.505,5.96912,0.861476,6.72909,14.9361,6.7332,57.6823,57.6823,1.0,1.0,1
8820,30.05.2024 10:44:52.750000,469.665,445.441,6.64018,7.415,6.513,68.7078,4.1089,4.02787,13.6816,13.7482,699.31,702.485,6.62403,0.880822,6.889,14.9208,6.73331,57.6823,57.6823,1.0,1.0,1
8821,30.05.2024 10:44:52.760000,479.883,445.441,6.62216,7.368,6.513,69.2967,4.1089,4.02787,13.6816,13.7482,699.235,702.45,6.60251,1.10814,6.95573,14.7208,6.73313,57.6823,57.6823,1.0,1.0,1
8822,30.05.2024 10:44:52.770000,479.883,449.643,6.62216,7.368,6.525,69.8111,4.09127,4.01648,12.3471,12.1101,699.16,702.41,5.99112,1.65228,6.71714,14.6071,6.73313,57.6823,57.6823,1.0,1.0,1
8823,30.05.2024 10:44:52.780000,474.856,453.351,6.5557,7.363,6.466,69.8111,4.10523,3.99615,11.4728,10.9231,699.1,702.315,5.18104,1.77198,6.42997,14.3505,6.73306,57.5665,57.5665,1.0,1.0,1
8824,30.05.2024 10:44:52.790000,474.609,453.351,6.5557,7.406,6.466,70.174,4.10523,3.99615,11.4728,10.9231,699.065,702.22,4.74503,1.39492,6.057,14.022,6.73306,57.5665,57.5665,1.0,1.0,1
8825,30.05.2024 10:44:52.800000,474.609,434.234,6.62096,7.406,6.458,70.5361,4.09701,4.00487,12.5154,9.7781,699.07,702.205,4.84428,0.918831,5.78734,13.8375,6.7327,57.5665,57.5665,1.0,1.0,1
8826,30.05.2024 10:44:52.810000,478.564,403.418,6.65079,7.408,6.431,70.5361,4.1123,4.01829,11.0273,12.0076,699.085,702.16,5.18118,1.41461,5.23611,13.8048,6.73219,57.7691,57.7691,1.0,1.0,1
8827,30.05.2024 10:44:52.820000,473.044,403.418,6.65079,7.371,6.431,70.7667,4.1123,4.01829,11.0273,12.0076,699.095,702.04,5.94874,1.69875,5.01163,13.6253,6.73219,57.921,57.921,1.0,1.0,1
8828,30.05.2024 10:44:52.830000,473.044,403.418,6.65079,7.371,6.431,70.7667,4.1123,4.01829,11.0273,12.0076,699.095,702.04,5.94874,1.69875,5.01163,13.6253,6.73219,57.921,57.921,1.0,1.0,1
8829,30.05.2024 10:44:52.840000,473.044,407.291,6.62165,7.371,6.428,70.7667,4.12646,4.05119,12.8862,12.8348,699.07,702.04,6.84239,1.38789,4.69829,13.4145,6.73132,57.9861,57.9861,1.0,1.0,1
8830,30.05.2024 10:44:52.850000,476.999,404.489,6.63353,7.351,6.473,71.3508,4.14047,4.08638,12.7782,15.9712,699.005,702.005,7.91649,2.32032,4.07157,13.1059,6.73032,57.9861,57.9861,1.0,1.0,1
8831,30.05.2024 10:44:52.860000,475.268,390.152,6.65673,7.401,6.485,71.3508,4.15513,4.11442,13.8271,17.1056,698.93,701.96,7.85691,2.61801,3.97257,13.0919,6.72945,57.1325,57.1325,1.0,1.0,1
8832,30.05.2024 10:44:52.870000,475.68,390.152,6.65673,7.394,6.485,71.4256,4.15513,4.11442,13.8271,17.1056,698.84,701.88,7.3666,2.84694,3.89661,13.0332,6.72945,56.6768,56.6768,1.0,1.0,1
8833,30.05.2024 10:44:52.880000,475.68,390.152,6.65673,7.394,6.485,71.4256,4.15513,4.11442,13.8271,17.1056,698.84,701.88,7.3666,2.84694,3.89661,13.0332,6.72945,56.6768,56.6768,1.0,1.0,1
8834,30.05.2024 10:44:52.890000,475.68,371.283,6.69489,7.394,6.506,71.5566,4.16493,4.13781,14.8277,19.4359,698.8,701.85,6.83397,2.99718,3.90975,12.8603,6.72834,56.6623,56.6623,1.0,1.0,1
8835,30.05.2024 10:44:52.900000,475.68,371.283,6.69489,7.394,6.506,71.5566,4.16493,4.13781,14.8277,19.4359,698.8,701.85,6.83397,2.99718,3.90975,12.8603,6.72834,56.6623,56.6623,1.0,1.0,1
8836,30.05.2024 10:44:52.910000,478.564,389.575,6.68259,7.27,6.482,71.7448,4.18564,4.14249,14.9468,22.1521,698.77,701.75,6.33043,3.55769,4.04031,12.6244,6.72692,56.6045,56.6045,1.0,1.0,1
8837,30.05.2024 10:44:52.920000,478.564,389.575,6.68259,7.27,6.482,71.7448,4.18564,4.14249,14.9468,22.1521,698.77,701.75,6.33043,3.55769,4.04031,12.6244,6.72692,56.6045,56.6045,1.0,1.0,1
8838,30.05.2024 10:44:52.930000,473.785,395.508,6.81577,7.286,6.499,72.0786,4.19206,4.14952,15.4815,20.6202,698.64,701.71,6.39938,3.70209,3.91333,12.4289,6.72473,56.6696,56.6696,1.0,1.0,1
8839,30.05.2024 10:44:52.940000,473.785,395.508,6.81577,7.286,6.499,72.0786,4.19206,4.14952,15.4815,20.6202,698.64,701.71,6.39938,3.70209,3.91333,12.4289,6.72473,56.6696,56.6696,1.0,1.0,1
8840,30.05.2024 10:44:52.950000,476.916,376.803,6.82258,7.287,6.561,72.3985,4.19448,4.14031,16.2846,20.8896,698.52,701.605,5.1679,3.76445,3.72415,12.1148,6.7235,56.6696,56.6696,1.0,1.0,1
8841,30.05.2024 10:44:52.960000,478.4,382.406,6.84642,7.232,6.623,72.8234,4.19341,4.14033,15.2964,20.3486,698.48,701.56,4.35138,3.81694,3.45299,12.1122,6.7226,56.6696,56.6696,1.0,1.0,1
8842,30.05.2024 10:44:52.970000,478.4,382.406,6.84642,7.232,6.623,72.8234,4.19341,4.14033,15.2964,20.3486,698.48,701.56,4.35138,3.81694,3.45299,12.1122,6.7226,56.6696,56.6696,1.0,1.0,1
8843,30.05.2024 10:44:52.980000,482.931,396.332,6.86269,7.168,6.63,72.8234,4.19014,4.13953,15.2442,19.3644,698.475,701.535,4.59168,3.74325,3.4199,12.0817,6.72201,55.9606,55.9606,1.0,1.0,1
8844,30.05.2024 10:44:52.990000,478.894,391.305,6.94547,7.2,6.65,72.9428,4.17574,4.13958,15.422,18.9996,698.43,701.405,4.40286,3.98463,3.31905,11.8039,6.72056,55.9606,55.9606,1.0,1.0,1
8845,30.05.2024 10:44:53.000000,481.201,391.305,6.95568,7.203,6.65,73.0331,4.17574,4.13958,15.422,18.9996,698.395,701.385,5.2044,3.70858,3.27208,11.6052,6.7193,55.9606,55.9606,1.0,1.0,1
8846,30.05.2024 10:44:53.010000,481.201,376.474,6.95568,7.203,6.662,73.147,4.14812,4.12978,13.1705,18.3601,698.375,701.37,5.73191,3.17261,3.23079,10.5731,6.7193,55.9606,55.9606,1.0,1.0,1
8847,30.05.2024 10:44:53.020000,478.07,373.672,6.90289,7.132,6.713,73.147,4.1543,4.11734,12.0206,16.7831,698.36,701.375,6.02997,3.48706,3.22008,10.2848,6.71896,55.8087,55.8087,1.0,1.0,1
8848,30.05.2024 10:44:53.030000,480.295,373.672,6.91565,7.086,6.713,73.3966,4.1543,4.11734,12.0206,16.7831,698.27,701.36,6.13564,3.95863,3.41672,10.2428,6.71896,55.8087,55.8087,1.0,1.0,1
8849,30.05.2024 10:44:53.040000,480.295,399.875,6.91565,7.086,6.706,73.3966,4.15827,4.10801,12.5184,15.82,698.205,701.325,6.47152,4.15775,3.51979,10.4236,6.71842,55.8087,55.8087,1.0,1.0,1
8850,30.05.2024 10:44:53.050000,473.126,390.481,6.90078,7.102,6.776,73.3966,4.17811,4.09773,13.2674,16.1019,698.155,701.3,5.79,5.06726,3.46632,10.7784,6.7182,55.4543,55.4543,1.0,1.0,1
8851,30.05.2024 10:44:53.060000,467.523,390.481,6.90078,7.097,6.776,73.5165,4.17811,4.09773,13.2674,16.1019,698.055,701.27,5.50669,4.8358,3.55359,10.7202,6.7182,55.3458,55.3458,1.0,1.0,1
8852,30.05.2024 10:44:53.070000,467.523,357.11,6.92819,7.097,6.734,73.5165,4.17044,4.08777,13.7501,12.8918,698.005,701.26,4.98677,4.9311,3.47361,10.6191,6.71787,55.3458,55.3458,1.0,1.0,1
8853,30.05.2024 10:44:53.080000,478.152,357.11,6.97661,7.045,6.734,73.5553,4.17044,4.08777,13.7501,12.8918,698.01,701.245,4.74026,5.06071,3.34505,10.4032,6.71784,55.3458,55.3458,1.0,1.0,1
8854,30.05.2024 10:44:53.090000,478.152,366.669,6.97661,7.045,6.735,73.5991,4.17023,4.08215,13.6477,12.4758,698.0,701.225,4.01904,5.30392,3.24735,10.6829,6.71784,55.3458,55.3458,1.0,1.0,1
8855,30.05.2024 10:44:53.100000,463.568,364.773,6.92622,7.034,6.737,73.5991,4.1608,4.07691,13.4463,12.6623,697.99,701.19,4.21054,5.44303,3.28906,10.7772,6.71792,55.0637,55.0637,1.0,1.0,1
8856,30.05.2024 10:44:53.110000,464.31,364.773,6.88226,7.05,6.737,73.6096,4.1608,4.07691,13.4463,12.6623,697.955,701.155,4.88691,5.3047,3.16709,10.6434,6.71792,55.23,55.23,1.0,1.0,1
8857,30.05.2024 10:44:53.120000,464.31,357.275,6.88226,7.05,6.764,73.665,4.1534,4.07618,12.4141,10.7071,697.925,701.155,5.18979,5.34765,3.06666,10.7258,6.71802,55.23,55.23,1.0,1.0,1
8858,30.05.2024 10:44:53.130000,453.515,338.901,6.88197,7.047,6.786,73.665,4.1549,4.07656,12.7901,11.3708,697.885,701.14,5.16666,5.62853,3.02568,10.8469,6.71812,54.8973,54.8973,1.0,1.0,1
8859,30.05.2024 10:44:53.140000,447.336,338.901,6.88197,6.966,6.786,73.7937,4.1549,4.07656,12.7901,11.3708,697.78,701.095,4.97123,5.51072,3.1383,10.812,6.71812,54.8467,54.8467,1.0,1.0,1
8860,30.05.2024 10:44:53.150000,447.336,336.511,6.92383,6.966,6.722,73.7937,4.13458,4.07866,11.9184,11.7216,697.725,701.08,4.88967,5.66329,3.1972,10.8402,6.71857,54.8467,54.8467,1.0,1.0,1
8861,30.05.2024 10:44:53.160000,450.714,336.511,6.89469,6.979,6.722,73.7888,4.13458,4.07866,11.9184,11.7216,697.7,701.06,4.84381,5.76158,3.10203,10.7596,6.71898,54.89,54.89,1.0,1.0,1
8862,30.05.2024 10:44:53.170000,450.714,333.545,6.89469,6.979,6.733,73.8087,4.13844,4.08508,10.5964,11.0475,697.665,701.025,4.41424,5.52979,3.64687,10.6992,6.71898,54.89,54.89,1.0,1.0,1
8863,30.05.2024 10:44:53.180000,449.396,308.249,6.87989,7.004,6.702,73.8087,4.14103,4.0888,12.4371,12.0769,697.64,700.98,4.63355,5.26827,4.20962,10.4475,6.71931,54.5573,54.5573,1.0,1.0,1
8864,30.05.2024 10:44:53.190000,450.549,308.249,6.87989,7.01,6.702,73.8062,4.14103,4.0888,12.4371,12.0769,697.595,700.94,4.46938,4.97469,4.6494,10.358,6.71931,54.1594,54.1594,1.0,1.0,1
8865,30.05.2024 10:44:53.200000,450.549,288.144,6.83329,7.01,6.711,73.7828,4.16075,4.10684,11.4346,13.1526,697.565,700.935,4.53524,4.65983,5.01527,10.4464,6.71974,54.1594,54.1594,1.0,1.0,1
8866,30.05.2024 10:44:53.210000,455.658,284.436,6.86057,6.96,6.643,73.7828,4.16357,4.11232,12.9237,14.1911,697.55,700.945,4.87104,4.49452,5.28051,10.8617,6.7203,54.1667,54.1667,1.0,1.0,1
8867,30.05.2024 10:44:53.220000,450.714,284.436,6.86057,6.947,6.643,73.7974,4.16357,4.11232,12.9237,14.1911,697.55,700.95,5.30631,5.12788,5.40181,10.8098,6.7203,53.7182,53.7182,1.0,1.0,1
8868,30.05.2024 10:44:53.230000,450.714,284.436,6.86057,6.947,6.643,73.7974,4.16357,4.11232,12.9237,14.1911,697.55,700.95,5.30631,5.12788,5.40181,10.8098,6.7203,53.7182,53.7182,1.0,1.0,1
8869,30.05.2024 10:44:53.240000,450.714,296.466,6.84901,6.947,6.639,73.7974,4.15825,4.10749,12.2359,12.7815,697.61,700.94,5.86625,5.262,5.61361,10.7061,6.72064,54.116,54.116,1.0,1.0,1
8870,30.05.2024 10:44:53.250000,450.055,263.589,6.82632,6.932,6.637,73.7577,4.14247,4.10325,11.8613,12.116,697.595,700.94,8.76219,6.37712,7.07233,9.15942,6.72125,54.116,54.116,1.0,1.0,1
8871,30.05.2024 10:44:53.260000,449.148,247.192,6.81547,6.946,6.605,73.7577,4.13712,4.08591,12.2522,14.0739,697.535,700.92,9.23501,6.61559,7.66112,9.24615,6.72141,54.116,54.116,1.0,1.0,1
8872,30.05.2024 10:44:53.270000,449.148,247.192,6.81547,6.946,6.605,73.7577,4.13712,4.08591,12.2522,14.0739,697.535,700.92,9.23501,6.61559,7.66112,9.24615,6.72141,54.116,54.116,1.0,1.0,1
8873,30.05.2024 10:44:53.280000,446.264,247.192,6.80993,6.912,6.605,73.8184,4.13712,4.08591,12.2522,14.0739,697.37,700.89,9.14469,6.81227,7.83966,9.46214,6.72141,54.3981,54.3981,1.0,1.0,1
8874,30.05.2024 10:44:53.290000,446.264,247.192,6.80993,6.912,6.605,73.8184,4.13712,4.08591,12.2522,14.0739,697.37,700.89,9.14469,6.81227,7.83966,9.46214,6.72141,54.3981,54.3981,1.0,1.0,1
8875,30.05.2024 10:44:53.300000,443.216,235.986,6.81674,6.845,6.603,73.7948,4.14198,4.07634,12.0813,10.5622,697.23,700.83,6.79201,6.88245,6.91797,10.2831,6.72255,54.8322,54.8322,1.0,1.0,1
8876,30.05.2024 10:44:53.310000,443.216,235.986,6.81674,6.845,6.603,73.7948,4.14198,4.07634,12.0813,10.5622,697.23,700.83,6.79201,6.88245,6.91797,10.2831,6.72255,54.8322,54.8322,1.0,1.0,1
8877,30.05.2024 10:44:53.320000,439.59,241.012,6.82794,6.857,6.584,73.7948,4.14675,4.077,11.54,11.8135,697.245,700.805,5.33397,6.30259,6.2787,10.4627,6.72345,54.8394,54.8394,1.0,1.0,1
8878,30.05.2024 10:44:53.330000,425.5,216.788,6.82453,6.85,6.597,73.8026,4.14465,4.07864,12.3006,10.6189,697.28,700.795,6.46436,6.94605,5.70916,11.1083,6.72373,54.8394,54.8394,1.0,1.0,1
8879,30.05.2024 10:44:53.340000,425.5,216.788,6.82453,6.85,6.597,73.8026,4.14465,4.07864,12.3006,10.6189,697.28,700.795,6.46436,6.94605,5.70916,11.1083,6.72373,54.8394,54.8394,1.0,1.0,1
8880,30.05.2024 10:44:53.350000,418.744,211.761,6.83,6.815,6.609,73.8026,4.15657,4.08182,12.307,10.4085,697.29,700.8,7.06444,7.17089,5.78721,11.433,6.72406,54.9841,54.9841,1.0,1.0,1
8881,30.05.2024 10:44:53.360000,418.744,211.761,6.83,6.815,6.609,73.8026,4.15657,4.08182,12.307,10.4085,697.29,700.8,7.06444,7.17089,5.78721,11.433,6.72406,54.9841,54.9841,1.0,1.0,1
8882,30.05.2024 10:44:53.370000,405.972,212.75,6.84636,6.761,6.628,73.8348,4.15235,4.0878,12.8023,12.2262,697.185,700.68,7.74281,6.85064,6.2652,11.7333,6.72399,55.7219,55.7219,1.0,1.0,1
8883,30.05.2024 10:44:53.380000,405.972,212.75,6.84636,6.761,6.628,73.8348,4.15235,4.0878,12.8023,12.2262,697.185,700.68,7.74281,6.85064,6.2652,11.7333,6.72399,55.7219,55.7219,1.0,1.0,1
8884,30.05.2024 10:44:53.390000,374.661,202.862,6.83263,6.762,6.63,73.7973,4.14326,4.08701,12.1131,11.896,697.06,700.61,7.06218,5.97188,6.36863,10.8842,6.72365,55.23,55.23,1.0,1.0,1
8885,30.05.2024 10:44:53.400000,370.129,183.581,6.83516,6.784,6.655,73.8277,4.12399,4.08955,11.393,10.3394,697.045,700.565,6.34221,4.86645,6.34086,9.81603,6.72384,55.6641,55.6641,1.0,1.0,1
8886,30.05.2024 10:44:53.410000,370.129,183.581,6.83516,6.784,6.655,73.8277,4.12399,4.08955,11.393,10.3394,697.045,700.565,6.34221,4.86645,6.34086,9.81603,6.72384,55.6641,55.6641,1.0,1.0,1
8887,30.05.2024 10:44:53.420000,370.129,157.544,6.83516,6.784,6.634,73.8173,4.11619,4.08908,10.6747,11.1999,697.045,700.55,6.56316,4.87445,6.12555,9.89405,6.72384,55.6641,55.6641,1.0,1.0,1
8888,30.05.2024 10:44:53.430000,346.316,137.274,6.82472,6.703,6.666,73.8315,4.1236,4.08627,10.0278,11.57,697.035,700.565,7.08902,4.6471,5.87269,9.88215,6.72371,55.6641,55.6641,1.0,1.0,1
8889,30.05.2024 10:44:53.440000,346.316,134.39,6.82472,6.703,6.628,73.8575,4.13955,4.08798,11.2776,10.4456,697.015,700.55,7.34574,5.08072,5.74886,9.77068,6.72368,55.6641,55.6641,1.0,1.0,1
8890,30.05.2024 10:44:53.450000,346.069,119.476,6.83603,6.71,6.613,73.8575,4.14975,4.08649,11.5074,10.252,697.0,700.525,7.28495,5.13378,5.85561,9.93959,6.72376,55.9462,55.9462,1.0,1.0,1
8891,30.05.2024 10:44:53.460000,338.159,119.476,6.83603,6.717,6.613,73.857,4.14975,4.08649,11.5074,10.252,697.005,700.445,7.61169,4.97081,6.14484,10.0981,6.72376,55.693,55.693,1.0,1.0,1
8892,30.05.2024 10:44:53.470000,338.159,119.476,6.83603,6.717,6.613,73.857,4.14975,4.08649,11.5074,10.252,697.005,700.445,7.61169,4.97081,6.14484,10.0981,6.72376,55.693,55.693,1.0,1.0,1
8893,30.05.2024 10:44:53.480000,338.159,112.061,6.82995,6.717,6.624,73.857,4.15084,4.08698,11.9306,10.7071,696.995,700.42,7.77853,4.49173,6.45839,10.4345,6.72389,55.693,55.693,1.0,1.0,1
8894,30.05.2024 10:44:53.490000,322.256,83.7982,6.83803,6.734,6.606,73.6704,4.14765,4.08651,11.0002,10.3124,696.935,700.395,8.70965,3.73216,7.19201,11.2157,6.72375,55.693,55.693,1.0,1.0,1
8895,30.05.2024 10:44:53.500000,317.065,73.4985,6.81555,6.703,6.599,73.6704,4.14583,4.08752,10.6732,9.55223,696.89,700.375,8.42149,3.79233,7.22173,11.2038,6.7239,55.3892,55.3892,1.0,1.0,1
8896,30.05.2024 10:44:53.510000,317.065,73.4985,6.81555,6.703,6.599,73.6704,4.14583,4.08752,10.6732,9.55223,696.89,700.375,8.42149,3.79233,7.22173,11.2038,6.7239,55.3892,55.3892,1.0,1.0,1
8897,30.05.2024 10:44:53.520000,309.979,73.4985,6.81555,6.719,6.599,73.6973,4.14583,4.08752,10.6732,9.55223,696.89,700.34,8.30471,4.06006,7.16166,11.248,6.7239,55.6279,55.6279,1.0,1.0,1
8898,30.05.2024 10:44:53.530000,296.136,0.411987,6.8213,6.73,6.612,73.7288,4.14453,4.08763,10.3966,10.3961,696.9,700.34,8.52189,3.91154,7.15445,11.5519,6.72397,55.693,55.693,0.0,1.0,1
8899,30.05.2024 10:44:53.540000,296.136,0.411987,6.8213,6.73,6.612,73.7288,4.14453,4.08763,10.3966,10.3961,696.9,700.34,8.52189,3.91154,7.15445,11.5519,6.72397,55.693,55.693,0.0,1.0,1
8900,30.05.2024 10:44:53.550000,282.953,0.411987,6.8213,6.675,6.612,73.7307,4.14453,4.08763,10.3966,10.3961,696.92,700.315,8.90075,4.54903,7.12163,11.9374,6.72397,55.4977,55.4977,0.0,1.0,1
8901,30.05.2024 10:44:53.560000,282.953,0.411987,6.8213,6.675,6.612,73.7307,4.14453,4.08763,10.3966,10.3961,696.92,700.315,8.90075,4.54903,7.12163,11.9374,6.72397,55.4977,55.4977,0.0,1.0,1
8902,30.05.2024 10:44:53.570000,268.204,-27.2736,6.83082,6.674,6.615,73.7531,4.14257,4.087,9.99076,10.1783,696.88,700.245,10.2616,4.38166,7.20564,12.9002,6.72399,55.3964,55.3964,0.0,1.0,1
8903,30.05.2024 10:44:53.580000,268.204,-27.2736,6.83082,6.674,6.615,73.7531,4.14257,4.087,9.99076,10.1783,696.88,700.245,10.2616,4.38166,7.20564,12.9002,6.72399,55.3964,55.3964,0.0,1.0,1
8904,30.05.2024 10:44:53.590000,256.174,-75.8056,6.81659,6.641,6.606,73.7177,4.14063,4.08718,10.6914,10.9218,696.76,700.145,9.8922,3.81522,7.29891,12.8578,6.72397,55.3964,55.3964,0.0,1.0,1
8905,30.05.2024 10:44:53.600000,256.174,-75.8056,6.81659,6.641,6.606,73.7177,4.14063,4.08718,10.6914,10.9218,696.76,700.145,9.8922,3.81522,7.29891,12.8578,6.72397,55.3964,55.3964,0.0,1.0,1
8906,30.05.2024 10:44:53.610000,242.99,-67.9779,6.82474,6.56,6.598,73.7159,4.13965,4.08886,9.87579,10.6827,696.785,700.1,8.4877,3.0896,7.13207,12.0114,6.72404,55.1866,55.1866,0.0,1.0,1
8907,30.05.2024 10:44:53.620000,242.99,-67.9779,6.82474,6.56,6.598,73.7159,4.13965,4.08886,9.87579,10.6827,696.785,700.1,8.4877,3.0896,7.13207,12.0114,6.72404,55.1866,55.1866,0.0,1.0,1
8908,30.05.2024 10:44:53.630000,219.26,-43.9178,6.81145,6.448,6.591,73.7235,4.13234,4.08648,10.7633,11.0498,696.835,700.085,9.27379,3.22009,7.06601,12.037,6.72356,55.2083,55.2083,0.0,1.0,1
8909,30.05.2024 10:44:53.640000,219.26,-43.9178,6.81145,6.448,6.591,73.7235,4.13234,4.08648,10.7633,11.0498,696.835,700.085,9.27379,3.22009,7.06601,12.037,6.72356,55.2083,55.2083,0.0,1.0,1
8910,30.05.2024 10:44:53.650000,209.207,-24.5544,6.84793,6.465,6.583,73.7681,4.12048,4.08595,10.151,11.6674,696.72,700.025,9.76265,3.51538,6.50348,12.0334,6.72429,55.2083,55.2083,0.0,1.0,1
8911,30.05.2024 10:44:53.660000,189.432,-54.7119,6.85953,6.396,6.612,73.724,4.09721,4.08566,8.45213,10.3564,696.66,699.93,8.47196,3.31291,5.77648,11.5498,6.72452,54.8539,54.8539,0.0,1.0,1
8912,30.05.2024 10:44:53.670000,173.199,-54.7119,6.85953,6.357,6.612,73.6455,4.09721,4.08566,8.45213,10.3564,696.67,699.905,8.00886,3.17348,5.58139,11.3709,6.72452,54.8828,54.8828,0.0,1.0,1
8913,30.05.2024 10:44:53.680000,173.199,-58.3374,6.88984,6.357,6.611,73.6455,4.10303,4.08545,8.46917,10.3138,696.695,699.865,7.73922,2.92239,5.43353,11.3597,6.72461,54.8828,54.8828,0.0,1.0,1
8914,30.05.2024 10:44:53.690000,173.199,-58.3374,6.88984,6.357,6.611,73.6455,4.10303,4.08545,8.46917,10.3138,696.695,699.865,7.73922,2.92239,5.43353,11.3597,6.72461,54.8828,54.8828,0.0,1.0,1
8915,30.05.2024 10:44:53.700000,164.795,-41.3635,6.85941,6.299,6.6,73.6455,4.1043,4.08498,7.8008,10.8755,696.745,699.845,7.91535,2.03425,5.5665,11.6043,6.725,54.4633,54.4633,0.0,1.0,1
8916,30.05.2024 10:44:53.710000,164.795,-41.3635,6.85941,6.299,6.6,73.6455,4.1043,4.08498,7.8008,10.8755,696.745,699.845,7.91535,2.03425,5.5665,11.6043,6.725,54.4633,54.4633,0.0,1.0,1
8917,30.05.2024 10:44:53.720000,156.967,-102.09,6.86712,6.361,6.594,73.6757,4.1038,4.08563,8.05603,10.378,696.725,699.78,9.19252,2.33082,5.79359,12.0985,6.72501,54.4633,54.4633,0.0,1.0,1
8918,30.05.2024 10:44:53.730000,156.967,-102.09,6.86712,6.361,6.594,73.6757,4.1038,4.08563,8.05603,10.378,696.725,699.78,9.19252,2.33082,5.79359,12.0985,6.72501,54.4633,54.4633,0.0,1.0,1
8919,30.05.2024 10:44:53.740000,148.975,-172.128,6.87968,6.61,6.585,73.9179,4.10299,4.08268,8.12469,9.57663,696.685,699.72,9.61765,2.19403,5.73616,12.709,6.72446,54.456,54.456,0.0,1.0,1
8920,30.05.2024 10:44:53.750000,112.637,-285.178,6.88606,6.679,6.637,73.8825,4.09679,4.08358,7.95428,8.83603,696.7,699.625,9.09375,1.85799,5.89136,12.7541,6.72471,54.0292,54.0292,0.0,1.0,1
8921,30.05.2024 10:44:53.760000,112.637,-340.466,6.83342,6.679,6.684,73.8526,4.10134,4.08047,8.25366,9.58917,696.705,699.61,9.30688,1.9326,5.91832,12.4839,6.72483,54.0292,54.0292,0.0,1.0,1
8922,30.05.2024 10:44:53.770000,107.199,-327.035,6.85071,6.613,6.672,73.8526,4.09613,4.07548,8.43502,9.04805,696.72,699.59,9.79848,1.82585,6.18472,12.3406,6.72522,54.0292,54.0292,0.0,1.0,1
8923,30.05.2024 10:44:53.780000,104.81,-327.035,6.85071,6.569,6.672,73.8103,4.09613,4.07548,8.43502,9.04805,696.695,699.545,10.2849,1.9491,6.3384,12.4545,6.72522,54.0148,54.0148,0.0,1.0,1
8924,30.05.2024 10:44:53.790000,104.81,-327.035,6.85071,6.569,6.672,73.8103,4.09613,4.07548,8.43502,9.04805,696.695,699.545,10.2849,1.9491,6.3384,12.4545,6.72522,54.0148,54.0148,0.0,1.0,1
8925,30.05.2024 10:44:53.800000,104.81,-335.934,6.83775,6.569,6.674,73.8103,4.10496,4.07626,7.57165,8.17122,696.675,699.495,10.3681,1.83846,6.42474,12.5884,6.72508,53.6241,53.6241,0.0,1.0,1
8926,30.05.2024 10:44:53.810000,102.75,-382.818,6.83909,6.737,6.634,73.7843,4.10626,4.07706,8.79434,8.63584,696.65,699.405,10.0537,1.27317,6.41635,13.3723,6.72506,53.6241,53.6241,0.0,1.0,1
8927,30.05.2024 10:44:53.820000,97.5586,-407.373,6.80978,6.798,6.63,73.7843,4.12028,4.07865,8.52541,9.12338,696.655,699.385,9.95028,1.09454,6.24665,13.3245,6.72537,53.6097,53.6097,0.0,1.0,1
8928,30.05.2024 10:44:53.830000,77.124,-407.373,6.80978,6.653,6.63,73.8296,4.12028,4.07865,8.52541,9.12338,696.645,699.375,9.81291,0.85064,6.05555,13.4075,6.72537,53.6097,53.6097,0.0,1.0,1
8929,30.05.2024 10:44:53.840000,77.124,-412.317,6.79299,6.653,6.644,73.8351,4.11788,4.08104,8.79962,8.71288,696.645,699.335,10.0988,1.41292,5.76319,13.5963,6.72554,53.6097,53.6097,0.0,1.0,1
8930,30.05.2024 10:44:53.850000,64.9292,-396.496,6.79758,6.594,6.634,73.8351,4.11195,4.08204,8.69412,8.97934,696.65,699.32,9.86101,1.97448,5.63382,13.7917,6.72559,53.4722,53.4722,0.0,1.0,1
8931,30.05.2024 10:44:53.860000,57.1014,-396.496,6.79758,6.74,6.634,73.8229,4.11195,4.08204,8.69412,8.97934,696.655,699.25,9.87302,1.83732,5.51423,13.8298,6.72559,53.5229,53.5229,0.0,1.0,1
8932,30.05.2024 10:44:53.870000,57.1014,-426.324,6.80664,6.74,6.633,73.8229,4.10674,4.08113,8.79232,9.73148,696.62,699.215,9.7993,2.01051,5.34038,13.814,6.72574,53.5229,53.5229,0.0,1.0,1
8933,30.05.2024 10:44:53.880000,57.1014,-426.324,6.80664,6.74,6.633,73.8229,4.10674,4.08113,8.79232,9.73148,696.62,699.215,9.7993,2.01051,5.34038,13.814,6.72574,53.5229,53.5229,0.0,1.0,1
8934,30.05.2024 10:44:53.890000,46.8017,-426.324,6.82756,6.808,6.633,73.8412,4.10949,4.08272,8.46065,8.73136,696.625,699.18,9.75066,1.99452,5.28796,13.8965,6.72612,53.5229,53.5229,0.0,1.0,1
8935,30.05.2024 10:44:53.900000,52.9816,-414.294,6.80587,6.758,6.585,73.8202,4.1146,4.08516,8.53903,9.32833,696.59,699.07,9.05596,2.29588,4.53119,14.258,6.7265,53.1105,53.1105,0.0,1.0,1
8936,30.05.2024 10:44:53.910000,46.8017,-426.324,6.82756,6.808,6.633,73.8412,4.1146,4.08516,8.53903,9.32833,696.625,699.18,9.75066,1.99452,5.28796,13.8965,6.72612,53.5229,53.5229,0.0,1.0,1
8937,30.05.2024 10:44:53.920000,46.8017,-426.324,6.82756,6.808,6.633,73.8412,4.1146,4.08516,8.53903,9.32833,696.625,699.18,9.75066,1.99452,5.28796,13.8965,6.72612,53.5229,53.5229,0.0,1.0,1
8938,30.05.2024 10:44:53.930000,22.6593,-421.792,6.83992,6.629,6.624,73.8466,4.1128,4.08311,9.38753,8.89247,696.585,698.975,8.61144,2.25798,3.84692,14.55,6.72656,52.3582,52.3582,0.0,1.0,1
8939,30.05.2024 10:44:53.940000,-5.02624,-429.867,6.86691,6.79,6.638,73.815,4.11199,4.08322,8.80183,9.9865,696.64,698.965,8.56826,1.83601,3.31045,14.8959,6.72675,52.1701,52.1701,0.0,1.0,1
8940,30.05.2024 10:44:53.950000,-5.02624,-429.867,6.86691,6.79,6.638,73.815,4.11199,4.08322,8.80183,9.9865,696.64,698.965,8.56826,1.83601,3.31045,14.8959,6.72675,52.1701,52.1701,0.0,1.0,1
8941,30.05.2024 10:44:53.960000,-5.02624,-421.463,6.85086,6.79,6.623,73.815,4.11632,4.0837,9.44642,9.75638,696.66,698.945,8.76868,1.81368,3.25519,15.1946,6.72688,52.0182,52.0182,0.0,1.0,1
8942,30.05.2024 10:44:53.970000,-5.02624,-421.463,6.85086,6.79,6.623,73.815,4.11632,4.0837,9.44642,9.75638,696.66,698.945,8.76868,1.81368,3.25519,15.1946,6.72688,52.0182,52.0182,0.0,1.0,1
8943,30.05.2024 10:44:53.980000,4.03747,-410.339,6.83597,6.736,6.584,73.7744,4.1224,4.08328,9.98399,10.3468,696.64,698.865,9.42966,2.94803,3.3463,15.5105,6.72708,51.6204,51.6204,0.0,1.0,1
8944,30.05.2024 10:44:53.990000,4.03747,-410.339,6.83597,6.736,6.584,73.7744,4.1224,4.08328,9.98399,10.3468,696.64,698.865,9.42966,2.94803,3.3463,15.5105,6.72708,51.6204,51.6204,0.0,1.0,1
8945,30.05.2024 10:44:54.000000,-20.7642,-414.789,6.89403,6.635,6.584,73.7895,4.12186,4.08491,9.79188,10.1324,696.625,698.71,9.19724,2.47911,3.02458,15.6551,6.72739,51.3817,51.3817,0.0,1.0,1
8946,30.05.2024 10:44:54.010000,-57.1014,-424.264,6.85675,6.723,6.606,73.78,4.10771,4.08326,9.29415,10.3847,696.64,698.685,9.28188,1.45446,2.83889,16.046,6.72768,50.6583,50.6583,0.0,1.0,1
8947,30.05.2024 10:44:54.020000,-57.2662,-424.264,6.85675,6.702,6.606,73.8119,4.10771,4.08326,9.29415,10.3847,696.665,698.65,9.68568,1.96867,2.85965,16.1289,6.72768,50.094,50.094,0.0,1.0,1
8948,30.05.2024 10:44:54.030000,-57.2662,-417.837,6.90343,6.702,6.608,73.8119,4.10266,4.08323,8.71314,9.72642,696.665,698.64,9.78882,2.10449,2.9092,16.2225,6.7279,50.094,50.094,0.0,1.0,1
8949,30.05.2024 10:44:54.040000,-57.2662,-417.837,6.90343,6.702,6.608,73.8119,4.10266,4.08323,8.71314,9.72642,696.665,698.64,9.78882,2.10449,2.9092,16.2225,6.7279,50.094,50.094,0.0,1.0,1
8950,30.05.2024 10:44:54.050000,-70.3674,-417.837,6.85267,6.648,6.608,73.8438,4.09543,4.08323,8.4926,9.18952,696.68,698.62,9.98189,2.12701,2.99024,16.2941,6.72823,50.094,50.094,0.0,1.0,1
8951,30.05.2024 10:44:54.060000,-70.3674,-417.837,6.85267,6.648,6.608,73.8438,4.09543,4.08323,8.4926,9.18952,696.68,698.62,9.98189,2.12701,2.99024,16.2941,6.72823,50.094,50.094,0.0,1.0,1
8952,30.05.2024 10:44:54.070000,-65.094,-418.249,6.88375,6.683,6.573,73.9081,4.09048,4.08323,8.08735,9.67511,696.685,698.51,10.5483,2.78075,3.43647,16.4392,6.72819,50.0796,50.0796,0.0,1.0,1
8953,30.05.2024 10:44:54.080000,-65.094,-418.249,6.88375,6.683,6.573,73.9081,4.09048,4.08323,8.08735,9.67511,696.685,698.51,10.5483,2.78075,3.43647,16.4392,6.72819,50.0796,50.0796,0.0,1.0,1
8954,30.05.2024 10:44:54.090000,-78.8543,-427.643,6.89558,6.725,6.593,73.886,4.08778,4.08195,7.41854,9.98534,696.665,698.455,10.3851,2.81033,3.7067,16.5341,6.72822,49.7468,49.7468,0.0,1.0,1
8955,30.05.2024 10:44:54.100000,-98.6297,-416.189,6.93177,6.691,6.588,73.8516,4.08658,4.08125,7.08055,9.04275,696.675,698.405,10.0387,2.59052,3.94599,16.5181,6.72803,49.2983,49.2983,0.0,1.0,1
8956,30.05.2024 10:44:54.110000,-98.6297,-419.156,6.87938,6.691,6.611,73.8516,4.08541,4.08153,7.7131,9.03946,696.675,698.38,9.71793,2.60805,3.95853,16.5994,6.72773,49.2983,49.2983,0.0,1.0,1
8957,30.05.2024 10:44:54.120000,-104.727,-419.156,6.85503,6.687,6.611,73.8497,4.08541,4.08153,7.7131,9.03946,696.655,698.36,9.46095,3.0679,3.48402,17.0323,6.72825,47.772,47.772,0.0,1.0,1
8958,30.05.2024 10:44:54.130000,-104.727,-418.332,6.85503,6.687,6.663,73.7921,4.08611,4.08306,6.71065,9.47475,696.65,698.315,9.24083,3.21155,3.26961,17.1103,6.72825,47.772,47.772,0.0,1.0,1
8959,30.05.2024 10:44:54.140000,-104.727,-418.332,6.85503,6.687,6.663,73.7921,4.08611,4.08306,6.71065,9.47475,696.65,698.315,9.24083,3.21155,3.26961,17.1103,6.72825,47.772,47.772,0.0,1.0,1
8960,30.05.2024 10:44:54.150000,-108.765,-419.568,6.84688,6.694,6.672,73.7921,4.08686,4.08153,7.28975,8.30776,696.645,698.305,8.75835,3.08513,3.04357,17.2402,6.72836,47.7575,47.7575,0.0,1.0,1
8961,30.05.2024 10:44:54.160000,-112.637,-416.519,6.86115,6.692,6.708,73.8046,4.0868,4.08204,7.70493,8.60006,696.705,698.195,9.02775,3.51158,2.13197,17.4685,6.72863,47.6562,47.6562,0.0,1.0,1
8962,30.05.2024 10:44:54.170000,-110.495,-411.658,6.85341,6.673,6.683,73.8046,4.08953,4.08184,7.44017,8.38145,696.71,698.16,9.4947,3.48503,2.00875,17.5727,6.72893,47.555,47.555,0.0,1.0,1
8963,30.05.2024 10:44:54.180000,-117.828,-411.658,6.85341,6.624,6.683,73.7855,4.08953,4.08184,7.44017,8.38145,696.695,698.115,9.39998,3.09876,1.95355,17.6351,6.72893,47.121,47.121,0.0,1.0,1
8964,30.05.2024 10:44:54.190000,-117.828,-419.568,6.85041,6.624,6.658,73.7855,4.08894,4.08111,7.08905,8.41642,696.7,698.105,9.37161,2.84999,1.90945,17.6466,6.72941,47.121,47.121,0.0,1.0,1
8965,30.05.2024 10:44:54.200000,-117.828,-419.568,6.85041,6.624,6.658,73.7855,4.08894,4.08111,7.08905,8.41642,696.7,698.105,9.37161,2.84999,1.90945,17.6466,6.72941,47.121,47.121,0.0,1.0,1
8966,30.05.2024 10:44:54.210000,-121.207,-419.568,6.85435,6.719,6.658,73.766,4.0879,4.08158,7.93827,8.49783,696.71,698.095,9.303,3.12388,1.84545,17.7656,6.7298,47.121,47.121,0.0,1.0,1
8967,30.05.2024 10:44:54.220000,-121.207,-419.568,6.85435,6.719,6.658,73.766,4.0879,4.08158,7.93827,8.49783,696.71,698.095,9.303,3.12388,1.84545,17.7656,6.7298,47.121,47.121,0.0,1.0,1
8968,30.05.2024 10:44:54.230000,-123.184,-412.564,6.85138,6.753,6.652,73.7414,4.09006,4.08306,7.94682,8.6939,696.705,698.045,9.03461,3.59972,1.89575,18.094,6.72996,46.2095,46.2095,0.0,1.0,1
8969,30.05.2024 10:44:54.240000,-142.548,-419.897,6.8328,6.73,6.653,73.705,4.09275,4.0813,7.85022,8.82845,696.7,697.985,8.88313,4.12243,1.89371,18.4171,6.73037,45.4282,45.4282,0.0,1.0,1
8970,30.05.2024 10:44:54.250000,-146.585,-424.676,6.87371,6.653,6.607,73.705,4.096,4.0825,7.33307,9.13464,696.705,697.95,8.76283,3.97086,1.88032,18.5068,6.73096,44.8857,44.8857,0.0,1.0,1
8971,30.05.2024 10:44:54.260000,-146.585,-424.676,6.87371,6.653,6.607,73.705,4.096,4.0825,7.33307,9.13464,696.705,697.95,8.76283,3.97086,1.88032,18.5068,6.73096,44.8857,44.8857,0.0,1.0,1
8972,30.05.2024 10:44:54.270000,-154.33,-424.676,6.87371,6.711,6.607,73.7765,4.096,4.0825,7.33307,9.13464,696.72,697.905,8.56981,4.0022,1.84816,18.536,6.73096,44.8857,44.8857,0.0,1.0,1
8973,30.05.2024 10:44:54.280000,-154.33,-424.676,6.87371,6.711,6.607,73.7765,4.096,4.0825,7.33307,9.13464,696.72,697.905,8.56981,4.0022,1.84816,18.536,6.73096,44.8857,44.8857,0.0,1.0,1
8974,30.05.2024 10:44:54.290000,-158.615,-423.852,6.82653,6.731,6.605,73.8004,4.09801,4.08315,8.48095,9.96085,696.72,697.89,9.06653,3.91288,1.80086,18.632,6.73178,44.5385,44.5385,0.0,1.0,1
8975,30.05.2024 10:44:54.300000,-158.615,-423.852,6.82653,6.731,6.605,73.8004,4.09801,4.08315,8.48095,9.96085,696.72,697.89,9.06653,3.91288,1.80086,18.632,6.73178,44.5385,44.5385,0.0,1.0,1
8976,30.05.2024 10:44:54.310000,-168.997,-412.564,6.87206,6.673,6.622,73.8646,4.10375,4.08233,8.64046,9.5993,696.705,697.84,8.7018,4.57354,1.82287,18.4192,6.73198,44.09,44.09,0.0,1.0,1
8977,30.05.2024 10:44:54.320000,-168.997,-412.564,6.87206,6.673,6.622,73.8646,4.10375,4.08233,8.64046,9.5993,696.705,697.84,8.7018,4.57354,1.82287,18.4192,6.73198,44.09,44.09,0.0,1.0,1
8978,30.05.2024 10:44:54.330000,-188.278,-421.298,6.87874,6.653,6.651,73.8461,4.10574,4.08314,8.67772,9.32731,696.735,697.745,8.50013,4.67293,1.78863,18.5884,6.73274,43.5475,43.5475,0.0,1.0,1
8979,30.05.2024 10:44:54.340000,-188.278,-421.298,6.87874,6.653,6.651,73.8461,4.10574,4.08314,8.67772,9.32731,696.735,697.745,8.50013,4.67293,1.78863,18.5884,6.73274,43.5475,43.5475,0.0,1.0,1
8980,30.05.2024 10:44:54.350000,-200.638,-422.616,6.8635,6.776,6.624,73.8825,4.11033,4.08322,9.09059,9.15991,696.715,697.685,8.59473,3.94635,1.52381,19.1964,6.73266,43.1279,43.1279,0.0,1.0,1
8981,30.05.2024 10:44:54.360000,-214.316,-419.568,6.90378,6.718,6.623,73.8966,4.11325,4.08323,9.16233,10.3953,696.71,697.66,8.13407,3.75773,0.79012,19.0414,6.7335,42.5998,42.5998,0.0,1.0,1
8982,30.05.2024 10:44:54.370000,-214.316,-419.568,6.90378,6.718,6.623,73.8966,4.11325,4.08323,9.16233,10.3953,696.71,697.66,8.13407,3.75773,0.79012,19.0414,6.7335,42.5998,42.5998,0.0,1.0,1
8983,30.05.2024 10:44:54.380000,-214.316,-414.953,6.90378,6.718,6.619,73.8987,4.11299,4.08323,8.98788,9.44418,696.72,697.655,7.81351,4.14995,0.606607,19.1451,6.7335,42.5998,42.5998,0.0,1.0,1
8984,30.05.2024 10:44:54.390000,-230.301,-416.272,6.87271,6.704,6.63,73.837,4.10598,4.08323,9.84078,9.37774,696.815,697.63,8.13162,4.52357,0.76597,19.249,6.73368,42.1947,42.1947,0.0,1.0,1
8985,30.05.2024 10:44:54.400000,-230.301,-424.924,6.90966,6.704,6.619,73.8771,4.10334,4.08292,8.8614,9.86262,696.8,697.615,9.02183,4.58783,0.996946,19.2365,6.73377,42.1947,42.1947,0.0,1.0,1
8986,30.05.2024 10:44:54.410000,-230.301,-424.924,6.90966,6.704,6.619,73.8771,4.10334,4.08292,8.8614,9.86262,696.8,697.615,9.02183,4.58783,0.996946,19.2365,6.73377,42.1947,42.1947,0.0,1.0,1
8987,30.05.2024 10:44:54.420000,-237.634,-420.145,6.87913,6.72,6.65,73.8771,4.09905,4.0832,8.38615,9.07984,696.78,697.6,9.3374,5.04103,1.40504,19.1914,6.73401,41.1097,41.1097,0.0,1.0,1
8988,30.05.2024 10:44:54.430000,-237.634,-420.145,6.87913,6.72,6.65,73.8771,4.09905,4.0832,8.38615,9.07984,696.78,697.6,9.3374,5.04103,1.40504,19.1914,6.73401,41.1097,41.1097,0.0,1.0,1
8989,30.05.2024 10:44:54.440000,-259.058,-419.485,6.86207,6.682,6.642,73.8609,4.098,4.08282,8.2622,9.13642,696.655,697.47,8.59141,4.82142,1.4459,19.3261,6.73426,40.5527,40.5527,0.0,1.0,1
8990,30.05.2024 10:44:54.450000,-259.058,-419.485,6.86207,6.682,6.642,73.8609,4.098,4.08282,8.2622,9.13642,696.655,697.47,8.59141,4.82142,1.4459,19.3261,6.73426,40.5527,40.5527,0.0,1.0,1
8991,30.05.2024 10:44:54.460000,-259.058,-417.755,6.91,6.675,6.656,73.8201,4.09368,4.08319,8.71407,8.93534,696.64,697.475,6.45504,4.47339,0.930932,19.0858,6.73399,40.5454,40.5454,0.0,1.0,1
8992,30.05.2024 10:44:54.470000,-259.058,-417.755,6.91,6.675,6.656,73.8201,4.09368,4.08319,8.71407,8.93534,696.64,697.475,6.45504,4.47339,0.930932,19.0858,6.73399,40.5454,40.5454,0.0,1.0,1
8993,30.05.2024 10:44:54.480000,-272.983,-419.815,6.8789,6.701,6.62,73.8181,4.0896,4.08131,7.99387,8.81255,696.675,697.475,5.95749,4.90751,-0.161719,19.041,6.7338,39.9088,39.9088,0.0,1.0,1
8994,30.05.2024 10:44:54.490000,-282.87,-418.497,6.88874,6.684,6.64,73.8291,4.0851,4.08217,7.53675,8.7824,696.72,697.465,6.79555,5.95055,-0.20531,18.3779,6.73394,39.5689,39.5689,0.0,1.0,1
8995,30.05.2024 10:44:54.500000,-310.062,-418.497,6.88874,6.719,6.64,73.8464,4.0851,4.08217,7.53675,8.7824,696.73,697.445,7.28641,5.94405,0.37309,18.2015,6.73394,39.5689,39.5689,0.0,1.0,1
8996,30.05.2024 10:44:54.510000,-310.062,-420.639,6.85589,6.719,6.697,73.8464,4.08442,4.08114,7.22562,8.53702,696.705,697.415,7.39402,6.19764,0.848027,18.1227,6.73411,39.5689,39.5689,0.0,1.0,1
8997,30.05.2024 10:44:54.520000,-316.077,-420.639,6.85706,6.716,6.697,73.7886,4.08442,4.08114,7.22562,8.53702,696.68,697.4,7.68975,6.45081,1.04095,18.1367,6.73396,39.171,39.171,0.0,1.0,1
8998,30.05.2024 10:44:54.530000,-316.077,-422.204,6.85706,6.716,6.673,73.7551,4.08437,4.08127,7.71144,8.55739,696.64,697.385,7.40608,6.51515,1.06382,17.8763,6.73396,39.171,39.171,0.0,1.0,1
8999,30.05.2024 10:44:54.540000,-325.305,-415.448,6.86279,6.74,6.667,73.7551,4.08649,4.08105,7.73122,10.11,696.63,697.385,6.86346,6.70011,1.20713,17.7915,6.73426,38.3753,38.3753,0.0,1.0,1
