,time,Pinceur Inf Mesure de courant,Pinceur Sup Mesure de courant,Mandrin - Vitesse Actuelle,Pinceur Sup Mesure vitesse lineaire,Pinceur Inf Mesure vitesse lineaire,Mandrin - Mesure Expansion,Pinceur Nord Position entrefer estimee,Pinceur Sud Position entrefer estimee,Pinceur Nord Force entrefer calibree,Pinceur Sud Force entrefer calibree,Guides Nord Entree Position mesuree,Guides Nord Sortie Position mesuree,Guides Nord Entree Force pour regulateur PI,Guides Nord Sortie Force pour regulateur PI,Guides Sud Entree Force pour regulateur PI,Guides Sud Sortie Force pour regulateur PI,Mandrin - Vitesse Actuelle F10,_Excentrage largeur bande jauge bob,_Excentrage largeur bande jauge bob.1,TDB pinceur,Fenetre,Declancheur
30300,30.05.2024 16:53:35.840000,210.196,82.2326,6.87383,7.025,6.66,40.4441,4.56076,3.37557,38.5176,35.0129,836.09,836.705,5.39575,6.10281,0.825129,-0.365273,5.98188,93.1713,93.1713,1.0,1.0,1
30301,30.05.2024 16:53:35.850000,280.316,108.929,6.88006,6.85,6.589,40.4222,4.53196,3.26702,57.4743,30.9242,834.34,834.96,5.26195,5.85814,0.835066,-0.360373,5.98247,93.5258,93.5258,1.0,1.0,1
30302,30.05.2024 16:53:35.860000,332.638,142.63,6.87773,6.804,6.473,40.4222,4.40827,3.25946,54.7614,25.147,832.69,833.28,4.90636,4.85578,0.762217,-0.437165,5.98296,95.2257,95.2257,1.0,1.0,1
30303,30.05.2024 16:53:35.870000,332.638,142.63,6.88301,6.804,6.473,40.437,3.87194,3.20685,54.7614,25.147,832.69,833.28,4.90636,4.85578,0.762217,-0.437165,5.98361,95.6814,95.6814,1.0,1.0,1
30304,30.05.2024 16:53:35.880000,381.006,161.911,6.88301,6.836,6.408,40.437,3.62559,3.24318,39.3615,25.0086,831.185,831.79,4.04901,3.09393,0.857676,-0.341454,5.98361,95.6814,95.6814,1.0,1.0,1
30305,30.05.2024 16:53:35.890000,433.081,154.907,6.87569,6.875,6.325,40.412,3.3937,3.29667,15.9024,28.6417,829.805,830.465,3.47773,2.16628,0.768939,-0.473069,5.98429,96.6652,96.6652,1.0,1.0,1
30306,30.05.2024 16:53:35.900000,433.081,154.907,6.86815,6.875,6.325,40.425,3.20022,3.33463,15.9024,28.6417,829.805,830.465,3.47773,2.16628,0.768939,-0.473069,5.98429,96.6652,96.6652,1.0,1.0,1
30307,30.05.2024 16:53:35.910000,504.849,194.293,6.86815,6.796,6.184,40.425,3.0748,3.41223,-2.04625,30.8479,828.495,829.205,3.1968,2.34393,0.756938,-0.453938,5.98527,96.6652,96.6652,1.0,1.0,1
30308,30.05.2024 16:53:35.920000,504.849,287.402,6.87567,6.624,6.184,40.4492,3.14811,3.42249,-8.59768,40.1711,827.3,827.93,3.24126,3.13772,0.78287,-0.475882,5.98637,97.4609,97.4609,1.0,1.0,1
30309,30.05.2024 16:53:35.930000,581.314,287.402,6.87567,6.624,6.035,40.4552,3.295,3.40235,-8.59768,40.1711,827.3,827.93,3.24126,3.13772,0.78287,-0.475882,5.98637,97.4609,97.4609,1.0,1.0,1
30310,30.05.2024 16:53:35.940000,636.355,413.306,6.87823,6.423,6.057,40.4552,3.50417,3.39376,4.49313,39.9209,826.14,826.56,4.37591,4.31971,0.709803,-0.565154,5.98758,97.7286,97.7286,1.0,1.0,1
30311,30.05.2024 16:53:35.950000,581.314,287.402,6.87567,6.624,6.035,40.4552,3.295,3.40235,4.49313,39.9209,826.14,826.56,4.37591,4.31971,0.709803,-0.565154,5.98637,97.4609,97.4609,1.0,1.0,1
30312,30.05.2024 16:53:35.960000,644.266,505.426,6.88079,6.416,6.096,40.4558,4.14286,3.34481,26.2665,37.7108,824.885,825.18,6.46106,5.33429,0.784518,-0.447228,5.98856,97.4609,97.4609,1.0,1.0,1
30313,30.05.2024 16:53:35.970000,673.681,556.43,6.87607,6.32,6.05,40.5061,4.26814,3.31376,43.6415,33.1457,823.54,823.78,8.61981,6.38597,0.833151,-0.550704,5.98943,97.7865,97.7865,1.0,1.0,1
30314,30.05.2024 16:53:35.980000,673.681,556.43,6.88162,6.32,6.05,40.5151,4.3246,3.29068,43.6415,33.1457,823.54,823.78,8.61981,6.38597,0.833151,-0.550704,5.98943,98.792,98.792,1.0,1.0,1
30315,30.05.2024 16:53:35.990000,697.906,665.277,6.88162,6.122,6.042,40.5151,4.22092,3.23662,48.2825,27.0384,821.995,822.28,10.194,7.6045,0.808753,-0.479887,5.99014,98.792,98.792,1.0,1.0,1
30316,30.05.2024 16:53:36.000000,697.906,688.678,6.87972,6.073,6.042,40.5288,4.11291,3.19168,43.4108,22.4426,820.385,820.665,10.6574,8.27908,0.891738,-0.462859,5.99073,98.792,98.792,1.0,1.0,1
30317,30.05.2024 16:53:36.010000,708.618,688.678,6.87972,6.073,5.992,40.535,3.97327,3.15355,43.4108,22.4426,820.385,820.665,10.6574,8.27908,0.891738,-0.462859,5.99073,98.792,98.792,1.0,1.0,1
30318,30.05.2024 16:53:36.020000,704.416,693.374,6.88407,6.151,5.953,40.535,3.82017,3.12279,34.4019,20.1131,818.82,818.99,10.116,7.99,0.958602,-0.356007,5.99117,98.4303,98.4303,1.0,1.0,1
30319,30.05.2024 16:53:36.030000,704.416,693.374,6.88407,6.151,5.953,40.535,3.82017,3.12279,34.4019,20.1131,818.82,818.99,10.116,7.99,0.958602,-0.356007,5.99117,98.4303,98.4303,1.0,1.0,1
30320,30.05.2024 16:53:36.040000,704.416,693.374,6.87887,6.151,5.953,40.4986,3.52873,3.11983,19.4973,14.9171,817.275,817.425,9.51502,7.57546,0.932452,-0.381331,5.99177,96.7159,96.7159,1.0,1.0,1
30321,30.05.2024 16:53:36.050000,699.966,697.165,6.87933,6.049,5.898,40.5351,3.34932,3.16512,8.29855,19.2876,815.755,815.855,9.08788,7.27343,0.85121,-0.486588,5.99228,94.5096,94.5096,1.0,1.0,1
30322,30.05.2024 16:53:36.060000,699.966,697.165,6.87835,6.049,5.898,40.577,3.31016,3.19939,8.29855,19.2876,815.755,815.855,9.08788,7.27343,0.85121,-0.486588,5.99228,91.5726,91.5726,1.0,1.0,1
30323,30.05.2024 16:53:36.070000,690.82,694.116,6.87835,5.956,5.951,40.577,3.33765,3.27459,8.32262,28.7765,814.28,814.27,8.98242,7.17589,0.899417,-0.495543,5.99283,91.5726,91.5726,1.0,1.0,1
30324,30.05.2024 16:53:36.080000,690.82,686.206,6.88401,5.995,5.951,40.5248,3.38781,3.29062,5.27571,28.1698,812.765,812.66,9.68541,7.1784,0.830092,-0.6426,5.99329,91.5726,91.5726,1.0,1.0,1
30325,30.05.2024 16:53:36.090000,690.82,686.206,6.88401,5.995,5.951,40.5248,3.38781,3.29062,5.27571,28.1698,812.765,812.66,9.68541,7.1784,0.830092,-0.6426,5.99329,91.5726,91.5726,1.0,1.0,1
30326,30.05.2024 16:53:36.100000,693.539,686.206,6.88401,5.995,5.95,40.4719,3.44452,3.29164,12.1511,25.5126,811.13,811.075,10.4757,7.14769,0.783961,-0.608391,5.99329,91.5509,91.5509,1.0,1.0,1
30327,30.05.2024 16:53:36.110000,695.434,685.135,6.88709,6.008,5.979,40.4188,3.59489,3.28288,12.1511,25.5126,811.13,811.075,10.4757,7.14769,0.783961,-0.608391,5.99445,88.4332,88.4332,1.0,1.0,1
30328,30.05.2024 16:53:36.120000,691.479,698.153,6.88709,5.942,5.994,40.4188,3.62441,3.26458,17.5647,28.626,809.445,809.455,10.6689,7.26522,0.812056,-0.564866,5.99445,88.4332,88.4332,1.0,1.0,1
30329,30.05.2024 16:53:36.130000,693.869,694.281,6.88698,5.92,5.977,40.4116,3.6445,3.23826,21.3785,28.4866,807.82,807.83,10.4791,7.64785,0.785704,-0.563883,5.99456,84.9537,84.9537,1.0,1.0,1
30330,30.05.2024 16:53:36.140000,693.869,694.281,6.88044,5.92,5.977,40.4398,3.6451,3.21562,21.3785,28.4866,807.82,807.83,10.4791,7.64785,0.785704,-0.563883,5.99456,81.4959,81.4959,1.0,1.0,1
30331,30.05.2024 16:53:36.150000,688.348,679.532,6.88044,5.967,6.008,40.4398,3.61299,3.19844,23.4826,21.222,806.19,806.195,10.422,8.08102,0.865039,-0.523053,5.99479,81.4959,81.4959,1.0,1.0,1
30332,30.05.2024 16:53:36.160000,688.348,688.843,6.88765,6.01,6.008,40.4465,3.58613,3.18947,19.1898,22.0889,804.46,804.53,10.3528,8.18821,0.913901,-0.526398,5.99495,78.6169,78.6169,1.0,1.0,1
30333,30.05.2024 16:53:36.170000,680.273,688.843,6.88765,6.01,5.987,40.4731,3.55902,3.18061,19.1898,22.0889,804.46,804.53,10.3528,8.18821,0.913901,-0.526398,5.99495,78.6169,78.6169,1.0,1.0,1
30334,30.05.2024 16:53:36.180000,697.824,695.434,6.89521,5.993,5.99,40.4731,3.53666,3.17475,18.6307,22.527,802.78,802.815,9.81081,8.31728,0.97087,-0.477061,5.99542,76.1719,76.1719,1.0,1.0,1
30335,30.05.2024 16:53:36.190000,697.824,695.434,6.89521,5.993,5.99,40.4731,3.53666,3.17475,18.6307,22.527,802.78,802.815,9.81081,8.31728,0.97087,-0.477061,5.99542,76.1719,76.1719,1.0,1.0,1
30336,30.05.2024 16:53:36.200000,697.824,695.434,6.88697,5.993,5.99,40.4473,3.50552,3.16883,17.6345,20.4171,801.085,801.13,9.30324,7.97759,0.836897,-0.625893,5.99561,76.1719,76.1719,1.0,1.0,1
30337,30.05.2024 16:53:36.210000,697.824,695.434,6.88697,5.993,5.99,40.4473,3.50552,3.16883,17.6345,20.4171,801.085,801.13,9.30324,7.97759,0.836897,-0.625893,5.99561,76.1719,76.1719,1.0,1.0,1
30338,30.05.2024 16:53:36.220000,692.55,683.322,6.88913,5.935,5.975,40.5436,3.47994,3.18095,14.4416,20.0062,799.38,799.43,8.68859,7.68999,0.93117,-0.507197,5.99575,73.1626,73.1626,1.0,1.0,1
30339,30.05.2024 16:53:36.230000,692.55,683.322,6.88913,5.935,5.975,40.5436,3.47994,3.18095,14.4416,20.0062,799.38,799.43,8.68859,7.68999,0.93117,-0.507197,5.99575,73.1626,73.1626,1.0,1.0,1
30340,30.05.2024 16:53:36.240000,688.266,692.303,6.89135,5.974,5.961,40.5082,3.43287,3.20386,15.7688,22.5513,797.725,797.77,8.38044,7.59547,0.808509,-0.598107,5.99585,66.1892,66.1892,1.0,1.0,1
30341,30.05.2024 16:53:36.250000,685.547,688.101,6.89227,5.961,5.97,40.4944,3.41609,3.20207,13.6734,23.2536,796.045,796.095,8.41769,7.44536,0.824191,-0.547333,5.99618,66.1892,66.1892,1.0,1.0,1
30342,30.05.2024 16:53:36.260000,685.547,688.101,6.89227,5.961,5.97,40.4944,3.41609,3.20207,13.6734,23.2536,796.045,796.095,8.41769,7.44536,0.824191,-0.547333,5.99618,66.1892,66.1892,1.0,1.0,1
30343,30.05.2024 16:53:36.270000,689.749,683.487,6.8957,5.931,5.999,40.4944,3.41525,3.19212,12.9262,22.6425,794.35,794.42,8.58028,7.36792,0.925871,-0.505778,5.99625,66.1892,66.1892,1.0,1.0,1
30344,30.05.2024 16:53:36.280000,689.749,683.487,6.8957,5.931,5.999,40.4944,3.41525,3.19212,12.9262,22.6425,794.35,794.42,8.58028,7.36792,0.925871,-0.505778,5.99625,66.1892,66.1892,1.0,1.0,1
30345,30.05.2024 16:53:36.290000,690.82,688.678,6.89902,5.952,6.002,40.3547,3.42089,3.1517,13.0908,20.5926,792.64,792.77,8.7359,7.39748,0.87617,-0.515826,5.99641,60.3154,60.3154,1.0,1.0,1
30346,30.05.2024 16:53:36.300000,695.434,688.101,6.89232,5.989,6.014,40.4631,3.42092,3.13445,13.1318,18.43,790.93,791.135,8.69545,7.48255,0.93954,-0.432805,5.9967,60.5179,60.5179,1.0,1.0,1
30347,30.05.2024 16:53:36.310000,682.251,693.539,6.89232,6.012,5.999,40.4631,3.41628,3.1433,13.1954,14.8308,789.165,789.53,8.71943,7.86957,0.867743,-0.475136,5.99705,60.5179,60.5179,1.0,1.0,1
30348,30.05.2024 16:53:36.320000,682.251,695.022,6.89628,5.977,5.999,40.425,3.41157,3.15853,13.8774,18.4009,787.48,787.895,8.24064,8.36774,0.833346,-0.479588,5.99743,55.939,55.939,1.0,1.0,1
30349,30.05.2024 16:53:36.330000,690.408,695.022,6.89628,5.977,5.991,40.3989,3.41478,3.17412,13.8774,18.4009,787.48,787.895,8.24064,8.36774,0.833346,-0.479588,5.99743,55.939,55.939,1.0,1.0,1
30350,30.05.2024 16:53:36.340000,688.843,685.135,6.90128,5.988,6.001,40.3989,3.41601,3.18991,14.0347,22.2063,785.825,786.26,8.24071,9.12593,0.774172,-0.550427,5.99757,51.7723,51.7723,1.0,1.0,1
30351,30.05.2024 16:53:36.350000,688.843,685.135,6.90128,5.988,6.001,40.3989,3.41601,3.18991,14.0347,22.2063,785.825,786.26,8.24071,9.12593,0.774172,-0.550427,5.99757,51.7723,51.7723,1.0,1.0,1
30352,30.05.2024 16:53:36.360000,688.843,685.135,6.89938,5.988,6.001,40.369,3.41385,3.23762,13.2158,21.8333,784.145,784.64,8.32678,9.6751,0.796305,-0.495308,5.9983,51.7723,51.7723,1.0,1.0,1
30353,30.05.2024 16:53:36.370000,688.843,685.135,6.89938,5.988,6.001,40.369,3.41385,3.23762,13.2158,21.8333,784.145,784.64,8.32678,9.6751,0.796305,-0.495308,5.9983,51.7723,51.7723,1.0,1.0,1
30354,30.05.2024 16:53:36.380000,683.981,699.554,6.90113,6.08,6.034,40.4063,3.41884,3.2647,13.6004,27.8885,782.435,783.0,8.51277,10.1888,0.877646,-0.519427,5.99888,45.298,45.298,1.0,1.0,1
30355,30.05.2024 16:53:36.390000,683.981,699.554,6.90113,6.08,6.034,40.4063,3.41884,3.2647,13.6004,27.8885,782.435,783.0,8.51277,10.1888,0.877646,-0.519427,5.99888,45.298,45.298,1.0,1.0,1
30356,30.05.2024 16:53:36.400000,688.843,691.562,6.89601,6.034,6.023,40.4106,3.43478,3.29907,13.6017,28.6144,780.725,781.38,8.52419,10.5644,0.83982,-0.532429,5.99917,43.3811,43.3811,1.0,1.0,1
30357,30.05.2024 16:53:36.410000,688.843,691.562,6.89601,6.034,6.023,40.4106,3.43478,3.29907,13.6017,28.6144,780.725,781.38,8.52419,10.5644,0.83982,-0.532429,5.99917,43.3811,43.3811,1.0,1.0,1
30358,30.05.2024 16:53:36.420000,691.232,691.314,6.89591,6.019,6.028,40.4907,3.4464,3.29206,14.9067,29.2356,779.02,779.815,8.42567,11.0658,0.898055,-0.460478,5.99928,43.3811,43.3811,1.0,1.0,1
30359,30.05.2024 16:53:36.430000,684.146,688.266,6.90066,6.025,6.009,40.5163,3.40941,3.25675,16.6703,28.4415,777.435,778.3,8.41747,11.7237,0.980345,-0.394007,5.99985,40.4659,40.4659,1.0,1.0,1
30360,30.05.2024 16:53:36.440000,688.678,692.138,6.90066,6.02,5.999,40.5163,3.38972,3.24501,15.2962,26.5283,775.835,776.8,9.05831,13.2873,1.90789,0.118501,5.99985,40.4659,40.4659,1.0,1.0,1
30361,30.05.2024 16:53:36.450000,684.393,677.307,6.89837,6.008,6.001,40.4462,3.37144,3.23825,13.1344,24.2975,774.22,775.285,9.99061,14.7938,3.09102,0.810438,6.00022,37.5362,37.5362,1.0,1.0,1
30362,30.05.2024 16:53:36.460000,684.393,677.307,6.9023,6.008,6.001,40.5229,3.35918,3.2314,13.1344,24.2975,774.22,775.285,9.99061,14.7938,3.09102,0.810438,6.00022,35.7277,35.7277,1.0,1.0,1
30363,30.05.2024 16:53:36.470000,688.595,688.678,6.9023,6.017,6.013,40.5229,3.35776,3.21999,13.4365,25.8441,772.62,773.855,10.829,16.2653,4.38633,1.61159,6.0005,35.7277,35.7277,1.0,1.0,1
30364,30.05.2024 16:53:36.480000,688.595,690.161,6.89473,6.024,6.013,40.5348,3.36851,3.2212,12.4189,25.7004,771.085,772.47,11.6879,18.2706,5.99823,2.15706,6.00124,34.9609,34.9609,1.0,1.0,1
30365,30.05.2024 16:53:36.490000,683.569,690.161,6.89473,6.024,5.993,40.5984,3.38739,3.22374,12.4189,25.7004,771.085,772.47,11.6879,18.2706,5.99823,2.15706,6.00124,34.9609,34.9609,1.0,1.0,1
30366,30.05.2024 16:53:36.500000,690.573,687.524,6.90368,6.003,6.002,40.5984,3.40722,3.22978,15.6279,24.6031,769.625,771.07,13.0803,20.5067,7.15656,2.46376,6.00139,33.355,33.355,1.0,1.0,1
30367,30.05.2024 16:53:36.510000,690.573,687.524,6.90368,6.003,6.002,40.5984,3.40722,3.22978,15.6279,24.6031,769.625,771.07,13.0803,20.5067,7.15656,2.46376,6.00139,33.355,33.355,1.0,1.0,1
30368,30.05.2024 16:53:36.520000,690.573,687.524,6.9123,6.003,6.002,40.4997,3.4594,3.23157,17.4323,26.5293,768.11,769.67,14.6873,22.747,8.85137,2.80574,6.00214,33.3478,33.3478,1.0,1.0,1
30369,30.05.2024 16:53:36.530000,690.573,687.524,6.9123,6.003,6.002,40.4997,3.4594,3.23157,17.4323,26.5293,768.11,769.67,14.6873,22.747,8.85137,2.80574,6.00214,33.3478,33.3478,1.0,1.0,1
30370,30.05.2024 16:53:36.540000,690.82,688.925,6.91611,5.962,5.947,40.5157,3.48616,3.23009,19.3005,25.922,766.785,768.195,12.5957,18.5482,11.1436,3.33511,6.00259,30.1288,30.1288,1.0,1.0,1
30371,30.05.2024 16:53:36.550000,690.902,687.277,6.91699,5.951,5.953,40.5289,3.45242,3.23791,18.8214,23.8145,766.905,768.37,7.78635,9.93695,13.3238,4.47286,6.00284,26.8519,26.8519,1.0,1.0,1
30372,30.05.2024 16:53:36.560000,690.902,688.183,6.92889,5.946,5.953,40.4963,3.41961,3.23558,16.6793,25.7381,766.585,769.045,6.59374,11.0547,14.818,5.90577,6.00339,24.6166,24.6166,1.0,1.0,1
30373,30.05.2024 16:53:36.570000,687.442,688.183,6.92889,5.946,5.956,40.4598,3.38362,3.22904,16.6793,25.7381,766.585,769.045,6.59374,11.0547,14.818,5.90577,6.00339,24.6166,24.6166,1.0,1.0,1
30374,30.05.2024 16:53:36.580000,687.442,688.183,6.92889,5.946,5.956,40.4598,3.38362,3.22904,16.6793,25.7381,766.585,769.045,6.59374,11.0547,14.818,5.90577,6.00339,24.6166,24.6166,1.0,1.0,1
30375,30.05.2024 16:53:36.590000,696.341,690.738,6.93314,5.924,5.943,40.4598,3.35109,3.21571,15.4528,22.9943,766.765,768.97,3.10208,13.6698,14.2481,6.91237,6.00388,23.3073,23.3073,1.0,1.0,1
30376,30.05.2024 16:53:36.600000,696.341,690.738,6.93314,5.924,5.943,40.4598,3.35109,3.21571,15.4528,22.9943,766.765,768.97,3.10208,13.6698,14.2481,6.91237,6.00388,23.3073,23.3073,1.0,1.0,1
30377,30.05.2024 16:53:36.610000,690.49,682.333,6.92768,5.906,5.933,40.4674,3.27024,3.19135,11.8911,19.3225,766.785,768.945,2.6076,11.9615,12.6678,6.7153,6.00444,23.3073,23.3073,1.0,1.0,1
30378,30.05.2024 16:53:36.620000,692.303,692.138,6.91289,5.966,5.996,40.5492,3.26837,3.16306,9.20123,20.6877,766.88,769.11,1.57447,11.1475,11.4701,5.67443,6.00471,19.5674,19.5674,1.0,1.0,1
30379,30.05.2024 16:53:36.630000,692.303,692.138,6.91289,5.966,5.996,40.5492,3.26837,3.16306,9.20123,20.6877,766.88,769.11,1.57447,11.1475,11.4701,5.67443,6.00471,19.5674,19.5674,1.0,1.0,1
30380,30.05.2024 16:53:36.640000,691.479,689.255,6.91289,6.01,6.013,40.5492,3.29075,3.16149,10.9844,22.4301,766.97,769.17,2.05779,11.0618,9.6049,4.6419,6.00494,19.5674,19.5674,1.0,1.0,1
30381,30.05.2024 16:53:36.650000,686.783,691.15,6.93049,6.009,6.025,40.4821,3.32536,3.16503,12.0308,18.9607,767.07,769.205,2.55644,9.6797,6.68602,3.94845,6.00537,19.5674,19.5674,1.0,1.0,1
30382,30.05.2024 16:53:36.660000,689.007,688.101,6.93399,6.026,6.045,40.4821,3.34114,3.16585,12.0256,17.9962,767.195,769.48,3.7361,8.37291,4.8524,3.63062,6.00569,15.4803,15.4803,1.0,1.0,1
30383,30.05.2024 16:53:36.670000,689.007,688.101,6.93887,6.026,6.045,40.4536,3.35736,3.1677,12.0256,17.9962,767.195,769.48,3.7361,8.37291,4.8524,3.63062,6.00583,15.748,15.748,1.0,1.0,1
30384,30.05.2024 16:53:36.680000,688.183,698.565,6.93887,6.058,6.094,40.4536,3.3587,3.1682,15.5219,21.6331,767.105,769.705,5.30895,8.80411,4.75875,3.23213,6.00583,15.748,15.748,1.0,1.0,1
30385,30.05.2024 16:53:36.690000,688.183,698.565,6.93887,6.058,6.094,40.4536,3.3587,3.1682,15.5219,21.6331,767.105,769.705,5.30895,8.80411,4.75875,3.23213,6.00583,15.748,15.748,1.0,1.0,1
30386,30.05.2024 16:53:36.700000,689.749,694.61,6.94545,6.089,6.082,40.4937,3.35579,3.1689,14.4442,19.5706,767.16,769.77,5.67943,9.48764,5.62137,3.03246,6.00631,15.748,15.748,1.0,1.0,1
30387,30.05.2024 16:53:36.710000,689.749,694.61,6.94545,6.089,6.082,40.4937,3.35579,3.1689,14.4442,19.5706,767.16,769.77,5.67943,9.48764,5.62137,3.03246,6.00631,15.748,15.748,1.0,1.0,1
30388,30.05.2024 16:53:36.720000,687.277,695.352,6.94327,6.102,6.095,40.3307,3.31566,3.1623,14.0899,18.9043,767.275,769.89,6.63256,9.09599,6.99458,2.89596,6.00676,15.6467,15.6467,1.0,1.0,1
30389,30.05.2024 16:53:36.730000,687.277,695.352,6.94327,6.102,6.095,40.3307,3.31566,3.1623,14.0899,18.9043,767.275,769.89,6.63256,9.09599,6.99458,2.89596,6.00676,15.6467,15.6467,1.0,1.0,1
30390,30.05.2024 16:53:36.740000,674.505,688.513,6.93198,6.113,6.117,40.4996,3.29477,3.16464,14.1168,21.5608,767.27,770.135,8.13507,9.35706,9.12713,2.80413,6.00735,15.6322,15.6322,1.0,1.0,1
30391,30.05.2024 16:53:36.750000,634.625,691.067,6.93146,6.188,6.157,40.3673,3.30816,3.17741,12.7974,20.1427,767.32,770.315,8.91151,10.7845,10.8986,3.45134,6.00793,14.9233,14.9233,1.0,1.0,1
30392,30.05.2024 16:53:36.760000,612.79,688.925,6.93146,6.221,6.124,40.3673,3.31714,3.18182,13.9336,19.8322,767.4,770.36,10.008,11.8097,10.8942,4.51508,6.00793,14.9233,14.9233,1.0,1.0,1
30393,30.05.2024 16:53:36.770000,612.79,688.925,6.93146,6.221,6.124,40.3673,3.31714,3.18182,13.9336,19.8322,767.4,770.36,10.008,11.8097,10.8942,4.51508,6.00793,14.9233,14.9233,1.0,1.0,1
30394,30.05.2024 16:53:36.780000,583.786,661.487,6.93784,6.199,6.123,40.3939,3.32878,3.18622,15.0309,21.1627,767.455,770.345,11.2253,12.1786,10.9835,5.92843,6.00863,16.1531,16.1531,1.0,1.0,1
30395,30.05.2024 16:53:36.790000,583.786,661.487,6.93784,6.199,6.123,40.3939,3.32878,3.18622,15.0309,21.1627,767.455,770.345,11.2253,12.1786,10.9835,5.92843,6.00863,16.1531,16.1531,1.0,1.0,1
30396,30.05.2024 16:53:36.800000,562.362,634.46,6.92465,6.147,6.093,40.3915,3.35001,3.19297,14.4181,21.3953,767.43,770.365,12.3623,11.6657,10.6913,6.79307,6.00916,16.1097,16.1097,1.0,1.0,1
30397,30.05.2024 16:53:36.810000,555.688,612.378,6.92184,6.117,6.083,40.4878,3.33619,3.19366,16.8905,21.8297,767.36,770.37,12.88,11.1208,9.81865,7.42788,6.00933,16.5292,16.5292,1.0,1.0,1
30398,30.05.2024 16:53:36.820000,555.688,612.378,6.92184,6.117,6.083,40.4878,3.33619,3.19366,16.8905,21.8297,767.36,770.37,12.88,11.1208,9.81865,7.42788,6.00933,16.5292,16.5292,1.0,1.0,1
30399,30.05.2024 16:53:36.830000,557.666,612.46,6.90902,6.13,6.089,40.4878,3.3279,3.19417,15.273,22.2545,767.28,770.36,12.9016,10.173,8.92788,7.77466,6.00955,16.5292,16.5292,1.0,1.0,1
30400,30.05.2024 16:53:36.840000,557.666,612.46,6.90902,6.13,6.089,40.4878,3.3279,3.19417,15.273,22.2545,767.28,770.36,12.9016,10.173,8.92788,7.77466,6.00955,16.5292,16.5292,1.0,1.0,1
30401,30.05.2024 16:53:36.850000,560.55,611.883,6.88625,6.155,6.1,40.576,3.29421,3.18828,13.5053,21.5573,767.235,770.4,12.3145,8.61159,8.2653,8.08492,6.01021,16.7679,16.7679,1.0,1.0,1
30402,30.05.2024 16:53:36.860000,560.55,611.883,6.88625,6.155,6.1,40.576,3.29421,3.18828,13.5053,21.5573,767.235,770.4,12.3145,8.61159,8.2653,8.08492,6.01021,16.7679,16.7679,1.0,1.0,1
30403,30.05.2024 16:53:36.870000,556.512,609.576,6.86162,6.154,6.14,40.7817,3.28648,3.18912,15.567,21.4668,767.3,770.485,11.4124,7.42361,7.93578,8.20116,6.01078,15.6105,15.6105,1.0,1.0,1
30404,30.05.2024 16:53:36.880000,565.906,603.067,6.83323,6.197,6.121,41.2434,3.29287,3.17514,14.3102,16.6132,767.42,770.725,11.6583,5.93371,8.61929,6.78263,6.01197,15.2561,15.2561,1.0,1.0,1
30405,30.05.2024 16:53:36.890000,564.917,603.067,6.83323,6.197,6.168,41.6896,3.29774,3.1773,14.3102,16.6132,767.42,770.725,11.6583,5.93371,8.61929,6.78263,6.01197,15.2561,15.2561,1.0,1.0,1
30406,30.05.2024 16:53:36.900000,564.917,601.172,6.79001,6.234,6.173,41.6896,3.3126,3.17575,15.1832,19.8007,767.385,770.795,11.9037,5.72387,9.28619,6.37747,6.01273,17.0718,17.0718,1.0,1.0,1
30407,30.05.2024 16:53:36.910000,564.917,603.067,6.83323,6.197,6.168,41.6896,3.29774,3.1773,15.1832,19.8007,767.385,770.795,11.9037,5.72387,9.28619,6.37747,6.01197,15.2561,15.2561,1.0,1.0,1
30408,30.05.2024 16:53:36.920000,564.917,603.067,6.83323,6.197,6.168,41.6896,3.29774,3.1773,15.1832,19.8007,767.385,770.795,11.9037,5.72387,9.28619,6.37747,6.01197,15.2561,15.2561,1.0,1.0,1
30409,30.05.2024 16:53:36.930000,566.73,607.516,6.7518,6.265,6.16,42.2903,3.33717,3.18902,16.4174,20.2363,767.395,770.89,11.5817,5.14668,8.99914,6.33825,6.01336,17.1079,17.1079,1.0,1.0,1
30410,30.05.2024 16:53:36.940000,568.789,613.037,6.7415,6.26,6.164,44.0347,3.34776,3.19747,16.8318,21.2522,767.425,770.995,11.3663,5.00276,8.03634,6.23788,6.01445,15.6178,15.6178,1.0,1.0,1
30411,30.05.2024 16:53:36.950000,565.823,613.119,6.7415,6.213,6.186,44.0347,3.3285,3.2043,16.5358,21.1214,767.505,771.09,11.0874,5.16423,7.06089,6.08569,6.015,15.6178,15.6178,1.0,1.0,1
30412,30.05.2024 16:53:36.960000,565.823,615.097,6.70944,6.193,6.186,44.9381,3.31507,3.19552,15.472,22.3343,767.675,771.12,11.1295,5.46971,6.55841,6.04769,6.01565,16.2037,16.2037,1.0,1.0,1
30413,30.05.2024 16:53:36.970000,569.366,615.097,6.70944,6.193,6.152,45.8314,3.29608,3.18929,15.472,22.3343,767.675,771.12,11.1295,5.46971,6.55841,6.04769,6.01565,16.2037,16.2037,1.0,1.0,1
30414,30.05.2024 16:53:36.980000,560.797,610.483,6.67783,6.207,6.171,45.8314,3.28264,3.18707,13.7144,18.9751,767.74,771.15,12.0653,5.37517,6.30292,6.32877,6.01656,16.2037,16.2037,1.0,1.0,1
30415,30.05.2024 16:53:36.990000,560.797,610.483,6.63567,6.207,6.171,46.9553,3.26996,3.1775,13.7144,18.9751,767.74,771.15,12.0653,5.37517,6.30292,6.32877,6.01757,16.6811,16.6811,1.0,1.0,1
30416,30.05.2024 16:53:37.000000,575.052,603.479,6.63567,6.236,6.153,46.9553,3.26773,3.17925,13.7363,19.9777,767.77,771.185,12.432,5.29115,6.05766,6.91939,6.01757,16.6811,16.6811,1.0,1.0,1
30417,30.05.2024 16:53:37.010000,567.554,614.932,6.61888,6.211,6.126,48.1495,3.28172,3.17993,13.3221,22.179,767.805,771.19,12.6913,5.37854,6.00464,7.26932,6.01824,16.8113,16.8113,1.0,1.0,1
30418,30.05.2024 16:53:37.020000,567.554,614.932,6.62121,6.211,6.126,49.2992,3.29625,3.17809,13.3221,22.179,767.805,771.19,12.6913,5.37854,6.00464,7.26932,6.01824,16.8113,16.8113,1.0,1.0,1
30419,30.05.2024 16:53:37.030000,566.235,614.19,6.62121,6.171,6.04,49.2992,3.33086,3.17883,16.8189,20.1899,767.85,771.175,12.6719,5.00621,6.56914,7.51868,6.01887,16.8113,16.8113,1.0,1.0,1
30420,30.05.2024 16:53:37.040000,566.235,612.955,6.6289,6.159,6.04,50.4872,3.35059,3.17623,18.8089,19.461,767.895,771.185,12.4573,4.549,7.50786,7.56915,6.01969,17.1296,17.1296,1.0,1.0,1
30421,30.05.2024 16:53:37.050000,569.284,612.955,6.6289,6.159,6.013,51.7146,3.36418,3.16962,18.8089,19.461,767.895,771.185,12.4573,4.549,7.50786,7.56915,6.01969,17.1296,17.1296,1.0,1.0,1
30422,30.05.2024 16:53:37.060000,561.456,610.565,6.61642,6.144,6.0,51.7146,3.37538,3.15945,18.3852,20.0868,767.975,771.205,12.067,4.27126,7.92028,7.61921,6.02049,17.3756,17.3756,1.0,1.0,1
30423,30.05.2024 16:53:37.070000,561.456,610.565,6.60155,6.144,6.0,52.8996,3.3783,3.14524,18.3852,20.0868,767.975,771.205,12.067,4.27126,7.92028,7.61921,6.02144,17.4624,17.4624,1.0,1.0,1
30424,30.05.2024 16:53:37.080000,576.288,614.767,6.60155,6.108,6.054,52.8996,3.37006,3.14151,20.2339,16.467,768.07,771.23,11.6563,4.02894,7.72015,7.60896,6.02144,17.4624,17.4624,1.0,1.0,1
30425,30.05.2024 16:53:37.090000,567.801,608.011,6.58567,6.093,6.018,54.5923,3.35897,3.12983,18.6395,16.1312,768.11,771.24,11.3054,3.97819,6.94508,7.39538,6.02219,17.2815,17.2815,1.0,1.0,1
30426,30.05.2024 16:53:37.100000,567.801,608.011,6.56637,6.093,6.018,55.6671,3.33752,3.12031,18.6395,16.1312,768.11,771.24,11.3054,3.97819,6.94508,7.39538,6.02219,16.5292,16.5292,1.0,1.0,1
30427,30.05.2024 16:53:37.110000,569.284,601.996,6.56637,6.098,6.002,55.6671,3.27362,3.11857,17.0637,14.8867,768.23,771.265,10.4396,3.93523,6.4203,7.46088,6.02292,16.5292,16.5292,1.0,1.0,1
30428,30.05.2024 16:53:37.120000,569.284,600.677,6.58756,6.104,6.002,56.799,3.24179,3.11747,13.9233,14.8474,768.365,771.275,10.0936,3.97691,5.98725,7.40715,6.02367,16.5437,16.5437,1.0,1.0,1
30429,30.05.2024 16:53:37.130000,567.224,600.677,6.58756,6.104,6.009,57.9477,3.20439,3.11562,13.9233,14.8474,768.365,771.275,10.0936,3.97691,5.98725,7.40715,6.02367,16.5437,16.5437,1.0,1.0,1
30430,30.05.2024 16:53:37.140000,566.235,606.116,6.56999,6.098,6.03,57.9477,3.17452,3.11353,9.83416,14.6302,768.49,771.305,9.76667,4.07638,5.39004,7.33873,6.02402,16.5365,16.5365,1.0,1.0,1
30431,30.05.2024 16:53:37.150000,566.235,606.116,6.54219,6.098,6.03,59.0136,3.14522,3.11378,9.83416,14.6302,768.49,771.305,9.76667,4.07638,5.39004,7.33873,6.02467,16.2616,16.2616,1.0,1.0,1
30432,30.05.2024 16:53:37.160000,546.213,601.666,6.54219,6.102,6.087,59.0136,3.15275,3.11668,9.69818,12.6915,768.645,771.32,9.52451,4.33406,5.08037,7.25301,6.02467,16.2616,16.2616,1.0,1.0,1
30433,30.05.2024 16:53:37.170000,556.842,583.951,6.56048,6.133,6.042,60.0706,3.17058,3.11012,9.48188,15.3887,768.845,771.32,9.5761,4.46738,5.17378,7.23665,6.02541,16.4569,16.4569,1.0,1.0,1
30434,30.05.2024 16:53:37.180000,556.842,583.951,6.58263,6.133,6.042,61.1066,3.18455,3.10107,9.48188,15.3887,768.845,771.32,9.5761,4.46738,5.17378,7.23665,6.02541,16.7824,16.7824,1.0,1.0,1
30435,30.05.2024 16:53:37.190000,542.999,564.175,6.58263,6.151,6.07,61.1066,3.22297,3.0943,9.75616,12.2803,768.955,771.32,10.1528,4.59751,5.62355,7.27263,6.02603,16.7824,16.7824,1.0,1.0,1
30436,30.05.2024 16:53:37.200000,542.999,551.98,6.52947,6.149,6.07,62.109,3.23217,3.08894,10.6925,9.99661,769.055,771.325,10.5438,4.62903,5.76783,7.11316,6.02622,16.7824,16.7824,1.0,1.0,1
30437,30.05.2024 16:53:37.210000,533.523,551.98,6.52947,6.149,6.111,63.1776,3.23724,3.08154,10.6925,9.99661,769.055,771.325,10.5438,4.62903,5.76783,7.11316,6.02622,16.7824,16.7824,1.0,1.0,1
30438,30.05.2024 16:53:37.220000,526.684,542.422,6.48506,6.165,6.108,63.1776,3.23636,3.07491,14.0323,13.4924,769.19,771.3,10.4883,4.7054,6.28433,7.22062,6.02631,16.059,16.059,1.0,1.0,1
30439,30.05.2024 16:53:37.230000,533.523,551.98,6.52947,6.149,6.111,63.1776,3.23724,3.08154,14.0323,13.4924,769.19,771.3,10.4883,4.7054,6.28433,7.22062,6.02622,16.7824,16.7824,1.0,1.0,1
30440,30.05.2024 16:53:37.240000,506.662,519.598,6.51369,6.201,6.13,64.1931,3.21096,3.08764,11.8421,9.53129,769.32,771.285,10.5971,4.6277,6.47958,7.24639,6.02622,16.7824,16.7824,1.0,1.0,1
30441,30.05.2024 16:53:37.250000,480.542,491.254,6.49414,6.23,6.191,65.1462,3.20378,3.09373,12.2587,10.6676,769.39,771.295,10.7838,4.35179,6.237,7.27528,6.02652,16.0518,16.0518,1.0,1.0,1
30442,30.05.2024 16:53:37.260000,480.542,491.254,6.49414,6.23,6.191,65.1462,3.20378,3.09373,12.2587,10.6676,769.39,771.295,10.7838,4.35179,6.237,7.27528,6.02652,16.0518,16.0518,1.0,1.0,1
30443,30.05.2024 16:53:37.270000,480.542,491.254,6.44738,6.23,6.191,66.121,3.19947,3.1005,12.2725,14.6706,769.49,771.33,10.3543,4.46368,6.06548,7.35765,6.02652,17.0718,17.0718,1.0,1.0,1
30444,30.05.2024 16:53:37.280000,480.542,491.254,6.44738,6.23,6.191,66.121,3.19947,3.1005,12.2725,14.6706,769.49,771.33,10.3543,4.46368,6.06548,7.35765,6.02652,17.0718,17.0718,1.0,1.0,1
30445,30.05.2024 16:53:37.290000,472.302,445.193,6.42762,6.257,6.173,67.1057,3.21591,3.12614,12.4025,16.7412,769.655,771.375,10.0859,4.67475,5.49784,7.22913,6.02748,17.2815,17.2815,1.0,1.0,1
30446,30.05.2024 16:53:37.300000,472.302,445.193,6.42762,6.257,6.173,67.1057,3.21591,3.12614,12.4025,16.7412,769.655,771.375,10.0859,4.67475,5.49784,7.22913,6.02748,17.2815,17.2815,1.0,1.0,1
30447,30.05.2024 16:53:37.310000,463.238,432.339,6.42195,6.256,6.154,67.9943,3.25192,3.14326,15.3058,17.6486,769.775,771.405,9.99123,4.99732,4.877,7.38184,6.02768,17.4334,17.4334,1.0,1.0,1
30448,30.05.2024 16:53:37.320000,466.534,429.373,6.39754,6.234,6.105,68.9996,3.29155,3.13486,15.5835,17.7263,769.89,771.39,9.70311,5.45405,4.71219,7.36318,6.02831,17.4334,17.4334,1.0,1.0,1
30449,30.05.2024 16:53:37.330000,461.014,430.939,6.3561,6.189,6.13,69.9654,3.28792,3.13071,15.691,13.3696,770.05,771.39,9.20588,5.37655,4.53637,7.45453,6.02885,17.6794,17.6794,1.0,1.0,1
30450,30.05.2024 16:53:37.340000,461.014,430.939,6.31719,6.189,6.13,70.9723,3.28156,3.13186,15.691,13.3696,770.05,771.39,9.20588,5.37655,4.53637,7.45453,6.02885,17.6794,17.6794,1.0,1.0,1
30451,30.05.2024 16:53:37.350000,447.912,440.991,6.31719,6.178,6.171,70.9723,3.26501,3.12203,16.4745,14.0521,770.21,771.44,8.94343,5.38405,4.4991,7.51121,6.02981,17.6794,17.6794,1.0,1.0,1
30452,30.05.2024 16:53:37.360000,447.912,409.186,6.25511,6.22,6.171,72.0023,3.25328,3.11333,14.1922,17.4914,770.375,771.515,8.72958,5.64026,4.45336,7.55196,6.03057,17.8747,17.8747,1.0,1.0,1
30453,30.05.2024 16:53:37.370000,447.912,409.186,6.25511,6.22,6.171,72.0023,3.25328,3.11333,14.1922,17.4914,770.375,771.515,8.72958,5.64026,4.45336,7.55196,6.03057,17.8747,17.8747,1.0,1.0,1
30454,30.05.2024 16:53:37.380000,450.22,409.186,6.25511,6.22,6.121,72.9201,3.24578,3.11161,13.2367,12.6448,770.525,771.575,8.64893,6.31305,4.48157,7.59111,6.03057,17.7445,17.7445,1.0,1.0,1
30455,30.05.2024 16:53:37.390000,461.261,383.313,6.23231,6.218,6.068,73.8582,3.22709,3.10424,13.2367,12.6448,770.525,771.575,8.64893,6.31305,4.48157,7.59111,6.0324,17.7373,17.7373,1.0,1.0,1
30456,30.05.2024 16:53:37.400000,443.133,399.463,6.23231,6.129,6.106,73.8582,3.22389,3.10596,14.9455,13.0009,770.635,771.585,8.676,6.824,4.43394,7.56757,6.0324,17.7373,17.7373,1.0,1.0,1
30457,30.05.2024 16:53:37.410000,438.025,405.066,6.16507,6.117,6.081,74.7762,3.22366,3.1039,13.2194,13.1685,770.765,771.57,8.3167,7.08926,4.27613,7.69972,6.03334,17.6866,17.6866,1.0,1.0,1
30458,30.05.2024 16:53:37.420000,438.025,405.066,6.1143,6.117,6.081,75.5209,3.22628,3.09426,13.2194,13.1685,770.765,771.57,8.3167,7.08926,4.27613,7.69972,6.03334,17.5926,17.5926,1.0,1.0,1
30459,30.05.2024 16:53:37.430000,448.16,380.099,6.1143,6.156,6.033,75.5209,3.23948,3.10064,14.553,12.7671,770.91,771.575,7.93447,6.90135,4.09005,7.6173,6.03424,17.5926,17.5926,1.0,1.0,1
30460,30.05.2024 16:53:37.440000,448.16,368.564,6.08027,6.151,6.033,76.4211,3.25708,3.10911,16.4762,14.5745,771.0,771.645,7.68711,6.68164,4.06861,7.58703,6.03491,17.5926,17.5926,1.0,1.0,1
30461,30.05.2024 16:53:37.450000,454.422,368.564,6.08027,6.151,5.998,77.0784,3.27793,3.11202,16.4762,14.5745,771.0,771.645,7.68711,6.68164,4.06861,7.58703,6.03491,17.5926,17.5926,1.0,1.0,1
30462,30.05.2024 16:53:37.460000,465.051,374.991,6.08713,6.062,5.938,77.0784,3.29374,3.11723,17.806,15.5192,771.105,771.715,6.94469,7.03122,4.16132,7.65045,6.03556,17.6794,17.6794,1.0,1.0,1
30463,30.05.2024 16:53:37.470000,465.051,374.991,6.08713,6.062,5.938,77.0784,3.29374,3.11723,17.806,15.5192,771.105,771.715,6.94469,7.03122,4.16132,7.65045,6.03556,17.6794,17.6794,1.0,1.0,1
30464,30.05.2024 16:53:37.480000,465.051,374.991,6.10593,6.062,5.938,77.6755,3.31193,3.12164,17.981,14.5317,771.275,771.795,6.45221,7.14156,3.98636,7.60972,6.03591,18.0338,18.0338,1.0,1.0,1
30465,30.05.2024 16:53:37.490000,465.051,374.991,6.10593,6.062,5.938,77.6755,3.31193,3.12164,17.981,14.5317,771.275,771.795,6.45221,7.14156,3.98636,7.60972,6.03591,18.0338,18.0338,1.0,1.0,1
30466,30.05.2024 16:53:37.500000,458.295,393.86,6.06591,6.014,5.948,78.2579,3.27699,3.11499,17.1114,14.4125,771.395,771.835,6.32862,7.53278,3.95533,7.58758,6.03618,18.0338,18.0338,1.0,1.0,1
30467,30.05.2024 16:53:37.510000,458.295,393.86,6.06591,6.014,5.948,78.2579,3.27699,3.11499,17.1114,14.4125,771.395,771.835,6.32862,7.53278,3.95533,7.58758,6.03618,18.0338,18.0338,1.0,1.0,1
30468,30.05.2024 16:53:37.520000,426.901,369.058,6.00375,6.053,5.996,78.6718,3.20496,3.11672,14.6367,13.8484,771.495,771.83,6.09786,7.56849,3.83272,7.47642,6.03688,18.3232,18.3232,1.0,1.0,1
30469,30.05.2024 16:53:37.530000,426.901,369.058,6.00375,6.053,5.996,78.6718,3.20496,3.11672,14.6367,13.8484,771.495,771.83,6.09786,7.56849,3.83272,7.47642,6.03688,18.3232,18.3232,1.0,1.0,1
30470,30.05.2024 16:53:37.540000,417.508,325.14,5.97547,6.058,5.926,79.3776,3.18252,3.11833,13.4226,16.1843,771.565,771.85,5.68397,7.12606,3.68796,7.5253,6.03757,18.3883,18.3883,1.0,1.0,1
30471,30.05.2024 16:53:37.550000,417.508,325.14,5.97547,6.058,5.926,79.3776,3.18252,3.11833,13.4226,16.1843,771.565,771.85,5.68397,7.12606,3.68796,7.5253,6.03757,18.3883,18.3883,1.0,1.0,1
30472,30.05.2024 16:53:37.560000,404.159,329.59,6.02203,5.989,5.989,79.6763,3.18384,3.10619,11.0098,14.5414,771.63,771.96,5.18832,6.68098,3.60005,7.51436,6.03839,18.3955,18.3955,1.0,1.0,1
30473,30.05.2024 16:53:37.570000,385.62,300.009,6.02479,6.027,5.915,79.9025,3.19405,3.08342,11.912,14.4194,771.82,772.19,4.30611,7.1019,3.11279,7.34926,6.03874,18.4896,18.4896,1.0,1.0,1
30474,30.05.2024 16:53:37.580000,385.62,300.009,6.02479,6.027,5.915,79.9025,3.19405,3.08342,11.912,14.4194,771.82,772.19,4.30611,7.1019,3.11279,7.34926,6.03874,18.4896,18.4896,1.0,1.0,1
30475,30.05.2024 16:53:37.590000,385.62,300.009,5.97926,6.027,5.915,80.0927,3.19575,3.0725,11.5125,12.3956,771.915,772.24,4.20218,7.17523,2.90309,7.09664,6.03874,18.4896,18.4896,1.0,1.0,1
30476,30.05.2024 16:53:37.600000,385.62,300.009,5.97926,6.027,5.915,80.0927,3.19575,3.0725,11.5125,12.3956,771.915,772.24,4.20218,7.17523,2.90309,7.09664,6.03874,18.4896,18.4896,1.0,1.0,1
30477,30.05.2024 16:53:37.610000,365.597,267.874,5.98191,5.983,5.946,80.2991,3.20122,3.03202,12.9607,9.98811,771.96,772.26,4.15088,7.1869,2.78772,6.97,6.03914,18.2364,18.2364,1.0,1.0,1
30478,30.05.2024 16:53:37.620000,365.597,267.874,5.98191,5.983,5.946,80.2991,3.20122,3.03202,12.9607,9.98811,771.96,772.26,4.15088,7.1869,2.78772,6.97,6.03914,18.2364,18.2364,1.0,1.0,1
30479,30.05.2024 16:53:37.630000,343.844,259.058,6.02519,5.963,5.95,80.4928,3.18866,3.05033,12.4189,8.45931,772.005,772.315,4.04077,6.69619,2.6461,6.749,6.03885,18.5402,18.5402,1.0,1.0,1
30480,30.05.2024 16:53:37.640000,314.346,240.93,6.02839,6.004,6.014,80.6613,3.15923,3.06262,12.0265,10.6472,772.01,772.42,3.83984,6.11956,2.65034,6.72367,6.03826,18.533,18.533,1.0,1.0,1
30481,30.05.2024 16:53:37.650000,307.59,192.728,6.02773,6.052,5.938,80.8172,3.16286,3.07483,10.0403,9.60155,772.035,772.555,3.41669,6.10922,2.67658,6.54829,6.03799,18.533,18.533,1.0,1.0,1
30482,30.05.2024 16:53:37.660000,307.59,192.728,6.03654,6.052,5.938,80.9378,3.16521,3.08685,10.0403,9.60155,772.035,772.555,3.41669,6.10922,2.67658,6.54829,6.03799,18.5909,18.5909,1.0,1.0,1
30483,30.05.2024 16:53:37.670000,259.882,150.705,6.03654,6.016,6.009,80.9378,3.19433,3.09121,11.2031,11.9512,772.055,772.615,3.09753,6.24156,2.55191,6.3757,6.03799,18.5909,18.5909,1.0,1.0,1
30484,30.05.2024 16:53:37.680000,259.882,152.93,6.08791,5.969,6.009,81.0103,3.19305,3.09225,13.2125,13.4905,772.1,772.675,2.66945,6.17087,2.47629,6.25709,6.03787,18.7355,18.7355,1.0,1.0,1
30485,30.05.2024 16:53:37.690000,248.758,152.93,6.08791,5.969,5.943,80.9444,3.19584,3.0929,13.2125,13.4905,772.1,772.675,2.66945,6.17087,2.47629,6.25709,6.03787,18.7355,18.7355,1.0,1.0,1
30486,30.05.2024 16:53:37.700000,248.758,152.93,6.08791,5.969,5.943,80.9444,3.19584,3.0929,13.2125,13.4905,772.1,772.675,2.66945,6.17087,2.47629,6.25709,6.03787,18.7355,18.7355,1.0,1.0,1
30487,30.05.2024 16:53:37.710000,231.866,139.664,6.1186,5.985,5.991,80.9444,3.19091,3.09914,11.5854,8.70332,772.175,772.735,2.51357,5.77187,2.28755,6.15924,6.03769,18.8368,18.8368,1.0,1.0,1
30488,30.05.2024 16:53:37.720000,207.065,109.918,6.09317,6.024,6.032,81.0028,3.18136,3.10462,11.9929,12.8519,772.175,772.82,2.67796,5.4995,2.08833,6.10939,6.03753,18.8802,18.8802,1.0,1.0,1
30489,30.05.2024 16:53:37.730000,178.226,93.1915,6.11548,6.066,6.025,81.0818,3.1832,3.10489,11.5111,14.2181,772.175,772.935,2.54392,5.27585,1.877,5.88514,6.03799,18.6487,18.6487,1.0,1.0,1
30490,30.05.2024 16:53:37.740000,178.226,93.1915,6.14179,6.066,6.025,81.1756,3.19195,3.10466,11.5111,14.2181,772.175,772.935,2.54392,5.27585,1.877,5.88514,6.03799,18.6343,18.6343,1.0,1.0,1
30491,30.05.2024 16:53:37.750000,158.203,34.6893,6.14179,6.1,6.023,81.1756,3.19381,3.10297,11.113,9.69499,772.205,772.99,2.40446,5.25393,1.88881,5.79804,6.0378,18.6343,18.6343,1.0,1.0,1
30492,30.05.2024 16:53:37.760000,158.203,-21.6705,6.16527,6.116,6.023,81.1842,3.19831,3.10008,13.0704,12.0742,772.275,773.04,2.25772,5.19149,1.89878,5.7578,6.03763,18.8296,18.8296,1.0,1.0,1
30493,30.05.2024 16:53:37.770000,128.54,-21.6705,6.16527,6.116,6.054,81.2265,3.19097,3.09934,13.0704,12.0742,772.275,773.04,2.25772,5.19149,1.89878,5.7578,6.03763,18.8296,18.8296,1.0,1.0,1
30494,30.05.2024 16:53:37.780000,128.54,-21.6705,6.16527,6.116,6.054,81.2265,3.19097,3.09934,13.0704,12.0742,772.275,773.04,2.25772,5.19149,1.89878,5.7578,6.03763,18.8296,18.8296,1.0,1.0,1
30495,30.05.2024 16:53:37.790000,119.311,-54.6295,6.16197,6.098,6.006,81.2265,3.18306,3.09712,11.9809,12.8607,772.275,773.085,2.65932,4.89301,1.84729,5.72529,6.03783,18.7355,18.7355,1.0,1.0,1
30496,30.05.2024 16:53:37.800000,119.311,-54.6295,6.16197,6.098,6.006,81.2265,3.18306,3.09712,11.9809,12.8607,772.275,773.085,2.65932,4.89301,1.84729,5.72529,6.03783,18.7355,18.7355,1.0,1.0,1
30497,30.05.2024 16:53:37.810000,122.772,-55.2887,6.19179,6.056,6.012,81.2978,3.18919,3.10989,10.4538,10.124,772.28,773.15,2.61024,4.54343,1.93334,5.59532,6.03814,18.6849,18.6849,1.0,1.0,1
30498,30.05.2024 16:53:37.820000,122.772,-55.2887,6.19179,6.056,6.012,81.2978,3.18919,3.10989,10.4538,10.124,772.28,773.15,2.61024,4.54343,1.93334,5.59532,6.03814,18.6849,18.6849,1.0,1.0,1
30499,30.05.2024 16:53:37.830000,100.03,-35.7605,6.16449,5.99,6.095,81.313,3.20775,3.1126,12.8614,13.4298,772.295,773.23,2.72299,4.16991,1.94188,5.279,6.03826,18.5836,18.5836,0.0,1.0,1
30500,30.05.2024 16:53:37.840000,51.416,-110.001,6.18383,6.093,6.106,81.356,3.23016,3.11181,13.8397,12.1081,772.325,773.43,2.84584,4.50475,1.91492,5.22924,6.03854,18.6849,18.6849,0.0,1.0,1
30501,30.05.2024 16:53:37.850000,87.5885,-110.001,6.18383,6.093,6.03,81.3828,3.23112,3.11438,13.8397,12.1081,772.325,773.43,2.84584,4.50475,1.91492,5.22924,6.03854,18.6849,18.6849,0.0,1.0,1
30502,30.05.2024 16:53:37.860000,46.225,-126.068,6.22794,6.124,6.048,81.3828,3.23069,3.11441,13.9996,12.5828,772.4,773.45,3.1406,4.64359,1.71425,5.04694,6.03878,18.7355,18.7355,0.0,1.0,1
30503,30.05.2024 16:53:37.870000,87.5885,-110.001,6.18383,6.093,6.03,81.3828,3.23112,3.11438,13.9996,12.5828,772.4,773.45,3.1406,4.64359,1.71425,5.04694,6.03854,18.6849,18.6849,0.0,1.0,1
30504,30.05.2024 16:53:37.880000,0.0,-144.772,6.24221,6.108,6.11,81.4338,3.19929,3.10833,13.0285,15.4624,772.4,773.47,3.61913,4.50706,1.78363,4.95224,6.03918,18.6849,18.6849,0.0,1.0,1
30505,30.05.2024 16:53:37.890000,-14.9963,-141.064,6.21357,6.063,6.06,81.4007,3.18749,3.11552,12.8974,13.0444,772.4,773.51,3.97148,4.40727,1.80681,4.90323,6.03963,18.844,18.844,0.0,1.0,1
30506,30.05.2024 16:53:37.900000,-14.9963,-141.064,6.21357,6.063,6.06,81.4007,3.18749,3.11552,12.8974,13.0444,772.4,773.51,3.97148,4.40727,1.80681,4.90323,6.03963,18.844,18.844,0.0,1.0,1
30507,30.05.2024 16:53:37.910000,-14.9963,-141.064,6.18537,6.063,6.06,81.4579,3.17303,3.11911,12.1724,13.2219,772.405,773.555,4.10361,4.14034,1.7138,4.96518,6.03963,18.0556,18.0556,0.0,1.0,1
30508,30.05.2024 16:53:37.920000,-14.9963,-141.064,6.18537,6.063,6.06,81.4579,3.17303,3.11911,12.1724,13.2219,772.405,773.555,4.10361,4.14034,1.7138,4.96518,6.03963,18.0556,18.0556,0.0,1.0,1
30509,30.05.2024 16:53:37.930000,-31.4758,-193.716,6.16789,6.151,6.107,81.4248,3.16839,3.11417,10.9627,13.066,772.4,773.605,4.18143,3.88287,1.77472,4.95713,6.04091,18.0556,18.0556,0.0,1.0,1
30510,30.05.2024 16:53:37.940000,-31.4758,-193.716,6.16789,6.151,6.107,81.4248,3.16839,3.11417,10.9627,13.066,772.4,773.605,4.18143,3.88287,1.77472,4.95713,6.04091,18.0556,18.0556,0.0,1.0,1
30511,30.05.2024 16:53:37.950000,-111.813,-277.927,6.15054,6.228,6.12,81.4433,3.19254,3.10504,12.1362,12.8952,772.39,773.655,4.22405,4.0006,1.89279,4.7312,6.04164,17.7011,17.7011,0.0,1.0,1
30512,30.05.2024 16:53:37.960000,-100.113,-283.694,6.15899,6.153,6.031,81.4753,3.21274,3.10385,12.064,11.8102,772.425,773.675,4.05417,3.88859,1.7449,4.47406,6.04226,17.7011,17.7011,0.0,1.0,1
30513,30.05.2024 16:53:37.970000,-104.15,-258.316,6.176,6.072,6.037,81.507,3.20886,3.09082,12.1265,10.1165,772.465,773.75,4.21541,3.65748,1.58215,4.25562,6.04301,17.6939,17.6939,0.0,1.0,1
30514,30.05.2024 16:53:37.980000,-104.15,-258.316,6.14173,6.072,6.037,81.5415,3.19429,3.08848,12.1265,10.1165,772.465,773.75,4.21541,3.65748,1.58215,4.25562,6.04301,17.636,17.636,0.0,1.0,1
30515,30.05.2024 16:53:37.990000,-104.15,-258.316,6.14173,6.072,6.037,81.5415,3.19429,3.08848,12.1265,10.1165,772.465,773.75,4.21541,3.65748,1.58215,4.25562,6.04301,17.636,17.636,0.0,1.0,1
30516,30.05.2024 16:53:38.000000,-108.682,-250.571,6.14173,6.068,6.096,81.5415,3.16779,3.0877,13.431,10.3299,772.47,773.81,4.39056,3.73045,1.5941,4.24441,6.04367,17.1369,17.1369,0.0,1.0,1
30517,30.05.2024 16:53:38.010000,-111.896,-276.443,6.11244,6.116,6.057,81.5908,3.15087,3.08321,11.186,11.1079,772.49,773.84,4.56489,3.9301,1.51867,4.07665,6.04423,17.1369,17.1369,0.0,1.0,1
30518,30.05.2024 16:53:38.020000,-113.049,-312.945,6.08788,6.146,6.078,81.5908,3.15613,3.07972,10.2767,9.11046,772.48,773.87,4.55526,3.70185,1.35478,3.95616,6.04456,16.8909,16.8909,0.0,1.0,1
30519,30.05.2024 16:53:38.030000,-113.049,-312.945,6.09196,6.146,6.078,81.6072,3.17033,3.05989,10.2767,9.11046,772.48,773.87,4.55526,3.70185,1.35478,3.95616,6.04487,16.5509,16.5509,0.0,1.0,1
30520,30.05.2024 16:53:38.040000,-119.806,-315.17,6.09196,6.106,6.031,81.6072,3.17413,3.05826,11.9079,8.22986,772.475,773.905,4.35788,3.77768,1.43848,3.966,6.04487,16.5509,16.5509,0.0,1.0,1
30521,30.05.2024 16:53:38.050000,-114.697,-299.927,6.09991,6.028,6.03,81.675,3.17383,3.05829,11.5397,5.9841,772.495,773.905,4.24655,3.70955,1.30971,3.80953,6.0454,16.6088,16.6088,0.0,1.0,1
30522,30.05.2024 16:53:38.060000,-114.697,-299.927,6.07023,6.028,6.03,81.6923,3.17318,3.05648,11.5397,5.9841,772.495,773.905,4.24655,3.70955,1.30971,3.80953,6.0454,16.1603,16.1603,0.0,1.0,1
30523,30.05.2024 16:53:38.070000,-119.311,-299.927,6.07023,6.022,6.015,81.6923,3.16252,3.06026,10.2843,8.42102,772.515,773.95,4.02956,3.41361,1.31262,3.74398,6.04622,16.1603,16.1603,0.0,1.0,1
30524,30.05.2024 16:53:38.080000,-119.311,-313.605,6.05021,6.051,6.015,81.6532,3.16027,3.06718,11.6237,8.95051,772.51,774.005,3.97161,3.46146,1.27008,3.65952,6.04689,15.965,15.965,0.0,1.0,1
30525,30.05.2024 16:53:38.090000,-113.214,-313.605,6.05021,6.051,5.959,81.7012,3.15891,3.07014,11.6237,8.95051,772.51,774.005,3.97161,3.46146,1.27008,3.65952,6.04689,15.965,15.965,0.0,1.0,1
30526,30.05.2024 16:53:38.100000,-122.607,-326.459,6.06578,6.013,5.982,81.7012,3.15793,3.07108,10.2802,7.45845,772.54,774.04,3.83773,3.57112,1.13787,3.60564,6.0474,15.5454,15.5454,0.0,1.0,1
30527,30.05.2024 16:53:38.110000,-122.607,-326.459,6.06578,6.013,5.982,81.7012,3.15793,3.07108,10.2802,7.45845,772.54,774.04,3.83773,3.57112,1.13787,3.60564,6.0474,15.5454,15.5454,0.0,1.0,1
30528,30.05.2024 16:53:38.120000,-122.607,-326.459,6.07299,6.013,5.982,81.7001,3.15012,3.06822,10.0189,5.35415,772.555,774.065,3.81386,3.5238,1.12652,3.52831,6.04789,15.5454,15.5454,0.0,1.0,1
30529,30.05.2024 16:53:38.130000,-122.607,-326.459,6.07299,6.013,5.982,81.7001,3.15012,3.06822,10.0189,5.35415,772.555,774.065,3.81386,3.5238,1.12652,3.52831,6.04789,15.5454,15.5454,0.0,1.0,1
30530,30.05.2024 16:53:38.140000,-139.993,-322.339,6.06003,5.999,5.991,81.685,3.13935,3.06531,10.0806,7.78238,772.55,774.07,3.69912,3.4775,1.1334,3.39986,6.04822,15.2995,15.2995,0.0,1.0,1
30531,30.05.2024 16:53:38.150000,-139.993,-322.339,6.06003,5.999,5.991,81.685,3.13935,3.06531,10.0806,7.78238,772.55,774.07,3.69912,3.4775,1.1334,3.39986,6.04822,15.2995,15.2995,0.0,1.0,1
30532,30.05.2024 16:53:38.160000,-143.619,-355.38,6.05979,6.038,5.966,81.5941,3.13982,3.06636,7.54042,6.27108,772.56,774.085,3.49544,3.39685,1.0951,3.29767,6.04867,14.9088,14.9088,0.0,1.0,1
30533,30.05.2024 16:53:38.170000,-143.701,-371.036,6.07419,6.026,5.949,81.5185,3.15994,3.07357,10.9889,7.77668,772.585,774.105,3.42219,3.23375,0.983088,3.13092,6.04921,14.9088,14.9088,0.0,1.0,1
30534,30.05.2024 16:53:38.180000,-156.39,-368.069,6.09266,5.979,5.95,81.5185,3.16665,3.07573,10.9182,9.06755,772.58,774.14,3.31892,3.00835,0.984305,3.12751,6.04962,14.8076,14.8076,0.0,1.0,1
30535,30.05.2024 16:53:38.190000,-156.39,-368.069,6.09541,5.979,5.95,81.5754,3.17039,3.08177,10.9182,9.06755,772.58,774.14,3.31892,3.00835,0.984305,3.12751,6.05023,14.7497,14.7497,0.0,1.0,1
30536,30.05.2024 16:53:38.200000,-156.39,-368.069,6.09541,5.979,5.95,81.5754,3.17039,3.08177,10.9182,9.06755,772.58,774.14,3.31892,3.00835,0.984305,3.12751,6.05023,14.7497,14.7497,0.0,1.0,1
30537,30.05.2024 16:53:38.210000,-175.424,-368.646,6.09541,5.985,5.995,81.5754,3.16964,3.08078,10.031,8.55126,772.58,774.18,3.23042,3.09005,0.938441,3.03381,6.05023,14.7497,14.7497,0.0,1.0,1
30538,30.05.2024 16:53:38.220000,-175.424,-368.646,6.09541,5.985,5.995,81.5754,3.16964,3.08078,10.031,8.55126,772.58,774.18,3.23042,3.09005,0.938441,3.03381,6.05023,14.7497,14.7497,0.0,1.0,1
30539,30.05.2024 16:53:38.230000,-202.533,-401.523,6.11342,6.04,6.019,81.6379,3.1674,3.08528,11.454,10.396,772.575,774.22,3.06678,3.16563,0.915747,3.02263,6.05084,14.1927,14.1927,0.0,1.0,1
30540,30.05.2024 16:53:38.240000,-202.533,-401.523,6.11342,6.04,6.019,81.6379,3.1674,3.08528,11.454,10.396,772.575,774.22,3.06678,3.16563,0.915747,3.02263,6.05084,14.1927,14.1927,0.0,1.0,1
30541,30.05.2024 16:53:38.250000,-209.949,-410.174,6.12637,6.045,6.0,81.6277,3.18585,3.09461,12.4645,9.81669,772.6,774.22,2.72899,3.35775,0.947009,2.76116,6.05121,13.9034,13.9034,0.0,1.0,1
30542,30.05.2024 16:53:38.260000,-209.949,-410.174,6.12637,6.045,6.0,81.6277,3.18585,3.09461,12.4645,9.81669,772.6,774.22,2.72899,3.35775,0.947009,2.76116,6.05121,13.9034,13.9034,0.0,1.0,1
30543,30.05.2024 16:53:38.270000,-220.248,-405.066,6.15232,6.043,5.993,81.7443,3.1931,3.10261,12.4818,10.703,772.605,774.245,2.72704,3.21822,0.915526,2.7466,6.05164,14.1493,14.1493,0.0,1.0,1
30544,30.05.2024 16:53:38.280000,-246.533,-404.736,6.15956,6.075,6.013,81.7606,3.19059,3.10464,12.4794,11.1932,772.6,774.245,2.62285,3.33803,0.980029,2.77087,6.052,14.1493,14.1493,0.0,1.0,1
30545,30.05.2024 16:53:38.290000,-274.301,-403.912,6.17613,6.088,6.047,81.697,3.19158,3.10331,11.6373,10.0013,772.62,774.295,2.6021,3.1213,0.835265,2.65618,6.05268,13.7442,13.7442,0.0,1.0,1
30546,30.05.2024 16:53:38.300000,-274.301,-403.912,6.18457,6.088,6.047,81.6637,3.1929,3.10138,11.6373,10.0013,772.62,774.295,2.6021,3.1213,0.835265,2.65618,6.05268,13.5489,13.5489,0.0,1.0,1
30547,30.05.2024 16:53:38.310000,-295.889,-404.901,6.18457,6.092,6.071,81.6637,3.19757,3.10225,12.7483,10.1224,772.655,774.33,2.57877,3.22968,0.863219,2.68336,6.05321,13.5489,13.5489,0.0,1.0,1
30548,30.05.2024 16:53:38.320000,-295.889,-411.081,6.18435,6.121,6.071,81.91,3.19726,3.10232,12.6357,7.7595,772.665,774.33,2.86207,3.7031,0.862166,2.68329,6.05396,13.4332,13.4332,0.0,1.0,1
30549,30.05.2024 16:53:38.330000,-320.444,-411.081,6.18435,6.121,6.071,81.894,3.19416,3.10234,12.6357,7.7595,772.665,774.33,2.86207,3.7031,0.862166,2.68329,6.05396,13.4332,13.4332,0.0,1.0,1
30550,30.05.2024 16:53:38.340000,-331.814,-399.875,6.1763,6.169,6.111,81.894,3.19565,3.10331,11.7873,6.88026,772.66,774.32,2.96716,3.66298,0.856715,2.82784,6.05453,13.4259,13.4259,0.0,1.0,1
30551,30.05.2024 16:53:38.350000,-331.814,-399.875,6.19489,6.169,6.111,81.7499,3.19562,3.10443,11.7873,6.88026,772.66,774.32,2.96716,3.66298,0.856715,2.82784,6.05524,13.4332,13.4332,0.0,1.0,1
30552,30.05.2024 16:53:38.360000,-351.095,-401.605,6.19489,6.181,6.102,81.7499,3.19665,3.10452,12.6592,11.3697,772.645,774.33,3.02008,3.54168,0.753184,2.81739,6.05524,13.4332,13.4332,0.0,1.0,1
30553,30.05.2024 16:53:38.370000,-351.095,-401.605,6.19489,6.181,6.102,81.7499,3.19665,3.10452,12.6592,11.3697,772.645,774.33,3.02008,3.54168,0.753184,2.81739,6.05524,13.4332,13.4332,0.0,1.0,1
30554,30.05.2024 16:53:38.380000,-361.23,-395.672,6.18354,6.17,6.085,81.7996,3.19698,3.10551,11.6547,9.52471,772.645,774.36,2.85458,3.49902,0.761389,2.85044,6.05591,13.4404,13.4404,0.0,1.0,1
30555,30.05.2024 16:53:38.390000,-361.23,-395.672,6.18354,6.17,6.085,81.7996,3.19698,3.10551,11.6547,9.52471,772.645,774.36,2.85458,3.49902,0.761389,2.85044,6.05591,13.4404,13.4404,0.0,1.0,1
30556,30.05.2024 16:53:38.400000,-364.197,-401.028,6.18047,6.154,6.119,81.7949,3.19476,3.10596,10.5814,9.21325,772.69,774.385,2.79465,3.52744,0.695975,2.77343,6.05667,13.057,13.057,0.0,1.0,1
30557,30.05.2024 16:53:38.410000,-369.058,-401.358,6.17392,6.153,6.139,81.7105,3.19131,3.1054,13.6346,10.5502,772.69,774.43,3.03067,3.59513,0.634822,2.73359,6.05749,12.7532,12.7532,0.0,1.0,1
30558,30.05.2024 16:53:38.420000,-362.137,-404.077,6.17454,6.161,6.119,81.7105,3.19005,3.10482,12.7602,10.0289,772.705,774.465,3.09595,3.88925,0.698065,2.89869,6.05797,12.5434,12.5434,0.0,1.0,1
30559,30.05.2024 16:53:38.430000,-362.137,-404.077,6.17454,6.161,6.119,81.7105,3.19005,3.10482,12.7602,10.0289,772.705,774.465,3.09595,3.88925,0.698065,2.89869,6.05797,12.5434,12.5434,0.0,1.0,1
30560,30.05.2024 16:53:38.440000,-362.137,-404.077,6.16675,6.161,6.119,81.9641,3.18594,3.10458,11.0462,8.6241,772.7,774.46,3.38275,4.30601,0.759692,2.91653,6.05866,12.5434,12.5434,0.0,1.0,1
30561,30.05.2024 16:53:38.450000,-362.137,-404.077,6.16675,6.161,6.119,81.9641,3.18594,3.10458,11.0462,8.6241,772.7,774.46,3.38275,4.30601,0.759692,2.91653,6.05866,12.5434,12.5434,0.0,1.0,1
30562,30.05.2024 16:53:38.460000,-362.549,-404.571,6.15817,6.129,6.078,81.8921,3.1842,3.10456,11.5791,10.0577,772.68,774.48,3.46399,4.22781,0.686976,2.92532,6.05949,12.3987,12.3987,0.0,1.0,1
30563,30.05.2024 16:53:38.470000,-358.017,-399.38,6.15367,6.11,6.053,81.8113,3.17708,3.10107,11.7246,10.6412,772.66,774.47,3.22574,4.3048,0.674124,2.93265,6.06037,11.943,11.943,0.0,1.0,1
30564,30.05.2024 16:53:38.480000,-358.017,-406.055,6.15131,6.107,6.053,81.7528,3.17573,3.09862,10.4377,9.51657,772.675,774.5,3.14943,4.16329,0.631518,2.7913,6.06124,12.1889,12.1889,0.0,1.0,1
30565,30.05.2024 16:53:38.490000,-356.369,-406.055,6.15131,6.107,6.073,81.6931,3.17553,3.09538,10.4377,9.51657,772.675,774.5,3.14943,4.16329,0.631518,2.7913,6.06124,12.1889,12.1889,0.0,1.0,1
30566,30.05.2024 16:53:38.500000,-356.369,-406.055,6.15131,6.107,6.073,81.6931,3.17553,3.09538,10.4377,9.51657,772.675,774.5,3.14943,4.16329,0.631518,2.7913,6.06124,12.1889,12.1889,0.0,1.0,1
30567,30.05.2024 16:53:38.510000,-359.83,-404.654,6.14506,6.108,6.083,81.6931,3.17277,3.09412,10.3021,8.46465,772.7,774.53,3.04395,4.06562,0.730399,2.79462,6.0622,12.1889,12.1889,0.0,1.0,1
30568,30.05.2024 16:53:38.520000,-359.83,-404.654,6.14506,6.108,6.083,81.6931,3.17277,3.09412,10.3021,8.46465,772.7,774.53,3.04395,4.06562,0.730399,2.79462,6.0622,12.1889,12.1889,0.0,1.0,1
30569,30.05.2024 16:53:38.530000,-359.253,-402.676,6.12889,6.098,6.08,81.626,3.16919,3.08897,9.46148,5.57599,772.7,774.585,3.09424,4.13005,0.73128,2.85637,6.06307,12.3409,12.3409,0.0,1.0,1
30570,30.05.2024 16:53:38.540000,-356.698,-390.564,6.12922,6.089,6.086,81.5742,3.16561,3.08427,11.0629,8.44726,772.675,774.595,3.11013,4.39278,0.737063,2.87618,6.06404,12.0877,12.0877,0.0,1.0,1
30571,30.05.2024 16:53:38.550000,-356.698,-390.564,6.12922,6.089,6.086,81.5742,3.16561,3.08427,11.0629,8.44726,772.675,774.595,3.11013,4.39278,0.737063,2.87618,6.06404,12.0877,12.0877,0.0,1.0,1
30572,30.05.2024 16:53:38.560000,-363.455,-400.699,6.12922,6.088,6.054,81.5742,3.15812,3.0823,10.8735,8.18566,772.66,774.6,2.93928,4.28558,0.669993,2.77497,6.06523,12.0153,12.0153,0.0,1.0,1
30573,30.05.2024 16:53:38.570000,-350.848,-400.781,6.14412,6.082,6.018,81.5936,3.1493,3.08292,9.77175,5.0685,772.66,774.615,2.82051,4.1056,0.641818,2.66661,6.06593,12.0153,12.0153,0.0,1.0,1
30574,30.05.2024 16:53:38.580000,-352.661,-402.594,6.14502,6.065,6.022,81.5936,3.1464,3.08416,11.1152,9.01024,772.66,774.64,2.57465,4.00303,0.592177,2.59306,6.06685,11.8779,11.8779,0.0,1.0,1
30575,30.05.2024 16:53:38.590000,-352.661,-402.594,6.14991,6.065,6.022,81.6043,3.14551,3.08286,11.1152,9.01024,772.66,774.64,2.57465,4.00303,0.592177,2.59306,6.06769,11.9285,11.9285,0.0,1.0,1
30576,30.05.2024 16:53:38.600000,-352.661,-402.594,6.14991,6.065,6.022,81.6043,3.14551,3.08286,11.1152,9.01024,772.66,774.64,2.57465,4.00303,0.592177,2.59306,6.06769,11.9285,11.9285,0.0,1.0,1
30577,30.05.2024 16:53:38.610000,-358.429,-399.463,6.14991,6.065,5.999,81.6043,3.14593,3.0836,10.2228,6.81594,772.67,774.69,2.6515,3.82444,0.455443,2.45642,6.06769,11.9285,11.9285,0.0,1.0,1
30578,30.05.2024 16:53:38.620000,-358.429,-399.463,6.14991,6.065,5.999,81.6043,3.14593,3.0836,10.2228,6.81594,772.67,774.69,2.6515,3.82444,0.455443,2.45642,6.06769,11.9285,11.9285,0.0,1.0,1
30579,30.05.2024 16:53:38.630000,-360.736,-394.931,6.15735,6.082,6.012,81.5068,3.14909,3.08462,8.83033,5.29357,772.675,774.715,2.56308,3.89508,0.441802,2.58913,6.06867,11.7332,11.7332,0.0,1.0,1
30580,30.05.2024 16:53:38.640000,-360.736,-394.931,6.15735,6.082,6.012,81.5068,3.14909,3.08462,8.83033,5.29357,772.675,774.715,2.56308,3.89508,0.441802,2.58913,6.06867,11.7332,11.7332,0.0,1.0,1
30581,30.05.2024 16:53:38.650000,-355.051,-405.148,6.16477,6.1,5.993,81.4939,3.16166,3.08769,9.98296,7.39605,772.66,774.735,2.63392,3.86644,0.28649,2.54236,6.07045,11.8345,11.8345,0.0,1.0,1
30582,30.05.2024 16:53:38.660000,-361.066,-401.852,6.17516,6.097,6.003,81.5207,3.1743,3.08892,10.8283,6.72226,772.65,774.765,2.62465,3.6722,0.224806,2.42492,6.0713,11.7911,11.7911,0.0,1.0,1
30583,30.05.2024 16:53:38.670000,-361.066,-401.852,6.1914,6.097,6.003,81.5407,3.18094,3.09039,10.8283,6.72226,772.65,774.765,2.62465,3.6722,0.224806,2.42492,6.07227,11.6247,11.6247,0.0,1.0,1
30584,30.05.2024 16:53:38.680000,-361.066,-401.852,6.1914,6.097,6.003,81.5407,3.18094,3.09039,10.8283,6.72226,772.65,774.765,2.62465,3.6722,0.224806,2.42492,6.07227,11.6247,11.6247,0.0,1.0,1
30585,30.05.2024 16:53:38.690000,-357.687,-404.736,6.1914,6.098,6.03,81.5407,3.18201,3.09104,11.2221,7.56636,772.65,774.77,2.57452,3.51504,0.175139,2.40696,6.07227,11.0749,11.0749,0.0,1.0,1
30586,30.05.2024 16:53:38.700000,-357.687,-404.736,6.1914,6.098,6.03,81.5407,3.18201,3.09104,11.2221,7.56636,772.65,774.77,2.57452,3.51504,0.175139,2.40696,6.07227,11.0749,11.0749,0.0,1.0,1
30587,30.05.2024 16:53:38.710000,-357.934,-401.77,6.19957,6.094,6.053,81.4889,3.17939,3.09329,10.3031,5.33524,772.655,774.8,2.53846,3.44373,0.0900027,2.42694,6.07295,10.8724,10.8724,0.0,1.0,1
30588,30.05.2024 16:53:38.720000,-357.934,-401.77,6.19957,6.094,6.053,81.4889,3.17939,3.09329,10.3031,5.33524,772.655,774.8,2.53846,3.44373,0.0900027,2.42694,6.07295,10.8724,10.8724,0.0,1.0,1
30589,30.05.2024 16:53:38.730000,-361.56,-400.122,6.19439,6.144,6.062,81.51,3.17617,3.09827,9.63446,7.00704,772.66,774.88,2.66381,3.55427,0.0338579,2.49116,6.07452,10.7205,10.7205,0.0,1.0,1
30590,30.05.2024 16:53:38.740000,-361.807,-399.38,6.19745,6.178,6.107,81.5759,3.1806,3.09966,12.0207,6.00255,772.65,774.875,2.72208,3.68179,0.0618998,2.42919,6.07551,10.7205,10.7205,0.0,1.0,1
30591,30.05.2024 16:53:38.750000,-361.807,-399.38,6.19745,6.178,6.107,81.5759,3.1806,3.09966,12.0207,6.00255,772.65,774.875,2.72208,3.68179,0.0618998,2.42919,6.07551,10.7205,10.7205,0.0,1.0,1
30592,30.05.2024 16:53:38.760000,-361.807,-399.38,6.20261,6.178,6.107,81.5457,3.19159,3.10438,12.3293,9.28498,772.64,774.875,2.67015,3.39197,0.0094744,2.48657,6.07597,10.9158,10.9158,0.0,1.0,1
30593,30.05.2024 16:53:38.770000,-361.807,-399.38,6.20261,6.178,6.107,81.5457,3.19159,3.10438,12.3293,9.28498,772.64,774.875,2.67015,3.39197,0.0094744,2.48657,6.07597,10.9158,10.9158,0.0,1.0,1
30594,30.05.2024 16:53:38.780000,-363.373,-398.721,6.20462,6.191,6.127,81.5976,3.20633,3.1085,11.9081,9.29002,772.645,774.89,2.70344,3.35112,0.0326945,2.53742,6.07673,11.263,11.263,0.0,1.0,1
30595,30.05.2024 16:53:38.790000,-363.373,-398.721,6.20462,6.191,6.127,81.5976,3.20633,3.1085,11.9081,9.29002,772.645,774.89,2.70344,3.35112,0.0326945,2.53742,6.07673,11.263,11.263,0.0,1.0,1
30596,30.05.2024 16:53:38.800000,-359.5,-402.099,6.19726,6.18,6.138,81.6133,3.21885,3.11321,13.3572,6.64336,772.64,774.905,2.75149,3.26709,-0.0407919,2.60395,6.07754,11.2775,11.2775,0.0,1.0,1
30597,30.05.2024 16:53:38.810000,-363.208,-405.148,6.19939,6.172,6.105,81.571,3.21857,3.12218,13.4735,7.69367,772.645,774.96,2.79203,3.1101,0.0105387,2.56169,6.07861,11.169,11.169,0.0,1.0,1
30598,30.05.2024 16:53:38.820000,-363.208,-405.231,6.18894,6.171,6.13,81.571,3.21499,3.1252,13.8228,7.93871,772.64,775.01,2.90415,3.32259,-0.0841917,2.50022,6.07935,10.8652,10.8652,0.0,1.0,1
30599,30.05.2024 16:53:38.830000,-363.208,-405.231,6.18151,6.171,6.13,81.5876,3.2131,3.13024,13.8228,7.93871,772.64,775.01,2.90415,3.32259,-0.0841917,2.50022,6.07976,10.8652,10.8652,0.0,1.0,1
