,time,Pinceur Inf Mesure de courant,Pinceur Sup Mesure de courant,Mandrin - Vitesse Actuelle,Pinceur Sup Mesure vitesse lineaire,Pinceur Inf Mesure vitesse lineaire,Mandrin - Mesure Expansion,Pinceur Nord Position entrefer estimee,Pinceur Sud Position entrefer estimee,Pinceur Nord Force entrefer calibree,Pinceur Sud Force entrefer calibree,Guides Nord Entree Position mesuree,Guides Nord Sortie Position mesuree,Guides Nord Entree Force pour regulateur PI,Guides Nord Sortie Force pour regulateur PI,Guides Sud Entree Force pour regulateur PI,Guides Sud Sortie Force pour regulateur PI,Mandrin - Vitesse Actuelle F10,_Excentrage largeur bande jauge bob,_Excentrage largeur bande jauge bob.1,TDB pinceur,Fenetre,Declancheur
14400,30.05.2024 12:26:45.630000,214.975,104.315,8.58171,8.501,8.27,31.5743,4.13104,3.08419,41.1128,11.5157,1013.24,1004.83,-46.4416,-51.8543,0.207125,-0.539278,7.47221,15.2488,15.2488,1.0,1.0,1
14401,30.05.2024 12:26:45.640000,270.511,120.053,8.58171,8.51,8.198,31.5348,3.93124,3.12102,32.7656,19.8379,1013.24,1004.84,-46.3774,-51.7876,0.135585,-0.588953,7.47295,14.2361,14.2361,1.0,1.0,1
14402,30.05.2024 12:26:45.650000,270.511,120.053,8.58429,8.51,8.198,31.5348,3.71081,3.17725,32.7656,19.8379,1013.24,1004.84,-46.3774,-51.7876,0.135585,-0.588953,7.47407,14.2361,14.2361,1.0,1.0,1
14403,30.05.2024 12:26:45.660000,331.979,140.735,8.58429,8.484,8.146,31.5236,3.33176,3.27978,13.4888,18.9084,1013.24,1004.84,-46.3368,-51.7095,0.0616253,-0.662153,7.47407,14.2289,14.2289,1.0,1.0,1
14404,30.05.2024 12:26:45.670000,377.298,174.435,8.58429,8.419,8.028,31.5236,3.22054,3.32712,-3.58767,24.5192,1013.24,1004.84,-46.4407,-51.7625,0.157096,-0.58034,7.47557,14.2289,14.2289,1.0,1.0,1
14405,30.05.2024 12:26:45.680000,377.298,174.435,8.58495,8.419,8.028,31.5684,3.19457,3.36962,-3.58767,24.5192,1013.24,1004.84,-46.4407,-51.7625,0.157096,-0.58034,7.47557,14.2289,14.2289,1.0,1.0,1
14406,30.05.2024 12:26:45.690000,459.036,249.747,8.58495,8.29,7.908,31.5756,3.40729,3.38895,-6.71147,37.8508,1013.24,1004.84,-46.3885,-51.7963,0.0595501,-0.663836,7.47686,13.7731,13.7731,1.0,1.0,1
14407,30.05.2024 12:26:45.700000,459.036,249.747,8.58495,8.29,7.908,31.5756,3.40729,3.38895,-6.71147,37.8508,1013.24,1004.84,-46.3885,-51.7963,0.0595501,-0.663836,7.47686,13.7731,13.7731,1.0,1.0,1
14408,30.05.2024 12:26:45.710000,459.036,343.432,8.58316,8.172,7.908,31.5756,3.60341,3.36656,2.9282,38.7188,1013.24,1004.84,-46.3905,-51.7781,0.107768,-0.652529,7.47817,11.4294,11.4294,1.0,1.0,1
14409,30.05.2024 12:26:45.720000,459.036,343.432,8.58316,8.172,7.908,31.5756,3.60341,3.36656,2.9282,38.7188,1013.24,1004.84,-46.3905,-51.7781,0.107768,-0.652529,7.47817,11.4294,11.4294,1.0,1.0,1
14410,30.05.2024 12:26:45.730000,587.164,418.002,8.58316,8.15,7.748,31.5624,4.00354,3.29576,21.4334,28.4683,1013.24,1004.84,-46.4485,-51.8162,0.236441,-0.623583,7.47948,9.80179,9.80179,1.0,1.0,1
14411,30.05.2024 12:26:45.740000,587.164,418.002,8.58316,8.15,7.748,31.5624,4.00354,3.29576,21.4334,28.4683,1013.24,1004.84,-46.4485,-51.8162,0.236441,-0.623583,7.47948,9.80179,9.80179,1.0,1.0,1
14412,30.05.2024 12:26:45.750000,628.116,477.905,8.59448,8.062,7.658,31.5359,4.20586,3.22594,33.8924,22.7015,1013.24,1004.84,-46.4604,-51.8747,0.17768,-0.696352,7.48136,7.32061,7.32061,1.0,1.0,1
14413,30.05.2024 12:26:45.760000,703.921,589.718,8.59054,7.886,7.597,31.557,4.04293,3.18109,36.8545,25.2428,1013.24,1004.84,-46.3322,-51.7407,0.216994,-0.742613,7.48242,4.33304,4.33304,1.0,1.0,1
14414,30.05.2024 12:26:45.770000,723.779,638.086,8.59054,7.896,7.587,31.5243,3.75428,3.16546,31.231,21.5926,1013.24,1004.84,-46.06,-51.7064,0.355716,-0.663775,7.48423,4.45602,4.45602,1.0,1.0,1
14415,30.05.2024 12:26:45.780000,723.779,638.086,8.59054,7.896,7.587,31.5243,3.75428,3.16546,31.231,21.5926,1013.24,1004.84,-46.06,-51.7064,0.355716,-0.663775,7.48423,4.45602,4.45602,1.0,1.0,1
14416,30.05.2024 12:26:45.790000,723.779,658.108,8.58494,7.896,7.587,31.5243,3.59657,3.16602,16.858,16.5396,1013.14,1004.84,-44.1752,-51.6026,0.385291,-0.617811,7.4857,3.73264,3.73264,1.0,1.0,1
14417,30.05.2024 12:26:45.800000,704.004,687.524,8.58494,7.84,7.602,31.5787,3.33544,3.18222,4.38688,18.7386,1012.89,1004.83,-39.9332,-51.512,0.313922,-0.612803,7.48758,4.72367,4.72367,1.0,1.0,1
14418,30.05.2024 12:26:45.810000,704.004,687.524,8.59433,7.84,7.602,31.5787,3.27768,3.19462,4.38688,18.7386,1012.89,1004.83,-39.9332,-51.512,0.313922,-0.612803,7.48889,4.72367,4.72367,1.0,1.0,1
14419,30.05.2024 12:26:45.820000,700.213,696.917,8.59433,7.741,7.627,31.5074,3.29343,3.20012,-1.62759,24.7476,1012.53,1004.83,-32.2788,-51.3935,0.191756,-0.619108,7.48889,4.50666,4.50666,1.0,1.0,1
14420,30.05.2024 12:26:45.830000,699.389,693.457,8.59433,7.763,7.596,31.5074,3.36702,3.20591,2.32153,23.8539,1011.65,1004.83,-21.4954,-51.0233,0.338637,-0.545279,7.48923,2.77778,2.77778,1.0,1.0,1
14421,30.05.2024 12:26:45.840000,699.389,693.457,8.60189,7.763,7.596,31.5436,3.4759,3.21792,2.32153,23.8539,1011.65,1004.83,-21.4954,-51.0233,0.338637,-0.545279,7.48923,2.77778,2.77778,1.0,1.0,1
14422,30.05.2024 12:26:45.850000,698.977,692.798,8.60189,7.739,7.594,31.5346,3.5801,3.22133,7.28491,21.0172,1010.23,1004.82,-11.3884,-49.8809,0.361377,-0.429861,7.49056,2.77778,2.77778,1.0,1.0,1
14423,30.05.2024 12:26:45.860000,698.977,692.798,8.60189,7.739,7.594,31.5346,3.75436,3.22363,7.28491,21.0172,1010.23,1004.82,-11.3884,-49.8809,0.361377,-0.429861,7.49122,2.77778,2.77778,1.0,1.0,1
14424,30.05.2024 12:26:45.870000,698.977,692.798,8.60189,7.739,7.594,31.5346,3.75436,3.22363,7.28491,21.0172,1010.23,1004.82,-11.3884,-49.8809,0.361377,-0.429861,7.49122,2.77778,2.77778,1.0,1.0,1
14425,30.05.2024 12:26:45.880000,694.281,694.034,8.60194,7.68,7.605,31.5181,3.80573,3.22507,17.0386,26.3933,1008.72,1004.73,-3.53227,-46.7939,0.274405,-0.496729,7.49122,0.904225,0.904225,1.0,1.0,1
14426,30.05.2024 12:26:45.890000,697.082,693.21,8.59773,7.651,7.588,31.5392,3.79449,3.22014,21.3522,24.6234,1006.97,1004.52,2.28356,-41.4349,0.294791,-0.620096,7.4927,-0.253186,-0.253186,1.0,1.0,1
14427,30.05.2024 12:26:45.900000,696.094,689.996,8.59773,7.655,7.58,31.5734,3.73115,3.22451,21.2567,19.5955,1005.24,1004.15,5.95712,-34.2899,0.27156,-0.556597,7.4927,-0.253186,-0.253186,1.0,1.0,1
14428,30.05.2024 12:26:45.910000,687.771,688.678,8.59773,7.647,7.554,31.5734,3.65291,3.22462,16.9163,21.15,1003.35,1003.59,9.02713,-24.9887,0.183165,-0.604059,7.49362,-1.64931,-1.64931,1.0,1.0,1
14429,30.05.2024 12:26:45.920000,687.771,688.678,8.59773,7.647,7.554,31.5734,3.65291,3.22462,16.9163,21.15,1003.35,1003.59,9.02713,-24.9887,0.183165,-0.604059,7.49362,-1.64931,-1.64931,1.0,1.0,1
14430,30.05.2024 12:26:45.930000,687.771,688.678,8.60558,7.647,7.554,31.564,3.5599,3.22484,11.397,23.2843,1001.34,1002.45,11.077,-14.305,0.111514,-0.61233,7.49362,-2.41609,-2.41609,1.0,1.0,1
14431,30.05.2024 12:26:45.940000,686.865,684.723,8.60509,7.597,7.574,31.6205,3.33887,3.21798,11.397,23.2843,1001.34,1002.45,11.077,-14.305,0.111514,-0.61233,7.49538,-2.41609,-2.41609,1.0,1.0,1
14432,30.05.2024 12:26:45.950000,688.925,684.723,8.60509,7.597,7.592,31.6348,3.31003,3.21201,3.70461,23.151,999.3,1000.77,11.9811,-6.51008,0.162711,-0.471617,7.49538,-2.41609,-2.41609,1.0,1.0,1
14433,30.05.2024 12:26:45.960000,688.925,684.723,8.60509,7.597,7.592,31.6348,3.31003,3.21201,3.70461,23.151,999.3,1000.77,11.9811,-6.51008,0.162711,-0.471617,7.49538,-2.41609,-2.41609,1.0,1.0,1
14434,30.05.2024 12:26:45.970000,692.633,686.7,8.60965,7.589,7.586,31.6139,3.30903,3.2056,1.31941,24.1885,997.265,999.12,12.8654,-2.61857,0.137137,-0.516123,7.49593,-2.84288,-2.84288,1.0,1.0,1
14435,30.05.2024 12:26:45.980000,692.633,686.7,8.60965,7.589,7.586,31.6139,3.30903,3.2056,1.31941,24.1885,997.265,999.12,12.8654,-2.61857,0.137137,-0.516123,7.49593,-2.84288,-2.84288,1.0,1.0,1
14436,30.05.2024 12:26:45.990000,694.858,685.382,8.6105,7.597,7.577,31.62,3.41963,3.19552,2.70798,20.9178,995.19,997.545,14.0155,0.714265,0.177039,-0.490355,7.49669,-4.23177,-4.23177,1.0,1.0,1
14437,30.05.2024 12:26:46.000000,694.858,685.382,8.6105,7.597,7.577,31.62,3.41963,3.19552,2.70798,20.9178,995.19,997.545,14.0155,0.714265,0.177039,-0.490355,7.49669,-4.23177,-4.23177,1.0,1.0,1
14438,30.05.2024 12:26:46.010000,687.442,690.161,8.61479,7.609,7.585,31.6327,3.52447,3.18974,5.08433,20.4248,993.02,995.785,15.2977,4.22171,0.207339,-0.440211,7.49775,-5.03472,-5.03472,1.0,1.0,1
14439,30.05.2024 12:26:46.020000,688.513,687.689,8.60826,7.644,7.604,31.6618,3.60146,3.19831,10.6388,18.7393,990.76,993.865,16.6904,8.4689,0.113349,-0.44525,7.499,-4.89005,-4.89005,1.0,1.0,1
14440,30.05.2024 12:26:46.030000,686.123,687.689,8.60826,7.644,7.6,31.6934,3.60494,3.20328,13.3681,21.4596,988.35,991.79,16.6904,8.4689,0.113349,-0.44525,7.499,-4.89005,-4.89005,1.0,1.0,1
14441,30.05.2024 12:26:46.040000,685.629,694.528,8.60826,7.633,7.615,31.7074,3.59668,3.20508,14.3093,22.3647,985.85,989.65,16.0979,8.95621,0.197451,-0.55525,7.49942,-4.55005,-4.55005,1.0,1.0,1
14442,30.05.2024 12:26:46.050000,685.629,694.528,8.59884,7.633,7.615,31.7074,3.57011,3.20788,14.3093,22.3647,985.85,989.65,16.0979,8.95621,0.197451,-0.55525,7.50042,-4.55005,-4.55005,1.0,1.0,1
14443,30.05.2024 12:26:46.060000,687.112,687.854,8.59884,7.614,7.598,32.0153,3.50104,3.20524,14.2064,22.6663,983.36,987.455,14.6535,8.8975,0.358416,-0.473433,7.50042,-3.79051,-3.79051,1.0,1.0,1
14444,30.05.2024 12:26:46.070000,693.786,690.49,8.59884,7.581,7.612,32.0153,3.46401,3.20269,9.56113,22.7128,980.81,985.2,13.4747,8.54583,0.445788,-0.569201,7.50166,-3.7254,-3.7254,1.0,1.0,1
14445,30.05.2024 12:26:46.080000,693.786,690.49,8.61694,7.581,7.612,31.9661,3.4274,3.20188,9.56113,22.7128,980.81,985.2,13.4747,8.54583,0.445788,-0.569201,7.50166,-3.7254,-3.7254,1.0,1.0,1
14446,30.05.2024 12:26:46.090000,693.786,690.49,8.61694,7.581,7.612,31.9661,3.4274,3.20188,9.56113,22.7128,980.81,985.2,13.4747,8.54583,0.445788,-0.569201,7.50166,-3.7254,-3.7254,1.0,1.0,1
14447,30.05.2024 12:26:46.100000,696.505,686.535,8.61694,7.576,7.593,31.8626,3.39835,3.19505,9.29645,21.3781,978.25,982.875,12.2746,8.17885,0.464869,-0.65362,7.50252,-3.66031,-3.66031,1.0,1.0,1
14448,30.05.2024 12:26:46.110000,696.505,686.535,8.61694,7.576,7.593,31.8626,3.39835,3.19505,9.29645,21.3781,978.25,982.875,12.2746,8.17885,0.464869,-0.65362,7.50252,-3.66031,-3.66031,1.0,1.0,1
14449,30.05.2024 12:26:46.120000,688.019,689.914,8.6272,7.603,7.58,31.7693,3.41609,3.19667,7.45945,21.0966,975.72,980.62,11.2186,7.90365,0.650233,-0.557768,7.50388,-3.99306,-3.99306,1.0,1.0,1
14450,30.05.2024 12:26:46.130000,697.412,693.786,8.64661,7.596,7.586,31.7957,3.49015,3.19977,7.62757,21.4269,973.19,978.38,10.7112,8.00293,0.687999,-0.455515,7.50529,-4.25347,-4.25347,1.0,1.0,1
14451,30.05.2024 12:26:46.140000,688.843,694.198,8.64661,7.577,7.543,31.5726,3.51206,3.20246,9.74947,22.0618,970.655,976.07,10.5075,8.42965,0.669669,-0.542189,7.50529,-4.60069,-4.60069,1.0,1.0,1
14452,30.05.2024 12:26:46.150000,688.843,694.198,8.64661,7.577,7.543,31.5726,3.51206,3.20246,9.74947,22.0618,970.655,976.07,10.5075,8.42965,0.669669,-0.542189,7.50529,-4.60069,-4.60069,1.0,1.0,1
14453,30.05.2024 12:26:46.160000,687.854,689.667,8.65762,7.58,7.56,31.5726,3.52748,3.20204,11.385,21.7592,968.16,973.71,10.4561,8.84388,0.841777,-0.5268,7.50568,-3.42882,-3.42882,1.0,1.0,1
14454,30.05.2024 12:26:46.170000,687.854,689.667,8.65762,7.58,7.56,31.5726,3.52748,3.20204,11.385,21.7592,968.16,973.71,10.4561,8.84388,0.841777,-0.5268,7.50568,-3.42882,-3.42882,1.0,1.0,1
14455,30.05.2024 12:26:46.180000,689.749,690.985,8.65811,7.634,7.558,31.7615,3.52856,3.19549,12.6617,22.005,965.72,971.305,10.92,9.13882,0.917605,-0.46649,7.50612,-3.08883,-3.08883,1.0,1.0,1
14456,30.05.2024 12:26:46.190000,689.749,690.985,8.65811,7.634,7.558,31.7615,3.52856,3.19549,12.6617,22.005,965.72,971.305,10.92,9.13882,0.917605,-0.46649,7.50612,-3.08883,-3.08883,1.0,1.0,1
14457,30.05.2024 12:26:46.200000,690.243,685.547,8.65296,7.614,7.566,32.2782,3.48286,3.18934,12.8469,21.0919,963.23,968.825,11.6683,9.2642,1.01186,-0.439841,7.50702,-3.08883,-3.08883,1.0,1.0,1
14458,30.05.2024 12:26:46.210000,693.622,690.078,8.65724,7.583,7.601,32.9829,3.39011,3.17823,11.8232,19.5372,960.74,966.265,12.3644,8.76359,1.01893,-0.547526,7.50886,-3.00203,-3.00203,1.0,1.0,1
14459,30.05.2024 12:26:46.220000,691.479,692.221,8.65724,7.568,7.583,33.7568,3.36423,3.17488,10.3182,18.9827,958.27,963.76,12.8959,8.29084,1.11018,-0.602106,7.50886,-2.26418,-2.26418,1.0,1.0,1
14460,30.05.2024 12:26:46.230000,690.326,694.446,8.65724,7.619,7.599,33.7568,3.34793,3.17265,8.19615,20.5734,955.8,961.26,13.193,7.92842,1.18143,-0.518526,7.50955,-2.26418,-2.26418,1.0,1.0,1
14461,30.05.2024 12:26:46.240000,690.326,694.446,8.66658,7.619,7.599,34.6792,3.34876,3.1682,8.19615,20.5734,955.8,961.26,13.193,7.92842,1.18143,-0.518526,7.50955,-2.26418,-2.26418,1.0,1.0,1
14462,30.05.2024 12:26:46.250000,688.266,685.299,8.66658,7.644,7.572,35.8343,3.37927,3.16257,6.78581,19.3768,953.32,958.775,13.5149,7.57888,1.22688,-0.438471,7.51031,-2.30758,-2.30758,1.0,1.0,1
14463,30.05.2024 12:26:46.260000,688.266,693.21,8.66658,7.63,7.572,35.8343,3.37927,3.16257,6.78581,19.3768,953.32,958.775,13.5149,7.57888,1.22688,-0.438471,7.51088,-2.30758,-2.30758,1.0,1.0,1
14464,30.05.2024 12:26:46.270000,686.206,693.21,8.66924,7.63,7.573,36.954,3.43697,3.16121,6.42704,18.8569,950.895,956.275,13.7701,7.47334,1.19038,-0.441618,7.51088,-1.5191,-1.5191,1.0,1.0,1
14465,30.05.2024 12:26:46.280000,686.206,693.21,8.66924,7.63,7.573,36.954,3.43697,3.16121,6.42704,18.8569,950.895,956.275,13.7701,7.47334,1.19038,-0.441618,7.51088,-1.5191,-1.5191,1.0,1.0,1
14466,30.05.2024 12:26:46.290000,692.962,693.704,8.67398,7.614,7.563,38.1409,3.46339,3.16165,8.79604,14.8539,948.455,953.785,14.1411,7.40377,1.18518,-0.4821,7.51191,-1.5191,-1.5191,1.0,1.0,1
14467,30.05.2024 12:26:46.300000,692.962,693.704,8.67398,7.614,7.563,38.1409,3.46339,3.16165,8.79604,14.8539,948.455,953.785,14.1411,7.40377,1.18518,-0.4821,7.51191,-1.5191,-1.5191,1.0,1.0,1
14468,30.05.2024 12:26:46.310000,691.479,693.045,8.68203,7.639,7.573,39.2856,3.4617,3.15593,10.834,16.0081,946.015,951.245,14.4218,7.37065,1.23261,-0.442557,7.51251,-1.5191,-1.5191,1.0,1.0,1
14469,30.05.2024 12:26:46.320000,691.479,693.045,8.68203,7.639,7.573,39.2856,3.4617,3.15593,10.834,16.0081,946.015,951.245,14.4218,7.37065,1.23261,-0.442557,7.51251,-1.5191,-1.5191,1.0,1.0,1
14470,30.05.2024 12:26:46.330000,679.861,690.902,8.67535,7.663,7.61,40.3877,3.39062,3.15334,10.244,16.8886,943.525,948.78,14.6906,7.42817,1.29011,-0.47967,7.514,-1.01273,-1.01273,1.0,1.0,1
14471,30.05.2024 12:26:46.340000,657.037,685.959,8.64695,7.778,7.679,41.4793,3.28184,3.13224,7.89184,17.5813,941.05,946.38,14.6658,7.70046,1.29252,-0.615313,7.51529,0.224248,0.224248,1.0,1.0,1
14472,30.05.2024 12:26:46.350000,629.681,685.959,8.64695,7.778,7.69,42.3826,3.26203,3.10917,7.23123,19.1424,938.575,943.97,14.3282,8.41372,1.54343,-0.550806,7.51529,0.224248,0.224248,1.0,1.0,1
14473,30.05.2024 12:26:46.360000,602.49,680.932,8.64695,7.801,7.729,43.4862,3.24226,3.08469,4.17248,14.1056,936.16,941.535,13.903,9.0724,1.8565,-0.536707,7.5161,0.817418,0.817418,1.0,1.0,1
14474,30.05.2024 12:26:46.370000,602.49,680.932,8.60114,7.801,7.729,43.4862,3.23049,3.07142,4.17248,14.1056,936.16,941.535,13.903,9.0724,1.8565,-0.536707,7.51692,0.817418,0.817418,1.0,1.0,1
14475,30.05.2024 12:26:46.380000,572.58,646.573,8.60114,7.843,7.843,44.5807,3.25523,3.04129,1.9561,8.9854,933.695,939.2,13.3699,9.52209,1.89834,-0.474707,7.51692,1.43228,1.43228,1.0,1.0,1
14476,30.05.2024 12:26:46.390000,547.778,618.887,8.60114,7.924,7.843,44.5807,3.28253,3.02512,3.86977,9.12628,931.255,936.895,12.8084,10.5542,1.9307,-0.522528,7.51817,1.41783,1.41783,1.0,1.0,1
14477,30.05.2024 12:26:46.400000,547.778,618.887,8.60114,7.924,7.843,44.5807,3.28253,3.02512,3.86977,9.12628,931.255,936.895,12.8084,10.5542,1.9307,-0.522528,7.51817,1.41783,1.41783,1.0,1.0,1
14478,30.05.2024 12:26:46.410000,547.778,618.887,8.44627,7.924,7.843,45.6045,3.317,3.02685,7.49668,8.36539,928.82,934.485,12.3615,11.7178,2.04506,-0.550772,7.51817,2.21354,2.21354,1.0,1.0,1
14479,30.05.2024 12:26:46.420000,515.231,563.598,8.41508,7.97,7.858,46.7994,3.44411,3.03049,7.49668,8.36539,928.82,934.485,12.3615,11.7178,2.04506,-0.550772,7.52103,2.26418,2.26418,1.0,1.0,1
14480,30.05.2024 12:26:46.430000,515.231,563.598,8.41508,7.97,7.858,46.7994,3.44411,3.03049,7.49668,8.36539,928.82,934.485,12.3615,11.7178,2.04506,-0.550772,7.52103,2.26418,2.26418,1.0,1.0,1
14481,30.05.2024 12:26:46.440000,512.677,563.598,8.41508,7.97,7.851,47.9686,3.46732,3.04133,9.70685,8.98734,927.38,932.505,4.84178,2.06303,2.19452,-0.532042,7.52103,3.09607,3.09607,1.0,1.0,1
14482,30.05.2024 12:26:46.450000,517.95,559.067,8.22477,7.934,7.875,48.9208,3.47823,3.07785,12.5942,8.70003,927.205,932.605,-1.51484,-7.93124,2.22127,-0.665171,7.52477,3.09607,3.09607,1.0,1.0,1
14483,30.05.2024 12:26:46.460000,512.924,559.808,8.22477,7.971,7.819,49.98,3.46126,3.10526,14.1686,14.4172,927.435,933.34,-7.20228,-10.9662,2.40283,-0.579834,7.52477,3.50839,3.50839,1.0,1.0,1
14484,30.05.2024 12:26:46.470000,508.557,564.093,8.22477,8.027,7.838,49.98,3.44208,3.10932,14.5619,16.3318,927.875,933.92,-9.65762,-6.57717,2.59181,-0.612023,7.52611,3.50839,3.50839,1.0,1.0,1
14485,30.05.2024 12:26:46.480000,508.557,564.093,8.12968,8.027,7.838,51.0117,3.41986,3.10878,14.5619,16.3318,927.875,933.92,-9.65762,-6.57717,2.59181,-0.612023,7.52611,3.50839,3.50839,1.0,1.0,1
14486,30.05.2024 12:26:46.490000,518.033,561.291,8.12968,8.009,7.87,51.9147,3.37036,3.10523,12.9492,13.9287,928.5,933.56,-8.79173,-3.45396,2.77051,-0.614462,7.52792,4.09433,4.09433,1.0,1.0,1
14487,30.05.2024 12:26:46.500000,518.033,561.291,8.12968,8.009,7.87,51.9147,3.37036,3.10523,12.9492,13.9287,928.5,933.56,-8.79173,-3.45396,2.77051,-0.614462,7.52951,4.09433,4.09433,1.0,1.0,1
14488,30.05.2024 12:26:46.510000,515.726,557.501,8.00564,7.985,7.84,52.9727,3.32131,3.08863,11.2833,13.8183,928.655,933.565,-4.24254,-3.26024,3.08535,-0.556305,7.52951,4.74538,4.74538,1.0,1.0,1
14489,30.05.2024 12:26:46.520000,515.726,557.501,8.00564,7.985,7.84,52.9727,3.32131,3.08863,11.2833,13.8183,928.655,933.565,-4.24254,-3.26024,3.08535,-0.556305,7.52951,4.74538,4.74538,1.0,1.0,1
14490,30.05.2024 12:26:46.530000,526.355,565.082,7.89544,7.942,7.854,53.908,3.30821,3.08877,8.77004,13.8232,928.77,933.85,-0.156301,-1.88818,3.20599,-0.440398,7.53162,4.74538,4.74538,1.0,1.0,1
14491,30.05.2024 12:26:46.540000,522.729,566.07,7.87892,7.975,7.791,55.1568,3.32455,3.07372,6.77008,14.8766,928.535,933.825,3.96938,1.92556,3.18979,-0.470858,7.53349,4.31135,4.31135,1.0,1.0,1
14492,30.05.2024 12:26:46.550000,522.729,566.07,7.87892,7.975,7.791,55.1568,3.32455,3.07372,6.77008,14.8766,928.535,933.825,3.96938,1.92556,3.18979,-0.470858,7.53349,4.31135,4.31135,1.0,1.0,1
14493,30.05.2024 12:26:46.560000,528.58,563.434,7.7995,7.945,7.718,55.1568,3.34446,3.07351,7.43557,12.9192,928.255,933.475,5.22618,4.37269,3.23721,-0.432841,7.53482,5.52662,5.52662,1.0,1.0,1
14494,30.05.2024 12:26:46.570000,528.58,563.434,7.7995,7.945,7.718,55.1568,3.34446,3.07351,7.43557,12.9192,928.255,933.475,5.22618,4.37269,3.23721,-0.432841,7.53482,5.52662,5.52662,1.0,1.0,1
14495,30.05.2024 12:26:46.580000,522.07,570.355,7.72149,7.865,7.6,57.1517,3.41512,3.08776,8.91416,11.029,928.125,933.065,4.94996,3.70559,3.37974,-0.35412,7.53699,5.52662,5.52662,1.0,1.0,1
14496,30.05.2024 12:26:46.590000,520.093,561.127,7.69693,7.797,7.59,58.1145,3.45956,3.08386,12.6936,15.6279,927.905,932.865,4.41657,1.55285,3.1171,-0.403403,7.5383,5.61342,5.61342,1.0,1.0,1
14497,30.05.2024 12:26:46.600000,520.093,561.127,7.69693,7.797,7.59,58.1145,3.45956,3.08386,12.6936,15.6279,927.905,932.865,4.41657,1.55285,3.1171,-0.403403,7.5383,5.61342,5.61342,1.0,1.0,1
14498,30.05.2024 12:26:46.610000,526.767,566.07,7.65479,7.798,7.599,58.9134,3.47108,3.08394,16.6439,14.5988,927.78,932.78,2.91227,0.183488,3.00172,-0.468928,7.53994,6.3151,6.3151,1.0,1.0,1
14499,30.05.2024 12:26:46.620000,526.767,566.07,7.65479,7.798,7.599,58.9134,3.47108,3.08394,16.6439,14.5988,927.78,932.78,2.91227,0.183488,3.00172,-0.468928,7.53994,6.3151,6.3151,1.0,1.0,1
14500,30.05.2024 12:26:46.630000,526.19,572.662,7.59729,7.78,7.597,59.7422,3.48864,3.10564,16.4807,15.2752,927.82,932.66,1.58754,-0.775929,2.93659,-0.396155,7.5412,6.3151,6.3151,1.0,1.0,1
14501,30.05.2024 12:26:46.640000,526.19,572.662,7.59729,7.78,7.597,59.7422,3.48864,3.10564,16.4807,15.2752,927.82,932.66,1.58754,-0.775929,2.93659,-0.396155,7.5412,6.3151,6.3151,1.0,1.0,1
14502,30.05.2024 12:26:46.650000,528.827,568.213,7.54168,7.727,7.568,60.3829,3.48121,3.10707,19.5925,19.4667,927.88,932.605,1.61942,-1.53476,2.83599,-0.421557,7.54235,6.3151,6.3151,1.0,1.0,1
14503,30.05.2024 12:26:46.660000,524.212,565.988,7.54746,7.674,7.521,60.9815,3.46365,3.1183,17.8014,17.9415,927.85,932.59,2.39431,-1.66125,2.7684,-0.444288,7.54414,9.3316,9.3316,1.0,1.0,1
14504,30.05.2024 12:26:46.670000,522.07,565.988,7.54746,7.674,7.494,61.5483,3.45563,3.11645,15.3101,15.2092,927.895,932.54,3.11585,-1.07111,2.7703,-0.473734,7.54414,9.3316,9.3316,1.0,1.0,1
14505,30.05.2024 12:26:46.680000,519.681,564.752,7.54746,7.634,7.478,62.0848,3.44747,3.11213,16.4867,13.6877,927.84,932.49,4.50696,-0.598342,2.92116,-0.394877,7.54467,9.64989,9.64989,1.0,1.0,1
14506,30.05.2024 12:26:46.690000,519.681,564.752,7.52848,7.634,7.478,62.0848,3.4376,3.10999,16.4867,13.6877,927.84,932.49,4.50696,-0.598342,2.92116,-0.394877,7.54461,9.64989,9.64989,1.0,1.0,1
14507,30.05.2024 12:26:46.700000,519.681,564.752,7.52848,7.634,7.478,62.0848,3.4376,3.10999,16.4867,13.6877,927.84,932.49,4.50696,-0.598342,2.92116,-0.394877,7.54461,9.64989,9.64989,1.0,1.0,1
14508,30.05.2024 12:26:46.710000,525.778,568.789,7.52848,7.585,7.481,62.4753,3.41853,3.10981,14.0863,12.8331,927.7,932.415,5.41486,0.475915,3.15574,-0.368822,7.54461,9.75116,9.75116,1.0,1.0,1
14509,30.05.2024 12:26:46.720000,520.834,562.774,7.60143,7.559,7.473,62.8097,3.38963,3.10542,12.5313,14.6407,927.58,932.165,5.29979,1.30856,3.17757,-0.442843,7.5448,10.6626,10.6626,1.0,1.0,1
14510,30.05.2024 12:26:46.730000,523.965,561.703,7.60143,7.549,7.491,63.034,3.3489,3.10779,11.9998,13.7027,927.525,931.89,4.7602,0.899017,3.26761,-0.367537,7.54484,10.6048,10.6048,1.0,1.0,1
14511,30.05.2024 12:26:46.740000,523.965,562.033,7.60143,7.576,7.491,63.034,3.3489,3.10779,11.9998,13.7027,927.525,931.89,4.7602,0.899017,3.26761,-0.367537,7.54514,10.6048,10.6048,1.0,1.0,1
14512,30.05.2024 12:26:46.750000,523.965,562.033,7.60143,7.576,7.491,63.034,3.3489,3.10779,11.9998,13.7027,927.525,931.89,4.7602,0.899017,3.26761,-0.367537,7.54514,10.6048,10.6048,1.0,1.0,1
14513,30.05.2024 12:26:46.760000,525.284,562.033,7.60014,7.576,7.458,63.2141,3.31581,3.10888,9.16357,15.4194,927.5,931.725,4.4145,-0.115639,3.36125,-0.422102,7.54514,11.263,11.263,1.0,1.0,1
14514,30.05.2024 12:26:46.770000,525.284,562.033,7.60014,7.576,7.458,63.2141,3.31581,3.10888,9.16357,15.4194,927.5,931.725,4.4145,-0.115639,3.36125,-0.422102,7.54514,11.263,11.263,1.0,1.0,1
14515,30.05.2024 12:26:46.780000,523.141,560.962,7.58299,7.571,7.492,63.5082,3.30427,3.12022,9.11959,13.908,927.435,931.595,4.25172,-0.598284,3.3539,-0.546465,7.5448,12.16,12.16,1.0,1.0,1
14516,30.05.2024 12:26:46.790000,527.92,562.28,7.62018,7.555,7.495,63.8184,3.31614,3.12713,10.7396,15.3856,927.395,931.335,3.44471,-1.45842,3.58716,-0.396258,7.54491,13.18,13.18,1.0,1.0,1
14517,30.05.2024 12:26:46.800000,527.92,562.28,7.67109,7.555,7.495,64.123,3.33275,3.12979,10.7396,15.3856,927.395,931.335,3.44471,-1.45842,3.58716,-0.396258,7.54491,13.18,13.18,1.0,1.0,1
14518,30.05.2024 12:26:46.810000,521.988,567.059,7.67109,7.59,7.524,64.3563,3.35162,3.12758,11.036,14.8575,927.375,931.25,3.52012,-1.30257,3.52077,-0.474512,7.54425,13.18,13.18,1.0,1.0,1
14519,30.05.2024 12:26:46.820000,521.988,567.059,7.67109,7.59,7.524,64.3563,3.35162,3.12758,11.036,14.8575,927.375,931.25,3.52012,-1.30257,3.52077,-0.474512,7.54425,13.18,13.18,1.0,1.0,1
14520,30.05.2024 12:26:46.830000,521.988,567.059,7.6768,7.59,7.524,64.3563,3.36492,3.12747,10.3283,17.4495,927.355,931.125,3.59342,-0.817553,3.6131,-0.359205,7.54374,13.1293,13.1293,1.0,1.0,1
14521,30.05.2024 12:26:46.840000,526.272,564.175,7.6768,7.615,7.546,64.6729,3.37106,3.12869,11.5712,18.6307,927.33,930.985,3.58056,-0.290631,3.66102,-0.316252,7.54398,14.2723,14.2723,1.0,1.0,1
14522,30.05.2024 12:26:46.850000,526.272,564.175,7.69924,7.615,7.546,64.6729,3.37317,3.13028,11.5712,18.6307,927.33,930.985,3.58056,-0.290631,3.66102,-0.316252,7.54379,14.2723,14.2723,1.0,1.0,1
14523,30.05.2024 12:26:46.860000,513.583,548.767,7.69924,7.625,7.557,64.9472,3.36116,3.13382,10.7232,16.337,927.32,930.86,3.67965,0.0950598,3.62313,-0.370409,7.54379,14.2723,14.2723,1.0,1.0,1
14524,30.05.2024 12:26:46.870000,505.426,529.815,7.69924,7.667,7.55,64.9472,3.35243,3.13492,9.87435,15.8926,927.31,930.69,4.01599,0.830749,3.68102,-0.497778,7.54379,15.5237,15.5237,1.0,1.0,1
14525,30.05.2024 12:26:46.880000,505.426,529.815,7.71437,7.667,7.55,65.1223,3.34388,3.13527,9.87435,15.8926,927.31,930.69,4.01599,0.830749,3.68102,-0.497778,7.54379,15.5237,15.5237,1.0,1.0,1
14526,30.05.2024 12:26:46.890000,505.426,529.815,7.71437,7.667,7.55,65.1223,3.34388,3.13527,9.87435,15.8926,927.31,930.69,4.01599,0.830749,3.68102,-0.497778,7.54379,15.5237,15.5237,1.0,1.0,1
14527,30.05.2024 12:26:46.900000,501.883,519.928,7.71437,7.661,7.572,65.1489,3.30719,3.12915,11.7738,15.7236,927.255,930.455,4.12584,1.15406,3.78139,-0.433115,7.54375,15.7407,15.7407,1.0,1.0,1
14528,30.05.2024 12:26:46.910000,495.703,516.055,7.71099,7.669,7.569,65.1974,3.28243,3.12585,9.09228,18.8904,927.225,930.24,4.01164,0.782905,3.74362,-0.378206,7.54449,15.7407,15.7407,1.0,1.0,1
14529,30.05.2024 12:26:46.920000,484.827,502.954,7.71099,7.694,7.608,65.1934,3.27943,3.12637,8.35014,16.3967,927.195,930.06,3.91059,0.386062,3.74508,-0.408076,7.54479,15.7335,15.7335,1.0,1.0,1
14530,30.05.2024 12:26:46.930000,484.827,502.954,7.71099,7.694,7.608,65.1934,3.27943,3.12637,8.35014,16.3967,927.195,930.06,3.91059,0.386062,3.74508,-0.408076,7.54479,15.7335,15.7335,1.0,1.0,1
14531,30.05.2024 12:26:46.940000,484.827,502.954,7.69679,7.694,7.608,65.1934,3.27943,3.12448,10.0531,16.5447,927.145,929.905,3.75661,0.106105,3.82083,-0.334776,7.54553,15.4514,15.4514,1.0,1.0,1
14532,30.05.2024 12:26:46.950000,484.827,502.954,7.69679,7.694,7.608,65.1934,3.27943,3.12448,10.0531,16.5447,927.145,929.905,3.75661,0.106105,3.82083,-0.334776,7.54553,15.4514,15.4514,1.0,1.0,1
14533,30.05.2024 12:26:46.960000,469.171,455.905,7.703,7.7,7.606,65.2149,3.30026,3.11924,10.578,16.0326,927.09,929.765,3.45519,-0.111138,3.8016,-0.258574,7.54535,16.1965,16.1965,1.0,1.0,1
14534,30.05.2024 12:26:46.970000,464.886,450.055,7.70982,7.702,7.607,65.2075,3.32662,3.11722,10.7978,14.8113,927.075,929.635,2.97572,0.0214723,3.75643,-0.190222,7.5464,16.1531,16.1531,1.0,1.0,1
14535,30.05.2024 12:26:46.980000,464.886,436.459,7.70982,7.711,7.607,65.2075,3.32662,3.11722,10.7978,14.8113,927.075,929.635,2.97572,0.0214723,3.75643,-0.190222,7.54688,16.1531,16.1531,1.0,1.0,1
14536,30.05.2024 12:26:46.990000,460.272,436.459,7.71338,7.711,7.586,65.1964,3.33766,3.11591,11.078,15.6493,927.075,929.495,2.92021,0.350984,3.79941,-0.158583,7.54688,15.8854,15.8854,1.0,1.0,1
14537,30.05.2024 12:26:47.000000,463.238,413.8,7.71338,7.749,7.601,65.2606,3.34025,3.11602,9.77899,16.0085,927.08,929.355,2.92467,0.686307,3.85783,-0.0902731,7.54783,15.8999,15.8999,1.0,1.0,1
14538,30.05.2024 12:26:47.010000,463.238,413.8,7.68971,7.749,7.601,65.2606,3.33495,3.12528,9.77899,16.0085,927.08,929.355,2.92467,0.686307,3.85783,-0.0902731,7.54846,15.8999,15.8999,1.0,1.0,1
14539,30.05.2024 12:26:47.020000,455.493,399.216,7.68971,7.716,7.592,65.2959,3.32751,3.12836,10.7445,12.3782,927.05,929.18,3.12601,0.959884,3.90111,-0.0568373,7.54846,16.4207,16.4207,1.0,1.0,1
14540,30.05.2024 12:26:47.030000,446.594,408.032,7.68971,7.682,7.596,65.2959,3.31512,3.12526,10.8539,16.2685,927.025,929.0,3.26109,1.0522,3.89912,-0.0690215,7.54954,17.1224,17.1224,1.0,1.0,1
14541,30.05.2024 12:26:47.040000,446.594,408.032,7.68508,7.682,7.596,65.2964,3.30379,3.13423,10.8539,16.2685,927.025,929.0,3.26109,1.0522,3.89912,-0.0690215,7.54954,17.1224,17.1224,1.0,1.0,1
14542,30.05.2024 12:26:47.050000,435.965,408.362,7.68508,7.65,7.587,65.3148,3.30757,3.14133,9.71525,14.7334,927.005,928.82,3.33649,1.01693,3.79119,-0.01631,7.55049,17.1369,17.1369,1.0,1.0,1
14543,30.05.2024 12:26:47.060000,435.965,401.852,7.68508,7.668,7.587,65.3148,3.30757,3.14133,9.71525,14.7334,927.005,928.82,3.33649,1.01693,3.79119,-0.01631,7.55166,17.1369,17.1369,1.0,1.0,1
14544,30.05.2024 12:26:47.070000,435.965,401.852,7.68508,7.668,7.587,65.3148,3.30757,3.14133,9.71525,14.7334,927.005,928.82,3.33649,1.01693,3.79119,-0.01631,7.55166,17.1369,17.1369,1.0,1.0,1
14545,30.05.2024 12:26:47.080000,428.302,401.852,7.69719,7.668,7.573,65.301,3.31102,3.13586,12.2547,15.7636,926.975,928.655,3.45581,0.941764,3.7796,-0.0327284,7.55166,17.2381,17.2381,1.0,1.0,1
14546,30.05.2024 12:26:47.090000,428.302,401.852,7.69719,7.668,7.573,65.301,3.31102,3.13586,12.2547,15.7636,926.975,928.655,3.45581,0.941764,3.7796,-0.0327284,7.55166,17.2381,17.2381,1.0,1.0,1
14547,30.05.2024 12:26:47.100000,432.339,390.152,7.69529,7.676,7.561,65.3076,3.30831,3.13969,11.8499,15.9633,926.93,928.51,3.52999,0.935539,3.81211,-0.0637877,7.55376,18.1207,18.1207,1.0,1.0,1
14548,30.05.2024 12:26:47.110000,409.433,369.635,7.70791,7.651,7.573,65.2867,3.28297,3.14132,10.7935,16.0562,926.855,928.19,2.89333,0.943076,3.58146,0.19074,7.55522,18.1279,18.1279,1.0,1.0,1
14549,30.05.2024 12:26:47.120000,409.433,369.635,7.71468,7.651,7.573,65.3103,3.27271,3.14181,10.7935,16.0562,926.855,928.19,2.89333,0.943076,3.58146,0.19074,7.55522,18.1279,18.1279,1.0,1.0,1
14550,30.05.2024 12:26:47.130000,405.807,337.335,7.71468,7.657,7.559,65.3119,3.25756,3.14382,8.68919,15.4446,926.85,928.035,2.76559,1.10066,3.46681,0.252043,7.5554,19.0827,19.0827,1.0,1.0,1
14551,30.05.2024 12:26:47.140000,405.807,337.335,7.71468,7.657,7.559,65.3119,3.25756,3.14382,8.68919,15.4446,926.85,928.035,2.76559,1.10066,3.46681,0.252043,7.5554,19.0827,19.0827,1.0,1.0,1
14552,30.05.2024 12:26:47.150000,405.807,337.335,7.71177,7.657,7.559,65.3119,3.25842,3.14164,7.90545,15.6514,926.83,927.875,2.81718,1.21637,3.41401,0.20595,7.55655,19.0827,19.0827,1.0,1.0,1
14553,30.05.2024 12:26:47.160000,385.455,299.267,7.71177,7.671,7.575,65.3644,3.27649,3.13685,7.63408,16.2826,926.81,927.71,2.83642,1.2224,3.1447,0.251398,7.55751,19.6615,19.6615,1.0,1.0,1
14554,30.05.2024 12:26:47.170000,385.455,299.267,7.73165,7.671,7.575,65.3644,3.28755,3.13793,7.63408,16.2826,926.81,927.71,2.83642,1.2224,3.1447,0.251398,7.55862,19.6615,19.6615,1.0,1.0,1
14555,30.05.2024 12:26:47.180000,363.702,283.282,7.73165,7.668,7.604,65.3794,3.31848,3.1356,9.57632,15.945,926.78,927.555,2.9137,1.24115,3.03632,0.299474,7.55862,19.9074,19.9074,1.0,1.0,1
14556,30.05.2024 12:26:47.190000,363.702,283.282,7.73165,7.668,7.604,65.3794,3.31848,3.1356,9.57632,15.945,926.78,927.555,2.9137,1.24115,3.03632,0.299474,7.55862,19.9074,19.9074,1.0,1.0,1
14557,30.05.2024 12:26:47.200000,346.646,276.608,7.7431,7.652,7.594,65.3794,3.32769,3.13398,11.0731,14.3327,926.74,927.405,2.95068,1.34889,2.89952,0.318891,7.55902,19.9074,19.9074,1.0,1.0,1
14558,30.05.2024 12:26:47.210000,346.646,276.608,7.7431,7.652,7.594,65.3794,3.32769,3.13398,11.0731,14.3327,926.74,927.405,2.95068,1.34889,2.89952,0.318891,7.55902,19.9074,19.9074,1.0,1.0,1
14559,30.05.2024 12:26:47.220000,333.71,261.694,7.74601,7.641,7.605,65.4719,3.34442,3.13523,12.1961,14.5515,926.705,927.25,2.75185,1.40266,2.97241,0.514539,7.55943,19.9146,19.9146,1.0,1.0,1
14560,30.05.2024 12:26:47.230000,308.661,212.668,7.73837,7.684,7.61,65.5542,3.33632,3.134,13.4767,14.1104,926.67,927.09,2.60609,1.39206,2.80479,0.611921,7.56105,19.9798,19.9798,1.0,1.0,1
14561,30.05.2024 12:26:47.240000,308.661,212.668,7.73837,7.684,7.61,65.5542,3.33632,3.134,13.4767,14.1104,926.67,927.09,2.60609,1.39206,2.80479,0.611921,7.56105,19.9798,19.9798,1.0,1.0,1
14562,30.05.2024 12:26:47.250000,291.357,200.061,7.72995,7.653,7.611,65.572,3.32426,3.13292,13.4512,16.9044,926.65,926.945,2.52479,1.40222,2.64664,0.660761,7.56166,19.9798,19.9798,1.0,1.0,1
14563,30.05.2024 12:26:47.260000,291.357,200.061,7.72995,7.653,7.611,65.572,3.32426,3.13292,13.4512,16.9044,926.65,926.945,2.52479,1.40222,2.64664,0.660761,7.56166,19.9798,19.9798,1.0,1.0,1
14564,30.05.2024 12:26:47.270000,275.867,167.432,7.71266,7.71,7.615,65.547,3.28117,3.12486,11.3976,15.0931,926.62,926.8,2.57116,1.54369,2.6455,0.744974,7.56233,19.9798,19.9798,1.0,1.0,1
14565,30.05.2024 12:26:47.280000,275.867,167.432,7.71266,7.71,7.615,65.547,3.28117,3.12486,11.3976,15.0931,926.62,926.8,2.57116,1.54369,2.6455,0.744974,7.56233,19.9798,19.9798,1.0,1.0,1
14566,30.05.2024 12:26:47.290000,256.668,137.439,7.70831,7.694,7.617,65.5174,3.2636,3.12295,9.88928,14.138,926.6,926.65,2.55472,1.68424,2.63994,0.696882,7.56343,20.2836,20.2836,1.0,1.0,1
14567,30.05.2024 12:26:47.300000,239.777,105.963,7.69981,7.703,7.605,65.4961,3.26368,3.12549,8.03256,14.114,926.58,926.495,2.50391,1.74168,2.61525,0.821127,7.5653,20.3848,20.3848,1.0,1.0,1
14568,30.05.2024 12:26:47.310000,227.005,105.963,7.69981,7.703,7.599,65.501,3.2709,3.12626,7.12049,11.6568,926.545,926.345,2.57193,1.7649,2.59329,0.86738,7.5653,20.3848,20.3848,1.0,1.0,1
14569,30.05.2024 12:26:47.320000,212.256,101.019,7.69981,7.676,7.605,65.5359,3.27698,3.12706,8.35955,12.3165,926.505,926.205,2.50206,1.63647,2.6429,1.07604,7.56606,20.5295,20.5295,1.0,1.0,1
14570,30.05.2024 12:26:47.330000,212.256,101.019,7.69981,7.676,7.605,65.5359,3.27698,3.12706,8.35955,12.3165,926.505,926.205,2.50206,1.63647,2.6429,1.07604,7.56606,20.5295,20.5295,1.0,1.0,1
14571,30.05.2024 12:26:47.340000,212.256,101.019,7.68966,7.676,7.605,65.5359,3.28373,3.12826,9.72155,11.5257,926.465,926.055,2.31623,1.68445,2.63893,1.13529,7.56742,20.4427,20.4427,1.0,1.0,1
14572,30.05.2024 12:26:47.350000,191.656,55.5359,7.69362,7.691,7.564,65.5387,3.30654,3.13063,11.6791,15.2374,926.445,925.92,2.14861,1.57776,2.59743,1.19715,7.56821,20.1968,20.1968,1.0,1.0,1
14573,30.05.2024 12:26:47.360000,191.656,55.5359,7.69443,7.691,7.564,65.5482,3.31187,3.13271,11.6791,15.2374,926.445,925.92,2.14861,1.57776,2.59743,1.19715,7.56821,20.1968,20.1968,1.0,1.0,1
14574,30.05.2024 12:26:47.370000,165.207,31.6406,7.69443,7.64,7.583,65.5471,3.31455,3.13485,13.081,15.6304,926.42,925.795,2.11537,1.70284,2.67161,1.30852,7.56964,20.7755,20.7755,1.0,1.0,1
14575,30.05.2024 12:26:47.380000,165.207,22.9065,7.69443,7.627,7.583,65.5471,3.31455,3.13485,13.081,15.6304,926.42,925.795,2.11537,1.70284,2.67161,1.30852,7.5706,20.7755,20.7755,1.0,1.0,1
14576,30.05.2024 12:26:47.390000,165.207,22.9065,7.69443,7.627,7.583,65.5471,3.31455,3.13485,13.081,15.6304,926.42,925.795,2.11537,1.70284,2.67161,1.30852,7.5706,20.7755,20.7755,1.0,1.0,1
14577,30.05.2024 12:26:47.400000,138.592,22.9065,7.68471,7.627,7.58,65.5574,3.30398,3.13718,12.699,13.6437,926.395,925.655,2.13396,1.89643,2.6986,1.32314,7.5706,20.9274,20.9274,1.0,1.0,1
14578,30.05.2024 12:26:47.410000,138.592,22.9065,7.68471,7.627,7.58,65.5574,3.30398,3.13718,12.699,13.6437,926.395,925.655,2.13396,1.89643,2.6986,1.32314,7.5706,20.9274,20.9274,1.0,1.0,1
14579,30.05.2024 12:26:47.420000,129.776,2.63672,7.68581,7.608,7.566,65.5415,3.28176,3.13762,10.1006,14.0147,926.36,925.515,2.09447,1.84738,2.7172,1.50795,7.5729,20.9201,20.9201,1.0,1.0,1
14580,30.05.2024 12:26:47.430000,129.776,2.63672,7.68581,7.608,7.566,65.5415,3.28176,3.13762,10.1006,14.0147,926.36,925.515,2.09447,1.84738,2.7172,1.50795,7.5729,20.9201,20.9201,1.0,1.0,1
14581,30.05.2024 12:26:47.440000,110.165,-40.9515,7.69111,7.569,7.568,65.5721,3.26797,3.13859,8.07282,11.4234,926.29,925.25,2.04513,1.90095,2.56331,1.47385,7.57321,21.0865,21.0865,1.0,1.0,1
14582,30.05.2024 12:26:47.450000,110.165,-40.9515,7.69111,7.569,7.568,65.5721,3.26797,3.13859,8.07282,11.4234,926.29,925.25,2.04513,1.90095,2.56331,1.47385,7.57321,21.0865,21.0865,1.0,1.0,1
14583,30.05.2024 12:26:47.460000,101.761,-80.5023,7.70004,7.559,7.566,65.6211,3.25794,3.13947,7.91105,12.0634,926.255,925.105,2.00768,1.97293,2.5976,1.42932,7.57383,20.544,20.544,1.0,1.0,1
14584,30.05.2024 12:26:47.470000,101.761,-80.5023,7.70004,7.559,7.566,65.6211,3.25794,3.13947,7.91105,12.0634,926.255,925.105,2.00768,1.97293,2.5976,1.42932,7.57383,20.544,20.544,1.0,1.0,1
14585,30.05.2024 12:26:47.480000,79.7607,-96.405,7.71706,7.55,7.569,65.6232,3.25842,3.14161,7.07499,13.0536,926.215,924.96,1.91165,1.9954,2.49853,1.45857,7.57421,20.4933,20.4933,1.0,1.0,1
14586,30.05.2024 12:26:47.490000,79.7607,-96.405,7.71706,7.55,7.569,65.6232,3.25842,3.14161,7.07499,13.0536,926.215,924.96,1.91165,1.9954,2.49853,1.45857,7.57421,20.4933,20.4933,1.0,1.0,1
14587,30.05.2024 12:26:47.500000,42.7643,-102.173,7.72936,7.559,7.592,65.6049,3.26391,3.14298,9.71444,14.239,926.195,924.825,1.86773,1.89892,2.31359,1.41433,7.57614,20.4933,20.4933,1.0,1.0,1
14588,30.05.2024 12:26:47.510000,-34.5245,-205.417,7.72958,7.671,7.592,65.5401,3.27076,3.14411,8.86193,12.5104,926.125,924.57,1.96072,1.95628,2.16921,1.34857,7.57618,20.2474,20.2474,1.0,1.0,1
14589,30.05.2024 12:26:47.520000,42.7643,-102.173,7.72936,7.559,7.592,65.6049,3.26391,3.14298,8.86193,12.5104,926.125,924.57,1.96072,1.95628,2.16921,1.34857,7.57614,20.2474,20.2474,1.0,1.0,1
14590,30.05.2024 12:26:47.530000,-83.7982,-240.024,7.72751,7.645,7.605,65.5529,3.27919,3.14242,10.3993,14.1346,926.09,924.44,1.93687,1.95427,2.10596,1.36518,7.57751,20.2474,20.2474,1.0,1.0,1
14591,30.05.2024 12:26:47.540000,-83.7982,-252.795,7.72751,7.626,7.605,65.5529,3.27919,3.14242,10.3993,14.1346,926.09,924.44,1.93687,1.95427,2.10596,1.36518,7.57805,20.2474,20.2474,1.0,1.0,1
14592,30.05.2024 12:26:47.550000,-100.113,-252.795,7.74076,7.626,7.612,65.5572,3.2748,3.14389,9.14286,11.1887,926.05,924.31,2.00275,2.07107,1.83383,1.26099,7.57805,20.3848,20.3848,1.0,1.0,1
14593,30.05.2024 12:26:47.560000,-104.727,-301.575,7.74076,7.676,7.607,65.5276,3.2729,3.14285,7.34999,12.106,926.015,924.185,1.90165,2.16024,1.79447,1.23474,7.5794,20.8261,20.8261,1.0,1.0,1
14594,30.05.2024 12:26:47.570000,-104.727,-301.575,7.72095,7.676,7.607,65.5276,3.26783,3.1438,7.34999,12.106,926.015,924.185,1.90165,2.16024,1.79447,1.23474,7.57969,20.8261,20.8261,1.0,1.0,1
14595,30.05.2024 12:26:47.580000,-104.727,-301.575,7.72095,7.676,7.607,65.5276,3.26783,3.1438,7.34999,12.106,926.015,924.185,1.90165,2.16024,1.79447,1.23474,7.57969,20.8261,20.8261,1.0,1.0,1
14596,30.05.2024 12:26:47.590000,-110.907,-319.784,7.72095,7.689,7.602,65.519,3.26544,3.14429,7.45245,13.0002,925.98,924.055,1.8167,2.20952,1.81381,1.27915,7.57969,20.6814,20.6814,1.0,1.0,1
14597,30.05.2024 12:26:47.600000,-119.311,-360.571,7.72451,7.693,7.604,65.5495,3.26936,3.14233,6.95845,11.5507,925.95,923.92,1.73078,2.13535,1.69838,1.2214,7.58083,20.6814,20.6814,1.0,1.0,1
14598,30.05.2024 12:26:47.610000,-151.776,-373.26,7.72451,7.683,7.602,65.5573,3.27493,3.14207,8.54504,11.5748,925.915,923.785,1.74133,2.12588,1.68763,1.2109,7.58151,20.4789,20.4789,1.0,1.0,1
14599,30.05.2024 12:26:47.620000,-151.776,-372.107,7.72451,7.691,7.602,65.5573,3.27493,3.14207,8.54504,11.5748,925.915,923.785,1.74133,2.12588,1.68763,1.2109,7.58242,20.4789,20.4789,1.0,1.0,1
14600,30.05.2024 12:26:47.630000,-151.776,-372.107,7.72451,7.691,7.602,65.5573,3.27493,3.14207,8.54504,11.5748,925.915,923.785,1.74133,2.12588,1.68763,1.2109,7.58242,20.4789,20.4789,1.0,1.0,1
14601,30.05.2024 12:26:47.640000,-169.244,-372.107,7.72006,7.691,7.584,65.5462,3.27868,3.14204,9.80285,11.2414,925.885,923.65,1.8104,2.09609,1.70555,1.28999,7.58242,20.2329,20.2329,0.0,1.0,1
14602,30.05.2024 12:26:47.650000,-169.244,-372.107,7.72006,7.691,7.584,65.5462,3.27868,3.14204,9.80285,11.2414,925.885,923.65,1.8104,2.09609,1.70555,1.28999,7.58242,20.2329,20.2329,0.0,1.0,1
14603,30.05.2024 12:26:47.660000,-188.443,-382.654,7.70688,7.712,7.595,65.5618,3.28164,3.14818,10.7255,12.117,925.845,923.505,1.83615,1.91967,1.61653,1.37168,7.58393,20.2329,20.2329,0.0,1.0,1
14604,30.05.2024 12:26:47.670000,-224.78,-374.249,7.7176,7.678,7.572,65.619,3.28562,3.15058,10.2691,14.2441,925.765,923.235,1.92241,1.84361,1.63314,1.31647,7.58519,20.3993,20.3993,0.0,1.0,1
14605,30.05.2024 12:26:47.680000,-224.78,-374.249,7.7168,7.678,7.572,65.6277,3.2871,3.1498,10.2691,14.2441,925.765,923.235,1.92241,1.84361,1.63314,1.31647,7.58519,20.3993,20.3993,0.0,1.0,1
14606,30.05.2024 12:26:47.690000,-224.78,-374.249,7.7168,7.678,7.572,65.6277,3.2871,3.1498,10.2691,14.2441,925.765,923.235,1.92241,1.84361,1.63314,1.31647,7.58519,20.3993,20.3993,0.0,1.0,1
14607,30.05.2024 12:26:47.700000,-237.717,-372.519,7.7168,7.663,7.563,65.6212,3.28056,3.15067,8.67629,13.2758,925.725,923.11,1.80385,1.76678,1.57086,1.41419,7.58631,20.4282,20.4282,0.0,1.0,1
14608,30.05.2024 12:26:47.710000,-237.717,-372.519,7.7168,7.663,7.563,65.6212,3.28056,3.15067,8.67629,13.2758,925.725,923.11,1.80385,1.76678,1.57086,1.41419,7.58631,20.4282,20.4282,0.0,1.0,1
14609,30.05.2024 12:26:47.720000,-254.855,-377.215,7.7173,7.64,7.563,65.6043,3.27209,3.15155,7.83804,9.69947,925.69,922.985,1.83527,1.73538,1.56238,1.36331,7.58726,20.4138,20.4138,0.0,1.0,1
14610,30.05.2024 12:26:47.730000,-268.451,-369.305,7.73013,7.647,7.568,65.5878,3.26604,3.15297,8.22976,11.1009,925.655,922.86,1.89078,1.80752,1.4784,1.27145,7.58942,20.4138,20.4138,0.0,1.0,1
14611,30.05.2024 12:26:47.740000,-273.312,-364.279,7.73013,7.65,7.569,65.6063,3.26489,3.15279,9.74526,10.9046,925.61,922.72,1.91292,1.96506,1.42425,1.30723,7.58942,20.2908,20.2908,0.0,1.0,1
14612,30.05.2024 12:26:47.750000,-301.163,-370.212,7.73013,7.666,7.564,65.6063,3.26476,3.15393,8.93755,14.4909,925.57,922.575,1.85925,2.04218,1.49843,1.28175,7.59002,20.8189,20.8189,0.0,1.0,1
14613,30.05.2024 12:26:47.760000,-301.163,-370.212,7.72777,7.666,7.564,65.6027,3.26503,3.15483,8.93755,14.4909,925.57,922.575,1.85925,2.04218,1.49843,1.28175,7.59002,20.8189,20.8189,0.0,1.0,1
14614,30.05.2024 12:26:47.770000,-322.998,-369.058,7.72777,7.658,7.6,65.6338,3.27103,3.15521,10.1109,13.8752,925.535,922.425,1.81082,1.98703,1.78286,1.31457,7.59071,20.6887,20.6887,0.0,1.0,1
14615,30.05.2024 12:26:47.780000,-322.998,-369.058,7.72777,7.658,7.6,65.6338,3.27568,3.15373,10.1109,13.8752,925.535,922.425,1.81082,1.98703,1.78286,1.31457,7.5914,20.6887,20.6887,0.0,1.0,1
14616,30.05.2024 12:26:47.790000,-324.893,-368.729,7.74521,7.675,7.585,65.6324,3.28095,3.15176,10.8998,13.8683,925.495,922.28,1.80203,1.96564,1.79031,1.28406,7.5914,20.4427,20.4427,0.0,1.0,1
14617,30.05.2024 12:26:47.800000,-334.122,-369.388,7.74521,7.664,7.598,65.5877,3.28316,3.15155,10.1354,12.059,925.455,922.14,1.72622,1.92594,1.86433,1.36168,7.59216,20.3414,20.3414,0.0,1.0,1
14618,30.05.2024 12:26:47.810000,-334.122,-369.388,7.75977,7.664,7.598,65.5877,3.28441,3.15107,10.1354,12.059,925.455,922.14,1.72622,1.92594,1.86433,1.36168,7.59346,20.3414,20.3414,0.0,1.0,1
14619,30.05.2024 12:26:47.820000,-339.972,-363.62,7.75977,7.652,7.598,65.5735,3.27928,3.15278,10.6805,10.9517,925.42,922.0,1.71179,1.86102,1.95687,1.4976,7.59346,20.2185,20.2185,0.0,1.0,1
14620,30.05.2024 12:26:47.830000,-333.462,-361.066,7.75977,7.645,7.587,65.5735,3.27533,3.1532,10.1058,10.6376,925.375,921.87,1.71956,1.81411,1.91249,1.46859,7.59374,20.1389,20.1389,0.0,1.0,1
14621,30.05.2024 12:26:47.840000,-333.462,-361.066,7.77342,7.645,7.587,65.5913,3.26781,3.1531,10.1058,10.6376,925.375,921.87,1.71956,1.81411,1.91249,1.46859,7.59374,20.1389,20.1389,0.0,1.0,1
14622,30.05.2024 12:26:47.850000,-333.462,-361.066,7.77342,7.645,7.587,65.5913,3.26781,3.1531,10.1058,10.6376,925.375,921.87,1.71956,1.81411,1.91249,1.46859,7.59374,20.1389,20.1389,0.0,1.0,1
14623,30.05.2024 12:26:47.860000,-332.226,-366.586,7.77342,7.655,7.604,65.5927,3.25229,3.14956,8.23251,11.491,925.34,921.73,1.7442,1.94962,1.88488,1.44588,7.59518,19.8351,19.8351,0.0,1.0,1
14624,30.05.2024 12:26:47.870000,-335.77,-368.976,7.77886,7.681,7.594,65.578,3.23447,3.15055,7.60086,8.53008,925.305,921.59,1.80884,1.93432,1.87225,1.39754,7.59572,19.8351,19.8351,0.0,1.0,1
14625,30.05.2024 12:26:47.880000,-329.507,-369.717,7.77886,7.695,7.638,65.6252,3.23081,3.1502,5.78293,8.71272,925.265,921.455,1.72697,2.00426,1.9098,1.41615,7.59675,19.8351,19.8351,0.0,1.0,1
14626,30.05.2024 12:26:47.890000,-329.507,-369.717,7.75162,7.695,7.638,65.6252,3.22838,3.14914,5.78293,8.71272,925.265,921.455,1.72697,2.00426,1.9098,1.41615,7.59781,19.8351,19.8351,0.0,1.0,1
14627,30.05.2024 12:26:47.900000,-331.65,-369.47,7.75162,7.724,7.633,65.6143,3.23802,3.14785,6.58096,10.5606,925.225,921.31,1.77689,1.97438,1.87148,1.41643,7.59781,20.1317,20.1317,0.0,1.0,1
14628,30.05.2024 12:26:47.910000,-331.155,-365.597,7.75162,7.714,7.645,65.6143,3.2481,3.14839,9.42908,10.1553,925.185,921.16,1.68799,1.98717,1.83382,1.38929,7.59846,20.1317,20.1317,0.0,1.0,1
14629,30.05.2024 12:26:47.920000,-331.155,-365.597,7.75813,7.714,7.645,65.6297,3.26287,3.15007,9.42908,10.1553,925.185,921.16,1.68799,1.98717,1.83382,1.38929,7.59846,20.1317,20.1317,0.0,1.0,1
14630,30.05.2024 12:26:47.930000,-327.53,-366.504,7.75813,7.708,7.656,65.6229,3.29045,3.15077,10.4344,12.1699,925.145,921.02,1.60518,1.86536,1.90293,1.49275,7.59978,20.1317,20.1317,0.0,1.0,1
14631,30.05.2024 12:26:47.940000,-327.53,-367.163,7.75813,7.701,7.656,65.6229,3.30101,3.15082,10.4344,12.1699,925.145,921.02,1.60518,1.86536,1.90293,1.49275,7.60079,20.1317,20.1317,0.0,1.0,1
14632,30.05.2024 12:26:47.950000,-323.987,-367.163,7.75838,7.701,7.637,65.6228,3.31132,3.15084,12.1648,12.2607,925.105,920.885,1.62738,1.80766,1.86651,1.41823,7.60079,19.6832,19.6832,0.0,1.0,1
14633,30.05.2024 12:26:47.960000,-332.803,-364.526,7.75838,7.689,7.619,65.5782,3.31409,3.15181,11.0888,11.5086,925.075,920.75,1.63394,1.8748,1.76583,1.42851,7.60181,19.213,19.213,0.0,1.0,1
14634,30.05.2024 12:26:47.970000,-332.803,-364.526,7.75637,7.689,7.619,65.5782,3.31688,3.15266,11.0888,11.5086,925.075,920.75,1.63394,1.8748,1.76583,1.42851,7.60291,19.213,19.213,0.0,1.0,1
14635,30.05.2024 12:26:47.980000,-332.803,-364.526,7.75637,7.689,7.619,65.5782,3.31688,3.15266,11.0888,11.5086,925.075,920.75,1.63394,1.8748,1.76583,1.42851,7.60291,19.213,19.213,0.0,1.0,1
14636,30.05.2024 12:26:47.990000,-323.575,-369.964,7.75637,7.694,7.616,65.554,3.31211,3.15301,9.70885,12.2792,925.03,920.61,1.56427,1.96065,1.75298,1.47504,7.60291,19.213,19.213,0.0,1.0,1
14637,30.05.2024 12:26:48.000000,-327.612,-366.916,7.75972,7.688,7.604,65.5853,3.29698,3.15305,9.81386,11.4352,924.99,920.47,1.44711,1.86865,1.78811,1.47764,7.60387,18.9525,18.9525,0.0,1.0,1
14638,30.05.2024 12:26:48.010000,-327.612,-366.916,7.75972,7.688,7.604,65.5853,3.29698,3.15305,9.81386,11.4352,924.99,920.47,1.44711,1.86865,1.78811,1.47764,7.60387,18.9525,18.9525,0.0,1.0,1
14639,30.05.2024 12:26:48.020000,-327.777,-367.575,7.75972,7.68,7.606,65.5785,3.2745,3.15305,9.38529,11.6834,924.95,920.335,1.47236,1.91305,1.75107,1.43582,7.6056,19.2491,19.2491,0.0,1.0,1
14640,30.05.2024 12:26:48.030000,-327.777,-367.575,7.75972,7.68,7.606,65.5785,3.2745,3.15305,9.38529,11.6834,924.95,920.335,1.47236,1.91305,1.75107,1.43582,7.6056,19.2491,19.2491,0.0,1.0,1
14641,30.05.2024 12:26:48.040000,-323.492,-366.257,7.7575,7.7,7.61,65.5679,3.25514,3.15418,10.5771,10.5891,924.905,920.18,1.5411,2.0362,1.64614,1.3452,7.60639,19.2491,19.2491,0.0,1.0,1
14642,30.05.2024 12:26:48.050000,-327.2,-369.141,7.77478,7.694,7.634,65.5953,3.25254,3.15459,9.30804,11.4042,924.86,920.025,1.5055,2.05395,1.68954,1.43459,7.60921,19.2491,19.2491,0.0,1.0,1
14643,30.05.2024 12:26:48.060000,-332.556,-370.459,7.77478,7.69,7.613,65.6042,3.2577,3.15504,9.7588,11.3193,924.81,919.87,1.51696,1.94776,1.64938,1.5065,7.60921,19.0611,19.0611,0.0,1.0,1
14644,30.05.2024 12:26:48.070000,-332.556,-370.459,7.77478,7.69,7.613,65.6042,3.2577,3.15504,9.7588,11.3193,924.81,919.87,1.51696,1.94776,1.64938,1.5065,7.60921,19.0611,19.0611,0.0,1.0,1
14645,30.05.2024 12:26:48.080000,-332.226,-365.103,7.76743,7.69,7.594,65.6042,3.26496,3.15495,9.33125,10.2883,924.77,919.725,1.57467,1.93339,1.58052,1.4408,7.61042,18.9091,18.9091,0.0,1.0,1
14646,30.05.2024 12:26:48.090000,-332.226,-365.103,7.76743,7.69,7.594,65.6042,3.26496,3.15495,9.33125,10.2883,924.77,919.725,1.57467,1.93339,1.58052,1.4408,7.61042,18.9091,18.9091,0.0,1.0,1
14647,30.05.2024 12:26:48.100000,-327.695,-365.597,7.77455,7.681,7.624,65.5712,3.28213,3.15675,9.95564,9.99135,924.725,919.585,1.4483,2.08253,1.68706,1.54518,7.61162,19.4444,19.4444,0.0,1.0,1
14648,30.05.2024 12:26:48.110000,-327.695,-365.597,7.77455,7.681,7.624,65.5712,3.28213,3.15675,9.95564,9.99135,924.725,919.585,1.4483,2.08253,1.68706,1.54518,7.61162,19.4444,19.4444,0.0,1.0,1
14649,30.05.2024 12:26:48.120000,-332.638,-370.212,7.79353,7.691,7.611,65.5664,3.28597,3.15835,8.32151,9.67689,924.69,919.445,1.42501,2.10643,1.65153,1.61256,7.61166,19.5023,19.5023,0.0,1.0,1
14650,30.05.2024 12:26:48.130000,-331.32,-370.459,7.80629,7.689,7.615,65.5789,3.27789,3.15771,8.5538,9.92399,924.645,919.295,1.46973,2.11041,1.56975,1.54411,7.61316,19.5529,19.5529,0.0,1.0,1
14651,30.05.2024 12:26:48.140000,-330.167,-366.504,7.80629,7.657,7.605,65.5829,3.27092,3.15753,9.15132,8.75808,924.595,919.14,1.55725,2.1392,1.48243,1.39058,7.61316,19.5529,19.5529,0.0,1.0,1
14652,30.05.2024 12:26:48.150000,-325.552,-363.537,7.80629,7.679,7.637,65.5829,3.2631,3.15652,9.07222,8.62246,924.56,918.995,1.48565,2.05246,1.48952,1.49117,7.61423,19.9436,19.9436,0.0,1.0,1
14653,30.05.2024 12:26:48.160000,-325.552,-363.537,7.81217,7.679,7.637,65.6526,3.25364,3.15692,9.07222,8.62246,924.56,918.995,1.48565,2.05246,1.48952,1.49117,7.61423,19.9436,19.9436,0.0,1.0,1
14654,30.05.2024 12:26:48.170000,-328.601,-363.043,7.81217,7.667,7.629,65.667,3.23703,3.15473,8.5125,10.7064,924.505,918.855,1.46184,2.06428,1.58125,1.53021,7.61446,19.8712,19.8712,0.0,1.0,1
14655,30.05.2024 12:26:48.180000,-328.601,-363.043,7.81217,7.667,7.629,65.667,3.23703,3.15473,8.5125,10.7064,924.505,918.855,1.46184,2.06428,1.58125,1.53021,7.61446,19.8712,19.8712,0.0,1.0,1
14656,30.05.2024 12:26:48.190000,-328.601,-371.283,7.82074,7.712,7.629,65.667,3.2286,3.15358,8.59203,9.73567,924.46,918.7,1.44772,2.20209,1.48663,1.49442,7.61549,19.8857,19.8857,0.0,1.0,1
14657,30.05.2024 12:26:48.200000,-334.122,-371.283,7.82074,7.718,7.666,65.5559,3.22196,3.15183,7.46948,9.87051,924.405,918.57,1.42118,2.20125,1.57094,1.58973,7.61616,19.8857,19.8857,0.0,1.0,1
14658,30.05.2024 12:26:48.210000,-334.122,-371.283,7.80299,7.718,7.666,65.5559,3.22138,3.15266,7.46948,9.87051,924.405,918.57,1.42118,2.20125,1.57094,1.58973,7.61679,19.8857,19.8857,0.0,1.0,1
14659,30.05.2024 12:26:48.220000,-327.859,-373.013,7.80299,7.785,7.665,65.5464,3.23209,3.15301,7.7249,9.92436,924.37,918.445,1.32187,2.40308,1.64854,1.69995,7.61679,20.2329,20.2329,0.0,1.0,1
14660,30.05.2024 12:26:48.230000,-329.59,-363.702,7.80299,7.751,7.681,65.5464,3.23863,3.15304,8.11,10.1551,924.315,918.29,1.41615,2.57164,1.58691,1.66866,7.61799,19.2564,19.2564,0.0,1.0,1
14661,30.05.2024 12:26:48.240000,-329.59,-363.702,7.79945,7.751,7.681,65.5529,3.24889,3.15432,8.11,10.1551,924.315,918.29,1.41615,2.57164,1.58691,1.66866,7.61799,19.2564,19.2564,0.0,1.0,1
14662,30.05.2024 12:26:48.250000,-327.365,-365.597,7.79945,7.744,7.664,65.5396,3.26866,3.15612,7.32242,9.97373,924.26,918.155,1.43034,2.55556,1.62296,1.61228,7.61905,19.2057,19.2057,0.0,1.0,1
14663,30.05.2024 12:26:48.260000,-327.365,-368.481,7.79945,7.731,7.664,65.5396,3.26866,3.15612,7.32242,9.97373,924.26,918.155,1.43034,2.55556,1.62296,1.61228,7.62046,19.2057,19.2057,0.0,1.0,1
14664,30.05.2024 12:26:48.270000,-332.886,-368.481,7.7832,7.731,7.683,65.6136,3.28349,3.15722,7.82249,7.5121,924.215,918.025,1.33426,2.68968,1.71044,1.68265,7.62046,19.2057,19.2057,0.0,1.0,1
14665,30.05.2024 12:26:48.280000,-330.826,-364.526,7.7832,7.75,7.663,65.6286,3.2842,3.15834,9.28091,8.41823,924.165,917.89,1.33374,2.71366,1.57804,1.72768,7.62094,19.307,19.307,0.0,1.0,1
14666,30.05.2024 12:26:48.290000,-330.826,-364.526,7.76578,7.75,7.663,65.6286,3.28267,3.15924,9.28091,8.41823,924.165,917.89,1.33374,2.71366,1.57804,1.72768,7.62218,19.307,19.307,0.0,1.0,1
14667,30.05.2024 12:26:48.300000,-330.826,-364.526,7.76578,7.75,7.663,65.6286,3.28267,3.15924,9.28091,8.41823,924.165,917.89,1.33374,2.71366,1.57804,1.72768,7.62218,19.307,19.307,0.0,1.0,1
14668,30.05.2024 12:26:48.310000,-326.047,-372.272,7.76578,7.701,7.648,65.6238,3.27348,3.15897,9.84304,6.62334,924.11,917.755,1.33727,2.72168,1.55288,1.71815,7.62218,19.0177,19.0177,0.0,1.0,1
14669,30.05.2024 12:26:48.320000,-330.167,-367.245,7.77091,7.712,7.637,65.6749,3.26201,3.15959,9.72076,9.18992,924.065,917.64,1.21674,2.82947,1.49447,1.72015,7.62298,19.0177,19.0177,0.0,1.0,1
14670,30.05.2024 12:26:48.330000,-323.492,-363.373,7.77091,7.74,7.625,65.6349,3.25486,3.15838,10.8007,11.2025,924.03,917.51,1.15318,2.99246,1.52996,1.85101,7.62472,18.9236,18.9236,0.0,1.0,1
14671,30.05.2024 12:26:48.340000,-323.492,-366.092,7.77091,7.749,7.625,65.6349,3.25486,3.15838,10.8007,11.2025,924.03,917.51,1.15318,2.99246,1.52996,1.85101,7.62606,18.9236,18.9236,0.0,1.0,1
14672,30.05.2024 12:26:48.350000,-323.492,-366.092,7.77091,7.749,7.625,65.6349,3.25486,3.15838,10.8007,11.2025,924.03,917.51,1.15318,2.99246,1.52996,1.85101,7.62606,18.9236,18.9236,0.0,1.0,1
14673,30.05.2024 12:26:48.360000,-329.59,-366.092,7.775,7.749,7.649,65.7297,3.25627,3.15755,11.0993,10.2645,923.97,917.39,1.17943,3.07464,1.5211,1.93677,7.62606,18.9236,18.9236,0.0,1.0,1
14674,30.05.2024 12:26:48.370000,-329.59,-366.092,7.775,7.749,7.649,65.7297,3.25627,3.15755,11.0993,10.2645,923.97,917.39,1.17943,3.07464,1.5211,1.93677,7.62606,18.9236,18.9236,0.0,1.0,1
14675,30.05.2024 12:26:48.380000,-330.908,-366.009,7.7727,7.72,7.636,65.6848,3.27309,3.15873,9.20641,10.6181,923.92,917.27,1.28218,3.05555,1.51809,1.84015,7.62837,19.5964,19.5964,0.0,1.0,1
14676,30.05.2024 12:26:48.390000,-326.047,-362.137,7.76617,7.692,7.6,65.6759,3.28413,3.16053,9.55658,7.34052,923.815,917.04,1.19841,3.18051,1.50543,1.94274,7.62883,19.1479,19.1479,0.0,1.0,1
14677,30.05.2024 12:26:48.400000,-326.047,-362.137,7.76617,7.692,7.6,65.6759,3.28413,3.16053,9.55658,7.34052,923.815,917.04,1.19841,3.18051,1.50543,1.94274,7.62883,19.1479,19.1479,0.0,1.0,1
14678,30.05.2024 12:26:48.410000,-326.047,-362.137,7.77052,7.692,7.6,65.656,3.28718,3.16144,8.4639,8.75048,923.76,916.925,1.31945,3.30157,1.41881,1.8264,7.62883,18.9019,18.9019,0.0,1.0,1
14679,30.05.2024 12:26:48.420000,-326.047,-362.137,7.77052,7.692,7.6,65.656,3.28718,3.16144,8.4639,8.75048,923.76,916.925,1.31945,3.30157,1.41881,1.8264,7.62883,18.9019,18.9019,0.0,1.0,1
14680,30.05.2024 12:26:48.430000,-328.271,-372.519,7.77626,7.713,7.605,65.5681,3.29035,3.16388,9.60976,9.32851,923.7,916.825,1.14686,3.40943,1.46291,1.95161,7.62993,19.307,19.307,0.0,1.0,1
14681,30.05.2024 12:26:48.440000,-328.271,-372.519,7.77626,7.713,7.605,65.5681,3.29035,3.16388,9.60976,9.32851,923.7,916.825,1.14686,3.40943,1.46291,1.95161,7.62993,19.307,19.307,0.0,1.0,1
14682,30.05.2024 12:26:48.450000,-330.084,-367.657,7.79845,7.662,7.598,65.5914,3.28202,3.16349,9.00161,7.62086,923.655,916.73,1.0654,3.54062,1.41261,2.02952,7.63092,19.3649,19.3649,0.0,1.0,1
14683,30.05.2024 12:26:48.460000,-333.215,-365.845,7.80372,7.64,7.619,65.6003,3.25386,3.16145,9.10968,7.58777,923.605,916.625,1.13684,3.79682,1.37579,1.99899,7.63146,19.3576,19.3576,0.0,1.0,1
14684,30.05.2024 12:26:48.470000,-329.26,-368.481,7.80372,7.696,7.632,65.6003,3.2421,3.16173,10.1028,11.0712,923.55,916.53,1.16081,4.03317,1.41394,1.9513,7.63177,18.7645,18.7645,0.0,1.0,1
14685,30.05.2024 12:26:48.480000,-329.26,-368.481,7.79866,7.696,7.632,65.5862,3.23441,3.16182,10.1028,11.0712,923.55,916.53,1.16081,4.03317,1.41394,1.9513,7.63177,18.7645,18.7645,0.0,1.0,1
14686,30.05.2024 12:26:48.490000,-329.26,-368.481,7.79866,7.696,7.632,65.5862,3.23441,3.16182,10.1028,11.0712,923.55,916.53,1.16081,4.03317,1.41394,1.9513,7.63177,18.7645,18.7645,0.0,1.0,1
14687,30.05.2024 12:26:48.500000,-328.436,-362.631,7.79866,7.692,7.631,65.6022,3.22728,3.15827,8.2508,10.2351,923.49,916.445,1.19228,4.20692,1.59804,1.99235,7.63221,18.3015,18.3015,0.0,1.0,1
14688,30.05.2024 12:26:48.510000,-326.706,-367.822,7.80506,7.705,7.634,65.5663,3.23053,3.15753,7.53643,9.21181,923.435,916.35,1.21751,4.38747,1.59951,1.9395,7.63232,18.3015,18.3015,0.0,1.0,1
14689,30.05.2024 12:26:48.520000,-327.695,-366.174,7.80506,7.761,7.648,65.5376,3.23632,3.15748,6.95019,9.9706,923.365,916.25,1.35076,4.54591,1.56393,1.81973,7.6332,17.5637,17.5637,0.0,1.0,1
14690,30.05.2024 12:26:48.530000,-327.695,-366.174,7.80506,7.761,7.648,65.5376,3.23632,3.15748,6.95019,9.9706,923.365,916.25,1.35076,4.54591,1.56393,1.81973,7.6332,17.5637,17.5637,0.0,1.0,1
14691,30.05.2024 12:26:48.540000,-327.695,-366.174,7.78781,7.761,7.648,65.5376,3.24225,3.15705,7.13908,6.47568,923.315,916.17,1.30029,4.61715,1.62494,1.85769,7.63347,17.5637,17.5637,0.0,1.0,1
14692,30.05.2024 12:26:48.550000,-327.695,-366.174,7.78781,7.761,7.648,65.5376,3.24225,3.15705,7.13908,6.47568,923.315,916.17,1.30029,4.61715,1.62494,1.85769,7.63347,17.5637,17.5637,0.0,1.0,1
14693,30.05.2024 12:26:48.560000,-333.627,-373.178,7.78153,7.719,7.673,65.5446,3.26351,3.15704,7.80455,7.9902,923.255,916.08,1.35606,4.68598,1.66664,1.89841,7.63401,17.5926,17.5926,0.0,1.0,1
14694,30.05.2024 12:26:48.570000,-324.234,-369.47,7.78513,7.76,7.678,65.6332,3.27578,3.16148,7.94586,8.18762,923.195,915.985,1.35736,4.6587,1.61633,1.9146,7.63477,17.5058,17.5058,0.0,1.0,1
14695,30.05.2024 12:26:48.580000,-324.234,-368.399,7.78513,7.758,7.678,65.6332,3.2743,3.16174,7.94586,8.18762,923.195,915.985,1.35736,4.6587,1.61633,1.9146,7.63557,17.5058,17.5058,0.0,1.0,1
14696,30.05.2024 12:26:48.590000,-324.234,-368.399,7.78513,7.758,7.678,65.6332,3.2743,3.16174,7.94586,8.18762,923.195,915.985,1.35736,4.6587,1.61633,1.9146,7.63557,17.5058,17.5058,0.0,1.0,1
14697,30.05.2024 12:26:48.600000,-329.095,-368.399,7.77212,7.758,7.671,65.6483,3.26979,3.16182,10.8429,8.35975,923.14,915.91,1.37834,4.73612,1.58462,1.90801,7.63557,17.6432,17.6432,0.0,1.0,1
14698,30.05.2024 12:26:48.610000,-329.095,-368.399,7.77212,7.758,7.671,65.6483,3.26979,3.16182,10.8429,8.35975,923.14,915.91,1.37834,4.73612,1.58462,1.90801,7.63557,17.6432,17.6432,0.0,1.0,1
14699,30.05.2024 12:26:48.620000,-331.238,-367.493,7.77232,7.737,7.651,65.6682,3.2516,3.16511,9.58132,11.0933,923.08,915.84,1.33654,4.82481,1.71913,1.95711,7.63708,17.6432,17.6432,0.0,1.0,1
