,time,Pinceur Inf Mesure de courant,Pinceur Sup Mesure de courant,Mandrin - Vitesse Actuelle,Pinceur Sup Mesure vitesse lineaire,Pinceur Inf Mesure vitesse lineaire,Mandrin - Mesure Expansion,Pinceur Nord Position entrefer estimee,Pinceur Sud Position entrefer estimee,Pinceur Nord Force entrefer calibree,Pinceur Sud Force entrefer calibree,Guides Nord Entree Position mesuree,Guides Nord Sortie Position mesuree,Guides Nord Entree Force pour regulateur PI,Guides Nord Sortie Force pour regulateur PI,Guides Sud Entree Force pour regulateur PI,Guides Sud Sortie Force pour regulateur PI,Mandrin - Vitesse Actuelle F10,_Excentrage largeur bande jauge bob,_Excentrage largeur bande jauge bob.1,TDB pinceur,Fenetre,Declancheur
27000,30.05.2024 15:49:50.420000,150.046,46.8017,6.51291,6.74,6.355,39.3243,5.34183,3.6769,49.801,21.4466,856.54,857.475,5.07225,8.30218,0.449443,0.454648,5.66168,100.137,100.137,1.0,1.0,1
27001,30.05.2024 15:49:50.430000,246.368,122.36,6.5135,6.516,6.177,39.2794,5.37885,3.62602,49.801,21.4466,856.54,857.475,5.07225,8.30218,0.449443,0.454648,5.66168,100.137,100.137,1.0,1.0,1
27002,30.05.2024 15:49:50.440000,360.489,218.271,6.5135,6.371,6.018,39.2794,5.26562,3.61236,66.6622,17.0766,854.735,855.71,5.02204,8.32369,0.40274,0.490052,5.66188,100.181,100.181,1.0,1.0,1
27003,30.05.2024 15:49:50.450000,360.489,218.271,6.50612,6.371,6.018,39.2841,5.10274,3.63924,62.927,14.8434,853.045,853.925,4.78214,7.95695,0.276321,0.628636,5.66188,100.065,100.065,1.0,1.0,1
27004,30.05.2024 15:49:50.460000,423.028,233.844,6.50792,6.42,5.923,39.2571,4.45888,3.71268,62.927,14.8434,853.045,853.925,4.78214,7.95695,0.276321,0.628636,5.6623,100.065,100.065,1.0,1.0,1
27005,30.05.2024 15:49:50.470000,423.028,221.237,6.50792,6.474,5.923,39.2571,4.15971,3.79859,45.9857,26.347,851.37,852.21,4.36192,6.62417,0.429241,0.765324,5.66313,100.065,100.065,1.0,1.0,1
27006,30.05.2024 15:49:50.480000,492.16,221.237,6.51315,6.474,5.82,39.2588,3.89116,3.88897,13.8365,29.543,849.775,850.67,3.88202,5.32028,0.57051,0.782925,5.66313,100.195,100.195,1.0,1.0,1
27007,30.05.2024 15:49:50.490000,549.014,232.526,6.51315,6.409,5.75,39.1838,3.66883,3.95574,13.8365,29.543,849.775,850.67,3.88202,5.32028,0.57051,0.782925,5.66391,100.195,100.195,1.0,1.0,1
27008,30.05.2024 15:49:50.500000,549.014,232.526,6.51315,6.409,5.75,39.1838,3.66883,3.95574,13.8365,29.543,849.775,850.67,3.88202,5.32028,0.57051,0.782925,5.66391,100.195,100.195,1.0,1.0,1
27009,30.05.2024 15:49:50.510000,549.014,232.526,6.50954,6.409,5.75,39.1838,3.554,4.04695,-4.49168,39.5767,848.26,849.16,3.22206,4.84816,0.474376,0.838197,5.66444,100.188,100.188,1.0,1.0,1
27010,30.05.2024 15:49:50.520000,549.014,232.526,6.50954,6.409,5.75,39.1838,3.554,4.04695,-4.49168,39.5767,848.26,849.16,3.22206,4.84816,0.474376,0.838197,5.66444,100.188,100.188,1.0,1.0,1
27011,30.05.2024 15:49:50.530000,560.22,455.658,6.50967,5.987,5.873,39.2169,3.85481,4.01815,-7.47713,48.8823,846.855,847.685,2.89421,4.97689,0.331111,0.759015,5.66481,100.203,100.203,1.0,1.0,1
27012,30.05.2024 15:49:50.540000,560.22,455.658,6.50967,5.987,5.873,39.2169,3.85481,4.01815,-7.47713,48.8823,846.855,847.685,2.89421,4.97689,0.331111,0.759015,5.66481,100.203,100.203,1.0,1.0,1
27013,30.05.2024 15:49:50.550000,572.085,519.845,6.51835,6.002,5.825,39.2336,4.56259,3.83841,7.66469,44.7083,845.46,846.21,3.364,5.19355,0.509403,0.788495,5.66528,98.7341,98.7341,1.0,1.0,1
27014,30.05.2024 15:49:50.560000,572.085,519.845,6.51835,6.002,5.825,39.2336,4.56259,3.83841,7.66469,44.7083,845.46,846.21,3.364,5.19355,0.509403,0.788495,5.66528,98.7341,98.7341,1.0,1.0,1
27015,30.05.2024 15:49:50.570000,596.887,540.198,6.51558,5.986,5.798,39.1964,4.85882,3.72946,44.9956,24.2913,842.56,843.09,5.66197,6.67875,0.56491,0.92093,5.66589,98.64,98.64,1.0,1.0,1
27016,30.05.2024 15:49:50.580000,647.314,631.0,6.50517,5.789,5.727,39.2123,4.82479,3.62659,55.9518,20.8819,840.96,841.47,6.76251,6.99144,0.510639,0.77411,5.66696,94.2708,94.2708,1.0,1.0,1
27017,30.05.2024 15:49:50.590000,693.374,695.929,6.51013,5.647,5.612,39.2154,4.69466,3.58939,55.9518,20.8819,840.96,841.47,6.76251,6.99144,0.510639,0.77411,5.66696,94.2708,94.2708,1.0,1.0,1
27018,30.05.2024 15:49:50.600000,700.873,712.903,6.51013,5.729,5.568,39.2154,4.53397,3.55441,49.0868,14.99,839.33,839.81,7.11499,7.12044,0.461479,0.701993,5.66757,94.2708,94.2708,1.0,1.0,1
27019,30.05.2024 15:49:50.610000,700.873,712.903,6.51363,5.729,5.568,39.2546,4.36002,3.54532,35.3723,6.41032,837.67,838.155,6.98445,7.28902,0.473037,0.747208,5.66757,92.1007,92.1007,1.0,1.0,1
27020,30.05.2024 15:49:50.620000,696.341,705.075,6.51042,5.753,5.559,39.2262,4.03242,3.57057,35.3723,6.41032,837.67,838.155,6.98445,7.28902,0.473037,0.747208,5.6684,92.1007,92.1007,1.0,1.0,1
27021,30.05.2024 15:49:50.630000,696.341,711.584,6.51042,5.637,5.559,39.2262,3.91571,3.58702,22.2009,12.156,836.065,836.46,6.52415,7.04838,0.409767,0.75496,5.66889,90.6612,90.6612,1.0,1.0,1
27022,30.05.2024 15:49:50.640000,698.813,711.584,6.50657,5.637,5.556,39.1548,3.83225,3.6163,8.86425,16.5755,834.46,834.83,6.06406,6.7585,0.435851,0.804166,5.66889,89.1927,89.1927,1.0,1.0,1
27023,30.05.2024 15:49:50.650000,698.813,711.584,6.50657,5.637,5.556,39.1548,3.83225,3.6163,8.86425,16.5755,834.46,834.83,6.06406,6.7585,0.435851,0.804166,5.66889,89.1927,89.1927,1.0,1.0,1
27024,30.05.2024 15:49:50.660000,689.914,689.255,6.50657,5.513,5.591,39.2099,3.80001,3.65736,6.59055,18.328,832.93,833.235,6.0607,6.78273,0.521114,0.871064,5.66936,89.1927,89.1927,1.0,1.0,1
27025,30.05.2024 15:49:50.670000,697.329,692.88,6.51724,5.553,5.588,39.1979,3.91799,3.77822,8.56599,24.9343,831.415,831.64,6.73252,7.01911,0.558204,0.82462,5.66958,89.1927,89.1927,1.0,1.0,1
27026,30.05.2024 15:49:50.680000,694.116,688.431,6.51724,5.659,5.606,39.1979,4.02192,3.80316,8.56599,24.9343,831.415,831.64,6.73252,7.01911,0.558204,0.82462,5.66968,87.0226,87.0226,1.0,1.0,1
27027,30.05.2024 15:49:50.690000,694.116,688.431,6.50844,5.659,5.606,39.2407,4.13219,3.81378,17.8391,31.8535,829.75,830.055,7.81928,7.45604,0.570232,0.927441,5.66968,84.129,84.129,1.0,1.0,1
27028,30.05.2024 15:49:50.700000,694.116,688.431,6.50844,5.659,5.606,39.2407,4.13219,3.81378,17.8391,31.8535,829.75,830.055,7.81928,7.45604,0.570232,0.927441,5.66968,84.129,84.129,1.0,1.0,1
27029,30.05.2024 15:49:50.710000,692.056,695.517,6.50922,5.689,5.609,39.2316,4.32575,3.81077,27.876,29.0373,828.04,828.525,8.31723,8.42065,0.501647,0.920705,5.66963,81.2138,81.2138,1.0,1.0,1
27030,30.05.2024 15:49:50.720000,692.056,695.517,6.50922,5.689,5.609,39.2316,4.32575,3.81077,27.876,29.0373,828.04,828.525,8.31723,8.42065,0.501647,0.920705,5.66963,81.2138,81.2138,1.0,1.0,1
27031,30.05.2024 15:49:50.730000,688.76,691.314,6.51461,5.574,5.668,39.2549,4.4077,3.78331,32.0094,27.5776,826.37,826.905,8.20071,9.52083,0.510772,0.892049,5.66989,78.6024,78.6024,1.0,1.0,1
27032,30.05.2024 15:49:50.740000,688.76,691.314,6.51461,5.574,5.668,39.2549,4.4077,3.78331,32.0094,27.5776,826.37,826.905,8.20071,9.52083,0.510772,0.892049,5.66989,78.6024,78.6024,1.0,1.0,1
27033,30.05.2024 15:49:50.750000,689.172,691.314,6.51604,5.628,5.682,39.2746,4.2573,3.74599,33.8551,28.3928,824.66,825.17,7.99998,10.4586,0.452674,0.927724,5.67025,75.1302,75.1302,1.0,1.0,1
27034,30.05.2024 15:49:50.760000,687.936,702.026,6.51909,5.753,5.697,39.254,4.06321,3.70333,27.3472,25.2051,822.915,823.395,7.61241,10.2342,0.51427,0.967019,5.66999,70.6091,70.6091,1.0,1.0,1
27035,30.05.2024 15:49:50.770000,687.936,702.026,6.51274,5.753,5.697,39.1749,3.97588,3.68938,19.4715,20.2734,821.275,821.695,6.85417,9.36843,0.466823,0.955075,5.66999,70.6091,70.6091,1.0,1.0,1
27036,30.05.2024 15:49:50.780000,689.749,683.487,6.51141,5.708,5.719,39.1192,3.836,3.66807,19.4715,20.2734,821.275,821.695,6.85417,9.36843,0.466823,0.955075,5.67005,70.6091,70.6091,1.0,1.0,1
27037,30.05.2024 15:49:50.790000,689.749,683.24,6.51141,5.655,5.719,39.1192,3.80369,3.66596,13.2308,22.1572,819.715,820.19,6.63748,8.84658,0.571269,1.02011,5.67018,70.5801,70.5801,1.0,1.0,1
27038,30.05.2024 15:49:50.800000,694.775,683.24,6.51605,5.655,5.699,39.1777,3.79517,3.66848,8.19299,20.4524,818.075,818.77,7.42867,9.7984,0.601013,0.951104,5.67018,66.8403,66.8403,1.0,1.0,1
27039,30.05.2024 15:49:50.810000,692.221,685.299,6.51605,5.707,5.703,39.169,3.81105,3.67404,8.19299,20.4524,818.075,818.77,7.42867,9.7984,0.601013,0.951104,5.67023,66.8403,66.8403,1.0,1.0,1
27040,30.05.2024 15:49:50.820000,692.221,685.299,6.52429,5.707,5.703,39.169,3.91632,3.70532,8.35022,20.5141,816.415,817.255,7.87224,11.8696,0.580676,0.909413,5.67002,63.7225,63.7225,1.0,1.0,1
27041,30.05.2024 15:49:50.830000,695.022,687.524,6.51585,5.74,5.679,39.1595,3.99194,3.71562,8.35022,20.5141,816.415,817.255,7.87224,11.8696,0.580676,0.909413,5.67002,63.7225,63.7225,1.0,1.0,1
27042,30.05.2024 15:49:50.840000,690.738,686.783,6.51585,5.695,5.666,39.1595,4.0693,3.72057,14.4586,24.0565,814.795,815.635,8.36242,13.5278,0.477119,0.8984,5.67038,60.4094,60.4094,1.0,1.0,1
27043,30.05.2024 15:49:50.850000,690.738,686.783,6.52088,5.695,5.666,39.1779,4.14368,3.72696,20.6957,24.7095,813.085,814.005,9.02896,14.5216,0.536376,0.907353,5.67038,57.2844,57.2844,1.0,1.0,1
27044,30.05.2024 15:49:50.860000,688.266,683.652,6.52239,5.604,5.659,39.1545,4.25163,3.72444,20.6957,24.7095,813.085,814.005,9.02896,14.5216,0.536376,0.907353,5.6706,57.2844,57.2844,1.0,1.0,1
27045,30.05.2024 15:49:50.870000,688.266,684.063,6.52239,5.626,5.659,39.1545,4.27513,3.71865,27.2817,24.0915,811.32,812.395,9.17757,15.2705,0.445335,0.857522,5.67074,55.4687,55.4687,1.0,1.0,1
27046,30.05.2024 15:49:50.880000,681.756,684.063,6.52055,5.626,5.642,39.1035,4.28008,3.71271,31.4741,23.7167,809.565,810.75,8.69169,15.8406,0.490421,0.893109,5.67074,55.4687,55.4687,1.0,1.0,1
27047,30.05.2024 15:49:50.890000,689.996,690.902,6.52055,5.655,5.625,39.0238,4.26298,3.70052,31.4741,23.7167,809.565,810.75,8.69169,15.8406,0.490421,0.893109,5.67089,55.4687,55.4687,1.0,1.0,1
27048,30.05.2024 15:49:50.900000,689.996,690.902,6.51818,5.655,5.625,39.0238,4.16445,3.68603,30.9018,24.726,807.85,809.03,8.00594,16.0468,0.456027,0.866025,5.67111,53.1829,53.1829,1.0,1.0,1
27049,30.05.2024 15:49:50.910000,689.996,690.902,6.51818,5.655,5.625,39.0238,4.16445,3.68603,30.9018,24.726,807.85,809.03,8.00594,16.0468,0.456027,0.866025,5.67111,53.1829,53.1829,1.0,1.0,1
27050,30.05.2024 15:49:50.920000,689.255,698.236,6.52224,5.635,5.639,39.0525,4.09437,3.68282,26.2101,21.9529,806.205,807.48,7.35451,15.893,0.517181,0.911767,5.67111,47.4971,47.4971,1.0,1.0,1
27051,30.05.2024 15:49:50.930000,689.419,690.573,6.52284,5.609,5.654,39.076,3.92181,3.67158,19.3772,19.6986,804.545,805.88,7.38473,16.5184,0.633209,0.836621,5.67123,47.4971,47.4971,1.0,1.0,1
27052,30.05.2024 15:49:50.940000,689.419,690.573,6.52284,5.609,5.654,39.076,3.92181,3.67158,19.3772,19.6986,804.545,805.88,7.38473,16.5184,0.633209,0.836621,5.67123,47.4971,47.4971,1.0,1.0,1
27053,30.05.2024 15:49:50.950000,689.502,683.075,6.51352,5.631,5.657,39.0604,3.77093,3.6815,12.3736,20.9661,802.83,804.2,7.32605,16.936,0.640762,0.757802,5.67146,47.4971,47.4971,1.0,1.0,1
27054,30.05.2024 15:49:50.960000,692.138,690.738,6.51896,5.721,5.681,39.0653,3.72893,3.68414,7.81838,23.5999,801.11,802.505,7.06859,16.9436,0.727771,0.823861,5.67171,40.4586,40.4586,1.0,1.0,1
27055,30.05.2024 15:49:50.970000,689.914,701.12,6.51896,5.746,5.663,39.016,3.74152,3.69262,7.81838,23.5999,801.11,802.505,7.06859,16.9436,0.727771,0.823861,5.67222,40.4586,40.4586,1.0,1.0,1
27056,30.05.2024 15:49:50.980000,689.914,701.12,6.52885,5.746,5.663,39.016,3.84316,3.70102,9.81673,22.6368,799.505,800.89,6.91331,16.6797,0.742126,0.792989,5.67278,39.9088,39.9088,1.0,1.0,1
27057,30.05.2024 15:49:50.990000,689.914,701.12,6.52885,5.746,5.663,39.016,3.84316,3.70102,9.81673,22.6368,799.505,800.89,6.91331,16.6797,0.742126,0.792989,5.67278,39.9088,39.9088,1.0,1.0,1
27058,30.05.2024 15:49:51.000000,692.715,697.906,6.52118,5.708,5.705,39.1585,3.90148,3.70143,13.0281,22.1031,797.765,799.325,7.13704,16.8359,0.710708,0.785744,5.67278,39.9088,39.9088,1.0,1.0,1
27059,30.05.2024 15:49:51.010000,692.715,697.906,6.52118,5.708,5.705,39.1585,3.90148,3.70143,13.0281,22.1031,797.765,799.325,7.13704,16.8359,0.710708,0.785744,5.67278,39.9088,39.9088,1.0,1.0,1
27060,30.05.2024 15:49:51.020000,695.105,694.116,6.51593,5.69,5.721,39.215,4.01708,3.72074,18.0772,19.2584,796.05,797.675,7.02001,17.2895,0.794921,0.845788,5.67329,32.7546,32.7546,1.0,1.0,1
27061,30.05.2024 15:49:51.030000,696.67,690.161,6.51266,5.742,5.707,39.2659,4.15743,3.72733,24.0834,26.8668,794.54,796.055,6.8727,17.7717,1.34688,0.788525,5.67435,28.6458,28.6458,1.0,1.0,1
27062,30.05.2024 15:49:51.040000,696.67,690.161,6.51266,5.742,5.707,39.2659,4.15743,3.72733,24.0834,26.8668,794.54,796.055,6.8727,17.7717,1.34688,0.788525,5.67435,28.6458,28.6458,1.0,1.0,1
27063,30.05.2024 15:49:51.050000,686.7,690.161,6.51553,5.742,5.672,39.313,4.17167,3.72655,27.9109,25.8487,793.205,794.45,7.98252,18.2553,2.59417,0.758065,5.67435,25.4702,25.4702,1.0,1.0,1
27064,30.05.2024 15:49:51.060000,686.7,690.161,6.51553,5.742,5.672,39.313,4.17167,3.72655,27.9109,25.8487,793.205,794.45,7.98252,18.2553,2.59417,0.758065,5.67435,25.4702,25.4702,1.0,1.0,1
27065,30.05.2024 15:49:51.070000,687.607,685.711,6.50775,5.681,5.69,39.279,4.03257,3.71279,27.2458,20.1202,791.92,792.875,10.6756,18.8019,5.04896,0.786324,5.67538,22.1499,22.1499,1.0,1.0,1
27066,30.05.2024 15:49:51.080000,683.487,675.989,6.52037,5.725,5.709,39.2265,3.85621,3.7109,21.8958,18.5259,790.555,791.375,13.8088,19.5777,7.87342,1.13648,5.67608,22.2005,22.2005,1.0,1.0,1
27067,30.05.2024 15:49:51.090000,683.487,675.989,6.51697,5.725,5.709,39.2833,3.78411,3.71154,14.48,23.609,789.19,789.885,17.1731,20.8575,10.6843,1.76916,5.67608,22.2005,22.2005,1.0,1.0,1
27068,30.05.2024 15:49:51.100000,683.487,675.989,6.51697,5.725,5.709,39.2833,3.78411,3.71154,14.48,23.609,789.19,789.885,17.1731,20.8575,10.6843,1.76916,5.67608,22.2005,22.2005,1.0,1.0,1
27069,30.05.2024 15:49:51.110000,683.569,676.318,6.52137,5.805,5.7,39.2254,3.74001,3.71506,9.81353,21.5809,787.835,788.425,20.432,22.3645,13.6125,3.08245,5.67653,19.9363,19.9363,1.0,1.0,1
27070,30.05.2024 15:49:51.120000,689.502,690.902,6.50784,5.792,5.685,39.2056,3.82304,3.70936,11.5613,18.357,786.57,786.99,21.7949,20.5189,16.3168,4.22444,5.67683,19.0394,19.0394,1.0,1.0,1
27071,30.05.2024 15:49:51.130000,692.138,692.138,6.50784,5.687,5.664,39.1995,3.89262,3.70914,11.5613,18.357,786.57,786.99,21.7949,20.5189,16.3168,4.22444,5.67714,19.0394,19.0394,1.0,1.0,1
27072,30.05.2024 15:49:51.140000,692.138,692.138,6.51894,5.687,5.664,39.1995,4.03556,3.71282,16.8196,19.6539,786.775,786.785,18.1097,10.8834,19.4061,5.18376,5.67743,18.3738,18.3738,1.0,1.0,1
27073,30.05.2024 15:49:51.150000,689.667,692.056,6.52318,5.66,5.646,39.2567,4.09732,3.71269,16.8196,19.6539,786.775,786.785,18.1097,10.8834,19.4061,5.18376,5.67743,18.3738,18.3738,1.0,1.0,1
27074,30.05.2024 15:49:51.160000,690.902,689.337,6.52318,5.679,5.613,39.2567,4.14089,3.71224,23.9477,22.7367,786.585,787.61,19.932,9.5726,21.6995,6.12597,5.67781,16.5726,16.5726,1.0,1.0,1
27075,30.05.2024 15:49:51.170000,690.902,689.337,6.53329,5.679,5.613,39.2112,4.159,3.71433,29.272,23.2876,786.685,787.84,18.3361,13.2019,22.4114,7.19351,5.67781,16.2471,16.2471,1.0,1.0,1
27076,30.05.2024 15:49:51.180000,691.15,687.277,6.54671,5.647,5.596,39.2568,4.12105,3.71995,29.272,23.2876,786.685,787.84,18.3361,13.2019,22.4114,7.19351,5.67789,16.2471,16.2471,1.0,1.0,1
27077,30.05.2024 15:49:51.190000,691.15,688.843,6.54671,5.597,5.596,39.2568,4.06073,3.72194,29.0734,23.8953,786.605,787.99,18.5704,13.1268,21.7832,8.07111,5.67797,14.3519,14.3519,1.0,1.0,1
27078,30.05.2024 15:49:51.200000,684.311,688.843,6.55067,5.597,5.615,39.2572,3.97459,3.72406,24.4132,22.8554,786.33,788.26,16.6818,13.2357,19.0862,8.40284,5.67797,9.85243,9.85243,1.0,1.0,1
27079,30.05.2024 15:49:51.210000,690.985,685.711,6.55067,5.602,5.634,39.2038,3.88688,3.72172,24.4132,22.8554,786.33,788.26,16.6818,13.2357,19.0862,8.40284,5.67799,9.85243,9.85243,1.0,1.0,1
27080,30.05.2024 15:49:51.220000,690.985,685.711,6.53916,5.602,5.634,39.2038,3.72119,3.70375,16.1707,22.8377,786.43,788.335,14.12,14.1173,14.4734,7.76487,5.67798,9.85243,9.85243,1.0,1.0,1
27081,30.05.2024 15:49:51.230000,696.505,693.457,6.53927,5.639,5.654,39.2305,3.66866,3.69476,16.1707,22.8377,786.43,788.335,14.12,14.1173,14.4734,7.76487,5.67798,9.85243,9.85243,1.0,1.0,1
27082,30.05.2024 15:49:51.240000,694.034,691.479,6.53927,5.698,5.668,39.2305,3.63987,3.68945,10.6547,24.7668,786.455,788.26,12.3922,12.7768,10.9856,6.33017,5.67814,8.02951,8.02951,1.0,1.0,1
27083,30.05.2024 15:49:51.250000,694.034,691.479,6.53809,5.698,5.668,39.2834,3.64716,3.68166,6.40333,22.6529,786.55,788.385,10.4636,10.2646,9.23204,5.04924,5.67814,6.66956,6.66956,1.0,1.0,1
27084,30.05.2024 15:49:51.260000,692.056,681.015,6.54362,5.662,5.7,39.0796,3.73975,3.66846,6.40333,22.6529,786.55,788.385,10.4636,10.2646,9.23204,5.04924,5.67832,6.66956,6.66956,1.0,1.0,1
27085,30.05.2024 15:49:51.270000,692.056,675.0,6.54362,5.702,5.7,39.0796,3.81444,3.66512,8.72177,19.6115,786.73,788.695,9.06567,8.73092,6.52486,4.59101,5.67852,6.00405,6.00405,1.0,1.0,1
27086,30.05.2024 15:49:51.280000,687.112,675.0,6.54555,5.702,5.699,39.089,3.89798,3.66114,15.3762,22.7622,786.96,788.905,8.32902,8.64658,4.53027,4.4016,5.67852,6.00405,6.00405,1.0,1.0,1
27087,30.05.2024 15:49:51.290000,692.386,687.442,6.54555,5.742,5.714,39.1233,3.97733,3.65925,15.3762,22.7622,786.96,788.905,8.32902,8.64658,4.53027,4.4016,5.67872,6.00405,6.00405,1.0,1.0,1
27088,30.05.2024 15:49:51.300000,692.386,687.442,6.54429,5.742,5.714,39.1233,4.08891,3.67831,21.1617,20.7243,787.085,789.105,8.71956,8.22942,5.61225,4.15234,5.67897,5.91725,5.91725,1.0,1.0,1
27089,30.05.2024 15:49:51.310000,688.843,690.243,6.5533,5.731,5.701,39.1753,4.11586,3.69102,21.1617,20.7243,787.085,789.105,8.71956,8.22942,5.61225,4.15234,5.67897,5.91725,5.91725,1.0,1.0,1
27090,30.05.2024 15:49:51.320000,688.843,690.243,6.5533,5.731,5.701,39.1753,4.11586,3.69102,21.1617,20.7243,787.085,789.105,8.71956,8.22942,5.61225,4.15234,5.67897,5.91725,5.91725,1.0,1.0,1
27091,30.05.2024 15:49:51.330000,687.195,690.408,6.5533,5.694,5.686,39.1753,4.11594,3.70201,28.0154,22.3347,787.17,789.405,8.86976,8.23742,7.95963,4.39858,5.67921,6.37297,6.37297,1.0,1.0,1
27092,30.05.2024 15:49:51.340000,692.138,689.007,6.56545,5.651,5.701,39.6511,3.95993,3.71584,28.0218,24.4088,787.42,789.555,9.29935,9.74349,9.21918,4.53678,5.67919,6.37297,6.37297,1.0,1.0,1
27093,30.05.2024 15:49:51.350000,692.138,689.007,6.56545,5.651,5.701,39.6511,3.95993,3.71584,28.0218,24.4088,787.42,789.555,9.29935,9.74349,9.21918,4.53678,5.67919,6.37297,6.37297,1.0,1.0,1
27094,30.05.2024 15:49:51.360000,692.138,694.858,6.56545,5.707,5.701,39.6511,3.88083,3.71666,24.6924,22.2524,787.545,789.47,10.6441,10.3997,10.6601,4.75176,5.67911,7.14699,7.14699,1.0,1.0,1
27095,30.05.2024 15:49:51.370000,692.138,694.858,6.56545,5.707,5.701,39.6511,3.88083,3.71666,24.6924,22.2524,787.545,789.47,10.6441,10.3997,10.6601,4.75176,5.67911,7.14699,7.14699,1.0,1.0,1
27096,30.05.2024 15:49:51.380000,651.764,694.281,6.55644,5.702,5.669,40.8492,3.73681,3.70293,17.5451,23.1429,787.705,789.385,11.8641,9.40163,11.9491,4.9909,5.67923,6.59722,6.59722,1.0,1.0,1
27097,30.05.2024 15:49:51.390000,651.764,694.281,6.55644,5.702,5.669,40.8492,3.73681,3.70293,17.5451,23.1429,787.705,789.385,11.8641,9.40163,11.9491,4.9909,5.67923,6.59722,6.59722,1.0,1.0,1
27098,30.05.2024 15:49:51.400000,626.385,689.584,6.56279,5.664,5.688,41.6069,3.64937,3.64468,7.80762,19.5456,787.615,789.58,14.7283,6.99277,12.1224,5.42948,5.6794,6.59722,6.59722,1.0,1.0,1
27099,30.05.2024 15:49:51.410000,603.891,669.562,6.5401,5.681,5.754,42.3836,3.69378,3.58897,7.70552,15.7834,787.6,789.68,13.5588,6.75102,11.4472,5.756,5.67956,5.78704,5.78704,1.0,1.0,1
27100,30.05.2024 15:49:51.420000,578.76,636.355,6.50712,5.809,5.762,43.2484,3.77205,3.56984,7.70552,15.7834,787.6,789.68,13.5588,6.75102,11.4472,5.756,5.6797,5.78704,5.78704,1.0,1.0,1
27101,30.05.2024 15:49:51.430000,578.76,636.355,6.50712,5.809,5.762,43.2484,3.77205,3.56984,7.70552,15.7834,787.6,789.68,13.5588,6.75102,11.4472,5.756,5.6797,5.78704,5.78704,1.0,1.0,1
27102,30.05.2024 15:49:51.440000,578.76,629.928,6.50712,5.876,5.762,43.2484,3.82072,3.57356,11.4829,11.8287,787.63,789.695,12.6992,6.84247,10.7959,5.91453,5.67997,4.63686,4.63686,1.0,1.0,1
27103,30.05.2024 15:49:51.450000,564.34,623.584,6.50574,5.87,5.75,45.1943,3.89818,3.60109,16.6055,17.3692,787.56,789.715,11.4041,6.32809,10.2396,5.99139,5.68035,4.52112,4.52112,1.0,1.0,1
27104,30.05.2024 15:49:51.460000,564.34,623.584,6.50574,5.87,5.75,45.1943,3.89818,3.60109,16.6055,17.3692,787.56,789.715,11.4041,6.32809,10.2396,5.99139,5.68035,4.52112,4.52112,1.0,1.0,1
27105,30.05.2024 15:49:51.470000,564.34,623.584,6.50162,5.87,5.75,45.1943,3.93071,3.64646,19.8098,17.6887,787.64,789.715,9.34204,5.7596,8.38367,6.07167,5.68094,5.2228,5.2228,1.0,1.0,1
27106,30.05.2024 15:49:51.480000,564.34,623.584,6.50162,5.87,5.75,45.1943,3.93071,3.64646,19.8098,17.6887,787.64,789.715,9.34204,5.7596,8.38367,6.07167,5.68094,5.2228,5.2228,1.0,1.0,1
27107,30.05.2024 15:49:51.490000,574.063,605.786,6.49948,5.781,5.769,46.3327,3.90532,3.68682,20.09,18.1189,787.92,789.74,8.09149,5.12216,6.90124,6.00567,5.68129,4.93345,4.93345,1.0,1.0,1
27108,30.05.2024 15:49:51.500000,574.063,605.786,6.49948,5.781,5.769,46.3327,3.90532,3.68682,20.09,18.1189,787.92,789.74,8.09149,5.12216,6.90124,6.00567,5.68129,4.93345,4.93345,1.0,1.0,1
27109,30.05.2024 15:49:51.510000,573.816,614.273,6.47336,5.835,5.769,48.6863,3.81648,3.71089,20.3841,20.8963,788.08,789.8,8.64067,4.67918,6.38139,5.97538,5.68216,5.14323,5.14323,1.0,1.0,1
27110,30.05.2024 15:49:51.520000,573.816,614.273,6.47336,5.835,5.769,48.6863,3.81648,3.71089,20.3841,20.8963,788.08,789.8,8.64067,4.67918,6.38139,5.97538,5.68216,5.14323,5.14323,1.0,1.0,1
27111,30.05.2024 15:49:51.530000,566.977,616.333,6.45012,5.823,5.788,49.9898,3.78876,3.71984,14.4389,22.9328,788.465,789.82,9.8298,4.6535,5.04127,6.13471,5.68253,4.76708,4.76708,1.0,1.0,1
27112,30.05.2024 15:49:51.540000,567.554,614.026,6.36526,5.782,5.764,51.1553,3.8556,3.71299,18.4989,25.238,788.485,789.83,11.2248,4.26576,6.50912,6.01238,5.68414,5.86661,5.86661,1.0,1.0,1
27113,30.05.2024 15:49:51.550000,575.876,616.827,6.39225,5.801,5.712,52.355,3.89436,3.71189,18.4989,25.238,788.485,789.83,11.2248,4.26576,6.50912,6.01238,5.68414,5.86661,5.86661,1.0,1.0,1
27114,30.05.2024 15:49:51.560000,572.827,620.288,6.39225,5.797,5.673,52.355,3.93301,3.70897,19.9962,23.1667,788.505,789.88,11.6632,4.22729,8.13361,6.16814,5.68497,5.86661,5.86661,1.0,1.0,1
27115,30.05.2024 15:49:51.570000,572.827,620.288,6.42072,5.797,5.673,53.4799,3.97069,3.70363,21.9422,21.3792,788.59,789.865,11.6025,4.57949,8.77062,6.32755,5.68497,6.01128,6.01128,1.0,1.0,1
27116,30.05.2024 15:49:51.580000,574.145,614.932,6.40917,5.723,5.63,54.7447,3.99846,3.6843,21.9422,21.3792,788.59,789.865,11.6025,4.57949,8.77062,6.32755,5.68563,6.01128,6.01128,1.0,1.0,1
27117,30.05.2024 15:49:51.590000,574.145,615.014,6.40917,5.674,5.63,54.7447,3.99069,3.66852,26.6142,21.3327,788.6,789.835,11.5845,4.48023,9.5313,6.29742,5.68656,6.13426,6.13426,1.0,1.0,1
27118,30.05.2024 15:49:51.600000,572.992,615.014,6.37187,5.674,5.626,56.112,3.96403,3.65524,24.1684,17.8481,788.655,789.84,10.9083,4.10947,9.93826,6.33692,5.68656,5.37471,5.37471,1.0,1.0,1
27119,30.05.2024 15:49:51.610000,571.591,612.048,6.37187,5.673,5.663,57.2542,3.92307,3.65328,24.1684,17.8481,788.655,789.84,10.9083,4.10947,9.93826,6.33692,5.68703,5.37471,5.37471,1.0,1.0,1
27120,30.05.2024 15:49:51.620000,571.591,612.048,6.34963,5.673,5.663,57.2542,3.8263,3.65612,21.6751,15.1467,788.79,789.87,10.2478,4.39018,9.44828,6.35542,5.68722,5.37471,5.37471,1.0,1.0,1
27121,30.05.2024 15:49:51.630000,571.179,610.977,6.34029,5.743,5.668,58.5484,3.77217,3.65862,21.6751,15.1467,788.79,789.87,10.2478,4.39018,9.44828,6.35542,5.68722,5.37471,5.37471,1.0,1.0,1
27122,30.05.2024 15:49:51.640000,577.936,617.651,6.34029,5.783,5.669,58.5484,3.73275,3.66037,17.2815,17.5658,788.945,789.815,9.96373,4.59677,8.50717,6.48812,5.68729,4.66581,4.66581,1.0,1.0,1
27123,30.05.2024 15:49:51.650000,577.936,617.651,6.34262,5.783,5.669,59.7194,3.70727,3.66298,12.6628,20.6948,789.055,789.79,10.0099,4.4031,7.47613,6.6065,5.68729,4.66581,4.66581,1.0,1.0,1
27124,30.05.2024 15:49:51.660000,569.201,610.153,6.34126,5.72,5.661,60.8016,3.69848,3.67873,12.6628,20.6948,789.055,789.79,10.0099,4.4031,7.47613,6.6065,5.68764,4.66581,4.66581,1.0,1.0,1
27125,30.05.2024 15:49:51.670000,569.201,602.82,6.34126,5.679,5.661,60.8016,3.71356,3.68361,10.8621,19.2045,789.15,789.8,9.85811,4.21271,6.77327,6.48496,5.68792,4.66581,4.66581,1.0,1.0,1
27126,30.05.2024 15:49:51.680000,573.486,602.82,6.37006,5.679,5.692,61.9534,3.74221,3.6814,11.7602,18.042,789.22,789.785,9.64027,4.47881,6.29297,6.47401,5.68792,4.75983,4.75983,1.0,1.0,1
27127,30.05.2024 15:49:51.690000,569.531,608.011,6.37006,5.726,5.697,63.0632,3.78157,3.67135,11.7602,18.042,789.22,789.785,9.64027,4.47881,6.29297,6.47401,5.68845,4.75983,4.75983,1.0,1.0,1
27128,30.05.2024 15:49:51.700000,569.531,608.011,6.37006,5.726,5.697,63.0632,3.78157,3.67135,11.7602,18.042,789.22,789.785,9.64027,4.47881,6.29297,6.47401,5.68845,4.75983,4.75983,1.0,1.0,1
27129,30.05.2024 15:49:51.710000,569.531,608.011,6.36378,5.726,5.697,63.0632,3.8531,3.66324,15.5046,20.0812,789.355,789.75,9.12886,4.54581,5.89991,6.36895,5.68856,4.76708,4.76708,1.0,1.0,1
27130,30.05.2024 15:49:51.720000,575.464,541.186,6.31728,5.859,5.719,64.218,3.91329,3.68058,16.977,16.7722,789.49,789.715,8.91017,4.37949,6.27039,6.27087,5.6887,4.76708,4.76708,1.0,1.0,1
27131,30.05.2024 15:49:51.730000,575.464,541.186,6.31446,5.859,5.719,65.3125,3.92351,3.68014,21.9626,20.9381,789.545,789.695,8.71187,4.12977,7.0603,6.25261,5.6887,4.65857,4.65857,1.0,1.0,1
27132,30.05.2024 15:49:51.740000,570.19,563.351,6.34713,5.746,5.701,66.3532,3.90042,3.68641,21.9626,20.9381,789.545,789.695,8.71187,4.12977,7.0603,6.25261,5.68886,4.65857,4.65857,1.0,1.0,1
27133,30.05.2024 15:49:51.750000,570.19,591.119,6.34713,5.708,5.701,66.3532,3.8746,3.68571,23.4139,21.3234,789.645,789.695,8.09291,4.15638,7.03805,6.34307,5.68928,5.02025,5.02025,1.0,1.0,1
27134,30.05.2024 15:49:51.760000,573.816,591.119,6.35029,5.708,5.681,67.52,3.83376,3.675,18.7983,18.8068,789.735,789.715,7.54722,4.29546,6.95398,6.35774,5.68928,4.96962,4.96962,1.0,1.0,1
27135,30.05.2024 15:49:51.770000,562.61,602.325,6.35029,5.743,5.696,68.51,3.77872,3.66203,18.7983,18.8068,789.735,789.715,7.54722,4.29546,6.95398,6.35774,5.6896,4.96962,4.96962,1.0,1.0,1
27136,30.05.2024 15:49:51.780000,562.61,602.325,6.32244,5.743,5.696,68.51,3.67879,3.62134,16.882,18.6709,789.88,789.665,7.01326,4.62862,6.66231,6.43893,5.69,4.67303,4.67303,1.0,1.0,1
27137,30.05.2024 15:49:51.790000,538.138,560.715,6.29602,5.793,5.77,69.5381,3.64695,3.5924,16.882,18.6709,789.88,789.665,7.01326,4.62862,6.66231,6.43893,5.69,4.67303,4.67303,1.0,1.0,1
27138,30.05.2024 15:49:51.800000,538.138,560.715,6.29602,5.793,5.77,69.5381,3.64695,3.5924,16.882,18.6709,789.88,789.665,7.01326,4.62862,6.66231,6.43893,5.69,4.67303,4.67303,1.0,1.0,1
27139,30.05.2024 15:49:51.810000,523.141,544.812,6.29602,5.815,5.783,69.5381,3.6272,3.58069,10.3756,16.0013,789.975,789.625,6.88418,4.59855,5.69122,6.55047,5.69019,4.16666,4.16666,1.0,1.0,1
27140,30.05.2024 15:49:51.820000,523.141,544.812,6.29602,5.815,5.783,69.5381,3.6272,3.58069,10.3756,16.0013,789.975,789.625,6.88418,4.59855,5.69122,6.55047,5.69019,4.16666,4.16666,1.0,1.0,1
27141,30.05.2024 15:49:51.830000,521.411,511.276,6.26084,5.87,5.762,71.6654,3.68904,3.53761,9.17343,11.0365,790.105,789.605,6.65811,4.46454,4.89773,6.67755,5.69042,4.16666,4.16666,1.0,1.0,1
27142,30.05.2024 15:49:51.840000,521.411,511.276,6.26084,5.87,5.762,71.6654,3.68904,3.53761,9.17343,11.0365,790.105,789.605,6.65811,4.46454,4.89773,6.67755,5.69042,4.16666,4.16666,1.0,1.0,1
27143,30.05.2024 15:49:51.850000,514.984,481.036,6.26023,5.875,5.757,72.6314,3.7521,3.525,13.6286,9.86146,790.175,789.58,6.56041,4.58941,4.55064,6.5643,5.69067,4.81047,4.81047,1.0,1.0,1
27144,30.05.2024 15:49:51.860000,514.984,481.036,6.26023,5.875,5.757,72.6314,3.7521,3.525,13.6286,9.86146,790.175,789.58,6.56041,4.58941,4.55064,6.5643,5.69067,4.81047,4.81047,1.0,1.0,1
27145,30.05.2024 15:49:51.870000,505.014,475.68,6.21676,5.845,5.818,73.7474,3.81779,3.51311,15.2473,10.8162,790.265,789.565,6.00457,4.58388,4.66981,6.394,5.69179,4.95515,4.95515,1.0,1.0,1
27146,30.05.2024 15:49:51.880000,505.014,475.68,6.21676,5.845,5.818,73.7474,3.81779,3.51311,15.2473,10.8162,790.265,789.565,6.00457,4.58388,4.66981,6.394,5.69179,4.95515,4.95515,1.0,1.0,1
27147,30.05.2024 15:49:51.890000,493.396,460.602,6.1712,5.871,5.816,74.7454,3.8076,3.54636,19.9143,13.4923,790.34,789.535,5.70281,4.63862,5.02608,6.28801,5.69236,5.01303,5.01303,1.0,1.0,1
27148,30.05.2024 15:49:51.900000,493.396,460.602,6.1712,5.871,5.816,74.7454,3.8076,3.54636,19.9143,13.4923,790.34,789.535,5.70281,4.63862,5.02608,6.28801,5.69236,5.01303,5.01303,1.0,1.0,1
27149,30.05.2024 15:49:51.910000,483.838,438.931,6.10067,5.896,5.837,76.7185,3.7435,3.57704,17.2393,12.9739,790.43,789.49,5.62045,4.61975,5.44129,6.23552,5.69318,5.01303,5.01303,1.0,1.0,1
27150,30.05.2024 15:49:51.920000,465.298,415.201,6.06198,5.893,5.829,77.6904,3.68841,3.632,15.4372,17.166,790.665,789.475,6.16302,4.33917,5.60755,5.98858,5.69353,4.91898,4.91898,1.0,1.0,1
27151,30.05.2024 15:49:51.930000,465.298,415.201,6.06198,5.893,5.829,77.6904,3.68841,3.632,15.4372,17.166,790.665,789.475,6.16302,4.33917,5.60755,5.98858,5.69353,4.91898,4.91898,1.0,1.0,1
27152,30.05.2024 15:49:51.940000,452.197,406.055,6.06198,5.888,5.816,78.782,3.67888,3.63261,12.2934,21.0444,790.705,789.465,6.90875,4.49147,5.27514,5.97681,5.69446,4.96238,4.96238,1.0,1.0,1
27153,30.05.2024 15:49:51.950000,452.691,401.688,6.00834,5.872,5.794,79.75,3.70089,3.6488,12.8119,16.0343,790.71,789.435,7.22663,4.57247,4.71981,5.86493,5.69504,4.96238,4.96238,1.0,1.0,1
27154,30.05.2024 15:49:51.960000,454.175,387.68,6.00834,5.874,5.792,79.75,3.72486,3.6227,12.8119,16.0343,790.71,789.435,7.22663,4.57247,4.71981,5.86493,5.69618,4.96238,4.96238,1.0,1.0,1
27155,30.05.2024 15:49:51.970000,454.175,387.68,6.00834,5.874,5.792,79.75,3.72486,3.6227,12.8119,16.0343,790.71,789.435,7.22663,4.57247,4.71981,5.86493,5.69618,4.96238,4.96238,1.0,1.0,1
27156,30.05.2024 15:49:51.980000,454.175,387.68,5.98709,5.874,5.792,80.6351,3.74526,3.60055,15.0222,16.8219,790.73,789.41,7.2097,4.36243,4.51236,5.84823,5.69618,4.81771,4.81771,1.0,1.0,1
27157,30.05.2024 15:49:51.990000,448.736,367.657,5.93252,5.854,5.767,81.5057,3.76458,3.55675,16.4992,15.4348,790.77,789.41,6.98924,4.30127,4.52597,5.74485,5.69798,4.71643,4.71643,1.0,1.0,1
27158,30.05.2024 15:49:52.000000,441.156,367.657,5.88803,5.854,5.782,82.3406,3.75119,3.54943,15.9386,9.74107,790.815,789.39,6.71363,4.56802,4.61498,5.7673,5.69798,4.71643,4.71643,1.0,1.0,1
27159,30.05.2024 15:49:52.010000,435.058,351.343,5.88803,5.861,5.772,83.0839,3.73245,3.55442,15.9386,9.74107,790.815,789.39,6.71363,4.56802,4.61498,5.7673,5.69905,4.71643,4.71643,1.0,1.0,1
27160,30.05.2024 15:49:52.020000,435.058,351.343,5.86904,5.861,5.772,83.0839,3.69721,3.56582,15.571,9.23795,790.89,789.375,6.47208,4.6191,4.69255,5.68298,5.69994,4.71643,4.71643,1.0,1.0,1
27161,30.05.2024 15:49:52.030000,435.058,351.343,5.86904,5.861,5.772,83.0839,3.69721,3.56582,15.571,9.23795,790.89,789.375,6.47208,4.6191,4.69255,5.68298,5.69994,4.71643,4.71643,1.0,1.0,1
27162,30.05.2024 15:49:52.040000,427.972,340.713,5.81653,5.869,5.76,83.8813,3.68448,3.57261,14.5011,13.5743,791.0,789.36,6.45294,4.53136,4.78695,5.61642,5.69994,4.6224,4.6224,1.0,1.0,1
27163,30.05.2024 15:49:52.050000,419.568,331.567,5.77736,5.856,5.767,84.629,3.67619,3.6028,11.0065,9.98927,791.045,789.365,6.71539,4.83562,5.03965,5.67835,5.70054,4.66581,4.66581,1.0,1.0,1
27164,30.05.2024 15:49:52.060000,439.261,327.447,5.73903,5.798,5.639,85.2739,3.7095,3.61329,11.0065,9.98927,791.045,789.365,6.71539,4.83562,5.03965,5.67835,5.7011,4.66581,4.66581,1.0,1.0,1
27165,30.05.2024 15:49:52.070000,439.261,325.964,5.73903,5.749,5.639,85.2739,3.73512,3.61719,12.8416,13.5088,791.11,789.355,6.83925,4.90295,4.95664,5.508,5.70154,4.46326,4.46326,1.0,1.0,1
27166,30.05.2024 15:49:52.080000,441.98,325.964,5.71947,5.749,5.671,85.7461,3.7628,3.62015,16.0685,15.0358,791.18,789.365,6.8618,5.0559,5.10885,5.56871,5.70154,4.49942,4.49942,1.0,1.0,1
27167,30.05.2024 15:49:52.090000,439.178,343.68,5.71947,5.704,5.64,86.2094,3.79282,3.61958,16.0685,15.0358,791.18,789.365,6.8618,5.0559,5.10885,5.56871,5.70214,4.49942,4.49942,1.0,1.0,1
27168,30.05.2024 15:49:52.100000,439.178,343.68,5.71328,5.704,5.64,86.2094,3.82192,3.62094,16.0182,10.1477,791.215,789.36,6.96976,5.28969,5.32253,5.42674,5.70245,4.75983,4.75983,1.0,1.0,1
27169,30.05.2024 15:49:52.110000,438.684,352.414,5.68573,5.677,5.591,86.6403,3.82405,3.6249,16.0182,10.1477,791.215,789.36,6.96976,5.28969,5.32253,5.42674,5.70245,4.75983,4.75983,1.0,1.0,1
27170,30.05.2024 15:49:52.120000,436.954,334.946,5.68573,5.667,5.606,86.6403,3.81837,3.62615,19.5376,12.5764,791.28,789.325,6.90058,5.50225,5.33089,5.47626,5.7026,4.76708,4.76708,1.0,1.0,1
27171,30.05.2024 15:49:52.130000,436.954,334.946,5.65713,5.667,5.606,86.9024,3.80102,3.6271,19.1286,15.6517,791.285,789.29,6.80021,5.48835,5.30704,5.51746,5.7026,4.30411,4.30411,1.0,1.0,1
27172,30.05.2024 15:49:52.140000,430.032,327.53,5.65357,5.669,5.578,87.136,3.754,3.62549,19.1286,15.6517,791.285,789.29,6.80021,5.48835,5.30704,5.51746,5.70288,4.30411,4.30411,1.0,1.0,1
27173,30.05.2024 15:49:52.150000,430.032,322.092,5.65357,5.661,5.578,87.136,3.73279,3.62539,16.6008,15.6094,791.3,789.285,6.41821,5.36709,5.39721,5.5131,5.70279,4.36921,4.36921,1.0,1.0,1
27174,30.05.2024 15:49:52.160000,422.452,322.092,5.66032,5.661,5.58,87.331,3.71112,3.62407,14.1078,14.4566,791.375,789.28,5.68451,5.4847,5.40728,5.45055,5.70279,4.22454,4.22454,1.0,1.0,1
27175,30.05.2024 15:49:52.170000,422.452,322.092,5.66032,5.661,5.58,87.331,3.71112,3.62407,14.1078,14.4566,791.375,789.28,5.68451,5.4847,5.40728,5.45055,5.70279,4.22454,4.22454,1.0,1.0,1
27176,30.05.2024 15:49:52.180000,409.927,298.691,5.66032,5.661,5.581,87.5181,3.69555,3.61882,12.9201,15.1164,791.51,789.28,5.34876,5.52412,5.29346,5.35333,5.70268,4.22454,4.22454,1.0,1.0,1
27177,30.05.2024 15:49:52.190000,409.927,298.691,5.66032,5.661,5.581,87.5181,3.69555,3.61882,12.9201,15.1164,791.51,789.28,5.34876,5.52412,5.29346,5.35333,5.70268,4.22454,4.22454,1.0,1.0,1
27178,30.05.2024 15:49:52.200000,392.047,279.163,5.68872,5.639,5.583,87.6018,3.67003,3.59072,12.5327,12.2062,791.585,789.27,5.56732,5.6041,5.19733,5.27967,5.70254,4.22454,4.22454,1.0,1.0,1
27179,30.05.2024 15:49:52.210000,366.504,256.668,5.68317,5.667,5.624,87.6936,3.68042,3.58556,12.2333,11.0721,791.615,789.265,5.60889,5.61316,5.1123,5.39931,5.70217,3.87008,3.87008,1.0,1.0,1
27180,30.05.2024 15:49:52.220000,392.047,279.163,5.68872,5.639,5.583,87.6018,3.67003,3.59072,12.2333,11.0721,791.615,789.265,5.60889,5.61316,5.1123,5.39931,5.70254,3.87008,3.87008,1.0,1.0,1
27181,30.05.2024 15:49:52.230000,338.077,178.39,5.68576,5.738,5.636,87.7475,3.7108,3.58756,13.9694,15.8995,791.64,789.255,5.39674,5.64099,4.91818,5.31619,5.70138,3.87008,3.87008,1.0,1.0,1
27182,30.05.2024 15:49:52.240000,334.204,178.39,5.68242,5.738,5.597,87.7434,3.72037,3.58724,12.9983,15.5777,791.675,789.23,4.96223,5.61704,4.80434,5.28411,5.70138,3.87008,3.87008,1.0,1.0,1
27183,30.05.2024 15:49:52.250000,307.507,143.784,5.68242,5.747,5.679,87.8506,3.71891,3.58823,12.9983,15.5777,791.675,789.23,4.96223,5.61704,4.80434,5.28411,5.70105,3.87008,3.87008,1.0,1.0,1
27184,30.05.2024 15:49:52.260000,307.507,143.784,5.71441,5.747,5.679,87.8506,3.70283,3.59156,13.4654,10.7373,791.73,789.22,4.53747,5.30277,4.69216,5.26099,5.70046,4.05093,4.05093,1.0,1.0,1
27185,30.05.2024 15:49:52.270000,283.2,128.293,5.73482,5.706,5.656,87.8869,3.69904,3.58849,13.4654,10.7373,791.73,789.22,4.53747,5.30277,4.69216,5.26099,5.70046,4.05093,4.05093,1.0,1.0,1
27186,30.05.2024 15:49:52.280000,261.859,113.379,5.73482,5.71,5.675,87.8869,3.69881,3.58507,15.3497,14.9112,791.83,789.26,4.1052,5.34602,4.75133,5.31125,5.70015,4.05093,4.05093,1.0,1.0,1
27187,30.05.2024 15:49:52.290000,261.859,113.379,5.71581,5.71,5.675,87.9364,3.7011,3.58923,13.3226,16.2475,791.89,789.26,4.24077,5.61176,4.76449,5.27182,5.70015,4.06539,4.06539,1.0,1.0,1
27188,30.05.2024 15:49:52.300000,237.717,95.4986,5.72848,5.764,5.66,87.9456,3.71409,3.58966,13.3226,16.2475,791.89,789.26,4.24077,5.61176,4.76449,5.27182,5.69999,4.06539,4.06539,1.0,1.0,1
27189,30.05.2024 15:49:52.310000,237.717,44.9066,5.72848,5.756,5.66,87.9456,3.71282,3.57613,13.3264,13.2677,791.935,789.27,4.24547,5.62939,4.57353,5.18409,5.6999,4.49942,4.49942,1.0,1.0,1
27190,30.05.2024 15:49:52.320000,225.851,44.9066,5.76804,5.756,5.633,88.0235,3.70543,3.57341,15.17,13.766,791.975,789.26,4.19158,5.77385,4.79108,5.23286,5.6999,4.55006,4.55006,1.0,1.0,1
27191,30.05.2024 15:49:52.330000,197.012,62.7044,5.76804,5.7,5.696,88.0923,3.69812,3.58229,15.17,13.766,791.975,789.26,4.19158,5.77385,4.79108,5.23286,5.69977,4.55006,4.55006,1.0,1.0,1
27192,30.05.2024 15:49:52.340000,197.012,62.7044,5.79085,5.7,5.696,88.0923,3.67953,3.57124,12.9871,13.6484,792.015,789.265,4.19635,5.68494,4.8874,5.22595,5.6999,4.55006,4.55006,1.0,1.0,1
27193,30.05.2024 15:49:52.350000,197.012,62.7044,5.79085,5.7,5.696,88.0923,3.67953,3.57124,12.9871,13.6484,792.015,789.265,4.19635,5.68494,4.8874,5.22595,5.6999,4.55006,4.55006,1.0,1.0,1
27194,30.05.2024 15:49:52.360000,177.566,46.7193,5.76104,5.69,5.661,88.133,3.67511,3.5683,12.7564,14.4015,792.02,789.26,4.19247,5.67639,4.97105,5.28445,5.6999,4.2607,4.2607,1.0,1.0,1
27195,30.05.2024 15:49:52.370000,157.05,20.2698,5.7688,5.689,5.703,88.1981,3.68083,3.5802,13.3243,10.7843,792.02,789.265,3.99611,5.63541,5.04232,5.14697,5.69954,4.2607,4.2607,1.0,1.0,1
27196,30.05.2024 15:49:52.380000,118.817,-21.5057,5.77867,5.695,5.747,88.299,3.69647,3.57362,13.3243,10.7843,792.02,789.265,3.99611,5.63541,5.04232,5.14697,5.69973,4.2607,4.2607,1.0,1.0,1
27197,30.05.2024 15:49:52.390000,118.817,-42.5995,5.77867,5.704,5.747,88.299,3.70046,3.57753,12.2924,11.9955,792.05,789.275,3.50844,5.6717,5.17237,5.13329,5.69984,4.11604,4.11604,1.0,1.0,1
27198,30.05.2024 15:49:52.400000,119.064,-42.5995,5.79269,5.704,5.686,88.3765,3.70076,3.57954,13.4524,14.8912,792.12,789.305,3.12781,5.77034,5.07346,5.16455,5.69984,4.09433,4.09433,1.0,1.0,1
27199,30.05.2024 15:49:52.410000,113.132,-69.7082,5.79269,5.677,5.646,88.3732,3.69656,3.57922,13.4524,14.8912,792.12,789.305,3.12781,5.77034,5.07346,5.16455,5.70003,4.09433,4.09433,1.0,1.0,1
27200,30.05.2024 15:49:52.420000,113.132,-69.7082,5.80639,5.677,5.646,88.3732,3.67707,3.58346,15.291,13.0236,792.195,789.305,3.1718,5.92386,5.04778,5.09567,5.70011,4.10156,4.10156,0.0,1.0,1
27201,30.05.2024 15:49:52.430000,110.742,-102.338,5.80712,5.701,5.686,88.3807,3.66758,3.58196,15.291,13.0236,792.195,789.305,3.1718,5.92386,5.04778,5.09567,5.70011,4.10156,4.10156,0.0,1.0,1
27202,30.05.2024 15:49:52.440000,103.491,-107.446,5.80712,5.67,5.68,88.3807,3.66102,3.57912,13.0137,14.34,792.265,789.295,3.41909,6.00079,5.03121,5.05921,5.7005,3.60243,3.60243,0.0,1.0,1
27203,30.05.2024 15:49:52.450000,103.491,-107.446,5.80712,5.67,5.68,88.3807,3.66102,3.57912,13.0137,14.34,792.265,789.295,3.41909,6.00079,5.03121,5.05921,5.7005,3.60243,3.60243,0.0,1.0,1
27204,30.05.2024 15:49:52.460000,103.491,-107.446,5.79706,5.67,5.68,88.4051,3.65456,3.57576,11.7486,10.5824,792.315,789.3,3.86077,5.79892,5.11153,5.10384,5.7005,3.37819,3.37819,0.0,1.0,1
27205,30.05.2024 15:49:52.470000,103.491,-107.446,5.79706,5.67,5.68,88.4051,3.65456,3.57576,11.7486,10.5824,792.315,789.3,3.86077,5.79892,5.11153,5.10384,5.7005,3.37819,3.37819,0.0,1.0,1
27206,30.05.2024 15:49:52.480000,94.0979,-137.851,5.78436,5.771,5.682,88.4171,3.67202,3.5806,12.8809,11.3601,792.31,789.315,4.33568,5.82572,5.18198,5.02977,5.70074,3.47946,3.47946,0.0,1.0,1
27207,30.05.2024 15:49:52.490000,94.0979,-137.851,5.78436,5.771,5.682,88.4171,3.67202,3.5806,12.8809,11.3601,792.31,789.315,4.33568,5.82572,5.18198,5.02977,5.70074,3.47946,3.47946,0.0,1.0,1
27208,30.05.2024 15:49:52.500000,15.9027,-178.802,5.78559,5.831,5.732,88.5588,3.71389,3.58777,12.7653,12.0821,792.335,789.335,4.23638,5.79885,5.40588,5.18937,5.70083,3.33478,3.33478,0.0,1.0,1
27209,30.05.2024 15:49:52.510000,15.9027,-178.802,5.78559,5.831,5.732,88.5588,3.71389,3.58777,12.7653,12.0821,792.335,789.335,4.23638,5.79885,5.40588,5.18937,5.70083,3.33478,3.33478,0.0,1.0,1
27210,30.05.2024 15:49:52.520000,20.8466,-199.072,5.76452,5.774,5.67,88.5815,3.77007,3.61342,16.8534,13.3607,792.43,789.33,4.49552,5.77049,6.10318,5.13589,5.70109,3.47222,3.47222,0.0,1.0,1
27211,30.05.2024 15:49:52.530000,20.8466,-199.072,5.76452,5.774,5.67,88.5815,3.77007,3.61342,16.8534,13.3607,792.43,789.33,4.49552,5.77049,6.10318,5.13589,5.70109,3.47222,3.47222,0.0,1.0,1
27212,30.05.2024 15:49:52.540000,32.135,-183.169,5.80038,5.714,5.655,88.6199,3.77395,3.62851,17.8363,14.5216,792.46,789.345,4.84565,5.67354,6.19613,5.12022,5.70114,3.47222,3.47222,0.0,1.0,1
27213,30.05.2024 15:49:52.550000,11.3708,-178.885,5.80302,5.709,5.657,88.5656,3.72968,3.62595,14.9575,12.4985,792.48,789.36,4.98679,5.60181,6.23643,5.21398,5.70155,3.42158,3.42158,0.0,1.0,1
27214,30.05.2024 15:49:52.560000,-7.74536,-178.885,5.77162,5.709,5.661,88.554,3.70726,3.62196,14.0899,12.2122,792.47,789.365,4.9801,5.47965,6.21225,5.21816,5.70155,3.42158,3.42158,0.0,1.0,1
27215,30.05.2024 15:49:52.570000,-7.74536,-178.885,5.77162,5.709,5.661,88.554,3.70726,3.62196,14.0899,12.2122,792.47,789.365,4.9801,5.47965,6.21225,5.21816,5.70155,3.42158,3.42158,0.0,1.0,1
27216,30.05.2024 15:49:52.580000,-18.7866,-206.653,5.77162,5.713,5.659,88.5899,3.69387,3.61738,12.0375,11.5558,792.48,789.36,4.86787,5.36671,6.03135,5.22661,5.70175,3.37819,3.37819,0.0,1.0,1
27217,30.05.2024 15:49:52.590000,-34.6069,-217.694,5.7277,5.695,5.649,88.5968,3.68448,3.59896,9.17767,8.17054,792.495,789.36,4.53405,5.37786,5.77946,5.33967,5.70181,3.37819,3.37819,0.0,1.0,1
27218,30.05.2024 15:49:52.600000,-62.5397,-253.125,5.7277,5.755,5.662,88.5968,3.6926,3.59741,9.17767,8.17054,792.495,789.36,4.53405,5.37786,5.77946,5.33967,5.70227,3.0816,3.0816,0.0,1.0,1
27219,30.05.2024 15:49:52.610000,-62.5397,-253.125,5.7277,5.755,5.662,88.5968,3.6926,3.59741,9.17767,8.17054,792.495,789.36,4.53405,5.37786,5.77946,5.33967,5.70227,3.0816,3.0816,0.0,1.0,1
27220,30.05.2024 15:49:52.620000,-62.5397,-253.125,5.75509,5.755,5.662,88.645,3.70814,3.59112,13.0251,11.709,792.5,789.37,4.20988,5.20337,5.45431,5.39455,5.70227,3.0816,3.0816,0.0,1.0,1
27221,30.05.2024 15:49:52.630000,-76.4648,-283.612,5.76728,5.733,5.67,88.6782,3.73568,3.6083,14.3668,12.3449,792.515,789.375,3.87122,5.06483,5.22586,5.42803,5.70241,3.0816,3.0816,0.0,1.0,1
27222,30.05.2024 15:49:52.640000,-83.963,-283.612,5.76696,5.733,5.667,88.6873,3.73846,3.60455,13.6705,12.8698,792.55,789.395,3.49497,4.89683,4.94272,5.45448,5.70241,2.91522,2.91522,0.0,1.0,1
27223,30.05.2024 15:49:52.650000,-107.446,-288.144,5.76696,5.73,5.666,88.7557,3.73353,3.59973,13.6705,12.8698,792.55,789.395,3.49497,4.89683,4.94272,5.45448,5.70254,2.91522,2.91522,0.0,1.0,1
27224,30.05.2024 15:49:52.660000,-107.446,-288.144,5.76696,5.73,5.666,88.7557,3.73353,3.59973,13.6705,12.8698,792.55,789.395,3.49497,4.89683,4.94272,5.45448,5.70254,2.91522,2.91522,0.0,1.0,1
27225,30.05.2024 15:49:52.670000,-107.446,-288.144,5.74889,5.73,5.666,88.7557,3.70806,3.6042,14.2907,10.9221,792.565,789.43,3.27662,4.87056,4.7303,5.46969,5.70276,2.82842,2.82842,0.0,1.0,1
27226,30.05.2024 15:49:52.680000,-108.765,-313.193,5.76716,5.761,5.707,88.753,3.69,3.60219,13.1934,12.0849,792.61,789.445,2.87647,4.94491,4.54273,5.44746,5.7029,2.58247,2.58247,0.0,1.0,1
27227,30.05.2024 15:49:52.690000,-108.765,-313.193,5.73494,5.761,5.707,88.7626,3.68746,3.59939,11.8857,12.7998,792.635,789.455,2.83777,5.04614,4.49534,5.41948,5.7029,2.29311,2.29311,0.0,1.0,1
27228,30.05.2024 15:49:52.700000,-108.765,-313.193,5.73494,5.761,5.707,88.7626,3.68746,3.59939,11.8857,12.7998,792.635,789.455,2.83777,5.04614,4.49534,5.41948,5.7029,2.29311,2.29311,0.0,1.0,1
27229,30.05.2024 15:49:52.710000,-111.401,-355.71,5.72412,5.797,5.693,88.8065,3.6924,3.5907,12.9097,11.9359,792.635,789.47,2.60885,4.98252,4.55962,5.48122,5.70318,2.42332,2.42332,0.0,1.0,1
27230,30.05.2024 15:49:52.720000,-113.379,-362.961,5.73409,5.737,5.687,88.7963,3.70171,3.58745,11.9482,10.7299,792.655,789.47,2.28064,5.02451,4.62765,5.52388,5.70337,2.42332,2.42332,0.0,1.0,1
27231,30.05.2024 15:49:52.730000,-119.147,-367.987,5.73409,5.728,5.67,88.8107,3.70567,3.58847,11.9482,10.7299,792.655,789.47,2.28064,5.02451,4.62765,5.52388,5.70377,2.42332,2.42332,0.0,1.0,1
27232,30.05.2024 15:49:52.740000,-119.147,-367.987,5.75502,5.728,5.67,88.8107,3.70551,3.59229,12.3719,12.7518,792.675,789.48,2.1539,5.01628,4.59223,5.36719,5.70407,2.23525,2.23525,0.0,1.0,1
27233,30.05.2024 15:49:52.750000,-116.428,-372.519,5.73753,5.744,5.649,88.7966,3.70513,3.59078,12.3719,12.7518,792.675,789.48,2.1539,5.01628,4.59223,5.36719,5.70407,2.23525,2.23525,0.0,1.0,1
27234,30.05.2024 15:49:52.760000,-116.428,-372.519,5.73753,5.744,5.649,88.7966,3.70513,3.59078,12.3719,12.7518,792.675,789.48,2.1539,5.01628,4.59223,5.36719,5.70407,2.23525,2.23525,0.0,1.0,1
27235,30.05.2024 15:49:52.770000,-123.267,-378.781,5.73753,5.726,5.666,88.7966,3.70127,3.58523,12.2038,11.9921,792.695,789.495,1.77814,4.91131,4.87224,5.39969,5.70434,2.63311,2.63311,0.0,1.0,1
27236,30.05.2024 15:49:52.780000,-125.244,-375.815,5.72618,5.708,5.66,88.8797,3.68964,3.58374,13.7286,12.5103,792.73,789.54,1.66203,5.01515,4.72781,5.26574,5.70491,3.01649,3.01649,0.0,1.0,1
27237,30.05.2024 15:49:52.790000,-125.244,-387.021,5.72618,5.714,5.66,88.8797,3.6883,3.5815,11.077,9.57024,792.74,789.575,1.59255,5.13656,4.49103,5.24272,5.70518,2.87181,2.87181,0.0,1.0,1
27238,30.05.2024 15:49:52.800000,-135.049,-387.021,5.73589,5.714,5.661,88.9013,3.6839,3.57748,11.4865,10.7569,792.74,789.59,1.4513,5.43801,4.32226,5.20078,5.70518,2.87181,2.87181,0.0,1.0,1
27239,30.05.2024 15:49:52.810000,-136.45,-402.759,5.73589,5.724,5.652,88.8597,3.67823,3.57405,11.4865,10.7569,792.74,789.59,1.4513,5.43801,4.32226,5.20078,5.70563,2.87181,2.87181,0.0,1.0,1
27240,30.05.2024 15:49:52.820000,-136.45,-402.759,5.75449,5.724,5.652,88.8597,3.67334,3.57412,12.2133,11.0425,792.76,789.595,1.31302,5.49908,4.30899,5.16842,5.70596,3.1684,3.1684,0.0,1.0,1
27241,30.05.2024 15:49:52.830000,-153.094,-411.328,5.76869,5.742,5.655,88.8496,3.67315,3.57545,12.2133,11.0425,792.76,789.595,1.31302,5.49908,4.30899,5.16842,5.70596,3.1684,3.1684,0.0,1.0,1
27242,30.05.2024 15:49:52.840000,-153.094,-411.328,5.76869,5.742,5.655,88.8496,3.67315,3.57545,12.2133,11.0425,792.76,789.595,1.31302,5.49908,4.30899,5.16842,5.70596,3.1684,3.1684,0.0,1.0,1
27243,30.05.2024 15:49:52.850000,-159.439,-402.429,5.76869,5.731,5.66,88.8496,3.67213,3.57684,10.0381,9.99484,792.78,789.595,1.34824,5.51095,4.21609,5.00139,5.70623,3.51562,3.51562,0.0,1.0,1
27244,30.05.2024 15:49:52.860000,-159.439,-402.429,5.76869,5.731,5.66,88.8496,3.67213,3.57684,10.0381,9.99484,792.78,789.595,1.34824,5.51095,4.21609,5.00139,5.70623,3.51562,3.51562,0.0,1.0,1
27245,30.05.2024 15:49:52.870000,-186.136,-407.455,5.78226,5.73,5.647,88.8733,3.66993,3.57469,10.534,9.25786,792.785,789.595,1.36468,5.44167,4.30834,4.9649,5.70676,3.51562,3.51562,0.0,1.0,1
27246,30.05.2024 15:49:52.880000,-193.799,-407.373,5.7739,5.723,5.675,88.8813,3.66663,3.57508,10.0915,9.53309,792.795,789.66,1.3019,5.29407,4.42229,4.92811,5.70712,3.21905,3.21905,0.0,1.0,1
27247,30.05.2024 15:49:52.890000,-207.394,-404.736,5.7739,5.748,5.657,88.8702,3.66651,3.57425,10.0915,9.53309,792.795,789.66,1.3019,5.29407,4.42229,4.92811,5.70745,3.21905,3.21905,0.0,1.0,1
27248,30.05.2024 15:49:52.900000,-207.394,-404.736,5.78578,5.748,5.657,88.8702,3.66821,3.57559,10.8679,10.6786,792.8,789.68,1.38079,5.44347,4.55299,4.79139,5.70757,3.21905,3.21905,0.0,1.0,1
27249,30.05.2024 15:49:52.910000,-207.394,-404.736,5.78578,5.748,5.657,88.8702,3.66821,3.57559,10.8679,10.6786,792.8,789.68,1.38079,5.44347,4.55299,4.79139,5.70757,3.21905,3.21905,0.0,1.0,1
27250,30.05.2024 15:49:52.920000,-221.32,-396.249,5.80442,5.76,5.687,88.8798,3.67281,3.57797,12.3409,10.4927,792.805,789.68,1.28834,5.53864,4.62381,4.82576,5.70757,3.1684,3.1684,0.0,1.0,1
27251,30.05.2024 15:49:52.930000,-233.102,-400.204,5.79453,5.761,5.692,88.8592,3.68358,3.58022,11.6227,9.32561,792.805,789.69,1.30906,5.50872,4.63021,4.77098,5.70745,2.93692,2.93692,0.0,1.0,1
27252,30.05.2024 15:49:52.940000,-246.204,-403.83,5.79015,5.786,5.691,88.8516,3.69746,3.58045,11.6227,9.32561,792.805,789.69,1.30906,5.50872,4.63021,4.77098,5.70745,2.93692,2.93692,0.0,1.0,1
27253,30.05.2024 15:49:52.950000,-246.204,-403.83,5.79015,5.786,5.691,88.8516,3.69746,3.58045,11.6227,9.32561,792.805,789.69,1.30906,5.50872,4.63021,4.77098,5.70745,2.93692,2.93692,0.0,1.0,1
27254,30.05.2024 15:49:52.960000,-246.204,-404.983,5.79015,5.768,5.691,88.8516,3.70218,3.58047,11.3368,7.07091,792.81,789.715,1.22351,5.30232,4.62496,4.80546,5.70778,2.93692,2.93692,0.0,1.0,1
27255,30.05.2024 15:49:52.970000,-275.702,-404.819,5.79597,5.757,5.693,88.8806,3.71182,3.58312,13.9175,10.0263,792.815,789.73,1.26828,5.30498,4.47071,4.71067,5.70781,2.93692,2.93692,0.0,1.0,1
27256,30.05.2024 15:49:52.980000,-275.702,-404.819,5.80426,5.757,5.693,88.8806,3.71166,3.58358,13.6899,10.2701,792.81,789.745,1.22608,5.2117,4.24026,4.7469,5.70838,2.81395,2.81395,0.0,1.0,1
27257,30.05.2024 15:49:52.990000,-283.612,-393.777,5.80375,5.726,5.688,88.8803,3.70539,3.58574,13.6899,10.2701,792.81,789.745,1.22608,5.2117,4.24026,4.7469,5.70838,2.81395,2.81395,0.0,1.0,1
27258,30.05.2024 15:49:53.000000,-289.05,-400.946,5.80375,5.745,5.688,88.8803,3.70009,3.58635,14.7397,11.078,792.82,789.77,1.20451,5.15198,4.07536,4.75057,5.70838,2.48842,2.48842,0.0,1.0,1
27259,30.05.2024 15:49:53.010000,-289.05,-400.946,5.80409,5.745,5.688,88.893,3.69721,3.58685,14.3252,12.0578,792.81,789.795,1.19741,5.18157,3.87426,4.7292,5.70838,2.59694,2.59694,0.0,1.0,1
27260,30.05.2024 15:49:53.020000,-300.668,-395.343,5.80914,5.787,5.699,88.9072,3.69611,3.58778,14.3252,12.0578,792.81,789.795,1.19741,5.18157,3.87426,4.7292,5.7088,2.59694,2.59694,0.0,1.0,1
27261,30.05.2024 15:49:53.030000,-300.668,-395.343,5.80914,5.787,5.699,88.9072,3.69611,3.58778,14.3252,12.0578,792.81,789.795,1.19741,5.18157,3.87426,4.7292,5.7088,2.59694,2.59694,0.0,1.0,1
27262,30.05.2024 15:49:53.040000,-300.668,-400.287,5.80914,5.771,5.699,88.9072,3.70025,3.58731,12.8228,9.63789,792.815,789.805,1.16457,5.21261,3.72647,4.7999,5.70899,2.77778,2.77778,0.0,1.0,1
27263,30.05.2024 15:49:53.050000,-328.848,-399.71,5.78786,5.769,5.701,88.9347,3.70769,3.58711,11.5047,9.44901,792.82,789.83,1.15598,4.93691,3.55415,4.75731,5.70944,2.47397,2.47397,0.0,1.0,1
27264,30.05.2024 15:49:53.060000,-328.848,-399.71,5.80223,5.769,5.701,88.9347,3.7145,3.5904,11.7281,10.3779,792.82,789.865,1.18801,4.89377,3.48511,4.72802,5.70946,2.43056,2.43056,0.0,1.0,1
27265,30.05.2024 15:49:53.070000,-344.833,-394.849,5.78409,5.722,5.715,88.9441,3.71671,3.59114,11.7281,10.3779,792.82,789.865,1.18801,4.89377,3.48511,4.72802,5.70946,2.43056,2.43056,0.0,1.0,1
27266,30.05.2024 15:49:53.080000,-346.069,-393.036,5.78409,5.746,5.717,88.9441,3.72,3.59097,11.3012,8.96216,792.825,789.87,1.15849,4.90275,3.50134,4.78825,5.70991,2.18461,2.18461,0.0,1.0,1
27267,30.05.2024 15:49:53.090000,-346.069,-393.036,5.77152,5.746,5.717,88.9149,3.72135,3.59132,12.4267,8.96346,792.825,789.885,1.24442,4.86307,3.50929,4.66729,5.70991,2.42332,2.42332,0.0,1.0,1
27268,30.05.2024 15:49:53.100000,-346.069,-393.036,5.77152,5.746,5.717,88.9149,3.72135,3.59132,12.4267,8.96346,792.825,789.885,1.24442,4.86307,3.50929,4.66729,5.70991,2.42332,2.42332,0.0,1.0,1
27269,30.05.2024 15:49:53.110000,-367.657,-402.676,5.75411,5.811,5.722,88.943,3.72962,3.59383,13.7214,9.22771,792.825,789.915,1.25423,4.74622,3.58939,4.72297,5.71021,2.43056,2.43056,0.0,1.0,1
27270,30.05.2024 15:49:53.120000,-367.657,-402.676,5.75411,5.811,5.722,88.943,3.72962,3.59383,13.7214,9.22771,792.825,789.915,1.25423,4.74622,3.58939,4.72297,5.71021,2.43056,2.43056,0.0,1.0,1
27271,30.05.2024 15:49:53.130000,-361.89,-399.463,5.75401,5.815,5.707,88.9253,3.73903,3.60279,13.6236,7.6833,792.825,789.935,1.30232,4.71076,3.76824,4.73976,5.71057,2.42332,2.42332,0.0,1.0,1
27272,30.05.2024 15:49:53.140000,-365.021,-403.418,5.72715,5.786,5.69,88.934,3.7547,3.61325,12.4143,10.317,792.83,789.965,1.37407,4.65003,3.92507,4.61501,5.71126,2.42332,2.42332,0.0,1.0,1
27273,30.05.2024 15:49:53.150000,-365.433,-402.182,5.72398,5.729,5.687,88.9041,3.75786,3.61773,12.4143,10.317,792.83,789.965,1.37407,4.65003,3.92507,4.61501,5.71126,2.42332,2.42332,0.0,1.0,1
27274,30.05.2024 15:49:53.160000,-361.972,-403.747,5.72398,5.699,5.673,88.9041,3.76043,3.62238,13.5987,9.10941,792.825,789.975,1.36461,4.70879,4.17474,4.62226,5.71177,2.06886,2.06886,0.0,1.0,1
27275,30.05.2024 15:49:53.170000,-361.972,-403.747,5.73772,5.699,5.673,88.9037,3.75953,3.62385,13.8264,10.6681,792.815,789.995,1.54778,4.78075,4.20573,4.41933,5.71177,2.08334,2.08334,0.0,1.0,1
27276,30.05.2024 15:49:53.180000,-360.571,-398.721,5.74763,5.719,5.66,88.8964,3.74581,3.62265,13.8264,10.6681,792.815,789.995,1.54778,4.78075,4.20573,4.41933,5.71194,2.08334,2.08334,0.0,1.0,1
27277,30.05.2024 15:49:53.190000,-360.571,-399.298,5.74763,5.729,5.66,88.8964,3.73569,3.62188,12.9863,9.84644,792.825,790.01,1.56045,4.78483,4.20071,4.41218,5.71255,2.08334,2.08334,0.0,1.0,1
27278,30.05.2024 15:49:53.200000,-363.785,-399.298,5.72778,5.729,5.64,88.9934,3.72266,3.62068,13.1257,11.4543,792.825,790.02,1.61109,4.88715,4.07178,4.3504,5.71255,1.98206,1.98206,0.0,1.0,1
27279,30.05.2024 15:49:53.210000,-364.444,-405.807,5.72778,5.712,5.643,88.9446,3.70704,3.62071,13.1257,11.4543,792.825,790.02,1.61109,4.88715,4.07178,4.3504,5.71291,1.98206,1.98206,0.0,1.0,1
27280,30.05.2024 15:49:53.220000,-364.444,-405.807,5.72012,5.712,5.643,88.9446,3.68663,3.61946,10.8779,10.0499,792.82,790.04,1.70438,4.83931,4.00524,4.24233,5.71357,2.12674,2.12674,0.0,1.0,1
27281,30.05.2024 15:49:53.230000,-363.949,-398.227,5.73047,5.71,5.656,88.9168,3.68005,3.61968,10.8779,10.0499,792.82,790.04,1.70438,4.83931,4.00524,4.24233,5.71357,2.12674,2.12674,0.0,1.0,1
27282,30.05.2024 15:49:53.240000,-361.56,-401.111,5.73047,5.731,5.657,88.9168,3.67884,3.61902,10.2119,10.9563,792.805,790.05,1.78889,4.82124,3.84096,4.21279,5.71408,2.12674,2.12674,0.0,1.0,1
27283,30.05.2024 15:49:53.250000,-361.56,-401.111,5.74528,5.731,5.657,88.9151,3.6837,3.61827,9.88057,12.9101,792.815,790.075,1.73169,4.92528,3.84254,4.28466,5.71408,2.32928,2.32928,0.0,1.0,1
27284,30.05.2024 15:49:53.260000,-363.29,-402.182,5.75656,5.743,5.664,88.9482,3.69706,3.61796,9.88057,12.9101,792.815,790.075,1.73169,4.92528,3.84254,4.28466,5.71426,2.32928,2.32928,0.0,1.0,1
27285,30.05.2024 15:49:53.270000,-363.29,-408.938,5.75656,5.731,5.664,88.9482,3.70698,3.61865,10.1798,11.7653,792.82,790.1,1.83163,4.87896,3.61485,4.15909,5.71452,2.08334,2.08334,0.0,1.0,1
27286,30.05.2024 15:49:53.280000,-360.406,-408.938,5.75338,5.731,5.659,88.9493,3.71369,3.61815,12.113,12.7438,792.815,790.12,1.87318,4.89231,3.52584,4.21277,5.71452,2.17013,2.17013,0.0,1.0,1
27287,30.05.2024 15:49:53.290000,-362.549,-401.276,5.75338,5.725,5.653,88.9679,3.71978,3.618,12.113,12.7438,792.815,790.12,1.87318,4.89231,3.52584,4.21277,5.71477,2.17013,2.17013,0.0,1.0,1
27288,30.05.2024 15:49:53.300000,-362.549,-401.276,5.75338,5.725,5.653,88.9679,3.71978,3.618,12.113,12.7438,792.815,790.12,1.87318,4.89231,3.52584,4.21277,5.71477,2.17013,2.17013,0.0,1.0,1
27289,30.05.2024 15:49:53.310000,-362.549,-401.276,5.78003,5.725,5.653,88.9679,3.72213,3.62063,12.2756,12.9657,792.815,790.12,1.98157,4.92147,3.46891,4.13284,5.71501,2.37268,2.37268,0.0,1.0,1
27290,30.05.2024 15:49:53.320000,-353.32,-403.253,5.78404,5.754,5.676,88.9491,3.71788,3.6199,12.1758,11.4195,792.81,790.135,1.99854,4.8232,3.32657,4.12133,5.71522,2.23525,2.23525,0.0,1.0,1
27291,30.05.2024 15:49:53.330000,-353.32,-403.253,5.77932,5.754,5.676,88.9165,3.71325,3.61855,11.8352,11.4136,792.815,790.155,2.13393,4.81909,3.3956,4.10069,5.71522,2.18461,2.18461,0.0,1.0,1
27292,30.05.2024 15:49:53.340000,-357.358,-399.463,5.78759,5.747,5.683,88.8773,3.70675,3.61798,11.8352,11.4136,792.815,790.155,2.13393,4.81909,3.3956,4.10069,5.71504,2.18461,2.18461,0.0,1.0,1
27293,30.05.2024 15:49:53.350000,-357.358,-401.605,5.78759,5.766,5.683,88.8773,3.70782,3.61921,11.3858,9.65973,792.82,790.17,2.16884,4.76605,3.50174,4.09642,5.71499,2.17737,2.17737,0.0,1.0,1
27294,30.05.2024 15:49:53.360000,-357.358,-401.605,5.78759,5.766,5.683,88.8773,3.70782,3.61921,11.3858,9.65973,792.82,790.17,2.16884,4.76605,3.50174,4.09642,5.71499,2.17737,2.17737,0.0,1.0,1
27295,30.05.2024 15:49:53.370000,-359.994,-401.605,5.80458,5.766,5.722,88.9607,3.70925,3.61984,12.4083,10.1167,792.81,790.195,2.24882,4.76414,3.51771,4.02707,5.71499,2.06886,2.06886,0.0,1.0,1
27296,30.05.2024 15:49:53.380000,-359.994,-401.605,5.80458,5.766,5.722,88.9607,3.70925,3.61984,12.4083,10.1167,792.81,790.195,2.24882,4.76414,3.51771,4.02707,5.71499,2.06886,2.06886,0.0,1.0,1
27297,30.05.2024 15:49:53.390000,-361.148,-404.983,5.80649,5.767,5.694,88.8809,3.72068,3.62011,11.3622,10.9509,792.82,790.205,2.28526,4.80422,3.63832,4.09122,5.71524,1.83739,1.83739,0.0,1.0,1
27298,30.05.2024 15:49:53.400000,-361.148,-404.983,5.80649,5.767,5.694,88.8809,3.72068,3.62011,11.3622,10.9509,792.82,790.205,2.28526,4.80422,3.63832,4.09122,5.71524,1.83739,1.83739,0.0,1.0,1
27299,30.05.2024 15:49:53.410000,-358.511,-392.953,5.80953,5.765,5.674,88.8337,3.71728,3.62109,12.3338,8.40377,792.81,790.215,2.36193,4.78242,3.79661,4.05641,5.71537,1.68548,1.68548,0.0,1.0,1
