,time,Pinceur Inf Mesure de courant,Pinceur Sup Mesure de courant,Mandrin - Vitesse Actuelle,Pinceur Sup Mesure vitesse lineaire,Pinceur Inf Mesure vitesse lineaire,Mandrin - Mesure Expansion,Pinceur Nord Position entrefer estimee,Pinceur Sud Position entrefer estimee,Pinceur Nord Force entrefer calibree,Pinceur Sud Force entrefer calibree,Guides Nord Entree Position mesuree,Guides Nord Sortie Position mesuree,Guides Nord Entree Force pour regulateur PI,Guides Nord Sortie Force pour regulateur PI,Guides Sud Entree Force pour regulateur PI,Guides Sud Sortie Force pour regulateur PI,Mandrin - Vitesse Actuelle F10,_Excentrage largeur bande jauge bob,_Excentrage largeur bande jauge bob.1,TDB pinceur,Fenetre,Declancheur
22800,30.05.2024 14:41:05.240000,140.652,40.2099,6.71241,6.974,6.666,40.6778,5.22266,3.57481,30.2902,38.3866,866.735,867.405,7.08466,7.16866,1.38941,0.406351,5.84368,100.203,100.203,1.0,1.0,1
22801,30.05.2024 14:41:05.250000,213.245,89.7308,6.71887,6.785,6.481,40.5909,5.28168,3.49172,73.8456,13.4035,863.37,863.92,6.46549,7.12773,1.67839,0.213583,5.84446,100.203,100.203,1.0,1.0,1
22802,30.05.2024 14:41:05.260000,213.245,89.7308,6.71887,6.785,6.481,40.5909,5.28168,3.49172,73.8456,13.4035,863.37,863.92,6.46549,7.12773,1.67839,0.213583,5.84446,100.203,100.203,1.0,1.0,1
22803,30.05.2024 14:41:05.270000,291.275,128.705,6.71564,6.622,6.378,40.6909,5.13692,3.52482,59.0957,19.7898,861.745,862.245,6.34307,5.99203,1.54001,-0.0116866,5.8454,100.195,100.195,1.0,1.0,1
22804,30.05.2024 14:41:05.280000,370.871,160.098,6.71452,6.584,6.241,40.6936,4.25266,3.65332,59.0957,19.7898,861.745,862.245,6.34307,5.99203,1.54001,-0.0116866,5.84627,100.195,100.195,1.0,1.0,1
22805,30.05.2024 14:41:05.290000,370.871,178.308,6.71292,6.681,6.241,40.5909,3.95609,3.74215,39.3544,28.967,860.255,860.745,5.90577,4.28466,1.36351,-0.048918,5.84704,100.188,100.188,1.0,1.0,1
22806,30.05.2024 14:41:05.300000,370.871,178.308,6.71292,6.681,6.241,40.5909,3.95609,3.74215,39.3544,28.967,860.255,860.745,5.90577,4.28466,1.36351,-0.048918,5.84704,100.188,100.188,1.0,1.0,1
22807,30.05.2024 14:41:05.310000,425.912,178.308,6.71292,6.681,6.164,40.565,3.69193,3.826,11.9353,36.8719,858.955,859.435,5.46721,3.24854,1.34409,-0.0887015,5.84704,100.203,100.203,1.0,1.0,1
22808,30.05.2024 14:41:05.320000,425.912,178.308,6.71292,6.681,6.164,40.565,3.69193,3.826,11.9353,36.8719,858.955,859.435,5.46721,3.24854,1.34409,-0.0887015,5.84704,100.203,100.203,1.0,1.0,1
22809,30.05.2024 14:41:05.330000,509.546,222.967,6.71285,6.561,6.023,40.4962,3.5064,3.96013,-7.48576,41.0939,857.725,858.1,5.8489,3.13184,1.40249,-0.159933,5.84954,99.4719,99.4719,1.0,1.0,1
22810,30.05.2024 14:41:05.340000,509.546,222.967,6.71285,6.561,6.023,40.4962,3.5064,3.96013,-7.48576,41.0939,857.725,858.1,5.8489,3.13184,1.40249,-0.159933,5.84954,99.4719,99.4719,1.0,1.0,1
22811,30.05.2024 14:41:05.350000,607.516,463.156,6.72521,6.191,5.942,40.5301,3.86733,3.88762,-4.30434,54.4071,856.455,856.785,6.52732,3.25194,1.20788,-0.316805,5.85144,99.4719,99.4719,1.0,1.0,1
22812,30.05.2024 14:41:05.360000,607.516,463.156,6.72521,6.191,5.942,40.5301,3.86733,3.88762,-4.30434,54.4071,856.455,856.785,6.52732,3.25194,1.20788,-0.316805,5.85144,99.4719,99.4719,1.0,1.0,1
22813,30.05.2024 14:41:05.370000,637.756,521.988,6.7207,6.17,5.9,40.527,4.51791,3.71694,13.7128,47.4373,855.165,855.445,8.44509,4.8363,1.53299,-0.323279,5.85235,97.7865,97.7865,1.0,1.0,1
22814,30.05.2024 14:41:05.380000,677.225,588.977,6.71978,6.095,5.88,40.4504,4.7027,3.61455,44.1742,25.764,852.325,852.56,9.36139,5.59652,1.54407,-0.381045,5.85372,93.2943,93.2943,1.0,1.0,1
22815,30.05.2024 14:41:05.390000,677.225,588.977,6.71978,6.095,5.88,40.4504,4.7027,3.61455,44.1742,25.764,852.325,852.56,9.36139,5.59652,1.54407,-0.381045,5.85372,93.2943,93.2943,1.0,1.0,1
22816,30.05.2024 14:41:05.400000,706.805,669.562,6.72435,5.954,5.837,40.4504,4.67523,3.57512,46.3199,23.9847,850.835,851.045,9.36845,6.17553,1.58094,-0.346934,5.85504,93.2943,93.2943,1.0,1.0,1
22817,30.05.2024 14:41:05.410000,710.76,695.929,6.72296,5.853,5.798,40.4708,4.34387,3.46924,37.1796,12.6753,849.385,849.445,9.3227,6.56356,1.58862,-0.355387,5.85661,93.287,93.287,1.0,1.0,1
22818,30.05.2024 14:41:05.420000,705.734,695.434,6.71689,5.875,5.808,40.4706,4.18611,3.45616,37.1796,12.6753,849.385,849.445,9.3227,6.56356,1.58862,-0.355387,5.85778,88.3391,88.3391,1.0,1.0,1
22819,30.05.2024 14:41:05.430000,705.734,695.434,6.718,5.875,5.808,40.5242,4.04194,3.44851,23.3872,10.1331,847.83,847.855,9.78431,6.66128,1.57112,-0.319399,5.85778,88.3391,88.3391,1.0,1.0,1
22820,30.05.2024 14:41:05.440000,704.828,693.127,6.718,5.895,5.788,40.5242,3.82184,3.44527,23.3872,10.1331,847.83,847.855,9.78431,6.66128,1.57112,-0.319399,5.85856,88.3391,88.3391,1.0,1.0,1
22821,30.05.2024 14:41:05.450000,704.828,685.135,6.72681,5.757,5.788,40.4713,3.7613,3.4602,12.3858,16.2443,846.29,846.29,9.69366,6.49656,1.57115,-0.340922,5.85941,85.1128,85.1128,1.0,1.0,1
22822,30.05.2024 14:41:05.460000,697.412,685.135,6.72681,5.757,5.776,40.5206,3.73878,3.49467,7.40817,16.4958,844.695,844.77,9.69699,6.43133,1.51001,-0.368155,5.85941,85.1128,85.1128,1.0,1.0,1
22823,30.05.2024 14:41:05.470000,698.318,691.891,6.72771,5.707,5.76,40.5206,3.75056,3.52756,7.40817,16.4958,844.695,844.77,9.69699,6.43133,1.51001,-0.368155,5.86036,79.1377,79.1377,1.0,1.0,1
22824,30.05.2024 14:41:05.480000,698.318,691.891,6.73129,5.707,5.76,40.5694,3.85081,3.60183,7.60673,20.344,843.075,843.245,9.61919,6.96604,1.53993,-0.288981,5.86113,79.1377,79.1377,1.0,1.0,1
22825,30.05.2024 14:41:05.490000,695.27,689.09,6.73129,5.776,5.783,40.5694,3.9297,3.64521,11.8889,29.891,841.475,841.745,9.36197,7.60134,1.57382,-0.364779,5.86113,79.1377,79.1377,1.0,1.0,1
22826,30.05.2024 14:41:05.500000,695.27,689.09,6.73129,5.776,5.783,40.5694,3.9297,3.64521,11.8889,29.891,841.475,841.745,9.36197,7.60134,1.57382,-0.364779,5.86113,79.1377,79.1377,1.0,1.0,1
22827,30.05.2024 14:41:05.510000,701.367,696.917,6.72887,5.826,5.768,40.6073,4.01083,3.68305,20.4344,31.9047,839.835,840.205,9.33748,8.50653,1.52414,-0.469782,5.86176,79.1377,79.1377,1.0,1.0,1
22828,30.05.2024 14:41:05.520000,696.753,693.457,6.72873,5.794,5.782,40.582,4.22639,3.70917,20.4344,31.9047,839.835,840.205,9.33748,8.50653,1.52414,-0.469782,5.86249,76.1429,76.1429,1.0,1.0,1
22829,30.05.2024 14:41:05.530000,696.753,693.457,6.72873,5.794,5.782,40.582,4.22639,3.70917,20.4344,31.9047,839.835,840.205,9.33748,8.50653,1.52414,-0.469782,5.86249,76.1429,76.1429,1.0,1.0,1
22830,30.05.2024 14:41:05.540000,696.753,697.824,6.73137,5.742,5.782,40.4836,4.25295,3.69592,26.7332,31.1865,838.19,838.59,9.13845,9.6833,1.55561,-0.415121,5.86309,73.235,73.235,1.0,1.0,1
22831,30.05.2024 14:41:05.550000,693.539,689.172,6.73392,5.769,5.829,40.5322,4.22199,3.65274,30.6567,29.5106,836.465,836.895,8.98753,10.2611,1.53062,-0.402991,5.86376,73.235,73.235,1.0,1.0,1
22832,30.05.2024 14:41:05.560000,696.753,697.824,6.73137,5.742,5.782,40.4836,4.25295,3.69592,26.7332,31.1865,838.19,838.59,9.13845,9.6833,1.55561,-0.415121,5.86309,73.235,73.235,1.0,1.0,1
22833,30.05.2024 14:41:05.570000,691.232,692.55,6.72502,5.855,5.834,40.5657,3.99506,3.58084,23.1023,25.1012,833.02,833.53,7.51885,9.51929,1.57001,-0.376665,5.86447,73.235,73.235,1.0,1.0,1
22834,30.05.2024 14:41:05.580000,692.303,687.03,6.73009,5.884,5.871,40.575,3.90325,3.56721,23.1023,25.1012,833.02,833.53,7.51885,9.51929,1.57001,-0.376665,5.86509,62.0443,62.0443,1.0,1.0,1
22835,30.05.2024 14:41:05.590000,692.303,687.03,6.73006,5.884,5.871,40.5299,3.8154,3.55743,16.6551,23.4315,831.42,832.095,7.04093,9.22966,1.52636,-0.37348,5.86509,62.0443,62.0443,1.0,1.0,1
22836,30.05.2024 14:41:05.600000,690.655,692.633,6.73006,5.829,5.9,40.5299,3.69209,3.55439,16.6551,23.4315,831.42,832.095,7.04093,9.22966,1.52636,-0.37348,5.86561,62.0226,62.0226,1.0,1.0,1
22837,30.05.2024 14:41:05.610000,690.655,683.157,6.73269,5.866,5.9,40.4338,3.66464,3.56142,9.58275,23.7883,829.665,830.61,7.29777,10.7032,1.56253,-0.298502,5.86621,57.1832,57.1832,1.0,1.0,1
22838,30.05.2024 14:41:05.620000,686.453,683.157,6.73269,5.866,5.918,40.5301,3.66505,3.56837,5.4451,22.6484,827.945,828.97,7.08736,11.9184,1.50592,-0.43669,5.86621,57.1832,57.1832,1.0,1.0,1
22839,30.05.2024 14:41:05.630000,687.524,693.21,6.73602,5.923,5.89,40.5301,3.69461,3.5736,5.4451,22.6484,827.945,828.97,7.08736,11.9184,1.50592,-0.43669,5.86691,52.2859,52.2859,1.0,1.0,1
22840,30.05.2024 14:41:05.640000,687.524,693.21,6.73509,5.923,5.89,40.5471,3.81499,3.58583,6.54674,23.0179,826.31,827.36,6.77506,12.7013,1.50143,-0.437262,5.86744,49.2549,49.2549,1.0,1.0,1
22841,30.05.2024 14:41:05.650000,687.277,697.082,6.73509,5.936,5.909,40.5471,3.89118,3.58996,14.2354,25.033,824.615,825.735,7.09804,13.3064,1.47587,-0.395228,5.86744,49.2549,49.2549,1.0,1.0,1
22842,30.05.2024 14:41:05.660000,688.183,699.719,6.73763,5.887,5.888,40.6262,3.96748,3.59192,14.2354,25.033,824.615,825.735,7.09804,13.3064,1.47587,-0.395228,5.86812,49.2549,49.2549,1.0,1.0,1
22843,30.05.2024 14:41:05.670000,688.183,699.719,6.73763,5.887,5.888,40.6262,3.96748,3.59192,14.2354,25.033,824.615,825.735,7.09804,13.3064,1.47587,-0.395228,5.86812,49.2549,49.2549,1.0,1.0,1
22844,30.05.2024 14:41:05.680000,688.183,699.719,6.73938,5.887,5.888,40.5406,4.03043,3.59308,20.6158,20.3248,822.84,824.13,7.29036,13.7998,1.51163,-0.353644,5.86812,44.8206,44.8206,1.0,1.0,1
22845,30.05.2024 14:41:05.690000,688.183,699.719,6.73938,5.887,5.888,40.5406,4.03043,3.59308,20.6158,20.3248,822.84,824.13,7.29036,13.7998,1.51163,-0.353644,5.86812,44.8206,44.8206,1.0,1.0,1
22846,30.05.2024 14:41:05.700000,690.243,690.655,6.74133,5.884,5.885,40.6268,4.11115,3.59075,24.2651,23.4757,821.15,822.525,6.94513,14.2739,1.49743,-0.333292,5.86952,39.7352,39.7352,1.0,1.0,1
22847,30.05.2024 14:41:05.710000,685.052,688.678,6.74046,5.922,5.903,40.5388,4.02147,3.57523,27.0849,24.7314,819.525,820.91,6.89671,14.7622,1.45765,-0.351145,5.87017,35.4384,35.4384,1.0,1.0,1
22848,30.05.2024 14:41:05.720000,685.052,688.678,6.74046,5.922,5.903,40.5388,4.02147,3.57523,27.0849,24.7314,819.525,820.91,6.89671,14.7622,1.45765,-0.351145,5.87017,35.4384,35.4384,1.0,1.0,1
22849,30.05.2024 14:41:05.730000,685.052,688.678,6.74208,5.922,5.903,40.524,3.95601,3.56448,24.8079,21.8306,817.845,819.27,7.20621,15.2409,1.56245,-0.30411,5.87103,35.3805,35.3805,1.0,1.0,1
22850,30.05.2024 14:41:05.740000,685.052,688.678,6.74208,5.922,5.903,40.524,3.95601,3.56448,24.8079,21.8306,817.845,819.27,7.20621,15.2409,1.56245,-0.30411,5.87103,35.3805,35.3805,1.0,1.0,1
22851,30.05.2024 14:41:05.750000,675.165,688.266,6.74847,5.846,5.934,40.4899,3.7862,3.56067,20.1869,20.5279,816.105,817.615,7.49673,15.5215,1.53442,-0.327624,5.87192,32.0747,32.0747,1.0,1.0,1
22852,30.05.2024 14:41:05.760000,688.183,685.052,6.75375,5.903,5.94,40.524,3.58156,3.56863,11.4749,19.85,814.425,816.03,7.25493,16.289,1.6043,-0.316427,5.87288,30.0347,30.0347,1.0,1.0,1
22853,30.05.2024 14:41:05.770000,688.183,685.052,6.75375,5.903,5.94,40.524,3.58156,3.56863,11.4749,19.85,814.425,816.03,7.25493,16.289,1.6043,-0.316427,5.87288,30.0347,30.0347,1.0,1.0,1
22854,30.05.2024 14:41:05.780000,688.183,683.652,6.74785,5.972,5.94,40.5751,3.55885,3.57868,6.79153,23.2975,812.73,814.445,7.25493,16.289,1.6043,-0.316427,5.87357,28.1829,28.1829,1.0,1.0,1
22855,30.05.2024 14:41:05.790000,687.112,688.76,6.75057,5.962,5.931,40.5674,3.60189,3.59195,5.70243,22.6204,811.045,812.86,7.25327,16.9204,1.75137,-0.344988,5.87474,25.7089,25.7089,1.0,1.0,1
22856,30.05.2024 14:41:05.800000,688.183,683.652,6.74785,5.972,5.94,40.5751,3.55885,3.57868,6.79153,23.2975,812.73,814.445,7.25493,16.289,1.6043,-0.316427,5.87357,28.1829,28.1829,1.0,1.0,1
22857,30.05.2024 14:41:05.810000,686.865,688.513,6.74313,5.93,5.971,40.5781,3.83576,3.60797,12.1598,21.7352,807.85,809.85,7.637,18.808,2.46042,-0.34022,5.87604,28.1829,28.1829,1.0,1.0,1
22858,30.05.2024 14:41:05.820000,699.554,681.509,6.72909,5.936,5.911,40.5441,3.92127,3.60423,12.1598,21.7352,807.85,809.85,7.637,18.808,2.46042,-0.34022,5.87694,23.1554,23.1554,1.0,1.0,1
22859,30.05.2024 14:41:05.830000,699.554,681.509,6.74761,5.936,5.911,40.5318,3.97486,3.60373,20.1034,25.2501,806.325,808.31,8.49554,20.0592,2.91306,-0.362566,5.87694,23.1554,23.1554,1.0,1.0,1
22860,30.05.2024 14:41:05.840000,699.554,681.509,6.74761,5.936,5.911,40.5318,3.97486,3.60373,20.1034,25.2501,806.325,808.31,8.49554,20.0592,2.91306,-0.362566,5.87694,23.1554,23.1554,1.0,1.0,1
22861,30.05.2024 14:41:05.850000,697.247,677.472,6.74761,5.936,5.849,40.5318,4.00204,3.61108,23.9943,23.7616,804.85,806.825,10.0028,21.6971,3.97887,-0.399435,5.87774,23.1554,23.1554,1.0,1.0,1
22862,30.05.2024 14:41:05.860000,681.921,685.711,6.75293,5.906,5.873,40.5731,3.90482,3.62694,21.1121,24.1008,803.43,805.315,12.0304,23.2974,6.37852,-0.385351,5.87846,19.3866,19.3866,1.0,1.0,1
22863,30.05.2024 14:41:05.870000,682.663,683.652,6.76491,5.893,5.918,40.5731,3.83283,3.63857,21.1121,24.1008,803.43,805.315,12.0304,23.2974,6.37852,-0.385351,5.87938,17.7807,17.7807,1.0,1.0,1
22864,30.05.2024 14:41:05.880000,682.663,683.652,6.76939,5.893,5.918,40.5752,3.68482,3.64318,16.2311,27.9765,802.005,803.785,14.2411,24.5535,8.73898,-0.186693,5.88016,17.7807,17.7807,1.0,1.0,1
22865,30.05.2024 14:41:05.890000,687.524,688.843,6.76939,5.922,5.895,40.5752,3.63433,3.63513,9.86852,27.3882,800.53,802.24,16.3728,25.5863,10.9302,0.232111,5.88016,17.7807,17.7807,1.0,1.0,1
22866,30.05.2024 14:41:05.900000,687.524,688.843,6.76939,5.922,5.895,40.5752,3.63433,3.63513,9.86852,27.3882,800.53,802.24,16.3728,25.5863,10.9302,0.232111,5.88016,17.7807,17.7807,1.0,1.0,1
22867,30.05.2024 14:41:05.910000,691.15,686.535,6.73753,5.928,5.896,40.5636,3.59464,3.6318,6.31033,23.0367,799.035,800.765,18.1784,25.1858,14.0263,0.445829,5.88097,14.4387,14.4387,1.0,1.0,1
22868,30.05.2024 14:41:05.920000,694.116,686.288,6.73668,5.912,5.888,40.5322,3.63482,3.61679,6.31033,23.0367,799.035,800.765,18.1784,25.1858,14.0263,0.445829,5.88182,14.4676,14.4676,1.0,1.0,1
22869,30.05.2024 14:41:05.930000,694.116,686.288,6.73668,5.912,5.888,40.5322,3.63482,3.61679,6.31033,23.0367,799.035,800.765,18.1784,25.1858,14.0263,0.445829,5.88182,14.4676,14.4676,1.0,1.0,1
22870,30.05.2024 14:41:05.940000,694.116,695.846,6.74088,5.903,5.888,40.5739,3.69499,3.61094,5.93113,25.2373,798.57,799.995,12.753,14.875,17.1185,0.961477,5.88261,14.4676,14.4676,1.0,1.0,1
22871,30.05.2024 14:41:05.950000,693.045,689.255,6.76302,5.925,5.898,40.625,3.82098,3.60618,12.8857,27.5495,798.615,800.75,11.9955,9.10465,18.3132,1.9018,5.88372,10.9447,10.9447,1.0,1.0,1
22872,30.05.2024 14:41:05.960000,693.045,689.255,6.76302,5.925,5.898,40.625,3.82098,3.60618,12.8857,27.5495,798.615,800.75,11.9955,9.10465,18.3132,1.9018,5.88372,10.9447,10.9447,1.0,1.0,1
22873,30.05.2024 14:41:05.970000,693.045,689.255,6.7783,5.925,5.898,40.6103,3.92176,3.60337,18.6648,24.2603,798.425,801.19,10.2741,11.7502,18.6833,2.93808,5.88455,10.9447,10.9447,1.0,1.0,1
22874,30.05.2024 14:41:05.980000,693.045,689.255,6.7783,5.925,5.898,40.6103,3.92176,3.60337,18.6648,24.2603,798.425,801.19,10.2741,11.7502,18.6833,2.93808,5.88455,10.9447,10.9447,1.0,1.0,1
22875,30.05.2024 14:41:05.990000,685.629,693.704,6.78655,5.866,5.858,40.6723,3.93255,3.60957,22.8008,25.2074,798.625,801.34,8.55853,11.9111,17.8234,3.35733,5.88572,9.74393,9.74393,1.0,1.0,1
22876,30.05.2024 14:41:06.000000,685.629,693.704,6.78655,5.866,5.858,40.6723,3.93255,3.60957,22.8008,25.2074,798.625,801.34,8.55853,11.9111,17.8234,3.35733,5.88572,9.74393,9.74393,1.0,1.0,1
22877,30.05.2024 14:41:06.010000,686.865,689.667,6.77003,5.864,5.889,40.8491,3.81743,3.57478,23.1997,26.9496,798.935,801.635,10.2145,11.7348,13.4673,3.04203,5.88629,8.73119,8.73119,1.0,1.0,1
22878,30.05.2024 14:41:06.020000,683.322,683.569,6.77626,5.886,5.881,41.8702,3.68917,3.54842,16.22,18.1368,799.195,802.015,12.9566,11.8631,12.3789,2.64979,5.88695,7.55931,7.55931,1.0,1.0,1
22879,30.05.2024 14:41:06.030000,686.865,693.127,6.78589,5.912,5.909,41.8702,3.61837,3.53761,16.22,18.1368,799.195,802.015,12.9566,11.8631,12.3789,2.64979,5.88761,7.59549,7.59549,1.0,1.0,1
22880,30.05.2024 14:41:06.040000,686.865,693.127,6.78589,5.912,5.909,41.8702,3.61837,3.53761,16.22,18.1368,799.195,802.015,12.9566,11.8631,12.3789,2.64979,5.88761,7.59549,7.59549,1.0,1.0,1
22881,30.05.2024 14:41:06.050000,686.865,693.127,6.787,5.912,5.909,42.5657,3.53508,3.52467,7.68436,19.0686,799.155,802.085,13.9272,11.5515,11.5594,2.47247,5.88855,5.14323,5.14323,1.0,1.0,1
22882,30.05.2024 14:41:06.060000,686.865,693.127,6.787,5.912,5.909,42.5657,3.53508,3.52467,7.68436,19.0686,799.155,802.085,13.9272,11.5515,11.5594,2.47247,5.88855,5.14323,5.14323,1.0,1.0,1
22883,30.05.2024 14:41:06.070000,684.805,692.303,6.7524,5.962,5.984,43.3849,3.53027,3.52329,6.79686,19.3808,799.06,802.09,14.3224,10.7218,11.2352,2.60486,5.8893,1.92419,1.92419,1.0,1.0,1
22884,30.05.2024 14:41:06.080000,689.584,683.157,6.73106,6.019,5.998,44.2162,3.65579,3.53405,5.89865,17.8306,798.91,802.15,12.7155,7.43124,11.7537,2.7858,5.89009,0.390626,0.390626,1.0,1.0,1
22885,30.05.2024 14:41:06.090000,689.584,686.535,6.73609,6.081,5.998,45.1721,3.70745,3.53919,10.93,19.1866,798.99,802.34,12.7155,7.43124,11.7537,2.7858,5.89086,-0.477433,-0.477433,1.0,1.0,1
22886,30.05.2024 14:41:06.100000,689.831,686.535,6.73609,6.081,6.0,46.2483,3.75446,3.54478,14.0789,20.8572,799.205,802.52,12.4871,7.11493,12.9497,2.79727,5.89086,-0.477433,-0.477433,1.0,1.0,1
22887,30.05.2024 14:41:06.110000,686.535,693.045,6.76274,6.047,6.009,46.2483,3.78935,3.54957,14.0789,20.8572,799.205,802.52,12.4871,7.11493,12.9497,2.79727,5.89156,-1.47569,-1.47569,1.0,1.0,1
22888,30.05.2024 14:41:06.120000,686.535,693.045,6.77083,6.047,6.009,47.3501,3.81743,3.55783,18.6607,22.0151,799.445,802.655,13.3375,7.20191,14.0477,2.80782,5.89215,-1.47569,-1.47569,1.0,1.0,1
22889,30.05.2024 14:41:06.130000,686.535,693.045,6.77083,6.047,6.009,47.3501,3.81743,3.55783,18.6607,22.0151,799.445,802.655,13.3375,7.20191,14.0477,2.80782,5.89215,-1.47569,-1.47569,1.0,1.0,1
22890,30.05.2024 14:41:06.140000,675.0,693.622,6.77083,5.998,5.961,47.3501,3.803,3.56067,21.0219,21.0157,799.655,802.72,14.8379,7.4885,13.9408,2.83658,5.89215,-1.17187,-1.17187,1.0,1.0,1
22891,30.05.2024 14:41:06.150000,644.842,691.809,6.7432,6.003,5.968,49.7065,3.71229,3.5509,17.9849,20.5182,799.715,802.65,16.8347,7.61075,13.5074,2.91482,5.8927,-1.17187,-1.17187,1.0,1.0,1
22892,30.05.2024 14:41:06.160000,617.898,684.063,6.7432,6.036,6.023,49.7065,3.58362,3.54645,17.9849,20.5182,799.715,802.65,16.8347,7.61075,13.5074,2.91482,5.89365,-0.137441,-0.137441,1.0,1.0,1
22893,30.05.2024 14:41:06.170000,617.898,661.816,6.71125,6.065,6.023,50.8454,3.53686,3.5374,11.6504,16.7766,799.765,802.655,17.934,6.41809,13.1244,2.93201,5.89464,-0.137441,-0.137441,1.0,1.0,1
22894,30.05.2024 14:41:06.180000,590.295,661.816,6.71125,6.065,6.065,52.0268,3.50175,3.52486,6.71476,18.8174,799.77,802.745,18.5231,5.77966,13.2069,2.90267,5.89464,-0.137441,-0.137441,1.0,1.0,1
22895,30.05.2024 14:41:06.190000,572.58,644.513,6.68856,6.093,6.036,52.0268,3.48268,3.51861,6.71476,18.8174,799.77,802.745,18.5231,5.77966,13.2069,2.90267,5.89569,0.535294,0.535294,1.0,1.0,1
22896,30.05.2024 14:41:06.200000,572.58,644.513,6.70683,6.093,6.036,53.2762,3.52956,3.5064,7.20696,16.7899,799.755,802.825,18.1841,5.89171,14.0443,2.90216,5.89675,0.122979,0.122979,1.0,1.0,1
22897,30.05.2024 14:41:06.210000,568.707,621.606,6.70683,6.123,6.03,53.2762,3.56797,3.50151,8.7465,15.5696,799.425,802.795,17.1689,6.02974,14.2322,2.9639,5.89675,0.122979,0.122979,1.0,1.0,1
22898,30.05.2024 14:41:06.220000,567.966,616.662,6.67497,6.117,6.024,54.497,3.62073,3.50155,8.7465,15.5696,799.425,802.795,17.1689,6.02974,14.2322,2.9639,5.89815,0.122979,0.122979,1.0,1.0,1
22899,30.05.2024 14:41:06.230000,567.966,616.662,6.6213,6.117,6.024,55.6342,3.66887,3.50331,12.8633,16.6273,799.215,802.72,13.0186,5.69558,12.8301,3.2161,5.89815,0.122979,0.122979,1.0,1.0,1
22900,30.05.2024 14:41:06.240000,567.966,608.423,6.6213,6.095,6.018,55.6342,3.75441,3.51127,12.8633,16.6273,799.215,802.72,13.0186,5.69558,12.8301,3.2161,5.89927,-0.0940412,-0.0940412,1.0,1.0,1
22901,30.05.2024 14:41:06.250000,567.966,605.374,6.58272,6.09,6.018,56.8847,3.77957,3.52291,16.85,17.5289,799.525,802.77,8.10039,4.93182,9.90949,3.09347,5.90026,-0.0940412,-0.0940412,1.0,1.0,1
22902,30.05.2024 14:41:06.260000,567.142,605.374,6.58272,6.09,6.011,58.1356,3.79012,3.53584,21.6837,19.3463,799.765,802.87,5.99963,5.16239,6.534,2.67588,5.90026,-0.0940412,-0.0940412,1.0,1.0,1
22903,30.05.2024 14:41:06.270000,564.834,613.449,6.60022,6.094,5.956,58.1356,3.78296,3.54851,21.6837,19.3463,799.765,802.87,5.99963,5.16239,6.534,2.67588,5.90151,-0.0940412,-0.0940412,1.0,1.0,1
22904,30.05.2024 14:41:06.280000,564.834,613.449,6.61507,6.094,5.956,59.3257,3.7353,3.57344,19.6752,18.7655,800.04,802.93,4.44171,5.90557,3.77953,1.76678,5.90282,-0.108503,-0.108503,1.0,1.0,1
22905,30.05.2024 14:41:06.290000,559.067,609.164,6.61507,6.043,5.94,59.3257,3.68887,3.58472,17.809,20.7711,800.315,802.87,3.61275,6.33694,2.39301,1.08569,5.90282,-0.108503,-0.108503,1.0,1.0,1
22906,30.05.2024 14:41:06.300000,568.872,616.827,6.60391,6.007,5.93,60.5927,3.64169,3.58724,17.809,20.7711,800.315,802.87,3.61275,6.33694,2.39301,1.08569,5.90401,-0.347219,-0.347219,1.0,1.0,1
22907,30.05.2024 14:41:06.310000,568.872,616.827,6.56065,6.007,5.93,61.753,3.59646,3.58168,14.1843,21.454,800.615,802.79,4.52569,6.36791,1.54677,0.856455,5.90401,-0.347219,-0.347219,1.0,1.0,1
22908,30.05.2024 14:41:06.320000,567.471,606.61,6.56065,5.995,5.97,61.753,3.53503,3.56149,14.1843,21.454,800.615,802.79,4.52569,6.36791,1.54677,0.856455,5.90526,0.723377,0.723377,1.0,1.0,1
22909,30.05.2024 14:41:06.330000,567.471,603.149,6.52402,6.0,5.97,62.7441,3.52812,3.55356,10.8406,20.4722,800.565,802.83,6.18589,5.85996,1.08833,0.949255,5.90663,3.60967,3.60967,1.0,1.0,1
22910,30.05.2024 14:41:06.340000,577.441,603.149,6.52402,6.0,5.977,63.8568,3.5372,3.53868,10.077,19.8685,800.395,802.915,6.18886,6.24841,1.4707,0.976675,5.90663,3.60967,3.60967,1.0,1.0,1
22911,30.05.2024 14:41:06.350000,577.441,603.149,6.52402,6.0,5.977,63.8568,3.5372,3.53868,10.077,19.8685,800.395,802.915,6.18886,6.24841,1.4707,0.976675,5.90663,3.60967,3.60967,1.0,1.0,1
22912,30.05.2024 14:41:06.360000,578.348,610.977,6.52793,6.032,5.976,63.8568,3.55491,3.52527,11.0279,17.1447,800.335,802.835,4.87934,7.21309,2.74724,1.1358,5.90769,3.60967,3.60967,1.0,1.0,1
22913,30.05.2024 14:41:06.370000,572.168,617.239,6.53427,6.005,5.934,64.9462,3.63403,3.4956,11.8091,15.4821,800.39,802.685,3.36536,6.99011,4.02214,1.19477,5.90902,4.02199,4.02199,1.0,1.0,1
22914,30.05.2024 14:41:06.380000,574.145,620.041,6.53427,5.985,5.92,66.097,3.65772,3.49111,11.8091,15.4821,800.39,802.685,3.36536,6.99011,4.02214,1.19477,5.91007,3.93518,3.93518,1.0,1.0,1
22915,30.05.2024 14:41:06.390000,574.145,620.041,6.50738,5.985,5.92,67.1375,3.67702,3.48835,14.9217,18.5592,800.385,802.635,2.66018,6.04275,4.34375,1.33323,5.91007,3.93518,3.93518,1.0,1.0,1
22916,30.05.2024 14:41:06.400000,574.145,620.041,6.50738,5.985,5.92,67.1375,3.67702,3.48835,14.9217,18.5592,800.385,802.635,2.66018,6.04275,4.34375,1.33323,5.91007,3.93518,3.93518,1.0,1.0,1
22917,30.05.2024 14:41:06.410000,572.497,614.026,6.50738,6.011,5.921,67.1375,3.66912,3.48564,16.9981,15.3441,800.36,802.645,1.58362,5.61835,3.27912,1.30983,5.91119,4.70197,4.70197,1.0,1.0,1
22918,30.05.2024 14:41:06.420000,571.097,608.34,6.49062,6.039,5.964,69.4457,3.63009,3.48649,14.2818,14.8868,800.495,802.69,0.869619,5.49218,1.80709,1.28094,5.91211,4.94069,4.94069,1.0,1.0,1
22919,30.05.2024 14:41:06.430000,574.722,617.651,6.45748,6.034,5.996,69.4457,3.59322,3.49476,14.2818,14.8868,800.495,802.69,0.869619,5.49218,1.80709,1.28094,5.913,4.89728,4.89728,1.0,1.0,1
22920,30.05.2024 14:41:06.440000,574.722,617.651,6.4449,6.034,5.996,70.5478,3.53671,3.49975,13.0391,15.3275,800.61,802.73,1.43805,5.67462,0.891003,1.41691,5.91423,4.89728,4.89728,1.0,1.0,1
22921,30.05.2024 14:41:06.450000,568.378,611.719,6.4449,6.059,6.024,70.5478,3.50545,3.49767,10.3359,17.2012,800.605,802.765,2.40578,6.29984,0.345387,1.57274,5.91423,4.89728,4.89728,1.0,1.0,1
22922,30.05.2024 14:41:06.460000,563.598,599.359,6.45569,6.095,6.002,71.6537,3.49038,3.49851,10.3359,17.2012,800.605,802.765,2.40578,6.29984,0.345387,1.57274,5.91511,4.86112,4.86112,1.0,1.0,1
22923,30.05.2024 14:41:06.470000,563.598,599.359,6.435,6.095,6.002,72.7107,3.48536,3.49877,9.40014,17.5809,800.52,802.7,2.93758,6.97452,0.120007,1.77331,5.91511,4.86112,4.86112,1.0,1.0,1
22924,30.05.2024 14:41:06.480000,582.138,586.093,6.435,6.1,6.0,72.7107,3.48822,3.4877,9.40014,17.5809,800.52,802.7,2.93758,6.97452,0.120007,1.77331,5.91619,4.36197,4.36197,1.0,1.0,1
22925,30.05.2024 14:41:06.490000,582.138,586.093,6.435,6.1,6.0,72.7107,3.48822,3.4877,9.40014,17.5809,800.52,802.7,2.93758,6.97452,0.120007,1.77331,5.91619,4.36197,4.36197,1.0,1.0,1
22926,30.05.2024 14:41:06.500000,582.138,585.681,6.40356,6.084,6.0,73.8896,3.50176,3.48076,8.29485,12.9504,800.485,802.585,2.69368,6.97876,0.806431,2.00226,5.91702,4.36197,4.36197,1.0,1.0,1
22927,30.05.2024 14:41:06.510000,571.591,593.426,6.3854,6.082,6.082,74.9908,3.53032,3.45598,10.4288,16.9646,800.41,802.575,2.27439,6.33741,1.85733,1.79461,5.91811,4.2173,4.2173,1.0,1.0,1
22928,30.05.2024 14:41:06.520000,571.591,593.426,6.3854,6.082,6.082,74.9908,3.53032,3.45598,10.4288,16.9646,800.41,802.575,2.27439,6.33741,1.85733,1.79461,5.91811,4.2173,4.2173,1.0,1.0,1
22929,30.05.2024 14:41:06.530000,571.591,593.426,6.35439,6.082,6.082,75.9537,3.54854,3.43699,12.2708,13.3284,800.41,802.61,1.61437,6.23662,2.37036,1.73144,5.91899,4.47049,4.47049,1.0,1.0,1
22930,30.05.2024 14:41:06.540000,564.999,558.16,6.34407,6.124,6.084,77.1213,3.53684,3.42834,11.6281,9.44106,800.42,802.565,1.20623,6.50216,2.68055,1.71316,5.92004,4.46326,4.46326,1.0,1.0,1
22931,30.05.2024 14:41:06.550000,564.999,558.16,6.26539,6.124,6.084,78.4527,3.52609,3.41942,11.9761,11.8181,800.435,802.55,1.03526,6.33543,2.76547,1.78402,5.92004,4.46326,4.46326,1.0,1.0,1
22932,30.05.2024 14:41:06.560000,555.606,553.052,6.26539,6.122,6.051,78.4527,3.47045,3.42025,11.9761,11.8181,800.435,802.55,1.03526,6.33543,2.76547,1.78402,5.92089,4.46326,4.46326,1.0,1.0,1
22933,30.05.2024 14:41:06.570000,555.606,543.576,6.24729,6.134,6.051,79.7379,3.45272,3.41926,10.7127,11.8035,800.44,802.54,1.25412,6.33047,2.07367,1.84531,5.92228,4.85388,4.85388,1.0,1.0,1
22934,30.05.2024 14:41:06.580000,535.831,543.576,6.24729,6.134,6.096,80.9783,3.43443,3.41553,8.874,10.1394,800.43,802.525,1.38909,6.40608,1.04501,1.92451,5.92228,4.85388,4.85388,1.0,1.0,1
22935,30.05.2024 14:41:06.590000,525.366,524.954,6.21955,6.169,6.12,80.9783,3.42075,3.4107,8.874,10.1394,800.43,802.525,1.38909,6.40608,1.04501,1.92451,5.92354,4.85388,4.85388,1.0,1.0,1
22936,30.05.2024 14:41:06.600000,525.366,524.954,6.17776,6.169,6.12,81.7426,3.42199,3.39991,9.17226,11.0831,800.42,802.55,1.73602,6.49853,0.40738,1.87607,5.9247,4.36921,4.36921,1.0,1.0,1
22937,30.05.2024 14:41:06.610000,535.336,501.8,6.17776,6.204,6.077,81.7426,3.43809,3.40413,6.92485,12.1686,800.38,802.605,1.87762,6.72399,0.141328,1.8798,5.9247,4.36921,4.36921,1.0,1.0,1
22938,30.05.2024 14:41:06.620000,522.894,482.355,6.16453,6.184,6.102,82.3703,3.45213,3.41824,6.92485,12.1686,800.38,802.605,1.87762,6.72399,0.141328,1.8798,5.92608,4.11604,4.11604,1.0,1.0,1
22939,30.05.2024 14:41:06.630000,522.894,482.355,6.11067,6.184,6.102,83.0301,3.47688,3.42542,9.63869,9.7166,800.37,802.575,1.97914,7.67484,0.226281,1.90903,5.92608,4.11604,4.11604,1.0,1.0,1
22940,30.05.2024 14:41:06.640000,554.04,491.748,6.11067,6.151,5.982,83.0301,3.51227,3.42541,9.63869,9.7166,800.37,802.575,1.97914,7.67484,0.226281,1.90903,5.92752,4.1088,4.1088,1.0,1.0,1
22941,30.05.2024 14:41:06.650000,554.04,491.748,6.11067,6.151,5.982,83.0301,3.51227,3.42541,9.63869,9.7166,800.37,802.575,1.97914,7.67484,0.226281,1.90903,5.92752,4.1088,4.1088,1.0,1.0,1
22942,30.05.2024 14:41:06.660000,554.04,475.351,6.07191,6.169,5.982,83.6096,3.52011,3.43963,11.39,12.2091,800.335,802.505,2.04879,7.68272,0.811974,2.03817,5.92901,4.11604,4.11604,1.0,1.0,1
22943,30.05.2024 14:41:06.670000,537.89,460.931,6.02296,6.169,5.995,84.2088,3.51135,3.46152,13.4969,10.3638,800.29,802.48,2.10806,7.39016,1.69668,2.01069,5.93034,4.61517,4.61517,1.0,1.0,1
22944,30.05.2024 14:41:06.680000,537.89,460.931,6.02296,6.169,5.995,84.2088,3.51135,3.46152,13.4969,10.3638,800.29,802.48,2.10806,7.39016,1.69668,2.01069,5.93034,4.61517,4.61517,1.0,1.0,1
22945,30.05.2024 14:41:06.690000,537.89,460.931,5.97001,6.169,5.995,84.7545,3.50096,3.46807,11.3278,12.7756,800.255,802.485,2.0378,7.47061,2.15107,2.00419,5.93143,5.01303,5.01303,1.0,1.0,1
22946,30.05.2024 14:41:06.700000,537.89,460.931,5.97001,6.169,5.995,84.7545,3.50096,3.46807,11.3278,12.7756,800.255,802.485,2.0378,7.47061,2.15107,2.00419,5.93143,5.01303,5.01303,1.0,1.0,1
22947,30.05.2024 14:41:06.710000,565.988,475.845,5.94712,6.097,5.937,85.2157,3.49179,3.47082,13.7196,13.9877,800.205,802.485,1.89076,7.3514,2.12454,1.82338,5.9326,4.99855,4.99855,1.0,1.0,1
22948,30.05.2024 14:41:06.720000,564.175,466.864,5.96037,6.102,5.868,85.662,3.47767,3.46723,11.2837,14.0196,800.2,802.485,1.84111,7.44026,1.28908,2.03265,5.93388,5.16494,5.16494,1.0,1.0,1
22949,30.05.2024 14:41:06.730000,564.175,452.444,5.93325,6.101,5.868,86.0864,3.47851,3.4635,12.6178,12.4991,800.17,802.48,1.84111,7.44026,1.28908,2.03265,5.93531,5.27344,5.27344,1.0,1.0,1
22950,30.05.2024 14:41:06.740000,577.771,452.444,5.93325,6.101,5.878,86.6475,3.4806,3.45257,11.8045,14.7403,800.155,802.475,1.99237,7.44605,0.746453,2.05387,5.93531,5.27344,5.27344,1.0,1.0,1
22951,30.05.2024 14:41:06.750000,577.771,452.444,5.93325,6.101,5.878,86.6475,3.4806,3.45257,11.8045,14.7403,800.155,802.475,1.99237,7.44605,0.746453,2.05387,5.93531,5.27344,5.27344,1.0,1.0,1
22952,30.05.2024 14:41:06.760000,565.082,453.68,5.90037,6.065,5.901,86.6475,3.48022,3.45113,11.7494,14.5996,800.09,802.45,2.11551,7.55888,0.325555,1.95995,5.93619,5.27344,5.27344,1.0,1.0,1
22953,30.05.2024 14:41:06.770000,565.082,453.68,5.90037,6.065,5.901,86.6475,3.48022,3.45113,11.7494,14.5996,800.09,802.45,2.11551,7.55888,0.325555,1.95995,5.93619,5.27344,5.27344,1.0,1.0,1
22954,30.05.2024 14:41:06.780000,544.07,473.126,5.90157,5.996,5.929,86.956,3.4735,3.45998,13.0243,12.5302,800.035,802.4,2.07457,7.50636,0.150147,1.87376,5.93748,5.27344,5.27344,1.0,1.0,1
22955,30.05.2024 14:41:06.790000,537.89,468.1,5.9266,6.01,5.877,87.5259,3.47816,3.49055,10.6499,15.4551,799.99,802.375,1.86828,7.10086,0.541669,1.92928,5.93816,5.27344,5.27344,1.0,1.0,1
22956,30.05.2024 14:41:06.800000,537.726,454.175,5.9266,6.003,5.866,87.5259,3.48365,3.49079,10.6499,15.4551,799.99,802.375,1.86828,7.10086,0.541669,1.92928,5.93928,5.12153,5.12153,1.0,1.0,1
22957,30.05.2024 14:41:06.810000,537.726,454.175,5.9266,6.003,5.866,87.5259,3.48365,3.49079,10.6499,15.4551,799.99,802.375,1.86828,7.10086,0.541669,1.92928,5.93928,5.12153,5.12153,1.0,1.0,1
22958,30.05.2024 14:41:06.820000,537.726,448.736,5.92595,5.942,5.866,87.8308,3.4868,3.49237,12.1316,15.2125,799.975,802.375,1.73756,6.63281,1.0756,1.92765,5.93988,5.52662,5.52662,1.0,1.0,1
22959,30.05.2024 14:41:06.830000,539.374,468.759,5.93787,5.917,5.849,88.0731,3.4833,3.49954,12.4163,14.0665,799.94,802.37,1.96023,6.49253,1.43805,1.95895,5.94007,5.52662,5.52662,1.0,1.0,1
22960,30.05.2024 14:41:06.840000,539.374,468.759,5.93787,5.917,5.849,88.0731,3.4833,3.49954,12.4163,14.0665,799.94,802.37,1.96023,6.49253,1.43805,1.95895,5.94007,5.52662,5.52662,1.0,1.0,1
22961,30.05.2024 14:41:06.850000,539.374,468.759,5.97711,5.917,5.849,88.1753,3.47596,3.48975,12.9865,15.0558,799.92,802.38,2.01918,6.27565,1.7999,1.99996,5.94051,5.52662,5.52662,1.0,1.0,1
22962,30.05.2024 14:41:06.860000,539.374,468.759,5.97711,5.917,5.849,88.1753,3.47596,3.48975,12.9865,15.0558,799.92,802.38,2.01918,6.27565,1.7999,1.99996,5.94051,5.52662,5.52662,1.0,1.0,1
22963,30.05.2024 14:41:06.870000,497.104,434.152,5.9393,5.971,5.865,88.2788,3.46264,3.48616,10.9778,16.6767,799.885,802.365,2.30745,6.16132,2.05507,2.04032,5.9408,5.47598,5.47598,1.0,1.0,1
22964,30.05.2024 14:41:06.880000,488.287,407.291,5.95034,5.963,5.887,88.3476,3.46119,3.48405,13.3429,16.2601,799.805,802.335,2.24952,5.64376,1.08679,2.06145,5.94103,5.51939,5.51939,1.0,1.0,1
22965,30.05.2024 14:41:06.890000,488.287,399.051,5.99521,5.953,5.887,88.4721,3.46331,3.48325,14.0654,19.4531,799.72,802.335,2.24952,5.64376,1.08679,2.06145,5.94128,5.51939,5.51939,1.0,1.0,1
22966,30.05.2024 14:41:06.900000,476.422,399.051,5.99521,5.953,5.866,88.5445,3.46476,3.47943,13.4758,16.2609,799.695,802.34,1.90575,5.54243,0.922913,2.09334,5.94128,5.51939,5.51939,1.0,1.0,1
22967,30.05.2024 14:41:06.910000,476.422,399.051,5.99521,5.953,5.866,88.5445,3.46476,3.47943,13.4758,16.2609,799.695,802.34,1.90575,5.54243,0.922913,2.09334,5.94128,5.51939,5.51939,1.0,1.0,1
22968,30.05.2024 14:41:06.920000,476.257,375.485,6.02914,5.944,5.863,88.5445,3.46703,3.46728,11.1042,13.9244,799.675,802.325,1.90116,5.55084,0.711407,2.10578,5.94148,5.43258,5.43258,1.0,1.0,1
22969,30.05.2024 14:41:06.930000,476.257,375.485,6.02914,5.944,5.863,88.5445,3.46703,3.46728,11.1042,13.9244,799.675,802.325,1.90116,5.55084,0.711407,2.10578,5.94148,5.43258,5.43258,1.0,1.0,1
22970,30.05.2024 14:41:06.940000,446.924,347.47,6.05096,5.971,5.902,88.6371,3.43518,3.44278,12.1191,11.4401,799.64,802.265,1.975,5.40575,0.622506,2.00522,5.94166,5.37471,5.37471,1.0,1.0,1
22971,30.05.2024 14:41:06.950000,416.849,333.05,6.02154,5.953,5.94,88.7457,3.40076,3.42751,11.176,12.0726,799.605,802.24,2.14567,5.04018,1.06329,2.00889,5.94203,5.2662,5.2662,1.0,1.0,1
22972,30.05.2024 14:41:06.960000,372.931,306.354,6.02154,5.979,6.008,88.7457,3.39226,3.44022,11.176,12.0726,799.605,802.24,2.14567,5.04018,1.06329,2.00889,5.94223,5.51939,5.51939,1.0,1.0,1
22973,30.05.2024 14:41:06.970000,372.931,267.05,6.01278,6.034,6.008,88.8692,3.3937,3.4504,10.2537,13.8812,799.55,802.225,2.27608,4.91618,1.33369,2.10661,5.94253,5.02749,5.02749,1.0,1.0,1
22974,30.05.2024 14:41:06.980000,355.792,267.05,6.01278,6.034,5.958,88.9327,3.40916,3.44431,9.91071,10.5661,799.515,802.22,2.45313,4.88448,1.43499,2.05572,5.94253,5.02749,5.02749,1.0,1.0,1
22975,30.05.2024 14:41:06.990000,346.646,216.952,6.0294,6.066,5.976,88.9327,3.42459,3.43838,9.91071,10.5661,799.515,802.22,2.45313,4.88448,1.43499,2.05572,5.94308,5.32408,5.32408,1.0,1.0,1
22976,30.05.2024 14:41:07.000000,346.646,216.952,6.0294,6.066,5.976,88.9327,3.42459,3.43838,9.91071,10.5661,799.515,802.22,2.45313,4.88448,1.43499,2.05572,5.94308,5.32408,5.32408,1.0,1.0,1
22977,30.05.2024 14:41:07.010000,346.646,216.952,6.0613,6.066,5.976,88.9652,3.43861,3.45037,11.8036,12.4715,799.475,802.2,2.69992,4.78803,1.5373,1.95413,5.94353,5.46151,5.46151,1.0,1.0,1
22978,30.05.2024 14:41:07.020000,346.646,216.952,6.0613,6.066,5.976,88.9652,3.43861,3.45037,11.8036,12.4715,799.475,802.2,2.69992,4.78803,1.5373,1.95413,5.94353,5.46151,5.46151,1.0,1.0,1
22979,30.05.2024 14:41:07.030000,340.054,199.896,6.07461,5.983,5.947,89.076,3.4572,3.42788,13.4871,13.3595,799.44,802.18,2.92375,4.82154,1.6193,1.86431,5.94409,5.66407,5.66407,1.0,1.0,1
22980,30.05.2024 14:41:07.040000,301.41,177.319,6.0665,6.0,5.975,89.1174,3.43259,3.43105,13.3177,12.3041,799.35,802.125,2.99369,4.46602,0.975659,1.86874,5.94486,5.76533,5.76533,1.0,1.0,1
22981,30.05.2024 14:41:07.050000,301.41,137.027,6.04466,6.028,5.975,89.2119,3.42054,3.41789,12.4105,10.7942,799.3,802.08,2.99369,4.46602,0.975659,1.86874,5.94595,5.76533,5.76533,1.0,1.0,1
22982,30.05.2024 14:41:07.060000,297.043,137.027,6.04466,6.028,5.923,89.2905,3.40143,3.41694,10.7354,10.4767,799.25,802.04,2.98291,4.28883,0.921117,1.97907,5.94595,5.76533,5.76533,1.0,1.0,1
22983,30.05.2024 14:41:07.070000,267.874,114.532,6.03259,6.033,5.989,89.2905,3.38294,3.43603,10.7354,10.4767,799.25,802.04,2.98291,4.28883,0.921117,1.97907,5.94679,5.76533,5.76533,1.0,1.0,1
22984,30.05.2024 14:41:07.080000,267.874,114.532,6.02696,6.033,5.989,89.3529,3.38577,3.42887,12.5442,11.9511,799.2,802.025,2.9793,4.21244,0.887837,2.07218,5.94728,5.83044,5.83044,1.0,1.0,1
22985,30.05.2024 14:41:07.090000,240.024,103.409,6.02696,6.013,5.966,89.3529,3.39355,3.41786,10.8547,11.4781,799.19,801.995,3.01853,4.17649,0.779851,2.06965,5.94728,5.83044,5.83044,1.0,1.0,1
22986,30.05.2024 14:41:07.100000,220.578,96.9818,6.01463,6.027,5.971,89.4522,3.4061,3.42893,10.8547,11.4781,799.19,801.995,3.01853,4.17649,0.779851,2.06965,5.94766,5.37471,5.37471,1.0,1.0,1
22987,30.05.2024 14:41:07.110000,220.578,96.9818,6.02698,6.027,5.971,89.4792,3.42307,3.44166,11.0723,10.4693,799.14,801.96,3.32044,4.12215,0.811925,1.92925,5.94766,5.37471,5.37471,1.0,1.0,1
22988,30.05.2024 14:41:07.120000,214.81,57.5134,6.02698,6.036,5.961,89.4792,3.44567,3.42059,11.0723,10.4693,799.14,801.96,3.32044,4.12215,0.811925,1.92925,5.94854,5.37471,5.37471,1.0,1.0,1
22989,30.05.2024 14:41:07.130000,214.81,34.1125,6.03731,6.007,5.961,89.5022,3.44456,3.4251,14.1971,12.4265,799.07,801.905,3.36606,4.22748,1.10713,1.94145,5.94964,5.27344,5.27344,1.0,1.0,1
22990,30.05.2024 14:41:07.140000,196.106,34.1125,6.03731,6.007,5.938,89.5368,3.42693,3.44324,14.5311,12.3414,798.985,801.855,3.34005,4.06414,1.22617,1.95847,5.94964,5.27344,5.27344,1.0,1.0,1
22991,30.05.2024 14:41:07.150000,186.218,57.019,6.02832,5.952,5.944,89.5368,3.41965,3.44816,14.5311,12.3414,798.985,801.855,3.34005,4.06414,1.22617,1.95847,5.95037,5.06365,5.06365,1.0,1.0,1
22992,30.05.2024 14:41:07.160000,186.218,57.019,6.02832,5.952,5.944,89.5368,3.41965,3.44816,14.5311,12.3414,798.985,801.855,3.34005,4.06414,1.22617,1.95847,5.95037,5.06365,5.06365,1.0,1.0,1
22993,30.05.2024 14:41:07.170000,186.218,57.019,5.99988,5.952,5.944,89.5134,3.38481,3.44403,12.3102,12.4472,798.95,801.81,3.10576,3.99326,1.33592,1.9125,5.95143,4.72367,4.72367,1.0,1.0,1
22994,30.05.2024 14:41:07.180000,186.218,57.019,5.99988,5.952,5.944,89.5134,3.38481,3.44403,12.3102,12.4472,798.95,801.81,3.10576,3.99326,1.33592,1.9125,5.95143,4.72367,4.72367,1.0,1.0,1
22995,30.05.2024 14:41:07.190000,135.214,18.9514,5.97472,5.916,5.963,89.5711,3.3628,3.46464,12.1577,12.1731,798.895,801.765,3.03121,3.82967,1.31698,1.92859,5.95242,4.72367,4.72367,1.0,1.0,1
22996,30.05.2024 14:41:07.200000,123.431,-23.1537,5.98932,5.923,5.954,89.6112,3.3996,3.47848,10.2996,12.7952,798.88,801.71,2.9355,3.73642,1.15337,2.01069,5.95336,5.07089,5.07089,1.0,1.0,1
22997,30.05.2024 14:41:07.210000,123.431,-66.3299,5.99087,5.939,5.954,89.7367,3.43056,3.47792,11.5964,12.7758,798.86,801.675,2.9355,3.73642,1.15337,2.01069,5.95442,5.07089,5.07089,1.0,1.0,1
22998,30.05.2024 14:41:07.220000,128.952,-66.3299,5.99087,5.939,5.893,89.9458,3.44704,3.47292,13.3406,14.5507,798.81,801.64,3.17002,3.62949,1.1118,1.94701,5.95442,5.07089,5.07089,1.0,1.0,1
22999,30.05.2024 14:41:07.230000,120.63,-97.1466,6.0173,5.939,5.868,89.9458,3.45058,3.46683,13.3406,14.5507,798.81,801.64,3.17002,3.62949,1.1118,1.94701,5.95497,5.06365,5.06365,0.0,1.0,1
23000,30.05.2024 14:41:07.240000,120.63,-97.1466,6.0434,5.939,5.868,90.0943,3.45182,3.47685,13.5659,11.0112,798.735,801.59,3.18098,3.91784,1.09287,2.01257,5.95585,4.67303,4.67303,0.0,1.0,1
23001,30.05.2024 14:41:07.250000,111.978,-103.244,6.0434,5.926,5.882,90.0943,3.44287,3.48266,14.3276,12.4472,798.705,801.515,3.09235,3.94367,1.18445,2.07435,5.95585,4.67303,4.67303,0.0,1.0,1
23002,30.05.2024 14:41:07.260000,109.836,-102.997,6.00103,5.916,5.935,90.2639,3.44173,3.4814,14.3276,12.4472,798.705,801.515,3.09235,3.94367,1.18445,2.07435,5.95676,4.66581,4.66581,0.0,1.0,1
23003,30.05.2024 14:41:07.270000,109.836,-102.997,5.98579,5.916,5.935,90.383,3.43533,3.47704,14.4195,17.2138,798.66,801.455,3.22983,3.77622,1.32412,2.01527,5.95676,4.66581,4.66581,0.0,1.0,1
23004,30.05.2024 14:41:07.280000,109.836,-102.997,5.98579,5.916,5.935,90.383,3.43533,3.47704,14.4195,17.2138,798.66,801.455,3.22983,3.77622,1.32412,2.01527,5.95676,4.66581,4.66581,0.0,1.0,1
23005,30.05.2024 14:41:07.290000,74.8169,-110.083,5.98579,5.942,5.953,90.383,3.43755,3.47234,13.0467,13.3403,798.59,801.405,3.15231,3.74153,1.25029,2.03471,5.95763,4.47049,4.47049,0.0,1.0,1
23006,30.05.2024 14:41:07.300000,74.8169,-110.083,5.98579,5.942,5.953,90.383,3.43755,3.47234,13.0467,13.3403,798.59,801.405,3.15231,3.74153,1.25029,2.03471,5.95763,4.47049,4.47049,0.0,1.0,1
23007,30.05.2024 14:41:07.310000,58.7494,-150.705,6.01018,6.024,5.924,90.5851,3.43171,3.47255,13.135,12.8965,798.555,801.375,3.07827,3.79657,1.20588,1.91601,5.95818,4.82494,4.82494,0.0,1.0,1
23008,30.05.2024 14:41:07.320000,58.7494,-150.705,6.01018,6.024,5.924,90.5851,3.43171,3.47255,13.135,12.8965,798.555,801.375,3.07827,3.79657,1.20588,1.91601,5.95818,4.82494,4.82494,0.0,1.0,1
23009,30.05.2024 14:41:07.330000,55.9479,-163.641,6.04597,6.003,5.918,90.6266,3.42417,3.45925,14.5813,16.2551,798.545,801.335,3.0579,4.02985,1.27138,1.93582,5.95948,4.82494,4.82494,0.0,1.0,1
23010,30.05.2024 14:41:07.340000,55.9479,-163.641,6.04597,6.003,5.918,90.6266,3.42417,3.45925,14.5813,16.2551,798.545,801.335,3.0579,4.02985,1.27138,1.93582,5.95948,4.82494,4.82494,0.0,1.0,1
23011,30.05.2024 14:41:07.350000,0.65918,-156.39,6.03539,5.939,5.937,90.583,3.42104,3.4552,13.6756,13.8455,798.49,801.255,3.29991,4.26389,1.14117,1.84272,5.9603,4.66581,4.66581,0.0,1.0,1
23012,30.05.2024 14:41:07.360000,-14.09,-177.814,6.04249,5.971,5.934,90.5548,3.41803,3.45528,11.6788,12.149,798.41,801.17,3.2921,4.00503,1.08952,1.8757,5.96083,4.65857,4.65857,0.0,1.0,1
23013,30.05.2024 14:41:07.370000,-14.09,-221.237,6.05563,6.026,5.934,90.6124,3.41754,3.45618,12.7299,12.6979,798.4,801.115,3.2921,4.00503,1.08952,1.8757,5.96146,4.65857,4.65857,0.0,1.0,1
23014,30.05.2024 14:41:07.380000,-14.09,-221.237,6.05563,6.026,5.934,90.6124,3.41754,3.45618,12.7299,12.6979,798.4,801.115,3.2921,4.00503,1.08952,1.8757,5.96146,4.65857,4.65857,0.0,1.0,1
23015,30.05.2024 14:41:07.390000,-18.7866,-221.237,6.05563,6.026,5.944,90.6288,3.41842,3.454,14.177,13.5749,798.34,801.06,3.58102,3.97896,1.23116,1.87443,5.96146,4.61517,4.61517,0.0,1.0,1
23016,30.05.2024 14:41:07.400000,-55.5359,-249.335,6.03595,6.022,5.971,90.7215,3.42243,3.44944,14.4935,13.731,798.275,801.02,3.63928,3.87955,1.16492,1.89364,5.96328,4.61517,4.61517,0.0,1.0,1
23017,30.05.2024 14:41:07.410000,-95.4162,-257.327,6.03595,6.004,5.99,90.7215,3.42184,3.4499,11.9264,10.816,798.225,800.95,3.6057,3.97508,1.13776,1.81642,5.96328,4.61517,4.61517,0.0,1.0,1
23018,30.05.2024 14:41:07.420000,-103.986,-268.451,6.05516,6.008,5.966,90.6954,3.42152,3.45058,11.9264,10.816,798.225,800.95,3.6057,3.97508,1.13776,1.81642,5.96409,4.68026,4.68026,0.0,1.0,1
23019,30.05.2024 14:41:07.430000,-103.986,-268.451,6.06395,6.008,5.966,90.7497,3.42292,3.45049,13.8545,14.2002,798.155,800.875,3.48344,4.07155,1.09701,1.89755,5.96409,4.68026,4.68026,0.0,1.0,1
23020,30.05.2024 14:41:07.440000,-101.184,-290.286,6.06395,6.028,5.963,90.7497,3.41957,3.44822,13.8545,14.2002,798.155,800.875,3.48344,4.07155,1.09701,1.89755,5.96472,4.57176,4.57176,0.0,1.0,1
23021,30.05.2024 14:41:07.450000,-101.184,-302.234,6.0603,6.004,5.963,90.7974,3.415,3.44546,14.3413,11.3631,798.11,800.81,3.40479,3.9313,1.06308,1.86924,5.96553,4.56452,4.56452,0.0,1.0,1
23022,30.05.2024 14:41:07.460000,-97.3938,-302.234,6.0603,6.004,5.948,90.7586,3.4085,3.44188,13.4923,12.5725,798.06,800.765,3.47035,3.91642,0.991151,1.76217,5.96553,4.56452,4.56452,0.0,1.0,1
23023,30.05.2024 14:41:07.470000,-104.727,-299.844,6.04521,5.965,5.97,90.7586,3.40343,3.43894,13.4923,12.5725,798.06,800.765,3.47035,3.91642,0.991151,1.76217,5.96652,4.56452,4.56452,0.0,1.0,1
23024,30.05.2024 14:41:07.480000,-104.727,-299.844,6.0307,5.965,5.97,90.8078,3.39236,3.43549,13.3193,11.0431,798.015,800.71,3.51257,3.96893,0.990136,1.72491,5.9672,4.56452,4.56452,0.0,1.0,1
23025,30.05.2024 14:41:07.490000,-113.544,-309.567,6.0307,5.979,5.992,90.8078,3.38985,3.43518,11.859,11.9587,797.965,800.64,3.55442,4.11439,0.951825,1.63931,5.9672,4.56452,4.56452,0.0,1.0,1
23026,30.05.2024 14:41:07.500000,-113.544,-309.567,6.0307,5.979,5.992,90.8078,3.38985,3.43518,11.859,11.9587,797.965,800.64,3.55442,4.11439,0.951825,1.63931,5.9672,4.56452,4.56452,0.0,1.0,1
23027,30.05.2024 14:41:07.510000,-112.637,-347.8,6.01904,6.04,5.966,90.8017,3.39128,3.43411,13.4912,11.1727,797.9,800.57,3.62936,4.2438,1.00857,1.6253,5.96804,4.51388,4.51388,0.0,1.0,1
23028,30.05.2024 14:41:07.520000,-112.637,-347.8,6.01904,6.04,5.966,90.8017,3.39128,3.43411,13.4912,11.1727,797.9,800.57,3.62936,4.2438,1.00857,1.6253,5.96804,4.51388,4.51388,0.0,1.0,1
23029,30.05.2024 14:41:07.530000,-112.72,-370.294,6.01544,6.05,5.964,90.7553,3.39559,3.43089,13.0128,10.1826,797.83,800.495,3.53114,4.08059,1.04044,1.60822,5.96887,4.51388,4.51388,0.0,1.0,1
23030,30.05.2024 14:41:07.540000,-112.72,-370.294,6.01544,6.05,5.964,90.7553,3.39559,3.43089,13.0128,10.1826,797.83,800.495,3.53114,4.08059,1.04044,1.60822,5.96887,4.51388,4.51388,0.0,1.0,1
23031,30.05.2024 14:41:07.550000,-117.252,-378.451,6.02172,5.99,5.942,90.8012,3.38912,3.43065,11.8591,9.34241,797.785,800.455,3.40601,3.90325,1.08707,1.60409,5.9698,4.81047,4.81047,0.0,1.0,1
23032,30.05.2024 14:41:07.560000,-118.652,-361.972,6.02869,5.956,5.959,90.8296,3.36443,3.43125,11.6089,8.73489,797.735,800.405,3.55537,4.16497,1.18323,1.59839,5.97158,4.92622,4.92622,0.0,1.0,1
23033,30.05.2024 14:41:07.570000,-141.229,-375.073,6.02869,5.993,5.945,90.8296,3.3612,3.43233,12.0663,10.711,797.685,800.34,3.64088,4.13418,1.14418,1.56016,5.97158,4.92622,4.92622,0.0,1.0,1
23034,30.05.2024 14:41:07.580000,-147.903,-396.167,6.00787,5.995,5.959,90.8329,3.36113,3.43212,12.0663,10.711,797.685,800.34,3.64088,4.13418,1.14418,1.56016,5.97264,5.21556,5.21556,0.0,1.0,1
23035,30.05.2024 14:41:07.590000,-147.903,-396.167,6.00604,5.995,5.959,90.8387,3.36239,3.43443,10.9422,7.38496,797.65,800.3,3.83723,4.27997,1.17852,1.49748,5.97264,5.21556,5.21556,0.0,1.0,1
23036,30.05.2024 14:41:07.600000,-160.922,-397.815,6.00604,5.969,5.935,90.8387,3.37694,3.43791,10.9422,7.38496,797.65,800.3,3.83723,4.27997,1.17852,1.49748,5.97334,5.2228,5.2228,0.0,1.0,1
23037,30.05.2024 14:41:07.610000,-160.922,-397.815,6.00604,5.969,5.935,90.8387,3.37694,3.43791,10.9422,7.38496,797.65,800.3,3.83723,4.27997,1.17852,1.49748,5.97334,5.2228,5.2228,0.0,1.0,1
23038,30.05.2024 14:41:07.620000,-160.922,-401.77,6.01671,5.968,5.935,90.811,3.38377,3.44046,10.2194,8.42232,797.585,800.245,3.92853,4.54898,1.11595,1.529,5.97456,5.36748,5.36748,0.0,1.0,1
23039,30.05.2024 14:41:07.630000,-169.574,-407.208,6.03448,5.997,5.913,90.8282,3.39441,3.4478,12.2922,7.35691,797.515,800.145,4.09305,4.76449,1.11141,1.60387,5.97547,5.58449,5.58449,0.0,1.0,1
23040,30.05.2024 14:41:07.640000,-169.574,-407.208,6.04318,5.997,5.913,90.8801,3.39862,3.45643,12.882,9.6165,797.445,800.06,4.01285,4.54052,1.00443,1.65941,5.97636,5.57002,5.57002,0.0,1.0,1
23041,30.05.2024 14:41:07.650000,-169.574,-407.208,6.03448,5.997,5.913,90.8282,3.39441,3.4478,12.2922,7.35691,797.515,800.145,4.09305,4.76449,1.11141,1.60387,5.97547,5.57002,5.57002,0.0,1.0,1
23042,30.05.2024 14:41:07.660000,-189.514,-405.066,6.04955,5.977,5.927,90.8611,3.40067,3.46576,12.2922,7.35691,797.515,800.145,4.09305,4.76449,1.11141,1.60387,5.97716,5.57002,5.57002,0.0,1.0,1
23043,30.05.2024 14:41:07.670000,-189.514,-405.066,6.04955,5.977,5.927,90.8611,3.40067,3.46576,12.2922,7.35691,797.515,800.145,4.09305,4.76449,1.11141,1.60387,5.97716,5.57002,5.57002,0.0,1.0,1
23044,30.05.2024 14:41:07.680000,-189.514,-405.066,6.04144,5.977,5.927,90.8573,3.40168,3.47035,12.0805,11.4263,797.35,799.95,4.01402,4.44209,0.9642,1.7044,5.97716,5.46875,5.46875,0.0,1.0,1
23045,30.05.2024 14:41:07.690000,-207.724,-401.028,6.04844,6.008,5.939,90.8018,3.39955,3.47283,13.328,12.0995,797.27,799.9,4.10177,4.659,0.996979,1.68936,5.97917,5.46875,5.46875,0.0,1.0,1
23046,30.05.2024 14:41:07.700000,-216.211,-401.028,6.04844,6.008,5.934,90.8105,3.39995,3.47409,13.7605,11.0383,797.21,799.83,4.02559,4.7933,1.05121,1.63445,5.97917,5.46875,5.46875,0.0,1.0,1
23047,30.05.2024 14:41:07.710000,-235.327,-400.204,6.05061,6.051,5.935,90.8105,3.40177,3.47377,13.7605,11.0383,797.21,799.83,4.02559,4.7933,1.05121,1.63445,5.97999,5.47598,5.47598,0.0,1.0,1
23048,30.05.2024 14:41:07.720000,-235.327,-400.204,6.05061,6.051,5.935,90.8105,3.40177,3.47377,13.7605,11.0383,797.21,799.83,4.02559,4.7933,1.05121,1.63445,5.97999,5.47598,5.47598,0.0,1.0,1
23049,30.05.2024 14:41:07.730000,-235.327,-400.204,6.05812,6.051,5.935,90.8556,3.40601,3.47268,11.8022,10.2533,797.175,799.735,3.91403,4.74241,1.0408,1.65612,5.98072,5.36748,5.36748,0.0,1.0,1
23050,30.05.2024 14:41:07.740000,-235.327,-400.204,6.05812,6.051,5.935,90.8556,3.40601,3.47268,11.8022,10.2533,797.175,799.735,3.91403,4.74241,1.0408,1.65612,5.98072,5.36748,5.36748,0.0,1.0,1
23051,30.05.2024 14:41:07.750000,-256.421,-399.957,6.07223,5.988,5.937,90.8939,3.40851,3.47059,11.6029,8.61146,797.115,799.67,4.04005,4.58917,1.08202,1.65754,5.9813,5.36748,5.36748,0.0,1.0,1
23052,30.05.2024 14:41:07.760000,-279.822,-401.852,6.08813,5.981,5.965,90.9164,3.39549,3.47137,13.4048,11.1548,797.06,799.615,4.11714,4.49514,1.26177,1.66698,5.98224,5.43258,5.43258,0.0,1.0,1
23053,30.05.2024 14:41:07.770000,-256.421,-399.957,6.07223,5.988,5.937,90.8939,3.40851,3.47059,11.6029,8.61146,797.115,799.67,4.11714,4.49514,1.26177,1.66698,5.9813,5.36748,5.36748,0.0,1.0,1
23054,30.05.2024 14:41:07.780000,-276.526,-398.804,6.09182,5.999,5.961,90.8781,3.39621,3.46888,12.0395,11.3321,796.99,799.54,4.39002,4.66286,1.3707,1.62641,5.98292,5.36748,5.36748,0.0,1.0,1
23055,30.05.2024 14:41:07.790000,-306.354,-403.83,6.06256,6.038,6.008,90.8781,3.40059,3.46929,12.0395,11.3321,796.99,799.54,4.39002,4.66286,1.3707,1.62641,5.98391,5.48322,5.48322,0.0,1.0,1
23056,30.05.2024 14:41:07.800000,-306.354,-403.83,6.06178,6.038,6.008,90.8545,3.41925,3.47145,11.6301,10.7574,796.925,799.475,4.65482,5.02129,1.486,1.5768,5.98479,5.77257,5.77257,0.0,1.0,1
23057,30.05.2024 14:41:07.810000,-306.354,-403.83,6.06178,6.038,6.008,90.8545,3.41925,3.47145,11.6301,10.7574,796.925,799.475,4.65482,5.02129,1.486,1.5768,5.98479,5.77257,5.77257,0.0,1.0,1
23058,30.05.2024 14:41:07.820000,-330.414,-403.418,6.06178,6.038,6.025,90.8545,3.42769,3.47215,14.3589,12.745,796.845,799.365,4.74686,5.19746,1.51427,1.62482,5.98479,6.37297,6.37297,0.0,1.0,1
23059,30.05.2024 14:41:07.830000,-330.414,-403.418,6.06178,6.038,6.025,90.8545,3.42769,3.47215,14.3589,12.745,796.845,799.365,4.74686,5.19746,1.51427,1.62482,5.98479,6.37297,6.37297,0.0,1.0,1
23060,30.05.2024 14:41:07.840000,-346.811,-403.583,6.06235,6.035,6.01,90.8939,3.44034,3.47148,14.408,11.1426,796.79,799.275,4.63147,4.77726,1.64139,1.55541,5.9857,6.37297,6.37297,0.0,1.0,1
23061,30.05.2024 14:41:07.850000,-346.234,-396.084,6.06746,6.004,6.0,90.8757,3.43958,3.47199,14.0748,9.75647,796.74,799.235,4.49993,4.63726,1.82718,1.59734,5.98758,6.37297,6.37297,0.0,1.0,1
23062,30.05.2024 14:41:07.860000,-356.946,-396.084,6.06746,6.004,5.988,90.8561,3.43157,3.47232,14.7372,11.1602,796.7,799.19,4.55592,4.79889,1.76545,1.52664,5.98758,6.37297,6.37297,0.0,1.0,1
23063,30.05.2024 14:41:07.870000,-349.612,-403.006,6.06674,5.991,5.961,90.8561,3.42095,3.47115,14.7372,11.1602,796.7,799.19,4.55592,4.79889,1.76545,1.52664,5.98875,6.23553,6.23553,0.0,1.0,1
23064,30.05.2024 14:41:07.880000,-349.612,-403.006,6.07442,5.991,5.961,90.8252,3.39198,3.46687,14.8547,11.7759,796.69,799.14,4.59281,4.94489,1.84707,1.59512,5.98969,6.23553,6.23553,0.0,1.0,1
23065,30.05.2024 14:41:07.890000,-362.961,-403.006,6.07442,6.013,5.988,90.8252,3.38012,3.46618,13.0255,11.5976,796.66,799.05,4.95696,5.05608,1.88059,1.62685,5.98969,6.23553,6.23553,0.0,1.0,1
23066,30.05.2024 14:41:07.900000,-362.961,-403.006,6.07442,6.013,5.988,90.8252,3.38012,3.46618,13.0255,11.5976,796.66,799.05,4.95696,5.05608,1.88059,1.62685,5.98969,6.23553,6.23553,0.0,1.0,1
23067,30.05.2024 14:41:07.910000,-361.972,-398.227,6.05548,6.045,5.941,90.8723,3.37067,3.46597,11.7625,11.5084,796.585,798.955,5.22886,4.92515,1.87779,1.64737,5.99043,6.32957,6.32957,0.0,1.0,1
23068,30.05.2024 14:41:07.920000,-362.384,-393.53,6.0421,6.061,5.963,90.8347,3.37277,3.46387,11.7625,11.5084,796.585,798.955,5.22886,4.92515,1.87779,1.64737,5.99102,6.23553,6.23553,0.0,1.0,1
23069,30.05.2024 14:41:07.930000,-362.384,-393.53,6.0421,6.061,5.963,90.8347,3.37277,3.46387,11.7625,11.5084,796.585,798.955,5.22886,4.92515,1.87779,1.64737,5.99102,6.23553,6.23553,0.0,1.0,1
23070,30.05.2024 14:41:07.940000,-362.384,-401.44,6.03703,6.052,5.963,90.8549,3.38017,3.46373,11.3624,11.1638,796.51,798.875,5.30766,4.73537,1.83703,1.59765,5.99199,6.23553,6.23553,0.0,1.0,1
23071,30.05.2024 14:41:07.950000,-365.185,-397.073,6.05219,6.023,5.95,90.8573,3.39411,3.46535,12.7517,9.65782,796.455,798.82,5.19223,4.54666,1.93854,1.64398,5.99286,6.38743,6.38743,0.0,1.0,1
23072,30.05.2024 14:41:07.960000,-365.185,-397.073,6.05396,6.023,5.95,90.8142,3.40156,3.46589,11.9701,8.90553,796.405,798.78,4.94864,4.43163,1.95551,1.72566,5.99372,6.32957,6.32957,0.0,1.0,1
23073,30.05.2024 14:41:07.970000,-365.185,-397.073,6.05396,6.023,5.95,90.8142,3.40156,3.46589,11.9701,8.90553,796.405,798.78,4.94864,4.43163,1.95551,1.72566,5.99372,6.32957,6.32957,0.0,1.0,1
23074,30.05.2024 14:41:07.980000,-359.582,-398.721,6.05396,6.01,5.955,90.8142,3.39931,3.46587,13.1438,8.43957,796.37,798.745,4.79685,4.65129,1.88595,1.80846,5.99372,6.32234,6.32234,0.0,1.0,1
23075,30.05.2024 14:41:07.990000,-359.582,-398.721,6.05396,6.01,5.955,90.8142,3.39931,3.46587,13.1438,8.43957,796.37,798.745,4.79685,4.65129,1.88595,1.80846,5.99372,6.32234,6.32234,0.0,1.0,1
23076,30.05.2024 14:41:08.000000,-358.182,-400.616,6.0233,6.016,5.959,90.8108,3.39408,3.46587,12.774,9.16505,796.345,798.655,4.73174,4.93237,1.78495,1.79621,5.99471,6.32234,6.32234,0.0,1.0,1
23077,30.05.2024 14:41:08.010000,-361.313,-397.073,6.03519,6.016,5.981,90.8423,3.38831,3.46651,13.9235,9.53669,796.3,798.555,4.8269,4.83867,1.68062,1.79526,5.99672,6.56106,6.56106,0.0,1.0,1
23078,30.05.2024 14:41:08.020000,-359.747,-397.073,6.03519,6.016,5.965,90.8579,3.3908,3.46813,12.6321,7.19564,796.235,798.485,4.80277,4.64201,1.76511,1.80562,5.99672,6.56106,6.56106,0.0,1.0,1
23079,30.05.2024 14:41:08.030000,-364.279,-399.051,6.04222,6.016,5.987,90.8579,3.39285,3.46809,12.6321,7.19564,796.235,798.485,4.80277,4.64201,1.76511,1.80562,5.99778,6.33681,6.33681,0.0,1.0,1
23080,30.05.2024 14:41:08.040000,-364.279,-399.051,6.04332,6.016,5.987,90.8104,3.4014,3.46862,12.891,9.68993,796.175,798.425,4.73309,4.70957,1.7707,1.849,5.9988,6.62615,6.62615,0.0,1.0,1
23081,30.05.2024 14:41:08.050000,-361.725,-398.062,6.04332,6.007,5.962,90.8104,3.4015,3.46975,14.2511,9.03466,796.135,798.365,4.50762,4.53516,1.84074,1.83923,5.9988,6.62615,6.62615,0.0,1.0,1
23082,30.05.2024 14:41:08.060000,-361.725,-398.062,6.04332,6.007,5.962,90.8104,3.4015,3.46975,14.2511,9.03466,796.135,798.365,4.50762,4.53516,1.84074,1.83923,5.9988,6.62615,6.62615,0.0,1.0,1
23083,30.05.2024 14:41:08.070000,-363.785,-398.062,6.06702,5.997,5.958,90.8174,3.40153,3.47011,13.9015,9.62635,796.135,798.325,4.479,4.57006,2.01382,1.84085,5.99983,7.22656,7.22656,0.0,1.0,1
23084,30.05.2024 14:41:08.080000,-361.313,-395.755,6.08216,5.999,5.941,90.8117,3.38604,3.47531,13.9015,9.62635,796.135,798.325,4.479,4.57006,2.01382,1.84085,6.00089,7.22656,7.22656,0.0,1.0,1
23085,30.05.2024 14:41:08.090000,-361.313,-401.44,6.06794,6.02,5.941,90.7582,3.37815,3.47693,13.0342,9.80742,796.11,798.26,4.6573,4.98905,2.20176,1.9087,6.00191,7.22656,7.22656,0.0,1.0,1
23086,30.05.2024 14:41:08.100000,-357.193,-401.44,6.06794,6.02,5.95,90.776,3.37293,3.47895,11.9944,9.80131,796.04,798.165,4.95503,4.89294,2.22411,1.78979,6.00191,7.22656,7.22656,0.0,1.0,1
23087,30.05.2024 14:41:08.110000,-360.901,-404.077,6.08265,6.046,5.986,90.776,3.37196,3.47976,11.9944,9.80131,796.04,798.165,4.95503,4.89294,2.22411,1.78979,6.00278,7.03125,7.03125,0.0,1.0,1
23088,30.05.2024 14:41:08.120000,-360.901,-404.077,6.08418,6.046,5.986,90.8007,3.37609,3.48202,12.2542,9.60458,795.995,798.095,4.88082,4.82525,2.31297,1.80017,6.00378,7.03125,7.03125,0.0,1.0,1
23089,30.05.2024 14:41:08.130000,-355.051,-404.407,6.08418,6.059,5.969,90.8007,3.38392,3.48508,11.5571,7.59281,795.955,798.02,4.85023,4.90131,2.24278,1.79457,6.00378,7.03125,7.03125,0.0,1.0,1
23090,30.05.2024 14:41:08.140000,-360.242,-400.534,6.10366,6.043,5.98,90.8101,3.39305,3.48773,11.5571,7.59281,795.955,798.02,4.85023,4.90131,2.24278,1.79457,6.00497,7.18316,7.18316,0.0,1.0,1
23091,30.05.2024 14:41:08.150000,-360.242,-400.534,6.10366,6.043,5.98,90.8101,3.39305,3.48773,11.5571,7.59281,795.955,798.02,4.85023,4.90131,2.24278,1.79457,6.00497,7.18316,7.18316,0.0,1.0,1
23092,30.05.2024 14:41:08.160000,-360.242,-400.534,6.10837,6.043,5.98,90.7252,3.40284,3.48911,13.2479,10.9892,795.935,797.955,4.97016,4.94116,2.37108,1.88755,6.00497,7.27721,7.27721,0.0,1.0,1
23093,30.05.2024 14:41:08.170000,-355.298,-401.523,6.11274,6.037,5.968,90.6976,3.41946,3.49229,13.465,9.057,795.9,797.915,5.18288,4.93672,2.29515,1.84984,6.00685,7.47975,7.47975,0.0,1.0,1
23094,30.05.2024 14:41:08.180000,-359.335,-401.523,6.11274,6.037,5.976,90.7338,3.41903,3.4938,14.0444,11.4021,795.85,797.835,5.35603,5.29792,2.18652,1.88014,6.00685,7.47975,7.47975,0.0,1.0,1
23095,30.05.2024 14:41:08.190000,-362.961,-408.197,6.10815,6.055,6.023,90.7338,3.41858,3.49469,14.0444,11.4021,795.85,797.835,5.35603,5.29792,2.18652,1.88014,6.00765,7.47975,7.47975,0.0,1.0,1
23096,30.05.2024 14:41:08.200000,-362.961,-408.197,6.10295,6.055,6.023,90.7285,3.41922,3.49475,14.1215,10.6984,795.795,797.745,5.28887,5.40967,2.08789,1.96483,6.00859,7.63889,7.63889,0.0,1.0,1
23097,30.05.2024 14:41:08.210000,-356.039,-403.995,6.10295,6.081,6.035,90.7285,3.42221,3.49458,11.9778,10.2913,795.745,797.655,5.27026,5.30315,2.01098,1.99914,6.00859,7.63889,7.63889,0.0,1.0,1
23098,30.05.2024 14:41:08.220000,-360.818,-392.706,6.09062,6.116,6.091,90.7618,3.42853,3.49549,11.9778,10.2913,795.745,797.655,5.27026,5.30315,2.01098,1.99914,6.00969,7.8776,7.8776,0.0,1.0,1
23099,30.05.2024 14:41:08.230000,-360.818,-392.706,6.09062,6.116,6.091,90.7618,3.42853,3.49549,11.9778,10.2913,795.745,797.655,5.27026,5.30315,2.01098,1.99914,6.00969,7.8776,7.8776,0.0,1.0,1
