,time,Pinceur Inf Mesure de courant,Pinceur Sup Mesure de courant,Mandrin - Vitesse Actuelle,Pinceur Sup Mesure vitesse lineaire,Pinceur Inf Mesure vitesse lineaire,Mandrin - Mesure Expansion,Pinceur Nord Position entrefer estimee,Pinceur Sud Position entrefer estimee,Pinceur Nord Force entrefer calibree,Pinceur Sud Force entrefer calibree,Guides Nord Entree Position mesuree,Guides Nord Sortie Position mesuree,Guides Nord Entree Force pour regulateur PI,Guides Nord Sortie Force pour regulateur PI,Guides Sud Entree Force pour regulateur PI,Guides Sud Sortie Force pour regulateur PI,Mandrin - Vitesse Actuelle F10,_Excentrage largeur bande jauge bob,_Excentrage largeur bande jauge bob.1,TDB pinceur,Fenetre,Declancheur
27300,30.05.2024 15:53:40.630000,243.237,154.248,6.44378,6.387,6.057,39.7728,5.63906,3.83476,57.7636,22.8991,854.95,855.705,6.40529,7.45433,0.116659,-1.01854,5.60689,100.174,100.174,1.0,1.0,1
27301,30.05.2024 15:53:40.640000,243.237,154.248,6.44378,6.387,6.057,39.7728,5.63906,3.83476,57.7636,22.8991,854.95,855.705,6.40529,7.45433,0.116659,-1.01854,5.60689,100.174,100.174,1.0,1.0,1
27302,30.05.2024 15:53:40.650000,243.237,154.248,6.44782,6.387,6.057,39.7728,5.61711,3.73844,77.7581,23.5976,853.125,853.955,6.47208,7.40458,0.31788,-0.800464,5.60717,100.195,100.195,1.0,1.0,1
27303,30.05.2024 15:53:40.660000,243.237,154.248,6.44782,6.387,6.057,39.7728,5.61711,3.73844,77.7581,23.5976,853.125,853.955,6.47208,7.40458,0.31788,-0.800464,5.60717,100.195,100.195,1.0,1.0,1
27304,30.05.2024 15:53:40.670000,439.92,279.327,6.44855,6.253,5.774,39.7632,5.17779,3.76973,75.2827,19.4923,851.37,852.125,6.0155,7.25331,0.42719,-0.869789,5.60755,100.195,100.195,1.0,1.0,1
27305,30.05.2024 15:53:40.680000,439.92,279.327,6.44855,6.253,5.774,39.7632,5.17779,3.76973,75.2827,19.4923,851.37,852.125,6.0155,7.25331,0.42719,-0.869789,5.60755,100.195,100.195,1.0,1.0,1
27306,30.05.2024 15:53:40.690000,526.767,283.942,6.44783,6.314,5.68,39.8251,4.10878,3.95826,54.4116,26.2739,849.705,850.38,5.35366,6.04677,0.311674,-0.968393,5.60845,100.188,100.188,1.0,1.0,1
27307,30.05.2024 15:53:40.700000,649.374,351.755,6.44616,6.109,5.496,39.7744,3.64977,4.09066,-1.96273,40.0126,846.605,847.315,3.97474,3.98467,0.230291,-0.88145,5.60981,100.181,100.181,1.0,1.0,1
27308,30.05.2024 15:53:40.710000,676.236,454.834,6.44616,5.914,5.505,39.7869,3.58306,4.14976,-1.96273,40.0126,846.605,847.315,3.97474,3.98467,0.230291,-0.88145,5.61091,100.181,100.181,1.0,1.0,1
27309,30.05.2024 15:53:40.720000,676.236,454.834,6.44974,5.914,5.505,39.7869,3.78651,4.13697,-8.30857,50.5977,845.24,845.825,3.89938,3.92839,-0.0617509,-0.878219,5.6116,100.195,100.195,1.0,1.0,1
27310,30.05.2024 15:53:40.730000,651.269,575.958,6.45183,5.827,5.64,39.8228,3.97894,4.07564,-8.30857,50.5977,845.24,845.825,3.89938,3.92839,-0.0617509,-0.878219,5.6116,100.195,100.195,1.0,1.0,1
27311,30.05.2024 15:53:40.740000,652.341,602.902,6.45183,5.822,5.659,39.8228,4.21579,4.01295,2.93608,47.5913,843.785,844.345,4.93759,4.22887,0.0333762,-0.939937,5.61231,100.188,100.188,1.0,1.0,1
27312,30.05.2024 15:53:40.750000,652.341,602.902,6.44364,5.822,5.659,39.8511,4.42117,3.96756,21.4667,33.9771,842.195,842.83,5.91542,5.12515,0.0804229,-0.973623,5.61231,100.181,100.181,1.0,1.0,1
27313,30.05.2024 15:53:40.760000,650.363,647.067,6.44564,5.78,5.681,39.8564,4.70835,3.87941,21.4667,33.9771,842.195,842.83,5.91542,5.12515,0.0804229,-0.973623,5.61315,100.181,100.181,1.0,1.0,1
27314,30.05.2024 15:53:40.770000,650.363,706.311,6.44564,5.667,5.681,39.8564,4.75648,3.84988,35.261,29.4961,840.645,841.2,6.04569,5.85485,0.0145469,-0.893636,5.61363,100.188,100.188,1.0,1.0,1
27315,30.05.2024 15:53:40.780000,668.49,706.311,6.44874,5.667,5.658,39.8812,4.75718,3.82445,43.4873,29.5918,839.135,839.585,6.09892,6.27865,0.0898604,-0.908746,5.61363,100.188,100.188,1.0,1.0,1
27316,30.05.2024 15:53:40.790000,668.49,706.311,6.44874,5.667,5.658,39.8812,4.75718,3.82445,43.4873,29.5918,839.135,839.585,6.09892,6.27865,0.0898604,-0.908746,5.61363,100.188,100.188,1.0,1.0,1
27317,30.05.2024 15:53:40.800000,682.58,710.183,6.44874,5.639,5.663,39.8991,4.7131,3.80676,41.511,24.4119,837.515,837.985,6.56401,6.4929,0.00981283,-0.98847,5.61376,97.8588,97.8588,1.0,1.0,1
27318,30.05.2024 15:53:40.810000,682.58,710.183,6.44874,5.639,5.663,39.8991,4.7131,3.80676,41.511,24.4119,837.515,837.985,6.56401,6.4929,0.00981283,-0.98847,5.61376,97.8588,97.8588,1.0,1.0,1
27319,30.05.2024 15:53:40.820000,698.977,716.116,6.44886,5.648,5.636,39.9608,4.39449,3.75617,32.6328,18.3659,835.87,836.345,6.40821,6.88781,0.0809455,-0.954811,5.61442,94.5312,94.5312,1.0,1.0,1
27320,30.05.2024 15:53:40.830000,700.296,703.674,6.44976,5.615,5.588,40.0929,4.17034,3.75078,22.6441,22.351,834.38,834.695,6.26719,6.88072,0.0833144,-0.933172,5.615,94.5312,94.5312,1.0,1.0,1
27321,30.05.2024 15:53:40.840000,699.719,694.858,6.45117,5.556,5.563,40.0199,4.02384,3.77099,22.6441,22.351,834.38,834.695,6.26719,6.88072,0.0833144,-0.933172,5.61561,94.5312,94.5312,1.0,1.0,1
27322,30.05.2024 15:53:40.850000,699.719,695.434,6.45117,5.565,5.563,40.0199,3.99164,3.79297,15.4435,21.6535,832.8,833.08,7.01086,6.8869,0.165205,-1.02159,5.61595,91.2109,91.2109,1.0,1.0,1
27323,30.05.2024 15:53:40.860000,692.056,695.434,6.45179,5.565,5.54,39.939,3.98485,3.81467,9.96867,24.5647,831.075,831.39,7.5891,6.89856,0.145971,-1.05217,5.61595,88.1655,88.1655,1.0,1.0,1
27324,30.05.2024 15:53:40.870000,692.221,697.0,6.45179,5.568,5.534,39.9026,4.00089,3.84734,9.96867,24.5647,831.075,831.39,7.5891,6.89856,0.145971,-1.05217,5.61663,88.1655,88.1655,1.0,1.0,1
27325,30.05.2024 15:53:40.880000,692.221,697.0,6.45179,5.568,5.534,39.9026,4.00089,3.84734,9.96867,24.5647,831.075,831.39,7.5891,6.89856,0.145971,-1.05217,5.61663,88.1655,88.1655,1.0,1.0,1
27326,30.05.2024 15:53:40.890000,692.221,697.0,6.45284,5.568,5.534,39.9026,4.12009,3.91267,10.6031,29.0598,829.515,829.74,7.27127,7.0742,0.197347,-1.02152,5.61714,84.9609,84.9609,1.0,1.0,1
27327,30.05.2024 15:53:40.900000,692.221,697.0,6.45284,5.568,5.534,39.9026,4.12009,3.91267,10.6031,29.0598,829.515,829.74,7.27127,7.0742,0.197347,-1.02152,5.61714,84.9609,84.9609,1.0,1.0,1
27328,30.05.2024 15:53:40.910000,685.464,694.61,6.45131,5.528,5.559,39.9071,4.28885,3.91917,17.5708,33.4311,827.92,828.105,7.74271,7.0434,0.161775,-0.963256,5.61763,84.9609,84.9609,1.0,1.0,1
27329,30.05.2024 15:53:40.920000,692.303,686.371,6.45519,5.524,5.566,39.7459,4.43939,3.8601,24.998,33.9792,826.16,826.57,8.20566,7.25542,0.123201,-0.937664,5.61779,79.919,79.919,1.0,1.0,1
27330,30.05.2024 15:53:40.930000,692.303,686.371,6.45519,5.524,5.566,39.7459,4.43939,3.8601,24.998,33.9792,826.16,826.57,8.20566,7.25542,0.123201,-0.937664,5.61779,79.919,79.919,1.0,1.0,1
27331,30.05.2024 15:53:40.940000,692.303,685.629,6.45519,5.573,5.566,39.7459,4.42232,3.84078,32.1135,26.3851,824.39,824.98,7.80575,8.0882,0.0690513,-1.04995,5.61796,79.8973,79.8973,1.0,1.0,1
27332,30.05.2024 15:53:40.950000,692.88,694.281,6.4572,5.591,5.57,39.7432,4.2977,3.81637,30.3309,24.2587,822.815,823.295,6.93306,8.93988,0.0645804,-0.968973,5.61807,79.8973,79.8973,1.0,1.0,1
27333,30.05.2024 15:53:40.960000,692.88,694.281,6.45555,5.591,5.57,39.7432,4.13103,3.80651,25.1346,26.5377,821.15,821.655,7.12236,9.00658,0.0347037,-0.947429,5.61812,74.7468,74.7468,1.0,1.0,1
27334,30.05.2024 15:53:40.970000,686.618,695.105,6.4544,5.582,5.604,39.8283,4.05711,3.80662,25.1346,26.5377,821.15,821.655,7.12236,9.00658,0.0347037,-0.947429,5.61812,74.7468,74.7468,1.0,1.0,1
27335,30.05.2024 15:53:40.980000,690.408,693.539,6.4544,5.597,5.613,39.8283,4.00175,3.80501,17.8634,24.2236,819.365,820.025,7.08517,9.37781,0.0209594,-0.879022,5.6183,70.8406,70.8406,1.0,1.0,1
27336,30.05.2024 15:53:40.990000,690.408,693.539,6.45681,5.597,5.613,39.844,3.9712,3.80355,13.2626,23.4011,817.725,818.38,6.53228,10.0326,0.0195251,-0.954069,5.6183,67.0935,67.0935,1.0,1.0,1
27337,30.05.2024 15:53:41.000000,691.067,691.15,6.45766,5.63,5.622,39.8611,3.97402,3.79945,13.2626,23.4011,817.725,818.38,6.53228,10.0326,0.0195251,-0.954069,5.6184,67.0935,67.0935,1.0,1.0,1
27338,30.05.2024 15:53:41.010000,691.067,688.678,6.45766,5.647,5.622,39.8611,4.00904,3.79974,11.4267,22.8422,816.165,816.8,6.6518,10.2836,0.0595946,-0.954721,5.61863,67.0935,67.0935,1.0,1.0,1
27339,30.05.2024 15:53:41.020000,691.232,688.678,6.4568,5.647,5.625,39.8482,4.05676,3.80037,13.6572,24.3973,814.455,815.235,7.46937,10.955,0.00123739,-0.985416,5.61863,64.0553,64.0553,1.0,1.0,1
27340,30.05.2024 15:53:41.030000,689.419,690.326,6.4568,5.647,5.617,39.8647,4.11251,3.80027,13.6572,24.3973,814.455,815.235,7.46937,10.955,0.00123739,-0.985416,5.61874,64.0553,64.0553,1.0,1.0,1
27341,30.05.2024 15:53:41.040000,689.419,690.326,6.45925,5.647,5.617,39.8647,4.21608,3.79949,18.9253,24.8822,812.715,813.64,7.64506,11.829,-0.0307527,-0.964321,5.61893,63.9757,63.9757,1.0,1.0,1
27342,30.05.2024 15:53:41.050000,687.771,692.962,6.45867,5.607,5.61,39.9053,4.24607,3.79879,18.9253,24.8822,812.715,813.64,7.64506,11.829,-0.0307527,-0.964321,5.61893,63.9757,63.9757,1.0,1.0,1
27343,30.05.2024 15:53:41.060000,690.902,691.15,6.45867,5.602,5.602,39.9053,4.2583,3.79857,23.5387,21.7654,811.025,812.05,7.60036,12.552,-0.0276208,-1.01323,5.61917,61.3715,61.3715,1.0,1.0,1
27344,30.05.2024 15:53:41.070000,690.902,691.15,6.46112,5.602,5.602,39.9118,4.25938,3.7985,25.174,21.7966,809.345,810.405,7.41779,13.3366,0.0253921,-0.947135,5.61917,59.8524,59.8524,1.0,1.0,1
27345,30.05.2024 15:53:41.080000,685.629,687.936,6.4616,5.602,5.603,39.9025,4.22877,3.79269,25.174,21.7966,809.345,810.405,7.41779,13.3366,0.0253921,-0.947135,5.61943,59.8524,59.8524,1.0,1.0,1
27346,30.05.2024 15:53:41.090000,685.629,682.416,6.4616,5.616,5.603,39.9025,4.20888,3.7876,24.8094,24.0023,807.625,808.785,7.26433,13.9271,0.0388389,-0.901937,5.61942,58.355,58.355,1.0,1.0,1
27347,30.05.2024 15:53:41.100000,685.629,682.416,6.4616,5.616,5.603,39.9025,4.20888,3.7876,24.8094,24.0023,807.625,808.785,7.26433,13.9271,0.0388389,-0.901937,5.61942,58.355,58.355,1.0,1.0,1
27348,30.05.2024 15:53:41.110000,691.067,682.416,6.46056,5.616,5.608,39.8741,4.18602,3.78116,24.4756,24.8207,806.015,807.18,7.22615,14.4221,0.0773673,-1.0019,5.61942,55.9751,55.9751,1.0,1.0,1
27349,30.05.2024 15:53:41.120000,689.172,680.603,6.46302,5.612,5.603,39.9122,4.10857,3.77344,22.0362,23.4358,804.365,805.585,7.57126,14.8716,0.0759826,-0.92518,5.61992,52.7561,52.7561,1.0,1.0,1
27350,30.05.2024 15:53:41.130000,691.067,682.416,6.46056,5.616,5.608,39.8741,4.18602,3.78116,22.0362,23.4358,804.365,805.585,7.57126,14.8716,0.0759826,-0.92518,5.61942,52.7561,52.7561,1.0,1.0,1
27351,30.05.2024 15:53:41.140000,688.76,686.453,6.4621,5.613,5.604,39.851,4.05297,3.77188,19.322,19.9988,802.655,803.945,7.92017,15.5006,0.146051,-0.915489,5.62021,52.7199,52.7199,1.0,1.0,1
27352,30.05.2024 15:53:41.150000,688.76,686.453,6.45873,5.613,5.604,39.7863,4.02956,3.77682,17.3637,21.1503,800.955,802.31,7.99203,15.6334,0.0964026,-0.894622,5.62021,48.083,48.083,1.0,1.0,1
27353,30.05.2024 15:53:41.160000,684.97,682.004,6.45537,5.598,5.63,39.8289,4.01725,3.78478,17.3637,21.1503,800.955,802.31,7.99203,15.6334,0.0964026,-0.894622,5.62049,48.083,48.083,1.0,1.0,1
27354,30.05.2024 15:53:41.170000,684.97,694.034,6.45537,5.623,5.63,39.8289,4.03617,3.78414,15.9363,22.9698,799.22,800.56,7.77803,15.9357,0.0921226,-0.907083,5.62073,48.083,48.083,1.0,1.0,1
27355,30.05.2024 15:53:41.180000,694.281,694.034,6.46187,5.623,5.627,39.8561,4.06227,3.7779,17.5658,24.7285,797.46,798.885,7.38687,15.7131,0.118371,-0.907789,5.62073,44.4806,44.4806,1.0,1.0,1
27356,30.05.2024 15:53:41.190000,694.198,692.88,6.46187,5.651,5.619,39.9204,4.08708,3.76681,17.5658,24.7285,797.46,798.885,7.38687,15.7131,0.118371,-0.907789,5.6213,44.4806,44.4806,1.0,1.0,1
27357,30.05.2024 15:53:41.200000,694.198,692.88,6.46187,5.651,5.619,39.9204,4.08708,3.76681,17.5658,24.7285,797.46,798.885,7.38687,15.7131,0.118371,-0.907789,5.6213,44.4806,44.4806,1.0,1.0,1
27358,30.05.2024 15:53:41.210000,694.198,692.88,6.46351,5.651,5.619,39.9204,4.11129,3.74995,20.843,21.5618,795.815,797.275,6.67606,15.2953,0.103059,-0.844522,5.62165,37.5651,37.5651,1.0,1.0,1
27359,30.05.2024 15:53:41.220000,694.198,692.88,6.46351,5.651,5.619,39.9204,4.11129,3.74995,20.843,21.5618,795.815,797.275,6.67606,15.2953,0.103059,-0.844522,5.62165,37.5651,37.5651,1.0,1.0,1
27360,30.05.2024 15:53:41.230000,686.206,694.528,6.46659,5.641,5.662,39.9701,4.10572,3.74929,19.1163,20.1557,794.19,795.77,6.73485,15.5366,0.0279098,-0.953889,5.62236,32.8342,32.8342,1.0,1.0,1
27361,30.05.2024 15:53:41.240000,683.734,696.505,6.45924,5.669,5.627,39.8817,4.09468,3.77241,21.6416,21.5769,792.52,794.185,6.98999,16.6694,0.142732,-0.937601,5.62268,32.8342,32.8342,1.0,1.0,1
27362,30.05.2024 15:53:41.250000,683.734,690.49,6.45924,5.651,5.627,39.8817,4.09184,3.77946,21.6167,21.5315,790.905,792.585,7.34115,17.4128,0.40571,-1.01663,5.62348,28.4433,28.4433,1.0,1.0,1
27363,30.05.2024 15:53:41.260000,690.655,690.49,6.45682,5.651,5.613,39.8857,4.07163,3.78492,19.9089,21.4812,789.43,791.04,7.82507,18.1275,2.20402,-0.870409,5.62348,24.7179,24.7179,1.0,1.0,1
27364,30.05.2024 15:53:41.270000,692.798,688.266,6.45682,5.611,5.62,39.8547,4.03645,3.79223,19.9089,21.4812,789.43,791.04,7.82507,18.1275,2.20402,-0.870409,5.62403,24.7179,24.7179,1.0,1.0,1
27365,30.05.2024 15:53:41.280000,692.798,688.266,6.46178,5.611,5.62,39.8547,3.95861,3.80354,19.1092,22.5887,788.075,789.51,9.46533,19.1989,5.02715,-0.876619,5.62464,24.7179,24.7179,1.0,1.0,1
27366,30.05.2024 15:53:41.290000,695.187,689.007,6.46214,5.592,5.623,39.8276,3.92583,3.80436,19.1092,22.5887,788.075,789.51,9.46533,19.1989,5.02715,-0.876619,5.62464,24.7179,24.7179,1.0,1.0,1
27367,30.05.2024 15:53:41.300000,695.434,683.816,6.46214,5.653,5.631,39.8276,3.89857,3.80708,14.0114,25.6387,786.785,788.055,11.9189,20.6414,7.00822,-0.614004,5.62509,18.4896,18.4896,1.0,1.0,1
27368,30.05.2024 15:53:41.310000,695.434,683.816,6.46162,5.653,5.631,39.824,3.89193,3.81041,14.6146,25.971,785.455,786.58,15.223,22.3329,8.90961,-0.545999,5.62509,16.3918,16.3918,1.0,1.0,1
27369,30.05.2024 15:53:41.320000,689.831,684.558,6.45161,5.681,5.64,39.7692,3.91275,3.8106,14.6146,25.971,785.455,786.58,15.223,22.3329,8.90961,-0.545999,5.62569,16.3918,16.3918,1.0,1.0,1
27370,30.05.2024 15:53:41.330000,689.831,684.64,6.45161,5.712,5.64,39.7692,3.93319,3.81618,13.2106,25.3255,784.135,785.075,18.6084,24.0483,12.2816,-0.0500617,5.62628,16.3918,16.3918,1.0,1.0,1
27371,30.05.2024 15:53:41.340000,690.161,684.64,6.44051,5.712,5.624,39.7641,3.9585,3.82898,14.3843,25.4538,782.74,783.59,20.8385,22.7538,15.0963,0.778624,5.62628,15.2705,15.2705,1.0,1.0,1
27372,30.05.2024 15:53:41.350000,686.041,688.925,6.44051,5.642,5.62,39.7795,3.98683,3.83426,14.3843,25.4538,782.74,783.59,20.8385,22.7538,15.0963,0.778624,5.62692,15.2705,15.2705,1.0,1.0,1
27373,30.05.2024 15:53:41.360000,686.041,688.925,6.45864,5.642,5.62,39.7795,4.06155,3.82567,17.34,30.6756,782.345,783.04,16.2849,12.8539,17.1093,1.96261,5.62706,15.2488,15.2488,1.0,1.0,1
27374,30.05.2024 15:53:41.370000,693.374,690.49,6.4653,5.657,5.583,39.7136,4.09344,3.82641,17.34,30.6756,782.345,783.04,16.2849,12.8539,17.1093,1.96261,5.62706,15.2488,15.2488,1.0,1.0,1
27375,30.05.2024 15:53:41.380000,692.468,691.726,6.4653,5.619,5.548,39.7136,4.13058,3.82561,20.9884,27.1403,781.935,783.745,15.1914,9.16428,18.0647,2.87803,5.62727,13.9757,13.9757,1.0,1.0,1
27376,30.05.2024 15:53:41.390000,692.468,691.726,6.47247,5.619,5.548,39.777,4.15679,3.82083,24.2178,25.8889,781.985,783.96,10.7909,11.9047,17.6653,3.66396,5.62727,11.3498,11.3498,1.0,1.0,1
27377,30.05.2024 15:53:41.400000,677.389,683.734,6.46274,5.576,5.547,39.8473,4.1668,3.81211,24.2178,25.8889,781.985,783.96,10.7909,11.9047,17.6653,3.66396,5.62764,11.3498,11.3498,1.0,1.0,1
27378,30.05.2024 15:53:41.410000,677.389,684.393,6.46274,5.525,5.547,39.8473,4.1486,3.80657,26.6962,27.0154,782.42,783.95,9.5627,11.1846,15.2793,4.02077,5.62826,9.30266,9.30266,1.0,1.0,1
27379,30.05.2024 15:53:41.420000,677.389,684.393,6.46274,5.525,5.547,39.8473,4.1486,3.80657,26.6962,27.0154,782.42,783.95,9.5627,11.1846,15.2793,4.02077,5.62826,9.30266,9.30266,1.0,1.0,1
27380,30.05.2024 15:53:41.430000,677.719,684.393,6.46753,5.525,5.555,39.8057,4.1162,3.79823,25.6325,25.4327,782.695,784.235,10.8435,9.40812,12.3344,3.75127,5.62826,9.14352,9.14352,1.0,1.0,1
27381,30.05.2024 15:53:41.440000,677.719,684.393,6.46753,5.525,5.555,39.8057,4.1162,3.79823,25.6325,25.4327,782.695,784.235,10.8435,9.40812,12.3344,3.75127,5.62826,9.14352,9.14352,1.0,1.0,1
27382,30.05.2024 15:53:41.450000,687.524,684.063,6.46972,5.58,5.561,39.819,3.96379,3.78746,22.2487,25.4352,782.93,784.55,12.5715,10.4339,10.8077,3.21713,5.62903,8.91204,8.91204,1.0,1.0,1
27383,30.05.2024 15:53:41.460000,692.798,689.419,6.4765,5.639,5.589,39.8137,3.87803,3.80118,17.1738,24.7778,782.74,784.615,14.7274,11.2685,9.44061,3.01696,5.6293,8.89756,8.89756,1.0,1.0,1
27384,30.05.2024 15:53:41.470000,692.798,689.419,6.47641,5.639,5.589,39.8368,3.85399,3.80964,13.2172,26.0647,782.465,784.56,14.3746,11.0623,7.88063,2.93722,5.6293,8.13802,8.13802,1.0,1.0,1
27385,30.05.2024 15:53:41.480000,685.959,689.584,6.46806,5.6,5.606,39.7978,3.84745,3.82282,13.2172,26.0647,782.465,784.56,14.3746,11.0623,7.88063,2.93722,5.62967,8.13802,8.13802,1.0,1.0,1
27386,30.05.2024 15:53:41.490000,685.959,684.723,6.46806,5.628,5.606,39.7978,3.86052,3.82424,10.7895,25.1438,782.22,784.555,12.8292,10.0408,8.02373,3.06466,5.63006,6.1415,6.1415,1.0,1.0,1
27387,30.05.2024 15:53:41.500000,688.266,684.723,6.47758,5.628,5.625,39.8837,3.88196,3.82469,12.1166,26.661,782.15,784.585,10.3108,8.9564,9.17215,3.15114,5.63006,6.1415,6.1415,1.0,1.0,1
27388,30.05.2024 15:53:41.510000,688.925,686.618,6.47758,5.635,5.605,39.9075,3.9068,3.82483,12.1166,26.661,782.15,784.585,10.3108,8.9564,9.17215,3.15114,5.63029,6.1415,6.1415,1.0,1.0,1
27389,30.05.2024 15:53:41.520000,688.925,686.618,6.48449,5.635,5.605,39.9075,3.95173,3.81724,15.8486,28.8468,782.25,784.66,8.09064,7.94447,9.92637,3.64329,5.63051,2.12674,2.12674,1.0,1.0,1
27390,30.05.2024 15:53:41.530000,690.49,685.711,6.50518,5.642,5.616,39.804,3.96878,3.80668,15.8486,28.8468,782.25,784.66,8.09064,7.94447,9.92637,3.64329,5.63051,2.12674,2.12674,1.0,1.0,1
27391,30.05.2024 15:53:41.540000,694.775,689.996,6.50518,5.617,5.626,39.804,3.97427,3.79773,18.831,27.3856,782.37,784.77,7.13543,7.29411,10.0784,3.93561,5.63073,1.15018,1.15018,1.0,1.0,1
27392,30.05.2024 15:53:41.550000,694.775,689.996,6.51382,5.617,5.626,39.8116,3.9713,3.79372,17.7427,23.5692,782.56,784.81,6.66265,7.35296,9.55057,4.04639,5.63073,1.32378,1.32378,1.0,1.0,1
27393,30.05.2024 15:53:41.560000,679.202,684.311,6.49909,5.634,5.639,39.831,3.94015,3.7879,17.7427,23.5692,782.56,784.81,6.66265,7.35296,9.55057,4.04639,5.63117,1.32378,1.32378,1.0,1.0,1
27394,30.05.2024 15:53:41.570000,679.202,684.228,6.49909,5.695,5.639,39.831,3.91761,3.78759,17.7833,22.3656,782.78,784.81,7.73984,6.99408,8.0799,3.92632,5.63143,1.32378,1.32378,1.0,1.0,1
27395,30.05.2024 15:53:41.580000,654.648,684.228,6.48683,5.695,5.659,39.8416,3.90044,3.78719,15.7463,25.4094,782.875,784.83,9.52978,6.57094,6.50116,4.13186,5.63143,3.55903,3.55903,1.0,1.0,1
27396,30.05.2024 15:53:41.590000,649.374,690.82,6.48683,5.697,5.678,39.8027,3.89074,3.78792,15.7463,25.4094,782.875,784.83,9.52978,6.57094,6.50116,4.13186,5.63175,3.55903,3.55903,1.0,1.0,1
27397,30.05.2024 15:53:41.600000,649.374,690.82,6.48333,5.697,5.678,39.8027,3.89928,3.78894,16.4406,24.0334,782.97,784.855,11.1163,6.28161,5.09255,4.21838,5.63227,3.41436,3.41436,1.0,1.0,1
27398,30.05.2024 15:53:41.610000,635.861,677.884,6.47267,5.67,5.672,39.8217,3.91451,3.78974,16.4406,24.0334,782.97,784.855,11.1163,6.28161,5.09255,4.21838,5.63227,3.41436,3.41436,1.0,1.0,1
27399,30.05.2024 15:53:41.620000,589.224,660.168,6.47267,5.669,5.646,39.8217,3.93572,3.78913,17.1066,23.7066,783.0,784.825,12.6578,6.13447,5.52743,4.3871,5.63275,3.41436,3.41436,1.0,1.0,1
27400,30.05.2024 15:53:41.630000,589.224,660.168,6.49166,5.669,5.646,39.7921,3.9593,3.78853,18.1608,25.805,783.085,784.815,13.6202,5.57931,7.4761,4.52146,5.63275,3.99306,3.99306,1.0,1.0,1
27401,30.05.2024 15:53:41.640000,589.224,660.168,6.49166,5.669,5.646,39.7921,3.9593,3.78853,18.1608,25.805,783.085,784.815,13.6202,5.57931,7.4761,4.52146,5.63275,3.99306,3.99306,1.0,1.0,1
27402,30.05.2024 15:53:41.650000,569.613,631.494,6.47719,5.686,5.676,39.9461,3.99371,3.77828,20.1845,23.9612,783.03,784.81,14.5389,5.08222,10.141,4.60118,5.63304,5.25896,5.25896,1.0,1.0,1
27403,30.05.2024 15:53:41.660000,569.861,626.55,6.49596,5.67,5.66,39.8955,3.97736,3.7521,19.4325,20.6719,783.06,784.79,14.7149,5.10901,12.0082,4.43935,5.63379,5.39641,5.39641,1.0,1.0,1
27404,30.05.2024 15:53:41.670000,571.509,618.558,6.49596,5.673,5.703,39.8771,3.95261,3.74711,19.4325,20.6719,783.06,784.79,14.7149,5.10901,12.0082,4.43935,5.63408,5.39641,5.39641,1.0,1.0,1
27405,30.05.2024 15:53:41.680000,571.509,618.558,6.46286,5.673,5.703,39.8771,3.87745,3.7467,17.51,17.6184,783.045,784.805,15.07,4.81827,13.1266,4.45548,5.63505,6.01128,6.01128,1.0,1.0,1
27406,30.05.2024 15:53:41.690000,578.677,620.041,6.44544,5.774,5.759,39.9617,3.84111,3.74413,17.51,17.6184,783.045,784.805,15.07,4.81827,13.1266,4.45548,5.63505,6.01128,6.01128,1.0,1.0,1
27407,30.05.2024 15:53:41.700000,576.7,617.157,6.44544,5.826,5.767,39.9617,3.81218,3.74267,16.1608,18.7257,782.83,784.97,14.778,4.88935,14.3168,4.54775,5.63551,5.66407,5.66407,1.0,1.0,1
27408,30.05.2024 15:53:41.710000,576.7,617.157,6.42565,5.826,5.767,40.3472,3.80029,3.7465,12.9844,21.1098,782.73,785.09,12.7866,6.21315,13.8195,4.62731,5.63551,4.32581,4.32581,1.0,1.0,1
27409,30.05.2024 15:53:41.720000,571.509,616.58,6.42609,5.854,5.751,40.9606,3.81276,3.74966,12.9844,21.1098,782.73,785.09,12.7866,6.21315,13.8195,4.62731,5.63622,4.32581,4.32581,1.0,1.0,1
27410,30.05.2024 15:53:41.730000,571.509,617.651,6.42609,5.784,5.751,40.9606,3.83841,3.75045,11.7595,20.3288,782.845,785.08,10.4934,7.85433,11.0301,4.6393,5.63678,2.55354,2.55354,1.0,1.0,1
27411,30.05.2024 15:53:41.740000,578.183,617.651,6.41749,5.784,5.731,41.7222,3.86775,3.75015,13.6895,20.5331,782.995,784.96,9.32032,8.72797,8.67001,4.33169,5.63678,1.0272,1.0272,1.0,1.0,1
27412,30.05.2024 15:53:41.750000,578.183,617.651,6.41749,5.784,5.731,41.7222,3.86775,3.75015,13.6895,20.5331,782.995,784.96,9.32032,8.72797,8.67001,4.33169,5.63678,1.0272,1.0272,1.0,1.0,1
27413,30.05.2024 15:53:41.760000,577.112,612.46,6.41749,5.702,5.734,42.645,3.90368,3.74727,16.9628,19.5072,783.055,784.865,8.94571,8.39122,6.88013,4.0803,5.6378,1.01997,1.01997,1.0,1.0,1
27414,30.05.2024 15:53:41.770000,577.112,612.46,6.41749,5.702,5.734,42.645,3.90368,3.74727,16.9628,19.5072,783.055,784.865,8.94571,8.39122,6.88013,4.0803,5.6378,1.01997,1.01997,1.0,1.0,1
27415,30.05.2024 15:53:41.780000,570.355,612.295,6.37356,5.719,5.694,43.5941,3.98782,3.76242,18.6674,20.1951,783.135,784.92,8.30074,7.99473,4.99851,4.18309,5.63857,1.01997,1.01997,1.0,1.0,1
27416,30.05.2024 15:53:41.790000,575.958,621.771,6.36413,5.755,5.626,44.6082,3.99798,3.78593,21.0844,22.7038,783.085,784.97,8.00214,8.3063,4.01358,4.22557,5.63951,-0.115737,-0.115737,1.0,1.0,1
27417,30.05.2024 15:53:41.800000,571.261,616.168,6.37843,5.721,5.618,45.7531,3.96218,3.79966,21.0844,22.7038,783.085,784.97,8.00214,8.3063,4.01358,4.22557,5.63998,-0.115737,-0.115737,1.0,1.0,1
27418,30.05.2024 15:53:41.810000,571.261,614.52,6.37843,5.626,5.618,45.7531,3.92653,3.79939,21.1597,25.3183,783.0,784.945,6.60903,8.58147,4.0243,4.22726,5.64056,1.43953,1.43953,1.0,1.0,1
27419,30.05.2024 15:53:41.820000,572.168,614.52,6.37603,5.626,5.63,46.9349,3.88513,3.79742,16.8972,22.9679,783.02,784.93,4.81809,8.64311,3.92767,3.94646,5.64056,3.50115,3.50115,1.0,1.0,1
27420,30.05.2024 15:53:41.830000,572.168,612.46,6.37603,5.623,5.643,48.1207,3.8413,3.79179,16.8972,22.9679,783.02,784.93,4.81809,8.64311,3.92767,3.94646,5.64113,3.50115,3.50115,1.0,1.0,1
27421,30.05.2024 15:53:41.840000,572.168,612.46,6.35261,5.623,5.643,48.1207,3.76982,3.75716,15.2174,23.0057,783.035,784.87,3.25687,8.72177,3.97971,3.65018,5.64165,3.50115,3.50115,1.0,1.0,1
27422,30.05.2024 15:53:41.850000,578.1,617.981,6.32368,5.712,5.66,49.2566,3.75582,3.74346,15.2174,23.0057,783.035,784.87,3.25687,8.72177,3.97971,3.65018,5.64165,3.50115,3.50115,1.0,1.0,1
27423,30.05.2024 15:53:41.860000,578.595,602.325,6.32368,5.772,5.683,49.2566,3.75545,3.73184,13.0204,20.9721,783.115,784.85,2.20727,8.49973,4.07085,3.33877,5.64226,4.02923,4.02923,1.0,1.0,1
27424,30.05.2024 15:53:41.870000,578.595,602.325,6.29873,5.772,5.683,50.3802,3.76698,3.72532,12.8812,19.0101,783.245,784.905,1.74933,8.10212,3.78257,3.2357,5.64226,4.62963,4.62963,1.0,1.0,1
27425,30.05.2024 15:53:41.880000,574.805,599.194,6.26986,5.755,5.689,51.5785,3.82561,3.70811,12.8812,19.0101,783.245,784.905,1.74933,8.10212,3.78257,3.2357,5.64276,4.62963,4.62963,1.0,1.0,1
27426,30.05.2024 15:53:41.890000,574.805,608.752,6.26986,5.679,5.689,51.5785,3.8453,3.70061,13.9171,17.0314,783.3,784.995,2.19649,8.60525,2.35116,3.26224,5.64331,4.62963,4.62963,1.0,1.0,1
27427,30.05.2024 15:53:41.900000,577.359,608.752,6.27884,5.679,5.677,52.7124,3.86604,3.69673,15.2805,16.9283,783.245,784.94,2.7219,9.12051,0.467317,3.27303,5.64331,4.45602,4.45602,1.0,1.0,1
27428,30.05.2024 15:53:41.910000,576.7,619.052,6.27884,5.706,5.672,53.9427,3.87715,3.6983,15.2805,16.9283,783.245,784.94,2.7219,9.12051,0.467317,3.27303,5.64364,4.45602,4.45602,1.0,1.0,1
27429,30.05.2024 15:53:41.920000,576.7,619.052,6.26402,5.706,5.672,53.9427,3.87829,3.70638,17.3358,15.5936,783.21,784.845,2.62865,9.04717,0.131345,3.13469,5.64434,4.65857,4.65857,1.0,1.0,1
27430,30.05.2024 15:53:41.930000,581.149,586.175,6.23826,5.761,5.665,55.0766,3.87047,3.70512,17.3358,15.5936,783.21,784.845,2.62865,9.04717,0.131345,3.13469,5.64434,4.65857,4.65857,1.0,1.0,1
27431,30.05.2024 15:53:41.940000,571.838,579.419,6.23826,5.73,5.693,55.0766,3.85811,3.71387,16.4871,18.3324,783.19,784.815,2.26167,8.25575,1.03204,3.14298,5.64466,4.70197,4.70197,1.0,1.0,1
27432,30.05.2024 15:53:41.950000,571.838,579.419,6.24102,5.73,5.693,56.2217,3.84946,3.73585,16.3305,19.686,783.175,784.93,1.91651,7.75478,1.59694,3.09197,5.64466,4.70197,4.70197,1.0,1.0,1
27433,30.05.2024 15:53:41.960000,579.584,589.306,6.22278,5.716,5.685,57.4117,3.85108,3.7638,16.3305,19.686,783.175,784.93,1.91651,7.75478,1.59694,3.09197,5.64503,4.70197,4.70197,1.0,1.0,1
27434,30.05.2024 15:53:41.970000,579.584,585.351,6.22278,5.73,5.685,57.4117,3.85048,3.76172,17.2282,24.1021,783.22,785.015,1.54709,8.14028,2.32216,3.15038,5.64533,4.70197,4.70197,1.0,1.0,1
27435,30.05.2024 15:53:41.980000,573.981,585.351,6.2467,5.73,5.62,58.5128,3.85102,3.76402,18.2334,21.3601,783.285,785.005,1.90223,8.99848,3.18366,3.0981,5.64533,4.21007,4.21007,1.0,1.0,1
27436,30.05.2024 15:53:41.990000,574.64,598.865,6.2467,5.695,5.593,59.6119,3.84982,3.76196,18.2334,21.3601,783.285,785.005,1.90223,8.99848,3.18366,3.0981,5.64593,4.21007,4.21007,1.0,1.0,1
27437,30.05.2024 15:53:42.000000,574.64,598.865,6.24543,5.695,5.593,59.6119,3.8531,3.72274,16.0711,19.5526,783.28,784.96,2.53479,8.81916,3.25165,3.07382,5.64632,4.2173,4.2173,1.0,1.0,1
27438,30.05.2024 15:53:42.010000,572.827,619.794,6.21962,5.67,5.638,60.7563,3.83855,3.70323,16.0711,19.5526,783.28,784.96,2.53479,8.81916,3.25165,3.07382,5.64632,4.2173,4.2173,1.0,1.0,1
27439,30.05.2024 15:53:42.020000,565.741,597.217,6.21962,5.696,5.645,60.7563,3.81397,3.68851,17.4762,18.0315,783.185,784.98,2.95346,8.57049,2.41589,3.05536,5.64673,5.10706,5.10706,1.0,1.0,1
27440,30.05.2024 15:53:42.030000,565.741,597.217,6.21962,5.696,5.645,60.7563,3.81397,3.68851,17.4762,18.0315,783.185,784.98,2.95346,8.57049,2.41589,3.05536,5.64673,5.10706,5.10706,1.0,1.0,1
27441,30.05.2024 15:53:42.040000,565.741,597.217,6.17936,5.696,5.645,61.9618,3.79561,3.66828,14.9997,15.6392,783.14,785.03,2.53141,8.54596,1.48502,3.02822,5.64673,5.8015,5.8015,1.0,1.0,1
27442,30.05.2024 15:53:42.050000,535.254,533.523,6.22184,5.809,5.717,63.0743,3.75187,3.64083,11.9638,12.5007,783.135,785.04,2.26336,8.55746,1.33376,3.12866,5.64765,5.46875,5.46875,1.0,1.0,1
27443,30.05.2024 15:53:42.060000,515.973,533.523,6.18346,5.809,5.718,64.2261,3.75316,3.64994,12.0273,11.5676,783.15,785.04,2.18005,8.65461,0.906101,3.16491,5.64765,5.46875,5.46875,1.0,1.0,1
27444,30.05.2024 15:53:42.070000,527.673,503.86,6.18346,5.79,5.668,65.2876,3.76397,3.6446,12.0273,11.5676,783.15,785.04,2.18005,8.65461,0.906101,3.16491,5.64797,5.46875,5.46875,1.0,1.0,1
27445,30.05.2024 15:53:42.080000,527.673,503.86,6.17153,5.79,5.668,65.2876,3.80423,3.63347,12.7402,15.4067,783.115,785.005,2.3721,8.55952,0.360782,3.05267,5.6484,5.36748,5.36748,1.0,1.0,1
27446,30.05.2024 15:53:42.090000,533.688,521.493,6.20716,5.721,5.657,66.2775,3.81918,3.63881,12.7402,15.4067,783.115,785.005,2.3721,8.55952,0.360782,3.05267,5.6484,5.36748,5.36748,1.0,1.0,1
27447,30.05.2024 15:53:42.100000,518.197,538.55,6.20716,5.709,5.68,66.2775,3.82842,3.63396,17.554,10.165,783.055,784.955,2.30722,7.99025,0.753463,2.93945,5.64883,5.6713,5.6713,1.0,1.0,1
27448,30.05.2024 15:53:42.110000,518.197,538.55,6.16319,5.709,5.68,67.3607,3.83629,3.61459,15.2624,9.23549,783.035,784.98,2.10938,7.4138,1.48613,2.81307,5.64883,6.26447,6.26447,1.0,1.0,1
27449,30.05.2024 15:53:42.120000,510.864,513.583,6.07984,5.787,5.698,68.6193,3.82,3.60868,15.2624,9.23549,783.035,784.98,2.10938,7.4138,1.48613,2.81307,5.64979,6.26447,6.26447,1.0,1.0,1
27450,30.05.2024 15:53:42.130000,510.864,454.339,6.07984,5.823,5.698,68.6193,3.80969,3.61622,17.3456,10.459,783.0,785.065,2.08452,7.18406,1.65411,2.7595,5.65011,6.26447,6.26447,1.0,1.0,1
27451,30.05.2024 15:53:42.140000,510.864,454.339,6.07984,5.823,5.698,68.6193,3.80969,3.61622,17.3456,10.459,783.0,785.065,2.08452,7.18406,1.65411,2.7595,5.65011,6.26447,6.26447,1.0,1.0,1
27452,30.05.2024 15:53:42.150000,466.287,454.339,6.10423,5.823,5.812,69.8628,3.80438,3.61049,16.7298,10.6325,782.985,785.135,2.17863,7.2539,1.81418,2.69607,5.65011,6.32234,6.32234,1.0,1.0,1
27453,30.05.2024 15:53:42.160000,466.287,454.339,6.10423,5.823,5.812,69.8628,3.80438,3.61049,16.7298,10.6325,782.985,785.135,2.17863,7.2539,1.81418,2.69607,5.65011,6.32234,6.32234,1.0,1.0,1
27454,30.05.2024 15:53:42.170000,459.118,439.178,6.09624,5.832,5.732,71.0567,3.75793,3.64297,15.0641,10.4082,782.94,785.15,2.12784,7.8453,1.78638,2.56889,5.65117,6.38022,6.38022,1.0,1.0,1
27455,30.05.2024 15:53:42.180000,459.118,439.178,6.09624,5.832,5.732,71.0567,3.75793,3.64297,15.0641,10.4082,782.94,785.15,2.12784,7.8453,1.78638,2.56889,5.65117,6.38022,6.38022,1.0,1.0,1
27456,30.05.2024 15:53:42.190000,434.399,396.084,6.05156,5.855,5.793,72.2238,3.73589,3.64025,13.8651,15.4352,782.95,785.155,2.16694,7.95344,1.08538,2.33542,5.65225,6.38022,6.38022,1.0,1.0,1
27457,30.05.2024 15:53:42.200000,425.418,376.968,6.0159,5.858,5.763,74.0929,3.71564,3.63195,13.2596,14.7364,782.945,785.195,2.44143,8.00151,0.105646,2.27683,5.65338,6.37297,6.37297,1.0,1.0,1
27458,30.05.2024 15:53:42.210000,425.418,376.968,6.0159,5.858,5.763,74.0929,3.71564,3.63195,13.2596,14.7364,782.945,785.195,2.44143,8.00151,0.105646,2.27683,5.65338,6.37297,6.37297,1.0,1.0,1
27459,30.05.2024 15:53:42.220000,425.418,365.515,6.0159,5.843,5.763,74.0929,3.71236,3.6188,12.1645,14.433,782.88,785.2,3.00414,8.32711,-0.301625,2.14144,5.65446,6.47424,6.47424,1.0,1.0,1
27460,30.05.2024 15:53:42.230000,413.306,346.976,5.96086,5.859,5.756,75.6627,3.72771,3.60674,12.2409,12.1651,782.825,785.18,2.94199,8.14834,-0.273997,2.11474,5.65497,6.47424,6.47424,1.0,1.0,1
27461,30.05.2024 15:53:42.240000,413.306,346.976,5.92225,5.859,5.756,75.6627,3.72783,3.59835,12.9435,9.92237,782.755,785.195,3.14332,7.94553,-0.0708089,2.1188,5.65557,6.92998,6.92998,1.0,1.0,1
27462,30.05.2024 15:53:42.250000,390.152,331.979,5.89615,5.861,5.773,76.6135,3.73026,3.60639,12.9435,9.92237,782.755,785.195,3.14332,7.94553,-0.0708089,2.1188,5.65557,6.92998,6.92998,1.0,1.0,1
27463,30.05.2024 15:53:42.260000,385.62,317.56,5.89615,5.851,5.772,76.6135,3.73874,3.60971,12.7867,9.04993,782.68,785.215,3.03322,8.00927,0.154918,2.10248,5.65632,7.27721,7.27721,1.0,1.0,1
27464,30.05.2024 15:53:42.270000,385.62,317.56,5.86488,5.851,5.772,77.6865,3.74224,3.6098,13.2165,12.0714,782.665,785.245,2.88354,7.97303,0.442111,1.9801,5.65632,6.8287,6.8287,1.0,1.0,1
27465,30.05.2024 15:53:42.280000,402.923,304.047,5.82192,5.808,5.683,78.5112,3.7518,3.61748,13.2165,12.0714,782.665,785.245,2.88354,7.97303,0.442111,1.9801,5.65721,6.8287,6.8287,1.0,1.0,1
27466,30.05.2024 15:53:42.290000,402.923,299.35,5.82192,5.804,5.683,78.5112,3.75446,3.61978,13.5493,12.2043,782.665,785.22,2.85575,7.93992,0.904771,1.9633,5.65806,6.82147,6.82147,1.0,1.0,1
27467,30.05.2024 15:53:42.300000,393.777,299.35,5.79021,5.804,5.714,79.2056,3.75881,3.62243,13.1559,12.1136,782.65,785.215,3.3425,7.66539,0.858726,1.81726,5.65806,6.82147,6.82147,1.0,1.0,1
27468,30.05.2024 15:53:42.310000,393.777,299.35,5.79021,5.804,5.714,79.2056,3.75881,3.62243,13.1559,12.1136,782.65,785.215,3.3425,7.66539,0.858726,1.81726,5.65806,6.82147,6.82147,1.0,1.0,1
27469,30.05.2024 15:53:42.320000,388.257,286.084,5.79021,5.787,5.654,79.8338,3.75962,3.63035,15.1671,12.3095,782.545,785.22,3.76646,7.33549,0.691211,1.87488,5.65904,7.07465,7.07465,1.0,1.0,1
27470,30.05.2024 15:53:42.330000,401.605,294.488,5.71358,5.726,5.621,80.3433,3.75107,3.65866,14.2778,16.8157,782.47,785.225,3.80382,7.2709,0.529762,1.68762,5.65982,7.07465,7.07465,1.0,1.0,1
27471,30.05.2024 15:53:42.340000,392.377,292.181,5.71358,5.709,5.632,80.3433,3.74838,3.65786,14.2778,16.8157,782.47,785.225,3.80382,7.2709,0.529762,1.68762,5.66055,7.17592,7.17592,1.0,1.0,1
27472,30.05.2024 15:53:42.350000,392.377,292.181,5.67359,5.709,5.632,80.6999,3.74364,3.65762,13.3266,13.3452,782.445,785.245,3.57797,7.00548,0.142459,1.74522,5.66055,7.38571,7.38571,1.0,1.0,1
27473,30.05.2024 15:53:42.360000,391.8,296.301,5.67301,5.672,5.573,81.1952,3.72832,3.67103,13.3266,13.3452,782.445,785.245,3.57797,7.00548,0.142459,1.74522,5.66138,7.38571,7.38571,1.0,1.0,1
27474,30.05.2024 15:53:42.370000,391.8,290.616,5.67301,5.64,5.573,81.1952,3.72653,3.67455,14.2974,12.3035,782.425,785.265,3.65378,6.94919,-0.0853162,1.71722,5.66195,7.67507,7.67507,1.0,1.0,1
27475,30.05.2024 15:53:42.380000,393.201,290.616,5.65498,5.64,5.558,81.5191,3.71818,3.66817,12.5248,17.8756,782.36,785.28,3.75154,6.96147,0.0731158,1.69932,5.66195,7.68229,7.68229,1.0,1.0,1
27476,30.05.2024 15:53:42.390000,379.193,288.968,5.65498,5.609,5.565,81.7969,3.7099,3.65531,12.5248,17.8756,782.36,785.28,3.75154,6.96147,0.0731158,1.69932,5.66231,7.68229,7.68229,1.0,1.0,1
27477,30.05.2024 15:53:42.400000,379.193,288.968,5.63641,5.609,5.565,81.7969,3.68427,3.64976,14.1636,13.5989,782.295,785.265,3.73475,6.99692,0.250532,1.4734,5.6627,7.47252,7.47252,1.0,1.0,1
27478,30.05.2024 15:53:42.410000,352.249,275.372,5.629,5.629,5.587,82.0434,3.6825,3.64623,14.1636,13.5989,782.295,785.265,3.73475,6.99692,0.250532,1.4734,5.6627,7.47252,7.47252,1.0,1.0,1
27479,30.05.2024 15:53:42.420000,333.957,238.541,5.629,5.639,5.593,82.0434,3.68484,3.64316,10.985,12.6675,782.29,785.235,3.64301,6.64724,0.333848,1.41603,5.66321,7.47252,7.47252,1.0,1.0,1
27480,30.05.2024 15:53:42.430000,333.957,238.541,5.5986,5.639,5.593,82.0871,3.69107,3.65397,13.1037,15.4479,782.185,785.245,3.88311,6.34094,0.376218,1.36919,5.66321,7.47975,7.47975,1.0,1.0,1
27481,30.05.2024 15:53:42.440000,342.114,200.308,5.59018,5.653,5.496,82.2315,3.71929,3.6648,13.1037,15.4479,782.185,785.245,3.88311,6.34094,0.376218,1.36919,5.66315,7.47975,7.47975,1.0,1.0,1
27482,30.05.2024 15:53:42.450000,342.114,191.327,5.59018,5.639,5.496,82.2315,3.73637,3.65926,14.3706,18.8244,782.13,785.245,3.507,6.26728,0.573383,1.36564,5.66318,7.38571,7.38571,1.0,1.0,1
27483,30.05.2024 15:53:42.460000,327.283,191.327,5.60588,5.639,5.551,82.3583,3.74565,3.65957,12.656,12.6969,782.145,785.235,3.3794,6.16076,0.522066,1.32371,5.66318,7.38571,7.38571,1.0,1.0,1
27484,30.05.2024 15:53:42.470000,300.915,171.387,5.60588,5.629,5.558,82.4726,3.75009,3.66299,12.656,12.6969,782.145,785.235,3.3794,6.16076,0.522066,1.32371,5.66313,7.38571,7.38571,1.0,1.0,1
27485,30.05.2024 15:53:42.480000,300.915,171.387,5.60591,5.629,5.558,82.4726,3.74611,3.66597,14.437,13.9577,782.12,785.24,3.54457,5.89814,0.459882,1.30458,5.66299,7.47975,7.47975,1.0,1.0,1
27486,30.05.2024 15:53:42.490000,297.208,166.443,5.62629,5.625,5.511,82.5505,3.74808,3.66589,14.437,13.9577,782.12,785.24,3.54457,5.89814,0.459882,1.30458,5.66299,7.47975,7.47975,1.0,1.0,1
27487,30.05.2024 15:53:42.500000,274.878,135.791,5.62629,5.618,5.578,82.5505,3.74107,3.66864,14.9368,16.0504,782.055,785.23,3.84239,6.04095,0.352905,1.22418,5.66277,6.53936,6.53936,1.0,1.0,1
27488,30.05.2024 15:53:42.510000,274.878,135.791,5.64225,5.618,5.578,82.5634,3.73572,3.67006,15.1503,14.726,781.975,785.155,3.69888,5.81125,0.165321,1.13623,5.66277,6.53936,6.53936,1.0,1.0,1
27489,30.05.2024 15:53:42.520000,256.998,112.72,5.6319,5.657,5.555,82.5842,3.7192,3.66652,15.1503,14.726,781.975,785.155,3.69888,5.81125,0.165321,1.13623,5.66259,6.53936,6.53936,1.0,1.0,1
27490,30.05.2024 15:53:42.530000,256.998,98.6297,5.6319,5.681,5.555,82.5842,3.71046,3.66209,14.4262,13.2086,781.99,785.115,3.69502,5.33881,-0.0348573,1.10181,5.66231,6.14873,6.14873,1.0,1.0,1
27491,30.05.2024 15:53:42.540000,256.998,98.6297,5.6319,5.681,5.555,82.5842,3.71046,3.66209,14.4262,13.2086,781.99,785.115,3.69502,5.33881,-0.0348573,1.10181,5.66231,6.14873,6.14873,1.0,1.0,1
27492,30.05.2024 15:53:42.550000,243.484,98.6297,5.65192,5.681,5.549,82.6426,3.70094,3.66529,12.6879,15.6079,781.885,785.105,4.00817,4.71524,0.0932212,1.04638,5.66231,6.1849,6.1849,1.0,1.0,1
27493,30.05.2024 15:53:42.560000,205.087,80.4199,5.65753,5.648,5.618,82.7044,3.68038,3.63736,13.7796,16.729,781.875,785.125,3.71887,4.54729,0.119623,1.06113,5.66219,6.1849,6.1849,1.0,1.0,1
27494,30.05.2024 15:53:42.570000,180.862,55.2063,5.67617,5.64,5.588,82.8089,3.68085,3.6295,13.7796,16.729,781.875,785.125,3.71887,4.54729,0.119623,1.06113,5.66219,6.1849,6.1849,1.0,1.0,1
27495,30.05.2024 15:53:42.580000,160.181,37.4908,5.67617,5.652,5.63,82.8089,3.68584,3.62907,11.9761,12.5289,781.835,785.135,3.97874,4.7024,0.108587,1.05449,5.66217,6.1849,6.1849,1.0,1.0,1
27496,30.05.2024 15:53:42.590000,160.181,37.4908,5.7292,5.652,5.63,82.9066,3.69567,3.62806,14.0267,12.0367,781.795,785.12,4.09452,4.93508,0.107652,0.956713,5.66217,6.58275,6.58275,1.0,1.0,1
27497,30.05.2024 15:53:42.600000,142.053,-19.693,5.71393,5.667,5.603,83.0053,3.71905,3.61593,14.0267,12.0367,781.795,785.12,4.09452,4.93508,0.107652,0.956713,5.66205,6.58275,6.58275,1.0,1.0,1
27498,30.05.2024 15:53:42.610000,142.053,-12.1124,5.71393,5.621,5.603,83.0053,3.7204,3.61273,13.3619,13.7896,781.755,785.025,4.32259,5.29154,0.157217,1.03284,5.66239,6.91551,6.91551,1.0,1.0,1
27499,30.05.2024 15:53:42.620000,129.694,-12.1124,5.71503,5.621,5.604,83.137,3.71966,3.61322,13.5571,11.2899,781.645,784.965,4.44784,4.66097,-0.0163407,0.938654,5.66239,6.64063,6.64063,0.0,1.0,1
27500,30.05.2024 15:53:42.630000,129.694,-12.1124,5.71503,5.621,5.604,83.137,3.71966,3.61322,13.5571,11.2899,781.645,784.965,4.44784,4.66097,-0.0163407,0.938654,5.66239,6.64063,6.64063,0.0,1.0,1
27501,30.05.2024 15:53:42.640000,112.72,-25.296,5.71503,5.609,5.64,83.1879,3.71567,3.61561,15.0003,10.2651,781.625,784.97,4.16608,4.40312,0.0552955,0.985873,5.66247,6.77806,6.77806,0.0,1.0,1
27502,30.05.2024 15:53:42.650000,103.574,-63.6932,5.74574,5.633,5.663,83.2789,3.71242,3.63114,14.4022,13.7134,781.55,784.975,4.19437,4.51054,0.0107894,0.964619,5.66264,6.77806,6.77806,0.0,1.0,1
27503,30.05.2024 15:53:42.660000,102.914,-87.6709,5.74574,5.625,5.626,83.2789,3.71327,3.63766,14.4022,13.7134,781.55,784.975,4.19437,4.51054,0.0107894,0.964619,5.66257,6.98061,6.98061,0.0,1.0,1
27504,30.05.2024 15:53:42.670000,102.914,-87.6709,5.74574,5.625,5.626,83.2789,3.71327,3.63766,14.4022,13.7134,781.55,784.975,4.19437,4.51054,0.0107894,0.964619,5.66257,6.98061,6.98061,0.0,1.0,1
27505,30.05.2024 15:53:42.680000,102.914,-87.6709,5.74152,5.625,5.626,83.3004,3.72989,3.63805,15.015,15.1562,781.54,784.935,3.90945,4.74366,0.0140891,1.00743,5.66257,7.22656,7.22656,0.0,1.0,1
27506,30.05.2024 15:53:42.690000,90.9668,-113.708,5.76958,5.655,5.634,83.3721,3.72648,3.64653,15.3658,12.6553,781.48,784.915,4.10568,4.83695,0.0134559,0.903264,5.66248,7.21933,7.21933,0.0,1.0,1
27507,30.05.2024 15:53:42.700000,53.3935,-113.708,5.77875,5.655,5.648,83.3975,3.7265,3.64165,16.3091,12.3134,781.44,784.845,3.95237,5.00843,0.183366,0.931193,5.66248,7.08189,7.08189,0.0,1.0,1
27508,30.05.2024 15:53:42.710000,53.3935,-113.708,5.77875,5.655,5.648,83.3975,3.7265,3.64165,16.3091,12.3134,781.44,784.845,3.95237,5.00843,0.183366,0.931193,5.66248,7.08189,7.08189,0.0,1.0,1
27509,30.05.2024 15:53:42.720000,55.3711,-137.357,5.77875,5.714,5.61,83.4691,3.71568,3.63646,15.4003,15.9512,781.395,784.765,4.18841,4.96426,0.208467,0.80052,5.66291,6.54658,6.54658,0.0,1.0,1
27510,30.05.2024 15:53:42.730000,48.6145,-139.828,5.76062,5.696,5.609,83.5179,3.68593,3.64119,15.4003,15.9512,781.395,784.765,4.19684,4.63963,0.255022,0.84384,5.663,6.54658,6.54658,0.0,1.0,1
27511,30.05.2024 15:53:42.740000,1.97754,-154.248,5.76062,5.702,5.66,83.5179,3.68219,3.64481,12.8936,13.8119,781.35,784.735,4.19684,4.63963,0.255022,0.84384,5.66341,6.54658,6.54658,0.0,1.0,1
27512,30.05.2024 15:53:42.750000,1.97754,-154.248,5.76148,5.702,5.66,83.5957,3.68666,3.6465,12.512,15.4559,781.29,784.715,4.3232,4.58145,0.119344,0.787468,5.66341,5.89554,5.89554,0.0,1.0,1
27513,30.05.2024 15:53:42.760000,-44.989,-166.772,5.74189,5.721,5.696,83.663,3.68719,3.64276,12.512,15.4559,781.29,784.715,4.3232,4.58145,0.119344,0.787468,5.66363,5.89554,5.89554,0.0,1.0,1
27514,30.05.2024 15:53:42.770000,-44.989,-205.334,5.74189,5.729,5.696,83.663,3.69148,3.64467,12.7225,15.3554,781.245,784.68,4.30692,4.65454,0.0814338,0.772585,5.66402,6.12702,6.12702,0.0,1.0,1
27515,30.05.2024 15:53:42.780000,-44.989,-205.334,5.74189,5.729,5.696,83.663,3.69148,3.64467,12.7225,15.3554,781.245,784.68,4.30692,4.65454,0.0814338,0.772585,5.66402,6.12702,6.12702,0.0,1.0,1
27516,30.05.2024 15:53:42.790000,-20.0226,-205.334,5.76205,5.729,5.614,83.7373,3.68966,3.64988,14.0649,12.6372,781.24,784.645,4.51999,4.60157,0.0515647,0.730374,5.66402,6.40191,6.40191,0.0,1.0,1
27517,30.05.2024 15:53:42.800000,-20.0226,-205.334,5.76205,5.729,5.614,83.7373,3.68966,3.64988,14.0649,12.6372,781.24,784.645,4.51999,4.60157,0.0515647,0.730374,5.66402,6.40191,6.40191,0.0,1.0,1
27518,30.05.2024 15:53:42.810000,0.576782,-200.885,5.76675,5.677,5.597,83.7945,3.70259,3.64491,13.3774,13.9187,781.15,784.63,4.92887,4.82178,-0.0185952,0.616108,5.66486,6.40191,6.40191,0.0,1.0,1
27519,30.05.2024 15:53:42.820000,0.576782,-200.885,5.76675,5.677,5.597,83.7945,3.70259,3.64491,13.3774,13.9187,781.15,784.63,4.92887,4.82178,-0.0185952,0.616108,5.66486,6.40191,6.40191,0.0,1.0,1
27520,30.05.2024 15:53:42.830000,-72.5921,-215.552,5.78279,5.692,5.625,83.8723,3.70103,3.64124,13.612,16.4644,781.08,784.555,4.94392,5.03129,0.0307059,0.627009,5.66503,6.32957,6.32957,0.0,1.0,1
27521,30.05.2024 15:53:42.840000,-65.9179,-234.915,5.74882,5.707,5.621,84.0103,3.67455,3.65614,13.0973,11.6425,781.05,784.445,4.74895,4.90793,0.200521,0.692982,5.66531,6.33681,6.33681,0.0,1.0,1
27522,30.05.2024 15:53:42.850000,-65.9179,-272.983,5.74882,5.732,5.621,84.0103,3.67769,3.6573,12.2873,11.5286,780.96,784.365,4.86097,4.38616,0.205266,0.642012,5.66584,6.33681,6.33681,0.0,1.0,1
27523,30.05.2024 15:53:42.860000,-119.723,-272.983,5.72655,5.732,5.735,83.973,3.68802,3.65496,12.138,15.1505,780.93,784.37,4.61603,3.99524,0.18704,0.726733,5.66584,6.47424,6.47424,0.0,1.0,1
27524,30.05.2024 15:53:42.870000,-117.334,-299.185,5.72655,5.759,5.721,83.9901,3.69413,3.65345,12.138,15.1505,780.93,784.37,4.61603,3.99524,0.18704,0.726733,5.66617,6.47424,6.47424,0.0,1.0,1
27525,30.05.2024 15:53:42.880000,-117.334,-299.185,5.69091,5.759,5.721,83.9901,3.71913,3.6544,13.5315,15.3078,780.9,784.36,4.68021,4.19022,0.196119,0.742342,5.66638,6.52488,6.52488,0.0,1.0,1
27526,30.05.2024 15:53:42.890000,-110.577,-324.728,5.70839,5.754,5.625,83.9794,3.7217,3.65501,13.5315,15.3078,780.9,784.36,4.68021,4.19022,0.196119,0.742342,5.66638,6.52488,6.52488,0.0,1.0,1
27527,30.05.2024 15:53:42.900000,-109.177,-329.26,5.70839,5.713,5.632,83.9794,3.71951,3.65115,14.2414,16.7363,780.895,784.35,4.85322,4.4775,0.113264,0.66878,5.66655,6.53212,6.53212,0.0,1.0,1
27528,30.05.2024 15:53:42.910000,-109.177,-329.26,5.73802,5.713,5.632,83.9917,3.70745,3.64627,15.1115,15.9386,780.83,784.28,5.35253,4.96614,0.14501,0.699133,5.66655,6.72743,6.72743,0.0,1.0,1
27529,30.05.2024 15:53:42.920000,-110.083,-308.166,5.73326,5.657,5.626,83.9529,3.66461,3.64672,15.1115,15.9386,780.83,784.28,5.35253,4.96614,0.14501,0.699133,5.66699,6.72743,6.72743,0.0,1.0,1
27530,30.05.2024 15:53:42.930000,-110.083,-310.062,5.73326,5.67,5.626,83.9529,3.64596,3.64829,12.6758,13.5732,780.76,784.185,5.61772,5.0666,0.245042,0.680192,5.66722,6.73467,6.73467,0.0,1.0,1
27531,30.05.2024 15:53:42.940000,-111.401,-310.062,5.70035,5.67,5.609,83.9998,3.63629,3.64705,11.7241,12.2083,780.675,784.125,5.5922,4.86392,-0.0459847,0.635111,5.66722,6.73467,6.73467,0.0,1.0,1
27532,30.05.2024 15:53:42.950000,-117.993,-321.68,5.70035,5.689,5.649,83.9789,3.63068,3.64739,11.7241,12.2083,780.675,784.125,5.5922,4.86392,-0.0459847,0.635111,5.66779,6.73467,6.73467,0.0,1.0,1
27533,30.05.2024 15:53:42.960000,-117.993,-321.68,5.69237,5.689,5.649,83.9789,3.64799,3.64594,10.9028,12.7244,780.62,784.065,5.38655,4.99062,0.0269332,0.703951,5.66801,6.81424,6.81424,0.0,1.0,1
27534,30.05.2024 15:53:42.970000,-117.911,-360.406,5.6854,5.707,5.614,84.0131,3.66188,3.63845,10.9028,12.7244,780.62,784.065,5.38655,4.99062,0.0269332,0.703951,5.66801,6.81424,6.81424,0.0,1.0,1
27535,30.05.2024 15:53:42.980000,-123.431,-365.103,5.6854,5.664,5.591,84.0131,3.67066,3.63062,10.6405,12.5467,780.61,783.995,5.44079,4.701,0.209131,0.566996,5.6688,7.06742,7.06742,0.0,1.0,1
27536,30.05.2024 15:53:42.990000,-123.431,-365.103,5.70097,5.664,5.591,84.0262,3.68001,3.62695,11.7735,8.35209,780.565,783.96,5.61036,4.72138,0.159227,0.502221,5.6688,7.08189,7.08189,0.0,1.0,1
27537,30.05.2024 15:53:43.000000,-124.008,-356.616,5.71561,5.652,5.629,84.0559,3.69365,3.62303,11.7735,8.35209,780.565,783.96,5.61036,4.72138,0.159227,0.502221,5.66941,7.08189,7.08189,0.0,1.0,1
27538,30.05.2024 15:53:43.010000,-124.008,-356.616,5.71561,5.652,5.629,84.0559,3.69365,3.62303,11.7735,8.35209,780.565,783.96,5.61036,4.72138,0.159227,0.502221,5.66941,7.08189,7.08189,0.0,1.0,1
27539,30.05.2024 15:53:43.020000,-124.008,-376.391,5.71561,5.667,5.629,84.0559,3.69795,3.62455,13.1862,14.0847,780.52,783.945,5.72638,4.6648,0.134283,0.511847,5.67013,6.97337,6.97337,0.0,1.0,1
27540,30.05.2024 15:53:43.030000,-139.746,-379.852,5.68544,5.688,5.612,84.0789,3.70196,3.63011,14.5125,13.9059,780.475,783.92,5.83597,5.09747,0.184961,0.426013,5.67047,6.87934,6.87934,0.0,1.0,1
27541,30.05.2024 15:53:43.040000,-139.746,-379.852,5.66709,5.688,5.612,84.0789,3.69796,3.63104,13.05,10.0814,780.405,783.875,5.86575,5.42807,0.0605979,0.414429,5.67102,6.87934,6.87934,0.0,1.0,1
27542,30.05.2024 15:53:43.050000,-151.858,-392.294,5.69212,5.667,5.628,84.0539,3.69091,3.63106,13.05,10.0814,780.405,783.875,5.86575,5.42807,0.0605979,0.414429,5.67102,6.87934,6.87934,0.0,1.0,1
27543,30.05.2024 15:53:43.060000,-171.222,-393.86,5.69212,5.624,5.623,84.0539,3.67892,3.62859,13.2775,12.3713,780.365,783.755,5.71673,5.70787,0.116983,0.348944,5.67154,6.8287,6.8287,0.0,1.0,1
27544,30.05.2024 15:53:43.070000,-171.222,-393.86,5.72222,5.624,5.623,84.0093,3.66873,3.62631,13.1668,11.3105,780.3,783.625,5.71679,5.4614,0.0635009,0.325789,5.67154,6.48872,6.48872,0.0,1.0,1
27545,30.05.2024 15:53:43.080000,-171.716,-403.418,5.70998,5.657,5.609,83.9487,3.66262,3.62266,13.1668,11.3105,780.3,783.625,5.71679,5.4614,0.0635009,0.325789,5.67209,6.48872,6.48872,0.0,1.0,1
27546,30.05.2024 15:53:43.090000,-171.716,-410.916,5.70998,5.662,5.609,83.9487,3.6662,3.62184,12.0016,10.7176,780.245,783.565,5.35119,4.89947,0.0323958,0.408833,5.67205,6.48872,6.48872,0.0,1.0,1
27547,30.05.2024 15:53:43.100000,-189.761,-410.916,5.71253,5.662,5.618,83.9545,3.67088,3.62212,12.501,10.1761,780.21,783.575,5.22916,4.66815,0.169649,0.354292,5.67205,6.69126,6.69126,0.0,1.0,1
27548,30.05.2024 15:53:43.110000,-189.761,-410.916,5.71253,5.662,5.618,83.9545,3.67088,3.62212,12.501,10.1761,780.21,783.575,5.22916,4.66815,0.169649,0.354292,5.67205,6.69126,6.69126,0.0,1.0,1
27549,30.05.2024 15:53:43.120000,-193.552,-404.736,5.71253,5.651,5.606,83.9806,3.67793,3.62252,12.1452,10.6392,780.18,783.57,5.12791,5.05306,0.197042,0.337061,5.67214,6.38022,6.38022,0.0,1.0,1
27550,30.05.2024 15:53:43.130000,-204.181,-403.83,5.75107,5.643,5.609,83.9353,3.68028,3.6244,12.4484,9.4774,780.165,783.49,5.07529,5.38011,0.0408874,0.330601,5.67255,6.38022,6.38022,0.0,1.0,1
27551,30.05.2024 15:53:43.140000,-214.398,-404.159,5.75107,5.653,5.613,83.9353,3.67333,3.62389,12.4484,9.4774,780.165,783.49,5.07529,5.38011,0.0408874,0.330601,5.67313,6.38022,6.38022,0.0,1.0,1
27552,30.05.2024 15:53:43.150000,-214.398,-404.159,5.75277,5.653,5.613,83.9499,3.66584,3.62277,12.4211,13.5321,780.115,783.355,5.20066,5.46259,0.11973,0.34141,5.67313,6.44531,6.44531,0.0,1.0,1
27553,30.05.2024 15:53:43.160000,-214.398,-404.159,5.75277,5.653,5.613,83.9499,3.66584,3.62277,12.4211,13.5321,780.115,783.355,5.20066,5.46259,0.11973,0.34141,5.67313,6.44531,6.44531,0.0,1.0,1
27554,30.05.2024 15:53:43.170000,-228.158,-399.71,5.75757,5.662,5.636,83.9143,3.65693,3.62231,12.2852,10.5058,780.06,783.29,5.32953,5.01684,0.0653281,0.31308,5.67336,6.43084,6.43084,0.0,1.0,1
27555,30.05.2024 15:53:43.180000,-228.158,-399.71,5.75757,5.662,5.636,83.9143,3.65693,3.62231,12.2852,10.5058,780.06,783.29,5.32953,5.01684,0.0653281,0.31308,5.67336,6.43084,6.43084,0.0,1.0,1
27556,30.05.2024 15:53:43.190000,-247.769,-402.017,5.76414,5.722,5.645,83.9618,3.66092,3.62592,11.6758,10.708,780.01,783.305,5.39456,4.99976,0.110685,0.336813,5.67396,6.43084,6.43084,0.0,1.0,1
27557,30.05.2024 15:53:43.200000,-268.039,-400.616,5.77493,5.696,5.645,84.0294,3.68364,3.62848,11.5289,9.49658,780.01,783.3,5.4712,5.33748,0.204801,0.368887,5.67484,6.43084,6.43084,0.0,1.0,1
27558,30.05.2024 15:53:43.210000,-284.766,-399.545,5.77764,5.704,5.664,84.0352,3.69014,3.63001,11.5289,9.49658,780.01,783.3,5.4712,5.33748,0.204801,0.368887,5.67484,6.43084,6.43084,0.0,1.0,1
27559,30.05.2024 15:53:43.220000,-284.766,-399.545,5.77764,5.704,5.664,84.0352,3.69014,3.63001,11.5289,9.49658,780.01,783.3,5.4712,5.33748,0.204801,0.368887,5.67484,6.43084,6.43084,0.0,1.0,1
27560,30.05.2024 15:53:43.230000,-294.159,-400.781,5.77764,5.747,5.663,84.0352,3.69465,3.63073,12.7777,9.48032,779.975,783.23,5.7306,5.89354,0.153581,0.448658,5.67528,7.02401,7.02401,0.0,1.0,1
27561,30.05.2024 15:53:43.240000,-294.159,-400.781,5.77764,5.747,5.663,84.0352,3.69465,3.63073,12.7777,9.48032,779.975,783.23,5.7306,5.89354,0.153581,0.448658,5.67528,7.02401,7.02401,0.0,1.0,1
27562,30.05.2024 15:53:43.250000,-296.796,-400.287,5.79668,5.748,5.663,84.0062,3.69581,3.64105,12.51,10.0718,779.95,783.125,6.06924,6.14138,0.145631,0.430607,5.67579,7.18316,7.18316,0.0,1.0,1
27563,30.05.2024 15:53:43.260000,-319.125,-398.144,5.79872,5.723,5.674,84.0042,3.68332,3.64101,12.7868,11.6008,779.795,783.005,6.80585,5.68569,0.203817,0.527825,5.67611,7.21933,7.21933,0.0,1.0,1
27564,30.05.2024 15:53:43.270000,-326.871,-393.283,5.79872,5.708,5.674,84.011,3.67502,3.64047,12.7868,11.6008,779.795,783.005,6.80585,5.68569,0.203817,0.527825,5.67669,7.21933,7.21933,0.0,1.0,1
27565,30.05.2024 15:53:43.280000,-326.871,-393.283,5.78924,5.708,5.674,84.011,3.6626,3.64152,11.8921,10.2814,779.72,782.96,6.54358,5.87681,0.183153,0.492503,5.67728,7.42187,7.42187,0.0,1.0,1
27566,30.05.2024 15:53:43.290000,-354.309,-401.852,5.78735,5.741,5.703,84.013,3.66152,3.64008,11.8921,10.2814,779.72,782.96,6.54358,5.87681,0.183153,0.492503,5.67728,7.42187,7.42187,0.0,1.0,1
27567,30.05.2024 15:53:43.300000,-354.391,-400.864,5.78735,5.774,5.685,84.013,3.66584,3.63843,12.2439,11.9621,779.705,782.885,6.16901,5.85606,0.177347,0.561095,5.67786,7.42187,7.42187,0.0,1.0,1
27568,30.05.2024 15:53:43.310000,-354.391,-400.864,5.7523,5.774,5.685,84.0326,3.6669,3.63641,12.6006,12.4612,779.69,782.825,6.28633,5.69202,0.149591,0.533545,5.67786,7.17592,7.17592,0.0,1.0,1
27569,30.05.2024 15:53:43.320000,-358.429,-401.44,5.7393,5.777,5.679,84.0148,3.67989,3.63844,12.6006,12.4612,779.69,782.825,6.28633,5.69202,0.149591,0.533545,5.6785,7.17592,7.17592,0.0,1.0,1
27570,30.05.2024 15:53:43.330000,-358.429,-398.639,5.7393,5.696,5.679,84.0148,3.68219,3.64093,11.7818,10.485,779.625,782.765,6.45939,5.65842,0.164762,0.558012,5.67898,7.18316,7.18316,0.0,1.0,1
27571,30.05.2024 15:53:43.340000,-359.418,-398.639,5.74446,5.696,5.678,83.9774,3.68498,3.64323,11.9432,10.7731,779.55,782.73,6.42686,5.48933,0.0488372,0.520903,5.67898,6.53936,6.53936,0.0,1.0,1
27572,30.05.2024 15:53:43.350000,-368.152,-407.95,5.74446,5.688,5.665,84.0452,3.68435,3.64696,11.9432,10.7731,779.55,782.73,6.42686,5.48933,0.0488372,0.520903,5.67958,6.53936,6.53936,0.0,1.0,1
27573,30.05.2024 15:53:43.360000,-368.152,-407.95,5.72743,5.688,5.665,84.0452,3.68367,3.6505,13.4663,11.8624,779.545,782.705,6.17592,5.69576,0.311986,0.620154,5.68002,6.53936,6.53936,0.0,1.0,1
27574,30.05.2024 15:53:43.370000,-363.208,-395.508,5.71359,5.674,5.662,84.0449,3.68243,3.65132,13.4663,11.8624,779.545,782.705,6.17592,5.69576,0.311986,0.620154,5.68002,6.53936,6.53936,0.0,1.0,1
27575,30.05.2024 15:53:43.380000,-357.852,-392.871,5.71359,5.684,5.633,84.0449,3.68053,3.655,12.7395,13.8242,779.545,782.67,6.38316,6.00675,0.336977,0.571337,5.68075,6.43808,6.43808,0.0,1.0,1
27576,30.05.2024 15:53:43.390000,-357.852,-392.871,5.69999,5.684,5.633,84.0539,3.67994,3.65821,13.2336,13.2787,779.515,782.605,6.62682,6.23187,0.314313,0.614392,5.68075,6.39467,6.39467,0.0,1.0,1
27577,30.05.2024 15:53:43.400000,-358.594,-399.051,5.69198,5.66,5.635,84.0436,3.6789,3.65955,13.2336,13.2787,779.515,782.605,6.62682,6.23187,0.314313,0.614392,5.68139,6.39467,6.39467,0.0,1.0,1
27578,30.05.2024 15:53:43.410000,-358.594,-399.051,5.69198,5.66,5.635,84.0436,3.6789,3.65955,13.2336,13.2787,779.515,782.605,6.62682,6.23187,0.314313,0.614392,5.68139,6.39467,6.39467,0.0,1.0,1
27579,30.05.2024 15:53:43.420000,-358.594,-401.935,5.69198,5.653,5.635,84.0436,3.67887,3.65965,14.5866,13.559,779.445,782.485,6.83996,6.34231,0.381223,0.541871,5.68228,6.38743,6.38743,0.0,1.0,1
27580,30.05.2024 15:53:43.430000,-358.594,-401.935,5.69198,5.653,5.635,84.0436,3.67887,3.65965,14.5866,13.559,779.445,782.485,6.83996,6.34231,0.381223,0.541871,5.68228,6.38743,6.38743,0.0,1.0,1
27581,30.05.2024 15:53:43.440000,-364.114,-399.628,5.69198,5.679,5.616,84.0519,3.6813,3.6615,12.5904,12.951,779.395,782.41,6.77424,5.8768,0.366289,0.647582,5.68287,5.89554,5.89554,0.0,1.0,1
27582,30.05.2024 15:53:43.450000,-364.114,-399.628,5.69198,5.679,5.616,84.0519,3.6813,3.6615,12.5904,12.951,779.395,782.41,6.77424,5.8768,0.366289,0.647582,5.68287,5.89554,5.89554,0.0,1.0,1
27583,30.05.2024 15:53:43.460000,-361.478,-402.594,5.69931,5.701,5.608,84.0147,3.68067,3.66793,11.2821,11.6875,779.385,782.365,6.9604,5.91427,0.500597,0.637063,5.68338,6.19213,6.19213,0.0,1.0,1
27584,30.05.2024 15:53:43.470000,-361.478,-402.594,5.69931,5.701,5.608,84.0147,3.68067,3.66793,11.2821,11.6875,779.385,782.365,6.9604,5.91427,0.500597,0.637063,5.68338,6.19213,6.19213,0.0,1.0,1
27585,30.05.2024 15:53:43.480000,-359.17,-396.414,5.69616,5.684,5.603,83.9938,3.67719,3.67054,13.0855,10.3889,779.35,782.33,7.23387,6.19851,0.529005,0.683293,5.68423,5.98235,5.98235,0.0,1.0,1
27586,30.05.2024 15:53:43.490000,-357.11,-408.444,5.69359,5.679,5.623,84.0234,3.68289,3.67071,11.7402,12.4171,779.275,782.25,7.34494,6.41582,0.572916,0.771752,5.68546,6.1849,6.1849,0.0,1.0,1
27587,30.05.2024 15:53:43.500000,-357.11,-408.444,5.69359,5.679,5.623,84.0234,3.68289,3.67071,11.7402,12.4171,779.275,782.25,7.34494,6.41582,0.572916,0.771752,5.68546,6.1849,6.1849,0.0,1.0,1
27588,30.05.2024 15:53:43.510000,-355.875,-408.444,5.70203,5.679,5.623,83.9672,3.68681,3.6692,12.9508,13.2991,779.23,782.19,7.14798,6.44974,0.587068,0.765511,5.68546,6.39467,6.39467,0.0,1.0,1
27589,30.05.2024 15:53:43.520000,-362.466,-403.912,5.69795,5.707,5.62,84.0553,3.69144,3.66853,13.1734,12.9293,779.215,782.13,7.05609,6.39472,0.496675,0.775582,5.68642,6.27893,6.27893,0.0,1.0,1
27590,30.05.2024 15:53:43.530000,-362.466,-403.912,5.69795,5.707,5.62,84.0553,3.69144,3.66853,13.1734,12.9293,779.215,782.13,7.05609,6.39472,0.496675,0.775582,5.68642,6.27893,6.27893,0.0,1.0,1
27591,30.05.2024 15:53:43.540000,-359.912,-404.571,5.71005,5.702,5.613,84.0554,3.68854,3.66852,12.2477,13.6666,779.175,782.105,7.10777,6.49111,0.520299,0.812665,5.68642,6.27893,6.27893,0.0,1.0,1
27592,30.05.2024 15:53:43.550000,-358.346,-399.216,5.72289,5.651,5.608,83.9551,3.68214,3.66851,13.082,12.1613,779.145,782.085,6.95968,6.52207,0.648138,1.00299,5.6866,5.82321,5.82321,0.0,1.0,1
27593,30.05.2024 15:53:43.560000,-362.219,-407.208,5.74212,5.64,5.612,83.9706,3.67457,3.66906,13.082,12.1613,779.145,782.085,6.95968,6.52207,0.648138,1.00299,5.68672,5.82321,5.82321,0.0,1.0,1
27594,30.05.2024 15:53:43.570000,-362.219,-406.137,5.74212,5.67,5.612,83.9706,3.67226,3.67019,12.4007,11.5577,779.12,782.055,6.95165,6.89944,0.776803,1.04907,5.68688,5.98235,5.98235,0.0,1.0,1
27595,30.05.2024 15:53:43.580000,-363.208,-406.137,5.75008,5.67,5.623,83.9654,3.67322,3.66904,12.8087,10.7878,779.115,781.965,6.88358,7.27954,0.941263,1.15185,5.68688,5.98235,5.98235,0.0,1.0,1
27596,30.05.2024 15:53:43.590000,-358.676,-400.122,5.75008,5.72,5.627,83.9986,3.67707,3.66868,12.8087,10.7878,779.115,781.965,6.88358,7.27954,0.941263,1.15185,5.68719,5.98235,5.98235,0.0,1.0,1
27597,30.05.2024 15:53:43.600000,-358.676,-400.122,5.75008,5.72,5.627,83.9986,3.67707,3.66868,12.8087,10.7878,779.115,781.965,6.88358,7.27954,0.941263,1.15185,5.68719,5.98235,5.98235,0.0,1.0,1
27598,30.05.2024 15:53:43.610000,-358.676,-400.122,5.74819,5.72,5.627,83.9986,3.68656,3.66853,12.6776,10.0557,779.1,781.88,7.07431,7.13807,0.983182,1.19031,5.6875,5.83768,5.83768,0.0,1.0,1
27599,30.05.2024 15:53:43.620000,-358.676,-400.122,5.74819,5.72,5.627,83.9986,3.68656,3.66853,12.6776,10.0557,779.1,781.88,7.07431,7.13807,0.983182,1.19031,5.6875,5.83768,5.83768,0.0,1.0,1
