,time,Pinceur Inf Mesure de courant,Pinceur Sup Mesure de courant,Mandrin - Vitesse Actuelle,Pinceur Sup Mesure vitesse lineaire,Pinceur Inf Mesure vitesse lineaire,Mandrin - Mesure Expansion,Pinceur Nord Position entrefer estimee,Pinceur Sud Position entrefer estimee,Pinceur Nord Force entrefer calibree,Pinceur Sud Force entrefer calibree,Guides Nord Entree Position mesuree,Guides Nord Sortie Position mesuree,Guides Nord Entree Force pour regulateur PI,Guides Nord Sortie Force pour regulateur PI,Guides Sud Entree Force pour regulateur PI,Guides Sud Sortie Force pour regulateur PI,Mandrin - Vitesse Actuelle F10,_Excentrage largeur bande jauge bob,_Excentrage largeur bande jauge bob.1,TDB pinceur,Fenetre,Declancheur
33300,30.05.2024 17:45:00.860000,131.424,41.4459,9.75336,10.968,10.69,36.2749,2.88073,2.13428,34.5004,29.104,799.47,800.37,5.2348,6.73925,0.554211,-0.28623,9.20566,5.40365,5.40365,1.0,1.0,1
33301,30.05.2024 17:45:00.870000,131.424,41.4459,9.7561,10.968,10.69,36.2749,2.98064,2.06706,34.5004,29.104,799.47,800.37,5.2348,6.73925,0.554211,-0.28623,9.20461,5.86661,5.86661,1.0,1.0,1
33302,30.05.2024 17:45:00.880000,205.334,103.574,9.7515,10.826,10.58,36.3516,2.9086,2.05676,42.2907,17.8872,797.955,798.83,4.1244,4.80831,0.552903,-0.27001,9.20461,5.86661,5.86661,1.0,1.0,1
33303,30.05.2024 17:45:00.890000,233.35,114.285,9.7515,10.777,10.6,36.3516,2.77317,2.05126,40.7551,23.5804,796.715,797.55,2.69944,2.6287,0.4964,-0.183317,9.20429,8.10186,8.10186,1.0,1.0,1
33304,30.05.2024 17:45:00.900000,233.35,114.285,9.7515,10.777,10.6,36.3516,2.77317,2.05126,40.7551,23.5804,796.715,797.55,2.69944,2.6287,0.4964,-0.183317,9.20429,8.10186,8.10186,1.0,1.0,1
33305,30.05.2024 17:45:00.910000,233.35,114.285,9.75838,10.777,10.6,36.3721,2.61133,2.05007,26.4468,26.9553,795.68,796.49,1.73995,0.730575,0.57774,-0.174481,9.20429,10.6843,10.6843,1.0,1.0,1
33306,30.05.2024 17:45:00.920000,250.983,166.278,9.75497,10.761,10.546,36.2744,2.16927,2.07445,15.1718,23.9814,794.725,795.565,1.38859,0.0185331,0.622796,-0.174567,9.20319,12.5579,12.5579,1.0,1.0,1
33307,30.05.2024 17:45:00.930000,293.747,166.278,9.75593,10.761,10.466,36.2386,2.06298,2.07264,15.1718,23.9814,794.725,795.565,1.38859,0.0185331,0.622796,-0.174567,9.20319,12.5579,12.5579,1.0,1.0,1
33308,30.05.2024 17:45:00.940000,293.747,166.278,9.75593,10.761,10.466,36.2386,2.06298,2.07264,15.1718,23.9814,794.725,795.565,1.38859,0.0185331,0.622796,-0.174567,9.20319,12.5579,12.5579,1.0,1.0,1
33309,30.05.2024 17:45:00.950000,347.635,219.012,9.75593,10.606,10.385,36.2072,2.01324,2.07038,3.78142,15.6804,793.775,794.645,1.22946,0.533803,0.542966,-0.0852606,9.20347,15.1548,15.1548,1.0,1.0,1
33310,30.05.2024 17:45:00.960000,400.699,305.2,9.75498,10.483,10.277,36.2211,2.23039,2.00952,1.21785,22.7659,792.765,793.655,1.64811,1.80044,0.695325,-0.253443,9.20304,15.1476,15.1476,1.0,1.0,1
33311,30.05.2024 17:45:00.970000,400.699,305.2,9.75498,10.483,10.277,36.2211,2.23039,2.00952,1.21785,22.7659,792.765,793.655,1.64811,1.80044,0.695325,-0.253443,9.20304,15.1476,15.1476,1.0,1.0,1
33312,30.05.2024 17:45:00.980000,456.07,354.227,9.75498,10.492,10.182,36.2211,2.39199,1.98801,14.9139,23.3197,791.78,792.495,2.16359,3.50864,0.669381,-0.25231,9.20383,17.8096,17.8096,1.0,1.0,1
33313,30.05.2024 17:45:00.990000,513.006,359.994,9.7491,10.53,10.075,36.2356,2.7255,1.93331,26.7124,15.7837,790.715,791.275,3.71891,4.92632,0.550816,-0.338106,9.20361,17.8096,17.8096,1.0,1.0,1
33314,30.05.2024 17:45:01.000000,456.07,354.227,9.75498,10.492,10.182,36.2211,2.39199,1.98801,26.7124,15.7837,790.715,791.275,2.16359,3.50864,0.669381,-0.25231,9.20383,17.8096,17.8096,1.0,1.0,1
33315,30.05.2024 17:45:01.010000,609.906,410.669,9.75156,10.4,9.94,36.2209,2.68764,1.98212,33.5221,11.1222,789.435,789.955,2.16359,3.50864,0.669381,-0.25231,9.20453,22.526,22.526,1.0,1.0,1
33316,30.05.2024 17:45:01.020000,648.797,501.141,9.75156,10.271,9.887,36.2416,2.61625,1.9988,32.0337,18.5957,788.085,788.455,6.3169,7.28206,0.620343,-0.322977,9.20491,22.526,22.526,1.0,1.0,1
33317,30.05.2024 17:45:01.030000,648.797,501.141,9.75156,10.271,9.887,36.2416,2.61625,1.9988,32.0337,18.5957,788.085,788.455,6.3169,7.28206,0.620343,-0.322977,9.20491,22.526,22.526,1.0,1.0,1
33318,30.05.2024 17:45:01.040000,648.797,501.141,9.7446,10.271,9.887,36.2416,2.40928,2.00773,25.2741,22.6458,786.64,786.96,6.78803,7.0837,0.501439,-0.313143,9.20558,23.5532,23.5532,1.0,1.0,1
33319,30.05.2024 17:45:01.050000,705.569,548.108,9.73607,10.292,9.878,36.2688,2.25876,2.01409,16.4866,16.6762,785.155,785.425,6.72146,6.68774,0.742749,-0.32716,9.20658,23.5532,23.5532,1.0,1.0,1
33320,30.05.2024 17:45:01.060000,705.569,548.108,9.74449,10.292,9.878,36.2543,2.22315,2.01239,16.4866,16.6762,785.155,785.425,6.72146,6.68774,0.742749,-0.32716,9.20658,28.5807,28.5807,1.0,1.0,1
33321,30.05.2024 17:45:01.070000,714.551,576.123,9.74729,10.221,9.874,36.2151,2.24506,2.0086,12.31,14.5815,783.66,784.08,6.44916,6.16015,0.902115,-0.326794,9.20635,28.5807,28.5807,1.0,1.0,1
33322,30.05.2024 17:45:01.080000,714.551,649.457,9.74729,10.127,9.874,36.2151,2.29603,1.99622,12.31,14.5815,783.66,784.08,6.0939,5.60167,0.805802,-0.377241,9.20738,33.5793,33.5793,1.0,1.0,1
33323,30.05.2024 17:45:01.090000,705.569,649.457,9.73773,10.127,9.814,36.196,2.35579,1.9789,15.7959,23.1034,782.205,782.32,6.0939,5.60167,0.805802,-0.377241,9.20738,33.5793,33.5793,1.0,1.0,1
33324,30.05.2024 17:45:01.100000,721.142,691.15,9.73773,10.084,9.769,36.1556,2.42347,1.96384,19.9647,17.5797,780.75,780.865,6.30609,5.15026,0.823933,-0.320896,9.20729,33.5793,33.5793,1.0,1.0,1
33325,30.05.2024 17:45:01.110000,721.142,691.15,9.73773,10.084,9.769,36.1556,2.42347,1.96384,19.9647,17.5797,780.75,780.865,6.30609,5.15026,0.823933,-0.320896,9.20729,33.5793,33.5793,1.0,1.0,1
33326,30.05.2024 17:45:01.120000,721.142,691.15,9.74876,10.084,9.769,36.1556,2.50831,1.95567,25.827,12.6706,779.225,779.4,6.76269,5.51974,0.912621,-0.217873,9.20735,29.9045,29.9045,1.0,1.0,1
33327,30.05.2024 17:45:01.130000,721.142,691.15,9.74876,10.084,9.769,36.1556,2.50831,1.95567,25.827,12.6706,779.225,779.4,6.76269,5.51974,0.912621,-0.217873,9.20735,29.9045,29.9045,1.0,1.0,1
33328,30.05.2024 17:45:01.140000,701.202,707.217,9.73588,10.082,9.697,36.1538,2.51369,1.96583,26.9681,19.0904,777.68,777.85,7.39016,6.16224,0.594063,-0.244835,9.20775,29.9045,29.9045,1.0,1.0,1
33329,30.05.2024 17:45:01.150000,701.202,707.217,9.73588,10.082,9.697,36.1538,2.51369,1.96583,26.9681,19.0904,777.68,777.85,7.39016,6.16224,0.594063,-0.244835,9.20775,29.9045,29.9045,1.0,1.0,1
33330,30.05.2024 17:45:01.160000,700.79,707.135,9.73676,9.948,9.655,36.2323,2.36178,1.97515,25.1168,16.9765,776.05,776.225,7.85353,6.65437,0.489346,-0.174437,9.20683,29.2245,29.2245,1.0,1.0,1
33331,30.05.2024 17:45:01.170000,693.127,698.071,9.7396,9.96,9.63,36.2341,2.2227,1.97927,20.0539,14.0241,774.39,774.635,7.8916,6.77923,0.464169,-0.271034,9.20674,33.9627,33.9627,1.0,1.0,1
33332,30.05.2024 17:45:01.180000,690.738,714.963,9.7396,9.976,9.622,36.2993,2.16124,1.98157,13.7587,16.0677,772.7,772.965,7.68578,6.98236,0.347222,-0.287787,9.20675,33.9627,33.9627,1.0,1.0,1
33333,30.05.2024 17:45:01.190000,690.738,714.963,9.7396,9.976,9.622,36.2993,2.16124,1.98157,13.7587,16.0677,772.7,772.965,7.68578,6.98236,0.347222,-0.287787,9.20675,33.9627,33.9627,1.0,1.0,1
33334,30.05.2024 17:45:01.200000,690.738,714.963,9.74673,9.976,9.622,36.2993,2.10291,1.98602,10.4468,19.9787,770.99,771.33,7.13091,7.00552,0.375603,-0.264826,9.20672,40.1837,40.1837,1.0,1.0,1
33335,30.05.2024 17:45:01.210000,692.056,705.157,9.74461,9.844,9.609,36.4054,2.13544,1.98989,11.176,18.7605,769.3,769.655,6.53445,7.00187,0.436539,-0.225823,9.20701,43.2436,43.2436,1.0,1.0,1
33336,30.05.2024 17:45:01.220000,692.056,705.157,9.74185,9.844,9.609,36.3613,2.17803,1.99342,11.176,18.7605,769.3,769.655,6.53445,7.00187,0.436539,-0.225823,9.20701,44.5023,44.5023,1.0,1.0,1
33337,30.05.2024 17:45:01.230000,692.056,705.157,9.74185,9.844,9.609,36.3613,2.17803,1.99342,11.176,18.7605,769.3,769.655,6.53445,7.00187,0.436539,-0.225823,9.20701,44.5023,44.5023,1.0,1.0,1
33338,30.05.2024 17:45:01.240000,691.15,695.682,9.73528,9.804,9.549,36.3098,2.26954,2.00617,13.8468,17.0825,767.63,767.99,6.01749,6.81358,0.405003,-0.233019,9.20691,42.3394,42.3394,1.0,1.0,1
33339,30.05.2024 17:45:01.250000,697.412,700.708,9.74415,9.831,9.544,36.283,2.33045,2.03094,16.7157,21.3504,765.96,766.35,5.57399,6.7616,0.489667,-0.158949,9.20718,42.3394,42.3394,1.0,1.0,1
33340,30.05.2024 17:45:01.260000,695.599,702.438,9.74415,9.787,9.465,36.189,2.33893,2.03931,19.4356,22.3126,764.285,764.73,5.42456,6.7776,0.485585,-0.140925,9.20733,42.3611,42.3611,1.0,1.0,1
33341,30.05.2024 17:45:01.270000,695.599,702.438,9.75149,9.787,9.465,36.189,2.32145,2.04368,19.4356,22.3126,764.285,764.73,5.42456,6.7776,0.485585,-0.140925,9.20757,40.748,40.748,1.0,1.0,1
33342,30.05.2024 17:45:01.280000,702.685,697.659,9.74613,9.725,9.414,36.446,2.29436,2.04411,20.6508,22.4587,762.595,763.03,5.31214,6.96975,0.626961,-0.0837023,9.20757,40.748,40.748,1.0,1.0,1
33343,30.05.2024 17:45:01.290000,703.015,690.326,9.74613,9.702,9.411,36.446,2.25661,2.04346,19.2973,22.4268,760.91,761.4,5.34092,7.08872,0.583489,-0.0728991,9.2079,40.748,40.748,1.0,1.0,1
33344,30.05.2024 17:45:01.300000,703.015,690.326,9.75896,9.702,9.411,36.4476,2.21764,2.04007,19.2973,22.4268,760.91,761.4,5.34092,7.08872,0.583489,-0.0728991,9.2079,41.9994,41.9994,1.0,1.0,1
33345,30.05.2024 17:45:01.310000,703.015,690.326,9.75896,9.702,9.411,36.4476,2.21764,2.04007,19.2973,22.4268,760.91,761.4,5.34092,7.08872,0.583489,-0.0728991,9.2079,41.9994,41.9994,1.0,1.0,1
33346,30.05.2024 17:45:01.320000,692.962,689.584,9.75858,9.722,9.398,36.3696,2.13982,2.0304,14.9329,20.8495,759.23,759.795,5.49348,7.21106,0.615166,-0.12888,9.20832,41.9994,41.9994,1.0,1.0,1
33347,30.05.2024 17:45:01.330000,692.962,689.584,9.75858,9.722,9.398,36.3696,2.13982,2.0304,14.9329,20.8495,759.23,759.795,5.49348,7.21106,0.615166,-0.12888,9.20832,41.9994,41.9994,1.0,1.0,1
33348,30.05.2024 17:45:01.340000,695.682,691.397,9.76167,9.718,9.362,36.3753,2.11283,2.0223,13.1848,23.0137,757.595,758.235,5.63196,7.819,0.740597,-0.0893023,9.20873,43.0628,43.0628,1.0,1.0,1
33349,30.05.2024 17:45:01.350000,696.835,692.55,9.7782,9.658,9.355,36.2631,2.18146,2.01859,11.2369,21.9995,755.925,756.585,6.05959,8.77656,0.672669,-0.109263,9.21005,43.2726,43.2726,1.0,1.0,1
33350,30.05.2024 17:45:01.360000,698.401,684.97,9.77245,9.631,9.331,36.1765,2.22365,2.01961,12.9259,20.6542,754.305,754.92,6.45663,9.28426,0.689793,-0.0705149,9.21005,43.2726,43.2726,1.0,1.0,1
33351,30.05.2024 17:45:01.370000,687.359,689.419,9.77245,9.636,9.336,36.1765,2.26058,2.0209,16.8887,22.2553,752.655,753.225,7.23735,9.46768,0.6377,-0.140852,9.21167,43.316,43.316,1.0,1.0,1
33352,30.05.2024 17:45:01.380000,687.359,689.419,9.78048,9.636,9.336,36.2323,2.29541,2.02185,16.8887,22.2553,752.655,753.225,7.23735,9.46768,0.6377,-0.140852,9.21167,43.316,43.316,1.0,1.0,1
33353,30.05.2024 17:45:01.390000,687.359,689.419,9.78048,9.636,9.336,36.2323,2.29541,2.02185,16.8887,22.2553,752.655,753.225,7.23735,9.46768,0.6377,-0.140852,9.21167,43.316,43.316,1.0,1.0,1
33354,30.05.2024 17:45:01.400000,697.741,692.715,9.76677,9.555,9.306,36.2518,2.35401,2.02026,21.3406,22.5822,751.01,751.495,7.71357,9.37094,0.666455,-0.139538,9.21133,42.3105,42.3105,1.0,1.0,1
33355,30.05.2024 17:45:01.410000,698.648,694.94,9.76081,9.47,9.31,36.2053,2.35957,2.01859,24.1825,20.941,749.45,749.865,8.22694,9.18291,0.643517,0.0381429,9.21167,42.3105,42.3105,1.0,1.0,1
33356,30.05.2024 17:45:01.420000,690.49,692.056,9.76081,9.461,9.278,36.1463,2.34334,2.01381,23.7381,19.8672,747.91,748.3,9.23046,9.25411,0.605912,0.410009,9.21227,41.3701,41.3701,1.0,1.0,1
33357,30.05.2024 17:45:01.430000,690.49,692.056,9.76679,9.461,9.278,36.1463,2.27096,1.99691,23.7381,19.8672,747.91,748.3,9.23046,9.25411,0.605912,0.410009,9.21198,41.3701,41.3701,1.0,1.0,1
33358,30.05.2024 17:45:01.440000,690.49,692.056,9.76679,9.461,9.278,36.1463,2.27096,1.99691,23.7381,19.8672,747.91,748.3,9.23046,9.25411,0.605912,0.410009,9.21198,41.3701,41.3701,1.0,1.0,1
33359,30.05.2024 17:45:01.450000,663.135,701.202,9.77635,9.414,9.265,36.1257,2.22318,1.99221,20.5935,18.3906,746.325,746.745,10.4316,9.86392,1.1997,1.35911,9.21198,40.1259,40.1259,1.0,1.0,1
33360,30.05.2024 17:45:01.460000,663.135,701.202,9.77635,9.414,9.265,36.1257,2.22318,1.99221,20.5935,18.3906,746.325,746.745,10.4316,9.86392,1.1997,1.35911,9.21198,40.1259,40.1259,1.0,1.0,1
33361,30.05.2024 17:45:01.470000,631.906,695.846,9.78309,9.384,9.317,36.1814,2.13811,1.97431,16.5844,16.7276,744.81,745.17,11.5424,10.7818,2.07639,3.64342,9.21244,40.1114,40.1114,1.0,1.0,1
33362,30.05.2024 17:45:01.480000,595.321,657.449,9.78219,9.348,9.372,36.1585,2.07555,1.94872,10.6278,13.6905,743.65,743.485,5.89572,-2.84702,3.79255,8.41186,9.21354,37.9702,37.9702,1.0,1.0,1
33363,30.05.2024 17:45:01.490000,552.475,657.449,9.77134,9.348,9.315,36.1604,2.07405,1.94384,10.6278,13.6905,743.65,743.485,5.89572,-2.84702,3.79255,8.41186,9.21354,37.9702,37.9702,1.0,1.0,1
33364,30.05.2024 17:45:01.500000,550.332,616.992,9.77134,9.368,9.371,36.1818,2.07746,1.93897,10.0247,13.7531,743.5,744.135,6.52535,-3.98049,6.12975,10.0812,9.21397,35.5686,35.5686,1.0,1.0,1
33365,30.05.2024 17:45:01.510000,550.332,616.992,9.74833,9.368,9.371,36.1818,2.10586,1.94231,10.0247,13.7531,743.5,744.135,6.52535,-3.98049,6.12975,10.0812,9.21415,32.9933,32.9933,1.0,1.0,1
33366,30.05.2024 17:45:01.520000,539.786,600.183,9.75452,9.366,9.362,36.1803,2.12011,1.94857,10.3172,14.8098,743.82,744.445,4.8968,0.710714,7.99998,11.7018,9.21415,32.9933,32.9933,1.0,1.0,1
33367,30.05.2024 17:45:01.530000,549.673,599.606,9.75452,9.364,9.345,36.1803,2.13935,1.95078,13.2639,17.3832,743.995,744.17,7.00756,2.00609,8.72737,12.7607,9.2152,30.042,30.042,1.0,1.0,1
33368,30.05.2024 17:45:01.540000,549.673,599.606,9.76433,9.364,9.345,36.1504,2.15381,1.95299,13.2639,17.3832,743.995,744.17,7.00756,2.00609,8.72737,12.7607,9.2152,26.8301,26.8301,1.0,1.0,1
33369,30.05.2024 17:45:01.550000,545.553,607.352,9.75902,9.39,9.271,36.1697,2.1615,1.96477,13.5422,16.0973,744.015,744.34,8.53173,1.9819,8.55474,13.3614,9.21568,26.8301,26.8301,1.0,1.0,1
33370,30.05.2024 17:45:01.560000,545.553,603.726,9.75902,9.424,9.271,36.1697,2.15772,1.96548,13.5422,16.0973,744.015,744.34,10.157,3.77681,7.85002,13.3108,9.21613,26.7795,26.7795,1.0,1.0,1
33371,30.05.2024 17:45:01.570000,546.789,603.726,9.73655,9.424,9.295,36.182,2.14374,1.96365,14.8958,16.213,744.035,744.415,10.157,3.77681,7.85002,13.3108,9.21613,26.7795,26.7795,1.0,1.0,1
33372,30.05.2024 17:45:01.580000,546.789,603.726,9.73655,9.424,9.295,36.182,2.14374,1.96365,14.8958,16.213,744.035,744.415,10.157,3.77681,7.85002,13.3108,9.21613,26.7795,26.7795,1.0,1.0,1
33373,30.05.2024 17:45:01.590000,550.415,614.685,9.73655,9.376,9.337,36.1828,2.1323,1.96308,14.7733,16.9094,743.905,744.165,10.9588,5.26118,7.06895,12.8698,9.21727,23.8643,23.8643,1.0,1.0,1
33374,30.05.2024 17:45:01.600000,553.381,597.629,9.73128,9.332,9.286,36.2107,2.11715,1.96211,12.7935,17.1258,743.92,743.845,10.6853,4.30539,6.50092,12.6387,9.21775,22.0414,22.0414,1.0,1.0,1
33375,30.05.2024 17:45:01.610000,542.917,605.786,9.73128,9.355,9.271,36.2107,2.12366,1.95862,13.5187,18.7414,743.91,743.81,10.6404,2.21706,6.3925,12.5869,9.2186,22.0414,22.0414,1.0,1.0,1
33376,30.05.2024 17:45:01.620000,542.917,605.786,9.75302,9.355,9.271,36.1687,2.12304,1.95848,13.5187,18.7414,743.91,743.81,10.6404,2.21706,6.3925,12.5869,9.2186,20.8261,20.8261,1.0,1.0,1
33377,30.05.2024 17:45:01.630000,544.482,605.374,9.75705,9.348,9.28,36.1626,2.14002,1.9608,14.4654,15.2219,743.96,743.91,10.1683,1.49087,6.43811,12.7977,9.2193,20.8261,20.8261,1.0,1.0,1
33378,30.05.2024 17:45:01.640000,544.482,608.423,9.75705,9.38,9.28,36.1626,2.13889,1.95638,14.4654,15.2219,743.96,743.91,10.3974,1.84687,6.34715,12.7544,9.2198,20.6163,20.6163,1.0,1.0,1
33379,30.05.2024 17:45:01.650000,545.636,608.423,9.73501,9.38,9.308,36.2502,2.1383,1.95174,14.9143,15.5963,744.0,743.995,10.3974,1.84687,6.34715,12.7544,9.2198,20.6163,20.6163,1.0,1.0,1
33380,30.05.2024 17:45:01.660000,561.456,609.247,9.73501,9.401,9.313,36.0669,2.13286,1.94877,15.8518,17.2635,743.93,743.93,10.2543,2.49595,6.82012,12.6622,9.22164,20.6163,20.6163,1.0,1.0,1
33381,30.05.2024 17:45:01.670000,561.456,609.247,9.73501,9.401,9.313,36.0669,2.13286,1.94877,15.8518,17.2635,743.93,743.93,10.2543,2.49595,6.82012,12.6622,9.22164,20.6163,20.6163,1.0,1.0,1
33382,30.05.2024 17:45:01.680000,561.456,609.247,9.71207,9.401,9.313,36.0669,2.12039,1.9491,13.6057,17.2368,743.97,743.89,9.7158,2.68539,6.96645,12.2602,9.22186,20.6163,20.6163,1.0,1.0,1
33383,30.05.2024 17:45:01.690000,554.617,606.857,9.72841,9.348,9.366,36.0571,2.10451,1.94215,15.0076,17.0384,744.055,743.82,9.38792,2.71264,6.94696,12.1844,9.22262,20.5006,20.5006,1.0,1.0,1
33384,30.05.2024 17:45:01.700000,554.617,606.857,9.70289,9.348,9.366,36.1268,2.09698,1.93542,15.0076,17.0384,744.055,743.82,9.38792,2.71264,6.94696,12.1844,9.22262,20.3414,20.3414,1.0,1.0,1
33385,30.05.2024 17:45:01.710000,557.336,606.445,9.67599,9.339,9.328,36.0886,2.08794,1.93193,13.5843,16.6959,744.145,743.725,9.44141,2.63812,7.09855,12.1185,9.22329,20.3414,20.3414,1.0,1.0,1
33386,30.05.2024 17:45:01.720000,557.336,606.445,9.67599,9.339,9.328,36.0886,2.08794,1.93193,13.5843,16.6959,744.145,743.725,9.44141,2.63812,7.09855,12.1185,9.22329,20.3414,20.3414,1.0,1.0,1
33387,30.05.2024 17:45:01.730000,557.336,607.269,9.67599,9.352,9.328,36.0886,2.09334,1.9284,12.7805,14.414,744.195,743.61,9.72629,2.36994,6.70855,12.0232,9.22414,20.3414,20.3414,1.0,1.0,1
33388,30.05.2024 17:45:01.740000,548.685,605.621,9.67231,9.363,9.354,36.5584,2.09779,1.92123,15.1137,15.1685,744.24,743.64,9.98616,1.56623,5.91852,11.9439,9.22493,20.7827,20.7827,1.0,1.0,1
33389,30.05.2024 17:45:01.750000,548.685,605.621,9.67021,9.363,9.354,36.5584,2.1135,1.91087,15.1137,15.1685,744.24,743.64,9.98616,1.56623,5.91852,11.9439,9.22546,20.7827,20.7827,1.0,1.0,1
33390,30.05.2024 17:45:01.760000,560.55,608.999,9.63395,9.307,9.369,36.5015,2.11727,1.90651,14.0872,13.7815,744.29,743.72,10.1436,1.87093,5.93037,11.9472,9.22546,20.7827,20.7827,1.0,1.0,1
33391,30.05.2024 17:45:01.770000,548.025,605.786,9.63395,9.29,9.376,36.5015,2.12027,1.9079,15.5289,13.5893,744.305,743.665,10.2269,3.02875,5.91388,11.8711,9.22571,20.7682,20.7682,1.0,1.0,1
33392,30.05.2024 17:45:01.780000,548.025,605.786,9.61288,9.29,9.376,36.473,2.1194,1.91081,15.5289,13.5893,744.305,743.665,10.2269,3.02875,5.91388,11.8711,9.22571,20.3921,20.3921,1.0,1.0,1
33393,30.05.2024 17:45:01.790000,562.527,604.22,9.60901,9.36,9.375,36.3615,2.10915,1.90605,15.036,13.1444,744.34,743.505,9.97751,3.14003,6.37792,11.8636,9.22669,20.3921,20.3921,1.0,1.0,1
33394,30.05.2024 17:45:01.800000,562.527,604.22,9.60901,9.36,9.375,36.3615,2.10915,1.90605,15.036,13.1444,744.34,743.505,9.97751,3.14003,6.37792,11.8636,9.22669,20.3921,20.3921,1.0,1.0,1
33395,30.05.2024 17:45:01.810000,562.527,609.659,9.60901,9.412,9.375,36.3615,2.10146,1.9042,14.6046,15.2572,744.41,743.415,9.74875,2.60359,7.25061,11.6939,9.22719,19.7338,19.7338,1.0,1.0,1
33396,30.05.2024 17:45:01.820000,552.64,606.528,9.56784,9.405,9.403,36.3548,2.07185,1.90651,14.0244,13.2063,744.515,743.395,9.47518,2.16091,7.53688,11.7759,9.2279,20.11,20.11,1.0,1.0,1
33397,30.05.2024 17:45:01.830000,552.64,606.528,9.52611,9.405,9.403,36.3548,2.05766,1.90859,14.0244,13.2063,744.515,743.395,9.47518,2.16091,7.53688,11.7759,9.22855,20.2257,20.2257,1.0,1.0,1
33398,30.05.2024 17:45:01.840000,550.662,606.94,9.53392,9.363,9.395,36.372,2.0511,1.90897,12.7572,15.2513,744.59,743.385,9.69838,2.31798,7.73582,11.904,9.22855,20.2257,20.2257,1.0,1.0,1
33399,30.05.2024 17:45:01.850000,557.666,609.906,9.53392,9.392,9.395,36.372,2.05308,1.90686,13.0686,13.972,744.675,743.4,9.65895,2.50723,7.8275,11.9389,9.22933,19.7338,19.7338,1.0,1.0,1
33400,30.05.2024 17:45:01.860000,557.666,609.906,9.52657,9.392,9.395,36.3066,2.05726,1.90651,13.0686,13.972,744.675,743.4,9.65895,2.50723,7.8275,11.9389,9.22933,19.6615,19.6615,1.0,1.0,1
33401,30.05.2024 17:45:01.870000,545.965,612.378,9.50956,9.421,9.368,36.251,2.08382,1.90953,12.4338,13.6353,744.81,743.405,9.82861,2.97066,7.79373,11.9697,9.23045,19.6615,19.6615,1.0,1.0,1
33402,30.05.2024 17:45:01.880000,545.965,613.119,9.50956,9.414,9.368,36.251,2.09529,1.90927,12.4338,13.6353,744.81,743.405,10.1541,3.63016,7.45839,12.0339,9.23111,18.9887,18.9887,1.0,1.0,1
33403,30.05.2024 17:45:01.890000,557.666,613.119,9.44366,9.414,9.386,36.2519,2.10448,1.90823,14.5694,16.3426,744.91,743.32,10.1541,3.63016,7.45839,12.0339,9.23111,18.9887,18.9887,1.0,1.0,1
33404,30.05.2024 17:45:01.900000,556.018,609.988,9.44366,9.413,9.398,36.6433,2.10815,1.91037,15.7477,15.1863,744.94,743.215,10.4291,3.7549,7.33005,12.1414,9.23211,18.6053,18.6053,1.0,1.0,1
33405,30.05.2024 17:45:01.910000,556.018,609.988,9.44366,9.413,9.398,36.6433,2.10815,1.91037,15.7477,15.1863,744.94,743.215,10.4291,3.7549,7.33005,12.1414,9.23211,18.6053,18.6053,1.0,1.0,1
33406,30.05.2024 17:45:01.920000,556.018,609.988,9.47979,9.413,9.398,36.6433,2.10251,1.90742,15.2073,14.0807,744.915,743.145,9.97699,3.32257,7.35687,12.2193,9.23365,18.6053,18.6053,1.0,1.0,1
33407,30.05.2024 17:45:01.930000,559.808,594.827,9.49012,9.421,9.364,36.5501,2.07739,1.91049,14.0644,13.245,745.02,743.11,8.92734,3.1538,7.19845,12.2955,9.23431,17.7662,17.7662,1.0,1.0,1
33408,30.05.2024 17:45:01.940000,559.808,594.827,9.49012,9.421,9.364,36.5501,2.07739,1.91049,14.0644,13.245,745.02,743.11,8.92734,3.1538,7.19845,12.2955,9.23431,17.7662,17.7662,1.0,1.0,1
33409,30.05.2024 17:45:01.950000,559.808,594.827,9.44512,9.421,9.364,36.5205,2.07097,1.90861,13.5257,16.6985,745.135,743.125,8.2421,3.0707,7.09576,12.2902,9.23431,17.7662,17.7662,1.0,1.0,1
33410,30.05.2024 17:45:01.960000,559.808,594.827,9.44512,9.421,9.364,36.5205,2.07097,1.90861,13.5257,16.6985,745.135,743.125,8.2421,3.0707,7.09576,12.2902,9.23431,17.7662,17.7662,1.0,1.0,1
33411,30.05.2024 17:45:01.970000,554.123,607.104,9.41973,9.372,9.36,36.5593,2.06798,1.90868,14.0264,15.0037,745.23,743.115,7.5956,3.3606,7.25813,12.3827,9.23581,17.7445,17.7445,1.0,1.0,1
33412,30.05.2024 17:45:01.980000,554.123,607.104,9.41973,9.372,9.36,36.5593,2.06798,1.90868,14.0264,15.0037,745.23,743.115,7.5956,3.3606,7.25813,12.3827,9.23581,17.7445,17.7445,1.0,1.0,1
33413,30.05.2024 17:45:01.990000,553.299,615.921,9.42684,9.359,9.348,36.6529,2.0887,1.89926,13.197,14.3621,745.39,743.07,7.15396,3.69692,6.99455,12.3892,9.23634,16.7028,16.7028,1.0,1.0,1
33414,30.05.2024 17:45:02.000000,556.347,613.449,9.38029,9.363,9.336,36.5956,2.11772,1.89072,15.1135,15.3923,745.51,743.025,7.04646,3.87991,6.67777,12.2965,9.2375,16.7028,16.7028,1.0,1.0,1
33415,30.05.2024 17:45:02.010000,556.347,613.449,9.38029,9.363,9.336,36.5956,2.11772,1.89072,15.1135,15.3923,745.51,743.025,7.04646,3.87991,6.67777,12.2965,9.2375,16.7028,16.7028,1.0,1.0,1
33416,30.05.2024 17:45:02.020000,561.291,612.048,9.38029,9.383,9.334,36.5956,2.12439,1.89063,15.6168,13.5182,745.605,743.015,6.86859,4.08178,6.38251,12.3848,9.23816,16.0735,16.0735,1.0,1.0,1
33417,30.05.2024 17:45:02.030000,561.291,612.048,9.38029,9.383,9.334,36.5956,2.12439,1.89063,15.6168,13.5182,745.605,743.015,6.86859,4.08178,6.38251,12.3848,9.23816,16.0735,16.0735,1.0,1.0,1
33418,30.05.2024 17:45:02.040000,563.846,612.625,9.38436,9.322,9.318,36.4113,2.10643,1.89525,15.411,13.1041,745.66,742.99,6.68844,4.4005,6.05563,12.3444,9.23847,14.6629,14.6629,1.0,1.0,1
33419,30.05.2024 17:45:02.050000,555.359,610.071,9.39231,9.324,9.287,36.3495,2.07603,1.88684,14.7258,13.8236,745.69,742.93,6.18663,4.51611,5.91805,12.2357,9.2393,14.3663,14.3663,1.0,1.0,1
33420,30.05.2024 17:45:02.060000,547.366,612.213,9.39231,9.363,9.353,36.1867,2.05467,1.89465,14.2999,12.0265,745.76,742.92,5.52333,4.47966,5.88485,12.2813,9.24009,14.3663,14.3663,1.0,1.0,1
33421,30.05.2024 17:45:02.070000,547.366,612.213,9.35553,9.363,9.353,36.1867,2.04196,1.90089,14.2999,12.0265,745.76,742.92,5.52333,4.47966,5.88485,12.2813,9.2413,14.3229,14.3229,1.0,1.0,1
33422,30.05.2024 17:45:02.080000,547.366,612.213,9.35553,9.363,9.353,36.1867,2.04196,1.90089,14.2999,12.0265,745.76,742.92,5.52333,4.47966,5.88485,12.2813,9.2413,14.3229,14.3229,1.0,1.0,1
33423,30.05.2024 17:45:02.090000,545.718,610.318,9.32513,9.392,9.274,36.2797,2.04171,1.90275,11.9279,14.5007,745.825,742.875,4.96689,4.77788,5.94347,12.296,9.2413,14.3085,14.3085,1.0,1.0,1
33424,30.05.2024 17:45:02.100000,545.718,610.318,9.32513,9.392,9.274,36.2797,2.04171,1.90275,11.9279,14.5007,745.825,742.875,4.96689,4.77788,5.94347,12.296,9.2413,14.3085,14.3085,1.0,1.0,1
33425,30.05.2024 17:45:02.110000,550.332,608.999,9.32951,9.357,9.306,36.6584,2.06028,1.90106,14.0016,17.2669,745.92,742.825,4.27004,4.63752,5.95697,12.2814,9.24171,14.3085,14.3085,1.0,1.0,1
33426,30.05.2024 17:45:02.120000,548.849,595.569,9.3724,9.333,9.298,37.2219,2.09561,1.9059,15.0964,14.4111,746.06,742.815,4.17537,4.74598,5.93618,12.2943,9.24324,14.6629,14.6629,1.0,1.0,1
33427,30.05.2024 17:45:02.130000,548.849,595.569,9.3724,9.333,9.298,37.2219,2.09561,1.9059,15.0964,14.4111,746.06,742.815,4.17537,4.74598,5.93618,12.2943,9.24324,14.6629,14.6629,1.0,1.0,1
33428,30.05.2024 17:45:02.140000,550.003,595.569,9.34477,9.333,9.319,37.7929,2.10257,1.912,15.0964,14.4111,746.06,742.815,4.17537,4.74598,5.93618,12.2943,9.24324,14.6484,14.6484,1.0,1.0,1
33429,30.05.2024 17:45:02.150000,550.003,595.569,9.34477,9.333,9.319,37.7929,2.10257,1.912,15.0964,14.4111,746.06,742.815,4.17537,4.74598,5.93618,12.2943,9.24324,14.6484,14.6484,1.0,1.0,1
33430,30.05.2024 17:45:02.160000,551.074,590.954,9.3241,9.377,9.279,39.034,2.11144,1.90858,16.4079,16.6961,746.1,742.785,4.02884,4.93071,5.60879,12.3194,9.24449,14.5472,14.5472,1.0,1.0,1
33431,30.05.2024 17:45:02.170000,551.074,590.954,9.3241,9.377,9.279,39.034,2.11144,1.90858,16.4079,16.6961,746.1,742.785,4.02884,4.93071,5.60879,12.3194,9.24449,14.5472,14.5472,1.0,1.0,1
33432,30.05.2024 17:45:02.180000,559.149,590.295,9.32142,9.315,9.258,39.7801,2.08802,1.90187,16.5358,14.447,746.17,742.715,3.37822,4.82631,5.36982,12.4123,9.24505,14.4965,14.4965,1.0,1.0,1
33433,30.05.2024 17:45:02.190000,538.138,581.314,9.35042,9.342,9.308,41.4406,2.05101,1.91019,15.5687,15.98,746.2,742.7,3.31549,4.67953,5.3503,12.161,9.24579,14.4965,14.4965,1.0,1.0,1
33434,30.05.2024 17:45:02.200000,538.138,575.464,9.35042,9.358,9.308,41.4406,2.04941,1.907,15.5687,15.98,746.2,742.7,3.2074,4.69427,5.44972,11.9215,9.24695,14.3953,14.3953,1.0,1.0,1
33435,30.05.2024 17:45:02.210000,537.231,575.464,9.31859,9.358,9.257,42.4378,2.05105,1.9045,14.1313,16.2469,746.265,742.725,3.2074,4.69427,5.44972,11.9215,9.24695,14.3953,14.3953,1.0,1.0,1
33436,30.05.2024 17:45:02.220000,537.231,566.812,9.31859,9.37,9.272,43.3944,2.05744,1.90498,13.1372,17.0895,746.28,742.725,3.46147,5.05136,5.5323,11.6839,9.24679,14.3953,14.3953,1.0,1.0,1
33437,30.05.2024 17:45:02.230000,537.231,566.812,9.31859,9.37,9.272,43.3944,2.05744,1.90498,13.1372,17.0895,746.28,742.725,3.46147,5.05136,5.5323,11.6839,9.24679,14.3953,14.3953,1.0,1.0,1
33438,30.05.2024 17:45:02.240000,537.231,566.812,9.34598,9.37,9.272,43.3944,2.06919,1.89975,14.3596,16.2638,746.285,742.68,3.31261,5.34418,5.62685,11.6061,9.24744,14.2506,14.2506,1.0,1.0,1
33439,30.05.2024 17:45:02.250000,498.34,594.909,9.37228,9.31,9.344,44.4095,2.07633,1.90054,14.4435,14.6792,746.28,742.63,3.35535,5.49956,5.81845,11.3932,9.24808,14.294,14.294,1.0,1.0,1
33440,30.05.2024 17:45:02.260000,498.34,594.909,9.37228,9.31,9.344,44.4095,2.07633,1.90054,14.4435,14.6792,746.28,742.63,3.35535,5.49956,5.81845,11.3932,9.24808,14.294,14.294,1.0,1.0,1
33441,30.05.2024 17:45:02.270000,498.34,594.909,9.33848,9.31,9.344,45.5735,2.08011,1.90675,14.8031,15.2369,746.34,742.575,3.19512,5.42407,5.74719,11.2566,9.24808,13.3753,13.3753,1.0,1.0,1
33442,30.05.2024 17:45:02.280000,498.34,594.909,9.33848,9.31,9.344,45.5735,2.08011,1.90675,14.8031,15.2369,746.34,742.575,3.19512,5.42407,5.74719,11.2566,9.24808,13.3753,13.3753,1.0,1.0,1
33443,30.05.2024 17:45:02.290000,504.602,534.759,9.31083,9.352,9.291,46.7509,2.09142,1.90041,15.9908,16.5002,746.355,742.565,3.50709,5.12916,5.74017,10.8638,9.24948,13.3753,13.3753,1.0,1.0,1
33444,30.05.2024 17:45:02.300000,504.602,534.759,9.31083,9.352,9.291,46.7509,2.09142,1.90041,15.9908,16.5002,746.355,742.565,3.50709,5.12916,5.74017,10.8638,9.24948,13.3753,13.3753,1.0,1.0,1
33445,30.05.2024 17:45:02.310000,517.868,530.887,9.32895,9.356,9.24,49.2903,2.0925,1.89667,14.8362,14.3352,746.355,742.565,3.51893,5.06367,5.9559,10.7395,9.25006,13.5055,13.5055,1.0,1.0,1
33446,30.05.2024 17:45:02.320000,513.418,520.175,9.38066,9.315,9.3,50.5526,2.09357,1.89637,14.5935,13.326,746.395,742.575,3.69149,5.29623,6.06008,10.7102,9.25022,13.2885,13.2885,1.0,1.0,1
33447,30.05.2024 17:45:02.330000,513.418,520.175,9.38066,9.315,9.3,50.5526,2.09357,1.89637,14.5935,13.326,746.395,742.575,3.69149,5.29623,6.06008,10.7102,9.25022,13.2885,13.2885,1.0,1.0,1
33448,30.05.2024 17:45:02.340000,504.849,506.909,9.38066,9.376,9.274,50.5526,2.08987,1.90566,15.6957,14.2322,746.41,742.545,3.93372,5.46322,6.19162,10.5852,9.25124,13.2885,13.2885,1.0,1.0,1
33449,30.05.2024 17:45:02.350000,504.849,506.909,9.38066,9.376,9.274,50.5526,2.08987,1.90566,15.6957,14.2322,746.41,742.545,3.93372,5.46322,6.19162,10.5852,9.25124,13.2885,13.2885,1.0,1.0,1
33450,30.05.2024 17:45:02.360000,507.486,475.516,9.36644,9.411,9.277,52.9533,2.11586,1.90053,15.8419,17.9739,746.415,742.525,4.08678,5.62098,6.57731,10.1563,9.25164,13.0642,13.0642,1.0,1.0,1
33451,30.05.2024 17:45:02.370000,499.988,495.703,9.40297,9.309,9.278,54.0571,2.12124,1.9112,16.9306,14.4311,746.43,742.48,4.1843,5.73098,6.80708,9.90875,9.25237,12.1021,12.1021,1.0,1.0,1
33452,30.05.2024 17:45:02.380000,465.628,510.452,9.40297,9.295,9.314,55.5218,2.11263,1.92217,15.0004,15.8902,746.495,742.445,4.29043,5.66787,6.96634,9.99476,9.25329,12.1021,12.1021,1.0,1.0,1
33453,30.05.2024 17:45:02.390000,465.628,510.452,9.40297,9.295,9.314,55.5218,2.11263,1.92217,15.0004,15.8902,746.495,742.445,4.29043,5.66787,6.96634,9.99476,9.25329,12.1021,12.1021,1.0,1.0,1
33454,30.05.2024 17:45:02.400000,465.628,510.452,9.41422,9.295,9.314,55.5218,2.09408,1.92651,16.5,17.6151,746.59,742.465,4.779,5.37179,7.18274,9.86718,9.25411,12.1021,12.1021,1.0,1.0,1
33455,30.05.2024 17:45:02.410000,465.628,510.452,9.41422,9.295,9.314,55.5218,2.09408,1.92651,16.5,17.6151,746.59,742.465,4.779,5.37179,7.18274,9.86718,9.25411,12.1021,12.1021,1.0,1.0,1
33456,30.05.2024 17:45:02.420000,460.849,441.485,9.35664,9.371,9.281,56.6824,2.07512,1.92874,14.6578,16.4942,746.6,742.485,5.6764,5.59182,7.41878,9.87436,9.25553,11.4945,11.4945,1.0,1.0,1
33457,30.05.2024 17:45:02.430000,460.849,441.485,9.35664,9.371,9.281,56.6824,2.07512,1.92874,14.6578,16.4942,746.6,742.485,5.6764,5.59182,7.41878,9.87436,9.25553,11.4945,11.4945,1.0,1.0,1
33458,30.05.2024 17:45:02.440000,457.471,451.373,9.41249,9.326,9.258,58.8391,2.05581,1.91699,12.8678,13.6339,746.585,742.455,6.2808,5.95244,7.85943,9.99473,9.25587,10.8362,10.8362,1.0,1.0,1
33459,30.05.2024 17:45:02.450000,435.8,473.044,9.43426,9.254,9.302,59.9105,2.04382,1.92151,11.7458,14.8902,746.585,742.425,6.58223,6.06334,8.29667,10.0719,9.25707,9.00607,9.00607,1.0,1.0,1
33460,30.05.2024 17:45:02.460000,435.8,473.044,9.43426,9.254,9.302,59.9105,2.04382,1.92151,11.7458,14.8902,746.585,742.425,6.58223,6.06334,8.29667,10.0719,9.25707,9.00607,9.00607,1.0,1.0,1
33461,30.05.2024 17:45:02.470000,428.384,417.92,9.43426,9.356,9.31,60.8063,2.04275,1.91867,11.1563,15.735,746.6,742.4,6.68874,5.79735,8.46521,10.0418,9.25846,8.13802,8.13802,1.0,1.0,1
33462,30.05.2024 17:45:02.480000,428.384,417.92,9.43426,9.356,9.31,60.8063,2.04275,1.91867,11.1563,15.735,746.6,742.4,6.68874,5.79735,8.46521,10.0418,9.25846,8.13802,8.13802,1.0,1.0,1
33463,30.05.2024 17:45:02.490000,415.777,395.425,9.44934,9.345,9.312,61.9891,2.06024,1.89959,10.8258,15.9151,746.6,742.395,6.71215,5.72081,8.93869,10.216,9.25877,8.13802,8.13802,1.0,1.0,1
33464,30.05.2024 17:45:02.500000,375.238,365.268,9.46602,9.374,9.353,62.9095,2.08192,1.89902,11.9366,11.8042,746.605,742.385,6.5941,5.71454,9.19186,10.3002,9.25974,7.364,7.364,1.0,1.0,1
33465,30.05.2024 17:45:02.510000,374.002,338.077,9.40187,9.366,9.379,64.0806,2.08637,1.9017,13.4246,12.4898,746.675,742.4,6.48749,5.65896,9.17846,10.3902,9.25984,7.364,7.364,1.0,1.0,1
33466,30.05.2024 17:45:02.520000,374.002,313.852,9.40187,9.418,9.379,64.0806,2.08539,1.89861,13.4246,12.4898,746.675,742.4,6.64877,5.82633,9.37752,10.5022,9.26111,6.53936,6.53936,1.0,1.0,1
33467,30.05.2024 17:45:02.530000,344.916,313.852,9.399,9.418,9.346,65.422,2.07323,1.90067,13.039,14.6007,746.71,742.42,6.64877,5.82633,9.37752,10.5022,9.26111,6.53936,6.53936,1.0,1.0,1
33468,30.05.2024 17:45:02.540000,344.916,313.852,9.399,9.418,9.346,65.422,2.07323,1.90067,13.039,14.6007,746.71,742.42,6.64877,5.82633,9.37752,10.5022,9.26111,6.53936,6.53936,1.0,1.0,1
33469,30.05.2024 17:45:02.550000,337.418,288.144,9.399,9.411,9.368,66.6525,2.06633,1.904,11.6655,10.9103,746.715,742.4,6.86833,6.01221,9.39347,10.5459,9.26212,6.53936,6.53936,1.0,1.0,1
33470,30.05.2024 17:45:02.560000,310.474,256.009,9.4713,9.413,9.398,67.8726,2.06116,1.89521,11.8687,12.946,746.715,742.37,6.86581,5.94052,9.14302,10.5899,9.263,5.41087,5.41087,1.0,1.0,1
33471,30.05.2024 17:45:02.570000,294.818,245.544,9.4713,9.38,9.385,67.8726,2.0607,1.89475,11.8518,14.3473,746.7,742.365,6.60081,5.74941,8.98728,10.5916,9.26351,4.60069,4.60069,1.0,1.0,1
33472,30.05.2024 17:45:02.580000,294.818,245.544,9.4146,9.38,9.385,68.7205,2.06707,1.88838,11.8518,14.3473,746.7,742.365,6.60081,5.74941,8.98728,10.5916,9.26351,4.00752,4.00752,1.0,1.0,1
33473,30.05.2024 17:45:02.590000,252.136,221.979,9.43414,9.416,9.453,69.4897,2.07874,1.8795,11.4463,12.1626,746.675,742.36,6.09423,5.69094,8.94818,10.5631,9.26458,4.00752,4.00752,1.0,1.0,1
33474,30.05.2024 17:45:02.600000,252.136,221.979,9.43414,9.416,9.453,69.4897,2.07874,1.8795,11.4463,12.1626,746.675,742.36,6.09423,5.69094,8.94818,10.5631,9.26458,4.00752,4.00752,1.0,1.0,1
33475,30.05.2024 17:45:02.610000,252.136,173.282,9.43414,9.457,9.453,69.4897,2.08665,1.87868,12.5764,9.91743,746.71,742.36,5.13824,5.64329,8.70087,10.7162,9.26549,3.45775,3.45775,1.0,1.0,1
33476,30.05.2024 17:45:02.620000,217.447,154.413,9.48672,9.432,9.39,70.8768,2.10751,1.86981,13.1884,12.4397,746.805,742.38,4.65826,5.52408,8.22684,10.5585,9.26658,3.45775,3.45775,1.0,1.0,1
33477,30.05.2024 17:45:02.630000,217.447,154.413,9.48124,9.432,9.39,70.8768,2.10879,1.86501,13.1884,12.4397,746.805,742.38,4.65826,5.52408,8.22684,10.5585,9.26727,3.06712,3.06712,1.0,1.0,1
33478,30.05.2024 17:45:02.640000,217.035,146.503,9.44046,9.375,9.397,71.5678,2.1045,1.86133,13.4342,9.72171,746.82,742.39,4.57739,5.49892,8.04132,10.4174,9.26727,3.06712,3.06712,1.0,1.0,1
33479,30.05.2024 17:45:02.650000,185.724,163.477,9.44046,9.344,9.394,71.5678,2.08798,1.86423,13.6969,9.69888,746.865,742.37,4.26947,5.52139,7.98008,10.4359,9.26849,2.35099,2.35099,1.0,1.0,1
33480,30.05.2024 17:45:02.660000,185.724,163.477,9.44819,9.344,9.394,72.0429,2.06748,1.86838,13.6969,9.69888,746.865,742.37,4.26947,5.52139,7.98008,10.4359,9.26849,2.35099,2.35099,1.0,1.0,1
33481,30.05.2024 17:45:02.670000,182.428,129.858,9.4892,9.388,9.366,72.5137,2.04323,1.87082,11.0623,9.67334,746.905,742.38,4.22674,5.34755,7.76889,10.2717,9.26978,2.35099,2.35099,1.0,1.0,1
33482,30.05.2024 17:45:02.680000,182.428,102.338,9.4892,9.407,9.366,72.5137,2.03467,1.86951,11.0623,9.67334,746.905,742.38,4.02021,5.44611,7.78688,10.1552,9.27063,2.40163,2.40163,1.0,1.0,1
33483,30.05.2024 17:45:02.690000,167.02,102.338,9.47878,9.407,9.357,72.7839,2.03552,1.87005,10.8503,10.9518,746.875,742.4,4.02021,5.44611,7.78688,10.1552,9.27063,2.40163,2.40163,1.0,1.0,1
33484,30.05.2024 17:45:02.700000,155.319,98.7945,9.47878,9.35,9.344,73.4885,2.03742,1.86926,9.39032,10.1093,746.885,742.4,3.52576,5.51002,7.59496,9.82706,9.27172,2.35099,2.35099,1.0,1.0,1
33485,30.05.2024 17:45:02.710000,155.319,98.7945,9.45031,9.35,9.344,73.4885,2.05111,1.87007,9.39032,10.1093,746.885,742.4,3.52576,5.51002,7.59496,9.82706,9.27287,2.13397,2.13397,1.0,1.0,1
33486,30.05.2024 17:45:02.720000,133.649,93.9331,9.4652,9.363,9.376,73.5697,2.0576,1.87077,10.2346,9.86842,746.925,742.4,3.07668,5.53197,7.41028,9.56063,9.27287,2.13397,2.13397,1.0,1.0,1
33487,30.05.2024 17:45:02.730000,112.72,25.4608,9.4652,9.382,9.389,73.5697,2.06696,1.8699,12.1508,11.8909,746.97,742.425,2.74301,5.46102,7.55754,9.50416,9.2737,2.13397,2.13397,1.0,1.0,1
33488,30.05.2024 17:45:02.740000,112.72,25.4608,9.46475,9.382,9.389,73.6348,2.07315,1.86867,12.1508,11.8909,746.97,742.425,2.74301,5.46102,7.55754,9.50416,9.2737,2.18461,2.18461,1.0,1.0,1
33489,30.05.2024 17:45:02.750000,102.832,-28.2623,9.455,9.393,9.371,73.7239,2.08001,1.86846,11.6818,12.1346,746.975,742.47,2.63707,5.58823,7.35971,9.48322,9.27495,2.18461,2.18461,1.0,1.0,1
33490,30.05.2024 17:45:02.760000,102.832,-61.6333,9.455,9.339,9.371,73.7239,2.07719,1.86918,11.6818,12.1346,746.975,742.47,2.28895,5.92737,7.18482,9.41873,9.27502,2.03993,2.03993,1.0,1.0,1
33491,30.05.2024 17:45:02.770000,89.8956,-61.6333,9.44163,9.339,9.379,73.7577,2.07123,1.87145,12.7132,10.3735,746.985,742.47,2.28895,5.92737,7.18482,9.41873,9.27502,2.03993,2.03993,1.0,1.0,1
33492,30.05.2024 17:45:02.780000,75.3113,-107.446,9.44163,9.377,9.331,73.6534,2.06212,1.87337,13.4406,11.0364,746.995,742.48,2.0848,6.01629,7.14217,9.35735,9.27594,2.03993,2.03993,1.0,1.0,1
33493,30.05.2024 17:45:02.790000,75.3113,-107.446,9.43723,9.377,9.331,73.6534,2.0393,1.87521,13.4406,11.0364,746.995,742.48,2.0848,6.01629,7.14217,9.35735,9.27705,1.88802,1.88802,1.0,1.0,1
33494,30.05.2024 17:45:02.800000,53.1463,-103.491,9.44919,9.357,9.312,73.6775,2.03228,1.87359,10.2027,10.9797,747.0,742.5,1.8354,6.09914,6.94326,9.36988,9.27705,1.88802,1.88802,1.0,1.0,1
33495,30.05.2024 17:45:02.810000,53.1463,-103.491,9.44919,9.357,9.312,73.6775,2.03228,1.87359,10.2027,10.9797,747.0,742.5,1.8354,6.09914,6.94326,9.36988,9.27705,1.88802,1.88802,1.0,1.0,1
33496,30.05.2024 17:45:02.820000,5.52063,-127.304,9.44919,9.374,9.324,73.6775,2.02609,1.87285,10.2663,9.82219,747.015,742.515,1.60781,6.19879,6.87741,9.34835,9.27776,1.93866,1.93866,1.0,1.0,1
33497,30.05.2024 17:45:02.830000,-13.1012,-146.338,9.42063,9.399,9.329,73.8675,2.03598,1.87682,9.82251,9.18925,747.045,742.56,1.43032,6.22478,6.7274,9.18283,9.27798,1.89525,1.89525,1.0,1.0,1
33498,30.05.2024 17:45:02.840000,-13.1012,-203.934,9.42063,9.421,9.329,73.8675,2.04927,1.87742,9.82251,9.18925,747.045,742.56,1.36387,6.38146,6.60762,9.18015,9.2791,1.89525,1.89525,1.0,1.0,1
33499,30.05.2024 17:45:02.850000,-43.2587,-203.934,9.41254,9.421,9.293,73.9891,2.06433,1.87652,9.70453,10.8554,747.03,742.595,1.36387,6.38146,6.60762,9.18015,9.2791,1.89525,1.89525,1.0,1.0,1
33500,30.05.2024 17:45:02.860000,-72.9217,-218.848,9.41254,9.368,9.317,74.0043,2.07932,1.87528,12.4822,11.6293,747.025,742.62,1.18934,6.68111,6.6241,9.22297,9.27992,1.44676,1.44676,0.0,1.0,1
33501,30.05.2024 17:45:02.870000,-72.9217,-218.848,9.41804,9.368,9.317,74.0043,2.09623,1.87602,12.4822,11.6293,747.025,742.62,1.18934,6.68111,6.6241,9.22297,9.28157,1.24421,1.24421,0.0,1.0,1
33502,30.05.2024 17:45:02.880000,-112.308,-285.26,9.41005,9.424,9.336,74.1604,2.09801,1.87512,13.6996,9.66816,747.02,742.63,0.946126,6.86504,6.17969,9.00932,9.28157,1.24421,1.24421,0.0,1.0,1
33503,30.05.2024 17:45:02.890000,-108.682,-311.215,9.41005,9.38,9.306,74.1604,2.09063,1.8758,12.366,9.8121,747.005,742.645,0.694916,6.787,5.99651,8.65683,9.28192,1.35271,1.35271,0.0,1.0,1
33504,30.05.2024 17:45:02.900000,-108.682,-311.215,9.38526,9.38,9.306,74.2505,2.07801,1.87656,12.366,9.8121,747.005,742.645,0.694916,6.787,5.99651,8.65683,9.28192,0.788487,0.788487,0.0,1.0,1
33505,30.05.2024 17:45:02.910000,-137.686,-346.893,9.38286,9.336,9.294,74.338,2.06095,1.8741,10.928,9.68499,747.02,742.665,0.406419,6.6484,5.75658,8.55246,9.28288,0.788487,0.788487,0.0,1.0,1
33506,30.05.2024 17:45:02.920000,-137.686,-322.009,9.38286,9.278,9.294,74.338,2.05267,1.87301,10.928,9.68499,747.02,742.665,0.171155,6.51709,5.35973,8.51857,9.28363,0.802949,0.802949,0.0,1.0,1
33507,30.05.2024 17:45:02.930000,-137.686,-322.009,9.38286,9.278,9.294,74.338,2.05267,1.87301,10.928,9.68499,747.02,742.665,0.171155,6.51709,5.35973,8.51857,9.28363,0.802949,0.802949,0.0,1.0,1
33508,30.05.2024 17:45:02.940000,-139.746,-322.009,9.39582,9.278,9.277,74.402,2.04874,1.8732,10.466,9.73615,747.005,742.66,0.10051,6.27832,5.36754,8.36124,9.28363,0.282124,0.282124,0.0,1.0,1
33509,30.05.2024 17:45:02.950000,-160.593,-336.841,9.40314,9.252,9.303,74.6603,2.05163,1.87199,8.77887,9.22439,747.035,742.695,0.10051,6.27832,5.36754,8.36124,9.2852,0.0651032,0.0651032,0.0,1.0,1
33510,30.05.2024 17:45:02.960000,-170.068,-352.002,9.39564,9.261,9.249,74.6554,2.05349,1.87512,8.98509,9.28606,747.01,742.745,0.00880119,6.06742,5.22534,8.38017,9.2852,0.0651032,0.0651032,0.0,1.0,1
33511,30.05.2024 17:45:02.970000,-170.068,-352.002,9.39564,9.261,9.249,74.6554,2.05349,1.87512,8.98509,9.28606,747.01,742.745,0.00880119,6.06742,5.22534,8.38017,9.2852,0.0651032,0.0651032,0.0,1.0,1
33512,30.05.2024 17:45:02.980000,-208.548,-397.98,9.39564,9.302,9.316,74.6554,2.0586,1.87593,9.87578,8.14436,747.01,742.765,0.00458977,6.04953,5.10615,8.25304,9.2863,-0.238717,-0.238717,0.0,1.0,1
33513,30.05.2024 17:45:02.990000,-208.548,-397.98,9.39564,9.302,9.316,74.6554,2.0586,1.87593,9.87578,8.14436,747.01,742.765,0.00458977,6.04953,5.10615,8.25304,9.2863,-0.238717,-0.238717,0.0,1.0,1
33514,30.05.2024 17:45:03.000000,-237.881,-403.995,9.38117,9.321,9.286,74.5821,2.06621,1.87394,11.0866,8.93097,747.005,742.78,-0.106418,5.85545,5.27966,7.89728,9.2869,-0.593171,-0.593171,0.0,1.0,1
33515,30.05.2024 17:45:03.010000,-275.702,-412.07,9.36954,9.305,9.263,74.5637,2.05394,1.87669,10.3197,9.13866,746.995,742.815,-0.256213,5.39131,5.04242,7.52848,9.28814,-0.593171,-0.593171,0.0,1.0,1
33516,30.05.2024 17:45:03.020000,-298.773,-405.643,9.36954,9.308,9.298,74.599,2.04231,1.87931,9.73374,7.16689,746.975,742.85,-0.346698,5.14823,4.93164,7.34507,9.28805,-0.593171,-0.593171,0.0,1.0,1
33517,30.05.2024 17:45:03.030000,-298.773,-405.643,9.38125,9.308,9.298,74.599,2.02416,1.88659,9.73374,7.16689,746.975,742.85,-0.346698,5.14823,4.93164,7.34507,9.28834,-1.03443,-1.03443,0.0,1.0,1
33518,30.05.2024 17:45:03.040000,-315.5,-404.077,9.37768,9.363,9.261,74.6336,2.02179,1.8875,8.70107,9.25494,746.975,742.865,-0.454589,4.95922,4.78803,7.29583,9.28834,-1.03443,-1.03443,0.0,1.0,1
33519,30.05.2024 17:45:03.050000,-328.271,-400.946,9.37768,9.299,9.267,74.6336,2.02392,1.88683,8.09889,11.2064,746.96,742.93,-0.497073,4.71592,4.52296,7.20303,9.28912,-0.940397,-0.940397,0.0,1.0,1
33520,30.05.2024 17:45:03.060000,-328.271,-400.946,9.37648,9.299,9.267,74.6365,2.02943,1.8894,8.09889,11.2064,746.96,742.93,-0.497073,4.71592,4.52296,7.20303,9.28912,-0.940397,-0.940397,0.0,1.0,1
33521,30.05.2024 17:45:03.070000,-361.23,-406.714,9.37909,9.322,9.292,74.6374,2.04786,1.89593,8.96275,8.83506,746.965,742.96,-0.441207,4.68658,4.54104,7.07479,9.28994,-0.940397,-0.940397,0.0,1.0,1
33522,30.05.2024 17:45:03.080000,-361.23,-401.852,9.37909,9.301,9.292,74.6374,2.05744,1.89703,8.96275,8.83506,746.965,742.96,-0.533672,4.60365,4.45789,6.8878,9.29027,-1.25144,-1.25144,0.0,1.0,1
33523,30.05.2024 17:45:03.090000,-364.197,-401.852,9.38457,9.301,9.298,74.5449,2.06664,1.89833,9.45202,10.1322,746.955,742.965,-0.533672,4.60365,4.45789,6.8878,9.29027,-1.25144,-1.25144,0.0,1.0,1
33524,30.05.2024 17:45:03.100000,-364.197,-401.852,9.38457,9.301,9.298,74.5449,2.06664,1.89833,9.45202,10.1322,746.955,742.965,-0.533672,4.60365,4.45789,6.8878,9.29027,-1.25144,-1.25144,0.0,1.0,1
33525,30.05.2024 17:45:03.110000,-370.953,-398.639,9.38457,9.328,9.297,74.6329,2.07662,1.89875,10.7675,11.822,746.935,743.005,-0.479087,4.37118,4.48114,6.60324,9.29129,-1.28038,-1.28038,0.0,1.0,1
33526,30.05.2024 17:45:03.120000,-370.953,-398.639,9.38457,9.328,9.297,74.6329,2.07662,1.89875,10.7675,11.822,746.935,743.005,-0.479087,4.37118,4.48114,6.60324,9.29129,-1.28038,-1.28038,0.0,1.0,1
33527,30.05.2024 17:45:03.130000,-360.571,-403.335,9.37226,9.332,9.299,74.624,2.09142,1.90457,11.8758,10.6827,746.91,743.04,-0.587215,4.29958,4.4802,6.14455,9.29153,-1.24421,-1.24421,0.0,1.0,1
33528,30.05.2024 17:45:03.140000,-362.549,-394.931,9.37601,9.318,9.294,74.6148,2.07965,1.9079,12.1514,11.3189,746.905,743.06,-0.665603,4.3701,4.54604,5.92477,9.29297,-0.853583,-0.853583,0.0,1.0,1
33529,30.05.2024 17:45:03.150000,-361.972,-399.71,9.38732,9.353,9.262,74.6348,2.06096,1.91144,10.6053,12.3226,746.89,743.095,-0.678104,4.24633,4.31229,5.70115,9.29339,-0.853583,-0.853583,0.0,1.0,1
33530,30.05.2024 17:45:03.160000,-361.972,-399.71,9.38732,9.353,9.262,74.6348,2.06096,1.91144,10.6053,12.3226,746.89,743.095,-0.678104,4.24633,4.31229,5.70115,9.29339,-0.853583,-0.853583,0.0,1.0,1
33531,30.05.2024 17:45:03.170000,-361.972,-393.036,9.38732,9.3,9.262,74.6348,2.05159,1.91288,10.957,12.5499,746.875,743.115,-0.627086,4.38213,4.33828,5.55122,9.29389,-0.853583,-0.853583,0.0,1.0,1
33532,30.05.2024 17:45:03.180000,-361.972,-393.036,9.38732,9.3,9.262,74.6348,2.05159,1.91288,10.957,12.5499,746.875,743.115,-0.627086,4.38213,4.33828,5.55122,9.29389,-0.853583,-0.853583,0.0,1.0,1
33533,30.05.2024 17:45:03.190000,-355.957,-401.358,9.39549,9.263,9.298,74.7335,2.04992,1.90881,10.7126,12.0388,746.85,743.125,-0.608283,4.47001,4.28506,5.50471,9.29512,-0.889756,-0.889756,0.0,1.0,1
33534,30.05.2024 17:45:03.200000,-354.144,-396.908,9.40533,9.279,9.274,74.7626,2.07138,1.91072,9.89313,11.8479,746.835,743.15,-0.600055,4.36836,4.19669,5.36514,9.29628,-0.651047,-0.651047,0.0,1.0,1
33535,30.05.2024 17:45:03.210000,-353.65,-398.227,9.40533,9.325,9.283,74.7626,2.08099,1.91115,11.8896,11.3283,746.825,743.165,-0.602496,4.33878,4.16392,5.34413,9.2969,-0.390626,-0.390626,0.0,1.0,1
33536,30.05.2024 17:45:03.220000,-353.65,-398.227,9.40585,9.325,9.283,74.7438,2.0902,1.90978,11.8896,11.3283,746.825,743.165,-0.602496,4.33878,4.16392,5.34413,9.2969,-0.41233,-0.41233,0.0,1.0,1
33537,30.05.2024 17:45:03.230000,-357.522,-397.32,9.43121,9.322,9.28,74.6761,2.1009,1.90699,13.6351,11.862,746.8,743.175,-0.557159,4.42867,4.22797,5.33639,9.29762,-0.41233,-0.41233,0.0,1.0,1
33538,30.05.2024 17:45:03.240000,-357.522,-397.32,9.43121,9.322,9.28,74.6761,2.1009,1.90699,13.6351,11.862,746.8,743.175,-0.557159,4.42867,4.22797,5.33639,9.29762,-0.41233,-0.41233,0.0,1.0,1
33539,30.05.2024 17:45:03.250000,-357.522,-407.95,9.43121,9.334,9.28,74.6761,2.09941,1.906,12.1988,12.0064,746.785,743.21,-0.500541,4.26595,4.20273,5.17201,9.29841,-0.556998,-0.556998,0.0,1.0,1
33540,30.05.2024 17:45:03.260000,-357.522,-407.95,9.43121,9.334,9.28,74.6761,2.09941,1.906,12.1988,12.0064,746.785,743.21,-0.500541,4.26595,4.20273,5.17201,9.29841,-0.556998,-0.556998,0.0,1.0,1
33541,30.05.2024 17:45:03.270000,-361.23,-393.942,9.42484,9.38,9.34,75.1172,2.07767,1.90727,13.437,14.0345,746.76,743.225,-0.442477,4.39386,4.26944,5.18733,9.30011,-0.448495,-0.448495,0.0,1.0,1
33542,30.05.2024 17:45:03.280000,-354.639,-400.452,9.43737,9.35,9.366,74.9367,2.03948,1.90886,12.2706,12.4402,746.745,743.215,-0.331086,4.35731,4.23714,5.0976,9.30048,-0.209779,-0.209779,0.0,1.0,1
33543,30.05.2024 17:45:03.290000,-351.59,-393.201,9.43737,9.358,9.36,74.9367,2.03403,1.90906,10.1555,12.259,746.72,743.25,-0.365545,4.07927,4.2029,5.06718,9.30043,-0.311054,-0.311054,0.0,1.0,1
33544,30.05.2024 17:45:03.300000,-351.59,-393.201,9.4346,9.358,9.36,74.8225,2.03467,1.90967,10.1555,12.259,746.72,743.25,-0.365545,4.07927,4.2029,5.06718,9.30043,-0.701681,-0.701681,0.0,1.0,1
33545,30.05.2024 17:45:03.310000,-362.219,-399.133,9.4318,9.32,9.349,74.7249,2.04693,1.90975,9.92459,12.5184,746.705,743.28,-0.307037,4.18037,4.29339,5.03019,9.3011,-0.701681,-0.701681,0.0,1.0,1
33546,30.05.2024 17:45:03.320000,-362.219,-396.332,9.4318,9.331,9.349,74.7249,2.05756,1.91044,9.92459,12.5184,746.705,743.28,-0.299419,4.26399,4.20747,5.12327,9.30257,-0.701681,-0.701681,0.0,1.0,1
33547,30.05.2024 17:45:03.330000,-358.264,-396.332,9.43514,9.331,9.356,74.7632,2.07115,1.91161,11.8613,11.3887,746.665,743.29,-0.299419,4.26399,4.20747,5.12327,9.30257,-0.701681,-0.701681,0.0,1.0,1
33548,30.05.2024 17:45:03.340000,-355.792,-397.485,9.43514,9.345,9.364,74.7219,2.08352,1.91157,11.5077,12.2872,746.66,743.285,-0.241929,3.93675,4.13852,5.09538,9.30328,-0.622109,-0.622109,0.0,1.0,1
33549,30.05.2024 17:45:03.350000,-355.792,-397.485,9.45043,9.345,9.364,74.7219,2.102,1.91096,11.5077,12.2872,746.66,743.285,-0.241929,3.93675,4.13852,5.09538,9.30433,-0.622109,-0.622109,0.0,1.0,1
33550,30.05.2024 17:45:03.360000,-355.792,-397.485,9.45043,9.345,9.364,74.7219,2.102,1.91096,11.5077,12.2872,746.66,743.285,-0.241929,3.93675,4.13852,5.09538,9.30433,-0.622109,-0.622109,0.0,1.0,1
33551,30.05.2024 17:45:03.370000,-353.403,-397.403,9.44786,9.34,9.377,74.6266,2.10043,1.91274,13.407,12.0737,746.625,743.315,-0.33402,3.81311,4.24108,5.29656,9.30433,-0.701681,-0.701681,0.0,1.0,1
33552,30.05.2024 17:45:03.380000,-353.403,-397.403,9.44786,9.34,9.377,74.6266,2.10043,1.91274,13.407,12.0737,746.625,743.315,-0.33402,3.81311,4.24108,5.29656,9.30433,-0.701681,-0.701681,0.0,1.0,1
33553,30.05.2024 17:45:03.390000,-359.83,-399.38,9.44315,9.338,9.393,74.6247,2.08778,1.91324,13.2002,10.4213,746.58,743.32,-0.335845,3.88739,4.09934,5.2123,9.30483,-0.846356,-0.846356,0.0,1.0,1
33554,30.05.2024 17:45:03.400000,-353.403,-395.096,9.45315,9.373,9.391,74.6484,2.05264,1.92006,11.4834,12.3974,746.535,743.38,-0.485736,3.7064,4.05731,4.97099,9.30686,-0.846356,-0.846356,0.0,1.0,1
33555,30.05.2024 17:45:03.410000,-360.242,-395.096,9.45279,9.373,9.366,74.678,2.04609,1.91971,11.4834,12.3974,746.535,743.38,-0.485736,3.7064,4.05731,4.97099,9.30686,-0.752315,-0.752315,0.0,1.0,1
33556,30.05.2024 17:45:03.420000,-352.496,-400.287,9.45279,9.372,9.336,74.6961,2.0445,1.92002,10.2583,12.1898,746.52,743.375,-0.507028,3.74513,3.98106,4.95793,9.30769,-0.752315,-0.752315,0.0,1.0,1
33557,30.05.2024 17:45:03.430000,-352.496,-400.287,9.44948,9.372,9.336,74.6961,2.05051,1.92213,10.2583,12.1898,746.52,743.375,-0.507028,3.74513,3.98106,4.95793,9.30844,-0.542536,-0.542536,0.0,1.0,1
33558,30.05.2024 17:45:03.440000,-354.556,-395.013,9.4507,9.359,9.334,74.5951,2.06043,1.92133,10.5808,11.1851,746.49,743.375,-0.45536,3.68443,3.98983,4.9807,9.30844,-0.542536,-0.542536,0.0,1.0,1
33559,30.05.2024 17:45:03.450000,-352.826,-402.759,9.4507,9.305,9.304,74.5951,2.06982,1.92108,10.8938,11.5188,746.46,743.39,-0.392467,3.45813,3.91701,4.88872,9.30979,-0.542536,-0.542536,0.0,1.0,1
33560,30.05.2024 17:45:03.460000,-352.826,-402.759,9.46501,9.305,9.304,74.5689,2.08129,1.92141,10.8938,11.5188,746.46,743.39,-0.392467,3.45813,3.91701,4.88872,9.30979,-0.74508,-0.74508,0.0,1.0,1
33561,30.05.2024 17:45:03.470000,-360.406,-398.474,9.46618,9.338,9.34,74.5888,2.10519,1.91933,12.0511,11.444,746.44,743.4,-0.217975,3.56086,3.94211,4.8619,9.31088,-0.74508,-0.74508,0.0,1.0,1
33562,30.05.2024 17:45:03.480000,-360.406,-398.639,9.46618,9.339,9.34,74.5888,2.10871,1.91894,12.0511,11.444,746.44,743.4,-0.275323,3.3809,3.95519,4.80528,9.31229,-0.63657,-0.63657,0.0,1.0,1
33563,30.05.2024 17:45:03.490000,-356.534,-398.639,9.46959,9.339,9.31,74.5294,2.10315,1.92129,12.8571,10.1055,746.4,743.4,-0.275323,3.3809,3.95519,4.80528,9.31229,-0.63657,-0.63657,0.0,1.0,1
33564,30.05.2024 17:45:03.500000,-358.429,-391.717,9.46959,9.353,9.348,74.5083,2.09386,1.92202,11.8001,9.20759,746.36,743.405,-0.299081,3.40232,4.04781,4.8092,9.3132,-0.904225,-0.904225,0.0,1.0,1
33565,30.05.2024 17:45:03.510000,-358.429,-391.717,9.47415,9.353,9.348,74.5083,2.06856,1.91956,11.8001,9.20759,746.36,743.405,-0.299081,3.40232,4.04781,4.8092,9.31459,-0.60764,-0.60764,0.0,1.0,1
33566,30.05.2024 17:45:03.520000,-347.8,-397.98,9.46629,9.324,9.362,74.4464,2.05358,1.91901,11.1561,10.8473,746.335,743.4,-0.304031,3.179,3.98333,4.82295,9.31459,-0.60764,-0.60764,0.0,1.0,1
33567,30.05.2024 17:45:03.530000,-355.957,-398.639,9.46629,9.336,9.392,74.4464,2.0456,1.91637,10.2057,9.22035,746.3,743.415,-0.277879,2.99566,3.88767,4.81326,9.31527,-0.60764,-0.60764,0.0,1.0,1
33568,30.05.2024 17:45:03.540000,-355.957,-398.639,9.46629,9.336,9.392,74.4464,2.0456,1.91637,10.2057,9.22035,746.3,743.415,-0.277879,2.99566,3.88767,4.81326,9.31527,-0.60764,-0.60764,0.0,1.0,1
33569,30.05.2024 17:45:03.550000,-355.957,-398.639,9.45899,9.336,9.392,74.5154,2.04266,1.91348,8.52613,9.27317,746.265,743.41,-0.295221,2.92853,3.82258,4.77763,9.31527,-0.397861,-0.397861,0.0,1.0,1
33570,30.05.2024 17:45:03.560000,-355.957,-398.639,9.45899,9.336,9.392,74.5154,2.04266,1.91348,8.52613,9.27317,746.265,743.41,-0.295221,2.92853,3.82258,4.77763,9.31527,-0.397861,-0.397861,0.0,1.0,1
33571,30.05.2024 17:45:03.570000,-350.024,-397.156,9.46022,9.336,9.379,74.533,2.0524,1.91528,9.46788,9.65403,746.25,743.42,-0.286788,2.75981,3.73704,4.86378,9.31636,-0.15191,-0.15191,0.0,1.0,1
33572,30.05.2024 17:45:03.580000,-351.178,-400.369,9.45291,9.373,9.383,74.5784,2.07817,1.91408,10.399,11.1604,746.22,743.425,-0.229608,2.81931,3.77173,4.84964,9.31687,-0.491902,-0.491902,0.0,1.0,1
33573,30.05.2024 17:45:03.590000,-351.178,-400.369,9.45876,9.373,9.383,74.5784,2.10059,1.91819,10.399,11.1604,746.22,743.425,-0.229608,2.81931,3.77173,4.84964,9.31794,-0.687212,-0.687212,0.0,1.0,1
33574,30.05.2024 17:45:03.600000,-351.26,-394.437,9.45877,9.396,9.384,74.63,2.10487,1.91954,11.7746,9.66163,746.19,743.425,-0.19851,2.71488,3.62424,4.77276,9.31794,-0.687212,-0.687212,0.0,1.0,1
33575,30.05.2024 17:45:03.610000,-351.26,-394.437,9.45877,9.396,9.384,74.63,2.10487,1.91954,11.7746,9.66163,746.19,743.425,-0.19851,2.71488,3.62424,4.77276,9.31794,-0.687212,-0.687212,0.0,1.0,1
33576,30.05.2024 17:45:03.620000,-354.062,-399.133,9.45877,9.353,9.347,74.63,2.10247,1.91997,12.0556,9.61851,746.155,743.425,-0.0940354,2.49828,3.60571,4.71358,9.31872,-0.600405,-0.600405,0.0,1.0,1
33577,30.05.2024 17:45:03.630000,-354.062,-399.133,9.45877,9.353,9.347,74.63,2.10247,1.91997,12.0556,9.61851,746.155,743.425,-0.0940354,2.49828,3.60571,4.71358,9.31872,-0.600405,-0.600405,0.0,1.0,1
33578,30.05.2024 17:45:03.640000,-354.556,-400.452,9.44425,9.381,9.338,74.6174,2.06298,1.93057,12.1978,10.2773,746.115,743.415,-0.0739167,2.54024,3.60852,4.79676,9.3196,-0.600405,-0.600405,0.0,1.0,1
33579,30.05.2024 17:45:03.650000,-354.474,-395.096,9.45127,9.324,9.369,74.5946,2.04219,1.93003,9.32689,11.3387,746.085,743.42,-0.0273526,2.60792,3.32828,4.72668,9.32038,-0.202551,-0.202551,0.0,1.0,1
33580,30.05.2024 17:45:03.660000,-352.414,-396.084,9.45127,9.411,9.395,74.6226,2.03886,1.92985,9.05406,10.5381,746.04,743.42,-0.021291,2.57774,3.24195,4.68206,9.32127,-0.202551,-0.202551,0.0,1.0,1
33581,30.05.2024 17:45:03.670000,-352.414,-396.084,9.45188,9.411,9.395,74.6226,2.05359,1.92961,9.05406,10.5381,746.04,743.42,-0.021291,2.57774,3.24195,4.68206,9.3224,-0.0651032,-0.0651032,0.0,1.0,1
33582,30.05.2024 17:45:03.680000,-355.463,-400.287,9.45379,9.359,9.369,74.6003,2.06442,1.93099,10.2974,9.32788,746.02,743.43,-0.071378,2.59585,3.23576,4.66158,9.3224,-0.0651032,-0.0651032,0.0,1.0,1
33583,30.05.2024 17:45:03.690000,-351.507,-399.051,9.45379,9.4,9.362,74.6003,2.07785,1.93444,11.0374,9.90184,745.985,743.42,0.0728481,2.67863,3.12314,4.61189,9.32357,-0.0651032,-0.0651032,0.0,1.0,1
33584,30.05.2024 17:45:03.700000,-351.507,-399.051,9.44803,9.4,9.362,74.6066,2.09262,1.93577,11.0374,9.90184,745.985,743.42,0.0728481,2.67863,3.12314,4.61189,9.32357,0.354454,0.354454,0.0,1.0,1
33585,30.05.2024 17:45:03.710000,-359.418,-398.556,9.45829,9.353,9.314,74.6146,2.11532,1.93615,12.7512,8.88754,745.94,743.42,0.0419872,2.78182,3.18206,4.60332,9.32484,0.354454,0.354454,0.0,1.0,1
33586,30.05.2024 17:45:03.720000,-359.418,-400.04,9.45829,9.374,9.314,74.6146,2.11911,1.93854,12.7512,8.88754,745.94,743.42,0.122145,2.86755,3.21455,4.48822,9.32567,0.347219,0.347219,0.0,1.0,1
33587,30.05.2024 17:45:03.730000,-359.418,-400.04,9.45829,9.374,9.314,74.6146,2.11911,1.93854,12.7512,8.88754,745.94,743.42,0.122145,2.86755,3.21455,4.48822,9.32567,0.347219,0.347219,0.0,1.0,1
33588,30.05.2024 17:45:03.740000,-356.204,-400.04,9.45081,9.374,9.333,74.6128,2.11687,1.94135,13.2727,9.90948,745.905,743.425,0.122145,2.86755,3.21455,4.48822,9.32567,0.347219,0.347219,0.0,1.0,1
33589,30.05.2024 17:45:03.750000,-356.204,-400.04,9.45081,9.374,9.333,74.6128,2.11687,1.94135,13.2727,9.90948,745.905,743.425,0.122145,2.86755,3.21455,4.48822,9.32567,0.347219,0.347219,0.0,1.0,1
33590,30.05.2024 17:45:03.760000,-357.275,-398.062,9.45316,9.403,9.316,74.6785,2.071,1.94377,12.7675,10.7631,745.88,743.415,0.126446,2.9415,3.1753,4.52875,9.32801,0.491895,0.491895,0.0,1.0,1
33591,30.05.2024 17:45:03.770000,-357.275,-398.062,9.45316,9.403,9.316,74.6785,2.071,1.94377,12.7675,10.7631,745.88,743.415,0.126446,2.9415,3.1753,4.52875,9.32801,0.491895,0.491895,0.0,1.0,1
33592,30.05.2024 17:45:03.780000,-356.781,-402.182,9.46894,9.401,9.331,74.7141,2.03828,1.94111,10.3104,10.6304,745.8,743.405,0.118779,2.94934,3.3219,4.47593,9.32914,0.882521,0.882521,0.0,1.0,1
33593,30.05.2024 17:45:03.790000,-355.957,-398.886,9.45086,9.39,9.332,74.695,2.03329,1.93011,10.2489,9.3407,745.755,743.375,0.103623,3.03308,3.34027,4.5285,9.33067,0.882521,0.882521,0.0,1.0,1
33594,30.05.2024 17:45:03.800000,-355.957,-398.392,9.45086,9.401,9.332,74.695,2.045,1.92837,10.2489,9.3407,745.755,743.375,0.00393745,2.91448,3.40482,4.58614,9.33094,1.18635,1.18635,0.0,1.0,1
33595,30.05.2024 17:45:03.810000,-355.133,-398.392,9.46159,9.401,9.33,74.6707,2.06274,1.92741,8.7324,9.21124,745.71,743.365,0.00393745,2.91448,3.40482,4.58614,9.33094,1.18635,1.18635,0.0,1.0,1
33596,30.05.2024 17:45:03.820000,-355.133,-398.392,9.46159,9.401,9.33,74.6707,2.06274,1.92741,8.7324,9.21124,745.71,743.365,0.00393745,2.91448,3.40482,4.58614,9.33094,1.18635,1.18635,0.0,1.0,1
33597,30.05.2024 17:45:03.830000,-352.908,-397.897,9.46159,9.405,9.355,74.693,2.08183,1.92729,9.80943,8.4541,745.67,743.355,0.0155418,2.87305,3.36721,4.55857,9.33163,1.33102,1.33102,0.0,1.0,1
33598,30.05.2024 17:45:03.840000,-356.946,-397.568,9.45873,9.362,9.407,74.6553,2.13592,1.92492,13.7766,8.86007,745.645,743.345,-0.038419,2.68332,3.35226,4.58006,9.33181,1.32378,1.32378,0.0,1.0,1
33599,30.05.2024 17:45:03.850000,-351.837,-399.051,9.45873,9.38,9.366,74.6553,2.1411,1.92746,13.5204,8.57273,745.605,743.325,0.0134723,2.65093,3.41871,4.61894,9.33316,1.72164,1.72164,0.0,1.0,1
