,time,Pinceur Inf Mesure de courant,Pinceur Sup Mesure de courant,Mandrin - Vitesse Actuelle,Pinceur Sup Mesure vitesse lineaire,Pinceur Inf Mesure vitesse lineaire,Mandrin - Mesure Expansion,Pinceur Nord Position entrefer estimee,Pinceur Sud Position entrefer estimee,Pinceur Nord Force entrefer calibree,Pinceur Sud Force entrefer calibree,Guides Nord Entree Position mesuree,Guides Nord Sortie Position mesuree,Guides Nord Entree Force pour regulateur PI,Guides Nord Sortie Force pour regulateur PI,Guides Sud Entree Force pour regulateur PI,Guides Sud Sortie Force pour regulateur PI,Mandrin - Vitesse Actuelle F10,_Excentrage largeur bande jauge bob,_Excentrage largeur bande jauge bob.1,TDB pinceur,Fenetre,Declancheur
35400,30.05.2024 18:12:45.710000,81.3263,38.2324,10.6577,12.038,11.825,35.9521,2.60526,2.74327,39.1202,45.5184,816.0,807.51,6.72399,2.93181,1.92184,-2.09754,10.0684,31.5394,31.5394,1.0,1.0,1
35401,30.05.2024 18:12:45.720000,87.5885,91.214,10.6653,11.957,11.71,35.957,2.60526,2.74327,39.1202,45.5184,815.14,806.7,6.7716,3.52295,1.89735,-2.08626,10.0694,32.487,32.487,1.0,1.0,1
35402,30.05.2024 18:12:45.730000,94.9218,91.214,10.6704,11.77,11.71,35.957,2.48783,2.65992,33.6696,43.2346,813.45,805.01,7.17663,4.11684,1.80966,-2.19052,10.0694,32.487,32.487,1.0,1.0,1
35403,30.05.2024 18:12:45.740000,94.9218,101.514,10.6704,11.77,11.66,35.948,2.48783,2.65992,33.6696,43.2346,812.625,804.145,6.99828,4.35831,1.7715,-2.17294,10.0694,33.6806,33.6806,1.0,1.0,1
35404,30.05.2024 18:12:45.750000,108.847,101.514,10.6714,11.698,11.66,35.9589,2.28761,2.48657,30.1667,33.1099,811.765,803.295,6.53837,4.32563,1.98298,-2.0986,10.0699,33.9337,33.9337,1.0,1.0,1
35405,30.05.2024 18:12:45.760000,108.847,152.188,10.6714,11.698,11.533,35.9589,2.15288,2.28883,16.5438,22.3778,810.93,802.435,6.48457,4.31449,1.9983,-2.11291,10.0699,33.9337,33.9337,1.0,1.0,1
35406,30.05.2024 18:12:45.770000,125.738,177.072,10.6693,11.757,11.498,35.9457,2.15288,2.28883,16.5438,22.3778,809.19,800.725,6.2064,3.90291,2.0552,-2.23653,10.0722,34.2882,34.2882,1.0,1.0,1
35407,30.05.2024 18:12:45.780000,155.484,177.072,10.6693,11.786,11.498,35.9576,2.05978,2.10554,14.6841,7.80776,808.345,799.88,5.98098,3.9447,2.12808,-2.31243,10.0722,34.8452,34.8452,1.0,1.0,1
35408,30.05.2024 18:12:45.790000,155.484,156.473,10.6671,11.786,11.437,35.9576,2.05978,2.10554,14.6841,7.80776,807.495,799.005,5.47188,3.71248,2.22279,-2.35706,10.0722,34.8452,34.8452,1.0,1.0,1
35409,30.05.2024 18:12:45.800000,185.724,161.169,10.6662,11.802,11.374,35.9426,2.01927,1.98663,7.33149,-2.24154,806.675,798.185,5.36971,3.17602,2.3028,-2.35197,10.0733,34.8452,34.8452,1.0,1.0,1
35410,30.05.2024 18:12:45.810000,222.308,161.169,10.6639,11.764,11.374,35.9426,2.03915,1.97264,7.62798,-4.28409,804.955,796.535,5.49683,3.22449,2.33866,-2.31911,10.0733,34.8452,34.8452,1.0,1.0,1
35411,30.05.2024 18:12:45.820000,222.308,161.169,10.6639,11.764,11.374,35.9426,2.03915,1.97264,7.62798,-4.28409,804.955,796.535,5.49683,3.22449,2.33866,-2.31911,10.0733,34.8452,34.8452,1.0,1.0,1
35412,30.05.2024 18:12:45.830000,222.308,186.795,10.6639,11.764,11.307,35.9946,2.10751,2.00746,11.5966,-0.935081,804.14,795.685,5.41365,3.50869,2.45557,-2.34128,10.0744,36.0822,36.0822,1.0,1.0,1
35413,30.05.2024 18:12:45.840000,283.035,345.74,10.6666,11.526,11.095,36.0393,2.19388,2.15043,13.1092,4.12865,802.455,793.985,5.42149,3.92108,2.07966,-2.4376,10.0751,36.9936,36.9936,1.0,1.0,1
35414,30.05.2024 18:12:45.850000,328.271,345.74,10.6759,11.515,11.095,36.0393,2.19388,2.15043,13.1092,4.12865,801.59,793.2,5.23052,3.69431,1.91868,-2.38948,10.0762,37.5506,37.5506,1.0,1.0,1
35415,30.05.2024 18:12:45.860000,328.271,345.74,10.6759,11.515,11.095,36.0393,2.19388,2.15043,13.1092,4.12865,801.59,793.2,5.23052,3.69431,1.91868,-2.38948,10.0762,37.5506,37.5506,1.0,1.0,1
35416,30.05.2024 18:12:45.870000,346.234,345.74,10.6759,11.589,11.095,35.951,2.23474,2.26729,20.2222,16.5703,799.925,791.6,5.34572,3.92449,1.8461,-2.36592,10.0762,37.5506,37.5506,1.0,1.0,1
35417,30.05.2024 18:12:45.880000,346.234,345.74,10.6759,11.589,11.095,35.951,2.23474,2.26729,20.2222,16.5703,799.925,791.6,5.34572,3.92449,1.8461,-2.36592,10.0762,37.5506,37.5506,1.0,1.0,1
35418,30.05.2024 18:12:45.890000,360.654,394.849,10.6721,11.557,11.058,35.9203,2.21128,2.38237,17.9398,21.8039,798.235,789.955,5.62994,5.86924,1.94864,-2.26453,10.0776,38.1076,38.1076,1.0,1.0,1
35419,30.05.2024 18:12:45.900000,381.171,407.703,10.6642,11.49,11.074,35.9087,2.19287,2.39023,19.7688,25.2356,795.7,787.355,5.64078,6.24049,2.02226,-2.2764,10.0785,39.048,39.048,1.0,1.0,1
35420,30.05.2024 18:12:45.910000,401.028,407.703,10.6712,11.451,11.074,35.9208,2.1671,2.37033,17.3034,24.2012,794.88,786.5,5.47511,5.67745,2.12407,-2.45563,10.0785,39.048,39.048,1.0,1.0,1
35421,30.05.2024 18:12:45.920000,401.028,441.98,10.6712,11.451,11.071,35.9208,2.16538,2.29976,17.0856,21.9355,794.05,785.575,5.31829,4.71133,2.15586,-2.39732,10.0785,39.048,39.048,1.0,1.0,1
35422,30.05.2024 18:12:45.930000,409.35,439.755,10.6794,11.56,11.077,35.9156,2.16538,2.29976,17.0856,21.9355,792.375,783.91,5.47998,3.54102,2.19816,-2.32854,10.0797,40.5671,40.5671,1.0,1.0,1
35423,30.05.2024 18:12:45.940000,430.939,437.366,10.6794,11.623,11.055,35.9309,2.16067,2.2116,16.8868,14.4074,791.52,783.105,5.60302,3.12364,2.15808,-2.33868,10.0797,41.5726,41.5726,1.0,1.0,1
35424,30.05.2024 18:12:45.950000,430.939,437.366,10.6381,11.623,11.055,35.9309,2.16067,2.2116,16.8868,14.4074,790.72,782.255,5.54657,2.89089,2.17026,-2.37102,10.0797,41.5726,41.5726,1.0,1.0,1
35425,30.05.2024 18:12:45.960000,436.047,467.935,10.6713,11.479,11.084,35.9481,2.15908,2.14354,16.4623,9.76252,789.86,781.43,5.54776,2.98149,2.23498,-2.34908,10.081,43.9236,43.9236,1.0,1.0,1
35426,30.05.2024 18:12:45.970000,452.856,467.935,10.6384,11.47,11.084,35.9481,2.15044,2.09938,16.9457,6.29931,788.195,779.88,5.76767,2.9783,2.27922,-2.35809,10.081,43.9236,43.9236,1.0,1.0,1
35427,30.05.2024 18:12:45.980000,452.856,518.033,10.6384,11.47,11.035,35.9601,2.15044,2.09938,16.9457,6.29931,787.355,779.095,5.40177,3.6821,2.28809,-2.33277,10.081,46.3325,46.3325,1.0,1.0,1
35428,30.05.2024 18:12:45.990000,452.856,518.033,10.6384,11.47,11.035,35.9601,2.15044,2.09938,16.9457,6.29931,787.355,779.095,5.40177,3.6821,2.28809,-2.33277,10.081,46.3325,46.3325,1.0,1.0,1
35429,30.05.2024 18:12:46.000000,458.13,518.033,10.6721,11.528,11.035,35.9764,2.14341,2.0998,15.8192,5.63182,786.555,778.275,5.4754,5.70806,2.26997,-2.46777,10.0821,46.3686,46.3686,1.0,1.0,1
35430,30.05.2024 18:12:46.010000,458.13,518.033,10.6721,11.528,11.035,35.9764,2.14341,2.0998,15.8192,5.63182,786.555,778.275,5.4754,5.70806,2.26997,-2.46777,10.0821,46.3686,46.3686,1.0,1.0,1
35431,30.05.2024 18:12:46.020000,476.504,535.254,10.6514,11.513,11.084,35.9534,2.13575,2.12464,15.5744,6.63346,784.025,775.81,5.27106,6.21021,2.27779,-2.38347,10.0831,50.123,50.123,1.0,1.0,1
35432,30.05.2024 18:12:46.030000,484.167,555.194,10.679,11.434,11.094,35.9746,2.12683,2.19753,14.7945,11.4519,782.37,774.1,5.41323,6.74024,2.35143,-2.50686,10.0839,52.3438,52.3438,1.0,1.0,1
35433,30.05.2024 18:12:46.040000,480.13,583.786,10.6861,11.424,11.149,35.9465,2.12683,2.19753,14.7945,11.4519,781.52,773.27,5.62991,6.47498,2.34172,-2.53963,10.0843,53.8773,53.8773,1.0,1.0,1
35434,30.05.2024 18:12:46.050000,476.999,583.786,10.6844,11.468,11.149,35.9465,2.12528,2.21993,15.5081,13.5754,779.87,771.605,5.56209,6.5903,2.27914,-2.60237,10.0843,53.8773,53.8773,1.0,1.0,1
35435,30.05.2024 18:12:46.060000,476.999,583.786,10.6844,11.468,11.149,35.9465,2.12528,2.21993,15.5081,13.5754,779.87,771.605,5.56209,6.5903,2.27914,-2.60237,10.0843,53.8773,53.8773,1.0,1.0,1
35436,30.05.2024 18:12:46.070000,476.999,599.112,10.6844,11.468,11.182,35.989,2.12922,2.22463,14.6006,15.0928,779.055,770.79,5.30392,6.08543,2.37262,-2.54102,10.0843,56.0113,56.0113,1.0,1.0,1
35437,30.05.2024 18:12:46.080000,476.999,599.112,10.6844,11.468,11.182,35.989,2.12922,2.22463,14.6006,15.0928,779.055,770.79,5.30392,6.08543,2.37262,-2.54102,10.0843,56.0113,56.0113,1.0,1.0,1
35438,30.05.2024 18:12:46.090000,484.497,561.951,10.688,11.56,11.232,36.0268,2.13127,2.2169,16.3936,15.6231,777.36,769.17,5.3681,6.5509,2.13421,-2.66637,10.0856,57.4653,57.4653,1.0,1.0,1
35439,30.05.2024 18:12:46.100000,484.497,561.951,10.688,11.56,11.232,36.0268,2.13127,2.2169,16.3936,15.6231,777.36,769.17,5.3681,6.5509,2.13421,-2.66637,10.0856,57.4653,57.4653,1.0,1.0,1
35440,30.05.2024 18:12:46.110000,495.703,561.951,10.6959,11.519,11.232,36.0065,2.12783,2.20758,15.5802,13.3896,774.845,766.595,4.6689,6.49718,1.91663,-2.59306,10.0862,57.7474,57.7474,1.0,1.0,1
35441,30.05.2024 18:12:46.120000,495.703,561.951,10.6959,11.519,11.232,36.0065,2.12783,2.20758,15.5802,13.3896,774.845,766.595,4.6689,6.49718,1.91663,-2.59306,10.0862,57.7474,57.7474,1.0,1.0,1
35442,30.05.2024 18:12:46.130000,499.246,566.812,10.7058,11.636,11.271,35.9702,2.11868,2.19125,15.4492,13.4345,773.195,764.915,4.32667,4.85906,2.06401,-2.59988,10.0877,60.706,60.706,1.0,1.0,1
35443,30.05.2024 18:12:46.140000,499.246,566.812,10.7058,11.636,11.271,35.9702,2.11868,2.19125,15.4492,13.4345,773.195,764.915,4.32667,4.85906,2.06401,-2.59988,10.0877,60.706,60.706,1.0,1.0,1
35444,30.05.2024 18:12:46.150000,491.089,558.325,10.7076,11.656,11.31,35.9774,2.11347,2.18346,14.364,11.8579,772.31,764.27,-11.0453,-11.5979,2.2676,-2.59659,10.0886,60.706,60.706,1.0,1.0,1
35445,30.05.2024 18:12:46.160000,491.089,558.325,10.7076,11.656,11.31,35.9774,2.11347,2.18346,14.364,11.8579,772.31,764.27,-11.0453,-11.5979,2.2676,-2.59659,10.0886,60.706,60.706,1.0,1.0,1
35446,30.05.2024 18:12:46.170000,491.665,556.1,10.7139,11.592,11.349,35.9773,2.1103,2.17305,14.8239,12.7572,772.76,764.49,-4.56755,-0.0479434,2.13196,-2.55117,10.0895,61.8562,61.8562,1.0,1.0,1
35447,30.05.2024 18:12:46.180000,491.665,556.1,10.7139,11.592,11.349,35.9773,2.1103,2.17305,14.8239,12.7572,772.76,764.49,-4.56755,-0.0479434,2.13196,-2.55117,10.0895,61.8562,61.8562,1.0,1.0,1
35448,30.05.2024 18:12:46.190000,488.699,608.258,10.6844,11.636,11.406,35.9678,2.11162,2.17226,14.5591,11.095,772.225,764.105,-1.58035,-2.2625,2.0513,-1.94475,10.0902,63.7153,63.7153,1.0,1.0,1
35449,30.05.2024 18:12:46.200000,488.699,608.258,10.6844,11.636,11.406,35.9678,2.11162,2.17226,14.5591,11.095,772.225,764.105,-1.58035,-2.2625,2.0513,-1.94475,10.0902,63.7153,63.7153,1.0,1.0,1
35450,30.05.2024 18:12:46.210000,493.231,593.179,10.7566,11.664,11.408,35.9407,2.11682,2.17506,15.2184,11.7978,772.135,763.97,-0.381305,0.537233,2.02624,-0.969087,10.0918,63.7153,63.7153,1.0,1.0,1
35451,30.05.2024 18:12:46.220000,499.411,573.486,10.697,11.598,11.419,35.9869,2.1226,2.18004,15.5947,13.3755,771.84,763.765,0.559561,-0.157999,2.44316,-0.835619,10.0921,63.0859,63.0859,1.0,1.0,1
35452,30.05.2024 18:12:46.230000,497.681,573.486,10.7363,11.619,11.419,35.9421,2.12683,2.18582,15.2699,14.093,771.73,763.685,2.35738,2.57166,2.45062,-0.65579,10.0921,63.2162,63.2162,1.0,1.0,1
35453,30.05.2024 18:12:46.240000,497.681,548.437,10.7363,11.619,11.446,35.9421,2.13002,2.18777,16.352,12.7539,771.69,763.595,2.34473,3.0108,2.36804,-0.647856,10.0921,63.2162,63.2162,1.0,1.0,1
35454,30.05.2024 18:12:46.250000,501.553,501.059,10.7312,11.697,11.477,36.0263,2.13002,2.18777,16.352,12.7539,771.515,763.355,2.76615,2.75343,2.19962,-0.557115,10.0944,63.2162,63.2162,1.0,1.0,1
35455,30.05.2024 18:12:46.260000,495.456,463.238,10.7312,11.735,11.528,35.9402,2.12565,2.1873,16.3644,13.3249,771.4,763.23,3.29096,2.52987,2.02054,-0.642153,10.0944,62.6881,62.6881,1.0,1.0,1
35456,30.05.2024 18:12:46.270000,501.553,463.238,10.7312,11.697,11.528,35.9402,2.12565,2.1873,16.3644,13.3249,771.515,763.355,2.76615,2.75343,2.19962,-0.557115,10.0944,62.6881,62.6881,1.0,1.0,1
35457,30.05.2024 18:12:46.280000,506.003,454.175,10.7532,11.682,11.52,35.8873,2.11812,2.18052,16.3935,14.2009,771.245,763.13,2.26084,0.641939,1.7155,-0.678087,10.096,61.4439,61.4439,1.0,1.0,1
35458,30.05.2024 18:12:46.290000,470.572,454.175,10.7595,11.576,11.52,35.8873,2.11106,2.16776,15.6387,12.5207,771.17,763.07,2.14329,0.801878,1.76614,-0.659895,10.096,61.4439,61.4439,1.0,1.0,1
35459,30.05.2024 18:12:46.300000,470.572,438.437,10.7595,11.576,11.533,35.8661,2.11106,2.16776,15.6387,12.5207,771.08,762.995,1.84177,1.08155,1.81143,-0.633001,10.096,61.4294,61.4294,1.0,1.0,1
35460,30.05.2024 18:12:46.310000,470.572,438.437,10.7595,11.576,11.533,35.8661,2.11106,2.16776,15.6387,12.5207,771.08,762.995,1.84177,1.08155,1.81143,-0.633001,10.096,61.4294,61.4294,1.0,1.0,1
35461,30.05.2024 18:12:46.320000,458.789,438.437,10.755,11.601,11.533,35.8878,2.10516,2.15936,15.6308,11.564,771.015,762.935,1.90475,2.21849,1.80975,-0.63529,10.097,60.6988,60.6988,1.0,1.0,1
35462,30.05.2024 18:12:46.330000,458.789,438.437,10.755,11.601,11.533,35.8878,2.10516,2.15936,15.6308,11.564,771.015,762.935,1.90475,2.21849,1.80975,-0.63529,10.097,60.6988,60.6988,1.0,1.0,1
35463,30.05.2024 18:12:46.340000,459.036,440.744,10.7527,11.693,11.597,35.8912,2.10152,2.1551,15.5555,11.7411,770.805,762.655,0.762278,2.1266,1.77828,-0.623708,10.0991,60.4456,60.4456,1.0,1.0,1
35464,30.05.2024 18:12:46.350000,478.152,455.823,10.7326,11.692,11.631,35.9014,2.0971,2.15733,15.1105,12.1575,770.69,762.51,0.539389,-0.0568831,2.09751,-0.655496,10.1003,60.6771,60.6771,1.0,1.0,1
35465,30.05.2024 18:12:46.360000,469.748,443.793,10.7749,11.61,11.645,35.8866,2.0971,2.15733,15.1105,12.1575,770.66,762.495,0.798287,-0.470471,2.23392,-0.645746,10.1011,60.5396,60.5396,1.0,1.0,1
35466,30.05.2024 18:12:46.370000,469.748,443.793,10.7749,11.61,11.645,35.8866,2.0971,2.15733,15.1105,12.1575,770.66,762.495,0.798287,-0.470471,2.23392,-0.645746,10.1011,60.5396,60.5396,1.0,1.0,1
35467,30.05.2024 18:12:46.380000,469.995,443.793,10.7789,11.71,11.645,35.8866,2.10038,2.15668,14.6704,12.5213,770.56,762.43,1.57976,0.0793111,2.3363,-0.65909,10.1011,61.3571,61.3571,1.0,1.0,1
35468,30.05.2024 18:12:46.390000,469.995,443.793,10.7789,11.71,11.645,35.8866,2.10038,2.15668,14.6704,12.5213,770.56,762.43,1.57976,0.0793111,2.3363,-0.65909,10.1011,61.3571,61.3571,1.0,1.0,1
35469,30.05.2024 18:12:46.400000,461.508,444.205,10.7871,11.702,11.66,35.9473,2.10396,2.15257,16.507,12.3177,770.41,762.35,2.25191,1.67825,2.32644,-0.57403,10.1022,61.3715,61.3715,1.0,1.0,1
35470,30.05.2024 18:12:46.410000,475.68,457.635,10.7568,11.603,11.649,35.9906,2.1059,2.15189,15.896,11.1166,770.235,762.21,2.21853,2.77015,1.9952,-0.488439,10.1043,62.6157,62.6157,1.0,1.0,1
35471,30.05.2024 18:12:46.420000,471.808,457.635,10.7568,11.548,11.649,35.9539,2.10961,2.152,16.1966,12.3567,770.175,762.125,2.18285,3.24936,1.77887,-0.516096,10.1043,62.6157,62.6157,1.0,1.0,1
35472,30.05.2024 18:12:46.430000,471.808,451.291,10.7947,11.548,11.586,35.9539,2.10961,2.152,16.1966,12.3567,770.1,762.05,2.22866,3.56171,1.763,-0.467806,10.1043,62.6157,62.6157,1.0,1.0,1
35473,30.05.2024 18:12:46.440000,467.441,445.358,10.8124,11.528,11.637,36.0251,2.11479,2.15321,16.7658,12.3631,770.035,761.98,2.27378,3.78774,1.56496,-0.554636,10.106,62.7749,62.7749,1.0,1.0,1
35474,30.05.2024 18:12:46.450000,467.441,445.358,10.8124,11.528,11.637,36.0251,2.11479,2.15321,16.7658,12.3631,770.035,761.98,2.27378,3.78774,1.56496,-0.554636,10.106,62.7749,62.7749,1.0,1.0,1
35475,30.05.2024 18:12:46.460000,477.658,445.358,10.8131,11.57,11.637,36.0251,2.11691,2.15261,17.3223,12.2381,769.92,761.83,1.99344,3.23227,1.54648,-0.614507,10.106,63.2668,63.2668,1.0,1.0,1
35476,30.05.2024 18:12:46.470000,477.658,445.358,10.8131,11.57,11.637,36.0251,2.11691,2.15261,17.3223,12.2381,769.92,761.83,1.99344,3.23227,1.54648,-0.614507,10.106,63.2668,63.2668,1.0,1.0,1
35477,30.05.2024 18:12:46.480000,471.313,456.152,10.8172,11.523,11.648,36.0499,2.11618,2.15111,17.4588,12.2966,769.805,761.775,2.22303,3.26399,1.95546,-0.599603,10.1072,63.2668,63.2668,1.0,1.0,1
35478,30.05.2024 18:12:46.490000,471.973,454.175,10.8188,11.55,11.579,36.0313,2.11609,2.14866,17.534,12.5356,769.57,761.575,2.27383,3.9328,2.02283,-0.658911,10.1093,62.6374,62.6374,1.0,1.0,1
35479,30.05.2024 18:12:46.500000,471.973,454.175,10.8188,11.55,11.579,36.0313,2.11609,2.14866,17.534,12.5356,769.57,761.575,2.27383,3.9328,2.02283,-0.658911,10.1093,62.6374,62.6374,1.0,1.0,1
35480,30.05.2024 18:12:46.510000,466.864,442.804,10.8188,11.543,11.571,36.0243,2.11055,2.14588,17.1434,11.925,769.48,761.52,2.3893,3.51754,1.912,-0.689928,10.1093,61.6319,61.6319,1.0,1.0,1
35481,30.05.2024 18:12:46.520000,466.864,442.804,10.8188,11.543,11.571,36.0243,2.11055,2.14588,17.1434,11.925,769.48,761.52,2.3893,3.51754,1.912,-0.689928,10.1093,61.6319,61.6319,1.0,1.0,1
35482,30.05.2024 18:12:46.530000,467.77,435.058,10.7881,11.58,11.576,36.0526,2.10664,2.14219,17.2902,12.5319,769.33,761.42,0.880391,2.39879,1.88667,-0.620477,10.1119,61.0026,61.0026,1.0,1.0,1
35483,30.05.2024 18:12:46.540000,467.77,435.058,10.7881,11.58,11.576,36.0526,2.10664,2.14219,17.2902,12.5319,769.33,761.42,0.880391,2.39879,1.88667,-0.620477,10.1119,61.0026,61.0026,1.0,1.0,1
35484,30.05.2024 18:12:46.550000,468.1,453.598,10.7789,11.519,11.466,36.0394,2.1011,2.13985,16.6713,11.9291,769.185,761.345,0.353356,2.12845,1.87719,-0.588732,10.1127,61.0026,61.0026,1.0,1.0,1
35485,30.05.2024 18:12:46.560000,469.995,462.497,10.7662,11.499,11.404,36.0839,2.10071,2.14059,16.5848,11.3555,769.085,761.29,1.23771,3.5766,1.96641,-0.611158,10.1137,60.4022,60.4022,1.0,1.0,1
35486,30.05.2024 18:12:46.570000,475.268,462.497,10.757,11.505,11.404,36.0839,2.10071,2.14059,16.5848,11.3555,769.025,761.24,1.67646,3.85873,1.9179,-0.606737,10.1153,59.9899,59.9899,1.0,1.0,1
35487,30.05.2024 18:12:46.580000,475.268,462.497,10.757,11.505,11.404,36.0839,2.10071,2.14059,16.5848,11.3555,769.025,761.24,1.67646,3.85873,1.9179,-0.606737,10.1153,59.9899,59.9899,1.0,1.0,1
35488,30.05.2024 18:12:46.590000,472.879,439.837,10.757,11.471,11.344,35.9548,2.09999,2.1404,16.4386,11.748,768.89,761.15,1.87387,4.03523,1.85173,-0.519441,10.1153,59.7295,59.7295,1.0,1.0,1
35489,30.05.2024 18:12:46.600000,466.534,455.493,10.6713,11.555,11.285,35.9225,2.09512,2.14094,15.8037,12.0829,768.735,760.99,2.35694,4.35315,1.83913,-0.574079,10.1178,59.7222,59.7222,1.0,1.0,1
35490,30.05.2024 18:12:46.610000,457.965,455.493,10.7462,11.553,11.285,35.9225,2.08234,2.13443,16.1313,12.298,768.6,760.825,2.21736,3.87689,1.76659,-0.593824,10.1178,59.7222,59.7222,1.0,1.0,1
35491,30.05.2024 18:12:46.620000,457.965,456.811,10.7462,11.553,11.202,35.9507,2.08234,2.13443,16.1313,12.298,768.52,760.82,2.02799,2.7829,1.78011,-0.648882,10.1178,58.7601,58.7601,1.0,1.0,1
35492,30.05.2024 18:12:46.630000,479.223,456.811,10.7467,11.558,11.202,35.8595,2.07558,2.12923,14.5265,9.692,768.445,760.815,1.86339,2.27797,1.78973,-0.543276,10.1191,57.9282,57.9282,1.0,1.0,1
35493,30.05.2024 18:12:46.640000,479.223,449.808,10.7467,11.558,11.176,35.8595,2.07686,2.12792,14.827,10.7216,768.385,760.83,1.40679,2.99476,1.7774,-0.652158,10.1191,57.9282,57.9282,1.0,1.0,1
35494,30.05.2024 18:12:46.650000,471.808,451.62,10.7018,11.582,11.082,35.9077,2.07686,2.12792,14.827,10.7216,768.25,760.81,1.66102,3.73061,1.71059,-0.620477,10.1218,57.1615,57.1615,1.0,1.0,1
35495,30.05.2024 18:12:46.660000,472.137,451.62,10.7018,11.583,11.082,35.971,2.08972,2.12724,14.2906,11.3944,768.175,760.785,1.82446,4.67593,1.54009,-0.618315,10.1218,56.3802,56.3802,1.0,1.0,1
35496,30.05.2024 18:12:46.670000,472.137,451.703,10.6745,11.583,11.025,35.971,2.08972,2.12724,14.2906,11.3944,768.085,760.705,1.46555,5.41708,1.66706,-0.520853,10.1218,56.3802,56.3802,1.0,1.0,1
35497,30.05.2024 18:12:46.680000,463.321,452.197,10.7099,11.434,10.944,35.9202,2.0999,2.1336,15.8635,11.1536,767.985,760.635,1.19521,5.52974,1.75604,-0.410608,10.124,55.3241,55.3241,1.0,1.0,1
35498,30.05.2024 18:12:46.690000,476.422,452.197,10.6256,11.452,10.944,35.9202,2.10638,2.14111,15.7787,11.4285,767.835,760.585,0.723899,5.39266,1.87921,-0.413488,10.124,55.3241,55.3241,1.0,1.0,1
35499,30.05.2024 18:12:46.700000,476.422,448.984,10.6256,11.452,10.826,35.9427,2.10638,2.14111,15.7787,11.4285,767.795,760.565,0.342976,5.68571,1.96689,-0.442957,10.124,55.2951,55.2951,1.0,1.0,1
35500,30.05.2024 18:12:46.710000,465.463,448.984,10.6239,11.518,10.826,36.1662,2.10742,2.14245,16.3103,12.1158,767.76,760.475,0.423318,6.35254,1.96004,-0.470037,10.1251,55.2951,55.2951,1.0,1.0,1
35501,30.05.2024 18:12:46.720000,465.463,447.418,10.6239,11.518,10.748,36.1662,2.11061,2.14048,15.8035,12.4433,767.7,760.44,1.08621,5.98914,1.93288,-0.630155,10.1251,55.2951,55.2951,1.0,1.0,1
35502,30.05.2024 18:12:46.730000,462.25,454.999,10.6132,11.531,10.657,36.629,2.11061,2.14048,15.8035,12.4433,767.575,760.375,1.43118,5.92446,1.66087,-0.634104,10.127,53.5301,53.5301,1.0,1.0,1
35503,30.05.2024 18:12:46.740000,462.25,454.999,10.6132,11.531,10.657,36.629,2.11061,2.14048,15.8035,12.4433,767.575,760.375,1.43118,5.92446,1.66087,-0.634104,10.127,53.5301,53.5301,1.0,1.0,1
35504,30.05.2024 18:12:46.750000,467.605,454.999,10.6132,11.447,10.657,37.3595,2.10603,2.13109,15.6462,11.8272,767.51,760.36,1.20041,5.59807,1.55596,-0.682562,10.127,49.6166,49.6166,1.0,1.0,1
35505,30.05.2024 18:12:46.760000,467.605,454.999,10.6132,11.447,10.657,37.3595,2.10603,2.13109,15.6462,11.8272,767.51,760.36,1.20041,5.59807,1.55596,-0.682562,10.127,49.6166,49.6166,1.0,1.0,1
35506,30.05.2024 18:12:46.770000,470.984,453.763,10.5527,11.403,10.478,38.3156,2.09764,2.12499,15.858,9.97712,767.305,760.345,1.86683,6.00467,1.30688,-0.790483,10.1287,49.6166,49.6166,1.0,1.0,1
35507,30.05.2024 18:12:46.780000,470.984,453.763,10.5527,11.403,10.478,38.3156,2.09764,2.12499,15.858,9.97712,767.305,760.345,1.86683,6.00467,1.30688,-0.790483,10.1287,49.6166,49.6166,1.0,1.0,1
35508,30.05.2024 18:12:46.790000,470.819,454.175,10.5506,11.461,10.316,39.2956,2.08803,2.11788,15.7083,10.2974,767.1,760.25,1.17323,6.79256,1.3435,-0.690481,10.1288,47.4392,47.4392,1.0,1.0,1
35509,30.05.2024 18:12:46.800000,459.86,446.347,10.5191,11.458,10.275,40.3626,2.08965,2.12808,14.2207,11.8712,766.905,760.12,1.15206,6.05442,1.32774,-0.724794,10.1302,45.8333,45.8333,1.0,1.0,1
35510,30.05.2024 18:12:46.810000,461.92,415.53,10.5236,11.472,10.395,41.5737,2.08965,2.12808,14.2207,11.8712,766.795,760.155,0.993712,5.3086,1.36542,-0.599455,10.1307,44.6976,44.6976,1.0,1.0,1
35511,30.05.2024 18:12:46.820000,461.92,415.53,10.5236,11.472,10.395,41.5737,2.08965,2.12808,14.2207,11.8712,766.795,760.155,0.993712,5.3086,1.36542,-0.599455,10.1307,44.6976,44.6976,1.0,1.0,1
35512,30.05.2024 18:12:46.830000,466.699,438.025,10.5236,11.409,10.325,42.8515,2.09212,2.12883,14.0401,11.7868,766.765,760.175,0.866274,5.6641,1.36821,-0.583399,10.1307,44.6976,44.6976,1.0,1.0,1
35513,30.05.2024 18:12:46.840000,466.699,438.025,10.5236,11.409,10.325,42.8515,2.09212,2.12883,14.0401,11.7868,766.765,760.175,0.866274,5.6641,1.36821,-0.583399,10.1307,44.6976,44.6976,1.0,1.0,1
35514,30.05.2024 18:12:46.850000,469.253,411.081,10.4448,11.449,10.261,44.1692,2.08687,2.12832,13.9191,10.5602,766.55,760.1,2.23637,7.39885,1.24307,-0.557523,10.1327,41.7824,41.7824,1.0,1.0,1
35515,30.05.2024 18:12:46.860000,453.021,370.294,10.4244,11.443,10.176,45.4977,2.07883,2.11311,13.4878,11.3901,766.34,760.05,0.834366,6.91649,1.32298,-0.583219,10.1336,41.3122,41.3122,1.0,1.0,1
35516,30.05.2024 18:12:46.870000,467.029,370.294,10.4546,11.418,10.176,46.8763,2.0716,2.10668,12.7154,10.4468,766.285,760.03,1.32481,7.25115,1.68517,-0.529558,10.1336,41.3122,41.3122,1.0,1.0,1
35517,30.05.2024 18:12:46.880000,467.029,370.294,10.4546,11.418,10.176,46.8763,2.0716,2.10668,12.7154,10.4468,766.285,760.03,1.32481,7.25115,1.68517,-0.529558,10.1336,41.3122,41.3122,1.0,1.0,1
35518,30.05.2024 18:12:46.890000,467.029,359.17,10.4546,11.418,10.224,46.8763,2.07157,2.10743,13.5363,10.8623,766.175,760.015,1.62147,7.48335,1.63635,-0.547003,10.1351,40.314,40.314,1.0,1.0,1
35519,30.05.2024 18:12:46.900000,467.029,359.17,10.4546,11.418,10.224,46.8763,2.07157,2.10743,13.5363,10.8623,766.175,760.015,1.62147,7.48335,1.63635,-0.547003,10.1351,40.314,40.314,1.0,1.0,1
35520,30.05.2024 18:12:46.910000,461.261,361.89,10.3965,11.34,10.174,49.68,2.09377,2.11496,12.895,11.5435,765.965,759.94,0.723536,8.22659,1.17539,-0.536157,10.1365,40.3935,40.3935,1.0,1.0,1
35521,30.05.2024 18:12:46.920000,475.021,346.976,10.4258,11.385,10.173,51.0416,2.10681,2.12101,14.7869,11.2845,765.745,759.88,0.854277,7.37611,1.15762,-0.575128,10.1399,38.831,38.831,1.0,1.0,1
35522,30.05.2024 18:12:46.930000,462.25,346.976,10.4104,11.363,10.173,51.0416,2.11986,2.13211,14.6966,10.1486,765.595,759.865,0.0984045,7.15815,1.17306,-0.55229,10.1399,38.831,38.831,1.0,1.0,1
35523,30.05.2024 18:12:46.940000,462.25,337.253,10.4104,11.363,10.192,52.4751,2.11986,2.13211,14.6966,10.1486,765.51,759.865,0.0837408,7.47981,1.23226,-0.585722,10.1399,37.1745,37.1745,1.0,1.0,1
35524,30.05.2024 18:12:46.950000,468.017,337.253,10.3036,11.307,10.192,53.7778,2.11572,2.13488,15.955,13.0618,765.435,759.845,-0.0104841,7.74074,1.68821,-0.483469,10.1407,34.8524,34.8524,1.0,1.0,1
35525,30.05.2024 18:12:46.960000,468.017,336.841,10.3036,11.307,10.197,53.7778,2.11979,2.13412,15.6574,13.4113,765.41,759.815,0.247935,8.10516,1.68041,-0.48644,10.1407,34.8524,34.8524,1.0,1.0,1
35526,30.05.2024 18:12:46.970000,473.291,336.182,10.3484,11.29,10.171,55.2469,2.11979,2.13412,15.6574,13.4113,765.255,759.77,1.03412,7.92694,1.6361,-0.416185,10.1438,32.6968,32.6968,1.0,1.0,1
35527,30.05.2024 18:12:46.980000,468.265,336.182,10.3484,11.372,10.171,56.7169,2.10114,2.12926,14.7213,11.4927,765.135,759.74,1.37061,7.72278,1.55437,-0.460817,10.1438,30.6785,30.6785,1.0,1.0,1
35528,30.05.2024 18:12:46.990000,468.265,288.885,10.4079,11.372,10.112,56.7169,2.10114,2.12926,14.7213,11.4927,765.03,759.67,1.48211,7.7029,1.4368,-0.44903,10.1438,30.6785,30.6785,1.0,1.0,1
35529,30.05.2024 18:12:47.000000,464.886,263.672,10.3304,11.33,10.099,58.1385,2.09063,2.12652,14.3378,11.6285,764.94,759.605,0.752217,6.63206,1.42964,-0.461111,10.1454,30.6641,30.6641,1.0,1.0,1
35530,30.05.2024 18:12:47.010000,463.403,263.672,10.2767,11.274,10.099,58.1385,2.07549,2.11684,12.0389,11.8888,764.79,759.56,0.312373,5.86541,1.36845,-0.492006,10.1454,30.6641,30.6641,1.0,1.0,1
35531,30.05.2024 18:12:47.020000,463.403,265.567,10.2767,11.274,10.061,59.6,2.07549,2.11684,12.0389,11.8888,764.72,759.54,0.250256,5.30633,1.54419,-0.447195,10.1454,28.6603,28.6603,1.0,1.0,1
35532,30.05.2024 18:12:47.030000,471.808,265.567,10.282,11.205,10.061,60.9339,2.07146,2.12246,12.5137,11.2695,764.61,759.53,0.827536,5.07874,1.63842,-0.56682,10.1466,26.8374,26.8374,1.0,1.0,1
35533,30.05.2024 18:12:47.040000,471.808,287.485,10.282,11.205,10.075,60.9339,2.08357,2.13066,11.851,11.7576,764.53,759.485,0.824639,5.07605,1.59424,-0.502126,10.1466,26.8374,26.8374,1.0,1.0,1
35534,30.05.2024 18:12:47.050000,463.898,285.26,10.3237,11.202,10.049,62.1778,2.08357,2.13066,11.851,11.7576,764.42,759.39,0.892157,4.8775,1.53625,-0.488218,10.1478,26.8374,26.8374,1.0,1.0,1
35535,30.05.2024 18:12:47.060000,470.572,285.26,10.3237,11.205,10.049,63.4428,2.10421,2.13672,13.6957,12.4137,764.33,759.365,1.24369,4.03077,1.55988,-0.624868,10.1478,25.0506,25.0506,1.0,1.0,1
35536,30.05.2024 18:12:47.070000,470.572,267.627,10.2923,11.205,10.103,63.4428,2.10421,2.13672,13.6957,12.4137,764.245,759.375,1.78523,3.44152,1.53158,-0.533346,10.1478,25.0506,25.0506,1.0,1.0,1
35537,30.05.2024 18:12:47.080000,463.65,264.496,10.2757,11.132,10.076,64.7126,2.11442,2.14065,13.3238,11.9503,764.16,759.355,2.06418,3.71197,1.42776,-0.552793,10.1487,22.1065,22.1065,1.0,1.0,1
35538,30.05.2024 18:12:47.090000,463.65,264.496,10.2757,11.132,10.076,64.7126,2.11442,2.14065,13.3238,11.9503,764.16,759.355,2.06418,3.71197,1.42776,-0.552793,10.1487,22.1065,22.1065,1.0,1.0,1
35539,30.05.2024 18:12:47.100000,468.924,264.496,10.2941,11.12,10.076,64.7126,2.10061,2.12851,13.6792,11.8323,763.95,759.305,2.24009,4.16105,1.4056,-0.573652,10.1487,22.1065,22.1065,1.0,1.0,1
35540,30.05.2024 18:12:47.110000,450.632,250.653,10.298,11.176,10.065,67.3693,2.09738,2.12166,13.6965,11.4344,763.77,759.205,1.78032,4.19507,1.61869,-0.666342,10.1501,21.1154,21.1154,1.0,1.0,1
35541,30.05.2024 18:12:47.120000,450.632,230.383,10.298,11.176,10.034,67.3693,2.09694,2.11701,12.976,11.025,763.665,759.185,1.787,3.93288,1.88806,-0.586031,10.1501,21.1154,21.1154,1.0,1.0,1
35542,30.05.2024 18:12:47.130000,470.737,196.6,10.2675,11.151,10.093,68.6873,2.09694,2.11701,12.976,11.025,763.515,759.095,1.45333,3.93776,1.98164,-0.534929,10.1515,20.4427,20.4427,1.0,1.0,1
35543,30.05.2024 18:12:47.140000,456.894,196.6,10.2675,11.071,10.093,69.8637,2.10642,2.12429,14.1341,11.9475,763.435,759.045,1.52727,3.97296,1.88832,-0.571649,10.1515,20.4427,20.4427,1.0,1.0,1
35544,30.05.2024 18:12:47.150000,456.894,196.271,10.2719,11.071,10.062,69.8637,2.10642,2.12429,14.1341,11.9475,763.345,759.02,1.14709,3.91899,1.72815,-0.557966,10.1515,20.4427,20.4427,1.0,1.0,1
35545,30.05.2024 18:12:47.160000,467.935,220.084,10.3143,11.019,10.082,71.0746,2.12239,2.14931,13.1263,11.7715,763.27,758.94,1.15836,4.12105,1.51903,-0.477937,10.1531,19.9653,19.9653,1.0,1.0,1
35546,30.05.2024 18:12:47.170000,467.935,220.084,10.3143,11.019,10.082,71.0746,2.12239,2.14931,13.1263,11.7715,763.27,758.94,1.15836,4.12105,1.51903,-0.477937,10.1531,19.9653,19.9653,1.0,1.0,1
35547,30.05.2024 18:12:47.180000,459.695,220.084,10.2999,11.051,10.082,71.0746,2.12794,2.16357,15.2748,12.7918,763.11,758.87,1.23167,4.13487,1.36641,-0.579408,10.1531,19.4878,19.4878,1.0,1.0,1
35548,30.05.2024 18:12:47.190000,467.193,205.005,10.2862,11.04,10.172,73.4941,2.14053,2.17281,15.4104,13.9107,762.96,758.805,1.53704,3.98873,1.30113,-0.69877,10.1536,18.7862,18.7862,1.0,1.0,1
35549,30.05.2024 18:12:47.200000,467.193,183.252,10.2862,11.04,10.139,73.4941,2.13654,2.14887,15.3134,14.1603,762.885,758.75,1.79199,4.01383,1.4162,-0.623441,10.1536,18.7862,18.7862,1.0,1.0,1
35550,30.05.2024 18:12:47.210000,464.639,199.484,10.2957,10.912,10.139,74.645,2.13654,2.14887,15.3134,14.1603,762.71,758.675,1.69623,3.8984,1.51389,-0.577989,10.1553,18.193,18.193,1.0,1.0,1
35551,30.05.2024 18:12:47.220000,458.047,203.604,10.2957,10.906,10.186,75.7725,2.13045,2.13629,14.5966,11.5703,762.645,758.645,1.52387,4.14834,1.48666,-0.577352,10.1553,18.2219,18.2219,1.0,1.0,1
35552,30.05.2024 18:12:47.230000,458.047,203.604,10.2938,10.906,10.186,75.7725,2.13045,2.13629,14.5966,11.5703,762.545,758.585,1.86984,4.34565,1.43707,-0.566416,10.1553,18.2219,18.2219,1.0,1.0,1
35553,30.05.2024 18:12:47.240000,486.062,177.978,10.3297,10.936,10.174,76.64,2.11573,2.10718,13.9356,9.91593,762.455,758.465,2.6088,4.14511,1.37707,-0.531358,10.158,17.7228,17.7228,1.0,1.0,1
35554,30.05.2024 18:12:47.250000,464.145,177.978,10.2949,10.93,10.174,76.64,2.11183,2.09688,13.7278,9.24208,762.255,758.345,2.35795,3.34934,1.36535,-0.546057,10.158,17.7228,17.7228,1.0,1.0,1
35555,30.05.2024 18:12:47.260000,464.145,152.27,10.2949,10.93,10.117,77.5318,2.11183,2.09688,13.7278,9.24208,762.15,758.31,2.04412,2.36183,1.47809,-0.539125,10.158,17.513,17.513,1.0,1.0,1
35556,30.05.2024 18:12:47.270000,468.841,152.27,10.3161,10.839,10.117,78.2647,2.10854,2.09063,12.7319,8.72395,762.06,758.235,1.4983,2.20174,1.43088,-0.571947,10.1582,17.6577,17.6577,1.0,1.0,1
35557,30.05.2024 18:12:47.280000,468.841,163.394,10.3161,10.839,10.116,78.2647,2.11005,2.12582,12.5883,8.38139,762.005,758.175,1.30823,1.8709,1.4805,-0.588979,10.1582,17.6577,17.6577,1.0,1.0,1
35558,30.05.2024 18:12:47.290000,462.167,172.705,10.3003,10.772,10.154,78.9228,2.11005,2.12582,12.5883,8.38139,761.87,758.135,1.68337,1.34872,1.51696,-0.504934,10.1599,17.2237,17.2237,1.0,1.0,1
35559,30.05.2024 18:12:47.300000,470.737,172.705,10.3003,10.778,10.154,79.509,2.11704,2.13891,13.505,13.2098,761.8,758.11,2.14218,1.41759,1.45406,-0.610288,10.1599,17.173,17.173,1.0,1.0,1
35560,30.05.2024 18:12:47.310000,470.737,172.705,10.3003,10.778,10.154,79.509,2.11704,2.13891,13.505,13.2098,761.8,758.11,2.14218,1.41759,1.45406,-0.610288,10.1599,17.173,17.173,1.0,1.0,1
35561,30.05.2024 18:12:47.320000,470.737,167.432,10.2759,10.778,10.133,79.509,2.12322,2.16725,12.3431,12.4221,761.725,758.055,2.13517,2.02423,1.45465,-0.530569,10.1597,16.9126,16.9126,1.0,1.0,1
35562,30.05.2024 18:12:47.330000,457.471,143.701,10.3384,10.688,10.093,80.1125,2.12151,2.18206,12.4787,13.7686,761.43,757.745,2.96565,2.80552,1.49391,-0.511938,10.1605,16.9126,16.9126,1.0,1.0,1
35563,30.05.2024 18:12:47.340000,457.471,143.701,10.3384,10.688,10.093,80.1125,2.12151,2.18206,12.4787,13.7686,761.43,757.745,2.96565,2.80552,1.49391,-0.511938,10.1605,16.9126,16.9126,1.0,1.0,1
35564,30.05.2024 18:12:47.350000,457.471,154.907,10.3384,10.688,10.136,80.6459,2.12377,2.17557,12.6778,14.1158,761.36,757.67,2.55104,2.3513,1.32158,-0.454302,10.1605,16.9126,16.9126,1.0,1.0,1
35565,30.05.2024 18:12:47.360000,457.471,154.907,10.3384,10.688,10.136,80.6459,2.12377,2.17557,12.6778,14.1158,761.36,757.67,2.55104,2.3513,1.32158,-0.454302,10.1605,16.9126,16.9126,1.0,1.0,1
35566,30.05.2024 18:12:47.370000,451.538,140.405,10.344,10.682,10.124,81.0932,2.13686,2.16051,12.3175,13.8793,761.21,757.535,2.16365,0.785791,1.65284,-0.416757,10.1619,16.3701,16.3701,1.0,1.0,1
35567,30.05.2024 18:12:47.380000,451.538,140.405,10.344,10.682,10.124,81.0932,2.13686,2.16051,12.3175,13.8793,761.21,757.535,2.16365,0.785791,1.65284,-0.416757,10.1619,16.3701,16.3701,1.0,1.0,1
35568,30.05.2024 18:12:47.390000,437.53,140.405,10.3796,10.636,10.124,81.6581,2.12692,2.13706,12.9064,12.457,760.965,757.38,2.74346,0.948135,1.6295,-0.348501,10.1634,15.719,15.719,1.0,1.0,1
35569,30.05.2024 18:12:47.400000,437.53,140.405,10.3796,10.636,10.124,81.6581,2.12692,2.13706,12.9064,12.457,760.965,757.38,2.74346,0.948135,1.6295,-0.348501,10.1634,15.719,15.719,1.0,1.0,1
35570,30.05.2024 18:12:47.410000,425.171,120.63,10.3565,10.588,10.18,81.8425,2.12203,2.11988,11.3167,9.16099,760.81,757.185,2.60616,1.2065,1.46619,-0.441293,10.1652,15.2778,15.2778,1.0,1.0,1
35571,30.05.2024 18:12:47.420000,425.171,120.63,10.3565,10.588,10.18,81.8425,2.12203,2.11988,11.3167,9.16099,760.81,757.185,2.60616,1.2065,1.46619,-0.441293,10.1652,15.2778,15.2778,1.0,1.0,1
35572,30.05.2024 18:12:47.430000,428.467,141.888,10.3712,10.511,10.174,82.021,2.11215,2.11659,13.1908,9.13763,760.57,756.945,2.59063,0.685161,1.59982,-0.360819,10.1664,14.7714,14.7714,1.0,1.0,1
35573,30.05.2024 18:12:47.440000,428.467,141.888,10.3712,10.511,10.174,82.021,2.11215,2.11659,13.1908,9.13763,760.57,756.945,2.59063,0.685161,1.59982,-0.360819,10.1664,14.7714,14.7714,1.0,1.0,1
35574,30.05.2024 18:12:47.450000,412.646,121.454,10.362,10.568,10.179,82.0914,2.13551,2.12869,11.4125,9.74479,760.42,756.835,2.26316,1.4102,1.91405,-0.358732,10.1677,14.7714,14.7714,1.0,1.0,1
35575,30.05.2024 18:12:47.460000,412.646,121.454,10.362,10.568,10.179,82.0914,2.13551,2.12869,11.4125,9.74479,760.42,756.835,2.26316,1.4102,1.91405,-0.358732,10.1677,14.7714,14.7714,1.0,1.0,1
35576,30.05.2024 18:12:47.470000,390.481,109.506,10.3943,10.458,10.159,82.3012,2.14135,2.13536,13.3174,9.89787,760.19,756.515,2.7375,2.11012,1.95752,-0.329756,10.169,14.3085,14.3085,1.0,1.0,1
35577,30.05.2024 18:12:47.480000,390.481,109.506,10.3943,10.458,10.159,82.3012,2.14135,2.13536,13.3174,9.89787,760.19,756.515,2.7375,2.11012,1.95752,-0.329756,10.169,14.3085,14.3085,1.0,1.0,1
35578,30.05.2024 18:12:47.490000,378.287,111.154,10.3968,10.461,10.174,82.4456,2.14858,2.14155,12.9224,11.0973,760.025,756.335,2.75707,1.61157,1.94808,-0.395986,10.1711,14.3085,14.3085,1.0,1.0,1
35579,30.05.2024 18:12:47.500000,379.77,104.233,10.3519,10.422,10.144,82.3889,2.13315,2.14492,13.7189,12.773,759.78,756.07,2.74348,1.79757,1.80313,-0.39797,10.1717,14.3085,14.3085,1.0,1.0,1
35580,30.05.2024 18:12:47.510000,379.77,104.233,10.3519,10.422,10.144,82.3889,2.13315,2.14492,13.7189,12.773,759.78,756.07,2.74348,1.79757,1.80313,-0.39797,10.1717,14.3085,14.3085,1.0,1.0,1
35581,30.05.2024 18:12:47.520000,365.762,104.233,10.4215,10.43,10.144,82.3952,2.12932,2.14187,13.0469,11.1754,759.715,755.99,2.85759,1.77262,1.81963,-0.491174,10.1717,14.5399,14.5399,1.0,1.0,1
35582,30.05.2024 18:12:47.530000,365.762,104.233,10.4215,10.43,10.144,82.3952,2.12932,2.14187,13.0469,11.1754,759.715,755.99,2.85759,1.77262,1.81963,-0.491174,10.1717,14.5399,14.5399,1.0,1.0,1
35583,30.05.2024 18:12:47.540000,366.421,78.6896,10.394,10.434,10.194,82.4557,2.11967,2.14012,11.4072,10.9547,759.475,755.86,2.06686,2.12397,2.00292,-0.501253,10.1735,14.3012,14.3012,1.0,1.0,1
35584,30.05.2024 18:12:47.550000,366.421,78.6896,10.394,10.434,10.194,82.4557,2.11967,2.14012,11.4072,10.9547,759.475,755.86,2.06686,2.12397,2.00292,-0.501253,10.1735,14.3012,14.3012,1.0,1.0,1
35585,30.05.2024 18:12:47.560000,351.507,70.7794,10.4009,10.352,10.154,82.4126,2.1273,2.1336,12.4209,11.1853,759.295,755.625,1.81501,3.79348,1.87345,-0.433897,10.1741,14.3012,14.3012,1.0,1.0,1
35586,30.05.2024 18:12:47.570000,344.339,70.7794,10.4013,10.295,10.154,82.4306,2.12562,2.13191,11.9383,10.8812,759.055,755.29,1.29645,2.781,1.87003,-0.463365,10.1756,13.7008,13.7008,1.0,1.0,1
35587,30.05.2024 18:12:47.580000,344.339,69.1314,10.4013,10.295,10.182,82.4402,2.12562,2.13191,11.9383,10.8812,758.995,755.245,0.843894,1.5272,2.03285,-0.348623,10.1756,13.7008,13.7008,1.0,1.0,1
35588,30.05.2024 18:12:47.590000,320.444,69.1314,10.4276,10.267,10.182,82.5169,2.11375,2.12962,10.7628,12.2903,758.92,755.22,1.54667,2.03903,2.01411,-0.363344,10.1759,13.86,13.86,1.0,1.0,1
35589,30.05.2024 18:12:47.600000,320.444,27.4383,10.4276,10.267,10.166,82.5169,2.09347,2.11961,10.6989,11.0141,758.84,755.165,1.6069,2.52235,1.98464,-0.328638,10.1759,13.86,13.86,1.0,1.0,1
35590,30.05.2024 18:12:47.610000,311.215,0.0,10.3705,10.281,10.177,82.4935,2.09347,2.11961,10.6989,11.0141,758.665,754.98,1.85575,3.2706,1.87954,-0.371637,10.1776,13.5489,13.5489,1.0,1.0,1
35591,30.05.2024 18:12:47.620000,300.915,0.0,10.3705,10.26,10.177,82.4647,2.07215,2.11507,8.65771,8.62893,758.57,754.885,1.91197,3.59238,1.78246,-0.401338,10.1776,13.5561,13.5561,1.0,1.0,1
35592,30.05.2024 18:12:47.630000,300.915,-31.6406,10.3951,10.26,10.157,82.4647,2.07215,2.11507,8.65771,8.62893,758.48,754.815,2.14631,3.34525,1.76864,-0.309911,10.1776,13.5561,13.5561,1.0,1.0,1
35593,30.05.2024 18:12:47.640000,281.552,-37.9028,10.3701,10.245,10.161,82.4546,2.06888,2.11153,9.0291,10.3092,758.39,754.765,2.18014,3.12398,1.7324,-0.345941,10.1795,13.1438,13.1438,1.0,1.0,1
35594,30.05.2024 18:12:47.650000,281.552,-37.9028,10.3701,10.245,10.161,82.4546,2.06888,2.11153,9.0291,10.3092,758.39,754.765,2.18014,3.12398,1.7324,-0.345941,10.1795,13.1438,13.1438,1.0,1.0,1
35595,30.05.2024 18:12:47.660000,285.342,-37.9028,10.3946,10.166,10.161,82.4546,2.07466,2.11102,8.47723,10.7351,758.19,754.635,2.29981,3.57268,1.72251,-0.422594,10.1795,13.1438,13.1438,1.0,1.0,1
35596,30.05.2024 18:12:47.670000,285.342,-37.9028,10.3946,10.166,10.161,82.4546,2.07466,2.11102,8.47723,10.7351,758.19,754.635,2.29981,3.57268,1.72251,-0.422594,10.1795,13.1438,13.1438,1.0,1.0,1
35597,30.05.2024 18:12:47.680000,266.556,-44.4122,10.401,10.162,10.211,82.4516,2.09619,2.11278,8.66294,9.19364,758.0,754.49,1.74975,3.92094,1.82369,-0.211927,10.1806,12.7532,12.7532,1.0,1.0,1
35598,30.05.2024 18:12:47.690000,266.556,-44.4122,10.401,10.162,10.211,82.4516,2.09619,2.11278,8.66294,9.19364,758.0,754.49,1.74975,3.92094,1.82369,-0.211927,10.1806,12.7532,12.7532,1.0,1.0,1
35599,30.05.2024 18:12:47.700000,254.855,-66.4123,10.3304,10.161,10.184,82.5065,2.11276,2.11439,10.7475,9.46019,757.745,754.23,1.76993,4.37137,2.1862,-0.20334,10.1828,12.4494,12.4494,1.0,1.0,1
35600,30.05.2024 18:12:47.710000,230.218,-64.682,10.3956,10.089,10.172,82.5072,2.14115,2.11294,12.8848,9.9563,757.54,754.055,1.10639,2.9787,2.31858,-0.13859,10.1833,11.8056,11.8056,0.0,1.0,1
35601,30.05.2024 18:12:47.720000,228.406,-44.165,10.3937,10.042,10.15,82.4835,2.14115,2.11294,12.8848,9.9563,757.465,753.98,0.973405,2.61059,2.40981,-0.149378,10.1844,11.2413,11.2413,0.0,1.0,1
35602,30.05.2024 18:12:47.730000,228.406,-44.165,10.3937,10.042,10.15,82.4835,2.14115,2.11294,12.8848,9.9563,757.465,753.98,0.973405,2.61059,2.40981,-0.149378,10.1844,11.2413,11.2413,0.0,1.0,1
35603,30.05.2024 18:12:47.740000,219.507,-44.165,10.3124,9.943,10.15,82.4835,2.13355,2.11433,12.2043,9.43655,757.285,753.825,1.06585,2.44403,2.51572,-0.145155,10.1844,11.2558,11.2558,0.0,1.0,1
35604,30.05.2024 18:12:47.750000,215.552,-34.9365,10.2975,9.894,10.145,82.5026,2.11061,2.11303,11.332,8.68779,757.16,753.665,1.73595,1.79544,2.66661,-0.156996,10.1856,10.2937,10.2937,0.0,1.0,1
35605,30.05.2024 18:12:47.760000,215.552,-13.266,10.2975,9.894,10.127,82.5026,2.10356,2.11233,11.6582,9.4273,757.065,753.575,1.98704,1.4229,2.78546,-0.160028,10.1856,10.2937,10.2937,0.0,1.0,1
35606,30.05.2024 18:12:47.770000,201.791,-36.9141,10.3755,9.918,10.124,82.4797,2.10356,2.11233,11.6582,9.4273,756.875,753.44,2.29682,1.22624,2.85747,-0.190466,10.1854,10.2937,10.2937,0.0,1.0,1
35607,30.05.2024 18:12:47.780000,185.147,-36.9141,10.3755,9.863,10.124,82.4868,2.09574,2.11307,9.75757,10.2941,756.785,753.395,2.35158,1.30712,2.8082,-0.197084,10.1854,9.34607,9.34607,0.0,1.0,1
35608,30.05.2024 18:12:47.790000,185.147,-64.27,10.3823,9.863,10.102,82.4868,2.09574,2.11307,9.75757,10.2941,756.69,753.305,1.95352,1.34118,2.84363,-0.117357,10.1854,9.34607,9.34607,0.0,1.0,1
35609,30.05.2024 18:12:47.800000,173.035,-117.416,10.3018,10.01,10.105,82.4882,2.09017,2.11253,9.53577,9.15242,756.605,753.225,2.55262,2.20819,2.63506,-0.128893,10.1877,8.59375,8.59375,0.0,1.0,1
35610,30.05.2024 18:12:47.810000,173.035,-117.416,10.3018,10.01,10.105,82.4882,2.09017,2.11253,9.53577,9.15242,756.605,753.225,2.55262,2.20819,2.63506,-0.128893,10.1877,8.59375,8.59375,0.0,1.0,1
35611,30.05.2024 18:12:47.820000,149.963,-117.416,10.324,10.145,10.105,82.4882,2.079,2.11238,9.04193,8.6938,756.39,752.98,2.59871,2.50723,2.55477,-0.133032,10.1877,8.13802,8.13802,0.0,1.0,1
35612,30.05.2024 18:12:47.830000,149.963,-117.416,10.324,10.145,10.105,82.4882,2.079,2.11238,9.04193,8.6938,756.39,752.98,2.59871,2.50723,2.55477,-0.133032,10.1877,8.13802,8.13802,0.0,1.0,1
35613,30.05.2024 18:12:47.840000,154.742,-203.027,10.2944,10.268,10.097,82.4452,2.07273,2.11236,8.82417,9.22112,756.225,752.81,1.87708,1.76809,2.46934,-0.136953,10.1883,8.13802,8.13802,0.0,1.0,1
35614,30.05.2024 18:12:47.850000,154.742,-203.027,10.2944,10.268,10.097,82.4452,2.07273,2.11236,8.82417,9.22112,756.225,752.81,1.87708,1.76809,2.46934,-0.136953,10.1883,8.13802,8.13802,0.0,1.0,1
35615,30.05.2024 18:12:47.860000,142.383,-353.485,10.3697,10.213,10.093,82.4901,2.07423,2.11086,7.76622,9.77241,755.965,752.54,1.97041,2.02844,2.48215,-0.166746,10.1898,7.26996,7.26996,0.0,1.0,1
35616,30.05.2024 18:12:47.870000,142.383,-353.485,10.3697,10.213,10.093,82.4901,2.07423,2.11086,7.76622,9.77241,755.965,752.54,1.97041,2.02844,2.48215,-0.166746,10.1898,7.26996,7.26996,0.0,1.0,1
35617,30.05.2024 18:12:47.880000,126.81,-347.223,10.3124,10.088,10.106,82.5046,2.07047,2.11077,6.80449,7.59896,755.78,752.415,1.76092,2.06299,2.50834,-0.182615,10.1905,7.03125,7.03125,0.0,1.0,1
35618,30.05.2024 18:12:47.890000,126.81,-347.223,10.3124,10.088,10.106,82.5046,2.07047,2.11077,6.80449,7.59896,755.78,752.415,1.76092,2.06299,2.50834,-0.182615,10.1905,7.03125,7.03125,0.0,1.0,1
35619,30.05.2024 18:12:47.900000,106.705,-347.223,10.2777,10.169,10.106,82.4808,2.06261,2.11213,7.12575,8.65655,755.525,752.115,1.87035,3.67937,2.61835,-0.226694,10.1914,6.06193,6.06193,0.0,1.0,1
35620,30.05.2024 18:12:47.910000,106.705,-347.223,10.2777,10.169,10.106,82.4808,2.06261,2.11213,7.12575,8.65655,755.525,752.115,1.87035,3.67937,2.61835,-0.226694,10.1914,6.06193,6.06193,0.0,1.0,1
35621,30.05.2024 18:12:47.920000,104.068,-398.144,10.3215,10.21,10.093,82.3588,2.06627,2.11036,6.32671,9.08129,755.35,751.92,1.74828,3.56588,2.94305,-0.277735,10.1924,5.25896,5.25896,0.0,1.0,1
35622,30.05.2024 18:12:47.930000,104.068,-398.144,10.3215,10.21,10.093,82.3588,2.06627,2.11036,6.32671,9.08129,755.35,751.92,1.74828,3.56588,2.94305,-0.277735,10.1924,5.25896,5.25896,0.0,1.0,1
35623,30.05.2024 18:12:47.940000,93.2739,-412.564,10.302,10.121,10.105,82.4274,2.06787,2.11073,6.69464,8.62387,755.095,751.69,2.39186,3.79844,3.08755,-0.254087,10.1942,4.47049,4.47049,0.0,1.0,1
35624,30.05.2024 18:12:47.950000,73.0865,-424.676,10.2969,10.141,10.078,82.4301,2.07637,2.1088,5.88418,8.36932,754.89,751.525,2.01231,4.86356,3.35622,-0.107137,10.1954,4.44879,4.44879,0.0,1.0,1
35625,30.05.2024 18:12:47.960000,73.0865,-424.676,10.2969,10.141,10.078,82.4301,2.07637,2.1088,5.88418,8.36932,754.89,751.525,2.01231,4.86356,3.35622,-0.107137,10.1954,4.44879,4.44879,0.0,1.0,1
35626,30.05.2024 18:12:47.970000,52.7344,-419.897,10.3092,10.268,10.089,82.4359,2.07637,2.1088,5.88418,8.36932,754.775,751.425,1.82398,5.02015,3.28693,-0.0634115,10.1965,4.44879,4.44879,0.0,1.0,1
35627,30.05.2024 18:12:47.980000,52.7344,-419.897,10.3092,10.268,10.089,82.4359,2.07637,2.1088,5.88418,8.36932,754.775,751.425,1.82398,5.02015,3.28693,-0.0634115,10.1965,4.44879,4.44879,0.0,1.0,1
35628,30.05.2024 18:12:47.990000,11.5356,-411.905,10.3347,10.252,10.098,82.4393,2.07877,2.10992,6.82665,9.15962,754.515,751.18,1.36192,4.64758,3.37859,-0.165388,10.1978,3.94242,3.94242,0.0,1.0,1
35629,30.05.2024 18:12:48.000000,11.5356,-411.905,10.3347,10.252,10.098,82.4393,2.07877,2.10992,6.82665,9.15962,754.515,751.18,1.36192,4.64758,3.37859,-0.165388,10.1978,3.94242,3.94242,0.0,1.0,1
35630,30.05.2024 18:12:48.010000,-10.9589,-422.534,10.2941,10.158,10.055,82.4259,2.09017,2.10888,6.51618,7.38965,754.35,750.995,1.80232,4.31767,3.59533,-0.16641,10.1973,3.67477,3.67477,0.0,1.0,1
35631,30.05.2024 18:12:48.020000,-45.7306,-419.98,10.2741,10.142,10.044,82.4062,2.09058,2.1099,7.66231,8.6779,754.11,750.815,1.63119,4.24173,3.79775,-0.245857,10.1987,2.51736,2.51736,0.0,1.0,1
35632,30.05.2024 18:12:48.030000,-45.7306,-419.98,10.3174,10.142,10.044,82.4062,2.09058,2.1099,7.66231,8.6779,754.005,750.76,1.88821,4.29906,3.90703,-0.220735,10.1987,2.51736,2.51736,0.0,1.0,1
35633,30.05.2024 18:12:48.040000,-73.0865,-409.35,10.3131,10.155,10.039,82.41,2.08983,2.10822,6.8121,9.00249,753.915,750.695,1.81428,5.04356,3.82885,-0.121238,10.2007,1.66377,1.66377,0.0,1.0,1
35634,30.05.2024 18:12:48.050000,-102.09,-409.35,10.3131,10.103,10.039,82.41,2.08568,2.10829,7.43546,8.97066,753.725,750.56,1.61438,5.44995,3.95215,0.0281146,10.2007,1.66377,1.66377,0.0,1.0,1
35635,30.05.2024 18:12:48.060000,-102.09,-406.714,10.3011,10.103,10.057,82.4609,2.08568,2.10829,7.43546,8.97066,753.625,750.445,1.72479,5.32915,4.09081,0.26994,10.2007,1.65655,1.65655,0.0,1.0,1
35636,30.05.2024 18:12:48.070000,-103.079,-406.714,10.3398,10.06,10.057,82.4747,2.08396,2.10928,6.70509,8.99544,753.52,750.35,1.56834,5.0092,3.97206,0.433317,10.2013,0.86806,0.86806,0.0,1.0,1
35637,30.05.2024 18:12:48.080000,-103.079,-406.714,10.3398,10.06,10.057,82.4747,2.08396,2.10928,6.70509,8.99544,753.52,750.35,1.56834,5.0092,3.97206,0.433317,10.2013,0.86806,0.86806,0.0,1.0,1
35638,30.05.2024 18:12:48.090000,-103.079,-413.8,10.3398,10.06,10.062,82.4747,2.07932,2.10784,7.07332,8.67652,753.42,750.265,1.60171,4.60332,3.8606,0.511938,10.2018,-0.347219,-0.347219,0.0,1.0,1
35639,30.05.2024 18:12:48.100000,-120.135,-412.234,10.3364,10.128,10.07,82.4294,2.07744,2.1066,6.33734,9.33773,753.165,750.15,1.34037,4.81553,3.72639,0.600619,10.2031,-1.10677,-1.10677,0.0,1.0,1
35640,30.05.2024 18:12:48.110000,-120.135,-409.927,10.3662,10.128,10.075,82.4294,2.07744,2.1066,6.33734,9.33773,753.075,750.065,1.36117,5.33776,3.76758,0.777695,10.2031,-1.10677,-1.10677,0.0,1.0,1
35641,30.05.2024 18:12:48.120000,-120.135,-409.927,10.3662,10.128,10.075,82.4294,2.07744,2.1066,6.33734,9.33773,753.075,750.065,1.36117,5.33776,3.76758,0.777695,10.2031,-1.10677,-1.10677,0.0,1.0,1
35642,30.05.2024 18:12:48.130000,-135.214,-400.287,10.3096,10.073,10.103,82.4452,2.08032,2.10584,6.21679,9.06288,752.97,749.995,1.6058,5.55265,3.65589,1.25306,10.2045,-1.10677,-1.10677,0.0,1.0,1
35643,30.05.2024 18:12:48.140000,-164.795,-411.987,10.3241,10.034,10.111,82.4293,2.07959,2.10563,6.65992,10.1258,752.685,749.745,1.70312,4.89551,3.57599,1.79875,10.2052,-2.31481,-2.31481,0.0,1.0,1
35644,30.05.2024 18:12:48.150000,-164.795,-411.987,10.3241,10.034,10.111,82.4293,2.07959,2.10563,6.65992,10.1258,752.685,749.745,1.70312,4.89551,3.57599,1.79875,10.2052,-2.31481,-2.31481,0.0,1.0,1
35645,30.05.2024 18:12:48.160000,-186.053,-411.987,10.3472,10.081,10.111,82.5075,2.08007,2.10574,5.48598,9.20976,752.585,749.66,1.41008,4.68655,3.59121,2.02734,10.2052,-2.32205,-2.32205,0.0,1.0,1
35646,30.05.2024 18:12:48.170000,-186.053,-411.987,10.3472,10.081,10.111,82.5075,2.08007,2.10574,5.48598,9.20976,752.585,749.66,1.41008,4.68655,3.59121,2.02734,10.2052,-2.32205,-2.32205,0.0,1.0,1
35647,30.05.2024 18:12:48.180000,-196.6,-406.055,10.3409,10.097,10.115,82.4703,2.07999,2.10575,6.12254,9.29603,752.31,749.495,1.57512,3.94876,3.41227,2.19278,10.2071,-2.32205,-2.32205,0.0,1.0,1
35648,30.05.2024 18:12:48.190000,-196.6,-406.055,10.3409,10.097,10.115,82.4703,2.07999,2.10575,6.12254,9.29603,752.31,749.495,1.57512,3.94876,3.41227,2.19278,10.2071,-2.32205,-2.32205,0.0,1.0,1
35649,30.05.2024 18:12:48.200000,-210.608,-410.669,10.3332,10.123,10.095,82.4157,2.08415,2.10575,6.70064,10.0783,752.15,749.345,2.11619,3.99743,3.22203,2.57412,10.208,-3.81221,-3.81221,0.0,1.0,1
35650,30.05.2024 18:12:48.210000,-244.061,-410.669,10.373,10.061,10.095,82.388,2.08509,2.10575,6.65943,9.39363,751.835,749.2,1.9374,4.17676,2.9965,2.63312,10.2094,-4.52836,-4.52836,0.0,1.0,1
35651,30.05.2024 18:12:48.220000,-244.061,-409.103,10.373,10.061,10.116,82.365,2.08509,2.10575,6.65943,9.39363,751.755,749.125,1.74417,4.08004,3.02629,2.79757,10.2094,-4.52836,-4.52836,0.0,1.0,1
35652,30.05.2024 18:12:48.230000,-271.747,-409.103,10.3329,10.198,10.116,82.3376,2.08814,2.10575,7.18556,10.2832,751.65,749.08,1.7605,5.15358,3.06263,3.01963,10.2095,-5.46875,-5.46875,0.0,1.0,1
35653,30.05.2024 18:12:48.240000,-271.747,-409.103,10.3329,10.198,10.116,82.3376,2.08814,2.10575,7.18556,10.2832,751.65,749.08,1.7605,5.15358,3.06263,3.01963,10.2095,-5.46875,-5.46875,0.0,1.0,1
35654,30.05.2024 18:12:48.250000,-271.747,-404.077,10.3329,10.198,10.127,82.3376,2.08928,2.10558,7.0884,10.4342,751.56,748.975,1.69404,5.23763,3.10186,3.13753,10.2095,-5.30238,-5.30238,0.0,1.0,1
35655,30.05.2024 18:12:48.260000,-296.631,-403.088,10.3385,10.105,10.098,82.5322,2.09215,2.10406,6.86834,10.312,751.25,748.825,1.63056,5.21004,2.93539,3.2244,10.2109,-5.30238,-5.30238,0.0,1.0,1
35656,30.05.2024 18:12:48.270000,-296.631,-409.021,10.3516,10.105,10.099,82.5322,2.09215,2.10406,6.86834,10.312,751.18,748.775,1.28139,5.52687,2.97729,3.31927,10.2109,-5.30238,-5.30238,0.0,1.0,1
35657,30.05.2024 18:12:48.280000,-305.118,-417.013,10.3931,10.141,10.073,82.4716,2.09099,2.10486,7.47835,10.1997,751.075,748.725,1.66553,6.35887,3.02168,3.49845,10.212,-6.04745,-6.04745,0.0,1.0,1
35658,30.05.2024 18:12:48.290000,-313.934,-417.013,10.3367,10.103,10.073,82.4716,2.09202,2.10368,7.37956,10.9342,750.865,748.585,1.72381,6.46614,3.03737,3.58719,10.212,-6.04745,-6.04745,0.0,1.0,1
35659,30.05.2024 18:12:48.300000,-313.934,-417.013,10.3367,10.103,10.073,82.4716,2.09202,2.10368,7.37956,10.9342,750.865,748.585,1.72381,6.46614,3.03737,3.58719,10.212,-6.04745,-6.04745,0.0,1.0,1
35660,30.05.2024 18:12:48.310000,-313.934,-407.126,10.3367,10.103,10.087,82.4502,2.09099,2.10364,7.00079,10.7568,750.785,748.51,1.60015,6.94456,2.99833,3.63117,10.212,-6.27894,-6.27894,0.0,1.0,1
35661,30.05.2024 18:12:48.320000,-313.934,-407.126,10.3367,10.103,10.087,82.4502,2.09099,2.10364,7.00079,10.7568,750.785,748.51,1.60015,6.94456,2.99833,3.63117,10.212,-6.27894,-6.27894,0.0,1.0,1
35662,30.05.2024 18:12:48.330000,-336.676,-405.56,10.3409,10.082,10.095,82.4654,2.0905,2.10376,7.66616,10.9477,750.56,748.36,1.63285,6.12147,3.12069,3.78001,10.2133,-6.99508,-6.99508,0.0,1.0,1
35663,30.05.2024 18:12:48.340000,-363.29,-412.646,10.3752,10.101,10.103,82.4375,2.0877,2.10189,7.14326,11.1118,750.305,748.23,1.14167,5.82347,3.11121,3.82211,10.2144,-6.7202,-6.7202,0.0,1.0,1
35664,30.05.2024 18:12:48.350000,-363.29,-412.646,10.3752,10.101,10.103,82.4375,2.0877,2.10189,7.14326,11.1118,750.305,748.23,1.14167,5.82347,3.11121,3.82211,10.2144,-6.7202,-6.7202,0.0,1.0,1
35665,30.05.2024 18:12:48.360000,-363.29,-410.751,10.3663,10.101,10.127,82.4375,2.08478,2.10054,6.84376,10.7701,750.205,748.135,1.19586,6.04562,3.1882,3.86344,10.2156,-6.71296,-6.71296,0.0,1.0,1
35666,30.05.2024 18:12:48.370000,-399.792,-410.751,10.3807,10.238,10.127,82.4135,2.08206,2.09969,6.84261,10.7566,749.945,747.995,1.58377,4.65377,3.07865,4.04997,10.2163,-6.71296,-6.71296,0.0,1.0,1
35667,30.05.2024 18:12:48.380000,-399.792,-406.219,10.3807,10.238,10.122,82.4086,2.08206,2.09969,6.84261,10.7566,749.85,747.975,1.57837,4.17437,3.00364,4.02275,10.2163,-6.52488,-6.52488,0.0,1.0,1
35668,30.05.2024 18:12:48.390000,-405.807,-406.219,10.3664,10.161,10.122,82.3927,2.01811,2.02592,5.95387,11.27,749.755,747.97,2.13477,5.03548,2.98938,4.38396,10.2174,-6.32234,-6.32234,0.0,1.0,1
35669,30.05.2024 18:12:48.400000,-405.807,-406.219,10.3664,10.161,10.122,82.3927,2.01811,2.02592,5.95387,11.27,749.755,747.97,2.13477,5.03548,2.98938,4.38396,10.2174,-6.32234,-6.32234,0.0,1.0,1
35670,30.05.2024 18:12:48.410000,-405.807,-404.571,10.3664,10.161,10.141,82.3927,2.01715,2.02663,6.57469,11.2516,749.65,747.935,2.46015,5.76301,3.01526,4.71104,10.2182,-6.32234,-6.32234,0.0,1.0,1
35671,30.05.2024 18:12:48.420000,-405.807,-404.571,10.3664,10.161,10.141,82.3927,2.01715,2.02663,6.57469,11.2516,749.65,747.935,2.46015,5.76301,3.01526,4.71104,10.2182,-6.32234,-6.32234,0.0,1.0,1
35672,30.05.2024 18:12:48.430000,-429.208,-408.691,10.3621,10.113,10.128,82.4706,2.02033,2.02628,6.13681,10.3248,749.33,747.78,2.59282,6.68086,2.91492,4.69441,10.2194,-6.48148,-6.48148,0.0,1.0,1
35673,30.05.2024 18:12:48.440000,-429.208,-408.691,10.3621,10.113,10.128,82.4706,2.02033,2.02628,6.13681,10.3248,749.33,747.78,2.59282,6.68086,2.91492,4.69441,10.2194,-6.48148,-6.48148,0.0,1.0,1
35674,30.05.2024 18:12:48.450000,-434.564,-406.714,10.32,10.205,10.11,82.4204,2.01683,2.02571,5.82968,10.3446,749.115,747.625,1.21457,6.16908,2.92038,4.97581,10.222,-6.48148,-6.48148,0.0,1.0,1
35675,30.05.2024 18:12:48.460000,-427.643,-398.804,10.3439,10.135,10.11,82.4866,2.01506,2.02651,5.97308,11.0931,748.845,747.53,1.01954,5.8491,2.92363,5.07537,10.2222,-6.67679,-6.67679,0.0,1.0,1
35676,30.05.2024 18:12:48.470000,-429.785,-398.804,10.3144,10.093,10.11,82.3638,2.01536,2.02682,6.14741,10.9957,748.78,747.47,0.719853,5.9971,2.60834,4.99926,10.2222,-6.85764,-6.85764,0.0,1.0,1
35677,30.05.2024 18:12:48.480000,-429.785,-412.646,10.3144,10.093,10.138,82.3638,2.01626,2.02577,6.39738,10.0893,748.69,747.44,1.15209,6.08878,2.43848,5.09944,10.2222,-6.85764,-6.85764,0.0,1.0,1
35678,30.05.2024 18:12:48.490000,-429.785,-406.384,10.349,10.148,10.129,82.4516,2.01626,2.02577,6.39738,10.0893,748.5,747.27,1.64002,6.36431,2.32212,5.0855,10.2242,-6.96614,-6.96614,0.0,1.0,1
35679,30.05.2024 18:12:48.500000,-426.324,-406.879,10.349,10.208,10.106,82.5251,2.02031,2.02572,6.35606,10.3031,748.4,747.195,1.72421,6.10745,2.30625,5.12639,10.2242,-6.96614,-6.96614,0.0,1.0,1
35680,30.05.2024 18:12:48.510000,-429.785,-406.879,10.349,10.148,10.106,82.5251,2.02031,2.02572,6.35606,10.3031,748.5,747.27,1.64002,6.36431,2.32212,5.0855,10.2242,-6.96614,-6.96614,0.0,1.0,1
35681,30.05.2024 18:12:48.520000,-426.407,-399.133,10.3674,10.185,10.082,82.4705,2.02189,2.02524,6.49829,10.2205,748.185,747.105,2.0384,4.27447,2.18429,5.275,10.2259,-7.22656,-7.22656,0.0,1.0,1
35682,30.05.2024 18:12:48.530000,-431.021,-399.133,10.312,10.147,10.082,82.4705,2.02349,2.02481,6.39527,10.5124,747.995,747.0,2.19387,4.2114,2.24188,5.31995,10.2259,-7.22656,-7.22656,0.0,1.0,1
35683,30.05.2024 18:12:48.540000,-431.021,-403.253,10.312,10.147,10.091,82.4986,2.02349,2.02481,6.39527,10.5124,747.895,746.93,2.25649,3.87288,2.34337,5.38867,10.2259,-7.72569,-7.72569,0.0,1.0,1
35684,30.05.2024 18:12:48.550000,-426.901,-403.253,10.3029,10.132,10.091,82.5023,2.02358,2.02665,6.81847,10.2923,747.775,746.88,2.28296,3.585,2.27035,5.42648,10.2267,-7.72569,-7.72569,0.0,1.0,1
35685,30.05.2024 18:12:48.560000,-426.901,-405.231,10.3029,10.132,10.09,82.5023,2.02599,2.02516,6.58187,9.74075,747.69,746.795,2.01922,2.91116,2.16726,5.49063,10.2267,-7.72569,-7.72569,0.0,1.0,1
35686,30.05.2024 18:12:48.570000,-423.77,-402.182,10.3753,10.222,10.102,82.5391,2.02599,2.02516,6.58187,9.74075,747.51,746.76,2.13726,2.71347,2.05778,5.43764,10.229,-7.78356,-7.78356,0.0,1.0,1
35687,30.05.2024 18:12:48.580000,-425.253,-402.182,10.3753,10.212,10.102,82.5071,2.02371,2.02566,6.48773,10.3261,747.43,746.725,2.43024,2.76966,1.89508,5.44565,10.229,-7.78356,-7.78356,0.0,1.0,1
35688,30.05.2024 18:12:48.590000,-425.253,-407.867,10.3902,10.212,10.103,82.5071,2.02371,2.02566,6.48773,10.3261,747.325,746.69,2.08308,3.18365,1.91861,5.57286,10.229,-7.78356,-7.78356,0.0,1.0,1
35689,30.05.2024 18:12:48.600000,-425.253,-407.867,10.3902,10.212,10.103,82.5071,2.02371,2.02566,6.48773,10.3261,747.325,746.69,2.08308,3.18365,1.91861,5.57286,10.229,-7.78356,-7.78356,0.0,1.0,1
35690,30.05.2024 18:12:48.610000,-430.856,-407.538,10.3601,10.167,10.127,82.524,2.02502,2.02475,6.35429,10.1996,747.23,746.61,2.49015,4.12982,1.92702,5.60709,10.2307,-8.02951,-8.02951,0.0,1.0,1
35691,30.05.2024 18:12:48.620000,-430.856,-407.538,10.3601,10.167,10.127,82.524,2.02502,2.02475,6.35429,10.1996,747.23,746.61,2.49015,4.12982,1.92702,5.60709,10.2307,-8.02951,-8.02951,0.0,1.0,1
35692,30.05.2024 18:12:48.630000,-425.665,-407.703,10.3509,10.176,10.151,82.5181,2.01576,2.02322,6.52969,9.27093,746.955,746.355,2.28106,4.27849,1.86453,5.68402,10.2319,-8.11632,-8.11632,0.0,1.0,1
35693,30.05.2024 18:12:48.640000,-425.665,-407.703,10.3509,10.176,10.151,82.5181,2.01576,2.02322,6.52969,9.27093,746.955,746.355,2.28106,4.27849,1.86453,5.68402,10.2319,-8.11632,-8.11632,0.0,1.0,1
35694,30.05.2024 18:12:48.650000,-427.066,-405.395,10.3755,10.227,10.147,82.4615,2.01171,2.02205,5.92169,10.7876,746.755,746.215,2.14358,3.33755,2.13056,5.78103,10.2325,-8.56481,-8.56481,0.0,1.0,1
35695,30.05.2024 18:12:48.660000,-427.807,-405.395,10.3695,10.165,10.147,82.4561,2.01152,2.02043,6.14063,10.5936,746.48,746.085,2.1174,2.9549,2.07848,5.87814,10.2336,-8.68056,-8.68056,0.0,1.0,1
35696,30.05.2024 18:12:48.670000,-427.807,-405.395,10.3695,10.165,10.147,82.4561,2.01152,2.02043,6.14063,10.5936,746.48,746.085,2.1174,2.9549,2.07848,5.87814,10.2336,-8.68056,-8.68056,0.0,1.0,1
35697,30.05.2024 18:12:48.680000,-427.807,-409.927,10.3721,10.165,10.134,82.4561,2.01126,2.02027,5.47491,9.79435,746.39,746.06,2.17617,3.10703,2.07798,5.91272,10.2342,-9.12182,-9.12182,0.0,1.0,1
35698,30.05.2024 18:12:48.690000,-428.467,-413.965,10.3882,10.17,10.141,82.4821,2.01052,2.02025,5.58463,10.0265,746.135,745.905,2.56647,4.93977,2.21095,5.93602,10.2357,-9.12182,-9.12182,0.0,1.0,1
35699,30.05.2024 18:12:48.700000,-428.467,-403.5,10.3882,10.17,10.144,82.4639,2.01052,2.02025,5.58463,10.0265,746.03,745.86,2.63548,4.82519,2.40007,5.98338,10.2357,-9.30266,-9.30266,0.0,1.0,1
