,time,Pinceur Inf Mesure de courant,Pinceur Sup Mesure de courant,Mandrin - Vitesse Actuelle,Pinceur Sup Mesure vitesse lineaire,Pinceur Inf Mesure vitesse lineaire,Mandrin - Mesure Expansion,Pinceur Nord Position entrefer estimee,Pinceur Sud Position entrefer estimee,Pinceur Nord Force entrefer calibree,Pinceur Sud Force entrefer calibree,Guides Nord Entree Position mesuree,Guides Nord Sortie Position mesuree,Guides Nord Entree Force pour regulateur PI,Guides Nord Sortie Force pour regulateur PI,Guides Sud Entree Force pour regulateur PI,Guides Sud Sortie Force pour regulateur PI,Mandrin - Vitesse Actuelle F10,_Excentrage largeur bande jauge bob,_Excentrage largeur bande jauge bob.1,TDB pinceur,Fenetre,Declancheur
60000,31.05.2024 00:02:19.700000,105.963,85.7757,8.01675,8.251,7.816,39.312,4.56904,4.43814,68.2861,79.8583,639.395,630.89,4.96843,3.33788,1.17848,-2.46646,6.96737,100.195,100.195,1.0,1.0,1
60001,31.05.2024 00:02:19.710000,123.267,109.589,7.98954,7.996,7.715,39.312,4.57014,4.5924,71.5874,81.7467,638.58,630.035,4.86724,3.19209,1.21177,-2.47149,6.96737,100.203,100.203,1.0,1.0,1
60002,31.05.2024 00:02:19.720000,150.458,109.589,8.0377,7.731,7.715,39.3337,4.57014,4.5924,71.5874,81.7467,637.685,629.185,5.45953,3.24496,1.29581,-2.44979,6.96746,100.203,100.203,1.0,1.0,1
60003,31.05.2024 00:02:19.730000,150.458,237.387,8.0377,7.731,7.518,39.3342,4.29475,4.56056,60.2687,88.0733,636.82,628.34,6.0911,3.38128,1.43766,-2.43172,6.9676,100.21,100.21,1.0,1.0,1
60004,31.05.2024 00:02:19.740000,211.926,310.721,8.02764,7.718,7.408,39.3342,3.89469,4.32161,49.241,77.0233,635.13,626.65,5.65539,3.2966,1.47817,-2.51644,6.9676,100.21,100.21,1.0,1.0,1
60005,31.05.2024 00:02:19.750000,312.204,310.721,7.98278,7.815,7.408,39.3792,3.89469,4.32161,49.241,77.0233,634.305,625.84,5.90588,3.08317,1.6358,-2.51516,6.9684,100.21,100.21,1.0,1.0,1
60006,31.05.2024 00:02:19.760000,312.204,310.721,7.98278,7.815,7.408,39.3792,3.89469,4.32161,49.241,77.0233,634.305,625.84,5.90588,3.08317,1.6358,-2.51516,6.9684,100.21,100.21,1.0,1.0,1
60007,31.05.2024 00:02:19.770000,312.204,342.444,7.98278,7.815,7.166,39.3974,3.72099,4.04641,26.939,55.9537,633.44,624.985,5.47002,3.02561,1.81837,-2.31839,6.9684,100.203,100.203,1.0,1.0,1
60008,31.05.2024 00:02:19.780000,392.541,338.736,8.01606,7.844,6.944,39.3473,3.63362,3.75614,23.0939,36.3492,630.9,622.455,4.82777,3.30238,1.83716,-2.30118,6.97006,100.188,100.188,1.0,1.0,1
60009,31.05.2024 00:02:19.790000,460.437,405.395,8.03792,7.646,6.804,39.3473,3.63331,3.48385,15.0722,11.3938,630.09,621.595,4.851,3.16845,1.87782,-2.2602,6.97006,100.21,100.21,1.0,1.0,1
60010,31.05.2024 00:02:19.800000,491.089,405.395,7.98631,7.368,6.804,39.3788,3.63331,3.48385,15.0722,11.3938,629.245,620.77,4.76942,3.25722,1.79039,-2.29961,6.97103,100.21,100.21,1.0,1.0,1
60011,31.05.2024 00:02:19.810000,491.089,566.647,7.98631,7.368,6.778,39.4167,3.72329,3.40879,20.5584,7.94626,628.44,619.92,4.90689,3.38932,1.72076,-2.41544,6.97197,100.217,100.217,1.0,1.0,1
60012,31.05.2024 00:02:19.820000,522.894,659.674,8.03987,7.32,6.847,39.4167,3.89924,3.49801,29.266,18.1439,626.755,618.22,5.02629,3.6193,1.72884,-2.42301,6.97197,100.217,100.217,1.0,1.0,1
60013,31.05.2024 00:02:19.830000,531.299,659.674,7.98952,7.253,6.847,39.3934,3.89924,3.49801,29.266,18.1439,625.93,617.39,4.88997,3.77291,1.71561,-2.479,6.97279,100.217,100.217,1.0,1.0,1
60014,31.05.2024 00:02:19.840000,531.299,659.674,7.98952,7.253,6.847,39.3934,3.89924,3.49801,29.266,18.1439,625.93,617.39,4.88997,3.77291,1.71561,-2.479,6.97279,100.217,100.217,1.0,1.0,1
60015,31.05.2024 00:02:19.850000,531.299,695.105,7.98952,7.253,6.906,39.4208,4.06548,3.75237,35.2102,29.0685,625.1,616.535,5.39423,3.26042,1.69468,-2.40554,6.97279,100.203,100.203,1.0,1.0,1
60016,31.05.2024 00:02:19.860000,531.299,695.105,7.98952,7.253,6.906,39.4208,4.06548,3.75237,35.2102,29.0685,625.1,616.535,5.39423,3.26042,1.69468,-2.40554,6.97279,100.203,100.203,1.0,1.0,1
60017,31.05.2024 00:02:19.870000,540.362,701.367,7.98598,7.062,6.924,39.4186,4.11333,3.99882,45.1324,42.24,622.62,614.045,5.70261,3.01,1.60829,-2.41638,6.97343,100.21,100.21,1.0,1.0,1
60018,31.05.2024 00:02:19.880000,540.362,701.367,7.98598,7.062,6.924,39.4186,4.11333,3.99882,45.1324,42.24,622.62,614.045,5.70261,3.01,1.60829,-2.41638,6.97343,100.21,100.21,1.0,1.0,1
60019,31.05.2024 00:02:19.890000,586.505,679.779,7.98745,7.02,6.924,39.391,3.93914,4.23788,41.7263,59.3006,620.895,612.37,5.69483,3.25136,1.59835,-2.50195,6.97341,100.203,100.203,1.0,1.0,1
60020,31.05.2024 00:02:19.900000,611.307,693.539,8.01372,7.102,6.86,39.4341,3.84806,4.18217,34.8102,60.6437,618.41,609.825,5.30928,3.23623,1.74961,-2.48125,6.97304,100.217,100.217,1.0,1.0,1
60021,31.05.2024 00:02:19.910000,636.932,693.539,8.0385,6.968,6.86,39.4583,3.84806,4.18217,34.8102,60.6437,617.57,609.045,5.45337,3.25427,1.72755,-2.53554,6.97344,100.181,100.181,1.0,1.0,1
60022,31.05.2024 00:02:19.920000,636.932,694.693,8.0385,6.968,6.841,39.4244,3.81904,3.96648,28.7172,52.2334,616.785,608.23,6.03097,3.69838,1.65163,-2.60766,6.97344,100.217,100.217,1.0,1.0,1
60023,31.05.2024 00:02:19.930000,661.157,694.693,7.9896,6.894,6.841,39.4244,3.78858,3.7547,28.104,34.0695,615.91,607.54,6.09624,4.35615,1.67756,-2.58705,6.97329,100.217,100.217,1.0,1.0,1
60024,31.05.2024 00:02:19.940000,661.157,694.693,7.9896,6.894,6.841,39.4244,3.78858,3.7547,28.104,34.0695,615.91,607.54,6.09624,4.35615,1.67756,-2.58705,6.97329,100.217,100.217,1.0,1.0,1
60025,31.05.2024 00:02:19.950000,661.157,683.24,7.9896,6.894,6.774,39.4053,3.78858,3.7547,28.104,34.0695,614.195,605.855,5.99389,5.73886,1.74366,-2.62702,6.97332,100.195,100.195,1.0,1.0,1
60026,31.05.2024 00:02:19.960000,661.157,683.24,7.9896,6.894,6.774,39.4053,3.78858,3.7547,28.104,34.0695,614.195,605.855,5.99389,5.73886,1.74366,-2.62702,6.97332,100.195,100.195,1.0,1.0,1
60027,31.05.2024 00:02:19.970000,692.633,679.861,7.98564,6.999,6.82,39.4167,3.71118,3.39981,23.8085,10.3127,612.5,604.285,5.14796,6.4047,1.82868,-2.58222,6.97315,100.195,100.195,1.0,1.0,1
60028,31.05.2024 00:02:19.980000,692.633,679.861,7.98564,6.999,6.82,39.4167,3.71118,3.39981,23.8085,10.3127,612.5,604.285,5.14796,6.4047,1.82868,-2.58222,6.97315,100.195,100.195,1.0,1.0,1
60029,31.05.2024 00:02:19.990000,702.356,700.79,8.00484,6.985,6.865,39.4167,3.70827,3.40896,21.6403,9.78652,609.94,602.21,4.4229,8.98847,1.7517,-2.54891,6.97349,100.21,100.21,1.0,1.0,1
60030,31.05.2024 00:02:20.000000,697.165,694.446,8.04137,6.87,6.849,39.5333,3.71856,3.52933,21.331,12.4521,608.25,600.695,4.16739,14.6003,1.67109,-2.62529,6.97353,100.145,100.145,1.0,1.0,1
60031,31.05.2024 00:02:20.010000,700.543,694.446,7.99735,6.896,6.849,39.5333,3.72666,3.69347,22.2635,24.3851,607.4,599.825,4.17516,15.5326,1.67271,-2.4416,6.97346,100.145,100.145,1.0,1.0,1
60032,31.05.2024 00:02:20.020000,700.543,680.108,7.99735,6.896,6.861,39.4724,3.72666,3.69347,22.2635,24.3851,605.665,598.285,4.06227,15.454,1.63746,-2.53406,6.97358,100.145,100.145,1.0,1.0,1
60033,31.05.2024 00:02:20.030000,690.243,687.771,8.04389,6.955,6.818,39.4724,3.73948,3.83729,22.0427,35.2362,604.785,597.55,3.94336,15.5198,1.69551,-2.49533,6.97358,100.21,100.21,1.0,1.0,1
60034,31.05.2024 00:02:20.040000,685.876,687.771,7.99274,6.958,6.818,39.5116,3.73948,3.83729,22.0427,35.2362,603.92,596.775,3.81128,16.1281,1.66698,-2.48489,6.97409,100.21,100.21,1.0,1.0,1
60035,31.05.2024 00:02:20.050000,685.876,688.431,7.99274,6.958,6.854,39.5556,3.76918,3.91616,25.0144,42.2295,603.03,596.015,2.57468,17.532,1.63381,-2.53841,6.97411,100.217,100.217,1.0,1.0,1
60036,31.05.2024 00:02:20.060000,691.479,692.633,8.04962,6.912,6.835,39.5556,3.80455,3.93122,25.1112,43.5275,601.28,594.46,1.80368,17.7465,1.65503,-2.55326,6.97411,100.217,100.217,1.0,1.0,1
60037,31.05.2024 00:02:20.070000,690.902,692.633,7.99501,6.917,6.835,39.5041,3.80455,3.93122,25.1112,43.5275,600.46,593.67,1.03393,17.9923,1.68183,-2.68834,6.97375,100.217,100.217,1.0,1.0,1
60038,31.05.2024 00:02:20.080000,690.902,692.633,7.99501,6.917,6.835,39.5041,3.80455,3.93122,25.1112,43.5275,600.46,593.67,1.03393,17.9923,1.68183,-2.68834,6.97375,100.217,100.217,1.0,1.0,1
60039,31.05.2024 00:02:20.090000,690.902,689.419,7.99501,6.917,6.855,39.4917,3.82565,3.87907,27.8921,42.6582,599.59,592.915,0.268238,18.6392,1.66342,-2.58032,6.97375,100.21,100.21,1.0,1.0,1
60040,31.05.2024 00:02:20.100000,692.798,692.221,8.04889,6.983,6.842,39.475,3.80762,3.77967,27.6674,35.286,597.125,590.405,0.157663,19.145,1.71521,-2.5493,6.97398,100.21,100.21,1.0,1.0,1
60041,31.05.2024 00:02:20.110000,683.981,694.528,7.99297,6.946,6.886,39.475,3.73484,3.64374,24.0935,25.7858,596.34,589.61,0.21529,18.7658,1.74538,-2.52789,6.97398,100.224,100.224,1.0,1.0,1
60042,31.05.2024 00:02:20.120000,683.981,694.528,7.99297,6.946,6.886,39.475,3.73484,3.64374,24.0935,25.7858,596.34,589.61,0.21529,18.7658,1.74538,-2.52789,6.97398,100.224,100.224,1.0,1.0,1
60043,31.05.2024 00:02:20.130000,684.475,694.528,8.05237,6.926,6.886,39.4364,3.65082,3.52483,21.7386,18.8465,595.495,588.835,0.522405,18.5771,1.76101,-2.56656,6.97352,100.224,100.224,1.0,1.0,1
60044,31.05.2024 00:02:20.140000,684.723,684.311,7.98783,6.958,6.944,39.4629,3.56082,3.46508,14.9948,12.6166,592.96,586.66,1.43298,19.3239,1.75096,-2.58368,6.97367,100.224,100.224,1.0,1.0,1
60045,31.05.2024 00:02:20.150000,684.723,684.311,7.98783,6.958,6.944,39.4629,3.56082,3.46508,14.9948,12.6166,592.96,586.66,1.43298,19.3239,1.75096,-2.58368,6.97367,100.224,100.224,1.0,1.0,1
60046,31.05.2024 00:02:20.160000,692.633,684.311,8.0037,7.043,6.944,39.4256,3.56082,3.46508,14.9948,12.6166,592.15,585.935,1.54812,20.2497,1.77121,-2.59872,6.97389,100.224,100.224,1.0,1.0,1
60047,31.05.2024 00:02:20.170000,690.573,685.876,8.04483,7.062,6.921,39.4029,3.53339,3.50441,13.5329,15.8154,590.46,584.445,1.23471,25.0522,1.77461,-2.4575,6.97453,99.7685,99.7685,1.0,1.0,1
60048,31.05.2024 00:02:20.180000,690.573,691.974,8.04483,7.062,6.931,39.4871,3.53339,3.50441,13.5329,15.8154,588.74,582.715,0.723442,25.8176,1.82677,-2.43294,6.9745,97.6635,97.6635,1.0,1.0,1
60049,31.05.2024 00:02:20.190000,691.809,689.502,7.9921,7.009,6.904,39.4871,3.60874,3.60161,11.5386,20.8954,587.945,581.925,0.303171,25.7247,1.79471,-2.52837,6.9745,95.3921,95.3921,1.0,1.0,1
60050,31.05.2024 00:02:20.200000,691.809,689.502,7.9921,7.009,6.904,39.4871,3.60874,3.60161,11.5386,20.8954,587.945,581.925,0.303171,25.7247,1.79471,-2.52837,6.9745,95.3921,95.3921,1.0,1.0,1
60051,31.05.2024 00:02:20.210000,688.595,689.502,8.0152,6.982,6.904,39.4809,3.69605,3.70262,17.7737,27.6924,587.12,581.185,0.204502,24.7084,1.8255,-2.58429,6.97495,92.3466,92.3466,1.0,1.0,1
60052,31.05.2024 00:02:20.220000,694.775,684.146,8.0248,7.052,6.894,39.5275,3.77111,3.77472,23.0845,33.2219,584.745,578.935,0.69915,26.5802,1.84178,-2.61214,6.97539,92.3466,92.3466,1.0,1.0,1
60053,31.05.2024 00:02:20.230000,688.348,684.146,8.05699,7.084,6.894,39.5456,3.77111,3.77472,23.0845,33.2219,583.93,578.055,1.17044,27.7102,1.97388,-2.56193,6.97501,92.3683,92.3683,1.0,1.0,1
60054,31.05.2024 00:02:20.240000,688.348,694.528,8.05699,7.084,6.916,39.4945,3.81151,3.80471,26.9677,36.7904,583.13,577.235,2.14,27.8347,2.52639,-1.86951,6.97501,89.0191,89.0191,1.0,1.0,1
60055,31.05.2024 00:02:20.250000,694.528,694.528,8.03092,7.026,6.916,39.4945,3.81286,3.80102,31.114,36.6885,582.35,576.39,2.70275,27.3455,2.78486,-1.26031,6.97498,89.0191,89.0191,1.0,1.0,1
60056,31.05.2024 00:02:20.260000,694.528,694.528,8.03092,7.026,6.916,39.4945,3.81286,3.80102,31.114,36.6885,582.35,576.39,2.70275,27.3455,2.78486,-1.26031,6.97498,89.0191,89.0191,1.0,1.0,1
60057,31.05.2024 00:02:20.270000,694.528,699.307,8.03092,7.026,6.889,39.4362,3.81286,3.80102,31.114,36.6885,580.76,574.805,3.41893,27.2075,3.15193,-0.633537,6.97526,85.5758,85.5758,1.0,1.0,1
60058,31.05.2024 00:02:20.280000,694.528,699.307,8.03092,7.026,6.889,39.4362,3.81286,3.80102,31.114,36.6885,580.76,574.805,3.41893,27.2075,3.15193,-0.633537,6.97526,85.5758,85.5758,1.0,1.0,1
60059,31.05.2024 00:02:20.290000,689.667,689.255,8.04761,7.037,6.832,39.4329,3.69206,3.68935,27.1277,30.5572,579.16,573.43,3.32659,27.8361,4.85463,-0.270473,6.97548,78.6892,78.6892,1.0,1.0,1
60060,31.05.2024 00:02:20.300000,689.667,689.255,8.04761,7.037,6.832,39.4329,3.69206,3.68935,27.1277,30.5572,579.16,573.43,3.32659,27.8361,4.85463,-0.270473,6.97548,78.6892,78.6892,1.0,1.0,1
60061,31.05.2024 00:02:20.310000,688.183,694.775,8.07978,7.05,6.814,39.3837,3.62354,3.63278,22.1025,26.1541,576.92,571.395,3.96376,31.988,6.75293,1.43951,6.97579,78.6892,78.6892,1.0,1.0,1
60062,31.05.2024 00:02:20.320000,694.693,699.389,8.01944,7.019,6.824,39.4194,3.55791,3.57471,18.6441,21.8341,576.135,570.245,-8.17383,16.9413,8.53234,6.72035,6.97584,75.7885,75.7885,1.0,1.0,1
60063,31.05.2024 00:02:20.330000,687.936,699.389,8.02475,6.946,6.824,39.4194,3.5386,3.53335,17.8146,20.1584,576.41,570.645,-6.80956,14.3645,8.8563,7.2271,6.97647,75.7885,75.7885,1.0,1.0,1
60064,31.05.2024 00:02:20.340000,687.936,690.408,8.02475,6.946,6.825,39.4399,3.5386,3.53335,17.8146,20.1584,576.245,570.655,-0.93082,18.2511,9.60574,7.39373,6.97683,72.4682,72.4682,1.0,1.0,1
60065,31.05.2024 00:02:20.350000,688.513,683.734,8.06568,6.985,6.893,39.4399,3.53395,3.51103,16.3912,18.0932,576.08,570.43,1.651,20.7158,10.7592,7.11891,6.97683,72.4682,72.4682,1.0,1.0,1
60066,31.05.2024 00:02:20.360000,688.513,683.734,8.06568,6.985,6.893,39.4399,3.53395,3.51103,16.3912,18.0932,576.08,570.43,1.651,20.7158,10.7592,7.11891,6.97683,72.4682,72.4682,1.0,1.0,1
60067,31.05.2024 00:02:20.370000,691.232,683.734,8.08338,7.036,6.893,39.4704,3.54049,3.50858,15.107,16.3054,576.15,570.57,-0.836182,16.769,11.7375,6.93716,6.97708,66.7462,66.7462,1.0,1.0,1
60068,31.05.2024 00:02:20.380000,692.303,693.127,8.05691,7.021,6.91,39.5435,3.57079,3.53944,16.8352,18.7005,575.99,570.765,2.28469,16.7364,11.0,6.58319,6.97728,66.7462,66.7462,1.0,1.0,1
60069,31.05.2024 00:02:20.390000,688.431,693.127,8.06463,6.999,6.91,39.4935,3.57079,3.53944,16.8352,18.7005,576.01,570.785,2.19091,16.9052,10.4089,6.41356,6.97769,63.737,63.737,1.0,1.0,1
60070,31.05.2024 00:02:20.400000,688.431,691.397,8.06463,6.999,6.923,39.4972,3.606,3.58807,19.8683,23.0392,576.005,570.945,3.04779,15.9037,9.28398,5.85718,6.97769,63.737,63.737,1.0,1.0,1
60071,31.05.2024 00:02:20.410000,687.607,691.397,8.03911,7.016,6.923,39.4972,3.63684,3.62478,21.9638,26.434,575.98,571.06,4.53261,17.7544,8.53463,5.53644,6.97805,63.737,63.737,1.0,1.0,1
60072,31.05.2024 00:02:20.420000,687.607,687.195,8.03911,7.016,6.925,39.4356,3.63684,3.62478,21.9638,26.434,575.88,571.015,5.10491,19.5285,7.66545,5.26668,6.97798,57.1181,57.1181,1.0,1.0,1
60073,31.05.2024 00:02:20.430000,687.607,687.195,8.03911,7.016,6.925,39.4356,3.63684,3.62478,21.9638,26.434,575.88,571.015,5.10491,19.5285,7.66545,5.26668,6.97798,57.1181,57.1181,1.0,1.0,1
60074,31.05.2024 00:02:20.440000,684.228,685.135,8.028,7.042,6.914,39.4302,3.62623,3.63735,23.8645,25.6961,575.86,571.015,5.01192,19.3724,6.83136,5.28038,6.97798,57.0674,57.0674,1.0,1.0,1
60075,31.05.2024 00:02:20.450000,691.067,678.296,8.03808,7.082,6.999,39.3525,3.58323,3.61906,20.7576,25.7745,575.64,571.02,6.04294,18.8665,6.13341,4.88074,6.97802,57.0674,57.0674,1.0,1.0,1
60076,31.05.2024 00:02:20.460000,689.996,660.498,8.04993,7.1,7.022,39.3525,3.51324,3.55862,19.9228,23.6404,575.42,571.05,4.86754,18.2667,6.18719,4.72828,6.97802,57.0674,57.0674,1.0,1.0,1
60077,31.05.2024 00:02:20.470000,688.348,660.498,8.02799,7.132,7.022,39.3218,3.51324,3.55862,19.9228,23.6404,575.385,571.065,3.35003,17.7863,6.23687,4.76714,6.97832,54.2173,54.2173,1.0,1.0,1
60078,31.05.2024 00:02:20.480000,688.348,631.906,8.02799,7.132,7.016,39.3654,3.46605,3.48102,16.8517,18.8931,575.335,570.985,1.65172,18.0643,6.25155,4.72603,6.97832,51.577,51.577,1.0,1.0,1
60079,31.05.2024 00:02:20.490000,688.348,631.906,8.02799,7.132,7.016,39.3654,3.46605,3.48102,16.8517,18.8931,575.335,570.985,1.65172,18.0643,6.25155,4.72603,6.97832,51.577,51.577,1.0,1.0,1
60080,31.05.2024 00:02:20.500000,663.135,631.906,8.01035,7.145,7.016,39.3654,3.42778,3.41285,12.2878,12.8538,575.295,570.925,1.19019,16.9386,6.60397,4.96103,6.97837,49.7251,49.7251,1.0,1.0,1
60081,31.05.2024 00:02:20.510000,651.599,564.834,7.90327,7.216,7.202,39.4425,3.39021,3.34336,12.693,8.12259,575.195,570.915,0.494104,14.7059,7.62626,5.89414,6.97846,47.1571,47.1571,1.0,1.0,1
60082,31.05.2024 00:02:20.520000,606.28,564.834,7.80893,7.38,7.202,39.6768,3.39021,3.34336,12.693,8.12259,575.16,570.93,1.01482,14.6486,7.89009,6.51223,6.97882,47.1571,47.1571,1.0,1.0,1
60083,31.05.2024 00:02:20.530000,606.28,551.568,7.80893,7.38,7.223,40.0696,3.38779,3.33453,10.4745,6.56788,575.12,570.945,1.08934,14.5907,7.81121,7.31842,6.97902,45.2691,45.2691,1.0,1.0,1
60084,31.05.2024 00:02:20.540000,596.475,554.452,7.7711,7.489,7.318,40.0696,3.4122,3.33964,13.1157,9.28562,575.06,570.94,1.26462,14.5395,7.44161,7.49741,6.97902,45.2691,45.2691,1.0,1.0,1
60085,31.05.2024 00:02:20.550000,590.79,554.452,7.73732,7.587,7.318,40.8519,3.4122,3.33964,13.1157,9.28562,575.02,570.94,1.39961,14.397,7.19748,7.47804,6.9799,45.2329,45.2329,1.0,1.0,1
60086,31.05.2024 00:02:20.560000,590.79,554.452,7.73732,7.587,7.318,40.8519,3.4122,3.33964,13.1157,9.28562,575.02,570.94,1.39961,14.397,7.19748,7.47804,6.9799,45.2329,45.2329,1.0,1.0,1
60087,31.05.2024 00:02:20.570000,590.79,559.149,7.73732,7.587,7.379,41.7419,3.45449,3.3895,14.238,9.27372,574.99,570.905,2.51163,14.3298,6.67062,7.11099,6.9799,44.307,44.307,1.0,1.0,1
60088,31.05.2024 00:02:20.580000,589.142,562.527,7.66234,7.588,7.413,42.7961,3.46595,3.4285,15.2024,14.1493,574.7,570.815,3.15721,13.5114,5.82636,6.91642,6.98001,44.307,44.307,1.0,1.0,1
60089,31.05.2024 00:02:20.590000,589.142,562.527,7.66234,7.588,7.413,42.7961,3.46595,3.4285,15.2024,14.1493,574.7,570.815,3.15721,13.5114,5.82636,6.91642,6.98001,44.307,44.307,1.0,1.0,1
60090,31.05.2024 00:02:20.600000,586.67,559.314,7.57531,7.603,7.357,42.7961,3.48833,3.48576,19.5128,20.8167,574.63,570.785,2.71088,12.9904,5.24584,6.94675,6.98001,43.3087,43.3087,1.0,1.0,1
60091,31.05.2024 00:02:20.610000,600.018,558.984,7.49922,7.631,7.337,44.8707,3.49942,3.50046,20.2419,22.5,574.515,570.75,0.814562,11.1054,3.52276,6.76222,6.98137,41.8909,41.8909,1.0,1.0,1
60092,31.05.2024 00:02:20.620000,601.996,553.711,7.45527,7.634,7.186,44.8707,3.52063,3.5133,21.5729,24.2979,574.35,570.735,0.905075,10.685,3.20589,6.79784,6.98137,41.8909,41.8909,1.0,1.0,1
60093,31.05.2024 00:02:20.630000,588.647,553.711,7.43642,7.611,7.186,46.0524,3.52063,3.5133,21.5729,24.2979,574.23,570.74,0.676508,10.3904,3.00349,6.88954,6.9828,40.748,40.748,1.0,1.0,1
60094,31.05.2024 00:02:20.640000,588.647,564.505,7.43642,7.611,7.085,47.2977,3.519,3.485,23.9299,24.369,574.16,570.73,-0.832548,9.6636,2.86541,6.96593,6.9828,40.748,40.748,1.0,1.0,1
60095,31.05.2024 00:02:20.650000,603.561,564.505,7.34815,7.569,7.085,47.2977,3.47752,3.44581,22.2956,20.9618,574.08,570.76,-1.16585,9.45778,3.07323,7.01921,6.98399,40.748,40.748,1.0,1.0,1
60096,31.05.2024 00:02:20.660000,603.561,558.655,7.34815,7.569,7.058,48.6073,3.47752,3.44581,22.2956,20.9618,573.975,570.72,-1.47516,9.66983,3.13255,7.11703,6.98523,40.0969,40.0969,1.0,1.0,1
60097,31.05.2024 00:02:20.670000,578.1,557.666,7.26026,7.572,6.921,48.6073,3.44496,3.40586,21.9588,19.3692,573.915,570.695,-1.45382,9.62752,3.19678,7.22261,6.98523,39.2723,39.2723,1.0,1.0,1
60098,31.05.2024 00:02:20.680000,589.142,557.666,7.21475,7.543,6.921,49.9308,3.44496,3.40586,21.9588,19.3692,573.85,570.7,-1.35394,9.05496,3.15002,7.31184,6.98699,39.2723,39.2723,1.0,1.0,1
60099,31.05.2024 00:02:20.690000,589.142,561.951,7.21475,7.543,6.998,51.308,3.40525,3.39777,20.6203,18.129,573.8,570.685,-0.758154,8.62799,2.68331,7.3031,6.9886,39.2723,39.2723,1.0,1.0,1
60100,31.05.2024 00:02:20.700000,600.76,564.67,7.14508,7.503,7.0,51.308,3.40626,3.40495,19.227,20.3821,573.68,570.67,-0.394943,8.40341,2.36963,7.21466,6.9886,39.2723,39.2723,1.0,1.0,1
60101,31.05.2024 00:02:20.710000,593.509,564.67,7.13365,7.434,7.0,52.6356,3.40626,3.40495,19.227,20.3821,573.585,570.67,0.13813,8.17365,2.1757,7.24571,6.98969,37.963,37.963,1.0,1.0,1
60102,31.05.2024 00:02:20.720000,593.509,565.906,7.13365,7.434,6.935,53.9424,3.4196,3.42477,20.5452,20.1018,573.505,570.68,0.889757,7.81543,1.41876,7.02254,6.98969,37.9485,37.9485,1.0,1.0,1
60103,31.05.2024 00:02:20.730000,594.003,565.906,7.08403,7.43,6.935,53.9424,3.42956,3.42477,19.5323,21.6908,573.405,570.675,1.11784,7.90435,1.12813,6.67492,6.99058,37.9485,37.9485,1.0,1.0,1
60104,31.05.2024 00:02:20.740000,594.003,558.902,7.08403,7.43,6.949,55.2562,3.42956,3.42477,19.5323,21.6908,573.265,570.655,0.845583,7.6465,0.938708,6.20333,6.99165,37.9485,37.9485,1.0,1.0,1
60105,31.05.2024 00:02:20.750000,594.497,558.407,6.98337,7.394,6.921,55.2562,3.4329,3.41037,21.4538,21.0659,573.165,570.65,0.908149,7.64928,0.773344,5.82089,6.99165,37.9051,37.9051,1.0,1.0,1
60106,31.05.2024 00:02:20.760000,588.565,558.407,6.95014,7.393,6.921,56.5174,3.4329,3.41037,21.4538,21.0659,573.085,570.665,1.12448,7.47655,0.634598,5.63897,6.99247,37.9051,37.9051,1.0,1.0,1
60107,31.05.2024 00:02:20.770000,588.565,558.407,6.95014,7.393,6.921,56.5174,3.4329,3.41037,21.4538,21.0659,573.085,570.665,1.12448,7.47655,0.634598,5.63897,6.99247,37.9051,37.9051,1.0,1.0,1
60108,31.05.2024 00:02:20.780000,588.565,565.906,6.95014,7.393,6.867,57.6233,3.41673,3.39104,20.3423,18.7808,573.0,570.675,1.30962,7.4316,0.535139,5.41575,6.99272,38.1004,38.1004,1.0,1.0,1
60109,31.05.2024 00:02:20.790000,588.565,565.906,6.95014,7.393,6.867,57.6233,3.41673,3.39104,20.3423,18.7808,573.0,570.675,1.30962,7.4316,0.535139,5.41575,6.99272,38.1004,38.1004,1.0,1.0,1
60110,31.05.2024 00:02:20.800000,595.733,561.621,6.92296,7.357,6.91,58.7939,3.38987,3.37516,19.4419,19.669,572.78,570.67,1.09588,7.67185,0.900572,5.23033,6.99301,38.2089,38.2089,1.0,1.0,1
60111,31.05.2024 00:02:20.810000,595.733,561.621,6.92296,7.357,6.91,58.7939,3.38987,3.37516,19.4419,19.669,572.78,570.67,1.09588,7.67185,0.900572,5.23033,6.99301,38.2089,38.2089,1.0,1.0,1
60112,31.05.2024 00:02:20.820000,581.561,562.939,6.90596,7.351,6.844,59.8221,3.38896,3.39742,19.8831,19.7596,572.605,570.68,1.43853,7.57299,0.986472,5.17488,6.99335,37.8834,37.8834,1.0,1.0,1
60113,31.05.2024 00:02:20.830000,605.209,565.576,6.88461,7.312,6.816,60.8888,3.40825,3.39893,20.2908,21.2706,572.38,570.69,1.52898,7.78258,0.987753,5.01982,6.99371,38.5851,38.5851,1.0,1.0,1
60114,31.05.2024 00:02:20.840000,581.561,562.939,6.90596,7.351,6.844,59.8221,3.40825,3.39893,20.2908,21.2706,572.605,570.68,1.43853,7.57299,0.986472,5.17488,6.99335,38.5851,38.5851,1.0,1.0,1
60115,31.05.2024 00:02:20.850000,590.13,567.224,6.90622,7.255,6.757,62.7458,3.42085,3.40932,22.0236,21.4587,572.25,570.725,1.4033,8.21245,0.816401,4.9065,6.99418,38.5851,38.5851,1.0,1.0,1
60116,31.05.2024 00:02:20.860000,609.494,558.655,6.99346,7.225,6.812,62.7458,3.41859,3.40091,20.4191,21.6685,572.08,570.735,1.32986,8.40193,0.753699,4.82214,6.99418,38.5851,38.5851,1.0,1.0,1
60117,31.05.2024 00:02:20.870000,609.494,558.655,6.99346,7.225,6.812,62.7458,3.41859,3.40091,20.4191,21.6685,572.08,570.735,1.32986,8.40193,0.753699,4.82214,6.99418,38.5851,38.5851,1.0,1.0,1
60118,31.05.2024 00:02:20.880000,579.501,558.655,6.98318,7.244,6.812,63.5373,3.40232,3.40307,21.2256,22.0727,572.02,570.72,1.44004,8.77483,0.653336,4.55167,6.99384,38.8744,38.8744,1.0,1.0,1
60119,31.05.2024 00:02:20.890000,604.797,559.891,6.99206,7.216,6.8,64.3412,3.38424,3.3994,22.8217,24.0765,571.89,570.69,1.61303,8.66517,0.985613,4.48496,6.9936,39.634,39.634,1.0,1.0,1
60120,31.05.2024 00:02:20.900000,604.797,566.977,6.99206,7.216,6.87,65.1731,3.38424,3.3994,22.8217,24.0765,571.755,570.65,1.66016,8.54505,0.98461,4.48029,6.99327,40.842,40.842,1.0,1.0,1
60121,31.05.2024 00:02:20.910000,594.909,565.329,7.02621,7.157,6.779,65.1731,3.39174,3.39139,18.5981,22.6263,571.69,570.62,2.10697,8.3553,0.931454,4.41143,6.99327,40.842,40.842,1.0,1.0,1
60122,31.05.2024 00:02:20.920000,579.996,565.329,6.98866,7.12,6.779,65.9372,3.39174,3.39139,18.5981,22.6263,571.615,570.635,2.58275,8.0959,0.77121,4.32764,6.99212,40.842,40.842,1.0,1.0,1
60123,31.05.2024 00:02:20.930000,579.996,557.007,6.98866,7.12,6.855,66.5468,3.37844,3.3886,22.2157,21.2678,571.555,570.63,2.76488,7.24581,0.703509,4.07913,6.99157,40.842,40.842,1.0,1.0,1
60124,31.05.2024 00:02:20.940000,597.958,562.774,7.0338,7.152,6.834,66.5468,3.38251,3.38323,19.8694,21.4881,571.415,570.64,2.8488,7.43572,0.55349,3.69677,6.99157,40.842,40.842,1.0,1.0,1
60125,31.05.2024 00:02:20.950000,597.958,562.774,7.0338,7.152,6.834,66.5468,3.38251,3.38323,19.8694,21.4881,571.415,570.64,2.8488,7.43572,0.55349,3.69677,6.99157,40.842,40.842,1.0,1.0,1
60126,31.05.2024 00:02:20.960000,586.835,562.774,7.03978,7.149,6.834,66.8895,3.37891,3.38697,20.6403,21.7384,571.315,570.645,2.77139,7.1926,0.619952,3.47049,6.99129,40.9071,40.9071,1.0,1.0,1
60127,31.05.2024 00:02:20.970000,597.381,565.246,7.07038,7.113,6.845,67.2081,3.37992,3.39695,21.8737,21.3232,571.17,570.615,2.52985,7.13488,0.618098,2.98954,6.99047,40.5599,40.5599,1.0,1.0,1
60128,31.05.2024 00:02:20.980000,597.381,567.224,7.07038,7.113,6.841,67.4951,3.37992,3.39695,21.8737,21.3232,571.04,570.63,2.67502,6.72771,0.603905,2.90055,6.98995,40.5599,40.5599,1.0,1.0,1
60129,31.05.2024 00:02:20.990000,590.872,564.258,7.04753,7.035,6.831,67.4951,3.39433,3.40341,21.0034,23.2707,570.985,570.625,2.62578,6.55996,0.635065,2.79589,6.98995,40.3067,40.3067,1.0,1.0,1
60130,31.05.2024 00:02:21.000000,607.763,564.258,7.07828,7.037,6.831,67.756,3.39433,3.40341,21.0034,23.2707,570.92,570.625,2.60355,6.56985,0.591009,2.78667,6.98914,40.3067,40.3067,1.0,1.0,1
60131,31.05.2024 00:02:21.010000,607.763,558.16,7.07828,7.037,6.858,67.8275,3.39684,3.40378,23.0616,23.9925,570.865,570.61,2.75898,6.52863,0.629641,2.73098,6.98841,40.162,40.162,1.0,1.0,1
60132,31.05.2024 00:02:21.020000,588.647,566.318,7.10954,7.033,6.8,67.8275,3.37978,3.40023,20.2308,22.0863,570.755,570.62,2.70558,6.30632,0.690184,2.72996,6.98841,40.162,40.162,1.0,1.0,1
60133,31.05.2024 00:02:21.030000,588.647,566.318,7.10954,7.033,6.8,67.8275,3.37978,3.40023,20.2308,22.0863,570.755,570.62,2.70558,6.30632,0.690184,2.72996,6.98841,40.162,40.162,1.0,1.0,1
60134,31.05.2024 00:02:21.040000,603.808,566.318,7.06728,7.006,6.8,68.1529,3.37978,3.40023,20.2308,22.0863,570.7,570.625,2.9042,6.58209,0.677302,2.64725,6.98782,40.162,40.162,1.0,1.0,1
60135,31.05.2024 00:02:21.050000,586.835,562.362,7.09899,6.997,6.897,68.4239,3.34878,3.37872,18.8406,22.0749,570.63,570.62,4.09472,6.56216,0.555874,2.62793,6.98763,39.7569,39.7569,1.0,1.0,1
60136,31.05.2024 00:02:21.060000,586.835,563.022,7.09899,6.997,6.854,68.6375,3.34878,3.37872,18.8406,22.0749,570.525,570.6,4.69833,6.61267,0.513028,2.66965,6.98707,39.3519,39.3519,1.0,1.0,1
60137,31.05.2024 00:02:21.070000,598.535,555.606,7.06622,7.032,6.897,68.6375,3.34376,3.3684,19.3651,20.5594,570.465,570.545,4.92283,6.60852,0.442694,2.62481,6.98707,39.3519,39.3519,1.0,1.0,1
60138,31.05.2024 00:02:21.080000,583.127,555.606,7.13901,7.042,6.897,68.7869,3.34376,3.3684,19.3651,20.5594,570.375,570.535,5.19387,6.25767,0.398949,2.63304,6.98692,39.3519,39.3519,1.0,1.0,1
60139,31.05.2024 00:02:21.090000,583.127,561.291,7.13901,7.042,6.912,68.9463,3.35461,3.36773,19.5214,20.4564,570.3,570.515,4.65334,5.37465,0.399025,2.58314,6.98682,39.1638,39.1638,1.0,1.0,1
60140,31.05.2024 00:02:21.100000,585.516,557.419,7.15269,7.057,6.94,68.9463,3.35137,3.36509,20.0556,20.6338,570.125,570.555,3.91079,5.10262,0.471194,2.61483,6.98682,39.1638,39.1638,1.0,1.0,1
60141,31.05.2024 00:02:21.110000,585.516,557.419,7.15269,7.057,6.94,68.9463,3.35137,3.36509,20.0556,20.6338,570.125,570.555,3.91079,5.10262,0.471194,2.61483,6.98682,39.1638,39.1638,1.0,1.0,1
60142,31.05.2024 00:02:21.120000,580.408,557.419,7.13963,7.024,6.94,69.1131,3.33187,3.35797,19.6199,20.1034,570.065,570.595,3.41522,5.02834,0.515814,2.54126,6.9867,38.5634,38.5634,1.0,1.0,1
60143,31.05.2024 00:02:21.130000,580.408,557.419,7.13963,7.024,6.94,69.1131,3.33187,3.35797,19.6199,20.1034,570.065,570.595,3.41522,5.02834,0.515814,2.54126,6.9867,38.5634,38.5634,1.0,1.0,1
60144,31.05.2024 00:02:21.140000,573.898,558.572,7.07352,7.053,6.935,69.1417,3.32261,3.32906,17.1352,17.8966,569.92,570.61,2.24335,6.25357,0.585308,2.31056,6.98645,38.1944,38.1944,1.0,1.0,1
60145,31.05.2024 00:02:21.150000,568.46,515.231,7.11463,7.114,6.956,69.2509,3.2945,3.31605,19.0747,17.8277,569.765,570.575,2.27391,6.73014,0.546322,2.31168,6.98644,37.189,37.189,1.0,1.0,1
60146,31.05.2024 00:02:21.160000,563.516,515.231,7.08869,7.111,6.956,69.3822,3.2945,3.31605,19.0747,17.8277,569.745,570.55,2.45357,7.20461,0.557923,2.36828,6.98671,37.189,37.189,1.0,1.0,1
60147,31.05.2024 00:02:21.170000,563.516,491.748,7.08869,7.111,7.0,69.4826,3.31502,3.2883,16.7719,18.3558,569.725,570.515,3.11223,6.2547,0.459149,2.29697,6.987,36.292,36.292,1.0,1.0,1
60148,31.05.2024 00:02:21.180000,568.954,493.066,7.14365,7.098,6.946,69.4826,3.33332,3.32859,20.0799,15.4466,569.56,570.525,3.83436,5.88642,0.454642,2.21733,6.987,36.292,36.292,1.0,1.0,1
60149,31.05.2024 00:02:21.190000,568.954,493.066,7.14365,7.098,6.946,69.4826,3.33332,3.32859,20.0799,15.4466,569.56,570.525,3.83436,5.88642,0.454642,2.21733,6.987,36.292,36.292,1.0,1.0,1
60150,31.05.2024 00:02:21.200000,576.535,493.066,7.09416,7.093,6.946,69.6158,3.35922,3.33818,20.4561,22.0315,569.465,570.525,4.386,5.86299,0.421234,2.20368,6.98694,35.5613,35.5613,1.0,1.0,1
60151,31.05.2024 00:02:21.210000,579.748,489.029,7.06716,7.07,6.914,69.6433,3.36248,3.36118,20.613,18.974,569.34,570.49,3.58908,5.97821,0.545157,2.19121,6.9876,35.1129,35.1129,1.0,1.0,1
60152,31.05.2024 00:02:21.220000,579.748,484.827,7.06716,7.07,6.908,69.7003,3.36248,3.36118,20.613,18.974,569.22,570.525,3.29033,5.535,0.51916,2.00634,6.98766,34.9465,34.9465,1.0,1.0,1
60153,31.05.2024 00:02:21.230000,556.43,489.441,7.07864,7.061,6.999,69.7003,3.32921,3.362,21.2977,19.7634,569.12,570.575,3.52161,5.38085,0.509461,1.98206,6.98766,34.8452,34.8452,1.0,1.0,1
60154,31.05.2024 00:02:21.240000,571.261,489.441,7.10217,7.08,6.999,69.7988,3.32921,3.362,21.2977,19.7634,569.06,570.555,3.28945,5.81173,0.494978,2.00478,6.98812,34.8452,34.8452,1.0,1.0,1
60155,31.05.2024 00:02:21.250000,571.261,481.036,7.10217,7.08,6.995,69.8492,3.31217,3.34259,19.4037,23.3251,569.015,570.5,2.88148,6.61946,0.462798,2.02526,6.98837,34.838,34.838,1.0,1.0,1
60156,31.05.2024 00:02:21.260000,565.329,460.602,7.08994,7.104,6.871,69.8492,3.30744,3.32735,20.4791,20.0334,568.835,570.415,3.03608,6.35484,0.429364,1.94466,6.98837,34.838,34.838,1.0,1.0,1
60157,31.05.2024 00:02:21.270000,564.752,460.602,7.08964,7.089,6.871,69.9398,3.30744,3.32735,20.4791,20.0334,568.74,570.445,2.69735,5.54761,0.363787,1.85222,6.98819,34.838,34.838,1.0,1.0,1
60158,31.05.2024 00:02:21.280000,564.752,446.347,7.08964,7.089,7.005,69.9694,3.30135,3.32735,18.5276,18.6922,568.685,570.48,1.40319,4.67019,0.370503,1.76927,6.98819,33.4491,33.4491,1.0,1.0,1
60159,31.05.2024 00:02:21.290000,564.34,446.347,7.08736,7.039,7.005,69.9694,3.31038,3.32079,18.4549,22.1299,568.64,570.505,1.70189,5.05416,0.429936,1.7954,6.98849,33.4491,33.4491,1.0,1.0,1
60160,31.05.2024 00:02:21.300000,564.34,451.538,7.08736,7.039,6.852,70.0281,3.31038,3.32079,18.4549,22.1299,568.52,570.465,2.00019,5.88381,0.363242,1.78126,6.98846,32.4653,32.4653,1.0,1.0,1
60161,31.05.2024 00:02:21.310000,567.554,441.98,7.11071,7.051,6.965,70.0281,3.29486,3.3201,18.6688,20.5544,568.475,570.445,1.69637,5.8958,0.437342,1.72941,6.98846,32.4653,32.4653,1.0,1.0,1
60162,31.05.2024 00:02:21.320000,559.808,441.98,7.09536,7.058,6.965,70.0652,3.29486,3.3201,18.6688,20.5544,568.425,570.465,1.93963,5.71964,0.396698,1.7047,6.98869,32.4653,32.4653,1.0,1.0,1
60163,31.05.2024 00:02:21.330000,559.808,431.021,7.09536,7.058,6.861,70.1114,3.29857,3.32247,17.8342,19.6803,568.335,570.49,3.07885,5.25442,0.564282,1.83561,6.98923,30.8883,30.8883,1.0,1.0,1
60164,31.05.2024 00:02:21.340000,555.935,436.706,7.06625,7.013,6.952,70.1114,3.30535,3.32071,19.8872,22.2228,568.2,570.495,3.12141,5.5693,0.603825,1.93078,6.98923,30.8883,30.8883,1.0,1.0,1
60165,31.05.2024 00:02:21.350000,550.085,436.706,7.09032,7.007,6.952,70.1723,3.30535,3.32071,19.8872,22.2228,568.15,570.465,3.21387,6.29426,0.533442,1.87557,6.98913,30.8811,30.8811,1.0,1.0,1
60166,31.05.2024 00:02:21.360000,550.085,441.156,7.09032,7.007,6.914,70.1481,3.3006,3.30892,18.9816,19.6549,568.065,570.42,3.69499,5.90763,0.400271,1.65034,6.98913,30.8811,30.8811,1.0,1.0,1
60167,31.05.2024 00:02:21.370000,545.141,441.156,7.12019,7.022,6.914,70.1481,3.29295,3.30838,19.1483,17.8751,567.935,570.41,3.69943,5.27811,0.37472,1.64423,6.98912,30.8811,30.8811,1.0,1.0,1
60168,31.05.2024 00:02:21.380000,545.141,415.777,7.12019,7.022,6.932,70.143,3.29295,3.30838,19.1483,17.8751,567.755,570.39,2.91976,4.88775,0.374392,1.59962,6.98941,30.476,30.476,1.0,1.0,1
60169,31.05.2024 00:02:21.390000,546.295,386.774,7.13597,7.029,6.916,70.143,3.27546,3.30395,18.2113,20.9002,567.7,570.385,2.21229,4.6991,0.407687,1.56272,6.98941,30.4615,30.4615,1.0,1.0,1
60170,31.05.2024 00:02:21.400000,529.651,386.774,7.13871,7.032,6.916,70.2331,3.27546,3.30395,18.2113,20.9002,567.635,570.37,1.78643,4.44989,0.460005,1.55575,6.99002,30.4615,30.4615,1.0,1.0,1
60171,31.05.2024 00:02:21.410000,529.651,380.347,7.13871,7.032,6.89,70.2504,3.27874,3.31374,18.0767,20.0388,567.565,570.33,2.42833,4.38418,0.407572,1.62778,6.9898,30.4181,30.4181,1.0,1.0,1
60172,31.05.2024 00:02:21.420000,529.651,380.347,7.13871,7.032,6.89,70.2504,3.27874,3.31374,18.0767,20.0388,567.565,570.33,2.42833,4.38418,0.407572,1.62778,6.9898,30.4181,30.4181,1.0,1.0,1
60173,31.05.2024 00:02:21.430000,530.063,374.826,7.11781,7.007,6.921,70.2504,3.29828,3.32149,18.7121,19.9923,567.48,570.275,2.35868,3.82151,0.371111,1.5814,6.9898,30.4615,30.4615,1.0,1.0,1
60174,31.05.2024 00:02:21.440000,519.351,366.257,7.11855,7.002,6.866,70.2574,3.30777,3.32857,19.5347,21.6221,567.34,570.27,3.41639,2.83635,0.45019,1.67065,6.98987,30.599,30.599,1.0,1.0,1
60175,31.05.2024 00:02:21.450000,518.774,366.257,7.1193,7.031,6.866,70.2574,3.31012,3.32491,20.5108,20.8298,567.245,570.265,3.77962,2.88332,0.34928,1.76051,6.99024,30.599,30.599,1.0,1.0,1
60176,31.05.2024 00:02:21.460000,518.774,366.257,7.1193,7.031,6.866,70.2574,3.31012,3.32491,20.5108,20.8298,567.245,570.265,3.77962,2.88332,0.34928,1.76051,6.99024,30.599,30.599,1.0,1.0,1
60177,31.05.2024 00:02:21.470000,518.774,333.298,7.1193,7.031,6.926,70.2209,3.31012,3.32491,20.5108,20.8298,567.095,570.235,3.91423,2.67143,0.266915,1.69825,6.99047,30.6062,30.6062,1.0,1.0,1
60178,31.05.2024 00:02:21.480000,518.774,333.298,7.1193,7.031,6.926,70.2209,3.31012,3.32491,20.5108,20.8298,567.095,570.235,3.91423,2.67143,0.266915,1.69825,6.99047,30.6062,30.6062,1.0,1.0,1
60179,31.05.2024 00:02:21.490000,480.871,316.983,7.1011,7.032,6.924,70.1557,3.2918,3.31598,19.03,19.2111,566.945,570.23,4.05641,2.19402,0.282935,1.54692,6.9903,30.0564,30.0564,1.0,1.0,1
60180,31.05.2024 00:02:21.500000,468.512,268.204,7.09001,7.066,6.939,70.1874,3.26366,3.28744,17.8149,18.2537,566.755,570.195,3.89827,2.40771,0.195767,1.35403,6.99007,29.8322,29.8322,1.0,1.0,1
60181,31.05.2024 00:02:21.510000,470.242,268.204,7.08728,7.118,6.939,70.1672,3.26366,3.28744,17.8149,18.2537,566.705,570.175,3.68123,2.44742,0.190518,1.30824,6.99051,29.9552,29.9552,1.0,1.0,1
60182,31.05.2024 00:02:21.520000,470.242,268.204,7.08728,7.118,6.939,70.1672,3.26366,3.28744,17.8149,18.2537,566.705,570.175,3.68123,2.44742,0.190518,1.30824,6.99051,29.9552,29.9552,1.0,1.0,1
60183,31.05.2024 00:02:21.530000,470.242,229.559,7.08728,7.118,6.937,70.159,3.25833,3.29007,17.0176,17.5338,566.63,570.155,3.9238,2.10407,0.180527,1.21938,6.99051,29.7381,29.7381,1.0,1.0,1
60184,31.05.2024 00:02:21.540000,462.744,182.675,7.14018,7.091,6.911,70.2108,3.26671,3.29975,18.0627,19.918,566.415,570.12,4.60513,1.75449,0.142214,1.22259,6.99078,29.7381,29.7381,1.0,1.0,1
60185,31.05.2024 00:02:21.550000,456.647,189.596,7.11781,7.046,6.927,70.2108,3.27712,3.31155,18.0315,20.9313,566.35,570.12,4.13342,1.49862,0.224139,1.17358,6.99078,28.8701,28.8701,1.0,1.0,1
60186,31.05.2024 00:02:21.560000,446.676,189.596,7.11755,7.034,6.927,70.2031,3.27712,3.31155,18.0315,20.9313,566.31,570.1,3.74216,1.4634,0.186264,1.17276,6.99154,28.8701,28.8701,1.0,1.0,1
60187,31.05.2024 00:02:21.570000,446.676,189.596,7.11755,7.034,6.927,70.2031,3.27712,3.31155,18.0315,20.9313,566.31,570.1,3.74216,1.4634,0.186264,1.17276,6.99154,28.8701,28.8701,1.0,1.0,1
60188,31.05.2024 00:02:21.580000,446.676,182.181,7.11755,7.034,6.912,70.2259,3.28573,3.31052,18.5002,19.3964,566.27,570.11,3.70493,1.24235,0.279368,1.2669,6.99198,28.7109,28.7109,1.0,1.0,1
60189,31.05.2024 00:02:21.590000,446.676,182.181,7.11755,7.034,6.912,70.2259,3.28573,3.31052,18.5002,19.3964,566.27,570.11,3.70493,1.24235,0.279368,1.2669,6.99198,28.7109,28.7109,1.0,1.0,1
60190,31.05.2024 00:02:21.600000,439.837,164.136,7.08449,7.032,6.917,70.2541,3.27592,3.29653,18.9213,19.6334,566.11,570.085,4.01766,1.82698,0.187882,1.16748,6.99291,28.7616,28.7616,1.0,1.0,1
60191,31.05.2024 00:02:21.610000,439.837,164.136,7.08449,7.032,6.917,70.2541,3.27592,3.29653,18.9213,19.6334,566.11,570.085,4.01766,1.82698,0.187882,1.16748,6.99291,28.7616,28.7616,1.0,1.0,1
60192,31.05.2024 00:02:21.620000,417.261,145.184,7.09424,7.009,6.901,70.2497,3.24577,3.26717,17.0417,16.8315,565.995,570.045,4.60134,1.8053,0.273404,1.30241,6.99296,28.7616,28.7616,1.0,1.0,1
60193,31.05.2024 00:02:21.630000,414.294,115.192,7.0935,7.006,6.893,70.1936,3.23238,3.25778,16.947,15.2787,565.77,570.0,4.92939,1.79749,0.132798,1.39029,6.99326,28.3637,28.3637,1.0,1.0,1
60194,31.05.2024 00:02:21.640000,414.294,115.192,7.0935,7.006,6.893,70.1936,3.23238,3.25778,16.947,15.2787,565.77,570.0,4.92939,1.79749,0.132798,1.39029,6.99326,28.3637,28.3637,1.0,1.0,1
60195,31.05.2024 00:02:21.650000,404.736,115.192,7.0836,7.016,6.893,70.1972,3.22676,3.25526,16.5196,15.9841,565.705,570.01,4.81923,1.62391,0.10517,1.3843,6.99389,28.3637,28.3637,1.0,1.0,1
60196,31.05.2024 00:02:21.660000,391.058,91.8731,7.08594,7.018,6.913,70.1906,3.22727,3.25604,15.7914,16.2751,565.515,569.96,4.50917,2.16603,0.119231,1.5404,6.99378,28.3637,28.3637,1.0,1.0,1
60197,31.05.2024 00:02:21.670000,382.159,91.8731,7.10431,7.015,6.913,70.2323,3.22727,3.25604,15.7914,16.2751,565.445,569.905,4.43295,2.10226,0.175995,1.64028,6.99383,27.9659,27.9659,1.0,1.0,1
60198,31.05.2024 00:02:21.680000,382.159,56.2774,7.10431,7.015,6.924,70.225,3.23819,3.25491,16.4437,16.2318,565.385,569.865,4.1917,1.31221,0.183621,1.56284,6.99383,27.908,27.908,1.0,1.0,1
60199,31.05.2024 00:02:21.690000,367.657,56.2774,7.10742,6.979,6.924,70.225,3.24428,3.25587,16.8735,17.007,565.315,569.83,4.20846,0.73221,0.194662,1.59832,6.9944,27.908,27.908,1.0,1.0,1
60200,31.05.2024 00:02:21.700000,367.657,23.4833,7.10742,6.979,6.909,70.1677,3.24428,3.25587,16.8735,17.007,565.23,569.815,4.32766,0.588997,0.0760635,1.59353,6.99464,27.908,27.908,0.0,1.0,1
60201,31.05.2024 00:02:21.710000,357.522,-5.85022,7.12053,6.964,6.887,70.1677,3.24314,3.25629,17.857,17.2079,565.19,569.82,4.24262,0.484154,0.0978321,1.61488,6.99464,27.8646,27.8646,0.0,1.0,1
60202,31.05.2024 00:02:21.720000,357.522,-5.85022,7.12053,6.964,6.887,70.1677,3.24314,3.25629,17.857,17.2079,565.19,569.82,4.24262,0.484154,0.0978321,1.61488,6.99464,27.8646,27.8646,0.0,1.0,1
60203,31.05.2024 00:02:21.730000,350.024,-5.85022,7.07872,6.935,6.887,70.1908,3.2317,3.25637,17.5533,16.882,565.15,569.8,4.54821,0.609045,0.0941948,1.5805,6.99468,27.6548,27.6548,0.0,1.0,1
60204,31.05.2024 00:02:21.740000,350.024,-5.85022,7.07872,6.935,6.887,70.1908,3.2317,3.25637,17.5533,16.882,565.15,569.8,4.54821,0.609045,0.0941948,1.5805,6.99468,27.6548,27.6548,0.0,1.0,1
60205,31.05.2024 00:02:21.750000,339.065,-29.3335,7.12643,6.92,6.872,70.2017,3.22978,3.2606,17.0663,17.7591,565.02,569.795,5.71056,0.317742,0.466664,1.78134,6.99475,27.6548,27.6548,0.0,1.0,1
60206,31.05.2024 00:02:21.760000,329.343,-60.6445,7.08646,6.887,6.88,70.2009,3.23366,3.27079,16.7574,19.0015,564.975,569.785,7.31182,1.22006,0.912491,1.72393,6.99522,27.4088,27.4088,0.0,1.0,1
60207,31.05.2024 00:02:21.770000,313.769,-60.6445,7.12452,6.86,6.88,70.2009,3.24423,3.27371,16.4937,19.2522,564.93,569.765,7.71238,1.31278,1.08772,1.82947,6.99499,27.4088,27.4088,0.0,1.0,1
60208,31.05.2024 00:02:21.780000,313.769,-60.6445,7.12452,6.86,6.88,70.2009,3.24423,3.27371,16.4937,19.2522,564.93,569.765,7.71238,1.31278,1.08772,1.82947,6.99499,27.4088,27.4088,0.0,1.0,1
60209,31.05.2024 00:02:21.790000,313.769,-50.2624,7.12452,6.86,6.92,70.2829,3.24423,3.27371,16.4937,19.2522,564.83,569.74,8.23878,1.6878,1.21684,1.99842,6.99494,27.1123,27.1123,0.0,1.0,1
60210,31.05.2024 00:02:21.800000,313.769,-50.2624,7.12452,6.86,6.92,70.2829,3.24423,3.27371,16.4937,19.2522,564.83,569.74,8.23878,1.6878,1.21684,1.99842,6.99494,27.1123,27.1123,0.0,1.0,1
60211,31.05.2024 00:02:21.810000,265.567,-64.8468,7.14137,6.723,6.905,70.3014,3.24874,3.2788,18.0886,18.966,564.69,569.65,8.086,1.74605,1.36,2.24586,6.9952,26.8952,26.8952,0.0,1.0,1
60212,31.05.2024 00:02:21.820000,252.548,-86.0229,7.11869,6.75,6.943,70.4587,3.24055,3.27465,18.2336,19.3452,564.54,569.565,7.33225,0.532341,1.39632,2.38001,6.99555,26.6638,26.6638,0.0,1.0,1
60213,31.05.2024 00:02:21.830000,244.885,-86.0229,7.12673,6.679,6.943,70.422,3.24055,3.27465,18.2336,19.3452,564.525,569.555,7.11076,0.215386,1.4054,2.41752,6.99577,26.114,26.114,0.0,1.0,1
60214,31.05.2024 00:02:21.840000,244.885,-86.0229,7.12673,6.679,6.943,70.422,3.24055,3.27465,18.2336,19.3452,564.525,569.555,7.11076,0.215386,1.4054,2.41752,6.99577,26.114,26.114,0.0,1.0,1
60215,31.05.2024 00:02:21.850000,244.885,-92.2851,7.12673,6.679,6.946,70.3953,3.24715,3.27483,18.1864,19.2188,564.5,569.56,6.8508,-0.294094,1.54782,2.64543,6.99577,25.8391,25.8391,0.0,1.0,1
60216,31.05.2024 00:02:21.860000,214.316,-82.727,7.1138,6.657,6.966,70.3383,3.25133,3.27465,19.0671,19.0796,564.425,569.525,7.42437,0.192106,1.50752,3.00533,6.99628,25.8536,25.8536,0.0,1.0,1
60217,31.05.2024 00:02:21.870000,208.301,-96.4874,7.12363,6.674,6.972,70.3383,3.24682,3.262,17.8051,18.0936,564.42,569.51,7.43537,0.383616,1.49982,3.17233,6.99628,25.8536,25.8536,0.0,1.0,1
60218,31.05.2024 00:02:21.880000,194.376,-96.4874,7.11196,7.096,6.972,70.3517,3.24682,3.262,17.8051,18.0936,564.415,569.475,7.8691,0.438605,1.55134,3.30852,6.99641,25.8536,25.8536,0.0,1.0,1
60219,31.05.2024 00:02:21.890000,194.376,-262.106,7.11196,7.096,6.918,70.2847,3.22864,3.25556,16.8,17.0943,564.41,569.45,8.87947,0.224852,1.80296,3.68851,6.99683,25.4847,25.4847,0.0,1.0,1
60220,31.05.2024 00:02:21.900000,187.454,-372.848,7.08893,7.188,6.903,70.2847,3.21679,3.25755,17.0148,17.8952,564.37,569.395,9.20183,0.145569,2.0979,4.0595,6.99683,25.4847,25.4847,0.0,1.0,1
60221,31.05.2024 00:02:21.910000,175.671,-372.848,7.08124,7.118,6.903,70.2878,3.21679,3.25755,17.0148,17.8952,564.335,569.395,9.5481,-0.0592191,2.31012,4.34202,6.99736,24.7324,24.7324,0.0,1.0,1
60222,31.05.2024 00:02:21.920000,175.671,-421.298,7.08124,7.118,6.928,70.2318,3.23491,3.26252,16.188,18.3105,564.295,569.375,10.2196,-0.117485,2.49867,4.65907,6.99736,24.7324,24.7324,0.0,1.0,1
60223,31.05.2024 00:02:21.930000,164.383,-421.298,7.08463,6.933,6.928,70.2318,3.25422,3.26734,18.643,18.0485,564.245,569.36,10.5815,0.10232,2.43529,4.85133,6.99791,24.7324,24.7324,0.0,1.0,1
60224,31.05.2024 00:02:21.940000,164.383,-421.298,7.08463,6.933,6.928,70.2318,3.25422,3.26734,18.643,18.0485,564.245,569.36,10.5815,0.10232,2.43529,4.85133,6.99791,24.7324,24.7324,0.0,1.0,1
60225,31.05.2024 00:02:21.950000,164.383,-404.901,7.08463,6.933,6.968,70.196,3.25422,3.26734,18.643,18.0485,564.16,569.34,10.3868,0.248821,2.36714,4.9138,6.9987,24.4719,24.4719,0.0,1.0,1
60226,31.05.2024 00:02:21.960000,139.252,-344.092,7.09845,7.063,6.903,70.2282,3.21765,3.25824,16.8686,18.3535,564.08,569.28,9.26991,0.401709,2.07762,5.32217,6.99875,23.9873,23.9873,0.0,1.0,1
60227,31.05.2024 00:02:21.970000,139.252,-344.092,7.09845,7.063,6.903,70.2282,3.21765,3.25824,16.8686,18.3535,564.08,569.28,9.26991,0.401709,2.07762,5.32217,6.99875,23.9873,23.9873,0.0,1.0,1
60228,31.05.2024 00:02:21.980000,139.252,-437.201,7.09845,7.063,6.885,70.3077,3.21765,3.25824,16.8686,18.3535,564.06,569.25,9.07763,0.111603,2.01192,5.37038,6.99957,23.98,23.98,0.0,1.0,1
60229,31.05.2024 00:02:21.990000,139.252,-437.201,7.09845,7.063,6.885,70.3077,3.21765,3.25824,16.8686,18.3535,564.06,569.25,9.07763,0.111603,2.01192,5.37038,6.99957,23.98,23.98,0.0,1.0,1
60230,31.05.2024 00:02:22.000000,121.371,-503.366,7.08753,6.982,6.891,70.4059,3.19627,3.25924,15.7839,17.4118,564.035,569.165,9.43483,-0.343515,1.8591,5.44058,6.99976,23.98,23.98,0.0,1.0,1
60231,31.05.2024 00:02:22.010000,116.675,-502.789,7.05325,6.908,6.92,70.3832,3.21823,3.25842,15.9439,17.3473,563.995,569.13,9.93968,-0.769443,1.85424,5.70254,6.99966,23.8715,23.8715,0.0,1.0,1
60232,31.05.2024 00:02:22.020000,116.675,-502.789,7.05325,6.908,6.92,70.3832,3.21823,3.25842,15.9439,17.3473,563.995,569.13,9.93968,-0.769443,1.85424,5.70254,6.99966,23.8715,23.8715,0.0,1.0,1
60233,31.05.2024 00:02:22.030000,116.675,-475.268,7.05325,6.908,6.885,70.4158,3.21823,3.25842,15.9439,17.3473,563.93,569.125,9.67924,-0.716804,1.84225,5.88841,7.00045,23.4664,23.4664,0.0,1.0,1
60234,31.05.2024 00:02:22.040000,116.675,-475.268,7.05325,6.908,6.885,70.4158,3.21823,3.25842,15.9439,17.3473,563.93,569.125,9.67924,-0.716804,1.84225,5.88841,7.00045,23.4664,23.4664,0.0,1.0,1
60235,31.05.2024 00:02:22.050000,113.708,-513.583,7.10722,7.103,6.84,70.3561,3.19946,3.25092,15.5593,16.9167,563.875,569.12,9.96788,0.161379,2.06362,7.07006,7.00094,22.8877,22.8877,0.0,1.0,1
60236,31.05.2024 00:02:22.060000,113.708,-513.583,7.10722,7.103,6.84,70.3561,3.19946,3.25092,15.5593,16.9167,563.875,569.12,9.96788,0.161379,2.06362,7.07006,7.00094,22.8877,22.8877,0.0,1.0,1
60237,31.05.2024 00:02:22.070000,107.117,-521.164,7.10013,6.975,6.866,70.3206,3.20005,3.24752,14.6121,17.013,563.825,569.03,10.1332,0.564493,2.07498,7.14381,7.00103,22.2656,22.2656,0.0,1.0,1
60238,31.05.2024 00:02:22.080000,106.128,-506.827,7.09302,6.923,6.903,70.3391,3.21667,3.25012,16.433,17.0797,563.775,568.99,10.2812,-0.0415189,1.8909,7.709,7.00099,21.6797,21.6797,0.0,1.0,1
60239,31.05.2024 00:02:22.090000,106.128,-506.827,7.09302,6.923,6.903,70.3391,3.21667,3.25012,16.433,17.0797,563.775,568.99,10.2812,-0.0415189,1.8909,7.709,7.00099,21.6797,21.6797,0.0,1.0,1
60240,31.05.2024 00:02:22.100000,101.678,-506.827,7.11068,6.981,6.903,70.3391,3.22941,3.25547,16.2733,16.4696,563.73,568.985,10.0161,0.193066,1.59888,7.68634,7.00147,21.1661,21.1661,0.0,1.0,1
60241,31.05.2024 00:02:22.110000,101.678,-506.827,7.11068,6.981,6.903,70.3391,3.22941,3.25547,16.2733,16.4696,563.73,568.985,10.0161,0.193066,1.59888,7.68634,7.00147,21.1661,21.1661,0.0,1.0,1
60242,31.05.2024 00:02:22.120000,101.678,-529.404,7.08352,7.055,6.859,70.3198,3.22064,3.26023,16.3562,17.0454,563.625,568.95,9.42416,0.505839,1.18569,7.67283,7.00172,20.5585,20.5585,0.0,1.0,1
60243,31.05.2024 00:02:22.130000,101.678,-529.404,7.08352,7.055,6.859,70.3198,3.22064,3.26023,16.3562,17.0454,563.625,568.95,9.42416,0.505839,1.18569,7.67283,7.00172,20.5585,20.5585,0.0,1.0,1
60244,31.05.2024 00:02:22.140000,83.4686,-515.561,7.08531,7.044,6.887,70.2585,3.21806,3.26207,16.6882,18.2598,563.555,568.93,8.61065,0.74173,0.953358,7.77546,7.00139,19.9146,19.9146,0.0,1.0,1
60245,31.05.2024 00:02:22.150000,41.7755,-527.344,7.12943,7.001,6.882,70.2465,3.22267,3.26441,16.6929,18.2872,563.525,568.92,8.44851,1.1279,1.05081,7.9053,7.00183,19.0827,19.0827,0.0,1.0,1
60246,31.05.2024 00:02:22.160000,41.7755,-527.344,7.12943,7.001,6.882,70.2465,3.22267,3.26441,16.6929,18.2872,563.525,568.92,8.44851,1.1279,1.05081,7.9053,7.00183,19.0827,19.0827,0.0,1.0,1
60247,31.05.2024 00:02:22.170000,41.7755,-533.276,7.12943,7.001,6.9,70.2528,3.22787,3.26759,16.566,16.8933,563.5,568.925,8.8828,1.94609,1.14088,7.9914,7.00183,19.0827,19.0827,0.0,1.0,1
60248,31.05.2024 00:02:22.180000,35.7605,-526.52,7.09033,7.065,6.912,70.219,3.22837,3.27235,16.8989,18.2238,563.39,568.86,8.79343,1.96267,1.32801,8.16498,7.00194,18.4389,18.4389,0.0,1.0,1
60249,31.05.2024 00:02:22.190000,19.0338,-520.669,7.11257,7.052,6.917,70.219,3.23628,3.28152,17.6913,20.8119,563.345,568.86,8.75969,2.24904,1.19147,8.13363,7.00194,17.8168,17.8168,0.0,1.0,1
60250,31.05.2024 00:02:22.200000,19.0338,-520.669,7.11257,7.052,6.917,70.219,3.23628,3.28152,17.6913,20.8119,563.345,568.86,8.75969,2.24904,1.19147,8.13363,7.00194,17.8168,17.8168,0.0,1.0,1
60251,31.05.2024 00:02:22.210000,-5.43823,-520.669,7.08698,7.021,6.917,70.212,3.25246,3.28575,18.3473,19.8063,563.305,568.86,8.34643,2.09205,1.15726,8.30137,7.00208,17.8168,17.8168,0.0,1.0,1
60252,31.05.2024 00:02:22.220000,-5.43823,-520.669,7.08698,7.021,6.917,70.212,3.25246,3.28575,18.3473,19.8063,563.305,568.86,8.34643,2.09205,1.15726,8.30137,7.00208,17.8168,17.8168,0.0,1.0,1
60253,31.05.2024 00:02:22.230000,-30.4871,-532.617,7.12801,7.07,6.976,70.2364,3.26699,3.2894,18.717,19.4522,563.2,568.845,7.70445,2.51812,0.83354,8.37273,7.00263,17.8168,17.8168,0.0,1.0,1
60254,31.05.2024 00:02:22.240000,-51.2512,-526.19,7.09319,7.121,6.954,70.2132,3.26876,3.28966,19.3839,20.0933,563.125,568.845,7.24737,3.09083,0.540596,8.42193,7.00244,16.3846,16.3846,0.0,1.0,1
60255,31.05.2024 00:02:22.250000,-51.2512,-526.19,7.09319,7.121,6.954,70.2132,3.26876,3.28966,19.3839,20.0933,563.125,568.845,7.24737,3.09083,0.540596,8.42193,7.00244,16.3846,16.3846,0.0,1.0,1
60256,31.05.2024 00:02:22.260000,-49.3561,-526.19,7.09671,7.064,6.954,70.2132,3.25897,3.28842,19.2906,20.2116,563.095,568.825,7.28466,3.38785,0.464323,8.44063,7.00283,16.3846,16.3846,0.0,1.0,1
60257,31.05.2024 00:02:22.270000,-41.6931,-521.823,7.09819,7.006,6.901,70.0978,3.2583,3.29084,19.2754,19.918,562.995,568.79,7.15505,3.26967,0.428395,8.59283,7.00318,16.2905,16.2905,0.0,1.0,1
60258,31.05.2024 00:02:22.280000,-72.5097,-521.823,7.1014,7.02,6.901,70.0908,3.2583,3.29084,19.2754,19.918,562.975,568.79,6.87428,3.16937,0.420431,8.63039,7.00385,16.2905,16.2905,0.0,1.0,1
60259,31.05.2024 00:02:22.290000,-72.5097,-524.212,7.1014,7.02,6.947,70.0459,3.26524,3.29343,18.6334,19.1298,562.945,568.795,6.67031,3.49395,0.374533,8.67265,7.00452,16.3484,16.3484,0.0,1.0,1
60260,31.05.2024 00:02:22.300000,-84.0454,-525.366,7.07693,7.073,6.928,70.0459,3.26702,3.29608,18.5939,19.0585,562.885,568.785,7.08526,3.73171,0.27092,8.62233,7.00452,16.3484,16.3484,0.0,1.0,1
60261,31.05.2024 00:02:22.310000,-62.9516,-525.366,7.11646,7.063,6.928,70.1088,3.26702,3.29608,18.5939,19.0585,562.835,568.77,7.07488,3.76503,0.309552,8.66323,7.00446,16.3484,16.3484,0.0,1.0,1
60262,31.05.2024 00:02:22.320000,-62.9516,-525.696,7.11646,7.063,6.856,70.1164,3.25895,3.29193,18.2296,19.188,562.8,568.735,6.95796,3.60581,0.498185,8.4577,7.00446,16.3484,16.3484,0.0,1.0,1
60263,31.05.2024 00:02:22.330000,-62.9516,-525.696,7.11646,7.063,6.856,70.1164,3.25895,3.29193,18.2296,19.188,562.8,568.735,6.95796,3.60581,0.498185,8.4577,7.00446,16.3484,16.3484,0.0,1.0,1
60264,31.05.2024 00:02:22.340000,-87.8357,-525.696,7.07259,6.999,6.856,70.1164,3.25056,3.29009,18.3981,19.2428,562.735,568.71,6.98998,3.3751,0.484217,8.466,7.00544,16.4569,16.4569,0.0,1.0,1
60265,31.05.2024 00:02:22.350000,-87.8357,-525.696,7.07259,6.999,6.856,70.1164,3.25056,3.29009,18.3981,19.2428,562.735,568.71,6.98998,3.3751,0.484217,8.466,7.00544,16.4569,16.4569,0.0,1.0,1
60266,31.05.2024 00:02:22.360000,-99.6185,-524.048,7.09656,7.002,6.903,70.2092,3.24679,3.28972,17.8876,19.2169,562.665,568.695,6.53645,2.95933,0.538018,8.51488,7.00599,16.1241,16.1241,0.0,1.0,1
60267,31.05.2024 00:02:22.370000,-97.641,-519.186,7.0553,7.032,6.892,70.1826,3.25035,3.29137,17.2393,19.0282,562.6,568.675,7.11987,3.01173,0.636319,8.3435,7.00651,16.0807,16.0807,0.0,1.0,1
60268,31.05.2024 00:02:22.380000,-101.514,-525.531,7.12346,7.016,6.912,70.1826,3.2584,3.29184,17.5413,18.4801,562.505,568.615,7.09413,3.31038,0.7276,7.97215,7.00651,16.0807,16.0807,0.0,1.0,1
60269,31.05.2024 00:02:22.390000,-99.9481,-525.531,7.08099,6.983,6.912,70.1645,3.2584,3.29184,17.5413,18.4801,562.465,568.59,7.11153,3.18616,0.712386,7.5312,7.00665,16.0807,16.0807,0.0,1.0,1
60270,31.05.2024 00:02:22.400000,-99.9481,-525.943,7.08099,6.983,6.861,70.151,3.2554,3.29062,17.4311,18.6277,562.42,568.585,6.58478,2.45329,0.635767,7.19713,7.00665,16.1169,16.1169,0.0,1.0,1
60271,31.05.2024 00:02:22.410000,-99.9481,-525.943,7.0993,6.977,6.861,70.151,3.24211,3.28143,16.1804,18.1884,562.41,568.575,6.51599,2.11002,0.580557,7.21345,7.00704,16.1169,16.1169,0.0,1.0,1
60272,31.05.2024 00:02:22.420000,-99.9481,-525.943,7.0993,6.977,6.861,70.151,3.24211,3.28143,16.1804,18.1884,562.41,568.575,6.51599,2.11002,0.580557,7.21345,7.00704,16.1169,16.1169,0.0,1.0,1
60273,31.05.2024 00:02:22.430000,-99.9481,-526.767,7.0993,6.977,6.848,70.181,3.24211,3.28143,16.1804,18.1884,562.37,568.58,6.98178,2.20237,0.520544,7.15137,7.00694,15.9216,15.9216,0.0,1.0,1
60274,31.05.2024 00:02:22.440000,-99.9481,-526.767,7.0993,6.977,6.848,70.181,3.24211,3.28143,16.1804,18.1884,562.37,568.58,6.98178,2.20237,0.520544,7.15137,7.00694,15.9216,15.9216,0.0,1.0,1
60275,31.05.2024 00:02:22.450000,-105.469,-527.673,7.10819,7.007,6.86,70.1905,3.22581,3.27738,15.3974,16.5751,562.305,568.56,7.60472,2.6172,0.624825,6.88933,7.00729,15.9071,15.9071,0.0,1.0,1
60276,31.05.2024 00:02:22.460000,-116.016,-523.306,7.11496,6.99,6.898,70.2313,3.24557,3.28378,15.5496,17.0152,562.19,568.475,7.77178,2.28026,0.681881,6.86152,7.00769,15.7046,15.7046,0.0,1.0,1
60277,31.05.2024 00:02:22.470000,-110.825,-523.306,7.11536,7.002,6.898,70.2407,3.24557,3.28378,15.5496,17.0152,562.14,568.45,7.71601,1.96683,0.666972,6.82222,7.00773,15.5527,15.5527,0.0,1.0,1
60278,31.05.2024 00:02:22.480000,-110.825,-528.497,7.11536,7.002,6.852,70.2072,3.26315,3.2864,16.4555,16.5376,562.11,568.435,7.45797,1.28959,0.675244,6.73715,7.00773,15.5527,15.5527,0.0,1.0,1
60279,31.05.2024 00:02:22.490000,-110.825,-528.497,7.11536,7.002,6.852,70.2072,3.26315,3.2864,16.4555,16.5376,562.11,568.435,7.45797,1.28959,0.675244,6.73715,7.00773,15.5527,15.5527,0.0,1.0,1
60280,31.05.2024 00:02:22.500000,-114.45,-528.497,7.10336,7.033,6.852,70.1746,3.26626,3.28566,16.2264,16.0216,562.07,568.385,7.322,1.02372,0.708874,6.83947,7.00775,15.4586,15.4586,0.0,1.0,1
60281,31.05.2024 00:02:22.510000,-114.45,-528.497,7.10336,7.033,6.852,70.1746,3.26626,3.28566,16.2264,16.0216,562.07,568.385,7.322,1.02372,0.708874,6.83947,7.00775,15.4586,15.4586,0.0,1.0,1
60282,31.05.2024 00:02:22.520000,-129.446,-524.048,7.13694,7.034,6.909,70.1746,3.25116,3.28722,15.8676,17.5441,562.04,568.34,7.72701,0.807423,0.773829,6.85032,7.00805,15.4731,15.4731,0.0,1.0,1
60283,31.05.2024 00:02:22.530000,-143.784,-521.576,7.1603,7.024,6.909,70.1109,3.24303,3.28732,16.2218,16.9415,562.005,568.32,8.56908,0.172053,0.811982,6.87867,7.00849,15.1765,15.1765,0.0,1.0,1
60284,31.05.2024 00:02:22.540000,-164.548,-526.272,7.08465,7.02,6.968,70.1109,3.24865,3.29636,15.6911,16.8941,561.97,568.32,8.91025,0.0838149,0.863781,6.93518,7.00849,15.1765,15.1765,0.0,1.0,1
60285,31.05.2024 00:02:22.550000,-180.286,-526.272,7.07944,7.065,6.968,70.1477,3.24865,3.29636,15.6911,16.8941,561.945,568.315,9.48738,0.303282,0.928519,6.932,7.00879,15.1765,15.1765,0.0,1.0,1
60286,31.05.2024 00:02:22.560000,-180.286,-526.684,7.07944,7.065,6.987,70.1058,3.26856,3.30448,15.9337,18.1009,561.91,568.32,9.49554,0.68566,0.983633,7.22235,7.00879,15.2054,15.2054,0.0,1.0,1
60287,31.05.2024 00:02:22.570000,-197.589,-526.684,7.11797,7.117,6.987,70.1058,3.28046,3.30522,16.4974,18.5187,561.855,568.29,9.4102,0.926832,0.948798,7.22668,7.0094,15.2054,15.2054,0.0,1.0,1
60288,31.05.2024 00:02:22.580000,-197.589,-526.849,7.11797,7.117,6.976,70.1438,3.28046,3.30522,16.4974,18.5187,561.78,568.195,8.79934,0.859862,0.938916,7.29409,7.00944,14.7569,14.7569,0.0,1.0,1
60289,31.05.2024 00:02:22.590000,-197.589,-526.849,7.11797,7.117,6.976,70.1438,3.28046,3.30522,16.4974,18.5187,561.78,568.195,8.79934,0.859862,0.938916,7.29409,7.00944,14.7569,14.7569,0.0,1.0,1
60290,31.05.2024 00:02:22.600000,-206.735,-524.542,7.11242,7.089,6.923,70.1438,3.28536,3.30314,16.2584,17.6972,561.765,568.16,8.62834,1.0075,0.757983,7.24999,7.00944,14.7569,14.7569,0.0,1.0,1
60291,31.05.2024 00:02:22.610000,-207.806,-520.01,7.12694,7.047,6.935,70.1987,3.27989,3.30294,16.8803,18.964,561.745,568.13,8.58967,-0.474817,0.690651,7.35915,7.01018,14.6195,14.6195,0.0,1.0,1
60292,31.05.2024 00:02:22.620000,-220.166,-526.19,7.13864,7.027,6.922,70.1987,3.27418,3.30142,17.2168,18.6918,561.715,568.1,8.62946,-0.487423,0.745037,7.39617,7.01018,14.6195,14.6195,0.0,1.0,1
60293,31.05.2024 00:02:22.630000,-231.042,-526.19,7.13245,7.034,6.922,70.2926,3.27418,3.30142,17.2168,18.6918,561.705,568.085,8.98056,-0.296652,0.856238,7.30796,7.01099,14.3736,14.3736,0.0,1.0,1
60294,31.05.2024 00:02:22.640000,-231.042,-528.003,7.13245,7.034,6.936,70.3581,3.27925,3.3107,17.7701,18.1669,561.68,568.08,9.64834,-0.682571,1.31644,7.58951,7.01099,14.1638,14.1638,0.0,1.0,1
60295,31.05.2024 00:02:22.650000,-238.788,-528.003,7.12865,7.077,6.936,70.3581,3.29221,3.3154,17.6531,19.0124,561.675,568.075,9.96398,-0.188679,1.50052,7.60033,7.01156,14.1638,14.1638,0.0,1.0,1
60296,31.05.2024 00:02:22.660000,-238.788,-523.141,7.12865,7.077,6.932,70.4524,3.29221,3.3154,17.6531,19.0124,561.64,568.055,9.98982,0.0592883,1.67925,7.55205,7.01168,13.9178,13.9178,0.0,1.0,1
60297,31.05.2024 00:02:22.670000,-238.788,-523.141,7.12865,7.077,6.932,70.4524,3.29221,3.3154,17.6531,19.0124,561.64,568.055,9.98982,0.0592883,1.67925,7.55205,7.01168,13.9178,13.9178,0.0,1.0,1
60298,31.05.2024 00:02:22.680000,-249.335,-518.115,7.13551,7.077,6.918,70.4524,3.29632,3.3136,17.2858,18.2026,561.63,568.035,10.4519,0.365929,1.88382,7.62418,7.01168,13.614,13.614,0.0,1.0,1
60299,31.05.2024 00:02:22.690000,-253.784,-518.445,7.09107,7.043,6.928,70.353,3.29057,3.31006,17.4093,18.0154,561.555,567.96,10.7614,0.249418,2.13917,7.57438,7.01302,13.5127,13.5127,0.0,1.0,1
