,time,Pinceur Inf Mesure de courant,Pinceur Sup Mesure de courant,Mandrin - Vitesse Actuelle,Pinceur Sup Mesure vitesse lineaire,Pinceur Inf Mesure vitesse lineaire,Mandrin - Mesure Expansion,Pinceur Nord Position entrefer estimee,Pinceur Sud Position entrefer estimee,Pinceur Nord Force entrefer calibree,Pinceur Sud Force entrefer calibree,Guides Nord Entree Position mesuree,Guides Nord Sortie Position mesuree,Guides Nord Entree Force pour regulateur PI,Guides Nord Sortie Force pour regulateur PI,Guides Sud Entree Force pour regulateur PI,Guides Sud Sortie Force pour regulateur PI,Mandrin - Vitesse Actuelle F10,_Excentrage largeur bande jauge bob,_Excentrage largeur bande jauge bob.1,TDB pinceur,Fenetre,Declancheur
55800,30.05.2024 23:02:52.180000,63.6108,68.5547,9.38027,10.555,10.246,31.2493,2.72932,2.06358,27.8935,19.8868,672.895,673.67,4.42877,6.12293,0.474974,0.546263,8.83756,20.4138,20.4138,1.0,1.0,1
55801,30.05.2024 23:02:52.190000,63.6108,68.5547,9.36933,10.555,10.246,31.2218,2.78324,2.04531,36.878,16.7488,671.445,672.19,3.52386,3.86707,1.08723,0.569064,8.83756,23.083,23.083,1.0,1.0,1
55802,30.05.2024 23:02:52.200000,63.6108,68.5547,9.36933,10.555,10.246,31.2218,2.78324,2.04531,36.878,16.7488,671.445,672.19,3.52386,3.86707,1.08723,0.569064,8.83756,23.083,23.083,1.0,1.0,1
55803,30.05.2024 23:02:52.210000,128.21,81.2439,9.36933,10.474,10.25,31.2218,2.75973,2.0461,40.65,17.0264,670.195,670.97,2.43952,2.04332,1.37043,0.468218,8.83744,23.112,23.112,1.0,1.0,1
55804,30.05.2024 23:02:52.220000,128.21,81.2439,9.36933,10.474,10.25,31.2218,2.75973,2.0461,40.65,17.0264,670.195,670.97,2.43952,2.04332,1.37043,0.468218,8.83744,23.112,23.112,1.0,1.0,1
55805,30.05.2024 23:02:52.230000,143.124,96.8994,9.36273,10.374,10.221,31.2292,2.44462,2.10661,33.0026,26.2935,669.145,669.885,1.23023,0.740181,1.37079,0.453036,8.83724,23.112,23.112,1.0,1.0,1
55806,30.05.2024 23:02:52.240000,176.907,103.738,9.36536,10.358,10.131,31.2738,2.25198,2.10723,20.7036,24.4416,668.195,668.95,0.709846,0.0946711,1.50229,0.39119,8.83669,29.6658,29.6658,1.0,1.0,1
55807,30.05.2024 23:02:52.250000,176.907,103.738,9.36536,10.358,10.131,31.2738,2.25198,2.10723,20.7036,24.4416,668.195,668.95,0.709846,0.0946711,1.50229,0.39119,8.83669,29.6658,29.6658,1.0,1.0,1
55808,30.05.2024 23:02:52.260000,222.308,120.712,9.36536,10.349,10.028,31.2738,2.13956,2.08009,15.1439,15.4602,667.21,668.025,0.719367,0.505424,1.32842,0.499697,8.83669,30.3385,30.3385,1.0,1.0,1
55809,30.05.2024 23:02:52.270000,222.308,120.712,9.36536,10.349,10.028,31.2738,2.13956,2.08009,15.1439,15.4602,667.21,668.025,0.719367,0.505424,1.32842,0.499697,8.83669,30.3385,30.3385,1.0,1.0,1
55810,30.05.2024 23:02:52.280000,285.754,158.78,9.36561,10.242,9.891,31.3371,2.23137,2.03278,12.8279,17.9408,666.335,667.05,0.935624,1.77623,1.22722,0.466517,8.83585,32.5087,32.5087,1.0,1.0,1
55811,30.05.2024 23:02:52.290000,285.754,158.78,9.36561,10.242,9.891,31.3371,2.23137,2.03278,12.8279,17.9408,666.335,667.05,0.935624,1.77623,1.22722,0.466517,8.83585,32.5087,32.5087,1.0,1.0,1
55812,30.05.2024 23:02:52.300000,405.148,322.998,9.35388,10.029,9.743,31.2448,2.58746,1.91072,26.3366,18.9074,665.335,665.965,2.14485,3.53078,1.23246,0.446929,8.83629,33.6733,33.6733,1.0,1.0,1
55813,30.05.2024 23:02:52.310000,515.726,405.148,9.35625,9.913,9.552,31.2647,2.685,1.87102,34.0129,6.13944,664.2,664.715,3.65364,5.10421,0.336145,0.373869,8.83701,33.695,33.695,1.0,1.0,1
55814,30.05.2024 23:02:52.320000,515.726,405.148,9.35625,9.913,9.552,31.2647,2.685,1.87102,34.0129,6.13944,664.2,664.715,3.65364,5.10421,0.336145,0.373869,8.83701,33.695,33.695,1.0,1.0,1
55815,30.05.2024 23:02:52.330000,515.726,405.148,9.36006,9.913,9.552,31.2679,2.63918,1.87716,36.1001,1.02386,662.925,663.345,4.81834,6.58348,0.139605,0.327475,8.83682,33.695,33.695,1.0,1.0,1
55816,30.05.2024 23:02:52.340000,515.726,405.148,9.36006,9.913,9.552,31.2679,2.63918,1.87716,36.1001,1.02386,662.925,663.345,4.81834,6.58348,0.139605,0.327475,8.83682,33.695,33.695,1.0,1.0,1
55817,30.05.2024 23:02:52.350000,606.692,551.568,9.36594,9.744,9.479,31.3203,2.26134,1.95114,30.3253,10.2637,661.54,661.89,5.45951,7.21299,1.05931,0.342608,8.83692,37.3553,37.3553,1.0,1.0,1
55818,30.05.2024 23:02:52.360000,629.022,580.16,9.35805,9.769,9.482,31.2943,1.97432,2.02141,20.4198,16.4264,660.07,660.425,5.56054,7.13882,1.73289,0.686808,8.83764,38.0787,38.0787,1.0,1.0,1
55819,30.05.2024 23:02:52.370000,629.022,606.445,9.36103,9.751,9.482,31.361,1.95278,2.03288,12.785,15.977,658.61,658.885,5.19813,6.89997,1.38087,0.857043,8.83798,38.0787,38.0787,1.0,1.0,1
55820,30.05.2024 23:02:52.380000,629.022,606.445,9.36103,9.751,9.482,31.361,1.95278,2.03288,12.785,15.977,658.61,658.885,5.19813,6.89997,1.38087,0.857043,8.83798,38.0787,38.0787,1.0,1.0,1
55821,30.05.2024 23:02:52.390000,659.839,606.445,9.36103,9.751,9.425,31.2747,1.96867,2.04144,6.78399,16.1338,657.175,657.295,4.95474,6.57432,1.36817,0.802954,8.83798,44.4228,44.4228,1.0,1.0,1
55822,30.05.2024 23:02:52.400000,659.839,606.445,9.36103,9.751,9.425,31.2747,1.96867,2.04144,6.78399,16.1338,657.175,657.295,4.95474,6.57432,1.36817,0.802954,8.83798,44.4228,44.4228,1.0,1.0,1
55823,30.05.2024 23:02:52.410000,683.075,651.352,9.35193,9.694,9.421,31.3347,2.09143,2.03475,11.2821,19.1818,655.705,655.785,4.89806,5.78913,1.42058,0.84738,8.83864,42.9037,42.9037,1.0,1.0,1
55824,30.05.2024 23:02:52.420000,683.075,651.352,9.35193,9.694,9.421,31.3347,2.09143,2.03475,11.2821,19.1818,655.705,655.785,4.89806,5.78913,1.42058,0.84738,8.83864,42.9037,42.9037,1.0,1.0,1
55825,30.05.2024 23:02:52.430000,698.73,690.738,9.35961,9.592,9.381,31.3144,2.3639,1.98389,19.1129,17.7986,654.25,654.4,5.14273,5.50136,1.16837,0.886668,8.83792,42.9037,42.9037,1.0,1.0,1
55826,30.05.2024 23:02:52.440000,705.816,700.625,9.3572,9.565,9.351,31.259,2.44757,1.99436,26.8086,12.4161,652.74,652.945,5.80021,6.1346,0.795351,0.900794,8.83807,42.2309,42.2309,1.0,1.0,1
55827,30.05.2024 23:02:52.450000,705.816,700.296,9.3542,9.468,9.351,31.2814,2.41721,2.00549,30.1487,17.0036,651.155,651.3,6.52358,6.82907,0.607164,0.952204,8.83763,42.2309,42.2309,1.0,1.0,1
55828,30.05.2024 23:02:52.460000,702.356,700.296,9.3542,9.468,9.368,31.1915,2.36292,2.0162,27.5631,21.0619,649.48,649.65,6.88602,7.01202,0.479155,0.976401,8.83763,42.2309,42.2309,1.0,1.0,1
55829,30.05.2024 23:02:52.470000,696.505,695.27,9.35944,9.431,9.296,31.1915,2.29662,2.01959,27.5631,21.0619,649.48,649.65,6.88602,7.01202,0.479155,0.976401,8.83791,43.8006,43.8006,1.0,1.0,1
55830,30.05.2024 23:02:52.480000,696.505,695.27,9.35666,9.431,9.296,31.2319,2.23494,2.02012,22.9138,15.4636,647.805,648.085,6.69576,7.08771,0.355394,0.98596,8.83785,45.3704,45.3704,1.0,1.0,1
55831,30.05.2024 23:02:52.490000,701.037,693.21,9.35666,9.448,9.316,31.2319,2.14947,2.02186,22.9138,15.4636,647.805,648.085,6.69576,7.08771,0.355394,0.98596,8.83785,45.3704,45.3704,1.0,1.0,1
55832,30.05.2024 23:02:52.500000,696.753,695.022,9.35096,9.44,9.262,31.2218,2.14275,2.01279,17.9289,16.0716,646.135,646.435,6.42498,7.19039,0.382528,1.01648,8.83755,46.1372,46.1372,1.0,1.0,1
55833,30.05.2024 23:02:52.510000,696.753,695.022,9.35096,9.44,9.262,31.2218,2.14275,2.01279,17.9289,16.0716,646.135,646.435,6.42498,7.19039,0.382528,1.01648,8.83755,46.1372,46.1372,1.0,1.0,1
55834,30.05.2024 23:02:52.520000,696.753,695.022,9.35154,9.44,9.262,31.1043,2.15619,2.00162,16.5134,17.0379,644.465,644.82,5.94358,7.20385,0.44803,1.0666,8.83755,46.2312,46.2312,1.0,1.0,1
55835,30.05.2024 23:02:52.530000,696.753,695.022,9.35154,9.44,9.262,31.1043,2.15619,2.00162,16.5134,17.0379,644.465,644.82,5.94358,7.20385,0.44803,1.0666,8.83755,46.2312,46.2312,1.0,1.0,1
55836,30.05.2024 23:02:52.540000,697.659,694.775,9.35224,9.368,9.244,31.1376,2.27966,1.9483,19.3384,15.0713,642.83,643.195,5.55865,7.28258,0.394804,1.07498,8.83681,46.3035,46.3035,1.0,1.0,1
55837,30.05.2024 23:02:52.550000,697.165,690.985,9.34874,9.322,9.224,31.123,2.3429,1.91862,22.3516,11.11,641.16,641.57,5.47112,7.45938,0.451845,1.09286,8.83751,47.7792,47.7792,1.0,1.0,1
55838,30.05.2024 23:02:52.560000,697.165,690.985,9.35638,9.322,9.224,31.1927,2.34967,1.91644,25.4882,10.1723,639.475,639.91,5.32901,7.55594,0.439627,1.12494,8.83642,49.5443,49.5443,1.0,1.0,1
55839,30.05.2024 23:02:52.570000,697.741,693.457,9.35638,9.218,9.211,31.1927,2.32321,1.92151,25.4882,10.1723,639.475,639.91,5.32901,7.55594,0.439627,1.12494,8.83642,49.5443,49.5443,1.0,1.0,1
55840,30.05.2024 23:02:52.580000,697.741,693.457,9.35638,9.218,9.211,31.1927,2.32321,1.92151,25.4882,10.1723,639.475,639.91,5.32901,7.55594,0.439627,1.12494,8.83642,49.5443,49.5443,1.0,1.0,1
55841,30.05.2024 23:02:52.590000,704.992,699.389,9.35499,9.181,9.198,31.1501,2.29936,1.93045,25.3106,9.33761,637.79,638.26,5.30111,7.76518,0.342955,1.07412,8.8371,51.0417,51.0417,1.0,1.0,1
55842,30.05.2024 23:02:52.600000,699.142,683.652,9.34713,9.135,9.141,31.1986,2.2282,1.95668,23.9845,11.9674,636.1,636.6,5.20635,8.15227,0.270525,1.06249,8.8368,53.4577,53.4577,1.0,1.0,1
55843,30.05.2024 23:02:52.610000,699.142,683.652,9.34713,9.135,9.141,31.1986,2.2282,1.95668,23.9845,11.9674,636.1,636.6,5.20635,8.15227,0.270525,1.06249,8.8368,53.4577,53.4577,1.0,1.0,1
55844,30.05.2024 23:02:52.620000,699.142,694.446,9.36667,9.139,9.141,31.1937,2.21477,1.96161,22.1891,11.3835,634.44,634.965,5.10595,8.07658,0.356222,1.12187,8.83726,53.4577,53.4577,1.0,1.0,1
55845,30.05.2024 23:02:52.630000,697.906,694.034,9.37463,9.111,9.1,31.2051,2.19996,1.96428,21.1001,15.4354,632.76,633.32,5.10049,8.24948,0.340944,1.13261,8.8371,54.9117,54.9117,1.0,1.0,1
55846,30.05.2024 23:02:52.640000,697.906,694.034,9.37532,9.111,9.1,31.2543,2.20333,1.96401,22.2345,15.5532,631.2,631.685,5.03375,8.59023,0.37771,1.16062,8.83715,54.9117,54.9117,1.0,1.0,1
55847,30.05.2024 23:02:52.650000,694.858,707.629,9.37532,9.097,9.065,31.2543,2.20474,1.96716,22.2345,15.5532,631.2,631.685,5.03375,8.59023,0.37771,1.16062,8.83715,54.9117,54.9117,1.0,1.0,1
55848,30.05.2024 23:02:52.660000,696.753,698.071,9.38381,8.997,9.056,31.2507,2.19927,1.96921,22.3386,14.7513,629.685,630.075,5.82054,8.66454,0.370691,1.26929,8.83727,54.022,54.022,1.0,1.0,1
55849,30.05.2024 23:02:52.670000,694.858,707.629,9.37532,9.097,9.065,31.2543,2.20474,1.96716,22.2345,15.5532,631.2,631.685,5.03375,8.59023,0.37771,1.16062,8.83715,54.022,54.022,1.0,1.0,1
55850,30.05.2024 23:02:52.680000,690.902,694.775,9.39532,8.987,9.029,31.3253,2.15588,1.97164,22.2345,15.5532,631.2,631.685,5.03375,8.59023,0.37771,1.16062,8.83795,51.6204,51.6204,1.0,1.0,1
55851,30.05.2024 23:02:52.690000,690.902,679.284,9.37846,8.994,9.029,31.3395,2.07993,1.98379,18.0488,12.9494,626.465,626.88,8.12209,9.74215,0.375372,2.72203,8.83812,51.9965,51.9965,1.0,1.0,1
55852,30.05.2024 23:02:52.700000,691.314,679.284,9.37846,8.994,9.023,31.3829,2.04024,1.9873,15.3865,14.6395,624.915,625.3,9.22145,10.6199,0.649382,4.31082,8.83812,51.9965,51.9965,1.0,1.0,1
55853,30.05.2024 23:02:52.710000,690.573,689.914,9.38682,8.938,9.002,31.3829,2.00764,1.99087,15.3865,14.6395,624.915,625.3,9.22145,10.6199,0.649382,4.31082,8.83849,51.9965,51.9965,1.0,1.0,1
55854,30.05.2024 23:02:52.720000,690.573,689.914,9.38682,8.938,9.002,31.3829,2.00764,1.99087,15.3865,14.6395,624.915,625.3,9.22145,10.6199,0.649382,4.31082,8.83849,51.9965,51.9965,1.0,1.0,1
55855,30.05.2024 23:02:52.730000,690.573,689.914,9.38696,8.938,9.002,31.3582,1.98388,1.99351,14.2038,18.6265,623.41,623.735,10.4516,11.5482,1.38411,6.63063,8.83849,51.6493,51.6493,1.0,1.0,1
55856,30.05.2024 23:02:52.740000,680.273,689.007,9.37593,8.916,9.004,31.3393,1.98463,1.98058,12.0666,17.3385,621.895,622.215,11.2394,9.99999,2.46227,9.34749,8.83964,49.6383,49.6383,1.0,1.0,1
55857,30.05.2024 23:02:52.750000,680.273,689.007,9.3723,8.916,9.004,31.4054,1.99947,1.97433,11.3877,15.3801,621.58,621.7,5.6576,0.242739,3.44116,12.0073,8.83964,49.6383,49.6383,1.0,1.0,1
55858,30.05.2024 23:02:52.760000,646.326,677.225,9.3723,8.957,8.975,31.4054,2.02202,1.97075,11.3877,15.3801,621.58,621.7,5.6576,0.242739,3.44116,12.0073,8.83933,49.6383,49.6383,1.0,1.0,1
55859,30.05.2024 23:02:52.770000,646.326,683.899,9.37733,8.984,8.975,31.3634,2.07532,1.95472,14.0235,15.1102,621.535,622.5,4.98625,-2.59557,4.70961,14.3933,8.83922,46.6869,46.6869,1.0,1.0,1
55860,30.05.2024 23:02:52.780000,619.299,683.899,9.37733,8.984,8.955,31.2457,2.09355,1.95292,15.7834,14.3284,621.625,622.77,2.96274,3.23717,5.74121,16.3669,8.83922,46.6869,46.6869,1.0,1.0,1
55861,30.05.2024 23:02:52.790000,604.88,676.565,9.37338,8.963,8.951,31.2457,2.103,1.95536,15.7834,14.3284,621.625,622.77,2.96274,3.23717,5.74121,16.3669,8.83927,43.6921,43.6921,1.0,1.0,1
55862,30.05.2024 23:02:52.800000,604.88,676.565,9.37737,8.963,8.951,31.1965,2.10457,1.95421,17.7122,12.8015,621.91,622.51,3.13994,5.05121,6.07204,17.4991,8.83911,41.059,41.059,1.0,1.0,1
55863,30.05.2024 23:02:52.810000,573.569,644.018,9.37737,8.963,8.967,31.1965,2.07269,1.95941,17.7122,12.8015,621.91,622.51,3.13994,5.05121,6.07204,17.4991,8.83911,41.059,41.059,1.0,1.0,1
55864,30.05.2024 23:02:52.820000,517.209,609.247,9.38501,9.013,8.979,31.1917,2.04716,1.96398,17.0653,12.8019,621.885,622.52,4.54751,3.84435,5.7744,17.7003,8.8387,38.151,38.151,1.0,1.0,1
55865,30.05.2024 23:02:52.830000,517.209,609.247,9.38241,9.013,8.979,31.1155,2.01736,1.96518,15.0671,14.2458,622.015,622.7,5.27413,4.945,5.09609,17.1711,8.8387,38.151,38.151,1.0,1.0,1
55866,30.05.2024 23:02:52.840000,517.209,609.247,9.38241,9.013,8.979,31.1155,2.01736,1.96518,15.0671,14.2458,622.015,622.7,5.27413,4.945,5.09609,17.1711,8.8387,38.151,38.151,1.0,1.0,1
55867,30.05.2024 23:02:52.850000,495.703,578.677,9.38241,9.016,8.967,31.1155,2.00051,1.95904,13.4343,14.5951,621.94,622.59,6.55864,6.46218,4.16499,16.7332,8.83795,38.1149,38.1149,1.0,1.0,1
55868,30.05.2024 23:02:52.860000,495.703,578.677,9.38241,9.016,8.967,31.1155,2.00051,1.95904,13.4343,14.5951,621.94,622.59,6.55864,6.46218,4.16499,16.7332,8.83795,38.1149,38.1149,1.0,1.0,1
55869,30.05.2024 23:02:52.870000,468.1,542.422,9.36808,9.002,9.017,31.2105,1.98401,1.94698,12.1753,11.9968,621.8,622.395,6.70234,6.16108,3.51034,16.7264,8.8391,34.932,34.932,1.0,1.0,1
55870,30.05.2024 23:02:52.880000,459.613,521.905,9.36466,8.999,9.032,31.2295,2.01766,1.94301,14.59,14.4016,621.64,622.305,6.04965,4.93257,3.04267,16.6648,8.83765,32.2989,32.2989,1.0,1.0,1
55871,30.05.2024 23:02:52.890000,459.613,521.905,9.36466,8.999,9.032,31.2295,2.01766,1.94301,14.59,14.4016,621.64,622.305,6.04965,4.93257,3.04267,16.6648,8.83765,32.2989,32.2989,1.0,1.0,1
55872,30.05.2024 23:02:52.900000,472.714,514.819,9.36466,9.069,9.065,31.2295,2.05826,1.93081,17.2214,12.8353,621.645,622.32,4.56942,4.09873,2.71856,16.5449,8.83765,31.9444,31.9444,1.0,1.0,1
55873,30.05.2024 23:02:52.910000,472.714,514.819,9.36466,9.069,9.065,31.2295,2.05826,1.93081,17.2214,12.8353,621.645,622.32,4.56942,4.09873,2.71856,16.5449,8.83765,31.9444,31.9444,1.0,1.0,1
55874,30.05.2024 23:02:52.920000,470.654,519.269,9.35541,9.107,9.058,31.3516,2.07758,1.93366,17.8837,12.2325,621.805,622.39,3.85886,3.62603,2.49029,16.2509,8.83735,31.5755,31.5755,1.0,1.0,1
55875,30.05.2024 23:02:52.930000,470.654,519.269,9.35541,9.107,9.058,31.3516,2.07758,1.93366,17.8837,12.2325,621.805,622.39,3.85886,3.62603,2.49029,16.2509,8.83735,31.5755,31.5755,1.0,1.0,1
55876,30.05.2024 23:02:52.940000,462.085,512.182,9.33422,9.083,9.12,31.3343,2.02051,1.93766,17.5023,13.0052,621.84,622.375,4.29781,3.77127,2.66255,15.9435,8.83754,31.5755,31.5755,1.0,1.0,1
55877,30.05.2024 23:02:52.950000,474.609,520.752,9.31837,9.219,9.218,31.3309,1.96706,1.93352,16.3329,14.768,621.82,622.285,4.66283,3.77551,2.55783,15.6311,8.83734,31.5538,31.5538,1.0,1.0,1
55878,30.05.2024 23:02:52.960000,474.609,520.752,9.30456,9.219,9.218,31.2069,1.94513,1.93114,13.1313,13.075,621.82,622.26,4.73308,3.0363,2.49437,15.3275,8.8377,29.9335,29.9335,1.0,1.0,1
55879,30.05.2024 23:02:52.970000,476.01,526.437,9.30456,9.202,9.193,31.2069,1.93974,1.93289,13.1313,13.075,621.82,622.26,4.73308,3.0363,2.49437,15.3275,8.8377,29.9335,29.9335,1.0,1.0,1
55880,30.05.2024 23:02:52.980000,470.489,519.351,9.28419,9.264,9.207,31.1512,1.95027,1.93546,12.5734,12.6306,621.79,622.29,4.86393,2.60735,2.49205,15.0148,8.83799,28.9858,28.9858,1.0,1.0,1
55881,30.05.2024 23:02:52.990000,470.489,519.351,9.28419,9.264,9.207,31.1512,1.95027,1.93546,12.5734,12.6306,621.79,622.29,4.86393,2.60735,2.49205,15.0148,8.83799,28.9858,28.9858,1.0,1.0,1
55882,30.05.2024 23:02:53.000000,470.489,519.351,9.26227,9.264,9.207,31.2076,1.97556,1.93532,12.3273,13.4507,621.75,622.25,4.63756,2.87486,2.46665,14.78,8.83799,28.9858,28.9858,1.0,1.0,1
55883,30.05.2024 23:02:53.010000,481.036,515.726,9.24988,9.233,9.192,31.2379,2.04575,1.94589,16.3498,14.3395,621.745,622.19,4.19257,2.66763,2.37322,14.6343,8.83897,27.0906,27.0906,1.0,1.0,1
55884,30.05.2024 23:02:53.020000,479.883,515.726,9.24988,9.233,9.16,31.1284,2.06097,1.94861,16.1897,12.789,621.785,622.205,3.94029,2.16857,2.4997,14.5464,8.83897,27.0906,27.0906,1.0,1.0,1
55885,30.05.2024 23:02:53.030000,472.796,531.134,9.25016,9.229,9.161,31.1284,2.06965,1.95002,16.1897,12.789,621.785,622.205,3.94029,2.16857,2.4997,14.5464,8.83953,27.0978,27.0978,1.0,1.0,1
55886,30.05.2024 23:02:53.040000,472.796,531.134,9.25016,9.229,9.161,31.1284,2.06965,1.95002,16.1897,12.789,621.785,622.205,3.94029,2.16857,2.4997,14.5464,8.83953,27.0978,27.0978,1.0,1.0,1
55887,30.05.2024 23:02:53.050000,472.796,531.134,9.2225,9.229,9.161,31.1281,2.05942,1.95143,17.136,14.1624,621.805,622.245,4.04804,2.42206,2.59824,14.582,8.84013,27.0978,27.0978,1.0,1.0,1
55888,30.05.2024 23:02:53.060000,475.104,519.269,9.1985,9.175,9.166,31.1828,1.98165,1.94439,15.1603,15.0994,621.775,622.175,4.21004,2.93484,2.57348,14.4176,8.84068,24.8553,24.8553,1.0,1.0,1
55889,30.05.2024 23:02:53.070000,475.104,519.269,9.1985,9.175,9.166,31.1828,1.98165,1.94439,15.1603,15.0994,621.775,622.175,4.21004,2.93484,2.57348,14.4176,8.84068,24.8553,24.8553,1.0,1.0,1
55890,30.05.2024 23:02:53.080000,475.104,519.269,9.1742,9.175,9.166,31.1311,1.94901,1.9475,12.6889,12.8754,621.76,622.08,4.13192,2.65666,2.61581,14.3579,8.84068,24.8553,24.8553,1.0,1.0,1
55891,30.05.2024 23:02:53.090000,471.725,525.284,9.17523,9.222,9.191,31.1183,1.90748,1.94922,11.1194,15.1507,621.735,622.11,3.96892,2.2,2.71227,14.3774,8.84132,24.2622,24.2622,1.0,1.0,1
55892,30.05.2024 23:02:53.100000,473.703,525.284,9.17523,9.222,9.165,31.2906,1.91483,1.94871,11.1761,15.6512,621.725,622.12,3.7851,2.62118,2.83751,14.2341,8.84132,24.2622,24.2622,1.0,1.0,1
55893,30.05.2024 23:02:53.110000,471.725,527.096,9.17708,9.202,9.18,31.2906,1.93295,1.948,11.1761,15.6512,621.725,622.12,3.7851,2.62118,2.83751,14.2341,8.84172,23.1192,23.1192,1.0,1.0,1
55894,30.05.2024 23:02:53.120000,471.725,527.096,9.13309,9.202,9.18,31.7654,1.9573,1.94905,12.0339,15.2484,621.735,622.07,3.56516,3.17734,2.92616,14.2432,8.84303,22.1065,22.1065,1.0,1.0,1
55895,30.05.2024 23:02:53.130000,476.999,532.535,9.13309,9.158,9.155,31.7654,2.01369,1.95465,12.0339,15.2484,621.735,622.07,3.56516,3.17734,2.92616,14.2432,8.84303,22.1065,22.1065,1.0,1.0,1
55896,30.05.2024 23:02:53.140000,480.295,521.246,9.10728,9.167,9.15,32.4503,2.03631,1.95398,14.8957,15.2377,621.73,622.005,3.49852,3.06228,2.92796,14.2763,8.84234,22.309,22.309,1.0,1.0,1
55897,30.05.2024 23:02:53.150000,480.295,521.246,9.10728,9.167,9.15,32.4503,2.03631,1.95398,14.8957,15.2377,621.73,622.005,3.49852,3.06228,2.92796,14.2763,8.84234,22.309,22.309,1.0,1.0,1
55898,30.05.2024 23:02:53.160000,480.295,521.246,9.12035,9.167,9.15,33.2544,2.05123,1.95323,17.0484,15.8292,621.705,621.98,3.46847,3.10085,2.94168,14.2369,8.84234,21.4699,21.4699,1.0,1.0,1
55899,30.05.2024 23:02:53.170000,480.295,521.246,9.12035,9.167,9.15,33.2544,2.05123,1.95323,17.0484,15.8292,621.705,621.98,3.46847,3.10085,2.94168,14.2369,8.84234,21.4699,21.4699,1.0,1.0,1
55900,30.05.2024 23:02:53.180000,474.444,533.029,9.11509,9.279,9.12,34.0729,2.04863,1.95808,19.8955,17.3737,621.675,621.955,3.45641,3.22435,2.90782,14.1957,8.84353,20.7755,20.7755,1.0,1.0,1
55901,30.05.2024 23:02:53.190000,485.568,527.673,9.05812,9.194,9.147,35.0019,2.00761,1.95782,16.9128,14.8881,621.645,621.915,3.21648,3.31062,2.96672,14.0932,8.84404,20.2691,20.2691,1.0,1.0,1
55902,30.05.2024 23:02:53.200000,485.568,527.673,9.05812,9.194,9.147,35.0019,2.00761,1.95782,16.9128,14.8881,621.645,621.915,3.21648,3.31062,2.96672,14.0932,8.84404,20.2691,20.2691,1.0,1.0,1
55903,30.05.2024 23:02:53.210000,485.568,527.673,9.05478,9.194,9.147,35.9669,1.98282,1.95595,17.1617,16.9016,621.625,621.88,2.90733,3.2875,3.08296,14.1079,8.84446,19.9725,19.9725,1.0,1.0,1
55904,30.05.2024 23:02:53.220000,480.047,528.497,9.07131,9.198,9.073,36.9448,1.9447,1.95582,14.7581,16.1318,621.635,621.88,2.6346,3.39026,3.01866,13.8626,8.84476,20.0304,20.0304,1.0,1.0,1
55905,30.05.2024 23:02:53.230000,480.047,528.497,9.07131,9.198,9.073,36.9448,1.9447,1.95582,14.7581,16.1318,621.635,621.88,2.6346,3.39026,3.01866,13.8626,8.84476,20.0304,20.0304,1.0,1.0,1
55906,30.05.2024 23:02:53.240000,480.047,528.497,9.06764,9.198,9.073,38.114,1.94974,1.95254,13.9802,14.5293,621.635,621.87,2.54209,3.69639,2.94987,13.7846,8.84476,20.0304,20.0304,1.0,1.0,1
55907,30.05.2024 23:02:53.250000,480.047,528.497,9.06764,9.198,9.073,38.114,1.94974,1.95254,13.9802,14.5293,621.635,621.87,2.54209,3.69639,2.94987,13.7846,8.84476,20.0304,20.0304,1.0,1.0,1
55908,30.05.2024 23:02:53.260000,472.632,529.486,9.02508,9.095,9.109,39.2181,1.98455,1.95354,12.769,14.5045,621.63,621.85,2.61764,4.01623,2.97523,13.8225,8.8453,19.6108,19.6108,1.0,1.0,1
55909,30.05.2024 23:02:53.270000,472.632,529.486,9.02508,9.095,9.109,39.2181,1.98455,1.95354,12.769,14.5045,621.63,621.85,2.61764,4.01623,2.97523,13.8225,8.8453,19.6108,19.6108,1.0,1.0,1
55910,30.05.2024 23:02:53.280000,472.549,528.25,9.01722,9.089,9.066,40.3319,2.01539,1.96058,14.0803,13.4763,621.585,621.785,2.69017,4.07276,2.93347,13.7623,8.84528,19.6108,19.6108,1.0,1.0,1
55911,30.05.2024 23:02:53.290000,472.549,528.25,9.01722,9.089,9.066,40.3319,2.01539,1.96058,14.0803,13.4763,621.585,621.785,2.69017,4.07276,2.93347,13.7623,8.84528,19.6108,19.6108,1.0,1.0,1
55912,30.05.2024 23:02:53.300000,479.965,525.201,9.04141,9.103,9.054,41.5457,2.00522,1.95471,16.0981,12.8602,621.565,621.735,2.2594,3.83932,2.94515,13.4689,8.84582,19.6687,19.6687,1.0,1.0,1
55913,30.05.2024 23:02:53.310000,479.965,525.201,9.04141,9.103,9.054,41.5457,2.00522,1.95471,16.0981,12.8602,621.565,621.735,2.2594,3.83932,2.94515,13.4689,8.84582,19.6687,19.6687,1.0,1.0,1
55914,30.05.2024 23:02:53.320000,476.01,523.388,8.99648,9.058,9.004,43.8786,1.95981,1.95662,14.3771,11.6448,621.54,621.7,2.14563,3.93752,3.016,13.2663,8.84592,20.3342,20.3342,1.0,1.0,1
55915,30.05.2024 23:02:53.330000,476.01,523.388,8.99648,9.058,9.004,43.8786,1.95981,1.95662,14.3771,11.6448,621.54,621.7,2.14563,3.93752,3.016,13.2663,8.84592,20.3342,20.3342,1.0,1.0,1
55916,30.05.2024 23:02:53.340000,477.328,527.014,8.96124,9.082,9.066,44.9738,1.89843,1.95067,11.3659,14.3494,621.545,621.68,2.00737,4.06273,3.0029,13.2165,8.84634,20.3342,20.3342,1.0,1.0,1
55917,30.05.2024 23:02:53.350000,477.328,527.014,8.96124,9.082,9.066,44.9738,1.89843,1.95067,11.3659,14.3494,621.545,621.68,2.00737,4.06273,3.0029,13.2165,8.84634,20.3342,20.3342,1.0,1.0,1
55918,30.05.2024 23:02:53.360000,485.238,528.662,8.99101,9.109,8.994,46.16,1.90382,1.94947,11.2274,15.7342,621.525,621.64,2.03363,3.9952,3.05431,13.0624,8.8466,20.638,20.638,1.0,1.0,1
55919,30.05.2024 23:02:53.370000,485.238,528.662,8.99101,9.109,8.994,46.16,1.90382,1.94947,11.2274,15.7342,621.525,621.64,2.03363,3.9952,3.05431,13.0624,8.8466,20.638,20.638,1.0,1.0,1
55920,30.05.2024 23:02:53.380000,476.01,530.145,9.00645,9.074,8.961,47.3261,1.9826,1.95045,11.0574,15.4912,621.525,621.62,2.1182,3.82006,3.07071,12.7604,8.84619,20.9708,20.9708,1.0,1.0,1
55921,30.05.2024 23:02:53.390000,476.01,530.145,9.00645,9.074,8.961,47.3261,1.9826,1.95045,11.0574,15.4912,621.525,621.62,2.1182,3.82006,3.07071,12.7604,8.84619,20.9708,20.9708,1.0,1.0,1
55922,30.05.2024 23:02:53.400000,486.31,525.613,8.95906,9.035,8.995,49.6605,2.03022,1.96273,17.0392,17.2481,621.495,621.58,2.17888,3.86353,3.02096,12.6965,8.84626,21.3252,21.3252,1.0,1.0,1
55923,30.05.2024 23:02:53.410000,473.95,519.104,8.97363,9.037,8.978,50.858,2.05103,1.96655,18.6958,17.0269,621.46,621.515,2.25013,3.83282,2.99074,12.6955,8.84663,21.1444,21.1444,1.0,1.0,1
55924,30.05.2024 23:02:53.420000,480.954,519.104,8.97363,9.037,8.987,51.9155,2.04144,1.96925,19.7804,17.9285,621.455,621.495,2.25892,3.45183,2.90046,12.6347,8.84663,21.1444,21.1444,1.0,1.0,1
55925,30.05.2024 23:02:53.430000,481.119,530.969,8.95753,9.037,8.929,51.9155,2.01601,1.97193,19.7804,17.9285,621.455,621.495,2.25892,3.45183,2.90046,12.6347,8.84758,21.0359,21.0359,1.0,1.0,1
55926,30.05.2024 23:02:53.440000,481.119,530.969,8.95753,9.037,8.929,51.9155,2.01601,1.97193,19.7804,17.9285,621.455,621.495,2.25892,3.45183,2.90046,12.6347,8.84758,21.0359,21.0359,1.0,1.0,1
55927,30.05.2024 23:02:53.450000,481.119,530.969,8.99033,9.037,8.929,53.0708,1.98485,1.97771,16.1478,16.531,621.455,621.505,2.38543,3.3088,2.87408,12.5426,8.84702,21.0503,21.0503,1.0,1.0,1
55928,30.05.2024 23:02:53.460000,478.564,512.43,8.9854,8.978,8.959,54.2074,1.90799,1.9817,14.4801,18.1111,621.45,621.495,2.53678,3.4632,2.93286,12.594,8.84756,20.8478,20.8478,1.0,1.0,1
55929,30.05.2024 23:02:53.470000,478.564,512.43,8.98812,8.978,8.959,55.3893,1.90508,1.97594,13.145,17.8948,621.45,621.495,2.8643,3.5415,2.96736,12.5662,8.84756,20.8478,20.8478,1.0,1.0,1
55930,30.05.2024 23:02:53.480000,478.564,512.43,8.98812,8.978,8.959,55.3893,1.90508,1.97594,13.145,17.8948,621.45,621.495,2.8643,3.5415,2.96736,12.5662,8.84756,20.8478,20.8478,1.0,1.0,1
55931,30.05.2024 23:02:53.490000,477.74,520.01,8.98812,9.01,8.925,55.3893,1.90883,1.96514,13.4902,19.1847,621.45,621.5,3.12753,3.6794,2.97645,12.5516,8.84773,20.6959,20.6959,1.0,1.0,1
55932,30.05.2024 23:02:53.500000,477.74,520.01,8.98812,9.01,8.925,55.3893,1.90883,1.96514,13.4902,19.1847,621.45,621.5,3.12753,3.6794,2.97645,12.5516,8.84773,20.6959,20.6959,1.0,1.0,1
55933,30.05.2024 23:02:53.510000,475.928,523.636,8.97849,8.986,8.899,57.7917,1.96908,1.94655,14.0975,16.439,621.445,621.5,3.34427,3.92043,2.96744,12.5142,8.84784,20.1027,20.1027,1.0,1.0,1
55934,30.05.2024 23:02:53.520000,466.205,531.051,8.9462,8.907,8.956,58.9828,2.01962,1.95224,15.9661,13.0166,621.445,621.435,3.69817,4.14129,3.00293,12.481,8.84855,19.3649,19.3649,1.0,1.0,1
55935,30.05.2024 23:02:53.530000,464.062,523.636,8.9462,8.923,8.933,58.9828,2.05659,1.95862,15.9661,13.0166,621.445,621.435,3.69817,4.14129,3.00293,12.481,8.84855,19.3649,19.3649,1.0,1.0,1
55936,30.05.2024 23:02:53.540000,467.358,504.437,9.01548,8.991,8.922,60.2585,2.05698,1.95794,17.2784,15.8861,621.43,621.44,3.9919,4.2016,3.23069,12.4008,8.84903,19.3576,19.3576,1.0,1.0,1
55937,30.05.2024 23:02:53.550000,467.358,504.437,9.01548,8.991,8.922,60.2585,2.05698,1.95794,17.2784,15.8861,621.43,621.44,3.9919,4.2016,3.23069,12.4008,8.84903,19.3576,19.3576,1.0,1.0,1
55938,30.05.2024 23:02:53.560000,467.358,504.437,8.9922,8.991,8.922,61.297,2.04053,1.96051,18.7728,13.8763,621.42,621.425,4.11556,4.15795,3.31391,12.2083,8.84903,19.3576,19.3576,1.0,1.0,1
55939,30.05.2024 23:02:53.570000,471.478,499.576,9.01447,8.923,8.873,62.5461,1.94888,1.97342,16.9332,12.7074,621.41,621.44,4.2861,4.39893,3.46932,12.2359,8.84869,18.8513,18.8513,1.0,1.0,1
55940,30.05.2024 23:02:53.580000,471.478,499.576,9.01447,8.923,8.873,62.5461,1.94888,1.97342,16.9332,12.7074,621.41,621.44,4.2861,4.39893,3.46932,12.2359,8.84869,18.8513,18.8513,1.0,1.0,1
55941,30.05.2024 23:02:53.590000,467.029,499.576,9.01447,8.923,8.919,63.7052,1.91883,1.97498,13.7288,15.5603,621.42,621.435,4.47037,4.45931,3.55168,12.227,8.84869,20.2329,20.2329,1.0,1.0,1
55942,30.05.2024 23:02:53.600000,467.029,499.576,9.01447,8.923,8.919,63.7052,1.91883,1.97498,13.7288,15.5603,621.42,621.435,4.47037,4.45931,3.55168,12.227,8.84869,20.2329,20.2329,1.0,1.0,1
55943,30.05.2024 23:02:53.610000,436.294,490.182,8.9838,8.949,8.973,64.7354,1.89446,1.9678,11.1334,14.042,621.415,621.44,4.70793,4.71733,3.79719,12.0903,8.84967,20.421,20.421,1.0,1.0,1
55944,30.05.2024 23:02:53.620000,436.294,490.182,8.9838,8.949,8.973,64.7354,1.89446,1.9678,11.1334,14.042,621.415,621.44,4.70793,4.71733,3.79719,12.0903,8.84967,20.421,20.421,1.0,1.0,1
55945,30.05.2024 23:02:53.630000,426.901,415.613,8.98939,9.046,8.968,65.8074,1.96254,1.95735,10.4543,14.0104,621.435,621.445,4.82906,4.84376,4.10558,12.1623,8.84952,20.421,20.421,1.0,1.0,1
55946,30.05.2024 23:02:53.640000,426.077,430.197,9.02376,8.968,8.93,67.0335,2.06369,1.964,13.3505,12.6676,621.4,621.44,5.1993,5.0643,4.34083,12.1458,8.84893,20.9635,20.9635,1.0,1.0,1
55947,30.05.2024 23:02:53.650000,426.077,442.639,9.02042,8.929,8.93,68.3216,2.07032,1.96894,17.8617,17.7151,621.35,621.435,5.06605,5.02404,4.4601,12.1963,8.84907,21.1444,21.1444,1.0,1.0,1
55948,30.05.2024 23:02:53.660000,416.354,442.639,9.02042,8.929,8.949,69.4865,2.06504,1.96625,18.4148,17.3635,621.34,621.44,4.83191,5.07456,4.53165,12.1536,8.84907,21.1444,21.1444,1.0,1.0,1
55949,30.05.2024 23:02:53.670000,416.354,442.639,9.02042,8.929,8.949,69.4865,2.06504,1.96625,18.4148,17.3635,621.34,621.44,4.83191,5.07456,4.53165,12.1536,8.84907,21.1444,21.1444,1.0,1.0,1
55950,30.05.2024 23:02:53.680000,411.658,418.249,9.02426,9.002,8.949,69.4865,2.05815,1.9598,18.5779,15.2326,621.37,621.455,4.74215,5.24195,4.69679,12.2099,8.84934,21.1444,21.1444,1.0,1.0,1
55951,30.05.2024 23:02:53.690000,396.826,399.875,9.0246,9.01,8.973,70.4594,1.95826,1.96965,18.5779,15.2326,621.37,621.455,4.74215,5.24195,4.69679,12.2099,8.8489,22.0197,22.0197,1.0,1.0,1
55952,30.05.2024 23:02:53.700000,390.976,395.26,9.03025,8.941,8.947,71.3106,1.92345,1.97229,14.7923,16.1135,621.385,621.455,4.80946,5.46655,4.78118,12.2783,8.85028,22.0197,22.0197,1.0,1.0,1
55953,30.05.2024 23:02:53.710000,390.976,395.26,9.03025,8.941,8.947,71.3106,1.92345,1.97229,14.7923,16.1135,621.385,621.455,4.80946,5.46655,4.78118,12.2783,8.85028,22.0197,22.0197,1.0,1.0,1
55954,30.05.2024 23:02:53.720000,390.976,395.26,9.01371,8.941,8.947,72.2405,1.89651,1.97599,12.4785,16.6531,621.38,621.465,4.88728,5.71356,4.96854,12.3673,8.85028,22.4175,22.4175,1.0,1.0,1
55955,30.05.2024 23:02:53.730000,380.511,360.489,9.03431,9.006,8.958,73.2193,1.88479,1.95597,10.7892,14.0881,621.37,621.48,5.02652,5.92233,4.96435,12.3722,8.85032,23.0975,23.0975,1.0,1.0,1
55956,30.05.2024 23:02:53.740000,367.987,360.489,9.03431,9.006,8.978,74.2371,1.91172,1.95084,8.51922,11.9683,621.335,621.485,5.08342,6.15323,5.20048,12.2178,8.85032,23.0975,23.0975,1.0,1.0,1
55957,30.05.2024 23:02:53.750000,367.987,360.489,9.03431,9.006,8.978,74.2371,1.91172,1.95084,8.51922,11.9683,621.335,621.485,5.08342,6.15323,5.20048,12.2178,8.85032,23.0975,23.0975,1.0,1.0,1
55958,30.05.2024 23:02:53.760000,343.268,314.264,9.03328,9.053,8.976,74.2371,1.94005,1.9459,12.8252,13.3164,621.315,621.47,4.8624,6.42327,5.31962,12.3154,8.85004,23.1047,23.1047,1.0,1.0,1
55959,30.05.2024 23:02:53.770000,330.084,301.575,9.03994,9.007,8.981,75.4134,2.05803,1.94698,12.8252,13.3164,621.315,621.47,4.8624,6.42327,5.31962,12.3154,8.84964,23.2494,23.2494,1.0,1.0,1
55960,30.05.2024 23:02:53.780000,326.047,315.747,9.04262,8.963,8.973,76.4915,2.07936,1.95531,15.238,15.1685,621.31,621.465,4.72203,6.47171,5.2756,12.4397,8.85009,23.6473,23.6473,1.0,1.0,1
55961,30.05.2024 23:02:53.790000,326.047,315.747,9.04893,8.963,8.973,77.3473,2.09483,1.96323,18.2067,13.3591,621.32,621.47,4.62571,6.53697,5.29329,12.4647,8.85009,23.6473,23.6473,1.0,1.0,1
55962,30.05.2024 23:02:53.800000,324.728,290.039,9.04893,9.002,8.941,77.3473,2.09595,1.96614,18.2067,13.3591,621.32,621.47,4.62571,6.53697,5.29329,12.4647,8.85035,23.9873,23.9873,1.0,1.0,1
55963,30.05.2024 23:02:53.810000,324.728,290.039,9.04893,9.002,8.941,77.3473,2.09595,1.96614,18.2067,13.3591,621.32,621.47,4.62571,6.53697,5.29329,12.4647,8.85035,23.9873,23.9873,1.0,1.0,1
55964,30.05.2024 23:02:53.820000,324.728,267.05,9.08727,8.988,8.941,77.998,2.03652,1.96682,17.9097,15.4727,621.31,621.485,4.63621,6.63148,5.26642,12.5497,8.85092,23.9583,23.9583,1.0,1.0,1
55965,30.05.2024 23:02:53.830000,282.211,267.297,9.06234,8.955,8.997,78.4353,1.96089,1.95646,15.1069,14.621,621.31,621.485,4.62248,6.55873,5.26805,12.7216,8.85114,24.349,24.349,1.0,1.0,1
55966,30.05.2024 23:02:53.840000,282.211,267.297,9.03859,8.955,8.997,78.8242,1.92278,1.94273,11.1746,13.3941,621.305,621.49,4.57784,6.58007,5.26281,12.8303,8.85145,24.3562,24.3562,1.0,1.0,1
55967,30.05.2024 23:02:53.850000,267.132,242.248,9.03859,8.997,8.993,78.8242,1.88638,1.9303,11.1746,13.3941,621.305,621.49,4.57784,6.58007,5.26281,12.8303,8.85145,24.3562,24.3562,1.0,1.0,1
55968,30.05.2024 23:02:53.860000,267.132,242.248,9.03859,8.997,8.993,78.8242,1.88638,1.9303,11.1746,13.3941,621.305,621.49,4.57784,6.58007,5.26281,12.8303,8.85145,24.3562,24.3562,1.0,1.0,1
55969,30.05.2024 23:02:53.870000,238.87,213.162,9.07355,9.003,9.02,79.1616,1.88858,1.92917,7.9791,11.8207,621.31,621.48,4.60664,6.44016,5.18715,12.8294,8.85265,24.3562,24.3562,1.0,1.0,1
55970,30.05.2024 23:02:53.880000,218.6,192.48,9.09779,9.016,9.05,79.393,1.96729,1.92179,8.81489,12.6913,621.32,621.485,4.70117,6.26535,5.1502,12.5628,8.85316,24.6094,24.6094,1.0,1.0,1
55971,30.05.2024 23:02:53.890000,238.87,213.162,9.07355,9.003,9.02,79.1616,1.88858,1.92917,7.9791,11.8207,621.31,621.48,4.60664,6.44016,5.18715,12.8294,8.85265,24.3562,24.3562,1.0,1.0,1
55972,30.05.2024 23:02:53.900000,196.353,138.098,9.08049,9.055,9.009,79.6145,2.02884,1.91766,14.2032,12.3317,621.36,621.49,5.15681,5.58535,5.26645,12.6712,8.85348,24.3562,24.3562,1.0,1.0,1
55973,30.05.2024 23:02:53.910000,196.353,138.098,9.08049,9.055,9.009,79.6145,2.02884,1.91766,14.2032,12.3317,621.36,621.49,5.15681,5.58535,5.26645,12.6712,8.85348,24.3562,24.3562,1.0,1.0,1
55974,30.05.2024 23:02:53.920000,192.316,116.263,9.07333,9.042,9.008,79.6145,2.04936,1.92289,16.3041,11.9005,621.37,621.53,5.45221,5.27048,5.23341,12.6971,8.85419,24.5153,24.5153,1.0,1.0,1
55975,30.05.2024 23:02:53.930000,168.585,111.896,9.10099,9.039,9.023,79.6327,2.02183,1.95154,16.3041,11.9005,621.37,621.53,5.45221,5.27048,5.23341,12.6971,8.85487,24.1175,24.1175,1.0,1.0,1
55976,30.05.2024 23:02:53.940000,157.05,109.671,9.12775,9.009,9.025,79.6458,1.9973,1.95515,16.9815,11.2783,621.405,621.56,5.64296,5.07911,5.34091,12.5883,8.85497,24.1175,24.1175,1.0,1.0,1
55977,30.05.2024 23:02:53.950000,157.05,109.671,9.1017,9.009,9.025,79.7307,1.96622,1.95081,13.8826,12.2982,621.42,621.605,5.84744,4.99611,5.54265,12.7093,8.85497,24.1175,24.1175,1.0,1.0,1
55978,30.05.2024 23:02:53.960000,139.828,97.229,9.1017,9.018,9.006,79.7307,1.93006,1.94716,13.8826,12.2982,621.42,621.605,5.84744,4.99611,5.54265,12.7093,8.85462,24.1247,24.1247,1.0,1.0,1
55979,30.05.2024 23:02:53.970000,139.828,97.229,9.1017,9.018,9.006,79.7307,1.93006,1.94716,13.8826,12.2982,621.42,621.605,5.84744,4.99611,5.54265,12.7093,8.85462,24.1247,24.1247,1.0,1.0,1
55980,30.05.2024 23:02:53.980000,139.828,44.165,9.07537,9.046,9.006,79.802,1.88875,1.93951,10.9352,12.1531,621.45,621.635,6.25625,4.91146,5.53668,12.8174,8.85655,24.009,24.009,1.0,1.0,1
55981,30.05.2024 23:02:53.990000,139.828,44.165,9.07537,9.046,9.006,79.802,1.88875,1.93951,10.9352,12.1531,621.45,621.635,6.25625,4.91146,5.53668,12.8174,8.85655,24.009,24.009,1.0,1.0,1
55982,30.05.2024 23:02:54.000000,114.038,16.2323,9.09608,9.044,9.018,79.8316,1.893,1.93218,8.75642,11.3097,621.41,621.68,6.56051,5.2377,5.65641,13.0614,8.85564,23.329,23.329,1.0,1.0,1
55983,30.05.2024 23:02:54.010000,114.038,16.2323,9.09608,9.044,9.018,79.8316,1.893,1.93218,8.75642,11.3097,621.41,621.68,6.56051,5.2377,5.65641,13.0614,8.85564,23.329,23.329,1.0,1.0,1
55984,30.05.2024 23:02:54.020000,101.102,-6.92138,9.12404,9.019,9.027,79.9005,1.97565,1.92736,10.7092,11.2463,621.43,621.685,6.76181,5.01065,5.6856,13.3217,8.85639,23.329,23.329,1.0,1.0,1
55985,30.05.2024 23:02:54.030000,77.124,-31.4758,9.09481,8.991,9.009,79.8764,2.0309,1.92842,12.9771,10.0941,621.42,621.745,6.84317,4.90044,5.67417,13.4216,8.85619,22.0631,22.0631,1.0,1.0,1
55986,30.05.2024 23:02:54.040000,67.8955,-47.9553,9.09481,8.961,8.985,79.8764,2.04293,1.92913,12.9771,10.0941,621.42,621.745,6.84317,4.90044,5.67417,13.4216,8.85651,22.0631,22.0631,1.0,1.0,1
55987,30.05.2024 23:02:54.050000,67.8955,-76.4648,9.10906,8.948,8.985,79.9125,2.02531,1.93806,15.0133,11.1219,621.43,621.75,6.8153,5.04515,5.72975,13.6378,8.8571,21.6797,21.6797,1.0,1.0,1
55988,30.05.2024 23:02:54.060000,40.3747,-76.4648,9.10906,8.948,8.987,79.9535,2.00515,1.93692,13.4738,12.5723,621.425,621.745,6.74482,4.99785,5.7371,13.7756,8.8571,21.6797,21.6797,1.0,1.0,1
55989,30.05.2024 23:02:54.070000,0.0,-100.442,9.12395,8.948,9.007,79.9535,1.9714,1.93204,13.4738,12.5723,621.425,621.745,6.74482,4.99785,5.7371,13.7756,8.85735,21.658,21.658,1.0,1.0,1
55990,30.05.2024 23:02:54.080000,0.0,-100.442,9.12243,8.948,9.007,79.9637,1.93458,1.93123,12.8853,9.96612,621.42,621.78,6.67001,4.86093,5.74772,13.7824,8.858,21.2457,21.2457,1.0,1.0,1
55991,30.05.2024 23:02:54.090000,-36.8317,-107.611,9.12243,8.946,9.002,79.9637,1.88532,1.92506,12.8853,9.96612,621.42,621.78,6.67001,4.86093,5.74772,13.7824,8.858,21.2457,21.2457,1.0,1.0,1
55992,30.05.2024 23:02:54.100000,-61.3861,-131.836,9.10132,9.003,8.977,79.9399,1.87761,1.91871,7.15022,10.2796,621.41,621.815,6.42146,4.84716,5.73702,13.9524,8.85871,21.3976,21.3976,1.0,1.0,1
55993,30.05.2024 23:02:54.110000,-61.3861,-131.836,9.08738,9.003,8.977,79.8964,1.8828,1.91538,7.83876,10.833,621.425,621.83,6.23061,5.03376,5.73518,14.0278,8.85871,21.3976,21.3976,1.0,1.0,1
55994,30.05.2024 23:02:54.120000,-91.6259,-181.604,9.08738,9.033,8.99,79.8964,1.90134,1.91209,7.83876,10.833,621.425,621.83,6.23061,5.03376,5.73518,14.0278,8.85839,21.4554,21.4554,1.0,1.0,1
55995,30.05.2024 23:02:54.130000,-91.6259,-181.604,9.08738,9.033,8.99,79.8964,1.90134,1.91209,7.83876,10.833,621.425,621.83,6.23061,5.03376,5.73518,14.0278,8.85839,21.4554,21.4554,1.0,1.0,1
55996,30.05.2024 23:02:54.140000,-91.6259,-205.417,9.08059,8.973,8.99,79.9458,1.97271,1.90574,8.86089,8.42706,621.43,621.86,6.08314,4.93103,5.75933,14.1465,8.8593,21.535,21.535,1.0,1.0,1
55997,30.05.2024 23:02:54.150000,-123.679,-224.78,9.08515,8.966,9.025,79.9676,2.04416,1.9101,12.8516,10.547,621.425,621.905,5.84695,4.79489,5.67806,14.2516,8.85943,21.535,21.535,1.0,1.0,1
55998,30.05.2024 23:02:54.160000,-123.679,-224.78,9.0849,8.966,9.025,79.9448,2.06799,1.91557,16.6012,10.531,621.445,621.95,5.56171,5.03569,5.57885,14.3478,8.86053,21.5423,21.5423,1.0,1.0,1
55999,30.05.2024 23:02:54.170000,-147.656,-270.428,9.0849,9.008,9.02,79.9448,2.07763,1.92773,16.6012,10.531,621.445,621.95,5.56171,5.03569,5.57885,14.3478,8.86053,21.5423,21.5423,1.0,1.0,1
56000,30.05.2024 23:02:54.180000,-147.656,-270.428,9.0849,9.008,9.02,79.9448,2.07763,1.92773,16.6012,10.531,621.445,621.95,5.56171,5.03569,5.57885,14.3478,8.86053,21.5423,21.5423,1.0,1.0,1
56001,30.05.2024 23:02:54.190000,-170.975,-315.5,9.07777,9.021,8.996,79.9432,2.06036,1.93343,16.8467,9.93285,621.445,621.955,5.34479,5.4194,5.52759,14.439,8.86043,21.5423,21.5423,0.0,1.0,1
56002,30.05.2024 23:02:54.200000,-185.889,-338.077,9.07897,8.974,8.982,79.9675,1.94591,1.93742,16.9046,10.4676,621.46,621.965,5.25081,5.32294,5.2531,14.4539,8.86073,21.535,21.535,0.0,1.0,1
56003,30.05.2024 23:02:54.210000,-170.975,-315.5,9.07777,9.021,8.996,79.9432,2.06036,1.93343,16.8467,9.93285,621.445,621.955,5.34479,5.4194,5.52759,14.439,8.86043,21.5423,21.5423,0.0,1.0,1
56004,30.05.2024 23:02:54.220000,-220.331,-346.564,9.08512,8.933,8.986,79.8923,1.87261,1.93204,8.14369,11.9331,621.48,622.04,4.94643,5.39638,5.17771,14.3232,8.86049,21.5423,21.5423,0.0,1.0,1
56005,30.05.2024 23:02:54.230000,-248.263,-348.212,9.06728,8.94,8.982,79.8923,1.85328,1.92598,8.14369,11.9331,621.48,622.04,4.94643,5.39638,5.17771,14.3232,8.8601,21.9835,21.9835,0.0,1.0,1
56006,30.05.2024 23:02:54.240000,-248.263,-348.212,9.04655,8.94,8.982,79.9645,1.85124,1.92091,7.63091,12.1528,621.5,622.055,4.71425,5.29275,5.08211,14.4829,8.8612,22.0848,22.0848,0.0,1.0,1
56007,30.05.2024 23:02:54.250000,-274.631,-343.021,9.04655,9.005,8.983,79.9645,1.89233,1.90973,7.63091,12.1528,621.5,622.055,4.71425,5.29275,5.08211,14.4829,8.8612,22.0848,22.0848,0.0,1.0,1
56008,30.05.2024 23:02:54.260000,-300.833,-348.624,9.06638,8.972,8.975,79.8666,1.93099,1.90761,7.71217,11.2216,621.51,622.085,4.66368,5.1076,5.11688,14.4608,8.85991,21.9907,21.9907,0.0,1.0,1
56009,30.05.2024 23:02:54.270000,-300.833,-348.624,9.06638,8.972,8.975,79.8666,1.93099,1.90761,7.71217,11.2216,621.51,622.085,4.66368,5.1076,5.11688,14.4608,8.85991,21.9907,21.9907,0.0,1.0,1
56010,30.05.2024 23:02:54.280000,-300.833,-348.624,9.0744,8.972,8.975,79.9544,1.97056,1.90693,9.92583,9.53149,621.525,622.145,4.6415,5.19582,5.14961,14.3886,8.85991,21.9907,21.9907,0.0,1.0,1
56011,30.05.2024 23:02:54.290000,-309.485,-344.998,9.05686,8.972,8.969,79.9694,2.05052,1.91752,13.3156,9.47891,621.535,622.165,4.64651,5.45122,5.10623,14.3741,8.85991,21.9329,21.9329,0.0,1.0,1
56012,30.05.2024 23:02:54.300000,-305.118,-344.998,9.05686,8.972,8.958,79.9341,2.05302,1.92394,14.5554,8.83498,621.545,622.16,4.54923,5.42466,5.16197,14.4462,8.85991,21.9329,21.9329,0.0,1.0,1
56013,30.05.2024 23:02:54.310000,-306.93,-344.174,9.0503,8.939,8.946,79.9341,2.04126,1.92843,14.5554,8.83498,621.545,622.16,4.54923,5.42466,5.16197,14.4462,8.85995,21.2529,21.2529,0.0,1.0,1
56014,30.05.2024 23:02:54.320000,-306.93,-344.174,9.07194,8.939,8.946,79.9476,2.01626,1.93342,13.3059,8.0054,621.545,622.165,4.5203,5.01799,5.02006,14.4211,8.86024,21.2529,21.2529,0.0,1.0,1
56015,30.05.2024 23:02:54.330000,-308.084,-337.747,9.07194,8.924,8.951,79.9476,1.94598,1.93815,13.3059,8.0054,621.545,622.165,4.5203,5.01799,5.02006,14.4211,8.86024,21.2529,21.2529,0.0,1.0,1
56016,30.05.2024 23:02:54.340000,-304.376,-339.56,9.07574,8.899,8.944,79.9018,1.9103,1.93671,10.5783,10.6245,621.56,622.2,4.3694,4.73852,4.94254,14.5147,8.86026,21.2529,21.2529,0.0,1.0,1
56017,30.05.2024 23:02:54.350000,-304.376,-339.56,9.06408,8.899,8.944,79.8903,1.88277,1.93294,8.3606,9.96179,621.585,622.22,4.35345,4.60687,4.83406,14.4748,8.86026,21.2529,21.2529,0.0,1.0,1
56018,30.05.2024 23:02:54.360000,-309.732,-343.432,9.06408,8.964,8.953,79.8903,1.87005,1.92873,8.3606,9.96179,621.585,622.22,4.35345,4.60687,4.83406,14.4748,8.86043,20.4499,20.4499,0.0,1.0,1
56019,30.05.2024 23:02:54.370000,-309.732,-341.373,9.06543,8.999,8.953,79.9407,1.88455,1.92276,6.8798,10.2195,621.565,622.24,4.34823,4.22675,4.66125,14.3283,8.86107,20.4427,20.4427,0.0,1.0,1
56020,30.05.2024 23:02:54.380000,-306.354,-341.373,9.06543,8.999,8.977,79.8522,1.91388,1.91871,5.98252,8.9411,621.56,622.285,4.07887,3.96216,4.58938,14.1909,8.86107,20.4427,20.4427,0.0,1.0,1
56021,30.05.2024 23:02:54.390000,-301.904,-342.526,9.07128,8.972,8.975,79.8522,1.94834,1.91647,5.98252,8.9411,621.56,622.285,4.07887,3.96216,4.58938,14.1909,8.86127,20.0087,20.0087,0.0,1.0,1
56022,30.05.2024 23:02:54.400000,-301.904,-342.526,9.07808,8.972,8.975,79.8684,1.98398,1.91553,10.5694,8.4061,621.575,622.325,3.98749,3.84313,4.47621,14.0264,8.86191,19.5747,19.5747,0.0,1.0,1
56023,30.05.2024 23:02:54.410000,-305.859,-342.526,9.07808,8.997,9.009,79.8684,2.0455,1.91918,10.5694,8.4061,621.575,622.325,3.98749,3.84313,4.47621,14.0264,8.86191,19.5747,19.5747,0.0,1.0,1
56024,30.05.2024 23:02:54.420000,-307.425,-337.335,9.07219,9.018,9.007,79.844,2.05991,1.92265,14.0663,7.44244,621.56,622.35,3.82927,3.87281,4.4429,13.8658,8.86201,18.9308,18.9308,0.0,1.0,1
56025,30.05.2024 23:02:54.430000,-307.425,-337.335,9.06051,9.018,9.007,79.8926,2.06161,1.92857,15.6036,9.21643,621.555,622.375,3.70463,3.78143,4.21965,13.8058,8.86201,18.5185,18.5185,0.0,1.0,1
56026,30.05.2024 23:02:54.440000,-305.365,-342.197,9.06051,9.01,9.003,79.8926,2.05341,1.93497,15.6036,9.21643,621.555,622.375,3.70463,3.78143,4.21965,13.8058,8.86284,18.5185,18.5185,0.0,1.0,1
56027,30.05.2024 23:02:54.450000,-305.365,-341.043,9.05744,9.002,9.003,79.93,2.00993,1.93993,16.4043,11.4079,621.58,622.385,3.42392,3.65362,3.78884,13.7568,8.86312,18.6126,18.6126,0.0,1.0,1
56028,30.05.2024 23:02:54.460000,-305.365,-341.043,9.05744,9.002,9.003,79.93,2.00993,1.93993,16.4043,11.4079,621.58,622.385,3.42392,3.65362,3.78884,13.7568,8.86312,18.6126,18.6126,0.0,1.0,1
56029,30.05.2024 23:02:54.470000,-306.601,-341.043,9.05744,9.002,8.98,79.9682,1.9787,1.94276,12.7295,10.4701,621.595,622.39,3.33919,3.30468,3.46963,13.6678,8.86312,18.6632,18.6632,0.0,1.0,1
56030,30.05.2024 23:02:54.480000,-304.541,-334.946,9.08215,8.965,8.985,79.9225,1.92723,1.94129,11.5622,10.0832,621.57,622.45,3.31765,3.18922,3.26189,13.6682,8.86338,18.6632,18.6632,0.0,1.0,1
56031,30.05.2024 23:02:54.490000,-303.223,-335.275,9.08215,8.964,8.983,79.9225,1.91476,1.93792,11.5622,10.0832,621.57,622.45,3.31765,3.18922,3.26189,13.6682,8.86338,18.6632,18.6632,0.0,1.0,1
56032,30.05.2024 23:02:54.500000,-301.904,-339.313,9.07127,8.994,8.987,79.9546,1.92522,1.9376,8.53771,11.4692,621.61,622.515,3.19808,3.28357,3.13239,13.6576,8.86307,18.6053,18.6053,0.0,1.0,1
56033,30.05.2024 23:02:54.510000,-301.904,-339.313,9.07127,8.994,8.987,79.9546,1.92522,1.9376,8.53771,11.4692,621.61,622.515,3.19808,3.28357,3.13239,13.6576,8.86307,18.6053,18.6053,0.0,1.0,1
56034,30.05.2024 23:02:54.520000,-301.904,-339.313,9.07486,8.994,8.987,79.9446,1.9486,1.93568,9.13615,10.2659,621.62,622.535,3.2352,3.56663,3.12638,13.7067,8.86307,18.656,18.656,0.0,1.0,1
56035,30.05.2024 23:02:54.530000,-301.904,-339.313,9.07486,8.994,8.987,79.9446,1.9486,1.93568,9.13615,10.2659,621.62,622.535,3.2352,3.56663,3.12638,13.7067,8.86307,18.656,18.656,0.0,1.0,1
56036,30.05.2024 23:02:54.540000,-304.541,-337.665,9.08382,9.006,8.989,79.9825,2.03072,1.93892,12.1156,9.96512,621.62,622.545,3.24016,3.66449,3.15554,13.7086,8.86307,18.2581,18.2581,0.0,1.0,1
56037,30.05.2024 23:02:54.550000,-306.024,-342.444,9.08723,8.987,8.988,80.0078,2.05757,1.94157,12.6003,9.19849,621.615,622.525,3.2278,3.65364,3.17543,13.6661,8.864,18.2436,18.2436,0.0,1.0,1
56038,30.05.2024 23:02:54.560000,-306.024,-342.444,9.0751,8.987,8.988,80.1038,2.05539,1.94305,14.5456,11.8152,621.6,622.525,3.05398,3.55323,3.10282,13.5547,8.86368,18.2436,18.2436,0.0,1.0,1
56039,30.05.2024 23:02:54.570000,-303.47,-337.829,9.0751,8.983,8.982,80.1038,2.017,1.9446,14.5456,11.8152,621.6,622.525,3.05398,3.55323,3.10282,13.5547,8.86368,18.2436,18.2436,0.0,1.0,1
56040,30.05.2024 23:02:54.580000,-303.799,-336.923,9.08624,9.01,8.973,80.0426,1.986,1.9452,13.1686,10.0099,621.6,622.535,2.85878,3.33565,2.95905,13.1584,8.86412,18.2581,18.2581,0.0,1.0,1
56041,30.05.2024 23:02:54.590000,-303.799,-336.923,9.08624,9.01,8.973,80.0426,1.986,1.9452,13.1686,10.0099,621.6,622.535,2.85878,3.33565,2.95905,13.1584,8.86412,18.2581,18.2581,0.0,1.0,1
56042,30.05.2024 23:02:54.600000,-303.799,-336.923,9.09932,9.01,8.973,79.9957,1.95115,1.94497,9.90828,7.64451,621.585,622.55,2.64697,3.08875,2.7641,12.9893,8.86412,18.0556,18.0556,0.0,1.0,1
56043,30.05.2024 23:02:54.610000,-303.799,-343.927,9.09399,8.999,8.973,79.93,1.88796,1.93851,8.07091,7.99549,621.58,622.555,2.44218,2.95393,2.7051,12.774,8.86488,18.0556,18.0556,0.0,1.0,1
56044,30.05.2024 23:02:54.620000,-305.447,-343.927,9.09399,8.999,8.976,79.9257,1.88804,1.93629,6.3543,9.74697,621.575,622.56,2.26775,2.83757,2.62414,12.2555,8.86488,18.0556,18.0556,0.0,1.0,1
56045,30.05.2024 23:02:54.630000,-301.492,-338.736,9.10001,8.985,8.979,79.9257,1.89869,1.93431,6.3543,9.74697,621.575,622.56,2.26775,2.83757,2.62414,12.2555,8.86536,17.9398,17.9398,0.0,1.0,1
56046,30.05.2024 23:02:54.640000,-301.492,-338.736,9.10453,8.985,8.979,79.8884,1.92256,1.93345,7.95233,9.73611,621.58,622.58,2.03005,2.7874,2.54577,11.6273,8.86587,17.7879,17.7879,0.0,1.0,1
56047,30.05.2024 23:02:54.650000,-302.481,-334.039,9.10453,8.959,9.011,79.8884,1.98047,1.93319,7.95233,9.73611,621.58,622.58,2.03005,2.7874,2.54577,11.6273,8.86587,17.7879,17.7879,0.0,1.0,1
56048,30.05.2024 23:02:54.660000,-302.481,-334.039,9.10453,8.959,9.011,79.8884,1.98047,1.93319,7.95233,9.73611,621.58,622.58,2.03005,2.7874,2.54577,11.6273,8.86587,17.7879,17.7879,0.0,1.0,1
56049,30.05.2024 23:02:54.670000,-296.713,-335.522,9.08909,8.986,9.002,79.886,2.00846,1.9346,10.3995,8.6322,621.57,622.59,2.03368,2.69534,2.4239,11.1596,8.8665,17.7517,17.7517,0.0,1.0,1
56050,30.05.2024 23:02:54.680000,-304.541,-333.627,9.08049,8.994,9.049,79.8639,2.04933,1.94212,12.0164,8.76896,621.55,622.58,1.87323,2.68272,2.40969,11.0361,8.86725,17.7517,17.7517,0.0,1.0,1
56051,30.05.2024 23:02:54.690000,-304.541,-337.582,9.08041,9.013,9.049,79.9419,2.04192,1.94646,15.1637,9.01375,621.53,622.56,1.72747,2.47179,2.26628,10.7076,8.86701,17.9977,17.9977,0.0,1.0,1
56052,30.05.2024 23:02:54.700000,-306.024,-337.582,9.08041,9.013,9.025,79.9327,2.02784,1.94784,14.5596,8.76522,621.505,622.555,1.38773,2.3231,2.24898,10.3307,8.86701,17.9977,17.9977,0.0,1.0,1
56053,30.05.2024 23:02:54.710000,-297.043,-338.983,9.09938,9.039,9.023,79.9327,2.0065,1.94827,14.5596,8.76522,621.505,622.555,1.38773,2.3231,2.24898,10.3307,8.8681,18.1424,18.1424,0.0,1.0,1
56054,30.05.2024 23:02:54.720000,-297.043,-338.983,9.09402,9.039,9.023,79.8883,1.97986,1.94841,12.8108,11.4799,621.5,622.56,1.10788,2.08263,2.12502,9.69059,8.86861,18.1424,18.1424,0.0,1.0,1
56055,30.05.2024 23:02:54.730000,-301.492,-343.68,9.09402,8.998,9.0,79.8883,1.94199,1.9475,12.8108,11.4799,621.5,622.56,1.10788,2.08263,2.12502,9.69059,8.86861,18.1424,18.1424,0.0,1.0,1
56056,30.05.2024 23:02:54.740000,-303.964,-338.901,9.10104,9.018,9.007,79.8878,1.93523,1.94666,10.7863,11.2004,621.505,622.57,0.901582,1.90937,2.0591,9.24653,8.86908,18.4028,18.4028,0.0,1.0,1
56057,30.05.2024 23:02:54.750000,-303.964,-338.901,9.10011,9.018,9.007,79.8532,1.94096,1.94584,8.6731,9.68835,621.495,622.565,0.835813,1.90341,1.96358,9.0128,8.86908,18.4028,18.4028,0.0,1.0,1
56058,30.05.2024 23:02:54.760000,-305.777,-346.234,9.10011,8.975,9.009,79.8532,1.95809,1.94336,8.6731,9.68835,621.495,622.565,0.835813,1.90341,1.96358,9.0128,8.86917,18.4173,18.4173,0.0,1.0,1
56059,30.05.2024 23:02:54.770000,-305.777,-346.234,9.10011,8.975,9.009,79.8532,1.95809,1.94336,8.6731,9.68835,621.495,622.565,0.835813,1.90341,1.96358,9.0128,8.86917,18.4173,18.4173,0.0,1.0,1
56060,30.05.2024 23:02:54.780000,-305.777,-341.455,9.09142,8.992,9.009,79.8594,2.00915,1.93979,10.2678,9.81822,621.505,622.57,0.820581,1.95393,1.88508,8.82775,8.86957,18.7066,18.7066,0.0,1.0,1
56061,30.05.2024 23:02:54.790000,-306.766,-340.631,9.08501,9.023,9.016,79.818,2.0577,1.94397,11.9296,8.29344,621.49,622.56,0.944623,1.89433,1.70238,8.60483,8.87045,18.7066,18.7066,0.0,1.0,1
56062,30.05.2024 23:02:54.800000,-306.766,-340.631,9.08501,9.023,9.016,79.818,2.0577,1.94397,11.9296,8.29344,621.49,622.56,0.944623,1.89433,1.70238,8.60483,8.87045,18.7066,18.7066,0.0,1.0,1
56063,30.05.2024 23:02:54.810000,-306.766,-340.631,9.09702,9.023,9.016,79.8469,2.07195,1.94983,13.6455,8.58457,621.485,622.565,1.01318,1.79415,1.64183,8.46987,8.87021,18.6921,18.6921,0.0,1.0,1
56064,30.05.2024 23:02:54.820000,-306.766,-340.631,9.09702,9.023,9.016,79.8469,2.07195,1.94983,13.6455,8.58457,621.485,622.565,1.01318,1.79415,1.64183,8.46987,8.87021,18.6921,18.6921,0.0,1.0,1
56065,30.05.2024 23:02:54.830000,-304.129,-339.477,9.10379,9.013,9.003,79.9049,2.05423,1.95522,15.4068,11.7974,621.46,622.555,0.996803,1.90506,1.68659,8.41016,8.87089,18.6994,18.6994,0.0,1.0,1
56066,30.05.2024 23:02:54.840000,-304.129,-339.477,9.10379,9.013,9.003,79.9049,2.05423,1.95522,15.4068,11.7974,621.46,622.555,0.996803,1.90506,1.68659,8.41016,8.87089,18.6994,18.6994,0.0,1.0,1
56067,30.05.2024 23:02:54.850000,-297.949,-338.901,9.09085,8.974,8.986,80.0947,1.96514,1.95722,12.5691,9.09516,621.435,622.525,0.89865,2.00124,1.68609,8.39931,8.87109,18.41,18.41,0.0,1.0,1
56068,30.05.2024 23:02:54.860000,-307.178,-340.796,9.10503,9.013,8.982,80.078,1.91526,1.95347,7.3044,8.76766,621.4,622.485,0.930873,1.85788,1.70477,8.06664,8.87082,18.2653,18.2653,0.0,1.0,1
56069,30.05.2024 23:02:54.870000,-303.14,-342.361,9.11295,9.006,8.993,80.078,1.90872,1.94974,7.3044,8.76766,621.4,622.485,0.930873,1.85788,1.70477,8.06664,8.87122,18.0556,18.0556,0.0,1.0,1
56070,30.05.2024 23:02:54.880000,-303.14,-342.361,9.09919,9.006,8.993,79.9565,1.91341,1.9464,6.80069,9.77807,621.385,622.455,0.89344,1.68706,1.5968,8.01018,8.87157,17.8168,17.8168,0.0,1.0,1
56071,30.05.2024 23:02:54.890000,-303.14,-342.361,9.09919,9.006,8.993,79.9565,1.91341,1.9464,6.80069,9.77807,621.385,622.455,0.89344,1.68706,1.5968,8.01018,8.87157,17.8168,17.8168,0.0,1.0,1
56072,30.05.2024 23:02:54.900000,-306.354,-338.901,9.09919,8.997,8.998,79.9565,1.95557,1.94143,8.28662,8.05929,621.355,622.45,0.985408,1.52792,1.55021,7.87538,8.87157,17.759,17.759,0.0,1.0,1
56073,30.05.2024 23:02:54.910000,-306.354,-338.901,9.09919,8.997,8.998,79.9565,1.95557,1.94143,8.28662,8.05929,621.355,622.45,0.985408,1.52792,1.55021,7.87538,8.87157,17.759,17.759,0.0,1.0,1
56074,30.05.2024 23:02:54.920000,-300.421,-341.702,9.1047,9.008,8.997,80.021,2.01148,1.94279,12.6177,8.9199,621.35,622.445,0.893123,1.46729,1.64439,7.83971,8.87242,17.4045,17.4045,0.0,1.0,1
56075,30.05.2024 23:02:54.930000,-307.342,-347.223,9.10405,9.018,9.01,79.9626,2.05658,1.94669,14.297,10.5853,621.335,622.44,0.965461,1.4852,1.53521,7.72628,8.87301,16.9199,16.9199,0.0,1.0,1
56076,30.05.2024 23:02:54.940000,-296.713,-347.223,9.10405,9.018,9.023,79.9089,2.04938,1.94855,15.4073,11.2012,621.32,622.435,1.06598,1.66175,1.58336,7.85332,8.87301,16.9199,16.9199,0.0,1.0,1
56077,30.05.2024 23:02:54.950000,-296.713,-347.223,9.10405,9.018,9.023,79.9089,2.04938,1.94855,15.4073,11.2012,621.32,622.435,1.06598,1.66175,1.58336,7.85332,8.87301,16.9199,16.9199,0.0,1.0,1
56078,30.05.2024 23:02:54.960000,-305.2,-340.796,9.10309,8.995,9.031,79.9089,2.03536,1.94977,13.149,8.81221,621.31,622.4,1.2175,1.61061,1.57299,7.79439,8.87318,16.9199,16.9199,0.0,1.0,1
56079,30.05.2024 23:02:54.970000,-303.552,-340.549,9.10122,9.011,9.036,79.9179,1.95275,1.95595,13.149,8.81221,621.31,622.4,1.2175,1.61061,1.57299,7.79439,8.87298,16.9199,16.9199,0.0,1.0,1
56080,30.05.2024 23:02:54.980000,-303.552,-340.549,9.10122,9.011,9.036,79.9179,1.95275,1.95595,13.149,8.81221,621.31,622.4,1.2175,1.61061,1.57299,7.79439,8.87298,16.9199,16.9199,0.0,1.0,1
56081,30.05.2024 23:02:54.990000,-297.949,-339.642,9.09278,9.016,9.041,79.9052,1.93036,1.95408,10.3317,10.1149,621.315,622.4,1.36188,1.64881,1.60122,7.88172,8.87353,16.7028,16.7028,0.0,1.0,1
56082,30.05.2024 23:02:55.000000,-300.503,-336.758,9.08858,9.02,9.023,79.855,1.91966,1.95129,9.3524,9.2696,621.26,622.38,1.64563,1.81164,1.5834,7.87359,8.87427,16.4207,16.4207,0.0,1.0,1
56083,30.05.2024 23:02:55.010000,-300.503,-336.758,9.08858,9.02,9.023,79.855,1.91966,1.95129,9.3524,9.2696,621.26,622.38,1.64563,1.81164,1.5834,7.87359,8.87427,16.4207,16.4207,0.0,1.0,1
56084,30.05.2024 23:02:55.020000,-300.503,-341.455,9.09263,9.015,9.023,79.9103,1.93707,1.95238,7.38893,11.0612,621.245,622.335,1.67463,1.848,1.58615,7.93224,8.87474,16.4207,16.4207,0.0,1.0,1
56085,30.05.2024 23:02:55.030000,-300.503,-341.455,9.09263,9.015,9.023,79.9103,1.93707,1.95238,7.38893,11.0612,621.245,622.335,1.67463,1.848,1.58615,7.93224,8.87474,16.4207,16.4207,0.0,1.0,1
56086,30.05.2024 23:02:55.040000,-300.256,-336.758,9.11264,9.011,9.017,79.9572,1.993,1.95181,8.79251,8.19748,621.235,622.32,1.78147,1.68399,1.57876,7.91868,8.87497,15.9216,15.9216,0.0,1.0,1
56087,30.05.2024 23:02:55.050000,-300.256,-336.758,9.11264,9.011,9.017,79.9572,1.993,1.95181,8.79251,8.19748,621.235,622.32,1.78147,1.68399,1.57876,7.91868,8.87497,15.9216,15.9216,0.0,1.0,1
56088,30.05.2024 23:02:55.060000,-302.399,-337.418,9.10764,8.994,9.006,79.9569,2.06195,1.95275,11.2878,7.00843,621.165,622.28,1.85215,2.07058,1.64865,8.07055,8.87531,15.625,15.625,0.0,1.0,1
56089,30.05.2024 23:02:55.070000,-302.151,-336.017,9.09095,9.012,9.015,79.8152,2.07228,1.95581,13.8397,6.39737,621.145,622.25,1.7697,1.88718,1.60742,8.11008,8.87576,15.9216,15.9216,0.0,1.0,1
56090,30.05.2024 23:02:55.080000,-302.893,-338.324,9.09095,9.01,9.006,79.8152,2.064,1.95531,13.8397,6.39737,621.145,622.25,1.7697,1.88718,1.60742,8.11008,8.87531,15.9216,15.9216,0.0,1.0,1
56091,30.05.2024 23:02:55.090000,-302.893,-337.912,9.09371,8.992,9.006,79.8551,2.02541,1.95432,12.8471,8.08681,621.12,622.25,1.64246,1.77315,1.63286,8.16262,8.87549,15.7624,15.7624,0.0,1.0,1
56092,30.05.2024 23:02:55.100000,-302.893,-337.912,9.09371,8.992,9.006,79.8551,2.02541,1.95432,12.8471,8.08681,621.12,622.25,1.64246,1.77315,1.63286,8.16262,8.87549,15.7624,15.7624,0.0,1.0,1
56093,30.05.2024 23:02:55.110000,-307.095,-337.912,9.09371,8.992,8.996,79.8826,2.002,1.95484,12.3315,9.78282,621.095,622.22,1.59345,1.95931,1.58254,8.107,8.87549,15.7624,15.7624,0.0,1.0,1
56094,30.05.2024 23:02:55.120000,-298.938,-344.668,9.10479,8.975,8.988,79.9365,1.9693,1.95307,10.3722,9.83417,621.065,622.155,1.6146,1.86855,1.52782,8.04211,8.87566,15.9288,15.9288,0.0,1.0,1
56095,30.05.2024 23:02:55.130000,-303.964,-341.043,9.10479,8.989,8.989,79.9365,1.96456,1.95254,10.3722,9.83417,621.065,622.155,1.6146,1.86855,1.52782,8.04211,8.87566,15.9288,15.9288,0.0,1.0,1
56096,30.05.2024 23:02:55.140000,-301.904,-334.781,9.1037,8.984,8.995,79.9229,1.97409,1.95236,8.79117,8.48473,621.035,622.155,1.44982,1.4833,1.5169,8.01207,8.8764,15.7046,15.7046,0.0,1.0,1
56097,30.05.2024 23:02:55.150000,-301.904,-334.781,9.10983,8.984,8.995,79.9611,1.98734,1.95271,9.93856,6.37695,621.035,622.16,1.35878,1.63079,1.575,7.97546,8.8764,15.7046,15.7046,0.0,1.0,1
56098,30.05.2024 23:02:55.160000,-304.211,-340.137,9.10983,8.984,8.996,79.9611,2.0031,1.95337,9.93856,6.37695,621.035,622.16,1.35878,1.63079,1.575,7.97546,8.87652,15.6105,15.6105,0.0,1.0,1
56099,30.05.2024 23:02:55.170000,-304.211,-340.137,9.10983,8.984,8.996,79.9611,2.0031,1.95337,9.93856,6.37695,621.035,622.16,1.35878,1.63079,1.575,7.97546,8.87652,15.6105,15.6105,0.0,1.0,1
