,time,Pinceur Inf Mesure de courant,Pinceur Sup Mesure de courant,Mandrin - Vitesse Actuelle,Pinceur Sup Mesure vitesse lineaire,Pinceur Inf Mesure vitesse lineaire,Mandrin - Mesure Expansion,Pinceur Nord Position entrefer estimee,Pinceur Sud Position entrefer estimee,Pinceur Nord Force entrefer calibree,Pinceur Sud Force entrefer calibree,Guides Nord Entree Position mesuree,Guides Nord Sortie Position mesuree,Guides Nord Entree Force pour regulateur PI,Guides Nord Sortie Force pour regulateur PI,Guides Sud Entree Force pour regulateur PI,Guides Sud Sortie Force pour regulateur PI,Mandrin - Vitesse Actuelle F10,_Excentrage largeur bande jauge bob,_Excentrage largeur bande jauge bob.1,TDB pinceur,Fenetre,Declancheur
43800,30.05.2024 20:09:20.680000,106.952,39.5508,6.65773,6.877,6.456,38.2065,4.7938,4.71856,54.4833,74.1482,766.605,758.24,5.96741,4.54715,1.47916,-0.857135,5.79679,60.4167,60.4167,1.0,1.0,1
43801,30.05.2024 20:09:20.690000,106.952,39.5508,6.65773,6.877,6.456,38.2065,4.7938,4.71856,54.4833,74.1482,766.605,758.24,5.96741,4.54715,1.47916,-0.857135,5.79679,60.4167,60.4167,1.0,1.0,1
43802,30.05.2024 20:09:20.700000,164.795,39.5508,6.6937,6.528,6.456,38.2095,4.9197,4.87109,65.1757,76.0065,765.755,757.44,5.67555,4.65361,1.48333,-0.830838,5.79679,60.8073,60.8073,1.0,1.0,1
43803,30.05.2024 20:09:20.710000,164.795,39.5508,6.6937,6.528,6.456,38.2095,4.9197,4.87109,65.1757,76.0065,765.755,757.44,5.67555,4.65361,1.48333,-0.830838,5.79679,60.8073,60.8073,1.0,1.0,1
43804,30.05.2024 20:09:20.720000,226.511,312.451,6.68871,6.348,5.98,38.2047,4.73013,4.88125,62.9785,79.5352,764.065,755.84,5.55829,6.41442,1.3678,-0.938737,5.79743,60.5107,60.5107,1.0,1.0,1
43805,30.05.2024 20:09:20.730000,226.511,312.451,6.68871,6.348,5.98,38.2047,4.73013,4.88125,62.9785,79.5352,764.065,755.84,5.55829,6.41442,1.3678,-0.938737,5.79743,60.5107,60.5107,1.0,1.0,1
43806,30.05.2024 20:09:20.740000,273.559,345.575,6.66197,6.366,5.866,38.2,4.45182,4.69983,52.641,77.0592,761.51,753.21,5.43969,7.51408,1.47227,-0.861974,5.79791,60.5107,60.5107,1.0,1.0,1
43807,30.05.2024 20:09:20.750000,337.088,377.957,6.64642,6.391,5.719,38.2604,4.26389,4.48536,39.8575,61.7027,759.825,751.49,5.41711,5.85641,1.82093,-0.799649,5.79869,60.8362,60.8362,1.0,1.0,1
43808,30.05.2024 20:09:20.760000,405.066,404.901,6.66615,6.34,5.545,38.2604,4.20816,4.20312,30.3934,45.5727,758.13,749.875,5.45921,5.42162,1.81571,-0.770019,5.79992,61.1762,61.1762,1.0,1.0,1
43809,30.05.2024 20:09:20.770000,405.066,404.901,6.66615,6.34,5.545,38.2757,4.20816,4.20312,30.3934,45.5727,757.235,749.075,5.21391,4.88888,1.86825,-0.697635,5.79992,61.1762,61.1762,1.0,1.0,1
43810,30.05.2024 20:09:20.780000,455.328,544.153,6.66906,6.077,5.549,38.2699,4.15035,3.99476,22.9258,22.0193,756.43,748.28,4.53744,6.01001,1.9145,-0.63071,5.80063,61.1762,61.1762,1.0,1.0,1
43811,30.05.2024 20:09:20.790000,455.328,622.925,6.66906,6.077,5.633,38.2699,4.16484,3.90157,25.6474,16.4745,755.555,747.525,4.32269,6.56651,2.0105,-0.642099,5.80168,60.8218,60.8218,1.0,1.0,1
43812,30.05.2024 20:09:20.800000,455.328,544.153,6.66906,6.077,5.549,38.2699,4.16484,3.90157,25.6474,16.4745,756.43,748.28,4.53744,6.01001,1.9145,-0.63071,5.80063,60.8218,60.8218,1.0,1.0,1
43813,30.05.2024 20:09:20.810000,459.448,662.558,6.66771,5.997,5.728,38.1763,4.22389,3.90964,29.0038,20.6878,753.0,745.075,4.10563,8.59265,1.93015,-0.67813,5.80204,60.5252,60.5252,1.0,1.0,1
43814,30.05.2024 20:09:20.820000,459.448,662.558,6.66771,5.997,5.728,38.1763,4.22389,3.90964,29.0038,20.6878,753.0,745.075,4.10563,8.59265,1.93015,-0.67813,5.80204,60.5252,60.5252,1.0,1.0,1
43815,30.05.2024 20:09:20.830000,458.13,662.558,6.66421,5.893,5.728,38.1763,4.34401,4.07783,29.7555,23.2288,752.2,744.25,3.63624,9.25035,1.77994,-0.688144,5.80204,60.5252,60.5252,1.0,1.0,1
43816,30.05.2024 20:09:20.840000,458.13,662.558,6.66421,5.893,5.728,38.1763,4.34401,4.07783,29.7555,23.2288,752.2,744.25,3.63624,9.25035,1.77994,-0.688144,5.80204,60.5252,60.5252,1.0,1.0,1
43817,30.05.2024 20:09:20.850000,460.519,711.996,6.65041,5.812,5.801,38.1767,4.39793,4.27913,38.9358,37.529,749.62,741.92,3.70451,9.59458,1.85733,-0.671365,5.8027,60.5179,60.5179,1.0,1.0,1
43818,30.05.2024 20:09:20.860000,460.519,711.996,6.65041,5.812,5.801,38.1767,4.39793,4.27913,38.9358,37.529,749.62,741.92,3.70451,9.59458,1.85733,-0.671365,5.8027,60.5179,60.5179,1.0,1.0,1
43819,30.05.2024 20:09:20.870000,470.407,705.404,6.67175,5.827,5.765,38.1182,4.39312,4.45478,35.2038,51.9541,747.97,740.48,4.10586,13.2486,1.86929,-0.758897,5.80273,60.3082,60.3082,1.0,1.0,1
43820,30.05.2024 20:09:20.880000,504.767,704.333,6.68854,5.838,5.768,38.1674,4.3578,4.56824,39.8823,62.1126,745.3,738.225,3.61319,16.899,1.92053,-0.785916,5.80278,60.9664,60.9664,1.0,1.0,1
43821,30.05.2024 20:09:20.890000,504.767,706.805,6.68854,5.838,5.736,38.2377,4.37302,4.57844,38.1214,63.4365,744.465,737.48,2.50807,17.7748,2.08977,-0.639527,5.80304,60.9664,60.9664,1.0,1.0,1
43822,30.05.2024 20:09:20.900000,504.767,706.805,6.68854,5.838,5.736,38.2377,4.37302,4.57844,38.1214,63.4365,744.465,737.48,2.50807,17.7748,2.08977,-0.639527,5.80304,60.9664,60.9664,1.0,1.0,1
43823,30.05.2024 20:09:20.910000,504.767,706.805,6.68854,5.838,5.736,38.2377,4.39857,4.52464,38.0059,62.0901,743.57,736.75,1.65456,19.3187,2.18223,-0.598739,5.80304,59.715,59.715,1.0,1.0,1
43824,30.05.2024 20:09:20.920000,504.767,706.805,6.68854,5.838,5.736,38.2377,4.39857,4.52464,38.0059,62.0901,743.57,736.75,1.65456,19.3187,2.18223,-0.598739,5.80304,59.715,59.715,1.0,1.0,1
43825,30.05.2024 20:09:20.930000,537.89,695.682,6.65269,5.731,5.71,38.2558,4.37683,4.37212,40.6312,50.9868,740.945,734.45,0.225454,21.9314,2.14778,-0.655627,5.8031,59.2737,59.2737,1.0,1.0,1
43826,30.05.2024 20:09:20.940000,556.1,696.67,6.667,5.781,5.729,38.236,4.26087,4.20098,31.4486,36.8869,739.23,732.955,-0.805831,23.1948,2.10154,-0.67582,5.80325,59.3027,59.3027,1.0,1.0,1
43827,30.05.2024 20:09:20.950000,579.996,694.198,6.69322,5.765,5.697,38.236,4.12327,4.03951,30.4446,28.3277,738.38,732.275,-0.988316,24.0761,1.97514,-0.68489,5.80329,59.158,59.158,1.0,1.0,1
43828,30.05.2024 20:09:20.960000,579.996,694.198,6.69322,5.765,5.697,38.236,4.12327,4.03951,30.4446,28.3277,738.38,732.275,-0.988316,24.0761,1.97514,-0.68489,5.80329,59.158,59.158,1.0,1.0,1
43829,30.05.2024 20:09:20.970000,595.404,694.198,6.66938,5.716,5.697,38.2469,4.12327,4.03951,30.4446,28.3277,737.525,731.58,-1.66866,24.8896,2.08144,-0.680829,5.80329,59.1508,59.1508,1.0,1.0,1
43830,30.05.2024 20:09:20.980000,595.404,691.644,6.66938,5.716,5.691,38.2579,4.03169,3.95964,20.014,20.8175,735.005,729.36,-1.0937,27.981,2.08788,-0.667644,5.80326,57.8704,57.8704,1.0,1.0,1
43831,30.05.2024 20:09:20.990000,595.404,691.644,6.66938,5.716,5.691,38.2579,4.03169,3.95964,20.014,20.8175,735.005,729.36,-1.0937,27.981,2.08788,-0.667644,5.80326,57.8704,57.8704,1.0,1.0,1
43832,30.05.2024 20:09:21.000000,610.235,687.607,6.65103,5.735,5.706,38.2485,4.01324,3.94581,18.049,19.1794,734.19,728.54,-0.848591,28.9481,2.00323,-0.585921,5.80334,56.8649,56.8649,1.0,1.0,1
43833,30.05.2024 20:09:21.010000,625.809,690.82,6.67169,5.793,5.709,38.2187,4.0441,3.98673,17.9878,20.1784,731.65,726.05,-0.417374,28.0109,2.01391,-0.648643,5.80331,56.8649,56.8649,1.0,1.0,1
43834,30.05.2024 20:09:21.020000,625.809,690.49,6.67169,5.793,5.703,38.2187,4.0946,4.05765,18.0413,25.7601,730.8,725.315,-0.602873,26.7674,2.06686,-0.695695,5.8032,56.8649,56.8649,1.0,1.0,1
43835,30.05.2024 20:09:21.030000,625.809,696.094,6.67169,5.793,5.708,38.2187,4.15828,4.14045,24.8345,31.2253,730.005,724.545,-0.741442,27.1447,1.99523,-0.647361,5.80332,55.5266,55.5266,1.0,1.0,1
43836,30.05.2024 20:09:21.040000,639.075,696.094,6.66887,5.777,5.708,38.2265,4.15828,4.14045,24.8345,31.2253,729.175,723.84,-0.356703,28.1274,1.91753,-0.662685,5.80332,55.5266,55.5266,1.0,1.0,1
43837,30.05.2024 20:09:21.050000,662.723,679.037,6.65562,5.757,5.72,38.2265,4.21728,4.21007,26.9434,37.1723,727.505,722.175,-0.22754,29.2242,1.82267,-0.69477,5.80327,54.1884,54.1884,1.0,1.0,1
43838,30.05.2024 20:09:21.060000,662.723,679.037,6.65562,5.757,5.72,38.2265,4.21728,4.21007,26.9434,37.1723,727.505,722.175,-0.22754,29.2242,1.82267,-0.69477,5.80327,54.1884,54.1884,1.0,1.0,1
43839,30.05.2024 20:09:21.070000,674.176,679.037,6.67271,5.782,5.72,38.2016,4.2559,4.24926,30.7378,39.7423,726.675,721.285,-0.132498,30.0228,1.81603,-0.677695,5.80327,53.3058,53.3058,1.0,1.0,1
43840,30.05.2024 20:09:21.080000,685.629,695.682,6.69841,5.805,5.709,38.0953,4.25464,4.24862,31.5437,39.5539,724.155,718.875,-1.10775,28.6664,1.90145,-0.547557,5.8033,52.3944,52.3944,1.0,1.0,1
43841,30.05.2024 20:09:21.090000,685.629,679.037,6.69841,5.805,5.72,38.2016,4.25464,4.24862,31.5437,39.5539,726.675,721.285,-0.132498,30.0228,1.81603,-0.677695,5.80327,53.3058,53.3058,1.0,1.0,1
43842,30.05.2024 20:09:21.100000,693.457,695.105,6.65649,5.799,5.694,38.1767,4.22211,4.22153,31.8198,39.7811,722.475,717.32,-2.07559,30.2473,1.89819,-0.519673,5.8034,53.3058,53.3058,1.0,1.0,1
43843,30.05.2024 20:09:21.110000,693.457,695.105,6.65649,5.799,5.694,38.1767,4.22211,4.22153,31.8198,39.7811,722.475,717.32,-2.07559,30.2473,1.89819,-0.519673,5.8034,53.3058,53.3058,1.0,1.0,1
43844,30.05.2024 20:09:21.120000,693.457,685.464,6.65649,5.799,5.722,38.1767,4.17884,4.17667,29.4011,38.1062,721.605,716.525,-2.40113,31.3076,1.88267,-0.475057,5.80374,47.9962,47.9962,1.0,1.0,1
43845,30.05.2024 20:09:21.130000,693.704,686.865,6.67705,5.765,5.763,38.26,4.12144,4.12629,26.4067,33.16,719.145,714.04,-3.04043,32.1775,1.9019,-0.507173,5.80369,44.8351,44.8351,1.0,1.0,1
43846,30.05.2024 20:09:21.140000,693.704,686.865,6.67705,5.765,5.763,38.26,4.12144,4.12629,26.4067,33.16,719.145,714.04,-3.04043,32.1775,1.9019,-0.507173,5.80369,44.8351,44.8351,1.0,1.0,1
43847,30.05.2024 20:09:21.150000,691.397,686.865,6.65339,5.791,5.763,38.26,4.0562,4.08367,23.0408,29.6579,718.345,713.15,-2.96569,32.3883,1.86719,-0.512733,5.80369,42.1224,42.1224,1.0,1.0,1
43848,30.05.2024 20:09:21.160000,691.397,686.865,6.65339,5.791,5.763,38.26,4.0562,4.08367,23.0408,29.6579,718.345,713.15,-2.96569,32.3883,1.86719,-0.512733,5.80369,42.1224,42.1224,1.0,1.0,1
43849,30.05.2024 20:09:21.170000,694.858,686.371,6.67446,5.783,5.754,38.2931,3.99742,4.04983,19.3885,27.554,715.775,710.755,-2.3898,31.8166,1.94113,-0.478374,5.80436,42.1224,42.1224,1.0,1.0,1
43850,30.05.2024 20:09:21.180000,694.858,686.371,6.67446,5.783,5.754,38.2931,3.99742,4.04983,19.3885,27.554,715.775,710.755,-2.3898,31.8166,1.94113,-0.478374,5.80436,42.1224,42.1224,1.0,1.0,1
43851,30.05.2024 20:09:21.190000,686.865,692.468,6.69645,5.78,5.751,38.2498,3.95769,4.02942,17.6615,25.8491,714.13,709.27,-3.70973,33.1925,1.99313,-0.490735,5.8045,42.1224,42.1224,1.0,1.0,1
43852,30.05.2024 20:09:21.200000,680.932,689.337,6.67632,5.854,5.777,38.2265,3.95271,4.02653,15.1977,25.6709,711.67,706.88,-3.60079,35.1407,2.33356,-0.413003,5.80473,35.1201,35.1201,1.0,1.0,1
43853,30.05.2024 20:09:21.210000,680.932,688.266,6.67632,5.854,5.788,38.2442,3.97055,4.03138,15.6818,26.224,710.875,706.17,-3.32565,35.8978,2.84083,-0.462958,5.80493,35.1201,35.1201,1.0,1.0,1
43854,30.05.2024 20:09:21.220000,680.932,688.266,6.67632,5.854,5.788,38.2442,3.97055,4.03138,15.6818,26.224,710.08,705.415,-3.24635,37.8104,4.64632,-0.528072,5.80493,35.1201,35.1201,1.0,1.0,1
43855,30.05.2024 20:09:21.230000,691.974,690.82,6.70505,5.874,5.798,38.2801,3.98938,4.03117,18.2166,26.2964,709.255,704.655,-2.58876,38.8368,5.7319,-0.511937,5.80534,35.1201,35.1201,1.0,1.0,1
43856,30.05.2024 20:09:21.240000,691.974,690.82,6.70505,5.874,5.798,38.2801,3.98938,4.03117,18.2166,26.2964,709.255,704.655,-2.58876,38.8368,5.7319,-0.511937,5.80534,35.1201,35.1201,1.0,1.0,1
43857,30.05.2024 20:09:21.250000,691.974,691.232,6.70505,5.874,5.808,38.2801,3.99392,4.03349,18.3044,25.6514,707.99,703.26,-6.75519,32.7303,6.48513,-0.487819,5.80561,29.6513,29.6513,1.0,1.0,1
43858,30.05.2024 20:09:21.260000,691.974,689.914,6.6816,5.901,5.823,38.3177,4.01529,4.03544,20.1528,26.3248,708.31,704.365,-16.2911,17.6536,8.17391,-0.627328,5.80575,26.8808,26.8808,1.0,1.0,1
43859,30.05.2024 20:09:21.270000,691.974,689.914,6.6816,5.901,5.823,38.3177,4.01529,4.03544,20.1528,26.3248,708.31,704.365,-16.2911,17.6536,8.17391,-0.627328,5.80575,26.8808,26.8808,1.0,1.0,1
43860,30.05.2024 20:09:21.280000,694.116,691.726,6.67552,5.936,5.804,38.3177,4.03427,4.04369,24.3841,28.9532,708.545,704.43,-10.6253,23.2983,8.72443,-0.593827,5.80598,26.8012,26.8012,1.0,1.0,1
43861,30.05.2024 20:09:21.290000,688.431,695.929,6.67317,5.937,5.793,38.2219,4.05893,4.05692,26.1202,29.3892,707.88,704.8,-3.14106,21.6873,9.48963,-0.632062,5.80635,24.0162,24.0162,1.0,1.0,1
43862,30.05.2024 20:09:21.300000,688.431,695.929,6.67317,5.937,5.793,38.2219,4.05893,4.05692,26.1202,29.3892,707.845,704.775,-5.36619,23.9555,9.6944,-0.621619,5.80635,20.9491,20.9491,1.0,1.0,1
43863,30.05.2024 20:09:21.310000,686.865,690.49,6.67199,5.875,5.799,38.2285,4.04044,4.06181,28.2077,28.4903,707.725,704.52,-1.91399,27.5964,9.19383,-0.141044,5.8068,20.9491,20.9491,1.0,1.0,1
43864,30.05.2024 20:09:21.320000,696.753,689.172,6.68665,5.874,5.815,38.2285,4.00261,4.0687,27.4054,30.5781,707.315,704.325,-0.637769,23.1084,8.44819,0.076331,5.80696,19.1985,19.1985,1.0,1.0,1
43865,30.05.2024 20:09:21.330000,696.753,689.172,6.68665,5.874,5.815,38.2004,4.00261,4.0687,27.4054,30.5781,707.18,704.395,-1.6249,19.739,7.26933,-0.0250389,5.80696,19.1985,19.1985,1.0,1.0,1
43866,30.05.2024 20:09:21.340000,696.753,689.172,6.68665,5.874,5.815,38.2004,4.00261,4.0687,27.4054,30.5781,707.18,704.395,-1.6249,19.739,7.26933,-0.0250389,5.80696,19.1985,19.1985,1.0,1.0,1
43867,30.05.2024 20:09:21.350000,690.326,688.183,6.71645,5.906,5.771,38.1951,3.95386,4.07161,26.6932,30.5825,707.115,704.27,-0.536631,18.4709,4.50737,-0.127538,5.80712,18.533,18.533,1.0,1.0,1
43868,30.05.2024 20:09:21.360000,690.078,685.547,6.71353,5.908,5.737,38.2235,3.93151,4.0704,25.6523,31.6918,706.735,704.23,0.776037,13.3588,3.05279,-0.163568,5.80716,18.0628,18.0628,1.0,1.0,1
43869,30.05.2024 20:09:21.370000,690.326,688.183,6.71645,5.906,5.771,38.1951,3.95386,4.07161,26.6932,30.5825,707.115,704.27,-0.536631,18.4709,4.50737,-0.127538,5.80712,18.0628,18.0628,1.0,1.0,1
43870,30.05.2024 20:09:21.380000,690.326,688.183,6.71645,5.906,5.771,38.1951,3.95386,4.07161,26.6932,30.5825,707.115,704.27,-0.536631,18.4709,4.50737,-0.127538,5.80712,18.0628,18.0628,1.0,1.0,1
43871,30.05.2024 20:09:21.390000,690.078,693.622,6.68535,5.845,5.754,38.1811,3.8819,4.06517,23.9095,31.3471,706.56,704.08,1.01391,13.3707,2.6407,-1.09096,5.80751,18.0483,18.0483,1.0,1.0,1
43872,30.05.2024 20:09:21.400000,690.82,685.547,6.67956,5.846,5.755,38.1354,3.85373,4.04498,21.2417,28.8425,706.28,703.995,1.46724,9.75085,3.14904,-0.925552,5.80801,18.2798,18.2798,1.0,1.0,1
43873,30.05.2024 20:09:21.410000,690.82,693.622,6.67956,5.846,5.754,38.1811,3.85373,4.04498,21.2417,28.8425,706.56,704.08,1.01391,13.3707,2.6407,-1.09096,5.80751,18.0483,18.0483,1.0,1.0,1
43874,30.05.2024 20:09:21.420000,689.667,687.277,6.70092,5.861,5.76,38.2213,3.83502,4.00843,20.8674,28.1956,706.13,704.01,2.17289,9.46488,5.73717,0.0861863,5.80825,18.0483,18.0483,1.0,1.0,1
43875,30.05.2024 20:09:21.430000,686.453,689.09,6.70576,5.848,5.782,38.2213,3.83059,3.98563,19.5892,25.0593,706.04,704.02,2.63406,9.80732,6.13321,0.125811,5.80842,18.2653,18.2653,1.0,1.0,1
43876,30.05.2024 20:09:21.440000,686.453,689.09,6.70576,5.848,5.782,38.2213,3.83059,3.98563,19.5892,25.0593,706.04,704.02,2.63406,9.80732,6.13321,0.125811,5.80842,18.2653,18.2653,1.0,1.0,1
43877,30.05.2024 20:09:21.450000,688.843,689.09,6.70043,5.832,5.782,38.1789,3.83059,3.98563,19.5892,25.0593,705.935,704.015,2.52149,10.1423,6.3963,0.133641,5.80842,17.9109,17.9109,1.0,1.0,1
43878,30.05.2024 20:09:21.460000,688.843,689.09,6.70043,5.832,5.782,38.1789,3.83059,3.98563,19.5892,25.0593,705.935,704.015,2.52149,10.1423,6.3963,0.133641,5.80842,17.9109,17.9109,1.0,1.0,1
43879,30.05.2024 20:09:21.470000,688.843,691.726,6.70043,5.832,5.75,38.1682,3.85587,3.96536,20.8005,24.4199,705.71,704.02,1.94077,9.96268,6.34183,0.543429,5.80862,17.6577,17.6577,1.0,1.0,1
43880,30.05.2024 20:09:21.480000,688.843,691.726,6.70043,5.832,5.75,38.1682,3.85587,3.96536,20.8005,24.4199,705.71,704.02,1.94077,9.96268,6.34183,0.543429,5.80862,17.6577,17.6577,1.0,1.0,1
43881,30.05.2024 20:09:21.490000,695.105,695.434,6.71535,5.916,5.778,38.1656,3.88921,3.9576,23.355,22.8903,705.535,704.11,1.9787,10.5455,4.83384,0.770671,5.80908,17.6649,17.6649,1.0,1.0,1
43882,30.05.2024 20:09:21.500000,695.105,695.434,6.71535,5.916,5.778,38.1656,3.88921,3.9576,23.355,22.8903,705.535,704.11,1.9787,10.5455,4.83384,0.770671,5.80908,17.6649,17.6649,1.0,1.0,1
43883,30.05.2024 20:09:21.510000,689.996,695.352,6.70127,5.887,5.804,38.4269,3.88245,3.94202,24.2909,22.3013,705.395,704.115,2.66449,12.3936,3.04983,0.624646,5.80918,18.0628,18.0628,1.0,1.0,1
43884,30.05.2024 20:09:21.520000,676.648,684.887,6.62471,5.937,5.856,38.4242,3.84356,3.92877,22.8489,21.6151,705.18,703.9,1.99533,12.0739,2.40911,0.559035,5.80939,17.1007,17.1007,1.0,1.0,1
43885,30.05.2024 20:09:21.530000,676.648,684.887,6.62471,5.937,5.856,38.4242,3.84356,3.92877,22.8489,21.6151,705.18,703.9,1.99533,12.0739,2.40911,0.559035,5.80939,17.1007,17.1007,1.0,1.0,1
43886,30.05.2024 20:09:21.540000,676.648,684.311,6.62471,5.937,5.916,38.4883,3.80231,3.89071,22.5189,20.0631,705.12,703.855,1.62604,10.7279,2.18088,0.5528,5.80957,16.4641,16.4641,1.0,1.0,1
43887,30.05.2024 20:09:21.550000,682.663,689.502,6.67121,6.024,5.906,38.4454,3.80032,3.90534,21.8715,18.9845,704.965,703.71,2.28896,8.01065,1.77465,0.470439,5.80984,16.4641,16.4641,1.0,1.0,1
43888,30.05.2024 20:09:21.560000,682.663,679.614,6.67121,6.024,5.855,38.4454,3.85847,3.92621,25.0201,23.6732,704.835,703.52,2.34149,6.61523,1.90693,0.421578,5.8099,16.4641,16.4641,1.0,1.0,1
43889,30.05.2024 20:09:21.570000,696.011,679.614,6.69182,6.009,5.855,38.3683,3.85847,3.92621,25.0201,23.6732,704.745,703.465,2.33228,4.28778,2.09872,0.417188,5.8099,16.2254,16.2254,1.0,1.0,1
43890,30.05.2024 20:09:21.580000,696.011,679.614,6.69182,6.009,5.855,38.3683,3.85847,3.92621,25.0201,23.6732,704.745,703.465,2.33228,4.28778,2.09872,0.417188,5.8099,16.2254,16.2254,1.0,1.0,1
43891,30.05.2024 20:09:21.590000,684.146,668.738,6.71264,5.908,5.773,38.356,3.95043,3.98703,29.763,25.8651,704.67,703.425,2.29458,1.74941,2.30506,0.44896,5.81045,16.0156,16.0156,1.0,1.0,1
43892,30.05.2024 20:09:21.600000,684.146,668.738,6.71264,5.908,5.773,38.356,3.95043,3.98703,29.763,25.8651,704.67,703.425,2.29458,1.74941,2.30506,0.44896,5.81045,16.0156,16.0156,1.0,1.0,1
43893,30.05.2024 20:09:21.610000,684.228,645.337,6.68526,5.89,5.708,38.3319,3.9901,4.01727,32.8025,27.6775,704.445,703.41,2.1348,0.202446,2.69604,0.384349,5.81082,16.0156,16.0156,1.0,1.0,1
43894,30.05.2024 20:09:21.620000,684.228,645.337,6.68526,5.89,5.708,38.3319,3.9901,4.01727,32.8025,27.6775,704.445,703.41,2.1348,0.202446,2.69604,0.384349,5.81082,16.0156,16.0156,1.0,1.0,1
43895,30.05.2024 20:09:21.630000,665.277,623.913,6.65976,5.885,5.698,38.3213,3.90973,4.03204,33.1302,31.5442,704.345,703.4,2.44044,0.018373,3.05974,0.368741,5.81133,15.8131,15.8131,1.0,1.0,1
43896,30.05.2024 20:09:21.640000,649.869,572.909,6.64666,5.821,5.706,38.3049,3.83857,4.01758,28.5319,30.6286,704.135,703.4,3.49501,1.34383,2.88009,0.490304,5.81263,15.8131,15.8131,1.0,1.0,1
43897,30.05.2024 20:09:21.650000,649.869,572.909,6.64666,5.821,5.706,38.3049,3.83857,4.01758,28.5319,30.6286,704.135,703.4,3.49501,1.34383,2.88009,0.490304,5.81263,15.8131,15.8131,1.0,1.0,1
43898,30.05.2024 20:09:21.660000,608.175,572.909,6.71101,5.801,5.706,38.1952,3.78484,4.00098,25.3585,28.7315,704.055,703.395,3.30011,1.69347,2.65666,0.441651,5.81263,15.5671,15.5671,1.0,1.0,1
43899,30.05.2024 20:09:21.670000,608.175,572.909,6.71101,5.801,5.706,38.1952,3.78484,4.00098,25.3585,28.7315,704.055,703.395,3.30011,1.69347,2.65666,0.441651,5.81263,15.5671,15.5671,1.0,1.0,1
43900,30.05.2024 20:09:21.680000,593.591,559.643,6.70322,5.806,5.676,38.2165,3.73953,3.9524,22.2023,27.0597,703.915,703.25,3.50659,2.80587,2.11593,0.398951,5.81343,15.068,15.068,1.0,1.0,1
43901,30.05.2024 20:09:21.690000,593.591,559.643,6.70322,5.806,5.676,38.2165,3.73953,3.9524,22.2023,27.0597,703.915,703.25,3.50659,2.80587,2.11593,0.398951,5.81343,15.068,15.068,1.0,1.0,1
43902,30.05.2024 20:09:21.700000,603.067,558.325,6.74491,5.813,5.719,38.3406,3.70019,3.88236,18.6005,20.9245,703.65,703.035,3.50347,1.21376,1.7379,0.363248,5.81386,15.068,15.068,1.0,1.0,1
43903,30.05.2024 20:09:21.710000,603.067,558.325,6.74491,5.813,5.719,38.3406,3.70019,3.88236,18.6005,20.9245,703.65,703.035,3.50347,1.21376,1.7379,0.363248,5.81386,15.068,15.068,1.0,1.0,1
43904,30.05.2024 20:09:21.720000,594.497,560.055,6.6196,5.813,5.785,39.2003,3.6801,3.77875,17.8868,14.843,703.515,702.97,2.33094,-0.0846791,1.45842,0.188859,5.81416,15.3067,15.3067,1.0,1.0,1
43905,30.05.2024 20:09:21.730000,594.497,560.055,6.6196,5.813,5.785,39.2003,3.6801,3.77875,17.8868,14.843,703.515,702.97,2.33094,-0.0846791,1.45842,0.188859,5.81416,15.3067,15.3067,1.0,1.0,1
43906,30.05.2024 20:09:21.740000,599.853,553.546,6.65394,6.009,5.869,39.9929,3.67596,3.71882,16.2068,8.78302,703.325,702.85,2.37328,-0.270255,1.55056,0.215611,5.81433,15.9939,15.9939,1.0,1.0,1
43907,30.05.2024 20:09:21.750000,599.853,553.546,6.65394,6.009,5.869,39.9929,3.67596,3.71882,16.2068,8.78302,703.325,702.85,2.37328,-0.270255,1.55056,0.215611,5.81433,15.9939,15.9939,1.0,1.0,1
43908,30.05.2024 20:09:21.760000,592.355,563.269,6.66267,6.079,5.919,40.9992,3.7209,3.71778,17.1965,8.30648,703.175,702.76,1.87999,-0.484875,2.18469,0.295796,5.81478,16.4858,16.4858,1.0,1.0,1
43909,30.05.2024 20:09:21.770000,600.43,563.434,6.59395,6.077,5.944,43.0972,3.76075,3.79194,21.6153,13.8298,702.96,702.625,2.19272,-0.183451,2.2399,0.412492,5.81473,17.1224,17.1224,1.0,1.0,1
43910,30.05.2024 20:09:21.780000,600.43,563.434,6.59395,6.077,5.944,43.0972,3.76075,3.79194,21.6153,13.8298,702.925,702.6,1.9636,-0.168797,2.24293,0.33002,5.81473,17.1296,17.1296,1.0,1.0,1
43911,30.05.2024 20:09:21.790000,600.43,563.434,6.59395,6.077,5.944,43.0972,3.76075,3.79194,21.6153,13.8298,702.925,702.6,1.9636,-0.168797,2.24293,0.33002,5.81473,17.1296,17.1296,1.0,1.0,1
43912,30.05.2024 20:09:21.800000,612.048,562.445,6.56786,6.056,5.922,44.244,3.79603,3.85265,25.4974,21.8572,702.89,702.54,2.8416,0.167898,2.37762,0.453822,5.81483,17.1296,17.1296,1.0,1.0,1
43913,30.05.2024 20:09:21.810000,612.048,562.445,6.56786,6.056,5.922,44.244,3.79603,3.85265,25.4974,21.8572,702.89,702.54,2.8416,0.167898,2.37762,0.453822,5.81483,17.1296,17.1296,1.0,1.0,1
43914,30.05.2024 20:09:21.820000,607.763,562.115,6.52548,6.045,5.913,45.4492,3.82101,3.89858,26.9283,23.7211,702.63,702.32,4.10073,0.328357,2.41885,0.403863,5.81515,17.8892,17.8892,1.0,1.0,1
43915,30.05.2024 20:09:21.830000,605.786,568.872,6.4985,6.008,5.801,46.7386,3.77488,3.87806,28.1981,26.3492,702.51,702.21,4.01162,-0.100285,2.55688,0.42365,5.81621,17.636,17.636,1.0,1.0,1
43916,30.05.2024 20:09:21.840000,605.786,568.872,6.4985,6.008,5.801,48.015,3.77488,3.87806,28.1981,26.3492,702.45,702.16,4.36435,-0.018599,2.50784,0.497033,5.81621,17.636,17.636,1.0,1.0,1
43917,30.05.2024 20:09:21.850000,597.876,563.681,6.50516,6.005,5.748,49.3794,3.7256,3.80533,24.6506,21.2223,702.35,702.045,4.44628,-0.102866,2.54415,0.599252,5.81679,17.636,17.636,1.0,1.0,1
43918,30.05.2024 20:09:21.860000,597.876,563.681,6.50516,6.005,5.748,49.3794,3.7256,3.80533,24.6506,21.2223,702.35,702.045,4.44628,-0.102866,2.54415,0.599252,5.81679,17.636,17.636,1.0,1.0,1
43919,30.05.2024 20:09:21.870000,607.022,563.681,6.48927,6.032,5.748,49.3794,3.69325,3.75739,24.7084,16.7265,702.295,701.975,4.95735,0.270179,2.46983,0.528764,5.81679,17.0428,17.0428,1.0,1.0,1
43920,30.05.2024 20:09:21.880000,607.022,563.681,6.48927,6.032,5.748,49.3794,3.69325,3.75739,24.7084,16.7265,702.295,701.975,4.95735,0.270179,2.46983,0.528764,5.81679,17.0428,17.0428,1.0,1.0,1
43921,30.05.2024 20:09:21.890000,595.651,563.269,6.45744,6.032,5.715,50.7766,3.70706,3.72828,23.1022,17.3092,702.095,701.825,5.21187,-0.114901,2.65708,0.578509,5.81798,17.0428,17.0428,1.0,1.0,1
43922,30.05.2024 20:09:21.900000,595.651,563.269,6.45744,6.032,5.715,50.7766,3.70706,3.72828,23.1022,17.3092,702.095,701.825,5.21187,-0.114901,2.65708,0.578509,5.81798,17.0428,17.0428,1.0,1.0,1
43923,30.05.2024 20:09:21.910000,597.217,569.037,6.43969,5.943,5.723,53.5593,3.71917,3.72493,23.9765,17.1735,701.925,701.74,4.71545,0.504068,2.96742,0.583976,5.81842,17.0428,17.0428,1.0,1.0,1
43924,30.05.2024 20:09:21.920000,597.217,569.037,6.43969,5.943,5.723,53.5593,3.71917,3.72493,23.9765,17.1735,701.925,701.74,4.71545,0.504068,2.96742,0.583976,5.81842,17.0428,17.0428,1.0,1.0,1
43925,30.05.2024 20:09:21.930000,596.393,565.494,6.4293,5.938,5.82,54.9617,3.71328,3.73878,24.1245,15.1871,701.69,701.62,3.97932,0.895793,2.95284,0.641612,5.81889,16.1097,16.1097,1.0,1.0,1
43926,30.05.2024 20:09:21.940000,596.393,565.494,6.4293,5.938,5.82,54.9617,3.71328,3.73878,24.1245,15.1871,701.69,701.62,3.97932,0.895793,2.95284,0.641612,5.81889,16.1097,16.1097,1.0,1.0,1
43927,30.05.2024 20:09:21.950000,604.468,560.55,6.39936,6.0,5.839,56.3932,3.64025,3.73513,22.0712,19.1798,701.565,701.445,2.58269,1.9142,2.31696,0.519778,5.8193,16.2109,16.2109,1.0,1.0,1
43928,30.05.2024 20:09:21.960000,604.468,560.55,6.39936,6.0,5.839,56.3932,3.64025,3.73513,22.0712,19.1798,701.565,701.445,2.58269,1.9142,2.31696,0.519778,5.8193,16.2109,16.2109,1.0,1.0,1
43929,30.05.2024 20:09:21.970000,602.902,563.681,6.38704,5.997,5.782,57.7894,3.62177,3.71583,20.5048,15.7935,701.4,701.205,2.37653,0.965168,2.09764,0.58985,5.81993,16.2109,16.2109,1.0,1.0,1
43930,30.05.2024 20:09:21.980000,602.902,563.681,6.38704,5.997,5.782,57.7894,3.62177,3.71583,20.5048,15.7935,701.4,701.205,2.37653,0.965168,2.09764,0.58985,5.81993,16.2109,16.2109,1.0,1.0,1
43931,30.05.2024 20:09:21.990000,605.621,568.213,6.40208,5.915,5.864,60.4831,3.61148,3.70764,20.5382,15.9119,701.27,701.125,2.38408,-0.153649,2.18677,0.534537,5.82001,16.059,16.059,1.0,1.0,1
43932,30.05.2024 20:09:22.000000,612.048,557.007,6.30304,6.049,5.892,61.7697,3.61738,3.69334,19.9855,18.1199,701.075,700.955,2.60927,0.214469,2.28529,0.537446,5.82048,16.0156,16.0156,1.0,1.0,1
43933,30.05.2024 20:09:22.010000,612.048,560.055,6.30304,6.049,5.923,61.7697,3.61475,3.66513,19.7842,14.6708,701.01,700.9,2.73228,0.0106597,2.46741,0.594239,5.82087,16.0156,16.0156,1.0,1.0,1
43934,30.05.2024 20:09:22.020000,612.048,560.055,6.30304,6.049,5.923,63.057,3.61475,3.66513,19.7842,14.6708,700.92,700.835,3.21219,-0.143702,2.62705,0.639844,5.82087,15.9578,15.9578,1.0,1.0,1
43935,30.05.2024 20:09:22.030000,612.048,560.055,6.30304,6.049,5.923,63.057,3.61475,3.66513,19.7842,14.6708,700.92,700.835,3.21219,-0.143702,2.62705,0.639844,5.82087,15.9578,15.9578,1.0,1.0,1
43936,30.05.2024 20:09:22.040000,589.966,566.812,6.30801,6.08,5.84,64.3143,3.61079,3.65047,21.1255,12.8432,700.845,700.785,3.60681,-0.108979,2.64941,0.704381,5.82107,16.2182,16.2182,1.0,1.0,1
43937,30.05.2024 20:09:22.050000,589.966,566.812,6.30801,6.08,5.84,64.3143,3.61079,3.65047,21.1255,12.8432,700.845,700.785,3.60681,-0.108979,2.64941,0.704381,5.82107,16.2182,16.2182,1.0,1.0,1
43938,30.05.2024 20:09:22.060000,596.145,570.273,6.24954,5.986,5.901,65.6053,3.60235,3.62653,20.3728,15.2552,700.605,700.595,3.7157,-0.269967,2.75084,0.711905,5.82134,16.4786,16.4786,1.0,1.0,1
43939,30.05.2024 20:09:22.070000,596.145,570.273,6.24954,5.986,5.901,65.6053,3.60235,3.62653,20.3728,15.2552,700.605,700.595,3.7157,-0.269967,2.75084,0.711905,5.82134,16.4786,16.4786,1.0,1.0,1
43940,30.05.2024 20:09:22.080000,605.951,551.486,6.13562,6.096,6.0,66.9354,3.56981,3.60335,19.5593,11.4058,700.44,700.49,2.81827,-0.341948,2.47309,0.90363,5.82243,16.9271,16.9271,1.0,1.0,1
43941,30.05.2024 20:09:22.090000,604.468,482.684,6.11162,6.202,5.974,69.3412,3.54555,3.58966,19.0944,14.7709,700.24,700.25,3.0177,0.770593,2.01607,0.871762,5.82305,16.8692,16.8692,1.0,1.0,1
43942,30.05.2024 20:09:22.100000,604.468,482.684,6.11162,6.202,5.974,69.3412,3.54555,3.58966,19.0944,14.7709,700.2,700.2,2.97017,0.103015,2.08389,0.927451,5.82305,16.9343,16.9343,1.0,1.0,1
43943,30.05.2024 20:09:22.110000,595.898,465.298,6.11272,6.169,5.988,70.4562,3.54092,3.58245,19.1435,12.5283,700.14,700.16,3.57534,0.814262,2.0283,0.8621,5.82365,16.9343,16.9343,1.0,1.0,1
43944,30.05.2024 20:09:22.120000,595.898,465.298,6.11272,6.169,5.988,70.4562,3.54092,3.58245,19.1435,12.5283,700.14,700.16,3.57534,0.814262,2.0283,0.8621,5.82365,16.9343,16.9343,1.0,1.0,1
43945,30.05.2024 20:09:22.130000,595.898,481.86,6.11272,6.169,6.001,70.4562,3.55326,3.59649,18.4198,12.6618,700.005,699.955,3.65262,0.891325,2.08347,0.925835,5.82422,16.9343,16.9343,1.0,1.0,1
43946,30.05.2024 20:09:22.140000,595.898,481.86,6.11272,6.169,6.001,70.4562,3.55326,3.59649,18.4198,12.6618,700.005,699.955,3.65262,0.891325,2.08347,0.925835,5.82422,16.9343,16.9343,1.0,1.0,1
43947,30.05.2024 20:09:22.150000,594.168,481.201,5.99681,6.13,5.846,72.4201,3.58314,3.60431,20.7322,17.1494,699.885,699.85,4.22253,-0.360373,2.38238,0.913916,5.8252,17.4769,17.4769,1.0,1.0,1
43948,30.05.2024 20:09:22.160000,594.168,481.201,5.99681,6.13,5.846,72.4201,3.58314,3.60431,20.7322,17.1494,699.885,699.85,4.22253,-0.360373,2.38238,0.913916,5.8252,17.4769,17.4769,1.0,1.0,1
43949,30.05.2024 20:09:22.170000,600.183,430.774,5.94145,6.109,5.887,73.2442,3.60281,3.6161,22.3098,16.4559,699.61,699.63,4.77242,0.334745,2.35198,0.920869,5.82633,17.5347,17.5347,1.0,1.0,1
43950,30.05.2024 20:09:22.180000,600.183,430.774,5.94145,6.109,5.887,73.2442,3.60281,3.6161,22.3098,16.4559,699.61,699.63,4.77242,0.334745,2.35198,0.920869,5.82633,17.5347,17.5347,1.0,1.0,1
43951,30.05.2024 20:09:22.190000,606.28,445.605,5.88814,6.051,5.778,73.8896,3.59196,3.60781,22.626,18.3603,699.49,699.5,3.37115,-0.188941,2.53969,0.936261,5.82723,17.5347,17.5347,1.0,1.0,1
43952,30.05.2024 20:09:22.200000,606.28,445.605,5.88814,6.051,5.778,73.8896,3.59196,3.60781,22.626,18.3603,699.49,699.5,3.37115,-0.188941,2.53969,0.936261,5.82723,17.5347,17.5347,1.0,1.0,1
43953,30.05.2024 20:09:22.210000,603.149,463.98,5.86704,6.125,5.779,74.5685,3.58797,3.60799,24.5363,17.4681,699.305,699.315,4.21645,0.233037,2.40347,0.967807,5.82856,17.0935,17.0935,1.0,1.0,1
43954,30.05.2024 20:09:22.220000,597.381,435.965,5.86811,6.148,5.75,75.655,3.61161,3.61549,23.7675,18.1512,699.155,699.14,3.97751,0.785509,2.31821,0.94731,5.82927,17.1007,17.1007,1.0,1.0,1
43955,30.05.2024 20:09:22.230000,597.381,435.965,5.86811,6.148,5.75,75.655,3.61161,3.61549,23.7675,18.1512,699.155,699.14,3.97751,0.785509,2.31821,0.94731,5.82927,17.1007,17.1007,1.0,1.0,1
43956,30.05.2024 20:09:22.240000,609.329,436.047,5.82935,6.082,5.774,75.655,3.62996,3.62222,25.0091,20.0195,699.095,699.045,3.82229,0.333812,2.37323,0.948661,5.82978,17.1007,17.1007,1.0,1.0,1
43957,30.05.2024 20:09:22.250000,593.921,496.033,5.80998,5.926,5.729,76.2604,3.64313,3.64564,27.5757,20.6209,698.91,698.86,3.77399,0.00191641,2.38229,0.971726,5.83046,16.8837,16.8837,1.0,1.0,1
43958,30.05.2024 20:09:22.260000,593.921,496.033,5.80998,5.926,5.729,76.2604,3.64313,3.64564,27.5757,20.6209,698.91,698.86,3.77399,0.00191641,2.38229,0.971726,5.83046,16.8837,16.8837,1.0,1.0,1
43959,30.05.2024 20:09:22.270000,616.168,496.033,5.83985,5.976,5.729,76.2604,3.63842,3.62663,25.5108,20.5014,698.855,698.775,4.00344,0.393108,2.39366,0.90713,5.83046,16.8837,16.8837,1.0,1.0,1
43960,30.05.2024 20:09:22.280000,616.168,496.033,5.83985,5.976,5.729,76.2604,3.63842,3.62663,25.5108,20.5014,698.855,698.775,4.00344,0.393108,2.39366,0.90713,5.83046,16.8837,16.8837,1.0,1.0,1
43961,30.05.2024 20:09:22.290000,597.546,462.909,5.83661,6.02,5.644,76.65,3.60564,3.61986,27.3248,19.6767,698.645,698.52,4.56812,0.402959,2.30382,0.854485,5.83078,16.5509,16.5509,1.0,1.0,1
43962,30.05.2024 20:09:22.300000,597.546,462.909,5.83661,6.02,5.644,76.65,3.60564,3.61986,27.3248,19.6767,698.645,698.52,4.56812,0.402959,2.30382,0.854485,5.83078,16.5509,16.5509,1.0,1.0,1
43963,30.05.2024 20:09:22.310000,598.37,471.313,5.83088,5.934,5.654,77.5617,3.57945,3.57901,24.3878,20.0926,698.495,698.375,4.55836,0.318775,2.13568,0.771205,5.83055,16.5437,16.5437,1.0,1.0,1
43964,30.05.2024 20:09:22.320000,598.37,471.313,5.83088,5.934,5.654,77.5617,3.57945,3.57901,24.3878,20.0926,698.495,698.375,4.55836,0.318775,2.13568,0.771205,5.83055,16.5437,16.5437,1.0,1.0,1
43965,30.05.2024 20:09:22.330000,585.351,511.194,5.87367,5.91,5.647,77.8777,3.57129,3.58336,23.5534,18.1406,698.255,698.135,4.64791,0.55791,2.07389,0.930348,5.83062,17.0284,17.0284,1.0,1.0,1
43966,30.05.2024 20:09:22.340000,570.932,501.306,5.93726,5.925,5.692,78.1776,3.58036,3.59,22.6917,20.0895,698.145,697.94,3.73004,0.384275,2.03344,0.930179,5.83037,17.4769,17.4769,1.0,1.0,1
43967,30.05.2024 20:09:22.350000,570.932,463.65,5.93726,5.925,5.698,78.4342,3.58036,3.59,22.6917,20.0895,698.055,697.85,3.92205,0.260673,2.06362,0.903947,5.83012,17.4769,17.4769,1.0,1.0,1
43968,30.05.2024 20:09:22.360000,575.464,481.036,5.93909,5.847,5.727,78.4342,3.57904,3.59261,25.6321,20.6415,697.93,697.68,3.8477,0.247121,2.07137,0.936911,5.82954,17.9326,17.9326,1.0,1.0,1
43969,30.05.2024 20:09:22.370000,575.464,481.036,5.93909,5.847,5.727,78.6461,3.57904,3.59261,25.6321,20.6415,697.885,697.6,3.2953,0.243839,1.93948,0.865359,5.82954,18.2292,18.2292,1.0,1.0,1
43970,30.05.2024 20:09:22.380000,565.576,509.546,5.93334,5.772,5.664,78.7474,3.56387,3.59453,22.6423,20.1019,697.805,697.515,3.70191,0.476268,1.89215,0.880872,5.82919,18.2292,18.2292,1.0,1.0,1
43971,30.05.2024 20:09:22.390000,565.741,498.916,5.93819,5.834,5.712,78.7474,3.53098,3.57923,22.9044,18.9397,697.72,697.415,3.74135,0.574148,1.89925,0.80222,5.82866,18.2364,18.2364,1.0,1.0,1
43972,30.05.2024 20:09:22.400000,565.741,498.916,5.93819,5.834,5.712,78.7474,3.53098,3.57923,22.9044,18.9397,697.72,697.415,3.74135,0.574148,1.89925,0.80222,5.82866,18.2364,18.2364,1.0,1.0,1
43973,30.05.2024 20:09:22.410000,538.138,498.916,5.93945,5.936,5.712,78.801,3.53098,3.57923,22.9044,18.9397,697.655,697.305,3.49355,0.739152,1.82617,0.788569,5.82866,18.627,18.627,1.0,1.0,1
43974,30.05.2024 20:09:22.420000,538.138,430.115,5.93945,5.936,5.784,78.8654,3.50125,3.56152,20.8625,18.1344,697.44,697.035,3.59978,0.502693,1.84017,0.768817,5.82816,18.627,18.627,1.0,1.0,1
43975,30.05.2024 20:09:22.430000,538.138,430.115,5.93945,5.936,5.784,78.8654,3.50125,3.56152,20.8625,18.1344,697.44,697.035,3.59978,0.502693,1.84017,0.768817,5.82816,18.627,18.627,1.0,1.0,1
43976,30.05.2024 20:09:22.440000,527.014,407.043,5.95984,5.888,5.803,78.9236,3.49036,3.55241,19.5031,17.5041,697.345,696.92,3.83832,0.550903,1.77233,0.870253,5.82776,19.3359,19.3359,1.0,1.0,1
43977,30.05.2024 20:09:22.450000,527.014,407.043,5.95984,5.888,5.803,78.9236,3.49036,3.55241,19.5031,17.5041,697.345,696.92,3.83832,0.550903,1.77233,0.870253,5.82776,19.3359,19.3359,1.0,1.0,1
43978,30.05.2024 20:09:22.460000,513.995,403.171,5.95189,5.928,5.818,79.0081,3.49976,3.54197,19.6316,16.3407,697.165,696.59,3.35935,0.198923,1.77217,0.829198,5.8273,19.09,19.09,1.0,1.0,1
43979,30.05.2024 20:09:22.470000,505.673,327.035,6.0039,5.993,5.785,79.038,3.54325,3.5357,21.8531,18.4565,696.98,696.455,3.89251,-0.0380216,1.97726,0.926528,5.8264,19.09,19.09,1.0,1.0,1
43980,30.05.2024 20:09:22.480000,505.673,327.035,6.0039,5.993,5.785,79.0668,3.54325,3.5357,21.8531,18.4565,696.905,696.35,3.42914,0.208086,2.01772,0.961198,5.8264,19.09,19.09,1.0,1.0,1
43981,30.05.2024 20:09:22.490000,501.306,314.346,5.99542,5.953,5.8,79.0599,3.54345,3.53651,21.363,16.9756,696.775,696.155,3.22772,0.655447,2.04677,0.982007,5.82588,19.8423,19.8423,1.0,1.0,1
43982,30.05.2024 20:09:22.500000,501.306,314.346,5.99542,5.953,5.8,79.0599,3.54345,3.53651,21.363,16.9756,696.775,696.155,3.22772,0.655447,2.04677,0.982007,5.82588,19.8423,19.8423,1.0,1.0,1
43983,30.05.2024 20:09:22.510000,490.512,314.346,5.96305,5.845,5.8,79.0599,3.52893,3.52919,22.5203,17.4028,696.73,696.065,3.28867,1.04981,2.03846,1.03605,5.82588,19.9074,19.9074,1.0,1.0,1
43984,30.05.2024 20:09:22.520000,490.512,314.346,5.96305,5.845,5.8,79.0599,3.52893,3.52919,22.5203,17.4028,696.73,696.065,3.28867,1.04981,2.03846,1.03605,5.82588,19.9074,19.9074,1.0,1.0,1
43985,30.05.2024 20:09:22.530000,482.355,312.451,5.97338,5.893,5.77,79.092,3.49529,3.52128,20.5853,17.4742,696.51,695.825,3.6222,2.15528,2.19056,0.865411,5.82603,19.9074,19.9074,1.0,1.0,1
43986,30.05.2024 20:09:22.540000,482.355,312.451,5.97338,5.893,5.77,79.092,3.49529,3.52128,20.5853,17.4742,696.51,695.825,3.6222,2.15528,2.19056,0.865411,5.82603,19.9074,19.9074,1.0,1.0,1
43987,30.05.2024 20:09:22.550000,482.272,283.365,5.94384,5.959,5.868,79.1226,3.47658,3.52236,19.5672,16.9274,696.33,695.595,3.50671,2.40441,1.79824,0.941848,5.82613,21.0214,21.0214,1.0,1.0,1
43988,30.05.2024 20:09:22.560000,482.272,283.365,5.94384,5.959,5.868,79.1226,3.47658,3.52236,19.5672,16.9274,696.33,695.595,3.50671,2.40441,1.79824,0.941848,5.82613,21.0214,21.0214,1.0,1.0,1
43989,30.05.2024 20:09:22.570000,447.912,234.668,5.96262,5.874,5.733,79.1336,3.47275,3.50606,17.9182,15.4603,696.09,695.395,3.08375,2.48879,1.67664,0.905393,5.82644,21.224,21.224,1.0,1.0,1
43990,30.05.2024 20:09:22.580000,447.912,234.668,5.96262,5.874,5.733,79.1336,3.47275,3.50606,17.9182,15.4603,696.09,695.395,3.08375,2.48879,1.67664,0.905393,5.82644,21.224,21.224,1.0,1.0,1
43991,30.05.2024 20:09:22.590000,448.489,232.69,5.97078,5.907,5.916,79.1311,3.48959,3.49942,19.2581,15.2984,695.94,695.255,2.39918,3.53558,1.6917,0.914367,5.82705,21.2818,21.2818,1.0,1.0,1
43992,30.05.2024 20:09:22.600000,442.721,185.559,5.94658,5.95,5.75,79.1175,3.49622,3.52423,19.0935,18.1061,695.695,695.025,2.79849,3.65682,1.94686,0.96721,5.82794,21.3035,21.3035,1.0,1.0,1
43993,30.05.2024 20:09:22.610000,442.721,185.559,5.94658,5.95,5.75,79.1175,3.49622,3.52423,19.0935,18.1061,695.695,695.025,2.79849,3.65682,1.94686,0.96721,5.82794,21.3035,21.3035,1.0,1.0,1
43994,30.05.2024 20:09:22.620000,435.388,185.559,5.91709,5.938,5.75,79.1199,3.50172,3.53032,21.6131,19.7162,695.625,694.96,2.78016,3.4526,2.08305,1.12303,5.82794,21.5278,21.5278,1.0,1.0,1
43995,30.05.2024 20:09:22.630000,435.388,185.559,5.91709,5.938,5.75,79.1199,3.50172,3.53032,21.6131,19.7162,695.625,694.96,2.78016,3.4526,2.08305,1.12303,5.82794,21.5278,21.5278,1.0,1.0,1
43996,30.05.2024 20:09:22.640000,421.875,155.649,5.93345,5.852,5.737,79.1162,3.52112,3.55461,20.6243,21.1417,695.54,694.86,2.83412,4.0195,2.18802,0.939957,5.82882,21.3325,21.3325,1.0,1.0,1
43997,30.05.2024 20:09:22.650000,421.875,155.649,5.93345,5.852,5.737,79.1162,3.52112,3.55461,20.6243,21.1417,695.54,694.86,2.83412,4.0195,2.18802,0.939957,5.82882,21.3325,21.3325,1.0,1.0,1
43998,30.05.2024 20:09:22.660000,410.586,144.36,5.90602,5.852,5.857,79.1304,3.51296,3.54468,23.3626,21.5278,695.275,694.67,3.41315,4.9795,2.1754,0.946502,5.82913,21.4337,21.4337,1.0,1.0,1
43999,30.05.2024 20:09:22.670000,410.586,144.36,5.90602,5.852,5.857,79.1304,3.51296,3.54468,23.3626,21.5278,695.275,694.67,3.41315,4.9795,2.1754,0.946502,5.82913,21.4337,21.4337,1.0,1.0,1
44000,30.05.2024 20:09:22.680000,386.279,110.083,5.92686,5.9,5.765,79.2012,3.51408,3.54398,20.8861,19.7912,695.11,694.59,3.52822,4.66215,2.16889,1.02277,5.82929,21.1733,21.1733,1.0,1.0,1
44001,30.05.2024 20:09:22.690000,386.279,110.083,5.92686,5.9,5.765,79.2012,3.51408,3.54398,20.8861,19.7912,695.11,694.59,3.52822,4.66215,2.16889,1.02277,5.82929,21.1733,21.1733,1.0,1.0,1
44002,30.05.2024 20:09:22.700000,381.912,101.019,5.95081,5.888,5.819,79.179,3.50834,3.52966,24.3769,21.0994,694.835,694.43,2.86583,5.10354,2.10484,1.00991,5.82939,20.7465,20.7465,0.0,1.0,1
44003,30.05.2024 20:09:22.710000,381.912,101.019,5.95081,5.888,5.819,79.179,3.50834,3.52966,24.3769,21.0994,694.835,694.43,2.86583,5.10354,2.10484,1.00991,5.82939,20.7465,20.7465,0.0,1.0,1
44004,30.05.2024 20:09:22.720000,373.096,80.8319,5.91059,5.818,5.759,79.2057,3.53281,3.52277,23.951,20.3691,694.675,694.33,2.40395,5.33769,2.06053,1.07995,5.82978,20.544,20.544,0.0,1.0,1
44005,30.05.2024 20:09:22.730000,357.934,78.6072,5.92247,5.785,5.745,79.4402,3.52691,3.5263,23.898,20.6148,694.46,694.16,2.19705,4.85682,2.32725,1.14151,5.83009,20.5367,20.5367,0.0,1.0,1
44006,30.05.2024 20:09:22.740000,357.934,78.6072,5.92247,5.785,5.745,79.4402,3.52691,3.5263,23.898,20.6148,694.395,694.15,2.49232,4.35609,2.41134,1.16229,5.83009,20.5367,20.5367,0.0,1.0,1
44007,30.05.2024 20:09:22.750000,357.934,78.6072,5.92247,5.785,5.745,79.4402,3.52691,3.5263,23.898,20.6148,694.395,694.15,2.49232,4.35609,2.41134,1.16229,5.83009,20.5367,20.5367,0.0,1.0,1
44008,30.05.2024 20:09:22.760000,352.249,30.4871,5.90626,5.791,5.762,79.5524,3.50142,3.52584,22.7792,21.6789,694.31,694.095,3.24109,5.62026,2.11593,1.05873,5.83054,20.2908,20.2908,0.0,1.0,1
44009,30.05.2024 20:09:22.770000,352.249,30.4871,5.90626,5.791,5.762,79.5524,3.50142,3.52584,22.7792,21.6789,694.31,694.095,3.24109,5.62026,2.11593,1.05873,5.83054,20.2908,20.2908,0.0,1.0,1
44010,30.05.2024 20:09:22.780000,321.02,3.62549,5.9586,5.785,5.756,79.5826,3.4846,3.52502,22.923,22.0684,694.06,693.88,3.17463,4.99385,2.09063,1.13603,5.8306,20.4933,20.4933,0.0,1.0,1
44011,30.05.2024 20:09:22.790000,319.372,-50.9216,5.96858,5.748,5.703,79.6105,3.50213,3.5401,22.8091,22.2459,693.825,693.81,3.44403,4.23583,1.99832,1.14637,5.83104,20.5874,20.5874,0.0,1.0,1
44012,30.05.2024 20:09:22.800000,319.372,-50.9216,5.96858,5.748,5.703,79.6504,3.50213,3.5401,22.8091,22.2459,693.725,693.74,3.06193,4.52646,1.96101,1.20306,5.83104,20.5874,20.5874,0.0,1.0,1
44013,30.05.2024 20:09:22.810000,319.372,-50.9216,5.96858,5.748,5.703,79.6504,3.50213,3.5401,22.8091,22.2459,693.725,693.74,3.06193,4.52646,1.96101,1.20306,5.83104,20.5874,20.5874,0.0,1.0,1
44014,30.05.2024 20:09:22.820000,308.578,-63.2812,5.93818,5.727,5.694,79.6504,3.50315,3.5367,22.5186,21.2195,693.54,693.58,2.80574,4.22906,2.08585,1.31917,5.83086,20.5874,20.5874,0.0,1.0,1
44015,30.05.2024 20:09:22.830000,273.889,-80.5023,5.95493,5.699,5.816,79.6021,3.49848,3.53321,22.6508,20.1328,693.36,693.475,2.67332,3.15199,1.99761,1.2554,5.83082,20.1244,20.1244,0.0,1.0,1
44016,30.05.2024 20:09:22.840000,273.889,-61.2213,5.95493,5.699,5.786,79.6021,3.48872,3.53252,22.3359,22.2482,693.195,693.365,2.62576,3.10784,1.96308,1.24762,5.83091,20.0955,20.0955,0.0,1.0,1
44017,30.05.2024 20:09:22.850000,259.387,-61.2213,5.92,5.627,5.786,79.6176,3.48872,3.53252,22.3359,22.2482,693.105,693.285,2.8549,3.19308,1.90504,1.28119,5.83091,20.0955,20.0955,0.0,1.0,1
44018,30.05.2024 20:09:22.860000,253.125,-37.326,5.96958,5.56,5.794,79.6442,3.48782,3.53151,22.005,23.0449,693.02,693.19,2.69848,3.14806,1.83053,1.22869,5.83103,20.0955,20.0955,0.0,1.0,1
44019,30.05.2024 20:09:22.870000,240.93,-28.5919,5.93194,5.53,5.804,79.6442,3.49028,3.52586,21.7663,20.7056,692.93,693.12,2.89239,2.41087,1.82564,1.19301,5.83079,20.0955,20.0955,0.0,1.0,1
44020,30.05.2024 20:09:22.880000,240.93,-28.5919,5.93194,5.53,5.804,79.6442,3.49028,3.52586,21.7663,20.7056,692.93,693.12,2.89239,2.41087,1.82564,1.19301,5.83079,20.0955,20.0955,0.0,1.0,1
44021,30.05.2024 20:09:22.890000,231.29,-28.5919,5.96376,5.517,5.804,79.6099,3.49028,3.52586,21.7663,20.7056,692.84,693.07,3.11563,2.13329,1.82191,1.21729,5.83079,20.0955,20.0955,0.0,1.0,1
44022,30.05.2024 20:09:22.900000,231.29,-32.2998,5.96376,5.517,5.774,79.6395,3.4806,3.52618,22.0704,20.6807,692.595,692.87,2.85405,2.53687,1.80564,1.34721,5.83067,19.9436,19.9436,0.0,1.0,1
44023,30.05.2024 20:09:22.910000,214.398,-57.843,5.94153,5.524,5.815,79.6652,3.47025,3.51201,21.7289,21.5238,692.51,692.775,3.31603,3.05611,1.82244,1.26173,5.83081,19.9436,19.9436,0.0,1.0,1
44024,30.05.2024 20:09:22.920000,205.664,-118.323,5.91675,5.646,5.77,79.6652,3.45205,3.50246,20.9611,18.5249,692.35,692.6,3.51457,2.66206,1.89091,1.29183,5.83077,19.9363,19.9363,0.0,1.0,1
44025,30.05.2024 20:09:22.930000,205.664,-118.323,5.91675,5.646,5.77,79.5666,3.45205,3.50246,20.9611,18.5249,692.255,692.525,3.8644,2.60542,1.92237,1.23474,5.83077,19.5529,19.5529,0.0,1.0,1
44026,30.05.2024 20:09:22.940000,197.259,-191.08,5.90518,5.85,5.786,79.583,3.45094,3.49855,19.9991,18.7219,692.16,692.455,4.23604,2.46686,1.96666,1.25318,5.83095,19.5529,19.5529,0.0,1.0,1
44027,30.05.2024 20:09:22.950000,197.259,-293.829,5.90518,5.85,5.774,79.583,3.45027,3.49999,20.4193,20.9557,692.06,692.345,4.42367,2.74211,1.94668,1.27573,5.83095,19.3576,19.3576,0.0,1.0,1
44028,30.05.2024 20:09:22.960000,185.559,-293.829,5.90596,5.939,5.774,79.5723,3.45027,3.49999,20.4193,20.9557,691.965,692.24,4.00424,2.39774,2.0021,1.28438,5.83095,19.3576,19.3576,0.0,1.0,1
44029,30.05.2024 20:09:22.970000,171.551,-317.148,5.88627,5.873,5.785,79.5723,3.45892,3.4928,19.4518,18.5586,691.8,692.055,3.90881,2.33927,1.93948,1.2292,5.83128,19.401,19.401,0.0,1.0,1
44030,30.05.2024 20:09:22.980000,171.551,-317.148,5.88627,5.873,5.785,79.5723,3.45892,3.4928,19.4518,18.5586,691.8,692.055,3.90881,2.33927,1.93948,1.2292,5.83128,19.401,19.401,0.0,1.0,1
44031,30.05.2024 20:09:22.990000,174.271,-317.148,5.89634,5.785,5.785,79.7881,3.4595,3.48989,20.1735,17.242,691.73,691.99,3.7431,2.0585,1.91227,1.30416,5.83128,19.5096,19.5096,0.0,1.0,1
44032,30.05.2024 20:09:23.000000,169.162,-347.717,5.90348,5.88,5.732,79.7432,3.462,3.49023,19.8502,19.6732,691.525,691.75,3.9357,2.75481,1.9867,1.34553,5.83166,19.4951,19.4951,0.0,1.0,1
44033,30.05.2024 20:09:23.010000,169.162,-317.148,5.90348,5.88,5.785,79.7881,3.462,3.49023,19.8502,19.6732,691.73,691.99,3.7431,2.0585,1.91227,1.30416,5.83128,19.5096,19.5096,0.0,1.0,1
44034,30.05.2024 20:09:23.020000,170.48,-393.365,5.91999,5.923,5.705,79.6062,3.46216,3.49186,20.6591,19.2869,691.375,691.57,4.59754,3.53324,2.03124,1.28937,5.83162,19.5096,19.5096,0.0,1.0,1
44035,30.05.2024 20:09:23.030000,170.48,-404.489,5.91999,5.923,5.714,79.6062,3.46276,3.49629,19.8079,17.8745,691.31,691.495,4.54506,3.64194,2.14308,1.38244,5.83173,19.4083,19.4083,0.0,1.0,1
44036,30.05.2024 20:09:23.040000,170.48,-393.365,5.91999,5.923,5.705,79.6062,3.46276,3.49629,19.8079,17.8745,691.375,691.57,4.59754,3.53324,2.03124,1.28937,5.83162,19.4083,19.4083,0.0,1.0,1
44037,30.05.2024 20:09:23.050000,158.121,-364.856,5.8903,5.741,5.721,79.6889,3.45784,3.50004,19.8263,19.3275,691.035,691.25,4.56267,3.94516,2.24395,1.3226,5.83193,19.4083,19.4083,0.0,1.0,1
44038,30.05.2024 20:09:23.060000,158.121,-364.856,5.8903,5.741,5.721,79.6889,3.45784,3.50004,19.8263,19.3275,691.035,691.25,4.56267,3.94516,2.24395,1.3226,5.83193,19.4083,19.4083,0.0,1.0,1
44039,30.05.2024 20:09:23.070000,151.035,-364.856,5.89,5.766,5.721,79.6889,3.4494,3.50021,19.6655,19.6375,690.935,691.145,4.26631,4.16927,2.23716,1.30155,5.83193,19.3432,19.3432,0.0,1.0,1
44040,30.05.2024 20:09:23.080000,151.035,-364.856,5.89,5.766,5.721,79.6889,3.4494,3.50021,19.6655,19.6375,690.935,691.145,4.26631,4.16927,2.23716,1.30155,5.83193,19.3432,19.3432,0.0,1.0,1
44041,30.05.2024 20:09:23.090000,136.78,-431.103,5.88836,5.898,5.721,79.7022,3.44515,3.50037,18.8495,17.9121,690.75,690.88,3.24717,3.99019,2.51521,1.39066,5.8323,19.3432,19.3432,0.0,1.0,1
44042,30.05.2024 20:09:23.100000,136.78,-431.103,5.88836,5.898,5.721,79.7022,3.44515,3.50037,18.8495,17.9121,690.75,690.88,3.24717,3.99019,2.51521,1.39066,5.8323,19.3432,19.3432,0.0,1.0,1
44043,30.05.2024 20:09:23.110000,133.072,-481.695,5.8981,5.872,5.725,79.7157,3.4502,3.50182,19.4193,19.7401,690.615,690.72,3.6727,4.04084,2.92512,1.48221,5.83231,19.1985,19.1985,0.0,1.0,1
44044,30.05.2024 20:09:23.120000,122.525,-450.961,5.91711,5.758,5.741,79.7084,3.45953,3.50142,19.4042,19.7612,690.395,690.475,3.85025,3.57486,3.11928,1.53544,5.83242,19.213,19.213,0.0,1.0,1
44045,30.05.2024 20:09:23.130000,122.525,-435.8,5.91711,5.758,5.706,79.6849,3.46646,3.50193,20.465,18.8852,690.32,690.405,3.95637,3.60391,3.13363,1.51461,5.83225,19.213,19.213,0.0,1.0,1
44046,30.05.2024 20:09:23.140000,122.525,-435.8,5.91711,5.758,5.706,79.6849,3.46646,3.50193,20.465,18.8852,690.23,690.335,4.16918,3.60549,3.30902,1.6123,5.83225,19.0972,19.0972,0.0,1.0,1
44047,30.05.2024 20:09:23.150000,128.21,-481.86,5.92822,5.847,5.7,79.6607,3.46633,3.50577,20.7874,19.2028,690.155,690.27,4.25188,4.115,3.37053,1.61788,5.83238,19.0972,19.0972,0.0,1.0,1
44048,30.05.2024 20:09:23.160000,128.21,-481.86,5.92822,5.847,5.7,79.6607,3.46633,3.50577,20.7874,19.2028,690.155,690.27,4.25188,4.115,3.37053,1.61788,5.83238,19.0972,19.0972,0.0,1.0,1
44049,30.05.2024 20:09:23.170000,128.21,-518.115,5.92822,5.847,5.739,79.6607,3.46696,3.50492,20.551,20.6137,689.995,690.11,3.99051,4.33059,3.50611,1.57081,5.83259,18.7066,18.7066,0.0,1.0,1
44050,30.05.2024 20:09:23.180000,114.12,-522.565,5.94588,5.802,5.754,79.6722,3.46774,3.5072,20.8118,19.3913,689.85,689.97,4.19233,4.76161,3.80803,1.59295,5.83271,18.4606,18.4606,0.0,1.0,1
44051,30.05.2024 20:09:23.190000,114.12,-537.643,5.94588,5.802,5.774,79.6722,3.46693,3.50677,20.7379,19.8346,689.78,689.895,4.20283,5.05778,3.87557,1.5699,5.83255,18.4606,18.4606,0.0,1.0,1
44052,30.05.2024 20:09:23.200000,114.12,-537.643,5.94588,5.802,5.774,79.6722,3.46693,3.50677,20.7379,19.8346,689.78,689.895,4.20283,5.05778,3.87557,1.5699,5.83255,18.4606,18.4606,0.0,1.0,1
44053,30.05.2024 20:09:23.210000,108.105,-537.643,5.93377,5.847,5.774,79.6412,3.46693,3.50677,20.7379,19.8346,689.695,689.815,4.20137,5.22242,3.86796,1.54804,5.83255,18.3955,18.3955,0.0,1.0,1
44054,30.05.2024 20:09:23.220000,105.881,-528.003,5.94071,5.912,5.751,79.6577,3.46535,3.50643,20.9333,20.9146,689.49,689.595,4.15713,5.52477,4.00772,1.5372,5.83248,18.3883,18.3883,0.0,1.0,1
44055,30.05.2024 20:09:23.230000,101.514,-531.216,5.96194,5.915,5.751,79.6599,3.46423,3.50639,20.6679,18.9388,689.425,689.52,4.24887,5.77001,4.10195,1.48048,5.83237,18.3883,18.3883,0.0,1.0,1
44056,30.05.2024 20:09:23.240000,97.641,-524.048,5.9665,5.844,5.753,79.6599,3.46293,3.50639,20.3545,19.5788,689.26,689.37,4.2367,5.71453,4.17201,1.50931,5.83227,18.8368,18.8368,0.0,1.0,1
44057,30.05.2024 20:09:23.250000,97.641,-524.048,5.9665,5.844,5.753,79.6466,3.46293,3.50639,20.3545,19.5788,689.175,689.32,4.34374,5.3661,4.29245,1.62271,5.83227,18.8947,18.8947,0.0,1.0,1
44058,30.05.2024 20:09:23.260000,85.4461,-530.722,5.93824,5.804,5.767,79.578,3.46392,3.5082,20.2105,20.565,689.08,689.27,4.24449,5.59355,4.1868,1.6656,5.83252,18.8947,18.8947,0.0,1.0,1
44059,30.05.2024 20:09:23.270000,85.4461,-534.265,5.93824,5.804,5.801,79.578,3.46421,3.50783,20.2346,20.3352,689.01,689.225,3.71397,5.85034,4.18433,1.6364,5.83282,18.6487,18.6487,0.0,1.0,1
44060,30.05.2024 20:09:23.280000,53.2287,-534.265,5.92081,5.935,5.801,79.6297,3.46421,3.50783,20.2346,20.3352,688.94,689.155,3.75557,6.3167,4.18164,1.65903,5.83282,18.6487,18.6487,0.0,1.0,1
44061,30.05.2024 20:09:23.290000,53.1463,-521.905,5.92505,5.972,5.779,79.6297,3.46604,3.50767,20.6349,19.241,688.78,688.99,3.54534,6.29768,4.35699,1.64969,5.8328,18.5547,18.5547,0.0,1.0,1
44062,30.05.2024 20:09:23.300000,53.1463,-521.905,5.92505,5.972,5.779,79.6297,3.46604,3.50767,20.6349,19.241,688.78,688.99,3.54534,6.29768,4.35699,1.64969,5.8328,18.5547,18.5547,0.0,1.0,1
44063,30.05.2024 20:09:23.310000,34.9365,-521.905,5.95859,5.906,5.779,79.6606,3.4705,3.50699,20.699,20.208,688.695,688.93,3.36847,6.48506,4.43405,1.57098,5.8328,18.6053,18.6053,0.0,1.0,1
44064,30.05.2024 20:09:23.320000,18.869,-526.108,5.94123,5.84,5.826,79.6878,3.46966,3.50652,20.6853,20.45,688.495,688.765,3.5326,6.1514,4.51375,1.66474,5.83299,18.5475,18.5475,0.0,1.0,1
44065,30.05.2024 20:09:23.330000,18.869,-526.108,5.94123,5.84,5.826,79.6878,3.46966,3.50652,20.6853,20.45,688.495,688.765,3.5326,6.1514,4.51375,1.66474,5.83299,18.5475,18.5475,0.0,1.0,1
44066,30.05.2024 20:09:23.340000,4.61426,-526.108,5.94984,5.848,5.826,79.6925,3.46507,3.50568,20.5853,19.8578,688.445,688.71,3.51141,6.24486,4.6228,1.67446,5.83299,18.5475,18.5475,0.0,1.0,1
44067,30.05.2024 20:09:23.350000,4.61426,-526.108,5.94984,5.848,5.826,79.6925,3.46507,3.50568,20.5853,19.8578,688.445,688.71,3.51141,6.24486,4.6228,1.67446,5.83299,18.5475,18.5475,0.0,1.0,1
44068,30.05.2024 20:09:23.360000,7.91015,-524.624,5.94041,5.874,5.751,79.5416,3.45254,3.50614,19.7045,20.0864,688.32,688.625,4.54652,6.47397,4.7751,1.71686,5.83357,18.5475,18.5475,0.0,1.0,1
44069,30.05.2024 20:09:23.370000,7.91015,-524.624,5.94041,5.874,5.751,79.5416,3.45254,3.50614,19.7045,20.0864,688.32,688.625,4.54652,6.47397,4.7751,1.71686,5.83357,18.5475,18.5475,0.0,1.0,1
44070,30.05.2024 20:09:23.380000,0.0,-512.924,5.90033,5.832,5.778,79.5562,3.44514,3.50646,20.1402,20.5177,688.085,688.48,5.40022,6.74513,4.96369,1.9228,5.83395,18.5475,18.5475,0.0,1.0,1
44071,30.05.2024 20:09:23.390000,0.0,-512.924,5.90033,5.832,5.778,79.5562,3.44514,3.50646,20.1402,20.5177,688.085,688.48,5.40022,6.74513,4.96369,1.9228,5.83395,18.5475,18.5475,0.0,1.0,1
44072,30.05.2024 20:09:23.400000,-18.6218,-522.894,5.91548,5.823,5.795,79.624,3.4443,3.50632,19.1456,20.3583,687.93,688.385,5.42458,7.73503,5.06913,1.98252,5.83416,18.8296,18.8296,0.0,1.0,1
44073,30.05.2024 20:09:23.410000,-18.6218,-522.894,5.91548,5.823,5.795,79.624,3.4443,3.50632,19.1456,20.3583,687.93,688.385,5.42458,7.73503,5.06913,1.98252,5.83416,18.8296,18.8296,0.0,1.0,1
44074,30.05.2024 20:09:23.420000,-13.678,-527.508,5.9038,5.897,5.766,79.626,3.44422,3.5021,19.4006,20.2789,687.69,688.27,4.98495,7.62538,5.45133,2.3434,5.83454,18.5909,18.5909,0.0,1.0,1
44075,30.05.2024 20:09:23.430000,-14.5019,-528.332,5.90066,5.844,5.691,79.6589,3.44206,3.49474,19.0236,19.4115,687.57,688.185,4.39099,8.19526,6.04563,2.40553,5.83552,18.6777,18.6777,0.0,1.0,1
44076,30.05.2024 20:09:23.440000,-14.5019,-528.332,5.90066,5.844,5.691,79.6589,3.44206,3.49474,19.0236,19.4115,687.57,688.185,4.39099,8.19526,6.04563,2.40553,5.83552,18.6777,18.6777,0.0,1.0,1
44077,30.05.2024 20:09:23.450000,-25.708,-528.332,5.92222,5.806,5.691,79.6446,3.44206,3.49474,19.0236,19.4115,687.505,688.13,4.64177,8.32142,6.24955,2.51735,5.83552,18.8657,18.8657,0.0,1.0,1
44078,30.05.2024 20:09:23.460000,-25.708,-525.366,5.92222,5.806,5.719,79.4682,3.44413,3.4932,19.1551,19.5877,687.315,688.005,4.67076,8.03654,6.43343,2.5761,5.83578,18.8657,18.8657,0.0,1.0,1
44079,30.05.2024 20:09:23.470000,-25.708,-525.366,5.92222,5.806,5.719,79.4682,3.44413,3.4932,19.1551,19.5877,687.315,688.005,4.67076,8.03654,6.43343,2.5761,5.83578,18.8657,18.8657,0.0,1.0,1
44080,30.05.2024 20:09:23.480000,-48.2025,-526.437,5.90434,5.81,5.731,79.533,3.44752,3.49676,19.2537,19.2892,687.265,687.975,4.84499,8.02833,6.54355,2.61733,5.83629,18.844,18.844,0.0,1.0,1
44081,30.05.2024 20:09:23.490000,-48.2025,-526.437,5.90434,5.81,5.731,79.533,3.44752,3.49676,19.2537,19.2892,687.265,687.975,4.84499,8.02833,6.54355,2.61733,5.83629,18.844,18.844,0.0,1.0,1
44082,30.05.2024 20:09:23.500000,-79.5135,-524.295,5.91553,5.855,5.729,79.5734,3.45028,3.49749,18.6353,18.6386,687.075,687.86,4.94106,8.11916,6.66749,2.62051,5.83669,19.09,19.09,0.0,1.0,1
44083,30.05.2024 20:09:23.510000,-99.2889,-522.482,5.94332,5.823,5.773,79.6145,3.45081,3.49905,18.9106,19.3242,686.98,687.82,5.53515,8.1944,6.94505,2.65506,5.83756,19.09,19.09,0.0,1.0,1
44084,30.05.2024 20:09:23.520000,-99.2889,-522.482,5.94332,5.823,5.773,79.6177,3.45081,3.49905,18.9106,19.3242,686.905,687.795,5.45487,8.38879,7.05381,2.69237,5.83756,19.09,19.09,0.0,1.0,1
44085,30.05.2024 20:09:23.530000,-99.2889,-522.482,5.94332,5.823,5.773,79.6177,3.45081,3.49905,18.9106,19.3242,686.905,687.795,5.45487,8.38879,7.05381,2.69237,5.83756,19.09,19.09,0.0,1.0,1
44086,30.05.2024 20:09:23.540000,-101.596,-527.344,5.92123,5.83,5.765,79.6437,3.45245,3.50362,18.4093,19.0208,686.785,687.75,5.71868,8.98603,6.99538,2.69656,5.83792,19.09,19.09,0.0,1.0,1
44087,30.05.2024 20:09:23.550000,-101.596,-527.344,5.92123,5.83,5.765,79.6437,3.45245,3.50362,18.4093,19.0208,686.785,687.75,5.71868,8.98603,6.99538,2.69656,5.83792,19.09,19.09,0.0,1.0,1
44088,30.05.2024 20:09:23.560000,-104.81,-526.355,5.91421,5.845,5.764,79.6607,3.45891,3.5067,19.5061,19.7992,686.675,687.69,5.6775,9.43965,6.97581,2.90641,5.83828,18.996,18.996,0.0,1.0,1
44089,30.05.2024 20:09:23.570000,-109.424,-523.224,5.9497,5.825,5.771,79.6874,3.46456,3.51477,19.302,20.0145,686.525,687.59,6.01794,9.94158,7.00963,3.05171,5.83861,19.2419,19.2419,0.0,1.0,1
44090,30.05.2024 20:09:23.580000,-109.424,-523.965,5.9497,5.825,5.773,79.6851,3.47112,3.52262,19.23,18.9672,686.49,687.56,6.25527,9.41489,7.1041,3.16338,5.83911,19.2419,19.2419,0.0,1.0,1
44091,30.05.2024 20:09:23.590000,-109.424,-526.602,5.9497,5.825,5.771,79.6851,3.47727,3.52917,19.6861,20.6793,686.43,687.515,6.35298,9.18368,7.07347,3.2348,5.83931,19.2925,19.2925,0.0,1.0,1
44092,30.05.2024 20:09:23.600000,-108.765,-526.602,5.9479,5.841,5.771,79.6872,3.47727,3.52917,19.6861,20.6793,686.38,687.49,6.3354,9.19984,7.11643,3.28212,5.83931,19.2925,19.2925,0.0,1.0,1
44093,30.05.2024 20:09:23.610000,-108.765,-526.602,5.9479,5.841,5.771,79.6872,3.47727,3.52917,19.6861,20.6793,686.38,687.49,6.3354,9.19984,7.11643,3.28212,5.83931,19.2925,19.2925,0.0,1.0,1
44094,30.05.2024 20:09:23.620000,-114.038,-525.86,5.9653,5.885,5.767,79.6872,3.48228,3.53047,20.2888,20.1281,686.255,687.42,6.30967,9.15472,7.05388,3.27526,5.83972,19.6398,19.6398,0.0,1.0,1
44095,30.05.2024 20:09:23.630000,-115.356,-527.096,5.97055,5.894,5.784,79.7359,3.49014,3.53251,21.1136,20.4299,686.16,687.36,6.04184,8.58916,7.22096,3.39676,5.83992,19.5964,19.5964,0.0,1.0,1
44096,30.05.2024 20:09:23.640000,-115.356,-527.096,5.97055,5.894,5.784,79.7359,3.49014,3.53251,21.1136,20.4299,686.16,687.36,6.04184,8.58916,7.22096,3.39676,5.83992,19.5964,19.5964,0.0,1.0,1
44097,30.05.2024 20:09:23.650000,-116.18,-523.883,5.98102,5.88,5.777,79.7359,3.49351,3.53128,20.5324,20.0552,686.105,687.305,6.08683,8.70198,7.29077,3.43662,5.84019,19.5891,19.5891,0.0,1.0,1
44098,30.05.2024 20:09:23.660000,-116.922,-527.591,5.97111,5.861,5.745,79.6707,3.4922,3.53085,20.3895,19.654,686.03,687.255,6.71334,8.14765,7.56374,3.85783,5.84023,19.5964,19.5964,0.0,1.0,1
44099,30.05.2024 20:09:23.670000,-116.922,-520.999,5.97111,5.861,5.793,79.6707,3.48873,3.53262,20.3302,19.8963,685.995,687.24,7.06994,8.40998,7.64449,3.92797,5.84038,19.5964,19.5964,0.0,1.0,1
