,time,Pinceur Inf Mesure de courant,Pinceur Sup Mesure de courant,Mandrin - Vitesse Actuelle,Pinceur Sup Mesure vitesse lineaire,Pinceur Inf Mesure vitesse lineaire,Mandrin - Mesure Expansion,Pinceur Nord Position entrefer estimee,Pinceur Sud Position entrefer estimee,Pinceur Nord Force entrefer calibree,Pinceur Sud Force entrefer calibree,Guides Nord Entree Position mesuree,Guides Nord Sortie Position mesuree,Guides Nord Entree Force pour regulateur PI,Guides Nord Sortie Force pour regulateur PI,Guides Sud Entree Force pour regulateur PI,Guides Sud Sortie Force pour regulateur PI,Mandrin - Vitesse Actuelle F10,_Excentrage largeur bande jauge bob,_Excentrage largeur bande jauge bob.1,TDB pinceur,Fenetre,Declancheur
54600,30.05.2024 22:47:04.220000,69.873,26.8616,10.0672,11.406,11.219,31.2515,2.41677,2.40822,32.1115,36.6999,692.015,683.65,6.19445,5.119,2.42751,-2.86214,9.50419,12.5,12.5,1.0,1.0,1
54601,30.05.2024 22:47:04.230000,69.873,26.8616,10.0672,11.406,11.219,31.2515,2.41677,2.40822,32.1115,36.6999,692.015,683.65,6.19445,5.119,2.42751,-2.86214,9.50419,12.5,12.5,1.0,1.0,1
54602,30.05.2024 22:47:04.240000,80.4199,47.6257,10.0386,11.371,11.025,31.2503,2.56423,2.60735,49.7785,51.47,689.59,681.165,5.82847,5.11648,3.18947,-2.70754,9.50447,12.5,12.5,1.0,1.0,1
54603,30.05.2024 22:47:04.250000,87.0117,112.061,10.1121,11.263,10.946,31.2188,2.50309,2.62837,46.9402,51.8843,687.91,679.495,6.16002,5.27486,3.42144,-2.68606,9.50465,10.8435,10.8435,1.0,1.0,1
54604,30.05.2024 22:47:04.260000,87.0117,112.061,10.1121,11.263,10.946,31.2188,2.50309,2.62837,46.9402,51.8843,687.91,679.495,6.16002,5.27486,3.42144,-2.68606,9.50465,10.8435,10.8435,1.0,1.0,1
54605,30.05.2024 22:47:04.270000,96.2402,135.791,10.0389,11.13,10.966,31.2188,2.31554,2.57112,39.7694,49.5869,687.055,678.605,6.42983,6.13113,2.65203,-2.86138,9.50414,9.24478,9.24478,1.0,1.0,1
54606,30.05.2024 22:47:04.280000,96.2402,135.791,10.0389,11.13,10.966,31.2188,2.31554,2.57112,39.7694,49.5869,687.055,678.605,6.42983,6.13113,2.65203,-2.86138,9.50414,9.24478,9.24478,1.0,1.0,1
54607,30.05.2024 22:47:04.290000,106.787,176.495,10.0732,11.085,10.81,31.2738,2.05795,2.3292,32.2843,41.5095,684.465,676.065,6.53901,5.53997,2.22931,-2.88359,9.50415,8.78183,8.78183,1.0,1.0,1
54608,30.05.2024 22:47:04.300000,138.098,209.125,10.111,11.155,10.843,31.2374,1.89418,1.86331,14.5282,3.17523,682.8,674.41,5.79187,4.85028,1.75114,-2.80303,9.50417,13.9612,13.9612,1.0,1.0,1
54609,30.05.2024 22:47:04.310000,138.098,195.941,10.0461,11.155,10.854,31.2374,1.89418,1.86331,14.5282,3.17523,681.97,673.555,5.33513,5.21342,1.59224,-2.91869,9.50408,13.9612,13.9612,1.0,1.0,1
54610,30.05.2024 22:47:04.320000,170.892,195.941,10.0427,11.124,10.854,31.2482,1.95427,1.76578,9.09647,-3.83961,680.26,671.785,5.17495,5.07175,1.45948,-2.89098,9.50408,13.9612,13.9612,1.0,1.0,1
54611,30.05.2024 22:47:04.330000,170.892,198.99,10.0427,11.124,10.736,31.3553,1.95427,1.76578,9.09647,-3.83961,679.375,670.935,5.49197,4.9848,1.43372,-2.82479,9.50401,17.976,17.976,1.0,1.0,1
54612,30.05.2024 22:47:04.340000,227.747,255.102,10.109,10.96,10.555,31.3553,2.02697,1.76918,17.9972,-0.12111,678.58,670.08,5.36725,5.11931,1.27468,-2.94958,9.50436,19.6181,19.6181,1.0,1.0,1
54613,30.05.2024 22:47:04.350000,227.747,255.102,10.109,10.96,10.555,31.2655,2.12559,1.91937,21.4279,4.37701,677.74,669.32,5.72351,5.06996,1.25379,-2.98376,9.50436,19.6181,19.6181,1.0,1.0,1
54614,30.05.2024 22:47:04.360000,281.634,344.009,10.109,10.824,10.435,31.2316,2.12559,1.91937,21.4279,4.37701,676.04,667.67,5.6309,4.68356,1.52329,-2.97131,9.50433,20.2691,20.2691,1.0,1.0,1
54615,30.05.2024 22:47:04.370000,334.122,406.961,10.0729,10.812,10.331,31.2316,2.1542,2.1328,24.6355,15.7014,675.185,666.76,5.68577,4.45976,1.77967,-2.88143,9.50494,22.0197,22.0197,1.0,1.0,1
54616,30.05.2024 22:47:04.380000,334.122,406.961,10.0729,10.812,10.331,31.2611,2.1542,2.1328,24.6355,15.7014,674.375,665.885,5.3802,4.58668,2.3415,-2.82731,9.50494,22.0197,22.0197,1.0,1.0,1
54617,30.05.2024 22:47:04.390000,374.084,413.306,10.103,10.844,10.259,31.2611,2.12993,2.30107,27.5035,31.8246,672.63,664.18,5.61401,4.74197,2.42575,-2.78627,9.5047,23.4809,23.4809,1.0,1.0,1
54618,30.05.2024 22:47:04.400000,374.084,413.306,10.103,10.844,10.259,31.1996,2.08436,2.37324,23.0974,37.3689,671.835,663.365,5.75899,4.5119,2.40665,-2.74955,9.5047,23.4809,23.4809,1.0,1.0,1
54619,30.05.2024 22:47:04.410000,418.661,462.25,10.0288,10.73,10.2,31.1578,2.08436,2.37324,23.0974,37.3689,670.95,662.575,5.67318,4.30149,2.14346,-2.7279,9.50475,23.4592,23.4592,1.0,1.0,1
54620,30.05.2024 22:47:04.420000,430.362,513.83,10.0765,10.692,10.293,31.1578,2.04759,2.32484,23.0538,34.4936,670.105,661.71,5.48507,4.63494,1.6027,-2.8532,9.50507,23.4592,23.4592,1.0,1.0,1
54621,30.05.2024 22:47:04.430000,430.362,513.83,10.0765,10.692,10.293,31.1578,2.04759,2.32484,23.0538,34.4936,670.105,661.71,5.48507,4.63494,1.6027,-2.8532,9.50507,23.4592,23.4592,1.0,1.0,1
54622,30.05.2024 22:47:04.440000,437.118,513.83,10.1075,10.755,10.293,31.271,2.04608,2.20671,18.9131,28.8941,669.255,660.865,5.14939,4.63932,1.35154,-2.83887,9.50507,26.0272,26.0272,1.0,1.0,1
54623,30.05.2024 22:47:04.450000,437.118,513.83,10.1075,10.755,10.293,31.271,2.04608,2.20671,18.9131,28.8941,669.255,660.865,5.14939,4.63932,1.35154,-2.83887,9.50507,26.0272,26.0272,1.0,1.0,1
54624,30.05.2024 22:47:04.460000,459.448,501.306,10.0379,10.82,10.246,31.216,2.04298,2.05445,20.6216,19.059,666.755,658.31,5.30012,4.36116,1.09343,-2.79336,9.50572,29.0003,29.0003,1.0,1.0,1
54625,30.05.2024 22:47:04.470000,459.448,501.306,10.0379,10.82,10.246,31.216,2.04298,2.05445,20.6216,19.059,666.755,658.31,5.30012,4.36116,1.09343,-2.79336,9.50572,29.0003,29.0003,1.0,1.0,1
54626,30.05.2024 22:47:04.480000,478.564,503.86,10.0729,10.765,10.221,31.2045,2.04401,1.93927,19.512,8.80825,664.275,655.83,5.36213,4.59929,0.97822,-2.72584,9.50649,32.1615,32.1615,1.0,1.0,1
54627,30.05.2024 22:47:04.490000,522.317,576.37,10.0708,10.682,10.183,31.2106,2.04246,1.89235,20.2282,6.14096,662.66,654.185,5.86284,4.94248,0.96468,-2.79333,9.50665,33.4129,33.4129,1.0,1.0,1
54628,30.05.2024 22:47:04.500000,535.501,601.172,10.042,10.709,10.082,31.2106,2.02817,1.90578,20.995,6.97196,661.815,653.315,6.10308,4.8711,1.08538,-2.78423,9.50689,33.4997,33.4997,1.0,1.0,1
54629,30.05.2024 22:47:04.510000,535.501,601.172,10.042,10.709,10.082,31.1978,2.00997,1.97245,18.4671,8.54407,660.96,652.485,5.81974,4.79199,1.10101,-2.81361,9.50689,33.4997,33.4997,1.0,1.0,1
54630,30.05.2024 22:47:04.520000,565.741,597.464,10.1163,10.736,10.101,31.2769,2.00997,1.97245,18.4671,8.54407,659.285,650.79,6.03499,4.96518,1.01179,-2.72918,9.50633,33.4997,33.4997,1.0,1.0,1
54631,30.05.2024 22:47:04.530000,573.733,624.408,10.0474,10.665,10.07,31.2769,1.99795,2.04538,18.7219,15.356,658.455,649.905,6.39843,5.0664,1.04521,-2.66346,9.50541,34.7656,34.7656,1.0,1.0,1
54632,30.05.2024 22:47:04.540000,573.733,624.408,10.0474,10.665,10.07,31.2769,1.99795,2.04538,18.7219,15.356,658.455,649.905,6.39843,5.0664,1.04521,-2.66346,9.50541,34.7656,34.7656,1.0,1.0,1
54633,30.05.2024 22:47:04.550000,583.044,624.408,10.0474,10.583,10.07,31.2358,1.99424,2.09919,17.7657,19.7443,657.605,649.12,5.83343,4.70358,1.24404,-2.63953,9.50541,38.1149,38.1149,1.0,1.0,1
54634,30.05.2024 22:47:04.560000,592.19,677.884,10.0573,10.73,10.161,31.2305,2.00268,2.11985,18.6877,19.1882,655.055,646.6,5.08011,4.31298,1.24009,-2.58963,9.50514,38.1149,38.1149,1.0,1.0,1
54635,30.05.2024 22:47:04.570000,592.19,646.902,10.0573,10.73,10.184,31.2348,2.00268,2.11985,18.6877,19.1882,654.255,645.8,4.79318,4.49521,1.30716,-2.61271,9.50486,38.1149,38.1149,1.0,1.0,1
54636,30.05.2024 22:47:04.580000,592.19,646.902,10.0573,10.73,10.184,31.2348,2.00268,2.11985,18.6877,19.1882,654.255,645.8,4.79318,4.49521,1.30716,-2.61271,9.50486,38.1149,38.1149,1.0,1.0,1
54637,30.05.2024 22:47:04.590000,608.34,654.071,10.122,10.722,10.139,31.2348,2.01749,2.11363,19.3654,19.8844,653.425,644.955,4.44877,4.47437,1.18806,-2.57766,9.5048,38.1149,38.1149,1.0,1.0,1
54638,30.05.2024 22:47:04.600000,608.34,654.071,10.122,10.722,10.139,31.2348,2.01749,2.11363,19.3654,19.8844,653.425,644.955,4.44877,4.47437,1.18806,-2.57766,9.5048,38.1149,38.1149,1.0,1.0,1
54639,30.05.2024 22:47:04.610000,617.981,671.21,10.0596,10.65,10.143,31.2314,2.03703,2.10368,21.0475,20.1513,650.97,642.48,4.84721,4.74653,0.931761,-2.70324,9.50423,43.9453,43.9453,1.0,1.0,1
54640,30.05.2024 22:47:04.620000,617.981,671.21,10.0596,10.65,10.143,31.2314,2.03703,2.10368,21.0475,20.1513,650.97,642.48,4.84721,4.74653,0.931761,-2.70324,9.50423,43.9453,43.9453,1.0,1.0,1
54641,30.05.2024 22:47:04.630000,646.737,661.157,10.1299,10.668,10.137,31.2618,2.04865,2.07012,21.2492,17.0422,649.335,640.9,6.57318,5.59921,0.712105,-2.52126,9.50429,43.9598,43.9598,1.0,1.0,1
54642,30.05.2024 22:47:04.640000,646.737,661.157,10.1299,10.668,10.137,31.2618,2.04865,2.07012,21.2492,17.0422,649.335,640.9,6.57318,5.59921,0.712105,-2.52126,9.50429,43.9598,43.9598,1.0,1.0,1
54643,30.05.2024 22:47:04.650000,655.801,646.326,10.0948,10.707,10.147,31.2363,2.02846,2.0591,21.1434,16.3892,646.855,638.48,6.44738,6.23517,0.979036,-2.0962,9.50434,43.9598,43.9598,1.0,1.0,1
54644,30.05.2024 22:47:04.660000,656.708,599.853,10.1314,10.67,10.217,31.2402,2.00646,2.04706,20.4377,16.9593,645.145,636.88,6.07676,7.64976,1.36743,-1.7696,9.50412,48.3579,48.3579,1.0,1.0,1
54645,30.05.2024 22:47:04.670000,656.708,599.853,10.1314,10.67,10.217,31.1901,1.98461,2.03628,18.9757,15.7909,644.31,636.07,5.76128,8.16894,1.53073,-1.68469,9.50412,48.3579,48.3579,1.0,1.0,1
54646,30.05.2024 22:47:04.680000,619.629,552.145,10.1314,10.616,10.235,31.2009,1.98461,2.03628,18.9757,15.7909,642.655,634.42,5.71608,8.44906,1.54555,-1.64304,9.50414,50.4702,50.4702,1.0,1.0,1
54647,30.05.2024 22:47:04.690000,589.966,539.291,10.106,10.677,10.297,31.2009,1.97766,2.03176,18.0835,14.0341,641.85,633.635,5.42784,8.44675,1.38027,-1.57668,9.50442,53.7616,53.7616,1.0,1.0,1
54648,30.05.2024 22:47:04.700000,589.966,539.291,10.106,10.677,10.297,31.2079,1.97766,2.03176,18.0835,14.0341,640.98,632.845,5.35899,8.7659,1.02476,-1.51856,9.50442,53.7616,53.7616,1.0,1.0,1
54649,30.05.2024 22:47:04.710000,547.119,517.456,10.0824,10.695,10.265,31.2079,1.98337,2.0336,18.9465,14.8406,639.355,631.335,5.14127,9.17772,0.926863,-1.47544,9.50399,56.7274,56.7274,1.0,1.0,1
54650,30.05.2024 22:47:04.720000,547.119,517.456,10.0824,10.695,10.265,31.2534,2.00145,2.03621,18.6289,15.2314,638.565,630.585,4.91626,9.9074,0.910549,-1.5097,9.50399,56.7274,56.7274,1.0,1.0,1
54651,30.05.2024 22:47:04.730000,555.688,498.834,10.1112,10.65,10.291,31.362,2.00145,2.03621,18.6289,15.2314,637.73,629.795,5.58588,10.9659,0.846165,-1.26726,9.5042,56.7564,56.7564,1.0,1.0,1
54652,30.05.2024 22:47:04.740000,501.388,460.766,10.1439,10.577,10.28,31.362,2.01188,2.04051,19.511,14.4719,636.965,628.98,6.15129,12.5396,1.16103,-0.913798,9.50468,56.7564,56.7564,1.0,1.0,1
54653,30.05.2024 22:47:04.750000,501.388,460.766,10.1439,10.577,10.28,31.3286,2.014,2.04094,20.4295,16.6036,636.135,628.15,6.71286,12.8148,1.423,-0.730341,9.50468,56.7564,56.7564,1.0,1.0,1
54654,30.05.2024 22:47:04.760000,481.201,436.047,10.0832,10.594,10.214,31.2569,2.014,2.04094,20.4295,16.6036,634.46,626.53,6.86892,12.4988,1.60606,-0.857209,9.50454,58.9482,58.9482,1.0,1.0,1
54655,30.05.2024 22:47:04.770000,452.939,426.572,10.1153,10.608,10.255,31.2569,2.00467,2.04043,20.5577,18.2137,633.645,625.765,6.71787,12.3818,1.65256,-0.368494,9.50529,61.5234,61.5234,1.0,1.0,1
54656,30.05.2024 22:47:04.780000,452.939,426.572,10.1153,10.608,10.255,31.2569,2.00467,2.04043,20.5577,18.2137,633.645,625.765,6.71787,12.3818,1.65256,-0.368494,9.50529,61.5234,61.5234,1.0,1.0,1
54657,30.05.2024 22:47:04.790000,437.283,426.572,10.1153,10.567,10.255,31.2262,1.99046,2.03224,21.14,17.9583,632.835,624.975,6.38642,12.9243,1.4957,1.21928,9.50529,63.6429,63.6429,1.0,1.0,1
54658,30.05.2024 22:47:04.800000,405.972,386.444,10.0947,10.528,10.207,31.2701,1.97579,2.02035,20.8068,18.054,630.245,622.77,6.39745,14.5582,1.60141,3.39586,9.5046,63.6429,63.6429,1.0,1.0,1
54659,30.05.2024 22:47:04.810000,405.972,386.444,10.0947,10.528,10.207,31.2701,1.97579,2.02035,20.8068,18.054,630.245,622.77,6.39745,14.5582,1.60141,3.39586,9.5046,63.6429,63.6429,1.0,1.0,1
54660,30.05.2024 22:47:04.820000,405.972,380.841,10.0947,10.528,10.233,31.2279,1.96799,2.01361,20.8992,17.9334,629.4,622.05,5.99049,15.3905,1.60867,4.21416,9.50422,66.2543,66.2543,1.0,1.0,1
54661,30.05.2024 22:47:04.830000,355.298,344.421,10.167,10.563,10.188,31.2693,1.96048,2.01041,21.1643,18.3739,627.655,620.39,-3.18436,11.7426,1.64934,6.93078,9.50448,68.2509,68.2509,1.0,1.0,1
54662,30.05.2024 22:47:04.840000,355.298,380.841,10.167,10.563,10.233,31.2279,1.96048,2.01041,21.1643,18.3739,629.4,622.05,5.99049,15.3905,1.60867,4.21416,9.50422,66.2543,66.2543,1.0,1.0,1
54663,30.05.2024 22:47:04.850000,353.732,338.818,10.1315,10.509,10.112,31.2757,1.96068,2.01059,21.9962,18.8916,628.0,621.185,-11.8069,2.7711,1.36024,9.15077,9.50496,69.1045,69.1045,1.0,1.0,1
54664,30.05.2024 22:47:04.860000,353.732,338.818,10.1315,10.509,10.112,31.2757,1.96068,2.01059,21.9962,18.8916,628.0,621.185,-11.8069,2.7711,1.36024,9.15077,9.50496,69.1045,69.1045,1.0,1.0,1
54665,30.05.2024 22:47:04.870000,365.597,338.818,10.1315,10.451,10.112,31.2575,1.95806,2.01056,22.6807,19.0228,627.84,620.905,-4.62058,15.0261,0.54616,10.1634,9.50496,69.2564,69.2564,1.0,1.0,1
54666,30.05.2024 22:47:04.880000,354.062,338.901,10.1418,10.439,10.083,31.2674,1.94926,2.00837,22.7585,18.6557,627.73,620.865,-7.78782,7.52372,0.26461,10.3428,9.50527,69.2564,69.2564,1.0,1.0,1
54667,30.05.2024 22:47:04.890000,354.062,340.878,10.1418,10.439,10.001,31.2897,1.94926,2.00837,22.7585,18.6557,627.715,620.985,-6.60917,7.92886,-0.0112821,9.77562,9.50533,68.4173,68.4173,1.0,1.0,1
54668,30.05.2024 22:47:04.900000,354.062,340.878,10.1418,10.439,10.001,31.2897,1.94926,2.00837,22.7585,18.6557,627.715,620.985,-6.60917,7.92886,-0.0112821,9.77562,9.50533,68.4173,68.4173,1.0,1.0,1
54669,30.05.2024 22:47:04.910000,353.732,341.455,10.1733,10.402,9.985,31.2897,1.93978,1.9948,21.8708,19.0358,627.575,620.845,-1.30296,12.5849,-0.30855,9.07726,9.50562,67.8024,67.8024,1.0,1.0,1
54670,30.05.2024 22:47:04.920000,353.732,341.455,10.1733,10.402,9.985,31.2897,1.93978,1.9948,21.8708,19.0358,627.575,620.845,-1.30296,12.5849,-0.30855,9.07726,9.50562,67.8024,67.8024,1.0,1.0,1
54671,30.05.2024 22:47:04.930000,362.549,350.848,10.1442,10.369,9.92,31.2787,1.93006,1.97285,22.2097,18.2935,627.385,620.93,0.286847,9.9819,-0.425964,8.91477,9.50548,67.8024,67.8024,1.0,1.0,1
54672,30.05.2024 22:47:04.940000,362.549,350.848,10.1442,10.369,9.92,31.2787,1.93006,1.97285,22.2097,18.2935,627.385,620.93,0.286847,9.9819,-0.425964,8.91477,9.50548,67.8024,67.8024,1.0,1.0,1
54673,30.05.2024 22:47:04.950000,361.313,344.751,10.1183,10.341,9.842,31.1774,1.91765,1.92564,21.7751,15.0307,627.23,620.905,4.31067,13.0038,-0.6252,8.57166,9.50568,67.6215,67.6215,1.0,1.0,1
54674,30.05.2024 22:47:04.960000,361.313,344.751,10.1183,10.341,9.842,31.1774,1.91765,1.92564,21.7751,15.0307,627.23,620.905,4.31067,13.0038,-0.6252,8.57166,9.50568,67.6215,67.6215,1.0,1.0,1
54675,30.05.2024 22:47:04.970000,354.227,348.706,10.1432,10.32,9.828,31.223,1.91437,1.92543,22.0487,16.176,626.89,620.87,5.42525,12.5354,-0.474068,8.4712,9.50638,67.5709,67.5709,1.0,1.0,1
54676,30.05.2024 22:47:04.980000,361.23,351.507,10.1922,10.26,9.738,31.2,1.91832,1.93376,22.4476,16.8695,626.605,620.79,3.22825,11.0977,-0.829517,8.36917,9.50699,66.3846,66.3846,1.0,1.0,1
54677,30.05.2024 22:47:04.990000,361.23,351.507,10.1922,10.26,9.738,31.1774,1.91928,1.95133,22.826,17.6133,626.57,620.825,1.91302,10.3414,-0.81885,8.40889,9.50699,66.3846,66.3846,1.0,1.0,1
54678,30.05.2024 22:47:05.000000,349.365,351.095,10.1922,10.185,9.61,31.1955,1.91928,1.95133,22.826,17.6133,626.495,620.805,1.71317,10.4164,-0.753079,8.65421,9.50787,64.9378,64.9378,1.0,1.0,1
54679,30.05.2024 22:47:05.010000,358.017,347.552,10.1621,10.127,9.577,31.1955,1.91746,1.95481,21.9838,18.3206,626.435,620.79,1.76549,10.1808,-0.747231,8.71723,9.50833,64.9378,64.9378,1.0,1.0,1
54680,30.05.2024 22:47:05.020000,358.017,347.552,10.1621,10.127,9.577,31.1951,1.91746,1.95481,21.9838,18.3206,626.38,620.81,0.945886,9.73734,-0.847672,8.77077,9.50833,64.9378,64.9378,1.0,1.0,1
54681,30.05.2024 22:47:05.030000,361.23,340.137,10.1329,10.129,9.55,31.1951,1.90913,1.95006,22.3796,18.2215,626.31,620.89,0.942457,10.0651,-0.99316,8.67934,9.50861,63.5995,63.5995,1.0,1.0,1
54682,30.05.2024 22:47:05.040000,361.23,340.137,10.1329,10.129,9.55,31.253,1.90116,1.92736,21.9077,16.8438,626.255,620.875,1.03467,10.4482,-0.94101,8.63302,9.50861,63.5995,63.5995,1.0,1.0,1
54683,30.05.2024 22:47:05.050000,363.208,348.129,10.1239,10.112,9.54,31.2162,1.90116,1.92736,21.9077,16.8438,626.18,620.87,1.05219,10.952,-0.841547,8.75638,9.50917,63.5995,63.5995,1.0,1.0,1
54684,30.05.2024 22:47:05.060000,349.53,352.743,10.1336,10.051,9.494,31.2162,1.8968,1.91249,22.2239,16.8452,626.13,620.855,1.03106,10.764,-0.747648,8.88026,9.5088,62.8834,62.8834,1.0,1.0,1
54685,30.05.2024 22:47:05.070000,349.53,352.743,10.1336,10.051,9.494,31.3082,1.8896,1.90674,22.6473,17.1011,626.12,620.855,1.07698,10.4662,-0.761648,8.85117,9.5088,62.8834,62.8834,1.0,1.0,1
54686,30.05.2024 22:47:05.080000,355.71,350.107,10.1191,9.971,9.521,31.2749,1.8896,1.90674,22.6473,17.1011,626.04,620.85,1.59259,10.4991,-0.743292,8.93954,9.50914,63.1149,63.1149,1.0,1.0,1
54687,30.05.2024 22:47:05.090000,361.56,343.185,10.1451,9.975,9.518,31.2749,1.88017,1.90726,21.5714,17.0173,626.0,620.85,2.34696,10.3772,-0.723024,9.00053,9.50941,63.3174,63.3174,1.0,1.0,1
54688,30.05.2024 22:47:05.100000,361.56,343.185,10.1451,9.975,9.518,31.2749,1.88017,1.90726,21.5714,17.0173,626.0,620.85,2.34696,10.3772,-0.723024,9.00053,9.50941,63.3174,63.3174,1.0,1.0,1
54689,30.05.2024 22:47:05.110000,358.099,343.185,10.1451,9.978,9.518,31.245,1.87455,1.91748,21.9147,17.3305,625.92,620.83,3.36927,10.0299,-0.684055,9.09406,9.51,62.2975,62.2975,1.0,1.0,1
54690,30.05.2024 22:47:05.120000,358.099,343.185,10.1451,9.978,9.518,31.245,1.87455,1.91748,21.9147,17.3305,625.92,620.83,3.36927,10.0299,-0.684055,9.09406,9.51,62.2975,62.2975,1.0,1.0,1
54691,30.05.2024 22:47:05.130000,358.017,342.197,10.1432,9.983,9.504,31.2529,1.87423,1.91918,21.2538,19.0483,625.675,620.8,3.12387,9.40703,-0.726172,8.1262,9.51,61.82,61.82,1.0,1.0,1
54692,30.05.2024 22:47:05.140000,361.066,351.26,10.1799,9.891,9.542,31.1845,1.87226,1.91442,21.3596,18.1508,625.48,620.775,1.7828,8.90359,-0.782923,6.94349,9.51043,61.6247,61.6247,1.0,1.0,1
54693,30.05.2024 22:47:05.150000,361.066,351.26,10.1799,9.891,9.542,31.1845,1.87226,1.91442,21.3596,18.1508,625.48,620.775,1.7828,8.90359,-0.782923,6.94349,9.51043,61.6247,61.6247,1.0,1.0,1
54694,30.05.2024 22:47:05.160000,357.522,351.26,10.1348,9.845,9.542,31.2531,1.85697,1.89558,21.7857,16.5986,625.425,620.765,1.0148,8.40191,-0.804958,6.63493,9.51043,60.055,60.055,1.0,1.0,1
54695,30.05.2024 22:47:05.170000,358.594,345.41,10.1681,9.823,9.521,31.2889,1.85234,1.87825,21.7827,16.8737,625.25,620.8,1.20043,8.55152,-0.804089,6.09681,9.51137,57.4653,57.4653,1.0,1.0,1
54696,30.05.2024 22:47:05.180000,358.594,345.41,10.1681,9.823,9.521,31.2411,1.85234,1.87825,21.7827,16.8737,625.205,620.785,1.05298,8.83191,-0.755095,5.88718,9.51137,57.4653,57.4653,1.0,1.0,1
54697,30.05.2024 22:47:05.190000,358.594,345.41,10.1681,9.823,9.521,31.2411,1.85234,1.87825,21.7827,16.8737,625.205,620.785,1.05298,8.83191,-0.755095,5.88718,9.51137,57.4653,57.4653,1.0,1.0,1
54698,30.05.2024 22:47:05.200000,368.399,343.762,10.1039,9.807,9.517,31.2411,1.84567,1.86876,21.8911,16.955,625.145,620.77,1.17167,8.58043,-0.761561,5.79025,9.51132,55.3892,55.3892,1.0,1.0,1
54699,30.05.2024 22:47:05.210000,358.264,345.987,10.115,9.75,9.54,31.5509,1.84808,1.86414,20.9534,16.5834,624.965,620.68,1.20393,8.45125,-0.902025,5.57513,9.51174,55.3892,55.3892,1.0,1.0,1
54700,30.05.2024 22:47:05.220000,358.264,345.987,10.115,9.75,9.54,31.5509,1.84808,1.86414,20.9534,16.5834,624.965,620.68,1.20393,8.45125,-0.902025,5.57513,9.51174,55.3892,55.3892,1.0,1.0,1
54701,30.05.2024 22:47:05.230000,356.781,344.504,10.1005,9.723,9.617,31.5509,1.83615,1.85924,21.4279,14.8923,624.915,620.635,1.74152,6.9798,-0.855196,5.56787,9.51244,50.8463,50.8463,1.0,1.0,1
54702,30.05.2024 22:47:05.240000,356.781,344.504,10.1005,9.723,9.617,31.5509,1.83615,1.85924,21.4279,14.8923,624.915,620.635,1.74152,6.9798,-0.855196,5.56787,9.51244,50.8463,50.8463,1.0,1.0,1
54703,30.05.2024 22:47:05.250000,362.466,340.137,10.0843,9.751,9.686,32.7889,1.81587,1.8509,20.18,17.1821,624.67,620.63,2.66657,5.43044,-0.828039,5.68255,9.51224,50.8246,50.8246,1.0,1.0,1
54704,30.05.2024 22:47:05.260000,362.137,346.399,10.0153,9.875,9.72,33.7719,1.78221,1.82707,19.8699,16.3616,624.53,620.56,2.08019,5.15619,-0.872442,5.65371,9.51245,50.8246,50.8246,1.0,1.0,1
54705,30.05.2024 22:47:05.270000,362.137,345.328,9.97861,9.875,9.756,33.7719,1.78221,1.82707,19.8699,16.3616,624.465,620.54,1.67795,4.14162,-0.850065,5.75167,9.51368,47.2946,47.2946,1.0,1.0,1
54706,30.05.2024 22:47:05.280000,362.137,345.328,9.97861,9.875,9.756,33.7719,1.78221,1.82707,19.8699,16.3616,624.465,620.54,1.67795,4.14162,-0.850065,5.75167,9.51368,47.2946,47.2946,1.0,1.0,1
54707,30.05.2024 22:47:05.290000,360.901,345.328,9.99003,9.9,9.756,34.866,1.7695,1.80185,18.7576,14.5828,624.3,620.54,2.08471,4.03194,-0.931072,5.83004,9.51368,45.8912,45.8912,1.0,1.0,1
54708,30.05.2024 22:47:05.300000,367.41,343.762,10.0117,9.937,9.847,36.0244,1.76665,1.7841,18.2913,13.3114,624.165,620.525,1.80318,3.33743,-0.981278,5.92616,9.51386,45.8912,45.8912,1.0,1.0,1
54709,30.05.2024 22:47:05.310000,367.41,343.762,10.0117,9.937,9.847,36.0244,1.76665,1.7841,18.2913,13.3114,624.165,620.525,1.80318,3.33743,-0.981278,5.92616,9.51386,45.8912,45.8912,1.0,1.0,1
54710,30.05.2024 22:47:05.320000,363.455,343.762,10.0117,10.005,9.847,37.236,1.76465,1.77457,18.308,13.5812,624.085,620.53,1.57651,3.44221,-1.06276,5.6815,9.51386,42.4986,42.4986,1.0,1.0,1
54711,30.05.2024 22:47:05.330000,362.384,350.683,10.0009,10.007,9.851,38.471,1.77315,1.75834,18.542,14.1787,623.945,620.575,1.59979,3.86629,-0.942961,5.25732,9.51428,42.3683,42.3683,1.0,1.0,1
54712,30.05.2024 22:47:05.340000,362.384,350.683,10.0009,10.007,9.851,39.8244,1.77315,1.75834,18.542,14.1787,623.905,620.595,2.13226,4.62,-0.846632,5.21867,9.51428,42.3683,42.3683,1.0,1.0,1
54713,30.05.2024 22:47:05.350000,364.361,348.953,9.93953,9.958,9.875,39.8244,1.77366,1.75654,19.2755,13.1234,623.81,620.63,3.01667,5.15236,-0.865009,5.18353,9.51491,42.3683,42.3683,1.0,1.0,1
54714,30.05.2024 22:47:05.360000,364.361,348.953,9.93953,9.958,9.875,41.0585,1.77553,1.77223,19.8058,14.2049,623.77,620.625,3.70336,5.64209,-0.866501,4.90507,9.51491,42.3683,42.3683,1.0,1.0,1
54715,30.05.2024 22:47:05.370000,369.635,345.74,9.97869,9.985,9.841,42.4085,1.77553,1.77223,19.8058,14.2049,623.725,620.6,4.24238,6.45825,-0.843031,4.62894,9.51535,40.5816,40.5816,1.0,1.0,1
54716,30.05.2024 22:47:05.380000,369.635,345.74,9.97869,9.985,9.841,42.4085,1.77553,1.77223,19.8058,14.2049,623.725,620.6,4.24238,6.45825,-0.843031,4.62894,9.51535,40.5816,40.5816,1.0,1.0,1
54717,30.05.2024 22:47:05.390000,366.833,352.331,9.92337,9.987,9.777,42.4085,1.78207,1.78819,21.5753,18.4329,623.665,620.56,5.17682,6.40672,-0.777243,4.48084,9.51601,38.954,38.954,1.0,1.0,1
54718,30.05.2024 22:47:05.400000,358.594,341.043,9.92256,9.931,9.756,45.1304,1.78299,1.79027,21.0634,17.3333,623.405,620.52,5.42352,5.52574,-0.567543,4.39279,9.5166,37.4494,37.4494,1.0,1.0,1
54719,30.05.2024 22:47:05.410000,356.286,350.519,9.90274,9.917,9.787,45.1304,1.76526,1.7904,20.4115,15.3281,623.335,620.525,4.6678,4.99715,-0.407835,4.38459,9.51746,35.9303,35.9303,1.0,1.0,1
54720,30.05.2024 22:47:05.420000,356.286,350.519,9.90274,9.917,9.787,46.5853,1.76526,1.7904,20.4115,15.3281,623.3,620.545,4.25353,5.68282,-0.278952,4.45374,9.51746,35.9303,35.9303,1.0,1.0,1
54721,30.05.2024 22:47:05.430000,373.59,346.316,9.88109,9.855,9.726,46.5853,1.75143,1.77991,20.1092,17.3097,623.265,620.55,3.92633,5.82145,-0.189478,4.46448,9.51784,34.838,34.838,1.0,1.0,1
54722,30.05.2024 22:47:05.440000,373.59,346.316,9.88109,9.855,9.726,47.9052,1.74457,1.76578,20.5021,17.3672,623.21,620.56,4.02378,5.99811,-0.107475,4.40368,9.51784,34.838,34.838,1.0,1.0,1
54723,30.05.2024 22:47:05.450000,360.489,352.579,9.90022,9.912,9.7,49.3164,1.74457,1.76578,20.5021,17.3672,623.175,620.57,5.01198,6.52936,-0.167538,4.28245,9.5188,34.8235,34.8235,1.0,1.0,1
54724,30.05.2024 22:47:05.460000,353.815,348.706,9.8699,9.848,9.72,49.3164,1.74682,1.75558,19.3601,14.7539,623.145,620.555,5.03003,7.05495,-0.141518,4.33428,9.5194,33.912,33.912,1.0,1.0,1
54725,30.05.2024 22:47:05.470000,353.815,348.706,9.8699,9.848,9.72,50.7883,1.7415,1.73646,19.0197,14.6768,623.12,620.555,5.26843,7.01221,-0.127787,4.46487,9.5194,33.912,33.912,1.0,1.0,1
54726,30.05.2024 22:47:05.480000,361.066,356.863,9.8575,9.794,9.776,52.2433,1.7415,1.73646,19.0197,14.6768,622.985,620.53,5.56886,7.36391,-0.157652,4.42042,9.52028,32.6244,32.6244,1.0,1.0,1
54727,30.05.2024 22:47:05.490000,359.582,342.444,9.794,9.79,9.743,52.2433,1.73745,1.73468,19.8858,15.1453,622.935,620.515,5.30563,7.21668,-0.172648,4.29852,9.5209,31.9155,31.9155,1.0,1.0,1
54728,30.05.2024 22:47:05.500000,359.582,342.444,9.794,9.79,9.743,53.6788,1.73745,1.73468,19.8858,15.1453,622.9,620.53,5.5187,6.64148,-0.216513,4.11756,9.5209,31.9155,31.9155,1.0,1.0,1
54729,30.05.2024 22:47:05.510000,356.781,353.815,9.82745,9.848,9.709,53.6788,1.73602,1.72939,19.6321,15.2238,622.855,620.545,5.40409,6.82335,-0.271753,4.14304,9.52119,31.25,31.25,1.0,1.0,1
54730,30.05.2024 22:47:05.520000,356.781,353.815,9.82745,9.848,9.709,53.6788,1.73602,1.72939,19.6321,15.2238,622.855,620.545,5.40409,6.82335,-0.271753,4.14304,9.52119,31.25,31.25,1.0,1.0,1
54731,30.05.2024 22:47:05.530000,362.631,353.815,9.86675,9.838,9.709,55.1119,1.74128,1.7285,20.009,13.9593,622.785,620.57,5.2639,6.88781,-0.22111,4.2374,9.52119,31.25,31.25,1.0,1.0,1
54732,30.05.2024 22:47:05.540000,362.631,353.815,9.86675,9.838,9.709,55.1119,1.74128,1.7285,20.009,13.9593,622.785,620.57,5.2639,6.88781,-0.22111,4.2374,9.52119,31.25,31.25,1.0,1.0,1
54733,30.05.2024 22:47:05.550000,363.62,354.803,9.85329,9.785,9.667,56.5456,1.74193,1.74264,20.3849,15.1996,622.685,620.61,5.55058,8.14118,-0.0895158,4.0963,9.52262,30.9824,30.9824,1.0,1.0,1
54734,30.05.2024 22:47:05.560000,363.62,354.803,9.85329,9.785,9.667,56.5456,1.74193,1.74264,20.3849,15.1996,622.685,620.61,5.55058,8.14118,-0.0895158,4.0963,9.52262,30.9824,30.9824,1.0,1.0,1
54735,30.05.2024 22:47:05.570000,363.785,338.241,9.78478,9.752,9.664,59.3339,1.74511,1.76028,20.7663,18.7358,622.515,620.56,6.13297,8.576,0.498386,4.21366,9.52272,31.2211,31.2211,1.0,1.0,1
54736,30.05.2024 22:47:05.580000,362.466,351.178,9.77338,9.726,9.627,60.8032,1.72152,1.75061,19.0769,16.3548,622.39,620.61,4.68246,8.20394,1.05451,3.95305,9.523,31.5755,31.5755,1.0,1.0,1
54737,30.05.2024 22:47:05.590000,362.466,348.788,9.75043,9.726,9.689,60.8032,1.72152,1.75061,19.0769,16.3548,622.33,620.645,4.56261,8.5162,1.30733,3.96341,9.52295,31.5755,31.5755,1.0,1.0,1
54738,30.05.2024 22:47:05.600000,362.466,348.788,9.75043,9.726,9.689,62.1641,1.7116,1.73044,19.9943,16.9514,622.265,620.66,4.45605,9.49786,1.52599,3.95343,9.52295,31.5755,31.5755,1.0,1.0,1
54739,30.05.2024 22:47:05.610000,362.466,348.788,9.75043,9.726,9.689,62.1641,1.7116,1.73044,19.9943,16.9514,622.265,620.66,4.45605,9.49786,1.52599,3.95343,9.52295,31.5755,31.5755,1.0,1.0,1
54740,30.05.2024 22:47:05.620000,361.56,354.968,9.73642,9.696,9.612,63.5007,1.71391,1.70592,19.2608,15.8026,622.215,620.67,3.72657,10.1278,1.67535,3.72682,9.52337,31.8649,31.8649,1.0,1.0,1
54741,30.05.2024 22:47:05.630000,361.56,354.968,9.73642,9.696,9.612,63.5007,1.71391,1.70592,19.2608,15.8026,622.215,620.67,3.72657,10.1278,1.67535,3.72682,9.52337,31.8649,31.8649,1.0,1.0,1
54742,30.05.2024 22:47:05.640000,358.429,345.245,9.74882,9.682,9.582,64.7825,1.71042,1.69974,19.0124,13.0602,622.085,620.72,4.04179,10.4961,1.71553,3.43075,9.52346,32.3134,32.3134,1.0,1.0,1
54743,30.05.2024 22:47:05.650000,359.088,349.859,9.70208,9.685,9.523,66.074,1.70957,1.70853,19.8303,15.7085,621.935,620.68,4.29956,10.9463,1.85462,3.43865,9.52352,32.6968,32.6968,1.0,1.0,1
54744,30.05.2024 22:47:05.660000,359.088,349.859,9.70208,9.685,9.523,67.3807,1.70957,1.70853,19.8303,15.7085,621.865,620.68,3.73438,10.0513,2.09809,3.20337,9.52352,32.6968,32.6968,1.0,1.0,1
54745,30.05.2024 22:47:05.670000,365.845,348.706,9.73797,9.655,9.488,67.3807,1.70086,1.73185,20.0307,18.76,621.765,620.73,3.43595,10.0635,2.27395,3.06661,9.5236,32.6968,32.6968,1.0,1.0,1
54746,30.05.2024 22:47:05.680000,365.845,348.706,9.73797,9.655,9.488,68.6442,1.70343,1.74537,20.4829,20.0399,621.675,620.74,3.04017,9.92157,2.57647,3.17899,9.5236,32.6968,32.6968,1.0,1.0,1
54747,30.05.2024 22:47:05.690000,361.148,348.706,9.76719,9.621,9.478,69.8943,1.70343,1.74537,20.4829,20.0399,621.64,620.74,2.72135,10.4458,2.85137,3.10479,9.52371,32.9065,32.9065,1.0,1.0,1
54748,30.05.2024 22:47:05.700000,357.77,341.785,9.74916,9.618,9.484,69.8943,1.69913,1.7442,19.9646,18.5483,621.605,620.73,2.58436,10.695,3.09064,3.03695,9.52373,33.2682,33.2682,1.0,1.0,1
54749,30.05.2024 22:47:05.710000,357.77,341.785,9.74916,9.618,9.484,71.3214,1.69916,1.73183,19.7917,19.2139,621.56,620.725,3.14588,10.2212,3.29552,3.0762,9.52373,33.2682,33.2682,1.0,1.0,1
54750,30.05.2024 22:47:05.720000,367.822,344.916,9.76726,9.594,9.553,72.5839,1.69916,1.73183,19.7917,19.2139,621.52,620.755,3.17995,10.5963,3.32478,3.08343,9.52402,33.167,33.167,1.0,1.0,1
54751,30.05.2024 22:47:05.730000,361.148,348.706,9.72882,9.589,9.491,72.5839,1.69636,1.70812,19.5985,17.8721,621.47,620.745,3.45461,10.7632,3.49318,3.26294,9.52467,32.8631,32.8631,1.0,1.0,1
54752,30.05.2024 22:47:05.740000,361.148,348.706,9.72882,9.589,9.491,72.5839,1.69636,1.70812,19.5985,17.8721,621.47,620.745,3.45461,10.7632,3.49318,3.26294,9.52467,32.8631,32.8631,1.0,1.0,1
54753,30.05.2024 22:47:05.750000,360.654,348.706,9.72882,9.588,9.491,73.8458,1.69179,1.69581,20.6969,16.428,621.375,620.74,4.94391,10.6752,3.4978,3.61411,9.52467,32.4074,32.4074,1.0,1.0,1
54754,30.05.2024 22:47:05.760000,363.785,353.485,9.69981,9.625,9.523,75.1201,1.68912,1.67582,19.8354,16.6787,621.23,620.655,4.23172,9.96507,3.65837,3.87367,9.52494,32.4074,32.4074,1.0,1.0,1
54755,30.05.2024 22:47:05.770000,363.785,353.485,9.69981,9.625,9.523,75.1201,1.68912,1.67582,19.8354,16.6787,621.23,620.655,4.23172,9.96507,3.65837,3.87367,9.52494,32.4074,32.4074,1.0,1.0,1
54756,30.05.2024 22:47:05.780000,363.785,345.575,9.69981,9.625,9.511,76.5424,1.68066,1.66803,20.4391,16.6887,621.15,620.615,4.57168,9.12777,3.67612,3.8915,9.5253,32.6172,32.6172,1.0,1.0,1
54757,30.05.2024 22:47:05.790000,359.335,350.601,9.65592,9.673,9.49,77.9113,1.68529,1.68877,19.4576,16.2061,621.03,620.555,3.91992,6.9542,3.31087,4.02964,9.52551,32.1253,32.1253,1.0,1.0,1
54758,30.05.2024 22:47:05.800000,359.335,345.575,9.65592,9.673,9.511,76.5424,1.68529,1.68877,19.4576,16.2061,621.15,620.615,4.57168,9.12777,3.67612,3.8915,9.5253,32.6172,32.6172,1.0,1.0,1
54759,30.05.2024 22:47:05.810000,365.021,352.496,9.61131,9.703,9.537,79.0978,1.7036,1.7037,22.0899,19.8385,620.91,620.55,4.96877,5.91111,2.9217,4.08387,9.52664,31.8215,31.8215,1.0,1.0,1
54760,30.05.2024 22:47:05.820000,365.021,352.496,9.61131,9.703,9.537,80.1516,1.7036,1.7037,22.0899,19.8385,620.835,620.555,4.90706,5.23388,2.71237,3.4881,9.52664,31.8215,31.8215,1.0,1.0,1
54761,30.05.2024 22:47:05.830000,360.654,359.83,9.72936,9.703,9.519,80.1516,1.73133,1.71744,23.0156,19.9631,620.77,620.595,4.42509,5.19372,2.54644,3.2809,9.52597,31.8215,31.8215,1.0,1.0,1
54762,30.05.2024 22:47:05.840000,360.654,359.83,9.72936,9.703,9.519,81.2181,1.7266,1.72599,22.9502,18.5986,620.715,620.74,4.05955,5.35176,2.42714,3.25022,9.52597,31.8215,31.8215,1.0,1.0,1
54763,30.05.2024 22:47:05.850000,364.773,349.2,9.77242,9.626,9.535,82.0761,1.7266,1.72599,22.9502,18.5986,620.7,620.75,4.06974,6.67176,2.3536,3.58261,9.5259,31.4815,31.4815,1.0,1.0,1
54764,30.05.2024 22:47:05.860000,364.773,349.2,9.77242,9.626,9.535,82.0761,1.7266,1.72599,22.9502,18.5986,620.7,620.75,4.06974,6.67176,2.3536,3.58261,9.5259,31.4815,31.4815,1.0,1.0,1
54765,30.05.2024 22:47:05.870000,361.725,350.107,9.71717,9.612,9.54,82.0761,1.71606,1.73286,23.8025,21.7641,620.705,620.76,4.7151,8.38983,2.70814,4.5886,9.52571,31.4815,31.4815,1.0,1.0,1
54766,30.05.2024 22:47:05.880000,361.725,350.107,9.71717,9.612,9.54,82.0761,1.71606,1.73286,23.8025,21.7641,620.705,620.76,4.7151,8.38983,2.70814,4.5886,9.52571,31.4815,31.4815,1.0,1.0,1
54767,30.05.2024 22:47:05.890000,360.077,343.185,9.66163,9.633,9.556,83.5332,1.70602,1.71935,22.5279,20.9388,620.62,620.815,6.5785,8.86978,3.11477,4.68803,9.52595,31.0981,31.0981,1.0,1.0,1
54768,30.05.2024 22:47:05.900000,360.077,343.185,9.66163,9.633,9.556,83.5332,1.70602,1.71935,22.5279,20.9388,620.62,620.815,6.5785,8.86978,3.11477,4.68803,9.52595,31.0981,31.0981,1.0,1.0,1
54769,30.05.2024 22:47:05.910000,358.511,349.118,9.69095,9.627,9.556,84.0886,1.67015,1.66667,19.3698,16.0984,620.53,620.855,7.10548,10.6215,3.28157,5.25257,9.52569,30.8811,30.8811,1.0,1.0,1
54770,30.05.2024 22:47:05.920000,358.511,349.118,9.69095,9.627,9.556,84.0886,1.67015,1.66667,19.3698,16.0984,620.53,620.855,7.10548,10.6215,3.28157,5.25257,9.52569,30.8811,30.8811,1.0,1.0,1
54771,30.05.2024 22:47:05.930000,373.178,338.159,9.71366,9.614,9.518,84.6702,1.65003,1.66886,18.9446,17.4182,620.315,620.815,6.77762,10.6424,3.88494,5.94395,9.52553,30.1939,30.1939,1.0,1.0,1
54772,30.05.2024 22:47:05.940000,364.361,299.515,9.67409,9.656,9.516,85.0789,1.67518,1.68351,20.4275,19.7631,620.25,620.8,5.74546,10.1447,4.45024,6.17138,9.52456,29.8466,29.8466,1.0,1.0,1
54773,30.05.2024 22:47:05.950000,364.361,299.515,9.67409,9.656,9.516,85.5277,1.69163,1.69417,21.0913,20.3283,620.2,620.79,5.66815,9.95186,4.58346,6.43932,9.52456,29.8466,29.8466,1.0,1.0,1
54774,30.05.2024 22:47:05.960000,359.665,277.185,9.67409,9.645,9.463,85.8791,1.69163,1.69417,21.0913,20.3283,620.165,620.79,5.27178,9.55242,4.63661,6.518,9.52413,29.0582,29.0582,1.0,1.0,1
54775,30.05.2024 22:47:05.970000,349.118,275.125,9.68763,9.573,9.508,85.8791,1.68968,1.71505,20.732,16.922,620.135,620.83,5.38678,9.22934,4.67313,6.54928,9.52324,29.0582,29.0582,1.0,1.0,1
54776,30.05.2024 22:47:05.980000,349.118,275.125,9.68763,9.573,9.508,86.1594,1.68968,1.71505,20.732,16.922,620.09,620.865,5.82525,9.40298,4.53073,6.61936,9.52324,29.0582,29.0582,1.0,1.0,1
54777,30.05.2024 22:47:05.990000,349.118,275.125,9.68763,9.573,9.508,86.1594,1.68968,1.71505,20.732,16.922,620.09,620.865,5.82525,9.40298,4.53073,6.61936,9.52324,29.0582,29.0582,1.0,1.0,1
54778,30.05.2024 22:47:06.000000,340.219,284.601,9.68015,9.569,9.577,86.1594,1.67018,1.71784,19.9805,20.0975,619.975,620.865,5.41882,9.98901,4.50829,6.62203,9.52245,28.2335,28.2335,1.0,1.0,1
54779,30.05.2024 22:47:06.010000,330.002,244.226,9.69413,9.635,9.52,86.5735,1.66383,1.70445,21.5697,22.241,619.845,620.865,5.10752,9.93436,4.32527,6.13156,9.52178,27.2714,27.2714,1.0,1.0,1
54780,30.05.2024 22:47:06.020000,330.002,244.226,9.69413,9.635,9.52,86.5735,1.66383,1.70445,21.5697,22.241,619.845,620.865,5.10752,9.93436,4.32527,6.13156,9.52178,27.2714,27.2714,1.0,1.0,1
54781,30.05.2024 22:47:06.030000,308.661,196.6,9.69492,9.657,9.568,86.5735,1.65368,1.68849,18.4755,18.1074,619.825,620.89,4.29402,9.99792,4.23312,5.82285,9.52067,26.7868,26.7868,1.0,1.0,1
54782,30.05.2024 22:47:06.040000,290.039,177.566,9.69347,9.609,9.574,86.7807,1.6455,1.67021,17.5807,14.7004,619.805,620.9,4.48876,10.0153,4.50892,6.24373,9.51963,26.2153,26.2153,1.0,1.0,1
54783,30.05.2024 22:47:06.050000,297.62,175.919,9.6645,9.62,9.554,86.7807,1.63959,1.67998,19.5,17.9649,619.78,620.91,4.78583,10.0049,4.64683,6.42049,9.51855,26.2225,26.2225,1.0,1.0,1
54784,30.05.2024 22:47:06.060000,297.62,175.919,9.6645,9.62,9.554,86.8761,1.63959,1.67998,19.5,17.9649,619.755,620.925,5.63248,9.84856,4.78861,6.36717,9.51855,26.2225,26.2225,1.0,1.0,1
54785,30.05.2024 22:47:06.070000,291.357,130.518,9.74563,9.665,9.521,86.8761,1.66109,1.67943,18.9362,19.7592,619.72,620.95,5.89052,9.79603,4.78685,6.39749,9.51766,25.6944,25.6944,1.0,1.0,1
54786,30.05.2024 22:47:06.080000,291.357,130.518,9.74563,9.665,9.521,87.0136,1.67232,1.69488,19.837,17.8641,619.645,620.975,6.50406,10.3499,4.8329,6.56415,9.51766,25.6944,25.6944,1.0,1.0,1
54787,30.05.2024 22:47:06.090000,286.249,113.379,9.72819,9.649,9.539,87.1515,1.67232,1.69488,19.837,17.8641,619.61,620.965,6.48973,10.3782,4.93574,6.64698,9.5164,25.6366,25.6366,1.0,1.0,1
54788,30.05.2024 22:47:06.100000,262.683,116.263,9.64574,9.611,9.569,87.1515,1.68387,1.69979,19.2061,18.9697,619.56,620.99,6.65179,10.4803,5.14109,6.71018,9.51458,25.1736,25.1736,1.0,1.0,1
54789,30.05.2024 22:47:06.110000,262.683,116.263,9.64574,9.611,9.569,87.0248,1.6693,1.7015,20.7872,20.5207,619.525,620.995,6.62284,10.5395,5.33362,6.68672,9.51458,25.1736,25.1736,1.0,1.0,1
54790,30.05.2024 22:47:06.120000,253.784,110.577,9.68289,9.605,9.529,87.0389,1.6693,1.7015,20.7872,20.5207,619.505,620.98,6.75876,10.5799,5.39178,6.8053,9.51274,25.2315,25.2315,1.0,1.0,1
54791,30.05.2024 22:47:06.130000,246.204,95.4986,9.68571,9.613,9.527,87.0389,1.65523,1.68182,19.9648,19.0339,619.465,620.98,6.69567,10.2089,5.46252,6.85587,9.51123,26.0561,26.0561,1.0,1.0,1
54792,30.05.2024 22:47:06.140000,246.204,95.4986,9.68571,9.613,9.527,87.0389,1.65523,1.68182,19.9648,19.0339,619.465,620.98,6.69567,10.2089,5.46252,6.85587,9.51123,26.0561,26.0561,1.0,1.0,1
54793,30.05.2024 22:47:06.150000,235.986,95.4986,9.68571,9.622,9.527,87.0069,1.6414,1.66147,18.6653,16.8334,619.42,621.0,7.37456,9.62219,5.72451,6.82964,9.51123,26.0561,26.0561,1.0,1.0,1
54794,30.05.2024 22:47:06.160000,235.986,95.4986,9.68571,9.622,9.527,87.0069,1.6414,1.66147,18.6653,16.8334,619.42,621.0,7.37456,9.62219,5.72451,6.82964,9.51123,26.0561,26.0561,1.0,1.0,1
54795,30.05.2024 22:47:06.170000,239.117,49.4385,9.66477,9.587,9.501,87.0675,1.63132,1.6573,18.6624,17.1837,619.295,620.97,7.19109,8.8604,5.49328,6.88812,9.50999,26.0417,26.0417,1.0,1.0,1
54796,30.05.2024 22:47:06.180000,239.117,49.4385,9.66477,9.587,9.501,87.0675,1.63132,1.6573,18.6624,17.1837,619.295,620.97,7.19109,8.8604,5.49328,6.88812,9.50999,26.0417,26.0417,1.0,1.0,1
54797,30.05.2024 22:47:06.190000,228.735,30.8166,9.67968,9.572,9.482,87.1119,1.62677,1.64944,17.4149,16.9798,619.22,620.955,6.31213,7.81039,5.25676,7.15109,9.50615,26.2948,26.2948,1.0,1.0,1
54798,30.05.2024 22:47:06.200000,228.735,30.8166,9.67968,9.572,9.482,87.1119,1.62677,1.64944,17.4149,16.9798,619.22,620.955,6.31213,7.81039,5.25676,7.15109,9.50615,26.2948,26.2948,1.0,1.0,1
54799,30.05.2024 22:47:06.210000,226.181,-18.457,9.69701,9.543,9.456,87.1468,1.62251,1.64316,18.1313,16.3244,619.13,620.955,6.37864,7.37386,5.11648,7.44768,9.50428,26.2587,26.2587,1.0,1.0,1
54800,30.05.2024 22:47:06.220000,198.907,-28.5919,9.67824,9.494,9.464,87.1638,1.62167,1.65063,18.535,18.552,619.11,620.955,6.29913,6.7509,4.55825,7.71756,9.50276,26.2587,26.2587,0.0,1.0,1
54801,30.05.2024 22:47:06.230000,198.907,-46.3898,9.65869,9.494,9.458,87.1638,1.62167,1.65063,18.535,18.552,619.07,620.94,6.40361,6.57791,4.28854,7.72881,9.50065,25.3255,25.3255,0.0,1.0,1
54802,30.05.2024 22:47:06.240000,198.907,-46.3898,9.65869,9.494,9.458,87.1638,1.62167,1.65063,18.535,18.552,619.07,620.94,6.40361,6.57791,4.28854,7.72881,9.50065,25.3255,25.3255,0.0,1.0,1
54803,30.05.2024 22:47:06.250000,188.361,-46.3898,9.67173,9.444,9.458,87.2103,1.62271,1.65123,18.4389,18.5948,619.0,620.965,6.48021,6.44907,4.10229,7.79722,9.50065,25.3255,25.3255,0.0,1.0,1
54804,30.05.2024 22:47:06.260000,179.297,-60.8917,9.66846,9.437,9.467,87.2302,1.61826,1.65312,18.1773,17.9053,618.945,621.005,6.12287,6.34899,3.95491,8.59414,9.49748,25.3255,25.3255,0.0,1.0,1
54805,30.05.2024 22:47:06.270000,179.297,-60.8917,9.66846,9.437,9.467,87.2302,1.61826,1.65312,18.1773,17.9053,618.945,621.005,6.12287,6.34899,3.95491,8.59414,9.49748,25.3255,25.3255,0.0,1.0,1
54806,30.05.2024 22:47:06.280000,148.068,-60.8917,9.66844,9.382,9.467,87.1951,1.61908,1.65275,18.2381,17.6198,618.92,621.005,6.13388,6.42883,3.76301,8.73265,9.49748,24.5226,24.5226,0.0,1.0,1
54807,30.05.2024 22:47:06.290000,148.068,-60.8917,9.66844,9.382,9.467,87.1951,1.61908,1.65275,18.2381,17.6198,618.92,621.005,6.13388,6.42883,3.76301,8.73265,9.49748,24.5226,24.5226,0.0,1.0,1
54808,30.05.2024 22:47:06.300000,145.926,-90.39,9.62203,9.343,9.436,87.2104,1.61952,1.65001,18.1434,17.8104,618.865,621.055,6.31618,6.9912,3.71637,8.89278,9.49424,24.5226,24.5226,0.0,1.0,1
54809,30.05.2024 22:47:06.310000,145.926,-90.39,9.62203,9.343,9.436,87.2104,1.61952,1.65001,18.1434,17.8104,618.865,621.055,6.31618,6.9912,3.71637,8.89278,9.49424,24.5226,24.5226,0.0,1.0,1
54810,30.05.2024 22:47:06.320000,129.034,-67.1539,9.63595,9.288,9.474,87.2264,1.62113,1.65034,18.1362,17.2529,618.72,621.085,6.64922,7.88241,3.67156,9.33756,9.49264,23.6835,23.6835,0.0,1.0,1
54811,30.05.2024 22:47:06.330000,129.034,-67.1539,9.63595,9.288,9.474,87.2264,1.62113,1.65034,18.1362,17.2529,618.72,621.085,6.64922,7.88241,3.67156,9.33756,9.49264,23.6835,23.6835,0.0,1.0,1
54812,30.05.2024 22:47:06.340000,112.967,-70.0378,9.6721,9.24,9.446,87.2684,1.62027,1.65106,18.2344,17.3555,618.695,621.09,5.94422,7.68235,3.71818,9.65983,9.49099,23.1409,23.1409,0.0,1.0,1
54813,30.05.2024 22:47:06.350000,113.132,-58.1726,9.58308,9.192,9.449,87.3385,1.61952,1.65208,18.8307,17.2749,618.655,621.05,6.48694,7.51134,3.70038,9.9694,9.48961,22.215,22.215,0.0,1.0,1
54814,30.05.2024 22:47:06.360000,113.132,-81.4911,9.58308,9.192,9.448,87.261,1.61952,1.65208,18.8307,17.2749,618.64,621.07,7.03286,7.45799,3.75688,10.0408,9.48683,21.3325,21.3325,0.0,1.0,1
54815,30.05.2024 22:47:06.370000,104.48,-146.75,9.57924,9.415,9.447,87.261,1.6179,1.65053,18.3247,17.1815,618.61,621.08,7.38065,7.08428,4.01009,10.1518,9.48455,21.318,21.318,0.0,1.0,1
54816,30.05.2024 22:47:06.380000,104.48,-146.75,9.57924,9.415,9.447,87.2766,1.6179,1.65053,18.3247,17.1815,618.605,621.1,7.3577,7.22532,4.21614,10.2421,9.48455,21.318,21.318,0.0,1.0,1
54817,30.05.2024 22:47:06.390000,101.266,-272.241,9.61367,9.607,9.418,87.2766,1.62284,1.65541,18.2072,17.162,618.58,621.11,7.72377,7.15632,4.26138,10.4157,9.48246,20.9997,20.9997,0.0,1.0,1
54818,30.05.2024 22:47:06.400000,101.266,-272.241,9.61367,9.607,9.418,87.263,1.62984,1.65821,19.1056,17.7021,618.475,621.105,7.96854,7.17309,4.21328,10.5328,9.48246,20.9997,20.9997,0.0,1.0,1
54819,30.05.2024 22:47:06.410000,101.266,-272.241,9.61367,9.607,9.418,87.263,1.62984,1.65821,19.1056,17.7021,618.475,621.105,7.96854,7.17309,4.21328,10.5328,9.48246,20.9997,20.9997,0.0,1.0,1
54820,30.05.2024 22:47:06.420000,79.3487,-293.417,9.52712,9.631,9.429,87.2426,1.63883,1.65683,18.9234,17.5656,618.46,621.095,7.38576,7.37462,4.00817,10.583,9.48038,20.4716,20.4716,0.0,1.0,1
54821,30.05.2024 22:47:06.430000,79.3487,-293.417,9.52712,9.631,9.429,87.2426,1.63883,1.65683,18.9234,17.5656,618.46,621.095,7.38576,7.37462,4.00817,10.583,9.48038,20.4716,20.4716,0.0,1.0,1
54822,30.05.2024 22:47:06.440000,25.7904,-299.02,9.54559,9.468,9.417,87.1644,1.63628,1.65672,18.7643,17.1065,618.41,621.085,7.54482,6.82643,3.99908,10.665,9.47803,20.0159,20.0159,0.0,1.0,1
54823,30.05.2024 22:47:06.450000,25.7904,-299.02,9.54559,9.468,9.417,87.1644,1.63628,1.65672,18.7643,17.1065,618.41,621.085,7.54482,6.82643,3.99908,10.665,9.47803,20.0159,20.0159,0.0,1.0,1
54824,30.05.2024 22:47:06.460000,1.73035,-279.822,9.5713,9.309,9.395,87.1865,1.62638,1.65532,18.5805,17.7877,618.38,621.055,7.64228,6.03186,4.00869,10.6725,9.47339,19.7121,19.7121,0.0,1.0,1
54825,30.05.2024 22:47:06.470000,1.73035,-279.822,9.5713,9.309,9.395,87.1865,1.62638,1.65532,18.5805,17.7877,618.38,621.055,7.64228,6.03186,4.00869,10.6725,9.47339,19.7121,19.7121,0.0,1.0,1
54826,30.05.2024 22:47:06.480000,-12.5244,-309.155,9.5634,9.4,9.383,87.1784,1.61168,1.64972,17.7932,17.6516,618.355,621.04,7.99299,5.18736,4.06741,10.7415,9.4714,19.3215,19.3215,0.0,1.0,1
54827,30.05.2024 22:47:06.490000,-12.5244,-309.155,9.5634,9.4,9.383,87.1784,1.61168,1.64972,17.7932,17.6516,618.355,621.04,7.99299,5.18736,4.06741,10.7415,9.4714,19.3215,19.3215,0.0,1.0,1
54828,30.05.2024 22:47:06.500000,-21.4233,-309.979,9.54415,9.498,9.397,87.2415,1.60766,1.64988,17.2815,16.7718,618.29,621.035,8.46924,4.7609,4.05815,10.9457,9.46872,19.3215,19.3215,0.0,1.0,1
54829,30.05.2024 22:47:06.510000,-66.7419,-303.058,9.51518,9.379,9.384,87.7549,1.61576,1.65415,17.9077,18.5877,618.185,621.035,8.23082,4.36567,3.74725,10.9124,9.46603,18.5619,18.5619,0.0,1.0,1
54830,30.05.2024 22:47:06.520000,-66.7419,-309.979,9.51518,9.379,9.397,87.2415,1.61576,1.65415,17.9077,18.5877,618.29,621.035,8.46924,4.7609,4.05815,10.9457,9.46872,19.3215,19.3215,0.0,1.0,1
54831,30.05.2024 22:47:06.530000,-66.7419,-309.979,9.51518,9.379,9.397,87.2415,1.61576,1.65415,17.9077,18.5877,618.29,621.035,8.46924,4.7609,4.05815,10.9457,9.46872,19.3215,19.3215,0.0,1.0,1
54832,30.05.2024 22:47:06.540000,-107.611,-313.605,9.50782,9.389,9.396,87.7249,1.61046,1.64961,17.2618,16.7587,618.135,621.05,7.50195,4.02984,3.76665,10.8599,9.46123,18.07,18.07,0.0,1.0,1
54833,30.05.2024 22:47:06.550000,-112.061,-312.616,9.50223,9.491,9.369,87.5656,1.60484,1.65202,16.9386,17.1285,618.045,621.14,6.75125,4.45036,3.8174,10.7886,9.45833,17.8675,17.8675,0.0,1.0,1
54834,30.05.2024 22:47:06.560000,-112.061,-312.616,9.50223,9.491,9.369,87.5656,1.60484,1.65202,16.9386,17.1285,618.045,621.14,6.75125,4.45036,3.8174,10.7886,9.45833,17.8675,17.8675,0.0,1.0,1
54835,30.05.2024 22:47:06.570000,-110.825,-312.616,9.49415,9.502,9.369,87.5819,1.61231,1.65354,17.305,18.1643,618.045,621.145,6.29626,5.32468,3.72791,10.799,9.45833,17.0645,17.0645,0.0,1.0,1
54836,30.05.2024 22:47:06.580000,-118.57,-310.226,9.49383,9.413,9.361,87.473,1.62484,1.65358,17.4329,17.6198,618.015,621.145,6.59823,5.86837,3.66661,10.9783,9.45342,16.3773,16.3773,0.0,1.0,1
54837,30.05.2024 22:47:06.590000,-118.57,-310.226,9.49383,9.413,9.361,87.3661,1.62628,1.65406,17.5079,15.806,617.99,621.125,6.74723,5.79534,3.55097,11.0211,9.45342,16.3773,16.3773,0.0,1.0,1
54838,30.05.2024 22:47:06.600000,-119.064,-317.725,9.49383,9.352,9.298,87.3925,1.62628,1.65406,17.5079,15.806,617.95,621.11,6.93378,5.55725,3.53617,11.0961,9.45146,16.3773,16.3773,0.0,1.0,1
54839,30.05.2024 22:47:06.610000,-133.566,-315.335,9.44717,9.403,9.321,87.3925,1.61469,1.65333,17.1798,18.3104,617.93,621.12,7.13345,5.42833,3.49372,11.0841,9.44837,15.7841,15.7841,0.0,1.0,1
54840,30.05.2024 22:47:06.620000,-133.566,-315.335,9.44717,9.403,9.321,87.3448,1.61469,1.65333,17.1798,18.3104,617.905,621.13,7.27463,5.4133,3.44997,11.2222,9.44837,15.7841,15.7841,0.0,1.0,1
54841,30.05.2024 22:47:06.630000,-146.338,-312.451,9.48264,9.427,9.351,87.3448,1.60749,1.65578,18.1568,19.3316,617.895,621.185,7.19989,5.53296,3.52308,11.2194,9.44556,15.6178,15.6178,0.0,1.0,1
54842,30.05.2024 22:47:06.640000,-146.338,-312.451,9.48264,9.427,9.351,87.3439,1.61952,1.65758,18.3521,19.1939,617.88,621.19,7.28332,6.01904,3.47342,11.2051,9.44556,15.6178,15.6178,0.0,1.0,1
54843,30.05.2024 22:47:06.650000,-146.338,-312.451,9.48264,9.427,9.351,87.3439,1.61952,1.65758,18.3521,19.1939,617.88,621.19,7.28332,6.01904,3.47342,11.2051,9.44556,15.6178,15.6178,0.0,1.0,1
54844,30.05.2024 22:47:06.660000,-169.656,-304.129,9.47394,9.412,9.367,87.3165,1.63343,1.65839,18.6635,18.7354,617.865,621.17,7.64658,6.2094,3.7494,11.2657,9.44287,15.4297,15.4297,0.0,1.0,1
54845,30.05.2024 22:47:06.670000,-201.874,-309.897,9.49776,9.361,9.331,87.2793,1.63248,1.65652,18.5763,18.1642,617.855,621.125,7.99084,6.2896,4.15338,11.2498,9.44014,15.5237,15.5237,0.0,1.0,1
54846,30.05.2024 22:47:06.680000,-201.874,-315.912,9.49776,9.361,9.372,87.331,1.63248,1.65652,18.5763,18.1642,617.845,621.115,8.48611,5.50055,4.30776,11.3122,9.43743,15.5165,15.5165,0.0,1.0,1
54847,30.05.2024 22:47:06.690000,-222.473,-310.721,9.50337,9.403,9.31,87.331,1.62617,1.65525,17.9632,17.9111,617.835,621.12,8.89071,5.01406,4.49271,11.3414,9.43468,15.7624,15.7624,0.0,1.0,1
54848,30.05.2024 22:47:06.700000,-222.473,-310.721,9.50337,9.403,9.31,87.331,1.62617,1.65525,17.9632,17.9111,617.835,621.12,8.89071,5.01406,4.49271,11.3414,9.43468,15.7624,15.7624,0.0,1.0,1
54849,30.05.2024 22:47:06.710000,-228.323,-310.721,9.50337,9.433,9.31,87.28,1.62449,1.65408,18.9583,18.9076,617.82,621.12,9.32498,4.54382,4.71781,11.4222,9.43468,15.6178,15.6178,0.0,1.0,1
54850,30.05.2024 22:47:06.720000,-239.694,-313.357,9.45692,9.42,9.316,87.3117,1.63242,1.65729,18.6448,18.2752,617.73,621.095,9.2981,4.25593,4.7494,11.2701,9.43171,15.6178,15.6178,0.0,1.0,1
54851,30.05.2024 22:47:06.730000,-239.694,-304.541,9.45692,9.42,9.258,87.3143,1.63242,1.65729,18.6448,18.2752,617.71,621.085,8.91517,4.33099,4.828,11.2461,9.42924,15.5527,15.5527,0.0,1.0,1
54852,30.05.2024 22:47:06.740000,-258.069,-314.017,9.46077,9.354,9.308,87.3143,1.62969,1.65588,18.2746,17.6549,617.675,621.095,8.4648,3.33567,4.87043,11.4575,9.42642,15.2561,15.2561,0.0,1.0,1
54853,30.05.2024 22:47:06.750000,-258.069,-314.017,9.46077,9.354,9.308,87.307,1.61988,1.65682,18.0767,17.3209,617.655,621.085,8.14294,3.44978,4.8067,11.4743,9.42642,15.2561,15.2561,0.0,1.0,1
54854,30.05.2024 22:47:06.760000,-280.151,-317.642,9.49376,9.38,9.334,87.2304,1.61988,1.65682,18.0767,17.3209,617.625,621.09,7.92117,3.46,4.67472,11.401,9.42385,15.2127,15.2127,0.0,1.0,1
54855,30.05.2024 22:47:06.770000,-281.305,-303.964,9.45513,9.389,9.306,87.2304,1.61617,1.65573,18.0388,17.9814,617.615,621.09,7.82399,3.22312,4.71434,11.3972,9.42076,15.2127,15.2127,0.0,1.0,1
54856,30.05.2024 22:47:06.780000,-281.305,-303.964,9.45513,9.389,9.306,87.2304,1.61617,1.65573,18.0388,17.9814,617.615,621.09,7.82399,3.22312,4.71434,11.3972,9.42076,15.2127,15.2127,0.0,1.0,1
54857,30.05.2024 22:47:06.790000,-316.077,-303.964,9.45513,9.381,9.306,87.1962,1.62152,1.65641,17.8017,18.0167,617.62,621.105,7.58307,3.01329,4.64381,11.2984,9.42076,15.1765,15.1765,0.0,1.0,1
54858,30.05.2024 22:47:06.800000,-320.608,-305.859,9.46224,9.352,9.358,87.2286,1.62598,1.6576,17.9428,17.3181,617.525,621.085,7.66341,3.20508,4.5107,11.346,9.41809,15.1765,15.1765,0.0,1.0,1
54859,30.05.2024 22:47:06.810000,-320.608,-304.376,9.46224,9.352,9.312,87.2631,1.62598,1.6576,17.9428,17.3181,617.51,621.1,7.11576,3.02054,4.38579,11.4832,9.41549,14.6629,14.6629,0.0,1.0,1
54860,30.05.2024 22:47:06.820000,-320.608,-304.376,9.46224,9.352,9.312,87.2631,1.62598,1.6576,17.9428,17.3181,617.51,621.1,7.11576,3.02054,4.38579,11.4832,9.41549,14.6629,14.6629,0.0,1.0,1
54861,30.05.2024 22:47:06.830000,-325.47,-310.968,9.4661,9.389,9.305,87.2631,1.62604,1.65716,17.8076,17.5033,617.505,621.105,6.98207,3.18172,4.16071,11.4594,9.41224,14.6629,14.6629,0.0,1.0,1
54862,30.05.2024 22:47:06.840000,-325.47,-310.968,9.4661,9.389,9.305,87.2631,1.62604,1.65716,17.8076,17.5033,617.505,621.105,6.98207,3.18172,4.16071,11.4594,9.41224,14.6629,14.6629,0.0,1.0,1
54863,30.05.2024 22:47:06.850000,-322.256,-309.814,9.41479,9.399,9.339,87.3106,1.62551,1.65571,17.1443,17.9676,617.49,621.11,7.17054,3.56526,3.91384,11.2897,9.40907,14.5616,14.5616,0.0,1.0,1
54864,30.05.2024 22:47:06.860000,-326.871,-310.721,9.47402,9.305,9.29,87.2209,1.62644,1.65662,16.7635,16.1804,617.445,621.09,7.30766,3.59189,3.63867,11.1896,9.40723,14.1638,14.1638,0.0,1.0,1
54865,30.05.2024 22:47:06.870000,-326.871,-310.062,9.46324,9.305,9.295,87.2209,1.62644,1.65662,16.7635,16.1804,617.43,621.085,7.25366,3.36811,3.56239,11.2095,9.40417,14.1638,14.1638,0.0,1.0,1
54866,30.05.2024 22:47:06.880000,-326.871,-310.062,9.46324,9.305,9.295,87.2647,1.62552,1.66088,16.6339,16.7269,617.425,621.085,7.1863,3.37685,3.53429,11.2281,9.40417,14.1638,14.1638,0.0,1.0,1
54867,30.05.2024 22:47:06.890000,-326.953,-308.743,9.4433,9.337,9.275,87.3017,1.62552,1.66088,16.6339,16.7269,617.425,621.08,7.24249,3.40051,3.56551,11.3959,9.40139,14.2072,14.2072,0.0,1.0,1
54868,30.05.2024 22:47:06.900000,-323.575,-309.402,9.43946,9.394,9.225,87.3017,1.62952,1.66242,16.8571,16.87,617.42,621.085,7.88149,3.36333,3.41612,11.4375,9.399,14.851,14.851,0.0,1.0,1
54869,30.05.2024 22:47:06.910000,-323.575,-309.402,9.43946,9.394,9.225,87.3099,1.6358,1.66237,16.7159,16.3612,617.415,621.095,8.35685,3.39977,3.3642,11.4536,9.399,14.851,14.851,0.0,1.0,1
54870,30.05.2024 22:47:06.920000,-323.575,-309.402,9.43946,9.394,9.225,87.3099,1.6358,1.66237,16.7159,16.3612,617.415,621.095,8.35685,3.39977,3.3642,11.4536,9.399,14.851,14.851,0.0,1.0,1
54871,30.05.2024 22:47:06.930000,-322.668,-310.968,9.43946,9.414,9.255,87.2209,1.6358,1.66237,16.7159,16.3612,617.42,621.095,8.42757,3.30854,3.40516,11.4638,9.3957,14.851,14.851,0.0,1.0,1
54872,30.05.2024 22:47:06.940000,-325.47,-312.286,9.42467,9.351,9.267,87.253,1.63801,1.66246,16.7104,16.6026,617.395,621.085,9.20446,3.3135,3.44945,11.5828,9.39291,14.851,14.851,0.0,1.0,1
54873,30.05.2024 22:47:06.950000,-325.47,-312.286,9.42467,9.351,9.267,87.253,1.63801,1.66246,16.7104,16.6026,617.395,621.085,9.20446,3.3135,3.44945,11.5828,9.39291,14.851,14.851,0.0,1.0,1
54874,30.05.2024 22:47:06.960000,-325.47,-311.792,9.46779,9.351,9.315,87.253,1.63801,1.66246,16.7104,16.6026,617.38,621.075,9.22598,3.3461,3.4485,11.6186,9.39021,15.8854,15.8854,0.0,1.0,1
54875,30.05.2024 22:47:06.970000,-323.822,-307.59,9.46554,9.372,9.299,87.2427,1.64057,1.66287,16.8624,16.3595,617.355,621.07,9.5769,2.79114,3.41589,11.835,9.38703,16.1386,16.1386,0.0,1.0,1
54876,30.05.2024 22:47:06.980000,-323.822,-307.59,9.46554,9.372,9.299,87.2427,1.64057,1.66287,16.8624,16.3595,617.355,621.07,9.5769,2.79114,3.41589,11.835,9.38703,16.1386,16.1386,0.0,1.0,1
54877,30.05.2024 22:47:06.990000,-320.938,-313.11,9.46576,9.401,9.232,87.2427,1.64819,1.66388,17.0556,17.8396,617.33,621.06,9.31567,2.47766,3.4851,12.0094,9.38468,16.1531,16.1531,0.0,1.0,1
54878,30.05.2024 22:47:07.000000,-328.189,-311.874,9.46321,9.354,9.254,87.3505,1.65025,1.66429,17.3626,17.1134,617.315,621.02,8.96872,2.12903,3.41983,12.1914,9.38192,16.3122,16.3122,0.0,1.0,1
54879,30.05.2024 22:47:07.010000,-328.931,-312.698,9.43963,9.324,9.285,87.3505,1.64669,1.66433,17.3216,16.7558,617.305,621.015,8.98243,1.91034,3.43485,12.2402,9.3792,16.1024,16.1024,0.0,1.0,1
54880,30.05.2024 22:47:07.020000,-328.931,-312.698,9.43963,9.324,9.285,87.3505,1.64669,1.66433,17.3216,16.7558,617.305,621.015,8.98243,1.91034,3.43485,12.2402,9.3792,16.1024,16.1024,0.0,1.0,1
54881,30.05.2024 22:47:07.030000,-327.942,-312.698,9.43963,9.288,9.285,87.315,1.64202,1.66489,17.4185,17.0213,617.3,621.025,9.09451,1.57569,3.61759,12.394,9.3792,15.4731,15.4731,0.0,1.0,1
54882,30.05.2024 22:47:07.040000,-327.942,-312.698,9.43963,9.288,9.285,87.315,1.64202,1.66489,17.4185,17.0213,617.3,621.025,9.09451,1.57569,3.61759,12.394,9.3792,15.4731,15.4731,0.0,1.0,1
54883,30.05.2024 22:47:07.050000,-326.211,-312.204,9.45891,9.384,9.254,87.3149,1.64073,1.66439,17.3103,16.6799,617.285,621.025,9.48177,1.91926,3.47465,12.504,9.37634,14.9667,14.9667,0.0,1.0,1
54884,30.05.2024 22:47:07.060000,-326.376,-311.792,9.3961,9.374,9.305,87.298,1.64044,1.6653,16.6228,15.8796,617.29,621.03,9.21312,1.70207,3.45876,12.8859,9.37141,14.3591,14.3591,0.0,1.0,1
54885,30.05.2024 22:47:07.070000,-326.376,-311.792,9.3961,9.374,9.305,87.1649,1.64011,1.66507,16.8679,16.5067,617.27,621.04,9.28377,2.02329,3.40159,13.1538,9.37141,14.3591,14.3591,0.0,1.0,1
54886,30.05.2024 22:47:07.080000,-326.953,-315.005,9.44207,9.355,9.305,87.1708,1.64011,1.66507,16.8679,16.5067,617.28,621.04,9.18752,2.0849,3.37906,13.2954,9.36841,14.3591,14.3591,0.0,1.0,1
54887,30.05.2024 22:47:07.090000,-318.301,-313.028,9.43956,9.386,9.322,87.1708,1.63979,1.66444,16.3102,16.8223,617.25,621.035,9.42226,2.09844,3.32277,13.2664,9.36568,13.5778,13.5778,0.0,1.0,1
54888,30.05.2024 22:47:07.100000,-318.301,-313.028,9.43956,9.386,9.322,87.1738,1.63979,1.66444,16.3102,16.8223,617.23,621.035,9.22387,2.24555,3.37341,13.3236,9.36568,13.5778,13.5778,0.0,1.0,1
54889,30.05.2024 22:47:07.110000,-320.444,-309.732,9.41701,9.413,9.289,87.1738,1.64284,1.66231,16.5752,16.8927,617.21,621.035,8.93515,2.1278,3.34823,13.4998,9.36336,13.5634,13.5634,0.0,1.0,1
54890,30.05.2024 22:47:07.120000,-320.444,-309.732,9.41701,9.413,9.289,87.2684,1.6429,1.66413,16.7949,16.7164,617.225,621.03,8.46927,2.02759,3.36369,13.5862,9.36336,13.5634,13.5634,0.0,1.0,1
54891,30.05.2024 22:47:07.130000,-324.975,-303.882,9.37943,9.4,9.273,87.2313,1.6429,1.66413,16.7949,16.7164,617.215,621.025,8.59358,2.36818,3.25814,13.6242,9.36009,12.8327,12.8327,0.0,1.0,1
54892,30.05.2024 22:47:07.140000,-324.975,-303.882,9.37943,9.4,9.273,87.2313,1.6429,1.66413,16.7949,16.7164,617.215,621.025,8.59358,2.36818,3.25814,13.6242,9.36009,12.8327,12.8327,0.0,1.0,1
54893,30.05.2024 22:47:07.150000,-328.024,-311.38,9.38174,9.307,9.268,87.2313,1.64307,1.66431,17.2365,17.4742,617.215,621.02,8.91324,2.9365,3.18727,13.7154,9.35817,11.3137,11.3137,0.0,1.0,1
54894,30.05.2024 22:47:07.160000,-328.024,-311.38,9.38174,9.307,9.268,87.2313,1.64307,1.66431,17.2365,17.4742,617.215,621.02,8.91324,2.9365,3.18727,13.7154,9.35817,11.3137,11.3137,0.0,1.0,1
54895,30.05.2024 22:47:07.170000,-321.515,-313.193,9.38396,9.258,9.288,87.2999,1.64138,1.66615,16.7094,17.0667,617.235,621.025,8.80439,2.60096,3.15917,13.8614,9.35455,11.3137,11.3137,0.0,1.0,1
54896,30.05.2024 22:47:07.180000,-328.024,-315.582,9.37582,9.367,9.239,87.2855,1.64689,1.66894,16.8559,17.3462,617.19,621.035,8.96262,2.54506,3.08895,13.8218,9.35141,10.5107,10.5107,0.0,1.0,1
54897,30.05.2024 22:47:07.190000,-328.024,-307.425,9.3638,9.367,9.227,87.2855,1.64689,1.66894,16.8559,17.3462,617.185,621.03,9.16716,2.70167,3.00984,13.8558,9.34834,10.0116,10.0116,0.0,1.0,1
54898,30.05.2024 22:47:07.200000,-327.365,-307.425,9.3941,9.363,9.227,87.1817,1.64928,1.66842,16.9265,17.0183,617.17,621.02,8.82279,2.88519,2.95559,13.8797,9.34834,10.0116,10.0116,0.0,1.0,1
54899,30.05.2024 22:47:07.210000,-327.365,-300.503,9.3941,9.363,9.225,87.194,1.64928,1.66842,16.9265,17.0183,617.175,621.025,8.54142,2.69479,3.02439,13.8795,9.34519,10.0116,10.0116,0.0,1.0,1
