,time,Pinceur Inf Mesure de courant,Pinceur Sup Mesure de courant,Mandrin - Vitesse Actuelle,Pinceur Sup Mesure vitesse lineaire,Pinceur Inf Mesure vitesse lineaire,Mandrin - Mesure Expansion,Pinceur Nord Position entrefer estimee,Pinceur Sud Position entrefer estimee,Pinceur Nord Force entrefer calibree,Pinceur Sud Force entrefer calibree,Guides Nord Entree Position mesuree,Guides Nord Sortie Position mesuree,Guides Nord Entree Force pour regulateur PI,Guides Nord Sortie Force pour regulateur PI,Guides Sud Entree Force pour regulateur PI,Guides Sud Sortie Force pour regulateur PI,Mandrin - Vitesse Actuelle F10,_Excentrage largeur bande jauge bob,_Excentrage largeur bande jauge bob.1,TDB pinceur,Fenetre,Declancheur
37800,30.05.2024 18:42:43.720000,90.7196,67.4835,8.49239,9.444,9.38,30.0288,3.09873,3.07909,50.745,55.6299,785.05,776.64,5.24732,3.1881,0.943863,-2.30399,8.00996,100.203,100.203,1.0,1.0,1
37801,30.05.2024 18:42:43.730000,90.7196,67.4835,8.49239,9.444,9.38,30.0288,3.09873,3.07909,50.745,55.6299,785.05,776.64,5.24732,3.1881,0.943863,-2.30399,8.00996,100.203,100.203,1.0,1.0,1
37802,30.05.2024 18:42:43.740000,90.7196,81.2439,8.49239,9.444,9.213,30.0057,2.97487,3.05398,45.6236,54.8925,784.235,775.78,5.42692,3.22157,0.919512,-2.36702,8.00996,100.203,100.203,1.0,1.0,1
37803,30.05.2024 18:42:43.750000,98.0529,124.667,8.50833,9.306,9.21,29.958,2.67872,2.85908,37.6577,46.2888,782.505,774.09,5.63182,4.1466,0.762314,-2.29068,8.01073,100.203,100.203,1.0,1.0,1
37804,30.05.2024 18:42:43.760000,98.0529,131.012,8.50833,9.306,9.018,29.958,2.67872,2.85908,37.6577,46.2888,781.675,773.3,5.56691,4.4126,0.90465,-2.4004,8.01195,100.203,100.203,1.0,1.0,1
37805,30.05.2024 18:42:43.770000,126.645,131.012,8.47981,9.353,9.018,29.9326,2.4935,2.66417,21.8891,33.3647,779.995,771.81,5.49844,4.60734,1.01238,-2.53375,8.01328,100.21,100.21,1.0,1.0,1
37806,30.05.2024 18:42:43.780000,126.645,135.709,8.47981,9.353,9.005,29.9916,2.4935,2.66417,21.8891,33.3647,779.11,770.99,5.62588,6.25495,0.989846,-2.49048,8.01328,100.21,100.21,1.0,1.0,1
37807,30.05.2024 18:42:43.790000,126.645,135.709,8.47981,9.353,9.005,29.9916,2.4935,2.66417,21.8891,33.3647,779.11,770.99,5.62588,6.25495,0.989846,-2.49048,8.01328,100.21,100.21,1.0,1.0,1
37808,30.05.2024 18:42:43.800000,159.521,130.023,8.4641,9.367,8.912,29.9916,2.40299,2.44657,15.5161,22.6099,778.29,770.275,5.12286,8.33542,1.02849,-2.50349,8.01446,100.21,100.21,1.0,1.0,1
37809,30.05.2024 18:42:43.810000,212.091,177.319,8.45814,9.22,8.759,30.0384,2.37061,2.32036,9.7204,6.96166,775.775,767.84,5.12146,10.741,1.10906,-2.54201,8.01594,100.21,100.21,1.0,1.0,1
37810,30.05.2024 18:42:43.820000,264.99,177.319,8.51039,9.054,8.759,30.0384,2.40776,2.3037,10.5671,1.69246,774.86,767.07,4.85963,11.771,1.28825,-2.5398,8.01703,100.203,100.203,1.0,1.0,1
37811,30.05.2024 18:42:43.830000,264.99,177.319,8.51039,9.054,8.759,30.0384,2.40776,2.3037,10.5671,1.69246,774.86,767.07,4.85963,11.771,1.28825,-2.5398,8.01703,100.203,100.203,1.0,1.0,1
37812,30.05.2024 18:42:43.840000,264.99,302.151,8.51039,9.054,8.642,30.0769,2.51688,2.38359,17.4404,13.4704,774.01,766.22,3.96496,12.0256,1.34466,-2.5252,8.01703,100.21,100.21,1.0,1.0,1
37813,30.05.2024 18:42:43.850000,264.99,302.151,8.51039,9.054,8.642,30.0769,2.51688,2.38359,17.4404,13.4704,774.01,766.22,3.96496,12.0256,1.34466,-2.5252,8.01703,100.21,100.21,1.0,1.0,1
37814,30.05.2024 18:42:43.860000,420.804,423.028,8.52116,8.881,8.343,30.0888,2.64966,2.56117,19.4364,23.1513,771.43,763.91,3.19485,12.848,1.17137,-2.54935,8.01955,100.21,100.21,1.0,1.0,1
37815,30.05.2024 18:42:43.870000,420.804,423.028,8.52116,8.881,8.343,30.0888,2.64966,2.56117,19.4364,23.1513,771.43,763.91,3.19485,12.848,1.17137,-2.54935,8.01955,100.21,100.21,1.0,1.0,1
37816,30.05.2024 18:42:43.880000,473.373,545.636,8.51759,8.783,8.198,29.9989,2.73109,2.71559,28.5277,31.2666,769.695,762.25,2.4229,13.9634,0.930964,-2.54992,8.02078,100.21,100.21,1.0,1.0,1
37817,30.05.2024 18:42:43.890000,473.373,545.636,8.51759,8.783,8.198,29.9989,2.73109,2.71559,28.5277,31.2666,769.695,762.25,2.4229,13.9634,0.930964,-2.54992,8.02078,100.21,100.21,1.0,1.0,1
37818,30.05.2024 18:42:43.900000,504.931,623.831,8.51462,8.693,8.144,30.0083,2.71049,2.78447,28.0426,38.6155,767.145,759.67,2.43109,13.5266,0.994761,-2.53263,8.02224,100.398,100.398,1.0,1.0,1
37819,30.05.2024 18:42:43.910000,543.988,651.929,8.5201,8.778,8.131,30.07,2.54156,2.65446,23.4431,34.3839,765.49,758.01,2.76269,11.6135,1.02441,-2.58012,8.02356,100.195,100.195,1.0,1.0,1
37820,30.05.2024 18:42:43.920000,557.419,655.389,8.4884,8.785,8.139,30.07,2.54156,2.65446,23.4431,34.3839,763.82,756.385,2.68165,10.9361,1.17398,-2.56958,8.02464,100.21,100.21,1.0,1.0,1
37821,30.05.2024 18:42:43.930000,557.419,655.389,8.4884,8.785,8.139,30.07,2.54156,2.65446,23.4431,34.3839,763.82,756.385,2.68165,10.9361,1.17398,-2.56958,8.02464,100.21,100.21,1.0,1.0,1
37822,30.05.2024 18:42:43.940000,581.396,655.389,8.48152,8.706,8.139,30.0435,2.50238,2.53978,19.133,26.9188,762.955,755.575,2.79517,10.9643,1.29052,-2.58055,8.02571,100.21,100.21,1.0,1.0,1
37823,30.05.2024 18:42:43.950000,581.396,655.389,8.48152,8.706,8.139,30.0435,2.50238,2.53978,19.133,26.9188,762.955,755.575,2.79517,10.9643,1.29052,-2.58055,8.02571,100.21,100.21,1.0,1.0,1
37824,30.05.2024 18:42:43.960000,603.149,696.341,8.49431,8.705,8.036,30.045,2.4691,2.43257,18.6456,18.4665,761.285,754.04,2.85066,12.4925,1.38745,-2.49716,8.02751,100.195,100.195,1.0,1.0,1
37825,30.05.2024 18:42:43.970000,631.082,686.865,8.49677,8.721,8.049,29.9421,2.44266,2.36211,15.3504,12.736,758.795,751.74,2.69891,14.9142,1.27756,-2.52663,8.02787,100.195,100.195,1.0,1.0,1
37826,30.05.2024 18:42:43.980000,645.666,686.865,8.52289,8.719,8.049,29.9421,2.42237,2.3434,16.672,11.0034,757.965,750.945,2.95856,17.0178,1.08349,-2.4986,8.02919,100.21,100.21,1.0,1.0,1
37827,30.05.2024 18:42:43.990000,645.666,686.865,8.52289,8.719,8.049,29.9421,2.42237,2.3434,16.672,11.0034,757.965,750.945,2.95856,17.0178,1.08349,-2.4986,8.02919,100.21,100.21,1.0,1.0,1
37828,30.05.2024 18:42:44.000000,645.666,697.577,8.52289,8.719,8.116,29.996,2.42449,2.35954,15.6893,12.3099,757.105,750.155,2.89654,18.0009,0.9299,-2.53487,8.02919,100.195,100.195,1.0,1.0,1
37829,30.05.2024 18:42:44.010000,645.666,697.577,8.52289,8.719,8.116,29.996,2.42449,2.35954,15.6893,12.3099,757.105,750.155,2.89654,18.0009,0.9299,-2.53487,8.02919,100.195,100.195,1.0,1.0,1
37830,30.05.2024 18:42:44.020000,666.595,698.565,8.52484,8.612,8.12,29.962,2.44357,2.41166,16.5421,15.2111,754.535,747.69,2.67841,19.2362,0.919335,-2.52837,8.03048,100.21,100.21,1.0,1.0,1
37831,30.05.2024 18:42:44.030000,653.494,685.794,8.49501,8.604,8.202,30.0092,2.46434,2.46745,17.3246,19.0025,752.815,745.965,1.42823,18.8684,0.991791,-2.55475,8.03051,100.217,100.217,1.0,1.0,1
37832,30.05.2024 18:42:44.040000,653.494,685.794,8.49501,8.604,8.202,30.0092,2.46434,2.46745,17.3246,19.0025,752.815,745.965,1.42823,18.8684,0.991791,-2.55475,8.03051,100.217,100.217,1.0,1.0,1
37833,30.05.2024 18:42:44.050000,665.771,685.794,8.47204,8.69,8.202,30.0718,2.47119,2.50268,18.2136,22.0526,751.105,744.29,1.05432,18.0512,1.04723,-2.58029,8.03082,100.217,100.217,1.0,1.0,1
37834,30.05.2024 18:42:44.060000,674.341,693.21,8.5114,8.673,8.258,30.025,2.47511,2.51697,19.5334,22.0386,749.515,742.575,0.424176,17.1426,1.14392,-2.58132,8.03166,100.195,100.195,1.0,1.0,1
37835,30.05.2024 18:42:44.070000,674.341,693.21,8.5114,8.673,8.258,30.025,2.47511,2.51697,19.5334,22.0386,749.515,742.575,0.424176,17.1426,1.14392,-2.58132,8.03166,100.195,100.195,1.0,1.0,1
37836,30.05.2024 18:42:44.080000,674.341,689.584,8.5114,8.673,8.274,30.0841,2.48256,2.51578,19.3387,23.4969,748.685,741.75,1.06804,16.8532,1.06817,-2.62119,8.03166,100.21,100.21,1.0,1.0,1
37837,30.05.2024 18:42:44.090000,684.97,692.55,8.54318,8.645,8.273,30.1375,2.4848,2.49652,19.5827,22.3504,746.285,739.18,1.63984,15.4308,1.28413,-2.61863,8.03313,100.21,100.21,1.0,1.0,1
37838,30.05.2024 18:42:44.100000,684.97,686.288,8.54318,8.645,8.343,30.1012,2.4848,2.49652,19.5827,22.3504,745.46,738.37,1.91783,15.282,1.28933,-2.717,8.03313,100.21,100.21,1.0,1.0,1
37839,30.05.2024 18:42:44.110000,691.891,687.442,8.51928,8.728,8.33,30.1012,2.47345,2.47951,19.5669,20.6047,744.65,737.53,2.89342,15.441,1.27224,-2.73064,8.0339,100.217,100.217,1.0,1.0,1
37840,30.05.2024 18:42:44.120000,699.554,687.442,8.49173,8.677,8.33,30.0404,2.45976,2.45847,19.3178,20.2875,742.965,735.875,3.04813,15.7391,1.25461,-2.7789,8.03463,100.203,100.203,1.0,1.0,1
37841,30.05.2024 18:42:44.130000,699.554,687.442,8.49173,8.677,8.33,30.0404,2.45976,2.45847,19.3178,20.2875,742.965,735.875,3.04813,15.7391,1.25461,-2.7789,8.03463,100.203,100.203,1.0,1.0,1
37842,30.05.2024 18:42:44.140000,699.554,693.457,8.49173,8.677,8.371,30.0096,2.44264,2.45266,19.2893,19.3814,742.16,735.08,2.98666,15.9382,1.26259,-2.75235,8.03463,100.195,100.195,1.0,1.0,1
37843,30.05.2024 18:42:44.150000,699.554,693.457,8.49173,8.677,8.371,30.0096,2.44264,2.45266,19.2893,19.3814,742.16,735.08,2.98666,15.9382,1.26259,-2.75235,8.03463,100.195,100.195,1.0,1.0,1
37844,30.05.2024 18:42:44.160000,695.27,690.655,8.51168,8.62,8.334,30.0412,2.44439,2.45462,18.6783,19.3359,740.48,733.435,2.63537,16.8501,1.3554,-2.78367,8.03607,100.195,100.195,1.0,1.0,1
37845,30.05.2024 18:42:44.170000,695.27,690.655,8.51168,8.62,8.334,30.0412,2.44439,2.45462,18.6783,19.3359,740.48,733.435,2.63537,16.8501,1.3554,-2.78367,8.03607,100.195,100.195,1.0,1.0,1
37846,30.05.2024 18:42:44.180000,692.88,690.243,8.52598,8.626,8.357,30.0669,2.45182,2.46532,18.9657,20.0688,738.0,730.94,1.96205,16.9198,1.40182,-2.70868,8.03789,99.9132,99.9132,1.0,1.0,1
37847,30.05.2024 18:42:44.190000,693.457,691.479,8.53071,8.585,8.355,29.9254,2.46263,2.47022,18.9049,20.2737,736.355,729.29,2.12521,18.1433,1.24418,-2.75298,8.03871,99.9132,99.9132,1.0,1.0,1
37848,30.05.2024 18:42:44.200000,689.255,691.479,8.56517,8.546,8.355,29.9201,2.46378,2.46511,20.11,20.6379,734.705,727.595,1.99194,18.1135,1.20329,-2.79916,8.03993,99.9204,99.9204,1.0,1.0,1
37849,30.05.2024 18:42:44.210000,689.255,691.479,8.56517,8.546,8.355,29.9201,2.46378,2.46511,20.11,20.6379,734.705,727.595,1.99194,18.1135,1.20329,-2.79916,8.03993,99.9204,99.9204,1.0,1.0,1
37850,30.05.2024 18:42:44.220000,689.255,696.505,8.56517,8.546,8.375,30.0843,2.45402,2.46285,19.9277,20.3982,733.86,726.75,1.81231,18.1722,1.19531,-2.80842,8.03993,97.2656,97.2656,1.0,1.0,1
37851,30.05.2024 18:42:44.230000,689.255,696.505,8.56517,8.546,8.375,30.0843,2.45402,2.46285,19.9277,20.3982,733.86,726.75,1.81231,18.1722,1.19531,-2.80842,8.03993,97.2656,97.2656,1.0,1.0,1
37852,30.05.2024 18:42:44.240000,690.985,685.217,8.51417,8.552,8.341,30.0164,2.44901,2.4612,20.1524,21.0459,732.215,725.085,1.75391,16.993,1.25645,-2.85481,8.04065,95.4282,95.4282,1.0,1.0,1
37853,30.05.2024 18:42:44.250000,692.798,694.775,8.57296,8.6,8.382,30.087,2.44334,2.46023,20.1182,20.7501,729.755,722.665,1.55197,17.0408,1.2485,-2.72796,8.04262,94.0972,94.0972,1.0,1.0,1
37854,30.05.2024 18:42:44.260000,692.798,694.775,8.57296,8.6,8.382,30.087,2.44334,2.46023,20.1182,20.7501,729.755,722.665,1.55197,17.0408,1.2485,-2.72796,8.04262,94.0972,94.0972,1.0,1.0,1
37855,30.05.2024 18:42:44.270000,692.798,694.61,8.57296,8.6,8.338,30.0549,2.44157,2.45997,19.1902,20.9974,728.955,721.88,1.8486,17.2755,1.23813,-2.46854,8.04262,92.6649,92.6649,1.0,1.0,1
37856,30.05.2024 18:42:44.280000,692.798,694.61,8.57296,8.6,8.338,30.0549,2.44157,2.45997,19.1902,20.9974,728.955,721.88,1.8486,17.2755,1.23813,-2.46854,8.04262,92.6649,92.6649,1.0,1.0,1
37857,30.05.2024 18:42:44.290000,690.078,674.423,8.55173,8.515,8.333,30.0096,2.43226,2.45399,20.3561,21.1372,726.49,719.425,1.94503,18.9446,1.36683,-0.953284,8.04481,90.6178,90.6178,1.0,1.0,1
37858,30.05.2024 18:42:44.300000,690.078,674.423,8.55173,8.515,8.333,30.0096,2.43226,2.45399,20.3561,21.1372,726.49,719.425,1.94503,18.9446,1.36683,-0.953284,8.04481,90.6178,90.6178,1.0,1.0,1
37859,30.05.2024 18:42:44.310000,690.326,644.266,8.55324,8.532,8.298,29.9484,2.42102,2.44563,20.2774,21.7713,724.835,717.82,1.99696,19.8573,1.3348,-0.250794,8.04513,90.7697,90.7697,1.0,1.0,1
37860,30.05.2024 18:42:44.320000,690.326,644.266,8.55324,8.532,8.298,29.9484,2.42102,2.44563,20.2774,21.7713,724.835,717.82,1.99696,19.8573,1.3348,-0.250794,8.04513,90.7697,90.7697,1.0,1.0,1
37861,30.05.2024 18:42:44.330000,659.015,617.322,8.5552,8.522,8.32,29.9613,2.40765,2.43401,20.3857,21.5646,722.31,715.405,1.93617,20.2085,1.00438,1.25226,8.04611,88.3825,88.3825,1.0,1.0,1
37862,30.05.2024 18:42:44.340000,659.015,617.322,8.5552,8.522,8.32,29.9613,2.40765,2.43401,20.3857,21.5646,722.31,715.405,1.93617,20.2085,1.00438,1.25226,8.04611,88.3825,88.3825,1.0,1.0,1
37863,30.05.2024 18:42:44.350000,627.374,578.76,8.59316,8.466,8.342,29.9924,2.40419,2.43104,20.0102,20.3129,720.625,713.84,0.708604,21.5496,0.521836,2.58115,8.04681,86.509,86.509,1.0,1.0,1
37864,30.05.2024 18:42:44.360000,588.235,542.01,8.60069,8.466,8.357,29.9732,2.4017,2.4312,20.6704,22.2008,718.105,711.605,-0.107979,22.8781,0.347506,4.39393,8.04902,83.3116,83.3116,1.0,1.0,1
37865,30.05.2024 18:42:44.370000,588.235,542.01,8.60069,8.466,8.357,29.9732,2.4017,2.4312,20.6704,22.2008,718.105,711.605,-0.107979,22.8781,0.347506,4.39393,8.04902,83.3116,83.3116,1.0,1.0,1
37866,30.05.2024 18:42:44.380000,588.235,522.07,8.60069,8.466,8.31,29.9789,2.39828,2.42931,20.0068,22.621,717.265,710.87,-0.405596,23.6139,0.2738,5.76415,8.04902,83.3116,83.3116,1.0,1.0,1
37867,30.05.2024 18:42:44.390000,551.239,493.725,8.54583,8.442,8.253,29.9948,2.39406,2.4266,20.9133,22.9059,715.63,709.46,-0.360557,26.5186,-0.0465865,8.29898,8.0499,83.3116,83.3116,1.0,1.0,1
37868,30.05.2024 18:42:44.400000,551.239,466.946,8.54583,8.442,8.191,29.9948,2.39406,2.4266,20.9133,22.9059,714.855,708.81,-3.06697,24.2091,-0.280454,8.92171,8.0511,83.2755,83.2755,1.0,1.0,1
37869,30.05.2024 18:42:44.410000,551.239,466.946,8.54583,8.442,8.191,29.9948,2.39406,2.4266,20.9133,22.9059,714.855,708.81,-3.06697,24.2091,-0.280454,8.92171,8.0511,83.2755,83.2755,1.0,1.0,1
37870,30.05.2024 18:42:44.420000,498.01,466.946,8.58128,8.338,8.191,29.9721,2.38678,2.4226,21.2327,22.615,714.23,708.53,-11.0004,15.0949,-0.451032,9.85814,8.05178,79.6152,79.6152,1.0,1.0,1
37871,30.05.2024 18:42:44.430000,498.01,466.946,8.58128,8.338,8.191,29.9721,2.38678,2.4226,21.2327,22.615,714.23,708.53,-11.0004,15.0949,-0.451032,9.85814,8.05178,79.6152,79.6152,1.0,1.0,1
37872,30.05.2024 18:42:44.440000,473.291,434.399,8.58893,8.342,8.124,29.9093,2.37707,2.42276,20.8259,22.6073,714.84,708.795,-9.33657,20.3527,-0.518659,13.8938,8.0527,77.8284,77.8284,1.0,1.0,1
37873,30.05.2024 18:42:44.450000,459.695,437.036,8.56357,8.307,8.022,29.9089,2.37538,2.42613,21.0579,22.8055,714.015,708.445,0.368308,13.2961,-0.892972,14.2852,8.0539,77.8284,77.8284,1.0,1.0,1
37874,30.05.2024 18:42:44.460000,456.811,437.036,8.58506,8.273,8.022,29.9089,2.3771,2.43217,20.9787,24.9485,713.965,708.59,-4.55656,13.3366,-1.27897,12.8116,8.05479,74.9277,74.9277,1.0,1.0,1
37875,30.05.2024 18:42:44.470000,456.811,437.036,8.58506,8.273,8.022,29.9089,2.3771,2.43217,20.9787,24.9485,713.965,708.59,-4.55656,13.3366,-1.27897,12.8116,8.05479,74.9277,74.9277,1.0,1.0,1
37876,30.05.2024 18:42:44.480000,456.811,449.808,8.58506,8.273,8.044,29.957,2.3855,2.43546,21.4304,25.0832,713.91,708.5,-2.53131,15.0344,-1.37522,12.7307,8.05479,74.8915,74.8915,1.0,1.0,1
37877,30.05.2024 18:42:44.490000,456.811,449.808,8.58506,8.273,8.044,29.957,2.3855,2.43546,21.4304,25.0832,713.91,708.5,-2.53131,15.0344,-1.37522,12.7307,8.05479,74.8915,74.8915,1.0,1.0,1
37878,30.05.2024 18:42:44.500000,462.332,443.71,8.59658,8.165,8.006,30.0504,2.38413,2.43294,22.4556,25.8231,713.415,708.43,-1.6204,11.5057,-1.51047,13.6788,8.05698,74.8915,74.8915,1.0,1.0,1
37879,30.05.2024 18:42:44.510000,460.766,436.377,8.60614,8.161,7.989,30.0915,2.3736,2.42165,22.4735,25.2801,713.275,708.365,0.191566,12.6036,-2.26766,13.4804,8.05761,72.7214,72.7214,1.0,1.0,1
37880,30.05.2024 18:42:44.520000,460.766,436.377,8.60614,8.161,7.989,30.0915,2.3736,2.42165,22.4735,25.2801,713.275,708.365,0.191566,12.6036,-2.26766,13.4804,8.05761,72.7214,72.7214,1.0,1.0,1
37881,30.05.2024 18:42:44.530000,467.193,436.377,8.60614,8.096,7.989,30.11,2.35129,2.40672,21.694,23.9347,712.985,708.4,0.978941,11.3432,-2.3992,13.2046,8.05809,69.9508,69.9508,1.0,1.0,1
37882,30.05.2024 18:42:44.540000,466.04,443.051,8.64045,8.09,7.982,30.0497,2.33252,2.39847,20.9281,24.4684,712.78,708.445,1.36038,12.7,-2.57746,13.1324,8.05955,67.3828,67.3828,1.0,1.0,1
37883,30.05.2024 18:42:44.550000,466.04,447.171,8.64045,8.09,7.94,30.048,2.324,2.39083,21.024,24.9393,712.67,708.44,1.73316,12.5488,-2.51598,13.1318,8.05955,67.3828,67.3828,1.0,1.0,1
37884,30.05.2024 18:42:44.560000,468.429,440.332,8.61034,8.072,7.918,30.048,2.324,2.39083,21.024,24.9393,712.46,708.48,1.3674,12.4901,-2.41457,13.1564,8.05985,64.4314,64.4314,1.0,1.0,1
37885,30.05.2024 18:42:44.570000,460.025,440.332,8.63743,8.039,7.918,30.1112,2.32167,2.38484,20.3613,22.9571,712.37,708.48,1.48019,12.9631,-2.43645,13.3984,8.06059,61.4439,61.4439,1.0,1.0,1
37886,30.05.2024 18:42:44.580000,460.025,441.65,8.63743,8.039,7.915,30.0854,2.32167,2.38484,20.3613,22.9571,712.285,708.465,1.7038,13.6113,-2.44188,13.7349,8.06059,61.4439,61.4439,1.0,1.0,1
37887,30.05.2024 18:42:44.590000,460.025,441.65,8.63743,8.039,7.915,30.0854,2.32167,2.38484,20.3613,22.9571,712.285,708.465,1.7038,13.6113,-2.44188,13.7349,8.06059,61.4439,61.4439,1.0,1.0,1
37888,30.05.2024 18:42:44.600000,465.793,446.347,8.59096,8.041,7.924,30.0854,2.31716,2.38035,20.1828,22.1987,712.19,708.46,1.67297,13.4054,-2.44768,14.4358,8.06127,61.4222,61.4222,1.0,1.0,1
37889,30.05.2024 18:42:44.610000,464.062,447.583,8.62679,8.076,7.934,29.9917,2.30504,2.37269,21.1896,22.8801,711.96,708.475,1.46628,12.8808,-2.00208,14.891,8.06161,58.7963,58.7963,1.0,1.0,1
37890,30.05.2024 18:42:44.620000,464.062,447.583,8.62679,8.076,7.934,29.9917,2.30504,2.37269,21.1896,22.8801,711.96,708.475,1.46628,12.8808,-2.00208,14.891,8.06161,58.7963,58.7963,1.0,1.0,1
37891,30.05.2024 18:42:44.630000,462.414,447.583,8.59887,8.057,7.934,29.9917,2.28664,2.36168,20.5044,22.6877,711.87,708.48,1.97836,13.1354,-1.51852,15.2419,8.06248,55.8955,55.8955,1.0,1.0,1
37892,30.05.2024 18:42:44.640000,462.414,447.583,8.59887,8.057,7.934,29.9917,2.28664,2.36168,20.5044,22.6877,711.87,708.48,1.97836,13.1354,-1.51852,15.2419,8.06248,55.8955,55.8955,1.0,1.0,1
37893,30.05.2024 18:42:44.650000,466.452,446.1,8.6214,8.033,7.952,29.9256,2.27241,2.34956,19.919,22.2106,711.615,708.485,1.91981,12.8367,-1.19217,15.4891,8.06313,53.6892,53.6892,1.0,1.0,1
37894,30.05.2024 18:42:44.660000,466.452,446.1,8.6214,8.033,7.952,29.9256,2.27241,2.34956,19.919,22.2106,711.615,708.485,1.91981,12.8367,-1.19217,15.4891,8.06313,53.6892,53.6892,1.0,1.0,1
37895,30.05.2024 18:42:44.670000,460.19,446.1,8.60358,8.069,7.943,29.9458,2.25848,2.34009,19.0351,21.094,711.465,708.495,2.02438,12.9526,-1.0632,15.332,8.06377,51.4757,51.4757,1.0,1.0,1
37896,30.05.2024 18:42:44.680000,469.501,442.969,8.6509,8.072,7.992,29.9713,2.24359,2.31327,19.4828,20.2415,711.295,708.49,2.04231,12.913,-0.961317,15.0272,8.06579,49.4792,49.4792,1.0,1.0,1
37897,30.05.2024 18:42:44.690000,469.501,442.969,8.6509,8.072,7.992,29.9713,2.24359,2.31327,19.4828,20.2415,711.295,708.49,2.04231,12.913,-0.961317,15.0272,8.06579,49.4792,49.4792,1.0,1.0,1
37898,30.05.2024 18:42:44.700000,469.501,448.901,8.6509,8.072,7.999,29.9787,2.24223,2.30416,19.0056,18.9561,711.225,708.505,2.55047,12.839,-0.84069,15.0995,8.06579,47.215,47.215,1.0,1.0,1
37899,30.05.2024 18:42:44.710000,465.793,442.392,8.59516,8.089,8.035,29.9401,2.23627,2.30036,19.4241,19.6524,711.04,708.525,3.27454,12.6996,-0.766803,15.2985,8.06702,47.215,47.215,1.0,1.0,1
37900,30.05.2024 18:42:44.720000,465.793,446.1,8.59516,8.089,8.08,29.9401,2.23627,2.30036,19.4241,19.6524,710.955,708.515,3.30453,12.5328,-0.749954,15.2215,8.06732,47.215,47.215,1.0,1.0,1
37901,30.05.2024 18:42:44.730000,467.935,446.1,8.62613,8.148,8.08,29.9599,2.23076,2.29825,19.5235,19.6943,710.755,708.515,3.10961,12.4948,-0.654829,15.1236,8.06835,44.9364,44.9364,1.0,1.0,1
37902,30.05.2024 18:42:44.740000,467.935,447.418,8.62613,8.148,8.07,29.9492,2.23076,2.29825,19.5235,19.6943,710.675,708.52,2.64477,12.3813,-0.578205,15.0379,8.06835,44.9364,44.9364,1.0,1.0,1
37903,30.05.2024 18:42:44.750000,467.935,447.418,8.62613,8.148,8.07,29.9492,2.23076,2.29825,19.5235,19.6943,710.675,708.52,2.64477,12.3813,-0.578205,15.0379,8.06835,44.9364,44.9364,1.0,1.0,1
37904,30.05.2024 18:42:44.760000,470.654,446.182,8.61907,8.187,8.115,29.9492,2.2191,2.29804,18.5332,20.0404,710.6,708.52,2.1696,12.178,-0.429681,15.03,8.06941,41.5509,41.5509,1.0,1.0,1
37905,30.05.2024 18:42:44.770000,466.287,444.534,8.58905,8.235,8.174,29.9805,2.21173,2.29771,18.5604,20.3228,710.425,708.54,1.94805,11.9394,-0.0506091,15.1797,8.07081,41.5509,41.5509,1.0,1.0,1
37906,30.05.2024 18:42:44.780000,467.853,444.534,8.63227,8.294,8.174,29.9805,2.20913,2.30091,18.814,19.6339,710.38,708.54,2.19353,12.2751,-0.0229392,15.0756,8.07162,39.8365,39.8365,1.0,1.0,1
37907,30.05.2024 18:42:44.790000,467.853,442.145,8.63227,8.294,8.166,29.9463,2.21824,2.32125,19.7722,21.9697,710.335,708.54,2.83024,12.0442,0.0266061,15.1144,8.07162,39.8365,39.8365,1.0,1.0,1
37908,30.05.2024 18:42:44.800000,472.632,451.044,8.60517,8.292,8.174,29.9463,2.21824,2.32125,19.7722,21.9697,710.245,708.58,3.48228,12.0808,0.0310597,15.1882,8.07251,38.397,38.397,1.0,1.0,1
37909,30.05.2024 18:42:44.810000,473.62,451.044,8.60517,8.265,8.174,29.8996,2.24692,2.35046,20.3931,24.9799,710.19,708.605,4.01428,11.9697,0.0867486,15.2464,8.07344,38.397,38.397,1.0,1.0,1
37910,30.05.2024 18:42:44.820000,473.62,445.523,8.60517,8.265,8.174,30.02,2.24692,2.35046,20.3931,24.9799,710.12,708.61,4.42073,12.0144,0.248545,15.243,8.07344,38.397,38.397,1.0,1.0,1
37911,30.05.2024 18:42:44.830000,466.04,440.579,8.58989,8.237,8.119,30.02,2.27889,2.36862,21.68,26.3057,710.055,708.605,5.33081,12.9215,0.381913,15.3195,8.07366,36.8345,36.8345,1.0,1.0,1
37912,30.05.2024 18:42:44.840000,469.418,440.579,8.59597,8.23,8.119,30.304,2.30262,2.37039,22.1651,25.496,709.915,708.605,5.21469,12.3818,0.571412,15.3487,8.07516,35.149,35.149,1.0,1.0,1
37913,30.05.2024 18:42:44.850000,469.418,447.006,8.59597,8.23,8.105,30.866,2.30262,2.37039,22.1651,25.496,709.86,708.62,5.40374,12.3685,0.598691,15.397,8.07516,35.149,35.149,1.0,1.0,1
37914,30.05.2024 18:42:44.860000,468.759,447.006,8.55349,8.207,8.105,30.866,2.2973,2.34632,23.7988,25.4792,709.815,708.625,5.72672,12.693,0.867051,15.5866,8.0756,33.6806,33.6806,1.0,1.0,1
37915,30.05.2024 18:42:44.870000,468.759,447.006,8.55349,8.207,8.105,30.866,2.2973,2.34632,23.7988,25.4792,709.815,708.625,5.72672,12.693,0.867051,15.5866,8.0756,33.6806,33.6806,1.0,1.0,1
37916,30.05.2024 18:42:44.880000,468.759,447.665,8.55349,8.207,8.084,31.7077,2.25171,2.29985,22.9314,22.9194,709.76,708.615,5.767,12.6058,1.17189,15.7004,8.0756,32.6823,32.6823,1.0,1.0,1
37917,30.05.2024 18:42:44.890000,467.029,451.538,8.55091,8.194,8.128,32.7462,2.19715,2.25309,20.2412,18.8201,709.65,708.625,6.60284,12.4626,1.84928,15.8817,8.07791,31.7708,31.7708,1.0,1.0,1
37918,30.05.2024 18:42:44.900000,467.029,446.264,8.55091,8.194,8.168,33.6624,2.19715,2.25309,20.2412,18.8201,709.595,708.635,6.87347,12.2882,2.2626,15.9157,8.07791,31.7708,31.7708,1.0,1.0,1
37919,30.05.2024 18:42:44.910000,466.699,444.287,8.51921,8.228,8.124,33.6624,2.15505,2.22719,17.7285,17.0824,709.56,708.655,6.79779,11.9331,2.83612,16.1915,8.0785,31.7564,31.7564,1.0,1.0,1
37920,30.05.2024 18:42:44.920000,466.699,444.287,8.51921,8.228,8.124,33.6624,2.15505,2.22719,17.7285,17.0824,709.56,708.655,6.79779,11.9331,2.83612,16.1915,8.0785,31.7564,31.7564,1.0,1.0,1
37921,30.05.2024 18:42:44.930000,471.643,444.287,8.62132,8.325,8.124,34.6333,2.13926,2.21591,16.104,17.6843,709.445,708.695,6.67667,12.1154,2.94971,16.2734,8.07935,30.3458,30.3458,1.0,1.0,1
37922,30.05.2024 18:42:44.940000,471.643,444.287,8.62132,8.325,8.124,34.6333,2.13926,2.21591,16.104,17.6843,709.445,708.695,6.67667,12.1154,2.94971,16.2734,8.07935,30.3458,30.3458,1.0,1.0,1
37923,30.05.2024 18:42:44.950000,462.662,447.83,8.49774,8.34,8.181,35.7972,2.13765,2.23123,16.7427,17.0438,709.33,708.685,6.4984,12.7389,3.08122,16.462,8.08018,29.2824,29.2824,1.0,1.0,1
37924,30.05.2024 18:42:44.960000,467.193,450.055,8.47346,8.338,8.228,37.0916,2.14648,2.24577,16.7098,17.8504,709.25,708.685,5.71271,12.0238,3.24898,16.5044,8.08147,28.2986,28.2986,1.0,1.0,1
37925,30.05.2024 18:42:44.970000,475.268,450.055,8.47346,8.355,8.228,38.4555,2.16442,2.25656,17.5009,19.5298,709.215,708.695,5.83684,11.8736,3.31003,16.3905,8.08242,28.2986,28.2986,1.0,1.0,1
37926,30.05.2024 18:42:44.980000,475.268,450.055,8.47346,8.355,8.228,38.4555,2.16442,2.25656,17.5009,19.5298,709.215,708.695,5.83684,11.8736,3.31003,16.3905,8.08242,28.2986,28.2986,1.0,1.0,1
37927,30.05.2024 18:42:44.990000,475.268,445.935,8.46903,8.355,8.217,39.881,2.18229,2.25945,19.2902,20.4033,709.18,708.705,6.57844,11.9119,3.25205,16.219,8.08242,25.434,25.434,1.0,1.0,1
37928,30.05.2024 18:42:45.000000,463.815,449.396,8.41096,8.341,8.221,41.2831,2.20362,2.25846,19.3302,21.7313,709.03,708.675,7.21895,11.5972,3.20683,15.6661,8.08535,25.434,25.434,1.0,1.0,1
37929,30.05.2024 18:42:45.010000,463.815,449.396,8.41096,8.341,8.221,41.2831,2.20362,2.25846,19.3302,21.7313,709.03,708.675,7.21895,11.5972,3.20683,15.6661,8.08535,25.434,25.434,1.0,1.0,1
37930,30.05.2024 18:42:45.020000,463.815,443.628,8.41096,8.341,8.228,42.7237,2.20195,2.24933,20.7174,21.3205,708.97,708.685,7.0449,10.9094,3.2185,15.5801,8.08535,25.4123,25.4123,1.0,1.0,1
37931,30.05.2024 18:42:45.030000,464.145,447.83,8.42567,8.284,8.219,44.1026,2.17163,2.2398,19.7098,18.6704,708.87,708.675,6.19929,10.4243,2.62175,15.2055,8.08646,25.4123,25.4123,1.0,1.0,1
37932,30.05.2024 18:42:45.040000,464.145,447.83,8.42567,8.284,8.219,44.1026,2.17163,2.2398,19.7098,18.6704,708.87,708.675,6.19929,10.4243,2.62175,15.2055,8.08646,25.4123,25.4123,1.0,1.0,1
37933,30.05.2024 18:42:45.050000,464.31,443.051,8.43198,8.299,8.194,44.1026,2.17163,2.2398,19.7098,18.6704,708.83,708.67,6.09058,10.0602,2.4292,15.1626,8.0877,22.9239,22.9239,1.0,1.0,1
37934,30.05.2024 18:42:45.060000,471.973,442.062,8.41737,8.343,8.185,47.0167,2.13744,2.2285,19.8065,20.1714,708.73,708.685,5.6186,9.95078,2.24249,14.5122,8.08929,22.9239,22.9239,1.0,1.0,1
37935,30.05.2024 18:42:45.070000,456.152,448.324,8.38072,8.343,8.197,47.0167,2.12026,2.22351,17.8475,19.784,708.695,708.695,5.73095,9.81393,2.07458,14.3889,8.09071,21.8967,21.8967,1.0,1.0,1
37936,30.05.2024 18:42:45.080000,468.677,448.324,8.36808,8.303,8.197,48.3193,2.11592,2.22683,17.3132,19.6389,708.615,708.725,5.92517,9.82275,1.9659,14.3519,8.09208,19.647,19.647,1.0,1.0,1
37937,30.05.2024 18:42:45.090000,468.677,451.208,8.36808,8.303,8.211,49.7432,2.11592,2.22683,17.3132,19.6389,708.595,708.74,5.67422,9.73863,1.90251,14.3341,8.09208,19.647,19.647,1.0,1.0,1
37938,30.05.2024 18:42:45.100000,468.017,451.208,8.3988,8.285,8.211,49.7432,2.12173,2.23264,18.2595,20.3701,708.59,708.76,6.046,9.46851,1.89524,14.3258,8.09335,19.647,19.647,1.0,1.0,1
37939,30.05.2024 18:42:45.110000,468.017,447.336,8.3988,8.285,8.192,51.2167,2.1413,2.25137,19.4884,21.4799,708.57,708.785,6.70144,9.65506,1.87468,14.4289,8.09335,19.647,19.647,1.0,1.0,1
37940,30.05.2024 18:42:45.120000,469.995,441.485,8.36762,8.324,8.195,51.2167,2.1413,2.25137,19.4884,21.4799,708.47,708.82,7.13612,10.1299,1.86057,14.4503,8.09423,19.6542,19.6542,1.0,1.0,1
37941,30.05.2024 18:42:45.130000,462.167,441.485,8.36193,8.32,8.195,52.5403,2.16493,2.27314,19.884,23.4819,708.445,708.815,7.18189,10.6315,1.81442,14.425,8.09505,18.3377,18.3377,1.0,1.0,1
37942,30.05.2024 18:42:45.140000,462.167,439.426,8.36193,8.32,8.117,53.9319,2.16493,2.27314,19.884,23.4819,708.44,708.81,7.21799,10.8097,1.83139,14.4587,8.09505,18.3377,18.3377,1.0,1.0,1
37943,30.05.2024 18:42:45.150000,457.635,446.264,8.34623,8.249,8.109,53.9319,2.19871,2.30363,20.7916,26.1004,708.415,708.815,7.69071,10.7175,1.90454,14.6487,8.09662,17.4479,17.4479,1.0,1.0,1
37944,30.05.2024 18:42:45.160000,471.478,446.264,8.34623,8.179,8.109,55.2761,2.22608,2.30785,22.8709,27.4734,708.345,708.825,8.21977,10.6264,1.9753,14.7661,8.0974,17.4479,17.4479,1.0,1.0,1
37945,30.05.2024 18:42:45.170000,471.478,446.264,8.34623,8.179,8.109,55.2761,2.22608,2.30785,22.8709,27.4734,708.345,708.825,8.21977,10.6264,1.9753,14.7661,8.0974,17.4479,17.4479,1.0,1.0,1
37946,30.05.2024 18:42:45.180000,471.478,446.1,8.34699,8.179,8.068,55.2761,2.2322,2.30033,23.1047,26.4581,708.335,708.835,8.53884,10.7579,2.17375,14.9063,8.0974,15.6539,15.6539,1.0,1.0,1
37947,30.05.2024 18:42:45.190000,475.268,444.205,8.30927,8.177,8.089,58.06,2.19365,2.25134,23.6034,25.8596,708.265,708.87,9.03559,10.8582,2.64628,15.1399,8.09868,15.6539,15.6539,1.0,1.0,1
37948,30.05.2024 18:42:45.200000,479.141,443.133,8.35042,8.201,8.065,58.06,2.19365,2.25134,23.6034,25.8596,708.23,708.86,8.82539,10.7652,2.72036,15.2199,8.09968,14.7063,14.7063,1.0,1.0,1
37949,30.05.2024 18:42:45.210000,466.205,443.133,8.29547,8.181,8.065,59.345,2.14482,2.21801,20.5942,21.1106,708.225,708.855,9.07156,10.6978,2.63806,15.2807,8.10037,14.0336,14.0336,1.0,1.0,1
37950,30.05.2024 18:42:45.220000,466.205,439.673,8.29547,8.181,8.07,60.5799,2.14482,2.21801,20.5942,21.1106,708.185,708.87,9.54204,10.1252,2.50949,15.4219,8.10037,14.0336,14.0336,1.0,1.0,1
37951,30.05.2024 18:42:45.230000,466.205,439.673,8.29547,8.181,8.07,60.5799,2.14482,2.21801,20.5942,21.1106,708.185,708.87,9.54204,10.1252,2.50949,15.4219,8.10037,14.0336,14.0336,1.0,1.0,1
37952,30.05.2024 18:42:45.240000,464.639,440.332,8.30667,8.179,8.068,60.5799,2.11772,2.19565,19.2906,20.3541,708.135,708.86,9.76493,9.94464,2.16045,15.5445,8.10114,13.9757,13.9757,1.0,1.0,1
37953,30.05.2024 18:42:45.250000,465.381,429.043,8.33706,8.179,7.986,63.3575,2.12153,2.21622,18.7862,21.332,708.035,708.825,8.67679,9.13098,2.03365,15.6088,8.10189,13.1366,13.1366,1.0,1.0,1
37954,30.05.2024 18:42:45.260000,459.448,429.043,8.34657,8.216,7.986,63.3575,2.15257,2.23785,20.5268,24.3854,707.985,708.825,9.04523,8.1708,1.91998,15.5379,8.10296,12.2902,12.2902,1.0,1.0,1
37955,30.05.2024 18:42:45.270000,459.448,405.395,8.34657,8.216,7.989,64.6894,2.17088,2.26029,20.7184,23.5796,707.955,708.825,8.6517,7.94031,1.72958,15.3304,8.10296,12.2902,12.2902,1.0,1.0,1
37956,30.05.2024 18:42:45.280000,459.448,405.395,8.34657,8.216,7.989,64.6894,2.17088,2.26029,20.7184,23.5796,707.955,708.825,8.6517,7.94031,1.72958,15.3304,8.10296,12.2902,12.2902,1.0,1.0,1
37957,30.05.2024 18:42:45.290000,463.898,413.388,8.25399,8.144,8.12,64.6894,2.17088,2.26029,20.7184,23.5796,707.95,708.84,8.51971,7.58994,1.65056,15.2842,8.1037,12.2902,12.2902,1.0,1.0,1
37958,30.05.2024 18:42:45.300000,463.898,413.388,8.25399,8.144,8.12,64.6894,2.17088,2.26029,20.7184,23.5796,707.95,708.84,8.51971,7.58994,1.65056,15.2842,8.1037,12.2902,12.2902,1.0,1.0,1
37959,30.05.2024 18:42:45.310000,447.995,391.305,8.22097,8.155,8.116,67.335,2.18014,2.26329,20.1386,23.4043,707.915,708.86,9.39977,7.81031,1.41755,15.2721,8.10447,11.8779,11.8779,1.0,1.0,1
37960,30.05.2024 18:42:45.320000,447.995,391.305,8.22097,8.155,8.116,67.335,2.18014,2.26329,20.1386,23.4043,707.915,708.86,9.39977,7.81031,1.41755,15.2721,8.10447,11.8779,11.8779,1.0,1.0,1
37961,30.05.2024 18:42:45.330000,455.246,365.515,8.24635,8.221,8.085,68.6998,2.14871,2.23766,20.6179,23.4158,707.86,708.85,9.173,7.814,1.08108,15.1942,8.10597,11.9936,11.9936,1.0,1.0,1
37962,30.05.2024 18:42:45.340000,439.014,344.092,8.26127,8.164,8.068,70.025,2.1469,2.23131,21.3496,22.7915,707.795,708.855,10.0421,6.98617,0.960272,14.9786,8.10663,12.2034,12.2034,1.0,1.0,1
37963,30.05.2024 18:42:45.350000,439.014,335.358,8.26127,8.164,8.094,71.4328,2.13304,2.22745,19.9185,22.6085,707.76,708.85,9.71263,6.86629,0.875514,14.9214,8.10663,12.2034,12.2034,1.0,1.0,1
37964,30.05.2024 18:42:45.360000,432.751,348.624,8.2285,8.131,8.074,71.4328,2.13304,2.22745,19.9185,22.6085,707.735,708.875,9.08573,6.81063,0.81481,14.9452,8.10765,12.1021,12.1021,1.0,1.0,1
37965,30.05.2024 18:42:45.370000,416.601,348.624,8.2285,8.199,8.074,72.7157,2.1398,2.21952,19.6575,22.3445,707.705,708.9,9.24404,6.71724,0.855811,14.9406,8.10851,11.14,11.14,1.0,1.0,1
37966,30.05.2024 18:42:45.380000,416.601,315.335,8.2285,8.199,8.051,73.9129,2.1398,2.21952,19.6575,22.3445,707.655,708.905,9.22252,6.68996,0.836693,14.9666,8.10851,11.14,11.14,1.0,1.0,1
37967,30.05.2024 18:42:45.390000,429.373,287.649,8.29752,8.213,8.083,73.9129,2.12037,2.20772,20.4813,20.2172,707.65,708.9,9.17817,7.23874,0.81423,14.6044,8.10933,11.14,11.14,1.0,1.0,1
37968,30.05.2024 18:42:45.400000,412.729,287.649,8.25959,8.198,8.083,75.1122,2.1189,2.21098,20.2071,21.5527,707.635,708.935,9.06503,7.40479,0.768073,14.4873,8.10996,11.4294,11.4294,1.0,1.0,1
37969,30.05.2024 18:42:45.410000,412.729,266.309,8.25959,8.198,8.078,76.2793,2.1189,2.21098,20.2071,21.5527,707.585,708.94,9.50088,7.42154,0.790337,14.5872,8.10996,11.4294,11.4294,1.0,1.0,1
37970,30.05.2024 18:42:45.420000,399.957,266.309,8.23685,8.159,8.078,76.2793,2.1163,2.21729,19.9389,21.8165,707.56,708.93,9.17599,8.02233,0.76388,14.5041,8.11048,11.2847,11.2847,1.0,1.0,1
37971,30.05.2024 18:42:45.430000,399.957,260.953,8.23685,8.159,8.003,77.4628,2.12257,2.23468,18.6952,23.7298,707.525,708.935,8.97002,7.71022,0.735228,14.4683,8.11048,11.2847,11.2847,1.0,1.0,1
37972,30.05.2024 18:42:45.440000,399.957,260.953,8.23685,8.159,8.003,77.4628,2.12257,2.23468,18.6952,23.7298,707.525,708.935,8.97002,7.71022,0.735228,14.4683,8.11048,11.2847,11.2847,1.0,1.0,1
37973,30.05.2024 18:42:45.450000,410.669,239.365,8.27783,8.176,8.017,77.4628,2.12257,2.23468,18.6952,23.7298,707.485,708.975,9.05212,7.80746,0.633168,14.2696,8.11098,11.2847,11.2847,1.0,1.0,1
37974,30.05.2024 18:42:45.460000,410.669,239.365,8.27783,8.176,8.017,77.4628,2.12257,2.23468,18.6952,23.7298,707.485,708.975,9.05212,7.80746,0.633168,14.2696,8.11098,11.2847,11.2847,1.0,1.0,1
37975,30.05.2024 18:42:45.470000,402.841,225.769,8.27791,8.15,8.02,79.7511,2.12917,2.24784,19.4243,22.2741,707.47,708.99,8.969,7.95812,0.59771,13.7903,8.11204,11.2847,11.2847,1.0,1.0,1
37976,30.05.2024 18:42:45.480000,402.841,225.769,8.27791,8.15,8.02,79.7511,2.12917,2.24784,19.4243,22.2741,707.47,708.99,8.969,7.95812,0.59771,13.7903,8.11204,11.2847,11.2847,1.0,1.0,1
37977,30.05.2024 18:42:45.490000,370.376,222.391,8.20733,8.189,8.12,80.8143,2.13214,2.22315,20.4386,21.7958,707.395,708.995,9.2728,8.50963,0.62369,13.9567,8.11319,11.48,11.48,1.0,1.0,1
37978,30.05.2024 18:42:45.500000,352.249,186.301,8.24333,8.207,8.068,81.5429,2.14714,2.2209,20.374,20.9036,707.315,709.0,9.23281,8.01918,0.675177,13.7472,8.11418,11.48,11.48,1.0,1.0,1
37979,30.05.2024 18:42:45.510000,352.249,153.342,8.24333,8.207,8.057,82.2213,2.1509,2.21618,20.654,22.4561,707.285,709.005,9.09898,8.12572,0.589985,13.7864,8.11418,11.48,11.48,1.0,1.0,1
37980,30.05.2024 18:42:45.520000,359.994,144.196,8.30037,8.161,8.01,82.2213,2.1509,2.21618,20.654,22.4561,707.26,709.025,8.49059,7.71509,0.605006,13.7827,8.11475,11.509,11.509,1.0,1.0,1
37981,30.05.2024 18:42:45.530000,346.234,144.196,8.24265,8.072,8.01,82.8078,2.13767,2.22141,20.6802,21.6175,707.255,709.045,8.42028,7.63261,0.557757,13.7064,8.11552,11.6826,11.6826,1.0,1.0,1
37982,30.05.2024 18:42:45.540000,346.234,157.214,8.24265,8.072,8.042,83.3763,2.13767,2.22141,20.6802,21.6175,707.24,709.065,8.69607,7.52176,0.502955,13.7677,8.11552,11.6826,11.6826,1.0,1.0,1
37983,30.05.2024 18:42:45.550000,329.837,141.888,8.19233,8.091,8.093,83.3763,2.09913,2.21941,20.0489,20.5056,707.23,709.08,8.56788,8.17133,0.522309,13.8106,8.11601,11.7332,11.7332,1.0,1.0,1
37984,30.05.2024 18:42:45.560000,329.837,141.888,8.19233,8.091,8.093,83.3763,2.09913,2.21941,20.0489,20.5056,707.23,709.08,8.56788,8.17133,0.522309,13.8106,8.11601,11.7332,11.7332,1.0,1.0,1
37985,30.05.2024 18:42:45.570000,329.672,141.888,8.19248,8.133,8.093,83.9033,2.09381,2.21647,19.6233,22.1908,707.21,709.095,8.82382,8.27038,0.548964,13.7738,8.11666,11.8924,11.8924,1.0,1.0,1
37986,30.05.2024 18:42:45.580000,329.672,141.888,8.19248,8.133,8.093,83.9033,2.09381,2.21647,19.6233,22.1908,707.21,709.095,8.82382,8.27038,0.548964,13.7738,8.11666,11.8924,11.8924,1.0,1.0,1
37987,30.05.2024 18:42:45.590000,318.219,111.896,8.21773,8.166,8.065,84.3215,2.10429,2.22216,18.9721,22.1973,707.125,709.05,9.44027,8.50591,0.627343,13.3728,8.1175,12.1455,12.1455,1.0,1.0,1
37988,30.05.2024 18:42:45.600000,301.08,46.8017,8.22339,8.18,8.06,84.7798,2.13895,2.22619,18.8592,22.3378,707.115,709.125,9.06763,7.26412,0.824767,13.655,8.11844,12.1455,12.1455,1.0,1.0,1
37989,30.05.2024 18:42:45.610000,282.211,46.8017,8.22339,8.177,8.06,85.1121,2.13381,2.23153,20.4002,22.6887,707.1,709.15,9.57498,7.68975,0.778311,13.6554,8.11926,12.3987,12.3987,1.0,1.0,1
37990,30.05.2024 18:42:45.620000,282.211,-14.2548,8.22339,8.177,8.055,85.3031,2.13381,2.23153,20.4002,22.6887,707.105,709.145,10.0274,8.04877,0.862525,13.5575,8.11926,12.3987,12.3987,1.0,1.0,1
37991,30.05.2024 18:42:45.630000,266.391,-25.9552,8.198,8.135,8.138,85.3031,2.12176,2.22809,19.5676,21.9841,707.1,709.155,10.5389,8.33997,0.793854,13.549,8.1199,12.1817,12.1817,1.0,1.0,1
37992,30.05.2024 18:42:45.640000,257.327,-25.9552,8.18874,8.1,8.138,85.517,2.10356,2.21298,21.0406,22.8694,707.06,709.165,10.7664,8.15007,0.826544,13.7014,8.12074,12.2396,12.2396,1.0,1.0,1
37993,30.05.2024 18:42:45.650000,257.327,-17.7978,8.18874,8.1,8.091,85.7777,2.10356,2.21298,21.0406,22.8694,707.015,709.18,11.1761,8.35239,0.740483,13.7405,8.12074,12.2396,12.2396,1.0,1.0,1
37994,30.05.2024 18:42:45.660000,250.735,-17.7978,8.22887,8.07,8.091,85.7777,2.08143,2.20762,18.7038,21.4105,706.98,709.175,10.7012,8.21465,0.691058,13.6981,8.1221,12.4855,12.4855,1.0,1.0,1
37995,30.05.2024 18:42:45.670000,250.735,-17.7978,8.22887,8.07,8.091,85.7777,2.08143,2.20762,18.7038,21.4105,706.98,709.175,10.7012,8.21465,0.691058,13.6981,8.1221,12.4855,12.4855,1.0,1.0,1
37996,30.05.2024 18:42:45.680000,250.735,-9.7229,8.22887,8.07,8.037,86.0341,2.08673,2.19666,17.9012,20.3019,706.95,709.18,10.4103,8.28363,0.646739,13.6585,8.1221,12.8906,12.8906,1.0,1.0,1
37997,30.05.2024 18:42:45.690000,232.031,-57.3486,8.26375,7.983,8.068,86.2334,2.08238,2.18559,18.6687,19.4291,706.905,709.19,9.51722,7.88591,0.664412,13.7331,8.12362,13.2451,13.2451,1.0,1.0,1
37998,30.05.2024 18:42:45.700000,232.031,-43.5058,8.26375,7.983,8.042,86.3347,2.08238,2.18559,18.6687,19.4291,706.895,709.19,9.66702,7.95614,0.597329,13.8038,8.12362,13.2451,13.2451,1.0,1.0,1
37999,30.05.2024 18:42:45.710000,212.421,-26.12,8.21085,7.928,8.089,86.3347,2.07228,2.18323,19.5093,19.7308,706.85,709.22,9.49081,7.66646,0.645691,13.823,8.12434,12.6953,12.6953,0.0,1.0,1
38000,30.05.2024 18:42:45.720000,204.428,-26.12,8.21259,7.908,8.089,86.4204,2.06506,2.18256,19.5059,19.5055,706.82,709.22,9.4596,7.73411,0.590861,13.8403,8.12533,12.254,12.254,0.0,1.0,1
38001,30.05.2024 18:42:45.730000,204.428,-39.5508,8.21259,7.908,8.086,86.486,2.06506,2.18256,19.5059,19.5055,706.805,709.205,8.95368,7.60566,0.619738,13.9079,8.12533,12.254,12.254,0.0,1.0,1
38002,30.05.2024 18:42:45.740000,204.428,-39.5508,8.21259,7.908,8.086,86.486,2.06506,2.18256,19.5059,19.5055,706.805,709.205,8.95368,7.60566,0.619738,13.9079,8.12533,12.254,12.254,0.0,1.0,1
38003,30.05.2024 18:42:45.750000,178.802,-39.5508,8.25446,7.854,8.086,86.486,2.07992,2.20864,18.4242,20.7588,706.79,709.205,9.03142,7.05607,0.50861,13.9984,8.12618,12.4494,12.4494,0.0,1.0,1
38004,30.05.2024 18:42:45.760000,181.439,-55.4535,8.29891,7.847,8.014,86.6311,2.09924,2.23577,19.846,24.1536,706.755,709.23,9.12278,6.63997,0.33953,13.9988,8.12651,12.4566,12.4566,0.0,1.0,1
38005,30.05.2024 18:42:45.770000,154.166,-55.4535,8.29327,7.809,8.014,86.7142,2.10461,2.26108,20.4773,24.6047,706.75,709.235,9.10118,6.84461,0.382889,14.0429,8.1281,12.3047,12.3047,0.0,1.0,1
38006,30.05.2024 18:42:45.780000,154.166,-78.7719,8.29327,7.809,8.052,86.8689,2.10461,2.26108,20.4773,24.6047,706.735,709.27,9.05073,6.66742,0.4219,14.1299,8.1281,12.3047,12.3047,0.0,1.0,1
38007,30.05.2024 18:42:45.790000,135.956,-77.124,8.26188,7.766,8.131,86.8689,2.11681,2.26055,20.7701,24.391,706.695,709.285,9.65373,6.72103,0.522414,14.3159,8.12826,12.3047,12.3047,0.0,1.0,1
38008,30.05.2024 18:42:45.800000,135.956,-77.124,8.26188,7.766,8.131,86.8689,2.11681,2.26055,20.7701,24.391,706.695,709.285,9.65373,6.72103,0.522414,14.3159,8.12826,12.3047,12.3047,0.0,1.0,1
38009,30.05.2024 18:42:45.810000,119.971,-77.124,8.26188,7.782,8.131,86.8181,2.09004,2.24679,20.8796,25.0724,706.66,709.295,9.47074,6.90797,0.465262,14.4292,8.1298,10.2358,10.2358,0.0,1.0,1
38010,30.05.2024 18:42:45.820000,119.971,-77.124,8.26188,7.782,8.131,86.8181,2.09004,2.24679,20.8796,25.0724,706.66,709.295,9.47074,6.90797,0.465262,14.4292,8.1298,10.2358,10.2358,0.0,1.0,1
38011,30.05.2024 18:42:45.830000,114.285,-94.9218,8.28693,8.02,8.072,86.8626,2.09295,2.23111,20.8938,24.279,706.6,709.275,9.31556,6.44839,0.250607,14.507,8.12996,8.61545,8.61545,0.0,1.0,1
38012,30.05.2024 18:42:45.840000,114.285,-94.9218,8.28693,8.02,8.072,86.8626,2.09295,2.23111,20.8938,24.279,706.6,709.275,9.31556,6.44839,0.250607,14.507,8.12996,8.61545,8.61545,0.0,1.0,1
38013,30.05.2024 18:42:45.850000,111.319,-311.133,8.28246,8.25,8.073,86.8363,2.09568,2.2217,19.9152,22.2031,706.55,709.285,8.77403,6.126,0.172209,14.5809,8.13075,8.61545,8.61545,0.0,1.0,1
38014,30.05.2024 18:42:45.860000,111.319,-311.133,8.28246,8.25,8.073,86.8363,2.09568,2.2217,19.9152,22.2031,706.55,709.285,8.77403,6.126,0.172209,14.5809,8.13075,8.61545,8.61545,0.0,1.0,1
38015,30.05.2024 18:42:45.870000,97.8882,-403.088,8.2774,8.217,8.13,86.8115,2.10235,2.22189,19.982,23.5554,706.505,709.31,8.45626,5.72457,0.194659,14.6202,8.13136,7.3423,7.3423,0.0,1.0,1
38016,30.05.2024 18:42:45.880000,36.7493,-398.721,8.29179,8.134,8.157,86.83,2.14528,2.23213,20.9191,22.2874,706.465,709.345,7.95632,5.66641,0.250929,14.788,8.13312,6.08362,6.08362,0.0,1.0,1
38017,30.05.2024 18:42:45.890000,36.7493,-417.013,8.29179,8.134,8.141,86.8194,2.14528,2.23213,20.9191,22.2874,706.46,709.35,8.18943,6.12975,0.206252,14.7842,8.13312,6.08362,6.08362,0.0,1.0,1
38018,30.05.2024 18:42:45.900000,29.5807,-417.013,8.33687,8.249,8.141,86.8194,2.15781,2.236,22.7944,22.9729,706.435,709.355,8.55386,6.2314,0.1169,14.8742,8.13403,4.6224,4.6224,0.0,1.0,1
38019,30.05.2024 18:42:45.910000,29.5807,-413.388,8.33687,8.249,8.098,86.8554,2.15428,2.24328,22.3818,21.6966,706.415,709.38,8.41073,6.12561,0.0558801,14.9048,8.13403,4.6224,4.6224,0.0,1.0,1
38020,30.05.2024 18:42:45.920000,27.6855,-413.882,8.31396,8.273,8.054,86.8554,2.15428,2.24328,22.3818,21.6966,706.4,709.41,8.43376,6.30413,-0.0109725,15.0246,8.1349,3.58073,3.58073,0.0,1.0,1
38021,30.05.2024 18:42:45.930000,0.0,-413.882,8.31396,8.174,8.054,86.8252,2.15019,2.24634,22.0096,23.876,706.39,709.41,8.67319,6.33812,0.0172486,15.0754,8.13579,2.5463,2.5463,0.0,1.0,1
38022,30.05.2024 18:42:45.940000,0.0,-410.751,8.31396,8.174,8.143,86.8277,2.15019,2.24634,22.0096,23.876,706.365,709.41,8.97439,6.54133,-0.0727096,15.0359,8.13579,2.5463,2.5463,0.0,1.0,1
38023,30.05.2024 18:42:45.950000,-80.2551,-423.852,8.28151,8.133,8.186,86.8277,2.13182,2.23497,21.84,23.9559,706.33,709.41,9.21724,6.64831,0.0823102,15.0789,8.13663,2.52459,2.52459,0.0,1.0,1
38024,30.05.2024 18:42:45.960000,-93.1915,-423.852,8.32389,8.223,8.186,86.839,2.10161,2.22178,19.5372,20.6986,706.27,709.45,8.71086,6.40511,0.362227,15.1292,8.13792,1.43953,1.43953,0.0,1.0,1
38025,30.05.2024 18:42:45.970000,-93.1915,-417.92,8.32389,8.223,8.13,86.8194,2.10161,2.22178,19.5372,20.6986,706.265,709.48,8.83807,6.76773,0.533253,15.195,8.13792,1.43953,1.43953,0.0,1.0,1
38026,30.05.2024 18:42:45.980000,-90.1428,-417.92,8.31911,8.269,8.13,86.8194,2.08428,2.21545,19.8691,21.101,706.245,709.49,8.70946,7.69779,0.909857,15.0929,8.13916,0.361696,0.361696,0.0,1.0,1
38027,30.05.2024 18:42:45.990000,-90.1428,-411.246,8.31911,8.269,8.144,86.9668,2.08216,2.2011,17.9808,19.9529,706.23,709.48,8.64183,7.64854,1.14283,15.1374,8.13916,0.361696,0.361696,0.0,1.0,1
38028,30.05.2024 18:42:46.000000,-106.952,-410.257,8.28862,8.216,8.149,86.9668,2.08216,2.2011,17.9808,19.9529,706.19,709.48,8.55112,7.47697,1.20341,15.107,8.14031,-0.549771,-0.549771,0.0,1.0,1
38029,30.05.2024 18:42:46.010000,-107.281,-410.257,8.28862,8.169,8.149,87.1144,2.09119,2.20048,19.1721,19.5415,706.165,709.495,8.63425,7.16669,1.34566,14.9937,8.14117,-1.35272,-1.35272,0.0,1.0,1
38030,30.05.2024 18:42:46.020000,-107.281,-410.257,8.28862,8.169,8.149,87.1144,2.09119,2.20048,19.1721,19.5415,706.165,709.495,8.63425,7.16669,1.34566,14.9937,8.14117,-1.35272,-1.35272,0.0,1.0,1
38031,30.05.2024 18:42:46.030000,-107.281,-415.777,8.29255,8.169,8.126,87.0765,2.10243,2.19977,19.9236,19.0726,706.145,709.515,8.57344,7.07601,1.48126,14.9544,8.14117,-2.06163,-2.06163,0.0,1.0,1
38032,30.05.2024 18:42:46.040000,-114.697,-422.122,8.34047,8.269,8.124,87.0581,2.09887,2.19755,19.1892,18.3479,706.08,709.595,8.4168,7.41089,1.72861,14.833,8.14326,-2.06886,-2.06886,0.0,1.0,1
38033,30.05.2024 18:42:46.050000,-114.697,-414.212,8.34047,8.269,8.104,86.9703,2.09887,2.19755,19.1892,18.3479,706.065,709.595,8.37463,7.85408,1.72081,14.6382,8.14326,-2.06886,-2.06886,0.0,1.0,1
38034,30.05.2024 18:42:46.060000,-114.532,-414.212,8.28904,8.222,8.104,86.9703,2.10031,2.20004,19.1918,17.3264,706.05,709.6,8.39876,8.16762,1.68587,14.4412,8.14347,-2.06886,-2.06886,0.0,1.0,1
38035,30.05.2024 18:42:46.070000,-114.532,-406.796,8.28904,8.222,8.128,86.8994,2.10313,2.20437,20.6144,18.4113,706.025,709.61,8.31901,8.17356,1.79693,14.3543,8.14347,-2.06886,-2.06886,0.0,1.0,1
38036,30.05.2024 18:42:46.080000,-114.532,-406.796,8.28904,8.222,8.128,86.8994,2.10313,2.20437,20.6144,18.4113,706.025,709.61,8.31901,8.17356,1.79693,14.3543,8.14347,-2.06886,-2.06886,0.0,1.0,1
38037,30.05.2024 18:42:46.090000,-123.926,-407.126,8.2903,8.172,8.132,86.8994,2.10313,2.20437,20.6144,18.4113,705.99,709.62,8.24727,8.08604,1.96023,14.4631,8.14468,-2.5897,-2.5897,0.0,1.0,1
38038,30.05.2024 18:42:46.100000,-123.926,-407.126,8.2903,8.172,8.132,86.8994,2.10313,2.20437,20.6144,18.4113,705.99,709.62,8.24727,8.08604,1.96023,14.4631,8.14468,-2.5897,-2.5897,0.0,1.0,1
38039,30.05.2024 18:42:46.110000,-123.431,-421.298,8.3137,8.18,8.126,86.8235,2.10927,2.20949,19.1944,17.9081,705.955,709.655,7.93526,7.38645,2.22523,14.3907,8.14521,-3.77604,-3.77604,0.0,1.0,1
38040,30.05.2024 18:42:46.120000,-123.431,-421.298,8.3137,8.18,8.126,86.8235,2.10927,2.20949,19.1944,17.9081,705.955,709.655,7.93526,7.38645,2.22523,14.3907,8.14521,-3.77604,-3.77604,0.0,1.0,1
38041,30.05.2024 18:42:46.130000,-156.143,-412.564,8.30563,8.195,8.117,86.8448,2.10878,2.20987,19.136,18.6109,705.92,709.685,7.84464,7.88131,2.29197,14.1246,8.14681,-4.28964,-4.28964,0.0,1.0,1
38042,30.05.2024 18:42:46.140000,-162.57,-406.879,8.28532,8.158,8.124,86.7865,2.10696,2.21004,18.7687,19.0133,705.915,709.69,8.25636,7.57888,2.49145,13.4245,8.14752,-4.38368,-4.38368,0.0,1.0,1
38043,30.05.2024 18:42:46.150000,-162.57,-410.998,8.28532,8.158,8.113,86.8666,2.11286,2.21437,18.9081,18.4055,705.9,709.695,8.69618,7.31076,2.54424,13.3084,8.14752,-4.38368,-4.38368,0.0,1.0,1
38044,30.05.2024 18:42:46.160000,-176.495,-417.755,8.30416,8.214,8.122,86.8666,2.11286,2.21437,18.9081,18.4055,705.88,709.7,8.83918,7.06578,2.67699,13.1623,8.14808,-4.55005,-4.55005,0.0,1.0,1
38045,30.05.2024 18:42:46.170000,-176.495,-417.755,8.30416,8.214,8.122,86.8666,2.11286,2.21437,18.9081,18.4055,705.88,709.7,8.83918,7.06578,2.67699,13.1623,8.14808,-4.55005,-4.55005,0.0,1.0,1
38046,30.05.2024 18:42:46.180000,-184.735,-417.755,8.28498,8.234,8.122,86.8153,2.12394,2.21757,19.3976,17.9117,705.865,709.7,8.98149,6.87989,2.88222,12.9814,8.14923,-4.55005,-4.55005,0.0,1.0,1
38047,30.05.2024 18:42:46.190000,-184.735,-417.755,8.28498,8.234,8.122,86.8153,2.12394,2.21757,19.3976,17.9117,705.865,709.7,8.98149,6.87989,2.88222,12.9814,8.14923,-4.55005,-4.55005,0.0,1.0,1
38048,30.05.2024 18:42:46.200000,-203.686,-411.41,8.29103,8.266,8.121,86.8566,2.13503,2.22011,19.4901,19.3547,705.815,709.73,9.13436,6.17293,3.37841,12.3014,8.15002,-4.7092,-4.7092,0.0,1.0,1
38049,30.05.2024 18:42:46.210000,-203.686,-411.41,8.29103,8.266,8.121,86.8566,2.13503,2.22011,19.4901,19.3547,705.815,709.73,9.13436,6.17293,3.37841,12.3014,8.15002,-4.7092,-4.7092,0.0,1.0,1
38050,30.05.2024 18:42:46.220000,-218.6,-411.328,8.28913,8.215,8.143,86.8877,2.14508,2.22481,19.7346,19.8644,705.79,709.755,9.19926,6.19578,3.63239,12.1365,8.15122,-4.85387,-4.85387,0.0,1.0,1
38051,30.05.2024 18:42:46.230000,-218.6,-411.328,8.28913,8.215,8.143,86.8877,2.14508,2.22481,19.7346,19.8644,705.79,709.755,9.19926,6.19578,3.63239,12.1365,8.15122,-4.85387,-4.85387,0.0,1.0,1
38052,30.05.2024 18:42:46.240000,-230.383,-413.718,8.30604,8.18,8.137,86.9155,2.15719,2.23105,20.6851,20.0631,705.79,709.76,9.38907,5.59605,3.93835,11.7572,8.15226,-4.85387,-4.85387,0.0,1.0,1
38053,30.05.2024 18:42:46.250000,-230.383,-413.718,8.30604,8.18,8.137,86.9155,2.15719,2.23105,20.6851,20.0631,705.79,709.76,9.38907,5.59605,3.93835,11.7572,8.15226,-4.85387,-4.85387,0.0,1.0,1
38054,30.05.2024 18:42:46.260000,-259.222,-416.025,8.31247,8.224,8.126,86.8738,2.15597,2.23322,20.1435,19.1471,705.775,709.81,9.8762,5.24485,4.37069,11.3758,8.1542,-5.09983,-5.09983,0.0,1.0,1
38055,30.05.2024 18:42:46.270000,-256.338,-412.564,8.27725,8.212,8.136,86.7223,2.15088,2.23207,20.6492,20.0996,705.72,709.825,9.87652,5.68136,4.67014,11.1348,8.15509,-5.25897,-5.25897,0.0,1.0,1
38056,30.05.2024 18:42:46.280000,-256.338,-412.564,8.27725,8.212,8.136,86.7223,2.15088,2.23207,20.6492,20.0996,705.72,709.825,9.87652,5.68136,4.67014,11.1348,8.15509,-5.25897,-5.25897,0.0,1.0,1
38057,30.05.2024 18:42:46.290000,-274.383,-412.564,8.30303,8.195,8.136,86.7712,2.13317,2.22997,19.6242,20.0878,705.69,709.85,9.58427,5.48888,4.80244,11.0268,8.15607,-5.36747,-5.36747,0.0,1.0,1
38058,30.05.2024 18:42:46.300000,-268.945,-410.257,8.26661,8.196,8.104,86.6451,2.11933,2.22976,18.3726,19.0168,705.67,709.88,9.22589,6.05146,5.07371,10.7931,8.15698,-5.31684,-5.31684,0.0,1.0,1
38059,30.05.2024 18:42:46.310000,-268.945,-408.032,8.26661,8.196,8.111,86.6872,2.10884,2.22789,18.7997,19.4359,705.655,709.885,8.90494,6.10861,5.1307,10.7383,8.15698,-5.31684,-5.31684,0.0,1.0,1
38060,30.05.2024 18:42:46.320000,-293.994,-415.777,8.25446,8.217,8.058,86.6872,2.10884,2.22789,18.7997,19.4359,705.615,709.89,8.86762,6.08483,5.12237,10.6642,8.15845,-5.31684,-5.31684,0.0,1.0,1
38061,30.05.2024 18:42:46.330000,-291.275,-415.777,8.25446,8.198,8.058,86.6778,2.10715,2.22757,18.5928,20.4236,705.61,709.9,8.71835,5.71168,5.14392,10.5358,8.15932,-5.61343,-5.61343,0.0,1.0,1
38062,30.05.2024 18:42:46.340000,-291.275,-412.894,8.25446,8.198,8.047,86.7183,2.10715,2.22757,18.5928,20.4236,705.605,709.91,8.57809,5.73017,5.17932,10.6564,8.15932,-5.61343,-5.61343,0.0,1.0,1
38063,30.05.2024 18:42:46.350000,-302.481,-416.684,8.28476,8.193,8.081,86.7183,2.10828,2.22754,18.8637,19.5635,705.595,709.925,8.26523,5.76618,5.07074,10.5497,8.15971,-5.62789,-5.62789,0.0,1.0,1
38064,30.05.2024 18:42:46.360000,-302.481,-416.684,8.28476,8.193,8.081,86.7183,2.10828,2.22754,18.8637,19.5635,705.595,709.925,8.26523,5.76618,5.07074,10.5497,8.15971,-5.62789,-5.62789,0.0,1.0,1
38065,30.05.2024 18:42:46.370000,-318.713,-416.684,8.30892,8.179,8.081,86.7604,2.1091,2.22681,17.2137,18.6462,705.575,709.945,8.21253,5.68102,5.06052,10.6362,8.16077,-5.57002,-5.57002,0.0,1.0,1
38066,30.05.2024 18:42:46.380000,-318.713,-416.684,8.30892,8.179,8.081,86.7604,2.1091,2.22681,17.2137,18.6462,705.575,709.945,8.21253,5.68102,5.06052,10.6362,8.16077,-5.57002,-5.57002,0.0,1.0,1
38067,30.05.2024 18:42:46.390000,-326.706,-414.706,8.24822,8.208,8.058,86.8437,2.11195,2.22705,17.5232,18.8504,705.555,709.965,8.32276,5.44438,5.00807,10.5041,8.16126,-5.77257,-5.77257,0.0,1.0,1
38068,30.05.2024 18:42:46.400000,-353.32,-412.07,8.31053,8.199,8.11,86.8749,2.12068,2.22748,17.9447,18.7018,705.485,709.975,7.88135,5.629,4.85946,10.4398,8.16228,-5.63513,-5.63513,0.0,1.0,1
38069,30.05.2024 18:42:46.410000,-357.358,-412.07,8.32414,8.169,8.11,86.9893,2.12437,2.22753,18.8815,18.2107,705.485,709.99,7.58823,5.3595,4.85053,10.4574,8.16233,-5.63513,-5.63513,0.0,1.0,1
38070,30.05.2024 18:42:46.420000,-357.358,-411.658,8.32414,8.169,8.116,86.9467,2.12437,2.22753,18.8815,18.2107,705.48,710.005,7.11185,5.2474,4.95387,10.4173,8.16233,-5.63513,-5.63513,0.0,1.0,1
38071,30.05.2024 18:42:46.430000,-361.56,-413.306,8.28572,8.175,8.067,86.9467,2.1215,2.22753,18.9101,18.1326,705.48,710.02,7.20761,5.27752,4.87973,10.4258,8.16372,-5.72917,-5.72917,0.0,1.0,1
38072,30.05.2024 18:42:46.440000,-361.56,-413.306,8.28572,8.175,8.067,86.9467,2.1215,2.22753,18.9101,18.1326,705.48,710.02,7.20761,5.27752,4.87973,10.4258,8.16372,-5.72917,-5.72917,0.0,1.0,1
38073,30.05.2024 18:42:46.450000,-373.672,-413.306,8.28572,8.175,8.067,86.9663,2.11361,2.22753,16.9923,18.0628,705.48,710.04,7.67978,5.44057,4.76657,10.3835,8.16423,-5.72917,-5.72917,0.0,1.0,1
38074,30.05.2024 18:42:46.460000,-377.133,-417.59,8.24286,8.204,8.082,86.8859,2.10989,2.22879,17.5292,18.074,705.47,710.06,7.79743,5.23943,4.76799,10.4146,8.1648,-5.72917,-5.72917,0.0,1.0,1
38075,30.05.2024 18:42:46.470000,-377.133,-413.306,8.24286,8.204,8.088,86.8766,2.12222,2.2321,17.4234,18.3951,705.465,710.055,8.25193,5.25627,4.66077,10.3839,8.1648,-5.72917,-5.72917,0.0,1.0,1
38076,30.05.2024 18:42:46.480000,-403.088,-409.103,8.27809,8.194,8.108,86.8766,2.12222,2.2321,17.4234,18.3951,705.45,710.055,8.44432,5.18923,4.57385,10.4304,8.16548,-5.37471,-5.37471,0.0,1.0,1
38077,30.05.2024 18:42:46.490000,-413.388,-409.103,8.30912,8.207,8.108,86.7962,2.14123,2.23431,18.0752,17.5069,705.435,710.05,8.5714,5.24408,4.41362,10.3075,8.16623,-5.46875,-5.46875,0.0,1.0,1
38078,30.05.2024 18:42:46.500000,-413.388,-409.433,8.30912,8.207,8.081,86.8539,2.14123,2.23431,18.0752,17.5069,705.44,710.06,8.72638,4.9964,4.37582,10.3389,8.16623,-5.46875,-5.46875,0.0,1.0,1
38079,30.05.2024 18:42:46.510000,-415.118,-414.13,8.25578,8.209,8.113,86.8539,2.15412,2.23765,18.9048,17.5069,705.425,710.055,8.58652,4.49156,4.31904,10.4122,8.16753,-5.46875,-5.46875,0.0,1.0,1
38080,30.05.2024 18:42:46.520000,-424.841,-414.13,8.27458,8.207,8.113,86.9058,2.16172,2.23815,19.3622,18.3584,705.42,710.055,8.78287,4.32937,4.34439,10.4526,8.16854,-5.37471,-5.37471,0.0,1.0,1
38081,30.05.2024 18:42:46.530000,-424.841,-409.68,8.27458,8.207,8.129,86.929,2.16172,2.23815,19.3622,18.3584,705.405,710.055,8.92988,4.23804,4.37794,10.4088,8.16854,-5.37471,-5.37471,0.0,1.0,1
38082,30.05.2024 18:42:46.540000,-436.871,-409.68,8.31001,8.204,8.129,86.929,2.16583,2.24001,19.1428,18.988,705.405,710.06,8.63219,3.64474,4.50724,10.4123,8.16934,-5.12153,-5.12153,0.0,1.0,1
38083,30.05.2024 18:42:46.550000,-436.871,-410.01,8.31001,8.204,8.144,86.9181,2.17405,2.24447,19.5916,18.5879,705.41,710.06,9.20563,3.73532,4.47297,10.4117,8.16934,-5.12153,-5.12153,0.0,1.0,1
38084,30.05.2024 18:42:46.560000,-435.553,-410.998,8.31962,8.184,8.124,86.9181,2.17405,2.24447,19.5916,18.5879,705.405,710.065,9.3672,3.35296,4.51653,10.4208,8.17039,-5.12153,-5.12153,0.0,1.0,1
38085,30.05.2024 18:42:46.570000,-433.411,-410.998,8.31962,8.181,8.124,86.9203,2.17222,2.24699,19.2925,17.6696,705.41,710.075,9.48154,3.32178,4.52523,10.3758,8.17169,-5.21557,-5.21557,0.0,1.0,1
38086,30.05.2024 18:42:46.580000,-433.411,-410.998,8.31962,8.181,8.124,86.9203,2.17222,2.24699,19.2925,17.6696,705.41,710.075,9.48154,3.32178,4.52523,10.3758,8.17169,-5.21557,-5.21557,0.0,1.0,1
38087,30.05.2024 18:42:46.590000,-433.411,-410.669,8.2667,8.181,8.115,86.8946,2.16728,2.2455,19.4147,18.1249,705.4,710.08,9.48396,3.27409,4.56831,10.3736,8.17169,-5.27344,-5.27344,0.0,1.0,1
38088,30.05.2024 18:42:46.600000,-432.422,-412.564,8.31756,8.192,8.15,86.8546,2.15677,2.24519,18.6057,17.6252,705.4,710.135,10.0124,3.14849,4.60374,10.3531,8.17384,-5.36747,-5.36747,0.0,1.0,1
38089,30.05.2024 18:42:46.610000,-432.422,-410.751,8.31756,8.192,8.134,86.8099,2.15677,2.24519,18.6057,17.6252,705.39,710.145,9.90283,3.31556,4.6848,10.4087,8.17384,-5.36747,-5.36747,0.0,1.0,1
38090,30.05.2024 18:42:46.620000,-432.422,-410.751,8.32149,8.199,8.134,86.8099,2.15566,2.24516,17.4418,17.6157,705.39,710.16,9.86548,4.00172,4.69489,10.3363,8.17459,-5.38194,-5.38194,0.0,1.0,1
38091,30.05.2024 18:42:46.630000,-432.422,-410.751,8.32149,8.199,8.134,86.8099,2.15566,2.24516,17.4418,17.6157,705.39,710.16,9.86548,4.00172,4.69489,10.3363,8.17459,-5.38194,-5.38194,0.0,1.0,1
38092,30.05.2024 18:42:46.640000,-432.422,-411.987,8.32149,8.199,8.117,86.8349,2.15509,2.24641,18.1223,17.5391,705.385,710.155,9.66133,3.80627,4.83703,10.3282,8.17459,-5.62789,-5.62789,0.0,1.0,1
38093,30.05.2024 18:42:46.650000,-429.455,-411.658,8.28073,8.21,8.072,86.8974,2.15209,2.24648,18.0431,16.8979,705.385,710.17,9.62957,3.84724,4.88922,10.3642,8.17558,-5.62789,-5.62789,0.0,1.0,1
38094,30.05.2024 18:42:46.660000,-429.455,-411.658,8.28073,8.21,8.072,86.8974,2.15209,2.24648,18.0431,16.8979,705.385,710.17,9.62957,3.84724,4.88922,10.3642,8.17558,-5.62789,-5.62789,0.0,1.0,1
38095,30.05.2024 18:42:46.670000,-429.455,-415.201,8.33489,8.21,8.09,86.9012,2.13607,2.24401,17.2065,16.2293,705.38,710.18,9.69771,3.9074,4.89778,10.4122,8.17558,-5.43258,-5.43258,0.0,1.0,1
38096,30.05.2024 18:42:46.680000,-429.208,-415.365,8.30402,8.189,8.1,86.9097,2.12756,2.24378,15.9576,16.9828,705.38,710.19,9.37861,3.73979,5.29383,10.4807,8.1778,-5.43258,-5.43258,0.0,1.0,1
38097,30.05.2024 18:42:46.690000,-429.208,-411.987,8.30402,8.189,8.108,86.9107,2.12756,2.24378,15.9576,16.9828,705.39,710.2,9.45546,3.84648,5.31982,10.519,8.1778,-5.43258,-5.43258,0.0,1.0,1
38098,30.05.2024 18:42:46.700000,-429.703,-411.987,8.29258,8.198,8.108,86.9107,2.13174,2.24484,15.9543,16.754,705.4,710.195,9.59493,4.02376,5.38756,10.4568,8.17834,-5.47598,-5.47598,0.0,1.0,1
38099,30.05.2024 18:42:46.710000,-429.703,-412.07,8.29258,8.198,8.108,86.8723,2.15027,2.24512,16.2068,16.5942,705.405,710.2,9.59803,3.87675,5.38141,10.4437,8.17834,-5.47598,-5.47598,0.0,1.0,1
