,time,Pinceur Inf Mesure de courant,Pinceur Sup Mesure de courant,Mandrin - Vitesse Actuelle,Pinceur Sup Mesure vitesse lineaire,Pinceur Inf Mesure vitesse lineaire,Mandrin - Mesure Expansion,Pinceur Nord Position entrefer estimee,Pinceur Sud Position entrefer estimee,Pinceur Nord Force entrefer calibree,Pinceur Sud Force entrefer calibree,Guides Nord Entree Position mesuree,Guides Nord Sortie Position mesuree,Guides Nord Entree Force pour regulateur PI,Guides Nord Sortie Force pour regulateur PI,Guides Sud Entree Force pour regulateur PI,Guides Sud Sortie Force pour regulateur PI,Mandrin - Vitesse Actuelle F10,_Excentrage largeur bande jauge bob,_Excentrage largeur bande jauge bob.1,TDB pinceur,Fenetre,Declancheur
43500,30.05.2024 20:05:19.560000,161.993,74.9817,6.21126,6.383,5.999,39.1677,4.92686,3.98134,41.0288,29.1335,756.51,757.1,5.95089,6.72287,1.56696,0.0405586,5.40678,75.7234,75.7234,1.0,1.0,1
43501,30.05.2024 20:05:19.570000,280.975,111.154,6.21126,6.153,5.778,39.2271,5.14792,3.96169,41.0288,29.1335,756.51,757.1,5.95089,6.72287,1.56696,0.0405586,5.40734,75.7234,75.7234,1.0,1.0,1
43502,30.05.2024 20:05:19.580000,280.975,111.154,6.21295,6.153,5.778,39.2271,5.22678,3.8909,58.1327,22.0596,754.795,755.385,6.06151,6.84992,1.65917,0.0407302,5.40775,74.3996,74.3996,1.0,1.0,1
43503,30.05.2024 20:05:19.590000,358.594,166.113,6.21762,6.039,5.715,39.3178,5.14367,3.89821,58.1327,22.0596,754.795,755.385,6.06151,6.84992,1.65917,0.0407302,5.40775,74.3996,74.3996,1.0,1.0,1
43504,30.05.2024 20:05:19.600000,358.594,166.113,6.21762,6.039,5.715,39.3178,5.14367,3.89821,58.1327,22.0596,754.795,755.385,6.06151,6.84992,1.65917,0.0407302,5.40775,74.3996,74.3996,1.0,1.0,1
43505,30.05.2024 20:05:19.610000,418.085,226.099,6.21762,6.011,5.604,39.3178,4.9681,3.89202,61.4194,19.8991,753.015,753.735,6.28572,6.96742,1.7198,0.0869682,5.40793,70.9563,70.9563,1.0,1.0,1
43506,30.05.2024 20:05:19.620000,418.085,226.099,6.21762,6.011,5.604,39.3178,4.9681,3.89202,61.4194,19.8991,753.015,753.735,6.28572,6.96742,1.7198,0.0869682,5.40793,70.9563,70.9563,1.0,1.0,1
43507,30.05.2024 20:05:19.630000,478.235,237.469,6.21809,6.076,5.519,39.2852,4.2262,3.95671,51.2708,28.0739,751.355,752.075,5.88046,6.75779,1.59599,0.0826671,5.40854,70.9563,70.9563,1.0,1.0,1
43508,30.05.2024 20:05:19.640000,478.235,237.469,6.21809,6.076,5.519,39.2852,4.2262,3.95671,51.2708,28.0739,751.355,752.075,5.88046,6.75779,1.59599,0.0826671,5.40854,70.9563,70.9563,1.0,1.0,1
43509,30.05.2024 20:05:19.650000,567.883,254.69,6.21476,6.043,5.358,39.2969,3.89002,4.03322,10.9242,29.6924,748.31,749.19,5.58616,6.69957,1.62733,0.0327556,5.40966,67.9615,67.9615,1.0,1.0,1
43510,30.05.2024 20:05:19.660000,621.606,331.732,6.21749,5.846,5.334,39.3344,3.94124,4.04099,3.75894,39.0204,746.775,747.695,5.69107,7.72668,1.55392,-0.00699162,5.41177,67.9615,67.9615,1.0,1.0,1
43511,30.05.2024 20:05:19.670000,567.883,254.69,6.21476,6.043,5.358,39.2969,3.89002,4.03322,10.9242,29.6924,748.31,749.19,5.58616,6.69957,1.62733,0.0327556,5.40966,67.9615,67.9615,1.0,1.0,1
43512,30.05.2024 20:05:19.680000,628.363,564.752,6.21717,5.617,5.433,39.342,4.23414,3.9457,10.9242,29.6924,748.31,749.19,5.58616,6.69957,1.62733,0.0327556,5.41244,67.9615,67.9615,1.0,1.0,1
43513,30.05.2024 20:05:19.690000,628.363,564.752,6.217,5.617,5.433,39.2783,4.38074,3.9071,24.1345,25.4848,743.87,744.76,6.23218,8.5533,1.62452,-0.105359,5.41244,64.0263,64.0263,1.0,1.0,1
43514,30.05.2024 20:05:19.700000,628.363,564.752,6.217,5.617,5.433,39.2783,4.38074,3.9071,24.1345,25.4848,743.87,744.76,6.23218,8.5533,1.62452,-0.105359,5.41244,64.0263,64.0263,1.0,1.0,1
43515,30.05.2024 20:05:19.710000,646.655,596.31,6.21991,5.601,5.44,39.2795,4.49468,3.86768,35.4256,20.312,742.315,743.285,6.97448,9.84116,1.57193,-0.116182,5.41329,61.5668,61.5668,1.0,1.0,1
43516,30.05.2024 20:05:19.720000,652.588,666.513,6.21997,5.461,5.441,39.2396,4.61111,3.8013,40.8311,21.8925,740.705,741.64,7.26957,10.7767,1.47232,-0.0627568,5.41358,59.0133,59.0133,1.0,1.0,1
43517,30.05.2024 20:05:19.730000,680.932,688.101,6.21997,5.372,5.432,39.2014,4.57702,3.79352,40.8311,21.8925,740.705,741.64,7.26957,10.7767,1.47232,-0.0627568,5.414,59.0133,59.0133,1.0,1.0,1
43518,30.05.2024 20:05:19.740000,680.932,688.101,6.21802,5.372,5.432,39.2014,4.44873,3.77077,36.7702,11.4632,739.08,739.94,7.30785,10.855,1.46485,-0.0454075,5.41417,58.9844,58.9844,1.0,1.0,1
43519,30.05.2024 20:05:19.750000,680.932,688.101,6.21802,5.372,5.432,39.2014,4.44873,3.77077,36.7702,11.4632,739.08,739.94,7.30785,10.855,1.46485,-0.0454075,5.41417,58.9844,58.9844,1.0,1.0,1
43520,30.05.2024 20:05:19.760000,695.27,689.09,6.22075,5.384,5.389,39.2247,4.36851,3.76954,33.168,13.741,737.455,738.365,7.04492,10.4992,1.4563,0.10238,5.41417,56.2066,56.2066,1.0,1.0,1
43521,30.05.2024 20:05:19.770000,696.753,691.067,6.22348,5.436,5.373,39.2135,4.20635,3.78041,25.2034,15.6727,735.86,736.81,6.77235,10.652,1.41805,0.0426624,5.41473,51.7361,51.7361,1.0,1.0,1
43522,30.05.2024 20:05:19.780000,698.318,694.528,6.21728,5.393,5.384,39.2524,4.12988,3.78797,25.2034,15.6727,735.86,736.81,6.77235,10.652,1.41805,0.0426624,5.41526,51.7361,51.7361,1.0,1.0,1
43523,30.05.2024 20:05:19.790000,698.318,698.895,6.21728,5.328,5.384,39.2524,4.02134,3.81373,16.7215,16.0758,734.245,735.29,6.82842,11.0639,1.50395,0.0363147,5.41564,47.4754,47.4754,1.0,1.0,1
43524,30.05.2024 20:05:19.800000,698.318,698.895,6.21728,5.328,5.384,39.2524,4.02134,3.81373,16.7215,16.0758,734.245,735.29,6.82842,11.0639,1.50395,0.0363147,5.41564,47.4754,47.4754,1.0,1.0,1
43525,30.05.2024 20:05:19.810000,700.461,698.895,6.21803,5.328,5.375,39.2477,3.99009,3.84168,13.8047,16.2549,732.605,733.74,6.94013,11.7822,1.511,0.0410125,5.41564,43.8657,43.8657,1.0,1.0,1
43526,30.05.2024 20:05:19.820000,700.461,698.895,6.21803,5.328,5.375,39.2477,3.99009,3.84168,13.8047,16.2549,732.605,733.74,6.94013,11.7822,1.511,0.0410125,5.41564,43.8657,43.8657,1.0,1.0,1
43527,30.05.2024 20:05:19.830000,699.06,687.03,6.22166,5.334,5.349,39.2515,4.04537,3.91822,14.2819,23.5095,730.95,732.15,7.13396,12.624,1.52451,0.0580719,5.41651,40.5744,40.5744,1.0,1.0,1
43528,30.05.2024 20:05:19.840000,689.419,691.479,6.22271,5.342,5.352,39.2812,4.16926,3.92112,16.3929,23.9781,729.27,730.475,7.13218,13.214,1.5402,0.0798728,5.4166,40.5744,40.5744,1.0,1.0,1
43529,30.05.2024 20:05:19.850000,689.419,691.479,6.22582,5.342,5.352,39.3072,4.23532,3.90996,23.7741,21.0407,727.545,728.865,7.00789,13.4966,1.58085,0.10106,5.4166,40.5237,40.5237,1.0,1.0,1
43530,30.05.2024 20:05:19.860000,689.502,684.887,6.22493,5.29,5.371,39.2691,4.29416,3.88953,23.7741,21.0407,727.545,728.865,7.00789,13.4966,1.58085,0.10106,5.41678,40.5237,40.5237,1.0,1.0,1
43531,30.05.2024 20:05:19.870000,689.502,689.502,6.22493,5.335,5.371,39.2691,4.34228,3.83513,27.0031,21.0502,725.825,727.235,6.75228,13.9907,1.53654,0.0151966,5.41707,38.0498,38.0498,1.0,1.0,1
43532,30.05.2024 20:05:19.880000,690.738,689.502,6.2234,5.335,5.382,39.2739,4.33358,3.81349,28.2272,18.7453,724.15,725.625,6.2869,14.334,1.55982,0.0466793,5.41707,32.5882,32.5882,1.0,1.0,1
43533,30.05.2024 20:05:19.890000,690.655,697.0,6.2234,5.421,5.381,39.1973,4.29724,3.7961,28.2272,18.7453,724.15,725.625,6.2869,14.334,1.55982,0.0466793,5.4174,32.5882,32.5882,1.0,1.0,1
43534,30.05.2024 20:05:19.900000,690.655,697.0,6.22788,5.421,5.381,39.1973,4.18335,3.77487,26.2779,13.2668,722.415,723.99,5.97816,14.5523,1.59247,0.151171,5.41781,32.5882,32.5882,1.0,1.0,1
43535,30.05.2024 20:05:19.910000,690.655,697.0,6.22788,5.421,5.381,39.1973,4.18335,3.77487,26.2779,13.2668,722.415,723.99,5.97816,14.5523,1.59247,0.151171,5.41781,32.5882,32.5882,1.0,1.0,1
43536,30.05.2024 20:05:19.920000,690.078,691.479,6.22558,5.427,5.396,39.1958,4.11109,3.77331,22.9286,14.1818,720.705,722.38,5.60818,14.6904,1.60699,0.0314758,5.41781,29.6224,29.6224,1.0,1.0,1
43537,30.05.2024 20:05:19.930000,686.7,690.655,6.22501,5.364,5.442,39.1854,3.99761,3.77282,16.8435,15.7643,718.99,720.74,5.19539,15.1554,1.59959,0.0962894,5.41796,26.9531,26.9531,1.0,1.0,1
43538,30.05.2024 20:05:19.940000,686.7,690.655,6.22501,5.364,5.442,39.1854,3.99761,3.77282,16.8435,15.7643,718.99,720.74,5.19539,15.1554,1.59959,0.0962894,5.41796,26.9531,26.9531,1.0,1.0,1
43539,30.05.2024 20:05:19.950000,687.195,675.412,6.2269,5.384,5.469,39.1539,3.95743,3.77472,12.3125,15.3645,717.335,719.125,4.89036,15.5911,1.55109,0.218898,5.41838,26.9531,26.9531,1.0,1.0,1
43540,30.05.2024 20:05:19.960000,687.195,675.412,6.2269,5.384,5.469,39.1539,3.95743,3.77472,12.3125,15.3645,717.335,719.125,4.89036,15.5911,1.55109,0.218898,5.41838,26.9531,26.9531,1.0,1.0,1
43541,30.05.2024 20:05:19.970000,686.371,681.592,6.22983,5.493,5.45,39.2328,3.9637,3.80322,13.7105,18.5689,715.65,717.5,5.01937,16.1006,1.63347,0.210204,5.4187,23.5171,23.5171,1.0,1.0,1
43542,30.05.2024 20:05:19.980000,683.075,689.667,6.23038,5.494,5.43,39.1449,4.07686,3.82777,15.8936,19.0698,713.94,715.91,5.21061,16.558,1.62124,0.157408,5.41946,20.8478,20.8478,1.0,1.0,1
43543,30.05.2024 20:05:19.990000,683.075,689.667,6.23038,5.494,5.43,39.1449,4.07686,3.82777,15.8936,19.0698,713.94,715.91,5.21061,16.558,1.62124,0.157408,5.41946,20.8478,20.8478,1.0,1.0,1
43544,30.05.2024 20:05:20.000000,691.479,687.359,6.23193,5.411,5.435,39.1802,4.1106,3.83252,18.9579,17.4733,712.26,714.27,5.05322,17.078,1.55043,0.128638,5.41946,18.2726,18.2726,1.0,1.0,1
43545,30.05.2024 20:05:20.010000,691.397,682.663,6.23294,5.412,5.448,39.2082,4.14321,3.83282,22.0768,18.9064,710.48,712.615,5.08695,17.5589,1.61068,0.13596,5.41991,18.2726,18.2726,1.0,1.0,1
43546,30.05.2024 20:05:20.020000,685.876,682.498,6.23279,5.473,5.464,39.2221,4.14477,3.83229,22.0768,18.9064,710.48,712.615,5.08695,17.5589,1.61068,0.13596,5.42037,18.2726,18.2726,1.0,1.0,1
43547,30.05.2024 20:05:20.030000,685.876,691.314,6.23279,5.49,5.464,39.2221,4.1305,3.82635,23.8442,23.0911,708.73,710.985,4.74908,17.9472,1.64859,0.133204,5.42086,13.5272,13.5272,1.0,1.0,1
43548,30.05.2024 20:05:20.040000,685.876,691.314,6.23279,5.49,5.464,39.2221,4.1305,3.82635,23.8442,23.0911,708.73,710.985,4.74908,17.9472,1.64859,0.133204,5.42086,13.5272,13.5272,1.0,1.0,1
43549,30.05.2024 20:05:20.050000,686.041,691.314,6.23357,5.49,5.436,39.2406,4.11592,3.82477,23.8619,21.7921,707.115,709.33,4.5905,18.3307,1.58084,0.125363,5.42086,13.491,13.491,1.0,1.0,1
43550,30.05.2024 20:05:20.060000,694.775,692.138,6.23185,5.448,5.429,39.2245,4.06707,3.8278,21.9837,19.5808,705.45,707.705,4.47829,18.7069,1.54654,0.0749595,5.42183,10.9303,10.9303,1.0,1.0,1
43551,30.05.2024 20:05:20.070000,694.775,692.138,6.23185,5.448,5.429,39.2245,4.06707,3.8278,21.9837,19.5808,705.45,707.705,4.47829,18.7069,1.54654,0.0749595,5.42183,10.9303,10.9303,1.0,1.0,1
43552,30.05.2024 20:05:20.080000,688.595,682.416,6.22623,5.394,5.432,39.246,4.0537,3.83102,21.6158,20.8181,703.745,706.11,4.92723,19.2224,1.71508,0.0631874,5.42183,8.50694,8.50694,1.0,1.0,1
43553,30.05.2024 20:05:20.090000,695.846,683.734,6.23137,5.449,5.427,39.2222,4.03617,3.83465,19.1528,20.132,702.125,704.505,5.41005,19.7573,1.82653,-0.000655413,5.42248,6.50319,6.50319,1.0,1.0,1
43554,30.05.2024 20:05:20.100000,690.161,692.715,6.23246,5.446,5.4,39.2267,4.03302,3.8316,19.1528,20.132,702.125,704.505,5.41005,19.7573,1.82653,-0.000655413,5.42308,6.50319,6.50319,1.0,1.0,1
43555,30.05.2024 20:05:20.110000,690.161,692.715,6.23246,5.446,5.4,39.2267,4.03302,3.8316,19.1528,20.132,702.125,704.505,5.41005,19.7573,1.82653,-0.000655413,5.42308,6.50319,6.50319,1.0,1.0,1
43556,30.05.2024 20:05:20.120000,690.161,694.198,6.23246,5.381,5.4,39.2267,4.02529,3.82932,19.2913,19.192,700.44,702.865,5.89195,20.1503,2.19783,-0.0403912,5.42331,4.97685,4.97685,1.0,1.0,1
43557,30.05.2024 20:05:20.130000,695.105,693.457,6.23615,5.405,5.444,39.057,4.02258,3.8292,19.3678,16.9746,698.735,701.305,5.84846,20.6156,2.79821,0.0250919,5.42388,3.91348,3.91348,1.0,1.0,1
43558,30.05.2024 20:05:20.140000,695.105,693.457,6.23615,5.405,5.444,39.057,4.02258,3.8292,19.3678,16.9746,698.735,701.305,5.84846,20.6156,2.79821,0.0250919,5.42388,3.91348,3.91348,1.0,1.0,1
43559,30.05.2024 20:05:20.150000,695.105,693.457,6.23946,5.405,5.444,39.057,4.01901,3.82265,20.1474,20.3918,697.1,699.745,5.80376,21.3918,3.77382,0.0622241,5.42432,3.91348,3.91348,1.0,1.0,1
43560,30.05.2024 20:05:20.160000,688.925,686.535,6.24011,5.484,5.432,39.1108,4.00249,3.82096,19.4963,18.147,695.505,698.2,6.22493,22.503,4.20357,0.170333,5.42481,3.89902,3.89902,1.0,1.0,1
43561,30.05.2024 20:05:20.170000,688.925,686.535,6.24011,5.484,5.432,39.1108,4.00249,3.82096,19.4963,18.147,695.505,698.2,6.22493,22.503,4.20357,0.170333,5.42481,3.89902,3.89902,1.0,1.0,1
43562,30.05.2024 20:05:20.180000,688.925,686.535,6.23997,5.484,5.432,39.2004,3.9957,3.81855,18.3392,17.0335,694.015,696.65,6.8066,23.5043,4.34869,0.308745,5.42481,3.38541,3.38541,1.0,1.0,1
43563,30.05.2024 20:05:20.190000,692.715,685.217,6.23976,5.416,5.447,39.2575,3.99362,3.82632,18.7175,17.7916,692.52,695.135,7.9833,24.648,5.39341,0.340382,5.42571,3.64584,3.64584,1.0,1.0,1
43564,30.05.2024 20:05:20.200000,689.584,685.217,6.22728,5.416,5.432,39.2949,4.00062,3.8195,17.119,19.9264,690.965,693.615,9.73758,25.8849,6.78124,0.58235,5.42571,3.98582,3.98582,1.0,1.0,1
43565,30.05.2024 20:05:20.210000,694.446,693.457,6.22728,5.414,5.389,39.3077,4.00251,3.80831,17.119,19.9264,690.965,693.615,9.73758,25.8849,6.78124,0.58235,5.42621,3.98582,3.98582,1.0,1.0,1
43566,30.05.2024 20:05:20.220000,694.446,693.457,6.22092,5.414,5.389,39.3077,3.98996,3.80353,18.8428,19.9951,689.27,692.025,11.032,26.9023,7.54296,1.33455,5.42659,4.67303,4.67303,1.0,1.0,1
43567,30.05.2024 20:05:20.230000,692.138,687.936,6.22617,5.479,5.384,39.3459,3.97303,3.80345,18.8428,19.9951,689.27,692.025,11.032,26.9023,7.54296,1.33455,5.42659,4.67303,4.67303,1.0,1.0,1
43568,30.05.2024 20:05:20.240000,692.138,687.936,6.22617,5.479,5.384,39.3459,3.97303,3.80345,18.8428,19.9951,689.27,692.025,11.032,26.9023,7.54296,1.33455,5.42659,4.67303,4.67303,1.0,1.0,1
43569,30.05.2024 20:05:20.250000,686.123,687.359,6.22617,5.415,5.399,39.3459,3.95993,3.79539,17.234,14.1063,687.67,690.49,11.1268,27.4809,8.27659,2.30044,5.42722,4.67303,4.67303,1.0,1.0,1
43570,30.05.2024 20:05:20.260000,691.397,687.359,6.24316,5.424,5.437,39.3471,3.9316,3.78833,14.6966,18.5955,686.47,689.065,6.80805,19.0032,9.57059,3.32369,5.42746,4.6441,4.6441,1.0,1.0,1
43571,30.05.2024 20:05:20.270000,691.397,687.359,6.24316,5.424,5.437,39.3471,3.9316,3.78833,14.6966,18.5955,686.47,689.065,6.80805,19.0032,9.57059,3.32369,5.42746,4.6441,4.6441,1.0,1.0,1
43572,30.05.2024 20:05:20.280000,691.397,685.464,6.24316,5.502,5.437,39.3471,3.94463,3.78865,14.5648,17.2102,686.935,689.775,1.9978,8.18308,10.1027,4.40221,5.42775,4.40538,4.40538,1.0,1.0,1
43573,30.05.2024 20:05:20.290000,690.573,697.577,6.24556,5.499,5.383,39.4975,3.98515,3.80324,14.892,17.7561,686.61,690.71,2.65575,9.81575,10.9795,5.53728,5.42782,4.40538,4.40538,1.0,1.0,1
43574,30.05.2024 20:05:20.300000,690.573,697.577,6.23321,5.499,5.383,39.4975,4.03458,3.8249,16.7327,18.2575,687.105,691.105,-0.228905,12.4105,12.0605,6.90023,5.42801,4.40538,4.40538,1.0,1.0,1
43575,30.05.2024 20:05:20.310000,691.726,693.951,6.22242,5.46,5.386,39.9475,4.05574,3.82677,16.7327,18.2575,687.105,691.105,-0.228905,12.4105,12.0605,6.90023,5.42801,4.40538,4.40538,1.0,1.0,1
43576,30.05.2024 20:05:20.320000,691.726,693.951,6.22242,5.46,5.386,39.9475,4.05574,3.82677,16.7327,18.2575,687.105,691.105,-0.228905,12.4105,12.0605,6.90023,5.42801,4.40538,4.40538,1.0,1.0,1
43577,30.05.2024 20:05:20.330000,680.273,690.49,6.22242,5.411,5.407,39.9475,4.06011,3.82459,19.7733,22.8727,687.47,691.515,2.59599,11.8711,11.6812,7.32558,5.42842,5.51939,5.51939,1.0,1.0,1
43578,30.05.2024 20:05:20.340000,680.273,690.49,6.22242,5.411,5.407,39.9475,4.06011,3.82459,19.7733,22.8727,687.47,691.515,2.59599,11.8711,11.6812,7.32558,5.42842,5.51939,5.51939,1.0,1.0,1
43579,30.05.2024 20:05:20.350000,689.502,686.783,6.24968,5.396,5.43,41.2462,3.99134,3.79985,21.9453,20.8357,687.44,691.89,5.2592,13.0332,10.1839,6.62397,5.42864,4.78154,4.78154,1.0,1.0,1
43580,30.05.2024 20:05:20.360000,687.936,690.243,6.26086,5.469,5.482,42.0761,3.90894,3.78538,15.904,17.5767,687.215,691.94,7.96775,12.3969,7.79947,2.6843,5.42891,3.92072,3.92072,1.0,1.0,1
43581,30.05.2024 20:05:20.370000,687.936,690.243,6.26086,5.469,5.482,42.0761,3.90894,3.78538,15.904,17.5767,687.215,691.94,7.96775,12.3969,7.79947,2.6843,5.42891,3.92072,3.92072,1.0,1.0,1
43582,30.05.2024 20:05:20.380000,682.91,688.431,6.26086,5.505,5.538,43.0299,3.87933,3.77589,15.8256,17.4983,687.135,692.15,8.0665,9.96396,7.71356,1.78678,5.42945,3.72541,3.72541,1.0,1.0,1
43583,30.05.2024 20:05:20.390000,684.887,682.004,6.23375,5.527,5.528,44.1285,3.86185,3.7379,15.8256,17.4983,687.135,692.15,7.64535,8.42843,7.39903,1.90479,5.42971,3.72541,3.72541,1.0,1.0,1
43584,30.05.2024 20:05:20.400000,684.887,682.004,6.23375,5.527,5.528,44.1285,3.86185,3.7379,15.8256,17.4983,687.135,692.15,7.64535,8.42843,7.39903,1.90479,5.42971,3.72541,3.72541,1.0,1.0,1
43585,30.05.2024 20:05:20.410000,681.921,676.318,6.23375,5.536,5.552,44.1285,3.87588,3.72647,12.8489,14.8687,686.97,692.415,7.64535,8.42843,7.39903,1.90479,5.43036,3.53732,3.53732,1.0,1.0,1
43586,30.05.2024 20:05:20.420000,687.689,666.842,6.24273,5.601,5.573,46.3923,3.92577,3.66538,14.3984,11.0878,687.025,692.7,6.38336,7.90769,7.25777,2.28733,5.43086,3.53732,3.53732,1.0,1.0,1
43587,30.05.2024 20:05:20.430000,687.689,666.842,6.24273,5.601,5.573,46.3923,3.92577,3.66538,14.3984,11.0878,687.025,692.7,6.38336,7.90769,7.25777,2.28733,5.43086,3.53732,3.53732,1.0,1.0,1
43588,30.05.2024 20:05:20.440000,687.689,657.367,6.24273,5.643,5.573,46.3923,3.93755,3.65101,17.792,9.14763,687.125,692.895,6.20593,7.46174,7.67511,2.285,5.43154,3.40712,3.40712,1.0,1.0,1
43589,30.05.2024 20:05:20.450000,687.689,657.367,6.24273,5.643,5.573,46.3923,3.93755,3.65101,17.792,9.14763,687.125,692.895,6.20593,7.46174,7.67511,2.285,5.43154,3.40712,3.40712,1.0,1.0,1
43590,30.05.2024 20:05:20.460000,683.569,673.269,6.24985,5.629,5.623,48.8324,3.94486,3.6383,17.9277,7.73094,687.135,693.045,6.61986,7.52632,7.92971,2.20432,5.43188,3.13224,3.13224,1.0,1.0,1
43591,30.05.2024 20:05:20.470000,683.569,673.269,6.24985,5.629,5.623,48.8324,3.94486,3.6383,17.9277,7.73094,687.135,693.045,6.61986,7.52632,7.92971,2.20432,5.43188,3.13224,3.13224,1.0,1.0,1
43592,30.05.2024 20:05:20.480000,684.393,677.472,6.19516,5.648,5.652,50.0695,3.91208,3.65559,17.9539,7.12811,687.235,693.1,7.98621,6.63931,8.07844,2.02382,5.4323,3.01649,3.01649,1.0,1.0,1
43593,30.05.2024 20:05:20.490000,682.498,670.715,6.21359,5.681,5.657,51.3742,3.87952,3.66312,14.9355,7.88878,687.23,693.2,8.53705,6.00735,8.18618,1.9794,5.43295,2.40163,2.40163,1.0,1.0,1
43594,30.05.2024 20:05:20.500000,691.562,692.962,6.1849,5.686,5.619,52.5213,3.85938,3.66321,14.9355,7.88878,687.23,693.2,8.53705,6.00735,8.18618,1.9794,5.43343,2.40163,2.40163,1.0,1.0,1
43595,30.05.2024 20:05:20.510000,691.562,691.232,6.1849,5.708,5.619,52.5213,3.84014,3.66269,12.3504,7.76783,687.17,693.245,9.01326,5.53295,8.15666,1.88504,5.43414,1.35995,1.35995,1.0,1.0,1
43596,30.05.2024 20:05:20.520000,680.52,691.232,6.12913,5.708,5.627,53.6686,3.84087,3.65933,13.2296,7.74878,687.115,693.29,8.71222,5.10552,8.0437,1.91198,5.43414,0.71615,0.71615,1.0,1.0,1
43597,30.05.2024 20:05:20.530000,667.831,696.341,6.12913,5.681,5.623,54.8899,3.84301,3.65471,13.2296,7.74878,687.115,693.29,8.71222,5.10552,8.0437,1.91198,5.4349,0.71615,0.71615,1.0,1.0,1
43598,30.05.2024 20:05:20.540000,667.831,696.341,6.09017,5.681,5.623,54.8899,3.85551,3.65863,13.3711,7.99862,687.06,693.285,8.44075,4.85255,8.16624,1.80772,5.43566,0.665508,0.665508,1.0,1.0,1
43599,30.05.2024 20:05:20.550000,635.037,690.985,6.09119,5.724,5.591,56.1394,3.86484,3.66329,13.3711,7.99862,687.06,693.285,8.44075,4.85255,8.16624,1.80772,5.43566,0.665508,0.665508,1.0,1.0,1
43600,30.05.2024 20:05:20.560000,635.037,690.985,6.09119,5.724,5.591,56.1394,3.86484,3.66329,13.3711,7.99862,687.06,693.285,8.44075,4.85255,8.16624,1.80772,5.43566,0.665508,0.665508,1.0,1.0,1
43601,30.05.2024 20:05:20.570000,623.749,694.363,6.09119,5.738,5.547,56.1394,3.87254,3.66477,10.9152,7.49688,687.11,693.28,7.74738,4.44975,8.51276,1.8476,5.43654,0.506364,0.506364,1.0,1.0,1
43602,30.05.2024 20:05:20.580000,590.707,670.715,6.01683,5.688,5.496,58.2307,3.888,3.67249,14.1677,9.51053,687.12,693.265,7.55673,3.99138,8.63416,1.82251,5.43747,0.513598,0.513598,1.0,1.0,1
43603,30.05.2024 20:05:20.590000,590.707,670.715,6.01683,5.688,5.496,58.2307,3.888,3.67249,14.1677,9.51053,687.12,693.265,7.55673,3.99138,8.63416,1.82251,5.43747,0.513598,0.513598,1.0,1.0,1
43604,30.05.2024 20:05:20.600000,590.707,647.479,6.01683,5.64,5.496,58.2307,3.89312,3.6737,13.8372,12.7574,687.11,693.28,7.42753,3.74669,8.84999,1.94248,5.43868,0.224248,0.224248,1.0,1.0,1
43605,30.05.2024 20:05:20.610000,568.789,614.355,5.9964,5.624,5.456,60.3506,3.90451,3.67739,15.8785,11.7092,687.115,693.28,7.22527,3.66611,9.03755,1.97973,5.4397,0.0651032,0.0651032,1.0,1.0,1
43606,30.05.2024 20:05:20.620000,568.789,614.355,5.97078,5.624,5.456,60.3506,3.90429,3.67141,17.6276,11.8785,687.1,693.315,7.18278,3.79895,9.12807,1.96501,5.44107,-0.130206,-0.130206,1.0,1.0,1
43607,30.05.2024 20:05:20.630000,564.258,617.157,5.92965,5.616,5.433,61.5634,3.89473,3.66884,17.6276,11.8785,687.1,693.315,7.18278,3.79895,9.12807,1.96501,5.44107,-0.130206,-0.130206,1.0,1.0,1
43608,30.05.2024 20:05:20.640000,562.115,609.082,5.92965,5.619,5.418,61.5634,3.87967,3.66803,18.3664,12.1385,687.075,693.305,6.95156,4.09183,8.72621,1.96904,5.44222,-0.130206,-0.130206,1.0,1.0,1
43609,30.05.2024 20:05:20.650000,562.115,609.082,5.94761,5.619,5.418,62.5693,3.8677,3.66832,15.6281,11.4695,687.07,693.25,6.66805,4.2623,8.55755,1.95952,5.44222,0.115737,0.115737,1.0,1.0,1
43610,30.05.2024 20:05:20.660000,566.482,609.988,5.96936,5.573,5.408,63.7238,3.85811,3.6681,15.6281,11.4695,687.07,693.25,6.66805,4.2623,8.55755,1.95952,5.44335,0.115737,0.115737,1.0,1.0,1
43611,30.05.2024 20:05:20.670000,566.482,610.73,5.96936,5.558,5.408,63.7238,3.83915,3.66888,15.5828,13.8167,687.12,693.17,6.39411,4.1753,8.59758,1.97401,5.44438,0.108503,0.108503,1.0,1.0,1
43612,30.05.2024 20:05:20.680000,560.55,610.73,5.92739,5.558,5.438,64.8569,3.83142,3.6701,15.4874,12.6282,687.135,693.14,6.57393,3.86896,8.43815,1.91833,5.44438,0.108503,0.108503,1.0,1.0,1
43613,30.05.2024 20:05:20.690000,560.55,610.73,5.92739,5.558,5.438,64.8569,3.83142,3.6701,15.4874,12.6282,687.135,693.14,6.57393,3.86896,8.43815,1.91833,5.44438,0.108503,0.108503,1.0,1.0,1
43614,30.05.2024 20:05:20.700000,566.318,618.722,5.92739,5.537,5.504,65.8561,3.82455,3.67167,12.6143,10.3125,687.135,693.145,6.77054,3.75211,8.51881,1.91475,5.44508,0.245951,0.245951,1.0,1.0,1
43615,30.05.2024 20:05:20.710000,576.123,613.037,5.87183,5.545,5.513,66.9122,3.80807,3.67371,12.6143,10.3125,687.135,693.145,6.83132,4.17243,8.64161,1.98787,5.44567,0.260413,0.260413,1.0,1.0,1
43616,30.05.2024 20:05:20.720000,573.733,615.674,5.87183,5.591,5.53,66.9122,3.81037,3.67409,13.2795,10.0159,687.115,693.09,6.83132,4.17243,8.64161,1.98787,5.44585,0.260413,0.260413,1.0,1.0,1
43617,30.05.2024 20:05:20.730000,573.733,615.674,5.88172,5.591,5.53,67.8953,3.81187,3.67325,14.5057,12.9174,687.075,692.965,6.84536,4.17842,8.71285,1.95882,5.44585,0.260413,0.260413,1.0,1.0,1
43618,30.05.2024 20:05:20.740000,573.733,615.674,5.88172,5.591,5.53,67.8953,3.81187,3.67325,14.5057,12.9174,687.075,692.965,6.84536,4.17842,8.71285,1.95882,5.44585,0.260413,0.260413,1.0,1.0,1
43619,30.05.2024 20:05:20.750000,571.673,615.344,5.90859,5.602,5.538,68.9519,3.81235,3.67298,14.947,13.4714,687.09,692.875,6.58167,3.53118,8.90253,2.02722,5.44613,0.52806,0.52806,1.0,1.0,1
43620,30.05.2024 20:05:20.760000,571.673,615.344,5.90859,5.602,5.538,68.9519,3.81235,3.67298,14.947,13.4714,687.09,692.875,6.58167,3.53118,8.90253,2.02722,5.44613,0.52806,0.52806,1.0,1.0,1
43621,30.05.2024 20:05:20.770000,567.554,616.25,5.86739,5.609,5.537,70.007,3.81546,3.6807,14.7842,9.45538,687.1,692.86,6.43029,3.05923,9.12581,1.98187,5.44651,0.52806,0.52806,1.0,1.0,1
43622,30.05.2024 20:05:20.780000,567.554,616.25,5.86739,5.609,5.537,70.007,3.81546,3.6807,14.7842,9.45538,687.1,692.86,6.43029,3.05923,9.12581,1.98187,5.44651,0.52806,0.52806,1.0,1.0,1
43623,30.05.2024 20:05:20.790000,571.014,618.97,5.82634,5.623,5.552,71.2271,3.82933,3.67881,15.6206,13.8342,687.1,692.865,6.40947,3.1696,9.15305,1.94554,5.44721,0.882521,0.882521,1.0,1.0,1
43624,30.05.2024 20:05:20.800000,570.19,620.37,5.85192,5.629,5.554,72.4234,3.84155,3.66974,15.2648,11.2412,687.065,692.785,6.361,3.55969,8.90146,1.93328,5.4479,0.889756,0.889756,1.0,1.0,1
43625,30.05.2024 20:05:20.810000,570.19,620.37,5.83221,5.629,5.554,73.4759,3.84702,3.67164,14.0367,9.48145,687.075,692.675,5.95141,3.39948,8.7017,2.04474,5.4479,1.43228,1.43228,1.0,1.0,1
43626,30.05.2024 20:05:20.820000,584.033,617.486,5.77116,5.649,5.512,74.5745,3.85129,3.67343,14.0367,9.48145,687.075,692.675,5.95141,3.39948,8.7017,2.04474,5.44875,1.43228,1.43228,1.0,1.0,1
43627,30.05.2024 20:05:20.830000,584.033,620.288,5.77116,5.651,5.512,74.5745,3.8506,3.66471,16.7662,10.2282,687.055,692.615,5.86213,3.12731,8.48583,2.00713,5.44932,2.01823,2.01823,1.0,1.0,1
43628,30.05.2024 20:05:20.840000,571.014,620.288,5.7854,5.651,5.484,75.5559,3.84203,3.65919,14.8912,10.8312,687.06,692.58,5.5418,2.98149,8.17096,2.00622,5.44932,2.25694,2.25694,1.0,1.0,1
43629,30.05.2024 20:05:20.850000,568.46,614.685,5.7854,5.631,5.484,76.4688,3.83083,3.65872,14.8912,10.8312,687.06,692.58,5.5418,2.98149,8.17096,2.00622,5.44985,2.25694,2.25694,1.0,1.0,1
43630,30.05.2024 20:05:20.860000,568.46,614.685,5.81186,5.631,5.484,76.4688,3.81215,3.66019,12.8177,8.85448,687.06,692.505,5.34328,2.96806,8.01678,2.13068,5.45071,2.60416,2.60416,1.0,1.0,1
43631,30.05.2024 20:05:20.870000,568.46,614.685,5.81186,5.631,5.484,76.4688,3.81215,3.66019,12.8177,8.85448,687.06,692.505,5.34328,2.96806,8.01678,2.13068,5.45071,2.60416,2.60416,1.0,1.0,1
43632,30.05.2024 20:05:20.880000,568.625,610.071,5.75399,5.63,5.541,77.5267,3.8002,3.65347,14.1829,9.88451,687.055,692.41,5.2638,3.02027,7.99717,2.03948,5.45071,2.41609,2.41609,1.0,1.0,1
43633,30.05.2024 20:05:20.890000,564.258,613.614,5.69764,5.618,5.564,78.4199,3.78203,3.63824,12.9374,12.5589,687.03,692.35,5.08977,2.86128,7.73887,2.04514,5.45177,2.43056,2.43056,1.0,1.0,1
43634,30.05.2024 20:05:20.900000,582.715,590.79,5.67599,5.638,5.567,79.3391,3.77508,3.63782,12.9374,12.5589,687.03,692.35,5.08977,2.86128,7.73887,2.04514,5.45255,2.43056,2.43056,1.0,1.0,1
43635,30.05.2024 20:05:20.910000,582.715,590.79,5.67599,5.638,5.567,79.3391,3.77508,3.63782,12.9374,12.5589,687.03,692.35,5.08977,2.86128,7.73887,2.04514,5.45255,2.43056,2.43056,1.0,1.0,1
43636,30.05.2024 20:05:20.920000,582.715,592.438,5.67599,5.633,5.567,79.3391,3.77552,3.64373,11.0551,9.35641,687.045,692.31,4.88461,2.73424,7.68444,2.10029,5.45333,2.43779,2.43779,1.0,1.0,1
43637,30.05.2024 20:05:20.930000,582.715,592.438,5.67599,5.633,5.567,79.3391,3.77552,3.64373,11.0551,9.35641,687.045,692.31,4.88461,2.73424,7.68444,2.10029,5.45333,2.43779,2.43779,1.0,1.0,1
43638,30.05.2024 20:05:20.940000,579.501,587.576,5.65924,5.634,5.546,80.9772,3.78476,3.65047,12.3275,10.9861,687.055,692.255,4.86979,3.07629,7.86723,2.20715,5.4543,2.43779,2.43779,1.0,1.0,1
43639,30.05.2024 20:05:20.950000,579.501,587.576,5.65924,5.634,5.546,80.9772,3.78476,3.65047,12.3275,10.9861,687.055,692.255,4.86979,3.07629,7.86723,2.20715,5.4543,2.43779,2.43779,1.0,1.0,1
43640,30.05.2024 20:05:20.960000,568.542,577.441,5.61431,5.617,5.472,81.6708,3.80968,3.64371,12.8716,12.854,687.065,692.195,5.12416,3.58814,7.59461,2.16224,5.45516,2.6765,2.6765,1.0,1.0,1
43641,30.05.2024 20:05:20.970000,568.542,577.441,5.61431,5.617,5.472,81.6708,3.80968,3.64371,12.8716,12.854,687.065,692.195,5.12416,3.58814,7.59461,2.16224,5.45516,2.6765,2.6765,1.0,1.0,1
43642,30.05.2024 20:05:20.980000,569.366,572.168,5.59308,5.621,5.527,82.4256,3.80509,3.64369,12.8459,10.8067,687.025,691.975,5.06784,3.77306,7.62348,2.17593,5.45585,2.7199,2.7199,1.0,1.0,1
43643,30.05.2024 20:05:20.990000,579.748,580.325,5.54758,5.586,5.496,82.9455,3.80629,3.60799,16.3037,12.8986,687.005,691.87,4.97291,3.47371,7.66322,2.1495,5.45779,3.02373,3.02373,1.0,1.0,1
43644,30.05.2024 20:05:21.000000,578.265,580.325,5.49986,5.586,5.459,83.5187,3.80621,3.61844,15.5002,9.1164,686.98,691.83,4.70623,3.30152,7.57152,2.15464,5.45779,3.69646,3.69646,1.0,1.0,1
43645,30.05.2024 20:05:21.010000,572.003,578.76,5.49986,5.594,5.452,84.0631,3.81165,3.61433,15.5002,9.1164,686.98,691.83,4.70623,3.30152,7.57152,2.15464,5.45862,3.69646,3.69646,1.0,1.0,1
43646,30.05.2024 20:05:21.020000,572.003,578.76,5.46154,5.594,5.452,84.0631,3.80517,3.58693,14.0713,10.2037,686.96,691.77,4.41777,3.42917,7.54359,2.15533,5.45932,3.69646,3.69646,1.0,1.0,1
43647,30.05.2024 20:05:21.030000,574.805,581.314,5.45715,5.56,5.421,84.5823,3.79278,3.6027,14.0713,10.2037,686.96,691.77,4.41777,3.42917,7.54359,2.15533,5.45932,3.69646,3.69646,1.0,1.0,1
43648,30.05.2024 20:05:21.040000,572.745,567.966,5.45715,5.545,5.384,84.5823,3.78395,3.61429,16.7943,8.85479,686.975,691.665,4.25106,3.59546,7.43168,2.15509,5.45981,4.05816,4.05816,1.0,1.0,1
43649,30.05.2024 20:05:21.050000,572.745,567.966,5.45715,5.545,5.384,84.5823,3.78395,3.61429,16.7943,8.85479,686.975,691.665,4.25106,3.59546,7.43168,2.15509,5.45981,4.05816,4.05816,1.0,1.0,1
43650,30.05.2024 20:05:21.060000,572.745,567.966,5.45112,5.545,5.384,84.9929,3.78166,3.61462,13.0001,10.8251,686.96,691.6,4.17032,3.50675,7.15388,2.12327,5.45981,4.31135,4.31135,1.0,1.0,1
43651,30.05.2024 20:05:21.070000,572.745,567.966,5.45112,5.545,5.384,84.9929,3.78166,3.61462,13.0001,10.8251,686.96,691.6,4.17032,3.50675,7.15388,2.12327,5.45981,4.31135,4.31135,1.0,1.0,1
43652,30.05.2024 20:05:21.080000,573.157,567.389,5.44096,5.507,5.395,85.2833,3.78215,3.64224,13.6318,8.35384,686.975,691.53,4.07004,3.6549,7.08698,2.18525,5.4607,4.31135,4.31135,1.0,1.0,1
43653,30.05.2024 20:05:21.090000,572.909,560.715,5.42254,5.505,5.356,85.9288,3.79083,3.62806,14.9232,10.5686,686.95,691.46,4.05388,3.86039,6.89214,2.17215,5.46085,4.78877,4.78877,1.0,1.0,1
43654,30.05.2024 20:05:21.100000,572.909,560.715,5.41543,5.505,5.356,85.9288,3.79222,3.63491,15.4265,8.75957,686.925,691.35,4.10541,4.06999,6.76484,2.11864,5.46133,4.56452,4.56452,1.0,1.0,1
43655,30.05.2024 20:05:21.110000,554.205,546.707,5.42324,5.511,5.421,86.2017,3.78883,3.62794,15.4265,8.75957,686.925,691.35,4.10541,4.06999,6.76484,2.11864,5.46133,4.56452,4.56452,1.0,1.0,1
43656,30.05.2024 20:05:21.120000,541.269,542.175,5.42324,5.526,5.38,86.2017,3.78772,3.61145,15.3698,10.8188,686.905,691.265,3.96545,3.93129,6.69148,2.09662,5.46163,4.61517,4.61517,1.0,1.0,1
43657,30.05.2024 20:05:21.130000,541.269,542.175,5.42744,5.526,5.38,86.4324,3.79006,3.60485,13.9024,8.80382,686.91,691.215,3.77739,3.96964,6.76072,2.21727,5.46163,4.85388,4.85388,1.0,1.0,1
43658,30.05.2024 20:05:21.140000,529.898,544.482,5.43183,5.487,5.42,86.5945,3.78403,3.6232,13.9024,8.80382,686.91,691.215,3.77739,3.96964,6.76072,2.21727,5.46196,4.85388,4.85388,1.0,1.0,1
43659,30.05.2024 20:05:21.150000,529.898,539.456,5.43183,5.487,5.42,86.5945,3.77652,3.639,14.8324,9.29719,686.91,691.16,3.83843,4.27806,6.82285,2.21758,5.46227,5.06365,5.06365,1.0,1.0,1
43660,30.05.2024 20:05:21.160000,529.898,539.456,5.43183,5.487,5.42,86.5945,3.77652,3.639,14.8324,9.29719,686.91,691.16,3.83843,4.27806,6.82285,2.21758,5.46227,5.06365,5.06365,1.0,1.0,1
43661,30.05.2024 20:05:21.170000,540.362,539.456,5.46391,5.471,5.35,86.8061,3.77332,3.63601,12.5309,12.1823,686.89,691.045,4.01324,4.58298,6.60512,2.15496,5.46227,5.01303,5.01303,1.0,1.0,1
43662,30.05.2024 20:05:21.180000,540.362,539.456,5.46391,5.471,5.35,86.8061,3.77332,3.63601,12.5309,12.1823,686.89,691.045,4.01324,4.58298,6.60512,2.15496,5.46227,5.01303,5.01303,1.0,1.0,1
43663,30.05.2024 20:05:21.190000,525.201,537.231,5.49366,5.464,5.384,87.0371,3.7434,3.64986,12.5839,10.0663,686.85,690.94,3.99123,4.5354,6.61148,2.2362,5.46163,4.93345,4.93345,1.0,1.0,1
43664,30.05.2024 20:05:21.200000,525.201,537.231,5.49366,5.464,5.384,87.0371,3.7434,3.64986,12.5839,10.0663,686.85,690.94,3.99123,4.5354,6.61148,2.2362,5.46163,4.93345,4.93345,1.0,1.0,1
43665,30.05.2024 20:05:21.210000,489.853,511.358,5.48215,5.48,5.443,87.0941,3.74565,3.64587,12.7451,10.3581,686.85,690.87,3.77534,4.39676,6.77178,2.23338,5.46155,5.07812,5.07812,1.0,1.0,1
43666,30.05.2024 20:05:21.220000,475.104,476.587,5.5002,5.509,5.437,86.9689,3.77109,3.63904,13.5946,14.4922,686.825,690.795,3.77269,4.39558,6.73311,2.21708,5.4611,5.23003,5.23003,1.0,1.0,1
43667,30.05.2024 20:05:21.230000,475.104,476.587,5.5002,5.509,5.437,86.9689,3.77109,3.63904,13.5946,14.4922,686.825,690.795,3.77269,4.39558,6.73311,2.21708,5.4611,5.23003,5.23003,1.0,1.0,1
43668,30.05.2024 20:05:21.240000,475.104,438.519,5.5002,5.546,5.437,86.9689,3.78115,3.63323,11.0142,13.3158,686.78,690.695,3.68028,4.47363,6.66593,2.23677,5.46092,5.47598,5.47598,1.0,1.0,1
43669,30.05.2024 20:05:21.250000,456.482,424.676,5.52725,5.502,5.423,87.2545,3.79524,3.63626,13.6907,11.1055,686.77,690.615,3.39137,4.24054,6.67599,2.20328,5.46077,5.47598,5.47598,1.0,1.0,1
43670,30.05.2024 20:05:21.260000,456.482,424.676,5.54779,5.502,5.423,87.2545,3.79362,3.63879,14.3946,9.86367,686.765,690.55,3.37248,4.1724,6.74543,2.20486,5.46074,5.62789,5.62789,1.0,1.0,1
43671,30.05.2024 20:05:21.270000,443.628,419.568,5.56662,5.513,5.469,87.3605,3.78054,3.6372,14.3946,9.86367,686.765,690.55,3.37248,4.1724,6.74543,2.20486,5.46074,5.62789,5.62789,1.0,1.0,1
43672,30.05.2024 20:05:21.280000,427.396,396.167,5.56662,5.519,5.425,87.3605,3.75651,3.63821,14.3371,12.8646,686.735,690.49,3.31451,4.29056,6.57419,2.18741,5.4606,6.01128,6.01128,1.0,1.0,1
43673,30.05.2024 20:05:21.290000,427.396,396.167,5.55798,5.519,5.425,87.5634,3.73432,3.64027,13.1415,11.5166,686.715,690.395,3.2593,4.27522,6.46758,2.28948,5.4606,6.01128,6.01128,1.0,1.0,1
43674,30.05.2024 20:05:21.300000,387.927,365.433,5.5907,5.531,5.541,87.6793,3.71667,3.6394,13.1415,11.5166,686.715,690.395,3.2593,4.27522,6.46758,2.28948,5.46055,6.01128,6.01128,1.0,1.0,1
43675,30.05.2024 20:05:21.310000,387.927,365.433,5.5907,5.531,5.541,87.6793,3.71667,3.6394,13.1415,11.5166,686.715,690.395,3.2593,4.27522,6.46758,2.28948,5.46055,6.01128,6.01128,1.0,1.0,1
43676,30.05.2024 20:05:21.320000,387.927,332.638,5.5907,5.567,5.541,87.6793,3.69875,3.63717,10.8051,12.3926,686.695,690.34,3.20942,4.3168,6.46806,2.28357,5.46099,6.17766,6.17766,1.0,1.0,1
43677,30.05.2024 20:05:21.330000,387.927,332.638,5.5907,5.567,5.541,87.6793,3.69875,3.63717,10.8051,12.3926,686.695,690.34,3.20942,4.3168,6.46806,2.28357,5.46099,6.17766,6.17766,1.0,1.0,1
43678,30.05.2024 20:05:21.340000,372.766,308.908,5.58246,5.585,5.475,87.8344,3.71709,3.6301,13.1599,14.7457,686.69,690.29,3.17755,4.37538,6.5276,2.27944,5.4613,6.23553,6.23553,1.0,1.0,1
43679,30.05.2024 20:05:21.350000,372.766,308.908,5.58246,5.585,5.475,87.8344,3.71709,3.6301,13.1599,14.7457,686.69,690.29,3.17755,4.37538,6.5276,2.27944,5.4613,6.23553,6.23553,1.0,1.0,1
43680,30.05.2024 20:05:21.360000,345.328,264.908,5.59707,5.588,5.506,87.9889,3.77465,3.62303,10.2993,12.2424,686.665,690.19,3.24184,4.62598,6.5376,2.2873,5.46155,6.28617,6.28617,1.0,1.0,1
43681,30.05.2024 20:05:21.370000,345.328,264.908,5.59707,5.588,5.506,87.9889,3.77465,3.62303,10.2993,12.2424,686.665,690.19,3.24184,4.62598,6.5376,2.2873,5.46155,6.28617,6.28617,1.0,1.0,1
43682,30.05.2024 20:05:21.380000,340.054,261.694,5.60493,5.544,5.442,88.0326,3.79959,3.62299,15.1888,13.3063,686.62,689.99,3.29339,4.29272,6.64702,2.37259,5.46161,6.19213,6.19213,1.0,1.0,1
43683,30.05.2024 20:05:21.390000,340.054,261.694,5.60493,5.544,5.442,88.0326,3.79959,3.62299,15.1888,13.3063,686.62,689.99,3.29339,4.29272,6.64702,2.37259,5.46161,6.19213,6.19213,1.0,1.0,1
43684,30.05.2024 20:05:21.400000,326.623,222.308,5.61272,5.567,5.477,88.0966,3.78161,3.61763,15.5234,12.6789,686.59,689.935,3.3491,4.20237,6.6619,2.29038,5.46256,6.19213,6.19213,1.0,1.0,1
43685,30.05.2024 20:05:21.410000,284.601,190.915,5.62128,5.564,5.498,88.127,3.75523,3.61682,16.4945,11.8624,686.59,689.87,3.34217,4.33744,6.78847,2.34433,5.46281,6.1849,6.1849,1.0,1.0,1
43686,30.05.2024 20:05:21.420000,284.601,190.915,5.60253,5.564,5.498,88.127,3.75247,3.60315,11.9849,8.89793,686.565,689.8,3.46835,4.433,6.82095,2.35028,5.46328,6.33681,6.33681,1.0,1.0,1
43687,30.05.2024 20:05:21.430000,284.601,190.915,5.60253,5.564,5.498,88.127,3.75247,3.60315,11.9849,8.89793,686.565,689.8,3.46835,4.433,6.82095,2.35028,5.46328,6.33681,6.33681,1.0,1.0,1
43688,30.05.2024 20:05:21.440000,233.02,143.701,5.55406,5.597,5.564,88.1295,3.75613,3.5943,13.8203,11.9858,686.515,689.755,3.42928,4.59184,6.97518,2.38035,5.46328,6.28617,6.28617,1.0,1.0,1
43689,30.05.2024 20:05:21.450000,244.308,118.323,5.55368,5.587,5.421,88.3209,3.78156,3.59268,14.3324,7.20629,686.495,689.66,3.33558,4.85205,6.96626,2.4297,5.46411,6.2934,6.2934,1.0,1.0,1
43690,30.05.2024 20:05:21.460000,226.099,111.237,5.57819,5.584,5.502,88.6258,3.79016,3.59068,14.3324,7.20629,686.495,689.66,3.33558,4.85205,6.96626,2.4297,5.46476,6.2934,6.2934,1.0,1.0,1
43691,30.05.2024 20:05:21.470000,226.099,105.798,5.57819,5.534,5.502,88.6258,3.78978,3.57454,14.426,8.42198,686.475,689.575,3.33074,4.8439,7.01739,2.43559,5.46543,6.49595,6.49595,1.0,1.0,1
43692,30.05.2024 20:05:21.480000,183.087,105.798,5.56814,5.534,5.529,88.8727,3.76492,3.5717,14.5984,5.16818,686.45,689.505,3.31193,4.66387,7.01685,2.42559,5.46543,6.61893,6.61893,1.0,1.0,1
43693,30.05.2024 20:05:21.490000,183.087,105.798,5.56814,5.534,5.529,88.8727,3.76492,3.5717,14.5984,5.16818,686.45,689.505,3.31193,4.66387,7.01685,2.42559,5.46543,6.61893,6.61893,1.0,1.0,1
43694,30.05.2024 20:05:21.500000,181.934,103.821,5.56814,5.531,5.426,89.071,3.75024,3.57231,12.2039,7.43675,686.445,689.475,3.29062,4.74535,6.88578,2.41815,5.46615,6.7419,6.7419,1.0,1.0,1
43695,30.05.2024 20:05:21.510000,163.394,92.6147,5.53407,5.533,5.534,89.1507,3.67697,3.58467,12.2039,7.43675,686.445,689.475,3.33335,4.99869,6.71072,2.49982,5.46688,6.73467,6.73467,1.0,1.0,1
43696,30.05.2024 20:05:21.520000,163.394,92.6147,5.53407,5.533,5.534,89.1507,3.67697,3.58467,12.2039,7.43675,686.445,689.475,3.33335,4.99869,6.71072,2.49982,5.46688,6.73467,6.73467,1.0,1.0,1
43697,30.05.2024 20:05:21.530000,126.068,62.7868,5.53407,5.557,5.573,89.1507,3.67148,3.57989,11.0009,6.75655,686.425,689.405,3.33335,4.99869,6.71072,2.49982,5.46769,7.08189,7.08189,1.0,1.0,1
43698,30.05.2024 20:05:21.540000,135.379,-0.906372,5.4973,5.558,5.457,89.2525,3.70434,3.5871,8.94549,8.13822,686.37,689.31,3.33156,5.07799,6.73345,2.46564,5.46843,7.08189,7.08189,1.0,1.0,1
43699,30.05.2024 20:05:21.550000,135.379,-0.906372,5.4973,5.558,5.457,89.2525,3.70434,3.5871,8.94549,8.13822,686.37,689.31,3.33156,5.07799,6.73345,2.46564,5.46843,7.08189,7.08189,1.0,1.0,1
43700,30.05.2024 20:05:21.560000,135.379,14.5019,5.4973,5.526,5.457,89.2525,3.73303,3.59001,10.9833,7.26316,686.335,689.23,3.2641,5.12825,6.7292,2.46676,5.4693,7.08189,7.08189,1.0,1.0,1
43701,30.05.2024 20:05:21.570000,135.379,14.5019,5.4973,5.526,5.457,89.2525,3.73303,3.59001,10.9833,7.26316,686.335,689.23,3.2641,5.12825,6.7292,2.46676,5.4693,7.08189,7.08189,1.0,1.0,1
43702,30.05.2024 20:05:21.580000,116.675,-3.2959,5.52534,5.481,5.484,89.3448,3.78061,3.58184,11.9025,8.5828,686.3,689.15,3.2374,5.10636,6.62687,2.40731,5.46982,7.03849,7.03849,0.0,1.0,1
43703,30.05.2024 20:05:21.590000,116.675,-3.2959,5.52534,5.481,5.484,89.3448,3.78061,3.58184,11.9025,8.5828,686.3,689.15,3.2374,5.10636,6.62687,2.40731,5.46982,7.03849,7.03849,0.0,1.0,1
43704,30.05.2024 20:05:21.600000,117.252,9.97009,5.51206,5.441,5.43,89.4034,3.79184,3.59219,11.8821,8.21327,686.29,689.1,3.04364,5.21601,6.88908,2.56801,5.47059,6.92998,6.92998,0.0,1.0,1
43705,30.05.2024 20:05:21.610000,117.252,9.97009,5.51206,5.441,5.43,89.4034,3.79184,3.59219,11.8821,8.21327,686.29,689.1,3.04364,5.21601,6.88908,2.56801,5.47059,6.92998,6.92998,0.0,1.0,1
43706,30.05.2024 20:05:21.620000,113.379,-6.09741,5.50804,5.451,5.43,89.4771,3.75876,3.60269,12.9467,10.8717,686.225,688.97,3.01831,5.49188,6.93083,2.51842,5.4713,6.80701,6.80701,0.0,1.0,1
43707,30.05.2024 20:05:21.630000,104.974,-66.5771,5.50707,5.441,5.439,89.5274,3.72622,3.5904,13.742,14.2889,686.22,688.9,3.00524,5.43663,6.85901,2.56562,5.47219,6.8287,6.8287,0.0,1.0,1
43708,30.05.2024 20:05:21.640000,101.678,-66.5771,5.49533,5.441,5.431,89.5981,3.72543,3.59028,10.2202,8.06171,686.195,688.835,3.20183,5.4849,6.73308,2.50918,5.47219,6.8287,6.8287,0.0,1.0,1
43709,30.05.2024 20:05:21.650000,80.8319,-82.8094,5.49533,5.444,5.438,89.5587,3.72253,3.5849,10.2202,8.06171,686.195,688.835,3.20183,5.4849,6.73308,2.50918,5.47231,6.8287,6.8287,0.0,1.0,1
43710,30.05.2024 20:05:21.660000,80.8319,-82.8094,5.49533,5.444,5.438,89.5587,3.72253,3.5849,10.2202,8.06171,686.195,688.835,3.20183,5.4849,6.73308,2.50918,5.47231,6.8287,6.8287,0.0,1.0,1
43711,30.05.2024 20:05:21.670000,80.8319,-82.8094,5.49462,5.444,5.438,89.5587,3.72558,3.56768,12.276,8.57102,686.16,688.73,3.20939,5.70151,6.68515,2.55168,5.47243,6.92998,6.92998,0.0,1.0,1
43712,30.05.2024 20:05:21.680000,80.8319,-82.8094,5.49462,5.444,5.438,89.5587,3.72558,3.56768,12.276,8.57102,686.16,688.73,3.20939,5.70151,6.68515,2.55168,5.47243,6.92998,6.92998,0.0,1.0,1
43713,30.05.2024 20:05:21.690000,61.9629,-106.787,5.50715,5.485,5.393,89.582,3.72469,3.56988,10.525,10.6119,686.14,688.65,3.2197,5.37391,6.64043,2.57285,5.47268,7.09635,7.09635,0.0,1.0,1
43714,30.05.2024 20:05:21.700000,61.9629,-106.787,5.50715,5.485,5.393,89.582,3.72469,3.56988,10.525,10.6119,686.14,688.65,3.2197,5.37391,6.64043,2.57285,5.47268,7.09635,7.09635,0.0,1.0,1
43715,30.05.2024 20:05:21.710000,45.4834,-111.484,5.5356,5.476,5.407,89.6651,3.71414,3.57285,10.1754,8.71982,686.12,688.605,3.1205,5.06674,6.54334,2.66007,5.47304,7.09635,7.09635,0.0,1.0,1
43716,30.05.2024 20:05:21.720000,45.4834,-111.484,5.5356,5.476,5.407,89.6651,3.71414,3.57285,10.1754,8.71982,686.12,688.605,3.1205,5.06674,6.54334,2.66007,5.47304,7.09635,7.09635,0.0,1.0,1
43717,30.05.2024 20:05:21.730000,25.2136,-111.401,5.52868,5.482,5.429,89.627,3.70187,3.57841,9.66302,10.112,686.085,688.495,3.28781,5.31243,6.6246,2.62965,5.47341,7.11082,7.11082,0.0,1.0,1
43718,30.05.2024 20:05:21.740000,25.2136,-111.401,5.52868,5.482,5.429,89.627,3.70187,3.57841,9.66302,10.112,686.085,688.495,3.28781,5.31243,6.6246,2.62965,5.47341,7.11082,7.11082,0.0,1.0,1
43719,30.05.2024 20:05:21.750000,0.0,-116.84,5.52528,5.476,5.44,89.6411,3.71346,3.58726,11.6736,7.09953,686.04,688.45,3.43164,5.29606,6.57551,2.64371,5.47383,6.92998,6.92998,0.0,1.0,1
43720,30.05.2024 20:05:21.760000,-24.2248,-150.046,5.53689,5.517,5.446,89.6274,3.73952,3.5915,14.3335,9.13949,686.0,688.36,3.34859,5.43847,6.61882,2.68083,5.47434,7.03849,7.03849,0.0,1.0,1
43721,30.05.2024 20:05:21.770000,-24.2248,-150.046,5.5652,5.517,5.446,89.6081,3.75611,3.59388,12.4571,11.3956,685.975,688.265,3.2853,5.45778,6.71035,2.76301,5.47434,6.93721,6.93721,0.0,1.0,1
43722,30.05.2024 20:05:21.780000,-32.6294,-164.383,5.57208,5.519,5.428,89.6005,3.76682,3.60042,12.4571,11.3956,685.975,688.265,3.2853,5.45778,6.71035,2.76301,5.47451,6.93721,6.93721,0.0,1.0,1
43723,30.05.2024 20:05:21.790000,-32.6294,-164.383,5.57208,5.519,5.428,89.6005,3.76682,3.60042,12.4571,11.3956,685.975,688.265,3.2853,5.45778,6.71035,2.76301,5.47451,6.93721,6.93721,0.0,1.0,1
43724,30.05.2024 20:05:21.800000,-32.6294,-167.349,5.57208,5.483,5.428,89.6005,3.77715,3.61138,14.4119,9.17543,685.94,688.19,3.32638,5.21736,6.70189,2.75358,5.47471,6.60446,6.60446,0.0,1.0,1
43725,30.05.2024 20:05:21.810000,-32.6294,-167.349,5.57208,5.483,5.428,89.6005,3.77715,3.61138,14.4119,9.17543,685.94,688.19,3.32638,5.21736,6.70189,2.75358,5.47471,6.60446,6.60446,0.0,1.0,1
43726,30.05.2024 20:05:21.820000,-79.8431,-168.75,5.58135,5.479,5.455,89.6425,3.77316,3.6174,13.3681,9.19486,685.92,688.16,3.27544,5.04169,6.72589,2.80979,5.47479,6.60446,6.60446,0.0,1.0,1
43727,30.05.2024 20:05:21.830000,-106.21,-221.567,5.5971,5.548,5.47,89.6472,3.75501,3.61667,13.4328,12.3797,685.885,688.11,3.28366,5.44687,6.78681,2.83279,5.47505,7.13252,7.13252,0.0,1.0,1
43728,30.05.2024 20:05:21.840000,-110.907,-246.945,5.5971,5.572,5.486,89.6472,3.74663,3.61452,12.3953,11.1729,685.86,688.04,3.28366,5.44687,6.78681,2.83279,5.47556,7.13252,7.13252,0.0,1.0,1
43729,30.05.2024 20:05:21.850000,-110.907,-246.945,5.59849,5.572,5.486,89.6566,3.73868,3.61096,11.4685,11.056,685.845,687.945,3.37969,5.48959,6.73508,2.86326,5.47556,7.08189,7.08189,0.0,1.0,1
43730,30.05.2024 20:05:21.860000,-116.016,-263.837,5.59237,5.548,5.512,89.6076,3.73219,3.60906,11.4685,11.056,685.845,687.945,3.37969,5.48959,6.73508,2.86326,5.47586,7.08189,7.08189,0.0,1.0,1
43731,30.05.2024 20:05:21.870000,-116.016,-263.837,5.59237,5.548,5.512,89.6076,3.73219,3.60906,11.4685,11.056,685.845,687.945,3.37969,5.48959,6.73508,2.86326,5.47586,7.08189,7.08189,0.0,1.0,1
43732,30.05.2024 20:05:21.880000,-116.016,-267.38,5.59237,5.533,5.512,89.6076,3.72658,3.60391,10.2492,8.50698,685.815,687.855,3.38953,5.34776,6.85059,2.94154,5.47633,7.08189,7.08189,0.0,1.0,1
43733,30.05.2024 20:05:21.890000,-122.278,-296.219,5.57673,5.593,5.505,89.575,3.72451,3.59801,11.1326,10.0225,685.79,687.785,3.48051,5.06346,6.92185,2.99347,5.47669,7.03849,7.03849,0.0,1.0,1
43734,30.05.2024 20:05:21.900000,-122.278,-296.219,5.56212,5.593,5.505,89.575,3.72951,3.59598,11.8205,10.796,685.77,687.72,3.53996,4.95549,6.89259,3.01519,5.47702,7.03125,7.03125,0.0,1.0,1
43735,30.05.2024 20:05:21.910000,-127.222,-340.219,5.56543,5.611,5.52,89.5771,3.73239,3.59323,11.8205,10.796,685.77,687.72,3.53996,4.95549,6.89259,3.01519,5.47702,7.03125,7.03125,0.0,1.0,1
43736,30.05.2024 20:05:21.920000,-135.297,-354.886,5.56543,5.58,5.512,89.5771,3.73299,3.59237,11.6042,12.0503,685.745,687.665,3.7086,5.03609,6.97221,3.00779,5.47772,7.03125,7.03125,0.0,1.0,1
43737,30.05.2024 20:05:21.930000,-135.297,-354.886,5.56135,5.58,5.512,89.521,3.73167,3.59058,10.8057,9.74998,685.72,687.615,3.64245,5.09875,6.97358,3.03601,5.47772,6.99508,6.99508,0.0,1.0,1
43738,30.05.2024 20:05:21.940000,-135.297,-354.886,5.56135,5.58,5.512,89.521,3.73167,3.59058,10.8057,9.74998,685.72,687.615,3.64245,5.09875,6.97358,3.03601,5.47772,6.99508,6.99508,0.0,1.0,1
43739,30.05.2024 20:05:21.950000,-136.285,-350.848,5.54272,5.56,5.492,89.5251,3.73404,3.5881,11.013,9.18415,685.705,687.545,3.69771,5.2564,6.99699,3.07421,5.47827,6.98061,6.98061,0.0,1.0,1
43740,30.05.2024 20:05:21.960000,-152.27,-365.927,5.53997,5.597,5.497,89.6385,3.73806,3.58825,11.7647,11.4794,685.675,687.45,3.88658,5.32521,7.0014,3.12471,5.47887,7.03849,7.03849,0.0,1.0,1
43741,30.05.2024 20:05:21.970000,-159.109,-381.171,5.53997,5.566,5.474,89.6519,3.74305,3.58777,11.7647,11.4794,685.675,687.45,3.88658,5.32521,7.0014,3.12471,5.47968,7.03849,7.03849,0.0,1.0,1
43742,30.05.2024 20:05:21.980000,-159.109,-381.171,5.52869,5.566,5.474,89.6519,3.75232,3.58687,11.3833,7.5058,685.655,687.37,4.13085,5.16216,6.96463,3.14978,5.48028,7.03849,7.03849,0.0,1.0,1
43743,30.05.2024 20:05:21.990000,-169.409,-360.077,5.50577,5.521,5.473,89.6577,3.7549,3.58692,11.3833,7.5058,685.655,687.37,4.13085,5.16216,6.96463,3.14978,5.48028,7.03849,7.03849,0.0,1.0,1
43744,30.05.2024 20:05:22.000000,-172.623,-369.141,5.50577,5.496,5.454,89.6577,3.7559,3.58585,12.4492,10.8426,685.62,687.29,4.1389,5.16394,6.96444,3.1895,5.48105,7.03849,7.03849,0.0,1.0,1
43745,30.05.2024 20:05:22.010000,-172.623,-369.141,5.50577,5.496,5.454,89.6577,3.7559,3.58585,12.4492,10.8426,685.62,687.29,4.1389,5.16394,6.96444,3.1895,5.48105,7.03849,7.03849,0.0,1.0,1
43746,30.05.2024 20:05:22.020000,-172.623,-369.141,5.51011,5.496,5.454,89.6566,3.75452,3.58583,13.0683,9.93426,685.6,687.21,4.16154,5.08977,6.97,3.13761,5.48105,7.03849,7.03849,0.0,1.0,1
43747,30.05.2024 20:05:22.030000,-172.623,-369.141,5.51011,5.496,5.454,89.6566,3.75452,3.58583,13.0683,9.93426,685.6,687.21,4.16154,5.08977,6.97,3.13761,5.48105,7.03849,7.03849,0.0,1.0,1
43748,30.05.2024 20:05:22.040000,-179.462,-378.122,5.5161,5.5,5.453,89.6551,3.75206,3.58858,11.508,9.54378,685.595,687.13,4.1844,4.91066,6.84124,3.20066,5.48262,7.24826,7.24826,0.0,1.0,1
43749,30.05.2024 20:05:22.050000,-188.361,-377.298,5.50222,5.489,5.42,89.6718,3.74684,3.5864,11.8236,8.94557,685.575,687.055,4.33293,4.92502,6.95877,3.31876,5.48328,7.17592,7.17592,0.0,1.0,1
43750,30.05.2024 20:05:22.060000,-188.361,-377.298,5.50222,5.489,5.42,89.6718,3.74684,3.5864,11.8236,8.94557,685.575,687.055,4.33293,4.92502,6.95877,3.31876,5.48328,7.17592,7.17592,0.0,1.0,1
43751,30.05.2024 20:05:22.070000,-188.361,-377.298,5.49188,5.489,5.42,89.6718,3.73856,3.58348,15.5068,9.15599,685.565,686.995,4.5498,5.00948,7.07153,3.40496,5.48398,6.8287,6.8287,0.0,1.0,1
43752,30.05.2024 20:05:22.080000,-201.627,-400.04,5.49322,5.494,5.433,89.6526,3.71929,3.58222,12.7208,10.0986,685.535,686.92,4.65435,5.11571,6.99879,3.4087,5.4845,6.66232,6.66232,0.0,1.0,1
43753,30.05.2024 20:05:22.090000,-201.627,-400.04,5.50052,5.494,5.433,89.6987,3.70918,3.5819,12.5159,8.08682,685.505,686.845,4.62526,5.19401,7.05418,3.51317,5.4845,6.7636,6.7636,0.0,1.0,1
43754,30.05.2024 20:05:22.100000,-201.627,-400.04,5.50052,5.494,5.433,89.6987,3.70918,3.5819,12.5159,8.08682,685.505,686.845,4.62526,5.19401,7.05418,3.51317,5.4845,6.7636,6.7636,0.0,1.0,1
43755,30.05.2024 20:05:22.110000,-216.54,-405.643,5.50969,5.503,5.434,89.703,3.69627,3.58159,10.7816,8.48512,685.5,686.755,4.59486,5.17101,7.15199,3.49836,5.48474,6.74913,6.74913,0.0,1.0,1
43756,30.05.2024 20:05:22.120000,-216.54,-405.643,5.50969,5.503,5.434,89.703,3.69627,3.58159,10.7816,8.48512,685.5,686.755,4.59486,5.17101,7.15199,3.49836,5.48474,6.74913,6.74913,0.0,1.0,1
43757,30.05.2024 20:05:22.130000,-223.215,-397.073,5.50536,5.489,5.42,89.7316,3.6869,3.58118,11.1259,6.73991,685.48,686.685,4.73546,5.24618,7.14625,3.3805,5.48513,6.6551,6.6551,0.0,1.0,1
43758,30.05.2024 20:05:22.140000,-231.949,-401.358,5.53708,5.485,5.426,89.7455,3.69242,3.57747,9.72588,7.91109,685.47,686.62,4.81814,5.42557,7.17774,3.39139,5.4856,6.55381,6.55381,0.0,1.0,1
43759,30.05.2024 20:05:22.150000,-232.69,-399.463,5.5428,5.475,5.44,89.6923,3.69904,3.57738,9.72588,7.91109,685.47,686.62,4.81814,5.42557,7.17774,3.39139,5.4856,6.55381,6.55381,0.0,1.0,1
43760,30.05.2024 20:05:22.160000,-232.69,-399.463,5.5428,5.475,5.44,89.6923,3.69904,3.57738,9.72588,7.91109,685.47,686.62,4.81814,5.42557,7.17774,3.39139,5.4856,6.55381,6.55381,0.0,1.0,1
43761,30.05.2024 20:05:22.170000,-246.039,-406.219,5.5428,5.489,5.434,89.6923,3.70716,3.57736,10.5142,8.23599,685.44,686.55,4.85758,5.4529,7.2574,3.46953,5.48599,6.53936,6.53936,0.0,1.0,1
43762,30.05.2024 20:05:22.180000,-262.518,-398.144,5.56372,5.499,5.465,89.6746,3.7348,3.57999,10.2927,8.31685,685.42,686.475,4.83902,5.68285,7.31544,3.47108,5.48638,6.53936,6.53936,0.0,1.0,1
43763,30.05.2024 20:05:22.190000,-262.518,-402.264,5.56372,5.519,5.465,89.6746,3.74407,3.58366,8.81893,8.32324,685.39,686.39,4.93549,5.86467,7.28955,3.43236,5.4864,6.30064,6.30064,0.0,1.0,1
43764,30.05.2024 20:05:22.200000,-262.518,-402.264,5.56372,5.519,5.465,89.6746,3.74407,3.58366,8.81893,8.32324,685.39,686.39,4.93549,5.86467,7.28955,3.43236,5.4864,6.30064,6.30064,0.0,1.0,1
43765,30.05.2024 20:05:22.210000,-283.859,-402.264,5.56436,5.519,5.463,90.0276,3.74959,3.58784,11.6443,8.09212,685.38,686.305,4.97427,5.87418,7.25667,3.3989,5.4864,6.30064,6.30064,0.0,1.0,1
43766,30.05.2024 20:05:22.220000,-289.957,-401.358,5.57052,5.509,5.467,89.9572,3.75218,3.60038,10.9579,8.14815,685.36,686.215,4.9097,5.79602,7.31268,3.53222,5.48722,6.30064,6.30064,0.0,1.0,1
43767,30.05.2024 20:05:22.230000,-289.957,-401.358,5.57052,5.509,5.467,89.9572,3.75218,3.60038,10.9579,8.14815,685.36,686.215,4.9097,5.79602,7.31268,3.53222,5.48722,6.30064,6.30064,0.0,1.0,1
43768,30.05.2024 20:05:22.240000,-309.814,-398.309,5.59252,5.553,5.472,89.8559,3.75033,3.60239,10.3947,10.4116,685.335,686.125,4.90776,5.85207,7.37371,3.49022,5.48722,5.93171,5.93171,0.0,1.0,1
43769,30.05.2024 20:05:22.250000,-309.814,-398.309,5.59252,5.553,5.472,89.8559,3.75033,3.60239,10.3947,10.4116,685.335,686.125,4.90776,5.85207,7.37371,3.49022,5.48722,5.93171,5.93171,0.0,1.0,1
43770,30.05.2024 20:05:22.260000,-315.005,-399.133,5.60719,5.566,5.474,89.8515,3.7507,3.60705,10.4773,9.09226,685.325,686.045,4.86529,5.84781,7.33824,3.48866,5.48744,5.93171,5.93171,0.0,1.0,1
43771,30.05.2024 20:05:22.270000,-327.2,-402.759,5.61329,5.524,5.49,89.8384,3.74483,3.6044,12.8993,12.471,685.325,686.005,4.81306,5.87449,7.30094,3.48429,5.48815,5.85214,5.85214,0.0,1.0,1
43772,30.05.2024 20:05:22.280000,-346.316,-402.759,5.62252,5.524,5.49,89.9362,3.73878,3.60001,10.6225,12.8346,685.32,685.97,4.7714,6.19632,7.47383,3.64015,5.48815,5.54109,5.54109,0.0,1.0,1
43773,30.05.2024 20:05:22.290000,-346.316,-402.759,5.62252,5.524,5.49,89.9362,3.73878,3.60001,10.6225,12.8346,685.32,685.97,4.7714,6.19632,7.47383,3.64015,5.48815,5.54109,5.54109,0.0,1.0,1
43774,30.05.2024 20:05:22.300000,-358.594,-395.755,5.62252,5.534,5.489,89.8638,3.72537,3.59734,11.2028,13.1811,685.295,685.91,4.84443,6.55066,7.49696,3.65819,5.48859,5.54109,5.54109,0.0,1.0,1
43775,30.05.2024 20:05:22.310000,-364.609,-402.099,5.62521,5.555,5.515,89.8088,3.69137,3.60805,11.2028,13.1811,685.295,685.91,4.84755,6.7909,7.49244,3.67298,5.48897,5.54109,5.54109,0.0,1.0,1
43776,30.05.2024 20:05:22.320000,-365.845,-399.38,5.62521,5.587,5.557,89.8088,3.68766,3.60759,11.0303,10.743,685.255,685.82,4.84755,6.7909,7.49244,3.67298,5.48934,5.54109,5.54109,0.0,1.0,1
43777,30.05.2024 20:05:22.330000,-365.845,-399.38,5.61554,5.587,5.557,89.7263,3.68197,3.60577,8.92658,11.8166,685.23,685.735,4.67451,6.76403,7.5264,3.70086,5.48934,5.54832,5.54832,0.0,1.0,1
43778,30.05.2024 20:05:22.340000,-363.208,-404.324,5.58522,5.592,5.527,89.7004,3.68585,3.60718,8.92658,11.8166,685.23,685.735,4.67451,6.76403,7.5264,3.70086,5.49017,5.54832,5.54832,0.0,1.0,1
43779,30.05.2024 20:05:22.350000,-363.208,-395.178,5.58522,5.613,5.527,89.7004,3.707,3.60999,9.95739,10.1675,685.23,685.685,4.68343,6.68291,7.53707,3.74368,5.49086,5.63513,5.63513,0.0,1.0,1
43780,30.05.2024 20:05:22.360000,-363.208,-395.178,5.58522,5.613,5.527,89.7004,3.707,3.60999,9.95739,10.1675,685.23,685.685,4.68343,6.68291,7.53707,3.74368,5.49086,5.63513,5.63513,0.0,1.0,1
43781,30.05.2024 20:05:22.370000,-360.818,-395.178,5.58608,5.613,5.559,89.6829,3.72578,3.60843,11.7999,12.8199,685.23,685.65,4.65349,6.86887,7.60585,3.7784,5.49086,5.98235,5.98235,0.0,1.0,1
43782,30.05.2024 20:05:22.380000,-360.818,-395.178,5.58608,5.613,5.559,89.6829,3.72578,3.60843,11.7999,12.8199,685.23,685.65,4.65349,6.86887,7.60585,3.7784,5.49086,5.98235,5.98235,0.0,1.0,1
43783,30.05.2024 20:05:22.390000,-363.043,-398.886,5.58979,5.599,5.529,89.6714,3.77324,3.6059,12.6917,11.3709,685.23,685.625,4.69498,6.98628,7.62148,3.76775,5.4923,6.06916,6.06916,0.0,1.0,1
43784,30.05.2024 20:05:22.400000,-358.099,-397.073,5.5711,5.6,5.524,89.6957,3.78922,3.61192,13.4485,9.15518,685.215,685.58,4.81326,7.35746,7.68711,3.84711,5.49298,6.27893,6.27893,0.0,1.0,1
43785,30.05.2024 20:05:22.410000,-358.099,-397.073,5.55942,5.6,5.524,89.6993,3.78988,3.61347,15.8885,8.82108,685.205,685.495,4.97383,7.64061,7.72896,3.84368,5.49298,6.39467,6.39467,0.0,1.0,1
43786,30.05.2024 20:05:22.420000,-358.099,-397.073,5.55942,5.6,5.524,89.6993,3.78988,3.61347,15.8885,8.82108,685.205,685.495,4.97383,7.64061,7.72896,3.84368,5.49298,6.39467,6.39467,0.0,1.0,1
43787,30.05.2024 20:05:22.430000,-355.627,-401.523,5.55682,5.584,5.509,89.7501,3.78659,3.6131,13.8011,11.2159,685.165,685.405,5.08524,7.71584,7.75932,3.83786,5.49394,6.39467,6.39467,0.0,1.0,1
43788,30.05.2024 20:05:22.440000,-355.627,-401.523,5.55682,5.584,5.509,89.7501,3.78659,3.6131,13.8011,11.2159,685.165,685.405,5.08524,7.71584,7.75932,3.83786,5.49394,6.39467,6.39467,0.0,1.0,1
43789,30.05.2024 20:05:22.450000,-362.302,-403.665,5.54451,5.584,5.509,89.7337,3.76967,3.6108,13.5868,8.34473,685.14,685.36,4.83984,7.55582,7.7642,3.87276,5.4949,6.49595,6.49595,0.0,1.0,1
43790,30.05.2024 20:05:22.460000,-362.302,-403.665,5.54451,5.584,5.509,89.7337,3.76967,3.6108,13.5868,8.34473,685.14,685.36,4.83984,7.55582,7.7642,3.87276,5.4949,6.49595,6.49595,0.0,1.0,1
43791,30.05.2024 20:05:22.470000,-352.084,-390.729,5.5407,5.534,5.482,89.7152,3.755,3.60632,13.8081,7.4754,685.115,685.31,4.79945,7.56701,7.85446,3.79132,5.49646,6.53936,6.53936,0.0,1.0,1
43792,30.05.2024 20:05:22.480000,-352.084,-390.729,5.5407,5.534,5.482,89.7152,3.755,3.60632,13.8081,7.4754,685.115,685.31,4.79945,7.56701,7.85446,3.79132,5.49646,6.53936,6.53936,0.0,1.0,1
43793,30.05.2024 20:05:22.490000,-353.897,-400.864,5.53302,5.516,5.451,89.6396,3.75066,3.60187,13.3313,8.76419,685.12,685.285,4.61832,7.56033,7.91315,3.80513,5.49751,6.53936,6.53936,0.0,1.0,1
43794,30.05.2024 20:05:22.500000,-360.324,-403.747,5.53016,5.516,5.443,89.6175,3.73533,3.599,12.0883,10.0481,685.105,685.26,4.64919,7.6669,7.98753,3.83688,5.49836,6.82147,6.82147,0.0,1.0,1
43795,30.05.2024 20:05:22.510000,-360.324,-403.747,5.53016,5.516,5.443,89.6175,3.73533,3.599,12.0883,10.0481,685.105,685.26,4.64919,7.6669,7.98753,3.83688,5.49836,6.82147,6.82147,0.0,1.0,1
43796,30.05.2024 20:05:22.520000,-360.324,-392.871,5.53016,5.499,5.443,89.6175,3.73072,3.59816,10.7229,6.77992,685.105,685.24,4.62109,7.93924,8.03704,3.87747,5.4991,7.01678,7.01678,0.0,1.0,1
43797,30.05.2024 20:05:22.530000,-360.983,-399.38,5.51666,5.525,5.446,89.7063,3.71723,3.59744,9.72092,7.20899,685.09,685.175,4.69307,8.20836,7.96537,3.79457,5.49975,6.98785,6.98785,0.0,1.0,1
43798,30.05.2024 20:05:22.540000,-360.983,-399.38,5.5235,5.525,5.446,89.7063,3.71174,3.59529,7.99923,8.15844,685.1,685.11,4.66104,8.18555,8.02951,3.87195,5.50021,6.98785,6.98785,0.0,1.0,1
43799,30.05.2024 20:05:22.550000,-354.721,-400.204,5.52322,5.515,5.451,89.6884,3.71236,3.59387,7.99923,8.15844,685.1,685.11,4.66104,8.18555,8.02951,3.87195,5.50021,6.98785,6.98785,0.0,1.0,1
