,time,Pinceur Inf Mesure de courant,Pinceur Sup Mesure de courant,Mandrin - Vitesse Actuelle,Pinceur Sup Mesure vitesse lineaire,Pinceur Inf Mesure vitesse lineaire,Mandrin - Mesure Expansion,Pinceur Nord Position entrefer estimee,Pinceur Sud Position entrefer estimee,Pinceur Nord Force entrefer calibree,Pinceur Sud Force entrefer calibree,Guides Nord Entree Position mesuree,Guides Nord Sortie Position mesuree,Guides Nord Entree Force pour regulateur PI,Guides Nord Sortie Force pour regulateur PI,Guides Sud Entree Force pour regulateur PI,Guides Sud Sortie Force pour regulateur PI,Mandrin - Vitesse Actuelle F10,_Excentrage largeur bande jauge bob,_Excentrage largeur bande jauge bob.1,TDB pinceur,Fenetre,Declancheur
42300,30.05.2024 19:48:59.950000,144.36,66.5771,7.93461,8.258,7.983,40.1574,4.20597,3.05553,35.7183,24.4814,760.585,761.445,4.52621,7.11646,1.37268,-0.0876074,6.91323,-10.6626,-10.6626,1.0,1.0,1
42301,30.05.2024 19:48:59.960000,164.053,87.0941,7.94758,8.138,7.976,40.1885,4.33099,2.98519,35.7183,24.4814,760.585,761.445,4.52621,7.11646,1.37268,-0.0876074,6.91323,-10.6626,-10.6626,1.0,1.0,1
42302,30.05.2024 19:48:59.970000,164.053,87.0941,7.94758,8.138,7.976,40.1885,4.33099,2.98519,35.7183,24.4814,760.585,761.445,4.52621,7.11646,1.37268,-0.0876074,6.91323,-10.6626,-10.6626,1.0,1.0,1
42303,30.05.2024 19:48:59.980000,196.435,104.15,7.94758,8.041,7.821,40.1885,4.32689,2.94375,52.5988,18.7047,758.835,759.705,4.23712,7.49968,3.25223,-0.114711,6.91419,-9.44011,-9.44011,1.0,1.0,1
42304,30.05.2024 19:48:59.990000,269.604,132.66,7.95058,7.953,7.729,40.3323,3.8828,2.95659,60.1196,7.1805,757.1,757.94,4.0551,7.68828,4.55601,-0.0578394,6.91506,-7.87037,-7.87037,1.0,1.0,1
42305,30.05.2024 19:49:00.000000,269.604,152.847,7.95058,7.969,7.729,40.3323,3.6581,2.99081,49.2099,19.4355,755.46,756.205,3.5508,6.57292,4.31726,0.0457582,6.91633,-6.34404,-6.34404,1.0,1.0,1
42306,30.05.2024 19:49:00.010000,338.983,152.847,7.94794,7.969,7.586,40.2868,3.45325,3.03869,30.0452,25.2064,753.875,754.715,3.20587,5.58168,3.75057,-0.0572844,6.91633,-6.34404,-6.34404,1.0,1.0,1
42307,30.05.2024 19:49:00.020000,454.175,161.417,7.94794,7.989,7.341,40.2725,3.28498,3.07592,30.0452,25.2064,753.875,754.715,3.20587,5.58168,3.75057,-0.0572844,6.91753,-6.34404,-6.34404,1.0,1.0,1
42308,30.05.2024 19:49:00.030000,454.175,161.417,7.94808,7.989,7.341,40.2725,3.09413,3.13216,14.9431,20.0947,752.355,753.24,2.77842,5.4261,5.49313,-0.102107,6.91939,-11.6392,-11.6392,1.0,1.0,1
42309,30.05.2024 19:49:00.040000,454.175,161.417,7.94808,7.989,7.341,40.2725,3.09413,3.13216,14.9431,20.0947,752.355,753.24,2.77842,5.4261,5.49313,-0.102107,6.91939,-11.6392,-11.6392,1.0,1.0,1
42310,30.05.2024 19:49:00.050000,554.04,250.159,7.94857,7.776,7.221,40.2019,3.12656,3.14824,5.16043,23.8319,750.93,751.74,2.53676,5.47593,5.74894,0.0796709,6.91939,-11.6392,-11.6392,1.0,1.0,1
42311,30.05.2024 19:49:00.060000,554.04,250.159,7.94857,7.776,7.221,40.2019,3.12656,3.14824,5.16043,23.8319,750.93,751.74,2.53676,5.47593,5.74894,0.0796709,6.91939,-11.6392,-11.6392,1.0,1.0,1
42312,30.05.2024 19:49:00.070000,609.659,358.594,7.95171,7.614,7.141,40.2513,3.36881,3.06089,11.6773,29.7981,749.455,750.175,3.02518,5.82625,3.72953,0.166293,6.92086,-9.42563,-9.42563,1.0,1.0,1
42313,30.05.2024 19:49:00.080000,609.659,358.594,7.95171,7.614,7.141,40.2513,3.36881,3.06089,11.6773,29.7981,749.455,750.175,3.02518,5.82625,3.72953,0.166293,6.92086,-9.42563,-9.42563,1.0,1.0,1
42314,30.05.2024 19:49:00.090000,671.704,491.336,7.94349,7.543,7.042,40.2911,3.81571,2.90893,28.4123,17.3478,747.93,748.625,3.48934,5.85956,3.71116,0.123567,6.92242,-10.0839,-10.0839,1.0,1.0,1
42315,30.05.2024 19:49:00.100000,717.929,557.419,7.94481,7.421,6.967,40.2039,3.88723,2.83649,38.1895,6.27184,746.415,747.07,4.02261,6.08952,4.09423,0.169131,6.92388,-10.0333,-10.0333,1.0,1.0,1
42316,30.05.2024 19:49:00.110000,671.704,491.336,7.94349,7.543,7.042,40.2911,3.81571,2.90893,28.4123,17.3478,747.93,748.625,3.48934,5.85956,3.71116,0.123567,6.92242,-10.0839,-10.0839,1.0,1.0,1
42317,30.05.2024 19:49:00.120000,671.704,491.336,7.94349,7.543,7.042,40.2911,3.81571,2.90893,28.4123,17.3478,747.93,748.625,3.48934,5.85956,3.71116,0.123567,6.92242,-10.0839,-10.0839,1.0,1.0,1
42318,30.05.2024 19:49:00.130000,720.071,636.273,7.94735,7.289,6.944,40.1611,3.64432,2.8337,35.6838,11.6361,743.265,743.805,5.22325,6.43761,3.9916,0.227248,6.92462,-8.7963,-8.7963,1.0,1.0,1
42319,30.05.2024 19:49:00.140000,704.333,687.936,7.95737,7.24,6.874,40.1105,3.38926,2.85898,27.8391,9.26803,741.63,742.18,5.31191,6.48077,4.25162,0.283605,6.92529,-6.72743,-6.72743,1.0,1.0,1
42320,30.05.2024 19:49:00.150000,696.67,692.138,7.95648,7.313,6.839,40.0964,3.17842,2.92751,27.8391,9.26803,741.63,742.18,5.31191,6.48077,4.25162,0.283605,6.92613,-6.72743,-6.72743,1.0,1.0,1
42321,30.05.2024 19:49:00.160000,696.67,707.712,7.95648,7.229,6.839,40.0964,3.13776,2.96571,14.2106,9.95773,740.045,740.5,5.29156,6.5735,3.72097,0.309756,6.92699,-6.70573,-6.70573,1.0,1.0,1
42322,30.05.2024 19:49:00.170000,702.768,707.712,7.94954,7.229,6.866,40.1714,3.14033,3.00819,9.48763,22.8633,738.405,738.81,5.21679,6.33109,3.52239,0.25624,6.92699,-5.3096,-5.3096,1.0,1.0,1
42323,30.05.2024 19:49:00.180000,687.03,692.138,7.94954,7.168,6.947,40.2277,3.17471,3.04584,9.48763,22.8633,738.405,738.81,5.21679,6.33109,3.52239,0.25624,6.92724,-5.3096,-5.3096,1.0,1.0,1
42324,30.05.2024 19:49:00.190000,687.03,692.138,7.94954,7.168,6.947,40.2277,3.17471,3.04584,9.48763,22.8633,738.405,738.81,5.21679,6.33109,3.52239,0.25624,6.92724,-5.3096,-5.3096,1.0,1.0,1
42325,30.05.2024 19:49:00.200000,687.03,692.138,7.95109,7.168,6.947,40.2277,3.35357,3.07171,16.4873,26.5221,736.745,737.135,5.2036,5.76088,3.57944,0.264852,6.9277,-3.54456,-3.54456,1.0,1.0,1
42326,30.05.2024 19:49:00.210000,687.03,692.138,7.95109,7.168,6.947,40.2277,3.35357,3.07171,16.4873,26.5221,736.745,737.135,5.2036,5.76088,3.57944,0.264852,6.9277,-3.54456,-3.54456,1.0,1.0,1
42327,30.05.2024 19:49:00.220000,694.116,693.951,7.95581,7.12,7.049,40.2267,3.5178,3.07447,21.1064,22.8272,735.115,735.475,5.01233,5.44572,3.37336,0.312739,6.92845,-1.12847,-1.12847,1.0,1.0,1
42328,30.05.2024 19:49:00.230000,694.116,693.951,7.95581,7.12,7.049,40.2267,3.5178,3.07447,21.1064,22.8272,735.115,735.475,5.01233,5.44572,3.37336,0.312739,6.92845,-1.12847,-1.12847,1.0,1.0,1
42329,30.05.2024 19:49:00.240000,698.318,698.071,7.9665,7.142,7.042,40.3457,3.5317,3.08988,28.2971,19.3288,733.48,733.785,5.08652,5.39802,3.04251,0.218596,6.92926,0.108503,0.108503,1.0,1.0,1
42330,30.05.2024 19:49:00.250000,699.884,690.573,7.96331,7.072,7.027,40.2765,3.41434,3.07771,27.7248,25.3182,730.135,730.495,5.09701,5.36505,3.3397,0.355601,6.92966,0.173613,0.173613,1.0,1.0,1
42331,30.05.2024 19:49:00.260000,699.884,690.573,7.96331,7.072,7.027,40.2765,3.41434,3.07771,27.7248,25.3182,730.135,730.495,5.09701,5.36505,3.3397,0.355601,6.92966,0.173613,0.173613,1.0,1.0,1
42332,30.05.2024 19:49:00.270000,688.348,691.562,7.96331,7.008,6.975,40.2741,3.33464,3.07412,20.8959,19.1955,728.43,728.815,5.1171,5.68713,3.30745,0.292212,6.92981,2.64033,2.64033,1.0,1.0,1
42333,30.05.2024 19:49:00.280000,688.348,691.562,7.96331,7.008,6.975,40.2741,3.33464,3.07412,20.8959,19.1955,728.43,728.815,5.1171,5.68713,3.30745,0.292212,6.92981,2.64033,2.64033,1.0,1.0,1
42334,30.05.2024 19:49:00.290000,689.831,683.24,7.96114,7.002,6.957,40.3636,3.09554,3.03488,12.4142,17.6353,726.73,727.16,4.90164,5.61623,3.56369,0.342061,6.93032,2.64033,2.64033,1.0,1.0,1
42335,30.05.2024 19:49:00.300000,689.831,683.24,7.96114,7.002,6.957,40.3636,3.09554,3.03488,12.4142,17.6353,726.73,727.16,4.90164,5.61623,3.56369,0.342061,6.93032,2.64033,2.64033,1.0,1.0,1
42336,30.05.2024 19:49:00.310000,691.644,690.161,7.96442,7.007,6.924,40.379,3.05527,3.01935,8.23689,19.9713,725.09,725.52,4.66769,5.81323,3.65364,0.268222,6.93049,2.64033,2.64033,1.0,1.0,1
42337,30.05.2024 19:49:00.320000,689.502,689.996,7.96396,6.903,6.92,40.3148,3.19333,2.95292,8.21828,16.9047,723.4,723.815,4.52398,6.2134,3.35731,0.283734,6.93183,4.82494,4.82494,1.0,1.0,1
42338,30.05.2024 19:49:00.330000,689.502,689.996,7.96396,6.903,6.92,40.3148,3.19333,2.95292,8.21828,16.9047,723.4,723.815,4.52398,6.2134,3.35731,0.283734,6.93183,4.82494,4.82494,1.0,1.0,1
42339,30.05.2024 19:49:00.340000,686.865,689.996,7.96742,6.903,6.935,40.1656,3.25898,2.94708,15.7551,11.98,721.685,722.125,4.41277,6.30245,3.35315,0.311086,6.93183,4.83941,4.83941,1.0,1.0,1
42340,30.05.2024 19:49:00.350000,688.925,683.157,7.96796,6.935,6.935,40.1626,3.40907,2.95268,21.5707,11.6831,720.02,720.46,4.14349,6.39655,3.35388,0.241618,6.93337,4.73814,4.73814,1.0,1.0,1
42341,30.05.2024 19:49:00.360000,686.783,686.865,7.96742,6.982,6.902,40.2187,3.4248,2.95326,21.5707,11.6831,720.02,720.46,4.14349,6.39655,3.35388,0.241618,6.93337,4.73814,4.73814,1.0,1.0,1
42342,30.05.2024 19:49:00.370000,690.82,690.985,7.96742,6.966,6.925,40.2187,3.42175,2.95344,23.3654,15.4889,718.35,718.785,4.12635,6.54511,2.99643,0.328816,6.93367,5.41087,5.41087,1.0,1.0,1
42343,30.05.2024 19:49:00.380000,690.82,690.985,7.97559,6.966,6.925,40.2098,3.40539,2.95724,27.0455,16.6965,716.64,717.135,4.2033,6.76046,3.13155,0.370164,6.93367,6.80701,6.80701,1.0,1.0,1
42344,30.05.2024 19:49:00.390000,693.457,680.52,7.96294,6.911,6.921,40.2582,3.30382,2.96431,27.0455,16.6965,716.64,717.135,4.2033,6.76046,3.13155,0.370164,6.93455,6.80701,6.80701,1.0,1.0,1
42345,30.05.2024 19:49:00.400000,693.457,695.517,7.96294,6.968,6.921,40.2582,3.23844,2.96771,23.2391,13.9097,714.97,715.475,4.16838,6.88289,3.04019,0.37544,6.93467,7.75462,7.75462,1.0,1.0,1
42346,30.05.2024 19:49:00.410000,688.348,695.517,7.95732,6.968,6.924,40.231,3.1686,2.968,18.0184,16.3186,713.295,713.73,4.24656,6.94251,3.06951,0.345119,6.93467,8.56481,8.56481,1.0,1.0,1
42347,30.05.2024 19:49:00.420000,689.667,684.146,7.95732,6.965,6.94,40.2249,3.10415,2.96587,18.0184,16.3186,713.295,713.73,4.24656,6.94251,3.06951,0.345119,6.93465,8.56481,8.56481,1.0,1.0,1
42348,30.05.2024 19:49:00.430000,689.667,684.146,7.97362,6.965,6.94,40.2249,3.0373,2.96498,11.8665,16.1356,711.59,712.085,4.37119,6.96095,3.34372,0.383885,6.93549,9.03501,9.03501,1.0,1.0,1
42349,30.05.2024 19:49:00.440000,686.453,683.569,7.97389,6.923,6.949,40.1199,3.03855,2.96468,11.8665,16.1356,711.59,712.085,4.37119,6.96095,3.34372,0.383885,6.93549,9.03501,9.03501,1.0,1.0,1
42350,30.05.2024 19:49:00.450000,691.15,682.992,7.97389,6.937,6.964,40.1199,3.0613,2.96253,9.8402,15.2797,709.88,710.47,4.3739,6.99754,3.20792,0.456588,6.93576,9.03501,9.03501,1.0,1.0,1
42351,30.05.2024 19:49:00.460000,691.15,682.992,7.97037,6.937,6.964,40.1519,3.09387,2.96017,11.6752,17.55,708.225,708.875,4.41188,7.34987,3.21868,0.555415,6.93576,9.04225,9.04225,1.0,1.0,1
42352,30.05.2024 19:49:00.470000,690.738,691.644,7.97045,6.944,6.966,40.1656,3.17058,2.96539,11.6752,17.55,708.225,708.875,4.41188,7.34987,3.21868,0.555415,6.93626,9.04225,9.04225,1.0,1.0,1
42353,30.05.2024 19:49:00.480000,690.738,687.524,7.97045,7.0,6.966,40.1656,3.20961,2.97138,14.979,13.9143,706.605,707.27,4.49379,7.90807,3.33061,0.624961,6.93623,10.0839,10.0839,1.0,1.0,1
42354,30.05.2024 19:49:00.490000,687.442,687.524,7.98148,7.0,6.99,40.1866,3.24454,2.97702,18.4474,15.6751,704.84,705.64,4.52517,8.47785,3.16539,0.696239,6.93623,10.3443,10.3443,1.0,1.0,1
42355,30.05.2024 19:49:00.500000,687.442,687.524,7.98148,7.0,6.99,40.1866,3.24454,2.97702,18.4474,15.6751,704.84,705.64,4.52517,8.47785,3.16539,0.696239,6.93623,10.3443,10.3443,1.0,1.0,1
42356,30.05.2024 19:49:00.510000,693.457,695.352,7.98148,7.011,7.004,40.218,3.27069,2.98665,23.2072,16.7225,703.145,704.025,4.55803,8.98493,3.10737,0.634206,6.93705,10.6481,10.6481,1.0,1.0,1
42357,30.05.2024 19:49:00.520000,693.951,687.607,7.98297,7.034,6.986,40.1871,3.28233,3.02055,21.3307,17.4752,701.515,702.4,4.63399,9.55691,3.2523,0.772805,6.93761,10.6481,10.6481,1.0,1.0,1
42358,30.05.2024 19:49:00.530000,692.303,695.929,7.98297,7.057,7.0,40.1871,3.26601,3.02594,21.3307,17.4752,701.515,702.4,4.63399,9.55691,3.2523,0.772805,6.9381,10.9737,10.9737,1.0,1.0,1
42359,30.05.2024 19:49:00.540000,692.303,695.929,7.99093,7.057,7.0,40.1089,3.23817,3.03343,19.2558,15.6748,699.83,700.83,4.51221,10.4123,3.36092,0.973393,6.9381,10.8507,10.8507,1.0,1.0,1
42360,30.05.2024 19:49:00.550000,693.292,694.198,7.99348,7.056,7.0,40.0307,3.18247,3.0351,19.2558,15.6748,699.83,700.83,4.51221,10.4123,3.36092,0.973393,6.93857,10.8507,10.8507,1.0,1.0,1
42361,30.05.2024 19:49:00.560000,693.292,689.502,7.99348,7.002,7.0,40.0307,3.15955,3.02496,18.99,21.8972,698.115,699.255,4.31535,11.222,3.3764,1.14373,6.93937,10.9664,10.9664,1.0,1.0,1
42362,30.05.2024 19:49:00.570000,691.974,689.502,7.99165,7.002,6.971,40.0899,3.14208,3.01518,16.6307,20.6994,696.425,697.65,4.22204,11.9617,3.64325,1.29671,6.93937,10.9664,10.9664,1.0,1.0,1
42363,30.05.2024 19:49:00.580000,687.442,686.453,7.99165,7.013,6.97,40.1723,3.1315,3.00487,16.6307,20.6994,696.425,697.65,4.22204,11.9617,3.64325,1.29671,6.94015,10.9664,10.9664,1.0,1.0,1
42364,30.05.2024 19:49:00.590000,687.442,686.453,7.99165,7.013,6.97,40.1723,3.1315,3.00487,16.6307,20.6994,696.425,697.65,4.22204,11.9617,3.64325,1.29671,6.94015,10.9664,10.9664,1.0,1.0,1
42365,30.05.2024 19:49:00.600000,687.442,686.453,7.99417,7.013,6.97,40.1723,3.12964,2.97647,13.1791,16.09,694.77,696.095,4.05813,12.7963,3.81726,1.48907,6.94087,11.0243,11.0243,1.0,1.0,1
42366,30.05.2024 19:49:00.610000,689.831,684.063,8.01433,7.006,6.944,40.2589,3.14469,2.95708,14.6446,14.9927,693.255,694.555,4.10839,13.6271,4.0359,1.536,6.94179,11.3788,11.3788,1.0,1.0,1
42367,30.05.2024 19:49:00.620000,689.831,684.063,8.01154,7.006,6.944,40.2969,3.15477,2.95314,16.1529,14.7037,691.82,693.03,4.93631,14.3621,4.4061,1.68443,6.94179,11.4656,11.4656,1.0,1.0,1
42368,30.05.2024 19:49:00.630000,690.82,693.539,8.01446,6.995,6.952,40.2655,3.17846,2.94952,16.1529,14.7037,691.82,693.03,4.93631,14.3621,4.4061,1.68443,6.94255,11.4656,11.4656,1.0,1.0,1
42369,30.05.2024 19:49:00.640000,690.82,693.539,8.01446,6.995,6.952,40.2655,3.17846,2.94952,16.1529,14.7037,691.82,693.03,4.93631,14.3621,4.4061,1.68443,6.94255,11.4656,11.4656,1.0,1.0,1
42370,30.05.2024 19:49:00.650000,690.82,683.569,8.01446,7.0,6.952,40.2655,3.19033,2.95076,17.661,15.0696,690.34,691.52,6.96373,15.6257,6.2073,1.92983,6.94301,11.4656,11.4656,1.0,1.0,1
42371,30.05.2024 19:49:00.660000,690.82,683.569,8.01446,7.0,6.952,40.2655,3.19033,2.95076,17.661,15.0696,690.34,691.52,6.96373,15.6257,6.2073,1.92983,6.94301,11.4656,11.4656,1.0,1.0,1
42372,30.05.2024 19:49:00.670000,689.667,692.55,8.00915,6.974,6.932,40.1917,3.20383,2.96811,18.175,15.6916,689.13,690.005,4.60569,8.92028,7.86421,3.09846,6.94415,12.6736,12.6736,1.0,1.0,1
42373,30.05.2024 19:49:00.680000,689.667,692.55,8.00915,6.974,6.932,40.1917,3.20383,2.96811,18.175,15.6916,689.13,690.005,4.60569,8.92028,7.86421,3.09846,6.94415,12.6736,12.6736,1.0,1.0,1
42374,30.05.2024 19:49:00.690000,690.82,692.056,8.02342,6.944,6.905,40.1287,3.19194,2.99493,19.0699,20.3934,689.09,691.11,1.07077,2.81586,10.7189,6.91019,6.94516,14.1276,14.1276,1.0,1.0,1
42375,30.05.2024 19:49:00.700000,690.82,692.056,8.02342,6.944,6.905,40.1287,3.19194,2.99493,19.0699,20.3934,689.09,691.11,1.07077,2.81586,10.7189,6.91019,6.94516,14.1276,14.1276,1.0,1.0,1
42376,30.05.2024 19:49:00.710000,686.041,686.618,8.03116,6.901,6.909,40.1325,3.16945,2.99976,18.0416,18.9979,689.21,690.835,-1.18472,6.36658,11.2791,7.58201,6.94615,15.2778,15.2778,1.0,1.0,1
42377,30.05.2024 19:49:00.720000,686.041,686.618,8.03116,6.901,6.909,40.1325,3.16945,2.99976,18.0416,18.9979,689.21,690.835,-1.18472,6.36658,11.2791,7.58201,6.94615,15.2778,15.2778,1.0,1.0,1
42378,30.05.2024 19:49:00.730000,687.771,685.464,8.03638,6.988,6.926,40.1515,3.11961,2.97465,17.0672,17.0043,689.185,690.57,-0.690945,3.99576,10.6309,7.48248,6.94774,14.8872,14.8872,1.0,1.0,1
42379,30.05.2024 19:49:00.740000,625.067,682.91,8.03722,6.999,6.934,40.1123,3.08244,2.95283,16.6517,16.993,689.325,690.86,-1.01989,2.78567,10.1089,7.24696,6.94869,14.9233,14.9233,1.0,1.0,1
42380,30.05.2024 19:49:00.750000,625.067,682.91,8.03067,6.999,6.934,40.1123,3.05122,2.91615,14.022,14.9291,689.395,690.96,0.787117,4.60435,9.32823,6.95499,6.94864,14.9233,14.9233,1.0,1.0,1
42381,30.05.2024 19:49:00.760000,602.82,688.925,8.0211,6.974,6.955,40.186,3.04078,2.91104,14.022,14.9291,689.395,690.96,0.787117,4.60435,9.32823,6.95499,6.94864,14.9233,14.9233,1.0,1.0,1
42382,30.05.2024 19:49:00.770000,567.471,666.76,8.0211,7.04,7.064,40.186,3.04106,2.90973,10.0419,11.1453,689.2,690.845,2.4089,5.57127,7.74406,6.88827,6.94926,14.5399,14.5399,1.0,1.0,1
42383,30.05.2024 19:49:00.780000,567.471,666.76,8.02546,7.04,7.064,40.1292,3.05163,2.90581,11.1527,11.6887,689.025,690.695,2.9351,5.18084,6.30292,6.77081,6.94926,13.7442,13.7442,1.0,1.0,1
42384,30.05.2024 19:49:00.790000,573.816,638.827,8.03419,7.087,7.057,40.1778,3.07537,2.91427,11.1527,11.6887,689.025,690.695,2.9351,5.18084,6.30292,6.77081,6.95016,13.7442,13.7442,1.0,1.0,1
42385,30.05.2024 19:49:00.800000,573.816,606.033,8.03419,7.155,7.057,40.1778,3.09593,2.92527,14.5392,13.297,688.825,690.595,3.07551,4.63068,5.99036,6.58526,6.95103,13.3536,13.3536,1.0,1.0,1
42386,30.05.2024 19:49:00.810000,558.737,606.033,8.01556,7.155,7.094,40.1982,3.10874,2.93232,13.7666,13.907,688.755,690.53,2.62701,3.9609,6.52333,6.49836,6.95103,13.8021,13.8021,1.0,1.0,1
42387,30.05.2024 19:49:00.820000,557.501,606.363,8.01556,7.132,7.112,40.1668,3.12104,2.94112,13.7666,13.907,688.755,690.53,2.62701,3.9609,6.52333,6.49836,6.95161,13.8021,13.8021,1.0,1.0,1
42388,30.05.2024 19:49:00.830000,557.501,606.363,8.01126,7.132,7.112,40.1668,3.12947,2.97777,15.2787,13.2767,688.755,690.51,2.90581,3.16729,7.50724,6.67369,6.95195,15.1042,15.1042,1.0,1.0,1
42389,30.05.2024 19:49:00.840000,556.677,601.089,8.00608,7.147,7.145,40.3168,3.13481,2.98831,15.2787,13.2767,688.755,690.51,2.90581,3.16729,7.50724,6.67369,6.95195,15.1042,15.1042,1.0,1.0,1
42390,30.05.2024 19:49:00.850000,556.677,601.089,8.00608,7.147,7.145,40.3168,3.13481,2.98831,15.2787,13.2767,688.755,690.51,2.90581,3.16729,7.50724,6.67369,6.95195,15.1042,15.1042,1.0,1.0,1
42391,30.05.2024 19:49:00.860000,560.385,605.786,8.00608,7.182,7.179,40.3168,3.13609,2.99895,17.1017,16.4966,688.68,690.52,3.7155,3.07677,8.84237,6.9502,6.95337,15.2561,15.2561,1.0,1.0,1
42392,30.05.2024 19:49:00.870000,560.385,605.786,8.00608,7.182,7.179,40.3168,3.13609,2.99895,17.1017,16.4966,688.68,690.52,3.7155,3.07677,8.84237,6.9502,6.95337,15.2561,15.2561,1.0,1.0,1
42393,30.05.2024 19:49:00.880000,563.763,612.625,7.95137,7.218,7.147,40.1286,3.15093,3.02707,16.0292,20.3414,688.565,690.555,4.48765,3.08716,9.78696,6.98008,6.9541,15.4876,15.4876,1.0,1.0,1
42394,30.05.2024 19:49:00.890000,557.336,609.741,7.94033,7.18,7.117,40.1207,3.15473,3.03274,17.0987,20.0419,688.345,690.235,5.51809,3.70104,10.1558,6.99139,6.95512,14.9595,14.9595,1.0,1.0,1
42395,30.05.2024 19:49:00.900000,562.445,611.059,7.94033,7.155,7.124,40.1381,3.15197,3.03461,17.0987,20.0419,688.345,690.235,5.51809,3.70104,10.1558,6.99139,6.95623,14.9595,14.9595,1.0,1.0,1
42396,30.05.2024 19:49:00.910000,562.445,611.059,7.93471,7.155,7.124,40.1381,3.14676,3.03162,18.4882,21.795,688.1,690.125,5.5303,2.35246,10.1119,6.91234,6.95777,14.9595,14.9595,1.0,1.0,1
42397,30.05.2024 19:49:00.920000,563.928,612.707,7.91748,7.149,7.025,40.0802,3.14027,3.03124,18.4882,21.795,688.1,690.125,5.5303,2.35246,10.1119,6.91234,6.95777,14.9595,14.9595,1.0,1.0,1
42398,30.05.2024 19:49:00.930000,562.939,614.767,7.91748,7.156,7.016,40.0802,3.13854,3.02749,18.6792,22.0233,688.045,690.145,4.48703,1.48764,9.10128,6.84731,6.95896,14.9595,14.9595,1.0,1.0,1
42399,30.05.2024 19:49:00.940000,562.939,614.767,7.91748,7.156,7.016,40.0802,3.13854,3.02749,18.6792,22.0233,688.045,690.145,4.48703,1.48764,9.10128,6.84731,6.95896,14.9595,14.9595,1.0,1.0,1
42400,30.05.2024 19:49:00.950000,562.939,614.767,7.91777,7.156,7.016,40.1273,3.13489,3.02178,20.3918,21.899,688.05,690.13,3.96178,1.73201,8.32589,7.00442,6.95896,15.7552,15.7552,1.0,1.0,1
42401,30.05.2024 19:49:00.960000,553.628,608.34,7.92198,7.091,6.968,40.0868,3.09962,2.9985,17.5525,21.3663,688.065,690.065,4.01986,1.9354,8.01332,7.14392,6.96128,16.5365,16.5365,1.0,1.0,1
42402,30.05.2024 19:49:00.970000,566.647,608.34,7.88421,7.091,7.01,40.1418,3.0816,2.98422,16.2802,17.2869,688.1,690.03,4.65015,1.9988,7.52392,7.18908,6.96128,16.5365,16.5365,1.0,1.0,1
42403,30.05.2024 19:49:00.980000,560.797,600.018,7.88421,7.074,7.06,40.1807,3.0644,2.97305,16.2802,17.2869,688.1,690.03,4.65015,1.9988,7.52392,7.18908,6.96241,16.5365,16.5365,1.0,1.0,1
42404,30.05.2024 19:49:00.990000,560.797,600.018,7.8305,7.074,7.06,40.1807,3.0516,2.95522,15.2844,16.6892,688.08,689.97,5.46021,2.47467,7.62247,7.28895,6.96354,16.4569,16.4569,1.0,1.0,1
42405,30.05.2024 19:49:01.000000,574.063,610.565,7.80999,7.122,7.098,40.1158,3.05382,2.94301,15.2844,16.6892,688.08,689.97,5.46021,2.47467,7.62247,7.28895,6.96354,16.4569,16.4569,1.0,1.0,1
42406,30.05.2024 19:49:01.010000,563.516,610.318,7.80999,7.157,7.09,40.1158,3.06398,2.92679,15.0895,14.8015,688.035,689.845,6.36781,2.84784,7.9038,7.32547,6.9645,16.8837,16.8837,1.0,1.0,1
42407,30.05.2024 19:49:01.020000,563.516,610.318,7.76188,7.157,7.09,40.1118,3.07333,2.9127,14.1009,11.3658,687.95,689.735,6.88731,2.8589,7.93261,7.3925,6.9645,16.8837,16.8837,1.0,1.0,1
42408,30.05.2024 19:49:01.030000,563.516,610.318,7.76188,7.157,7.09,40.1118,3.07333,2.9127,14.1009,11.3658,687.95,689.735,6.88731,2.8589,7.93261,7.3925,6.9645,16.8837,16.8837,1.0,1.0,1
42409,30.05.2024 19:49:01.040000,557.748,615.344,7.72161,7.175,7.126,40.0784,3.07846,2.89007,15.0236,8.09711,687.875,689.62,6.7601,2.5897,8.55805,7.36826,6.96542,17.976,17.976,1.0,1.0,1
42410,30.05.2024 19:49:01.050000,557.748,615.344,7.72161,7.175,7.126,40.0784,3.07846,2.89007,15.0236,8.09711,687.875,689.62,6.7601,2.5897,8.55805,7.36826,6.96542,17.976,17.976,1.0,1.0,1
42411,30.05.2024 19:49:01.060000,563.269,608.175,7.68356,7.178,7.206,40.1181,3.05939,2.88589,15.5193,9.13478,687.78,689.55,6.61772,2.40564,9.00417,7.35169,6.96637,17.8819,17.8819,1.0,1.0,1
42412,30.05.2024 19:49:01.070000,563.269,608.175,7.68356,7.178,7.206,40.1181,3.05939,2.88589,15.5193,9.13478,687.78,689.55,6.61772,2.40564,9.00417,7.35169,6.96637,17.8819,17.8819,1.0,1.0,1
42413,30.05.2024 19:49:01.080000,551.98,613.449,7.613,7.22,7.213,40.1691,3.02018,2.87252,11.9294,10.4386,687.745,689.49,6.08019,2.51382,8.75557,7.47134,6.96842,17.8819,17.8819,1.0,1.0,1
42414,30.05.2024 19:49:01.090000,551.98,613.449,7.613,7.22,7.213,40.1691,3.02018,2.87252,11.9294,10.4386,687.745,689.49,6.08019,2.51382,8.75557,7.47134,6.96842,17.8819,17.8819,1.0,1.0,1
42415,30.05.2024 19:49:01.100000,556.018,558.819,7.56855,7.307,7.245,40.1304,3.00549,2.87193,11.666,8.02487,687.75,689.425,5.81184,2.64959,8.44466,7.62385,6.96921,17.8024,17.8024,1.0,1.0,1
42416,30.05.2024 19:49:01.110000,556.018,558.819,7.56855,7.307,7.245,40.1304,3.00549,2.87193,11.666,8.02487,687.75,689.425,5.81184,2.64959,8.44466,7.62385,6.96921,17.8024,17.8024,1.0,1.0,1
42417,30.05.2024 19:49:01.120000,544.977,560.22,7.43274,7.297,7.289,40.3836,3.00886,2.86655,10.914,7.21895,687.815,689.375,5.61634,2.83055,8.57141,8.25478,6.96984,17.6866,17.6866,1.0,1.0,1
42418,30.05.2024 19:49:01.130000,544.977,560.22,7.43274,7.297,7.289,40.3836,3.00886,2.86655,10.914,7.21895,687.815,689.375,5.61634,2.83055,8.57141,8.25478,6.96984,17.6866,17.6866,1.0,1.0,1
42419,30.05.2024 19:49:01.140000,561.621,546.295,7.34988,7.344,7.22,40.9968,3.0461,2.87583,10.9813,8.58782,687.77,689.24,6.52867,3.96118,8.28584,9.21108,6.97133,18.0049,18.0049,1.0,1.0,1
42420,30.05.2024 19:49:01.150000,563.351,519.351,7.32142,7.36,7.202,41.7417,3.10405,2.87892,14.9294,8.48334,687.75,689.14,6.60858,4.17467,8.28045,9.3913,6.97411,18.1424,18.1424,1.0,1.0,1
42421,30.05.2024 19:49:01.160000,563.763,529.321,7.29178,7.311,7.066,42.4179,3.10551,2.88622,14.9294,8.48334,687.75,689.14,6.60858,4.17467,8.28045,9.3913,6.97411,18.1424,18.1424,1.0,1.0,1
42422,30.05.2024 19:49:01.170000,563.763,529.321,7.29178,7.311,7.066,42.4179,3.10551,2.88622,14.9294,8.48334,687.75,689.14,6.60858,4.17467,8.28045,9.3913,6.97411,18.1424,18.1424,1.0,1.0,1
42423,30.05.2024 19:49:01.180000,558.984,557.007,7.29178,7.241,7.073,42.4179,3.10583,2.90016,18.6518,9.92611,687.705,689.02,6.62861,4.26734,8.28112,9.6351,6.97555,18.4823,18.4823,1.0,1.0,1
42424,30.05.2024 19:49:01.190000,558.984,557.007,7.29178,7.241,7.073,42.4179,3.10583,2.90016,18.6518,9.92611,687.705,689.02,6.62861,4.26734,8.28112,9.6351,6.97555,18.4823,18.4823,1.0,1.0,1
42425,30.05.2024 19:49:01.200000,561.868,563.928,7.10762,7.258,7.057,43.8909,3.07332,2.91308,17.4941,11.2051,687.67,688.915,6.36428,4.29901,8.42316,9.84254,6.97696,18.4968,18.4968,1.0,1.0,1
42426,30.05.2024 19:49:01.210000,569.119,554.123,7.06331,7.278,7.002,44.9317,3.03957,2.91432,14.587,11.4432,687.675,688.87,6.12452,4.19369,8.43349,10.0846,6.97865,18.4968,18.4968,1.0,1.0,1
42427,30.05.2024 19:49:01.220000,557.089,552.722,7.06331,7.243,6.931,45.9077,3.03011,2.91704,14.587,11.4432,687.675,688.87,6.12452,4.19369,8.43349,10.0846,6.98001,18.4968,18.4968,1.0,1.0,1
42428,30.05.2024 19:49:01.230000,557.089,552.722,7.05795,7.243,6.931,45.9077,3.01157,2.91833,14.4051,13.8376,687.665,688.78,6.1346,4.72785,8.56067,10.1392,6.98109,18.2002,18.2002,1.0,1.0,1
42429,30.05.2024 19:49:01.240000,564.67,576.782,6.99249,7.193,6.88,46.9269,3.01502,2.91734,14.4051,13.8376,687.665,688.78,6.1346,4.72785,8.56067,10.1392,6.98109,18.2002,18.2002,1.0,1.0,1
42430,30.05.2024 19:49:01.250000,559.396,575.216,6.99249,7.206,6.893,46.9269,3.02236,2.92229,14.3286,14.1744,687.665,688.67,6.05549,4.73655,8.45123,10.165,6.98225,18.2002,18.2002,1.0,1.0,1
42431,30.05.2024 19:49:01.260000,559.396,575.216,6.95411,7.206,6.893,47.7625,3.03254,2.93137,12.5665,13.209,687.645,688.6,5.99363,4.56762,8.26157,10.1931,6.98225,18.3449,18.3449,1.0,1.0,1
42432,30.05.2024 19:49:01.270000,571.426,566.894,6.95815,7.194,6.913,48.5811,3.07508,2.94531,12.5665,13.209,687.645,688.6,5.99363,4.56762,8.26157,10.1931,6.98332,18.3449,18.3449,1.0,1.0,1
42433,30.05.2024 19:49:01.280000,571.426,563.186,6.95815,7.14,6.913,48.5811,3.08878,2.96121,17.3208,13.4322,687.605,688.545,5.97148,4.5307,8.28453,10.1792,6.98423,18.0628,18.0628,1.0,1.0,1
42434,30.05.2024 19:49:01.290000,564.34,563.186,6.94737,7.14,6.902,49.3384,3.10698,2.97904,17.065,13.5022,687.6,688.47,5.85743,4.50146,8.29058,10.1981,6.98423,18.1134,18.1134,1.0,1.0,1
42435,30.05.2024 19:49:01.300000,562.033,590.378,6.94737,7.107,6.882,50.0691,3.12907,2.98775,17.065,13.5022,687.6,688.47,5.85743,4.50146,8.29058,10.1981,6.98453,18.1134,18.1134,1.0,1.0,1
42436,30.05.2024 19:49:01.310000,562.033,590.378,6.9387,7.107,6.882,50.0691,3.15334,3.0071,17.5276,15.3944,687.61,688.43,5.79983,4.31726,8.28744,10.274,6.98478,18.1134,18.1134,1.0,1.0,1
42437,30.05.2024 19:49:01.320000,563.104,594.58,6.95281,7.112,6.858,50.6393,3.15894,3.0209,17.5276,15.3944,687.61,688.43,5.79983,4.31726,8.28744,10.274,6.98478,18.1134,18.1134,1.0,1.0,1
42438,30.05.2024 19:49:01.330000,552.228,589.142,6.95281,7.081,6.883,50.6393,3.16401,3.02325,20.3498,17.5502,687.61,688.37,5.81048,4.46535,8.41952,10.2825,6.98498,18.6921,18.6921,1.0,1.0,1
42439,30.05.2024 19:49:01.340000,552.228,589.142,6.97115,7.081,6.883,51.1916,3.15813,3.02099,18.8143,20.1599,687.565,688.27,5.74217,4.53758,8.47256,10.3087,6.98498,18.8368,18.8368,1.0,1.0,1
42440,30.05.2024 19:49:01.350000,552.228,589.142,6.97115,7.081,6.883,51.1916,3.15813,3.02099,18.8143,20.1599,687.565,688.27,5.74217,4.53758,8.47256,10.3087,6.98498,18.8368,18.8368,1.0,1.0,1
42441,30.05.2024 19:49:01.360000,543.823,615.014,6.97306,7.004,6.87,51.5509,3.13306,3.01735,18.2119,20.2644,687.54,688.17,5.61416,4.14561,8.48693,10.2687,6.98523,18.8368,18.8368,1.0,1.0,1
42442,30.05.2024 19:49:01.370000,543.823,615.014,6.97306,7.004,6.87,51.5509,3.13306,3.01735,18.2119,20.2644,687.54,688.17,5.61416,4.14561,8.48693,10.2687,6.98523,18.8368,18.8368,1.0,1.0,1
42443,30.05.2024 19:49:01.380000,544.812,610.4,6.98679,6.966,6.876,51.8972,3.08391,2.97867,17.5673,16.4112,687.5,688.105,5.33062,3.87583,8.51283,10.3156,6.98525,19.0032,19.0032,1.0,1.0,1
42444,30.05.2024 19:49:01.390000,544.812,610.4,6.98679,6.966,6.876,51.8972,3.08391,2.97867,17.5673,16.4112,687.5,688.105,5.33062,3.87583,8.51283,10.3156,6.98525,19.0032,19.0032,1.0,1.0,1
42445,30.05.2024 19:49:01.400000,527.179,608.917,7.04426,6.96,6.922,52.1456,3.01114,2.9156,13.8558,12.564,687.49,688.035,5.01214,3.5787,7.97306,10.283,6.9854,18.9887,18.9887,1.0,1.0,1
42446,30.05.2024 19:49:01.410000,490.43,569.531,7.06605,7.008,6.99,52.3573,2.97949,2.87091,13.5897,12.1313,687.49,687.995,4.77776,3.44091,7.48759,10.2221,6.98524,19.3938,19.3938,1.0,1.0,1
42447,30.05.2024 19:49:01.420000,490.43,569.531,7.03693,7.008,6.99,52.5902,2.97927,2.85985,9.49024,7.64073,687.485,687.965,4.53926,3.32632,7.3875,10.319,6.98524,19.4951,19.4951,1.0,1.0,1
42448,30.05.2024 19:49:01.430000,474.774,539.538,7.05315,7.026,7.01,52.7015,3.00319,2.84774,9.49024,7.64073,687.485,687.965,4.53926,3.32632,7.3875,10.319,6.98533,19.4951,19.4951,1.0,1.0,1
42449,30.05.2024 19:49:01.440000,474.774,539.538,7.05315,7.026,7.01,52.7015,3.00319,2.84774,9.49024,7.64073,687.485,687.965,4.53926,3.32632,7.3875,10.319,6.98533,19.4951,19.4951,1.0,1.0,1
42450,30.05.2024 19:49:01.450000,474.774,529.404,7.05315,7.053,7.01,52.7015,3.01871,2.84604,11.4256,8.02683,687.485,687.945,4.63263,3.48493,7.17975,10.3151,6.98536,19.5457,19.5457,1.0,1.0,1
42451,30.05.2024 19:49:01.460000,474.774,529.404,7.05315,7.053,7.01,52.7015,3.01871,2.84604,11.4256,8.02683,687.485,687.945,4.63263,3.48493,7.17975,10.3151,6.98536,19.5457,19.5457,1.0,1.0,1
42452,30.05.2024 19:49:01.470000,459.613,498.999,7.09248,7.103,6.978,52.9612,3.06172,2.87481,12.7973,9.43948,687.48,687.885,4.73359,3.95489,7.17183,10.3691,6.98481,19.77,19.77,1.0,1.0,1
42453,30.05.2024 19:49:01.480000,459.613,498.999,7.09248,7.103,6.978,52.9612,3.06172,2.87481,12.7973,9.43948,687.48,687.885,4.73359,3.95489,7.17183,10.3691,6.98481,19.77,19.77,1.0,1.0,1
42454,30.05.2024 19:49:01.490000,451.208,473.126,7.16374,7.097,6.98,53.1051,3.08343,2.89692,16.7545,12.267,687.45,687.715,4.99494,4.15553,7.36459,10.4096,6.98494,19.8857,19.8857,1.0,1.0,1
42455,30.05.2024 19:49:01.500000,451.208,473.126,7.16374,7.097,6.98,53.1051,3.08343,2.89692,16.7545,12.267,687.45,687.715,4.99494,4.15553,7.36459,10.4096,6.98494,19.8857,19.8857,1.0,1.0,1
42456,30.05.2024 19:49:01.510000,427.396,481.201,7.20112,7.037,7.044,53.1326,3.0684,2.92422,14.6102,13.3491,687.45,687.65,4.86695,4.05137,7.43016,10.5495,6.98522,20.1317,20.1317,1.0,1.0,1
42457,30.05.2024 19:49:01.520000,427.396,481.201,7.20112,7.037,7.044,53.1326,3.0684,2.92422,14.6102,13.3491,687.45,687.65,4.86695,4.05137,7.43016,10.5495,6.98522,20.1317,20.1317,1.0,1.0,1
42458,30.05.2024 19:49:01.530000,412.317,416.107,7.18541,7.136,7.046,53.2825,3.04144,2.92196,14.8373,11.935,687.44,687.615,4.96608,4.17672,7.56133,10.5834,6.98596,19.9363,19.9363,1.0,1.0,1
42459,30.05.2024 19:49:01.540000,384.466,385.043,7.17292,7.152,7.06,53.519,3.0318,2.90974,14.3351,11.6688,687.445,687.59,5.05202,4.31457,7.60406,10.6608,6.98621,19.9363,19.9363,1.0,1.0,1
42460,30.05.2024 19:49:01.550000,384.466,385.043,7.21002,7.152,7.06,53.519,3.02786,2.90218,13.4468,10.2561,687.45,687.585,5.37751,4.70766,7.82103,10.672,6.98698,19.6832,19.6832,1.0,1.0,1
42461,30.05.2024 19:49:01.560000,355.957,383.807,7.22602,7.101,7.08,53.6669,3.02696,2.89781,13.4468,10.2561,687.45,687.585,5.37751,4.70766,7.82103,10.672,6.98698,19.6832,19.6832,1.0,1.0,1
42462,30.05.2024 19:49:01.570000,355.051,364.773,7.22602,7.142,7.072,53.6669,3.02557,2.89191,12.0752,10.6199,687.445,687.52,5.56329,5.12827,7.88031,10.7213,6.98755,19.7483,19.7483,1.0,1.0,1
42463,30.05.2024 19:49:01.580000,355.051,364.773,7.22602,7.142,7.072,53.6669,3.02557,2.89191,12.0752,10.6199,687.445,687.52,5.56329,5.12827,7.88031,10.7213,6.98755,19.7483,19.7483,1.0,1.0,1
42464,30.05.2024 19:49:01.590000,355.051,364.773,7.21147,7.142,7.072,53.7145,3.01849,2.8864,11.7084,8.58255,687.435,687.445,5.6753,5.36494,7.72832,10.8184,6.98755,19.7483,19.7483,1.0,1.0,1
42465,30.05.2024 19:49:01.600000,332.474,280.728,7.19865,7.148,7.08,53.8102,3.00648,2.91993,10.9114,7.42551,687.41,687.365,5.85641,5.56024,7.75199,10.9451,6.98888,19.741,19.741,1.0,1.0,1
42466,30.05.2024 19:49:01.610000,305.942,280.728,7.21595,7.148,7.108,53.8302,3.01284,2.91807,11.0912,12.5887,687.385,687.325,5.93724,5.48624,7.8017,11.2492,6.98888,19.6253,19.6253,1.0,1.0,1
42467,30.05.2024 19:49:01.620000,289.38,283.035,7.21595,7.128,7.054,53.9563,3.01294,2.91896,11.0912,12.5887,687.385,687.325,5.93724,5.48624,7.8017,11.2492,6.98978,19.6253,19.6253,1.0,1.0,1
42468,30.05.2024 19:49:01.630000,289.38,283.035,7.19102,7.128,7.054,53.9563,3.03875,2.94508,9.51241,14.2998,687.355,687.265,5.91673,5.58141,7.71587,11.4297,6.99058,19.6253,19.6253,1.0,1.0,1
42469,30.05.2024 19:49:01.640000,273.395,265.979,7.1683,7.151,7.102,53.9644,3.05374,2.9499,9.51241,14.2998,687.355,687.265,5.91673,5.58141,7.71587,11.4297,6.99058,19.6253,19.6253,1.0,1.0,1
42470,30.05.2024 19:49:01.650000,259.058,233.267,7.1683,7.168,7.072,53.9644,3.06569,2.95668,12.4056,12.8961,687.345,687.205,5.74448,5.71163,7.4827,11.5291,6.99128,19.7338,19.7338,1.0,1.0,1
42471,30.05.2024 19:49:01.660000,259.058,233.267,7.16788,7.168,7.072,54.0463,3.07731,2.9684,15.1136,14.8541,687.305,687.13,5.61504,5.56282,7.47204,11.669,6.99128,19.4083,19.4083,1.0,1.0,1
42472,30.05.2024 19:49:01.670000,266.309,214.069,7.15333,7.155,7.026,54.0792,3.103,2.97435,15.1136,14.8541,687.305,687.13,5.61504,5.56282,7.47204,11.669,6.99237,19.4083,19.4083,1.0,1.0,1
42473,30.05.2024 19:49:01.680000,266.309,203.604,7.15333,7.093,7.026,54.0792,3.10932,2.97517,15.5353,16.6971,687.305,687.055,5.48989,5.34721,7.37665,11.7322,6.99351,19.3576,19.3576,1.0,1.0,1
42474,30.05.2024 19:49:01.690000,258.234,203.604,7.13472,7.093,7.014,54.1362,3.10995,2.97671,16.1532,15.7423,687.315,686.995,5.38227,5.02025,7.20226,11.8545,6.99351,19.3576,19.3576,1.0,1.0,1
42475,30.05.2024 19:49:01.700000,270.84,220.743,7.13472,7.018,6.948,54.0795,3.1038,2.97536,16.1532,15.7423,687.315,686.995,5.38227,5.02025,7.20226,11.8545,6.9943,19.3576,19.3576,1.0,1.0,1
42476,30.05.2024 19:49:01.710000,270.84,220.743,7.13567,7.018,6.948,54.0795,3.06378,2.96217,15.776,17.8969,687.32,686.99,5.34878,4.71657,7.31076,11.9409,6.99527,19.3576,19.3576,1.0,1.0,1
42477,30.05.2024 19:49:01.720000,254.608,210.278,7.14093,7.026,6.963,53.9769,3.03804,2.95703,15.776,17.8969,687.32,686.99,5.34878,4.71657,7.31076,11.9409,6.99527,19.3576,19.3576,1.0,1.0,1
42478,30.05.2024 19:49:01.730000,237.799,176.66,7.14093,7.056,6.99,53.9769,3.01973,2.95312,13.6554,14.0828,687.32,686.995,5.49498,4.87722,7.2839,11.9959,6.99613,19.1479,19.1479,1.0,1.0,1
42479,30.05.2024 19:49:01.740000,237.799,176.66,7.11572,7.056,6.99,54.0105,3.00449,2.94856,11.935,13.0045,687.325,686.97,5.58209,5.1011,7.27699,12.0901,6.99613,19.0466,19.0466,1.0,1.0,1
42480,30.05.2024 19:49:01.750000,176.66,131.177,7.07233,7.077,7.017,53.9993,2.99988,2.93413,11.935,13.0045,687.325,686.97,5.58209,5.1011,7.27699,12.0901,6.99714,19.0466,19.0466,1.0,1.0,1
42481,30.05.2024 19:49:01.760000,176.66,112.967,7.07233,7.081,7.017,53.9993,3.01635,2.93123,11.9796,14.5797,687.305,686.885,5.69799,5.31152,7.39935,12.1556,6.99764,18.8079,18.8079,1.0,1.0,1
42482,30.05.2024 19:49:01.770000,176.99,112.967,7.04438,7.081,7.005,53.9829,3.04638,2.92617,12.5062,14.192,687.305,686.81,5.80076,5.18463,7.53196,12.2724,6.99764,18.1496,18.1496,1.0,1.0,1
42483,30.05.2024 19:49:01.780000,164.63,100.854,7.04438,7.1,6.976,54.0983,3.07001,2.92378,12.5062,14.192,687.305,686.81,5.80076,5.18463,7.53196,12.2724,6.99862,18.1496,18.1496,1.0,1.0,1
42484,30.05.2024 19:49:01.790000,164.63,100.854,7.07976,7.1,6.976,54.0983,3.11436,2.9164,15.9175,9.99538,687.33,686.755,5.88228,4.9029,7.66389,12.3711,6.99948,17.8096,17.8096,1.0,1.0,1
42485,30.05.2024 19:49:01.800000,164.63,100.854,7.07976,7.1,6.976,54.0983,3.11436,2.9164,15.9175,9.99538,687.33,686.755,5.88228,4.9029,7.66389,12.3711,6.99948,17.8096,17.8096,1.0,1.0,1
42486,30.05.2024 19:49:01.810000,162.817,73.5809,7.09268,7.089,6.958,54.1221,3.12304,2.91094,13.7769,9.88917,687.285,686.74,5.96382,4.79523,7.66424,12.4219,6.99948,17.8024,17.8024,1.0,1.0,1
42487,30.05.2024 19:49:01.820000,132.413,68.5547,7.08159,7.023,6.965,54.0965,3.12039,2.91455,17.1101,10.9903,687.265,686.7,5.70945,4.82849,7.43979,12.5156,6.99945,17.3032,17.3032,1.0,1.0,1
42488,30.05.2024 19:49:01.830000,121.371,97.8882,7.07326,6.951,6.987,54.1451,3.08916,2.91814,17.1101,10.9903,687.265,686.7,5.70945,4.82849,7.43979,12.5156,7.00015,17.3032,17.3032,1.0,1.0,1
42489,30.05.2024 19:49:01.840000,121.371,46.8017,7.07326,6.995,6.987,54.1451,3.07003,2.92102,15.2598,9.80661,687.255,686.65,5.69053,4.84784,7.48523,12.4885,7.00089,16.4424,16.4424,1.0,1.0,1
42490,30.05.2024 19:49:01.850000,110.495,46.8017,7.07829,6.995,6.972,54.1417,3.04947,2.92271,11.9761,10.8776,687.22,686.58,5.47214,4.76741,7.45739,12.6219,7.00089,16.2182,16.2182,1.0,1.0,1
42491,30.05.2024 19:49:01.860000,111.484,22.0001,7.07829,6.97,6.939,54.0761,3.03093,2.92342,11.9761,10.8776,687.22,686.58,5.47214,4.76741,7.45739,12.6219,7.00139,16.2182,16.2182,1.0,1.0,1
42492,30.05.2024 19:49:01.870000,111.484,22.0001,7.07829,6.97,6.939,54.0761,3.03093,2.92342,11.9761,10.8776,687.22,686.58,5.47214,4.76741,7.45739,12.6219,7.00139,16.2182,16.2182,1.0,1.0,1
42493,30.05.2024 19:49:01.880000,111.484,22.0001,7.0941,6.97,6.939,54.0761,3.0053,2.90778,11.5873,11.5387,687.22,686.515,5.22088,4.53439,7.16627,12.703,7.00177,16.2182,16.2182,1.0,1.0,1
42494,30.05.2024 19:49:01.890000,65.2588,-43.8354,7.10013,6.954,6.947,54.0607,2.99414,2.88931,10.7223,8.67575,687.225,686.515,5.04922,4.45689,7.11818,12.7212,7.00197,16.0301,16.0301,1.0,1.0,1
42495,30.05.2024 19:49:01.900000,65.2588,-43.8354,7.09476,6.954,6.947,54.1204,2.99842,2.88653,8.58189,7.65896,687.2,686.485,4.98868,4.67516,6.9777,12.7812,7.00197,15.7263,15.7263,1.0,1.0,1
42496,30.05.2024 19:49:01.910000,65.2588,-43.8354,7.09476,6.954,6.947,54.1204,2.99842,2.88653,8.58189,7.65896,687.2,686.485,4.98868,4.67516,6.9777,12.7812,7.00197,15.7263,15.7263,1.0,1.0,1
42497,30.05.2024 19:49:01.920000,37.5732,-64.0228,7.09961,6.947,6.955,54.0721,3.01175,2.88801,11.3368,8.87006,687.2,686.435,4.90449,4.80919,6.76982,12.7407,7.00302,15.7263,15.7263,1.0,1.0,1
42498,30.05.2024 19:49:01.930000,0.0,-107.199,7.1355,6.937,6.976,54.0256,3.02331,2.89825,11.2648,7.38682,687.2,686.4,4.78806,4.76472,6.73401,12.7971,7.00341,15.4803,15.4803,1.0,1.0,1
42499,30.05.2024 19:49:01.940000,-27.1088,-109.341,7.1355,6.934,6.982,54.0441,3.02799,2.90044,11.2648,7.38682,687.2,686.4,4.78806,4.76472,6.73401,12.7971,7.00389,15.4803,15.4803,1.0,1.0,1
42500,30.05.2024 19:49:01.950000,-27.1088,-109.341,7.15684,6.934,6.982,54.0441,3.02445,2.90684,11.891,9.66482,687.205,686.375,4.72879,4.88255,6.6563,12.8317,7.00446,15.4659,15.4659,0.0,1.0,1
42501,30.05.2024 19:49:01.960000,-27.1088,-109.341,7.15684,6.934,6.982,54.0441,3.02445,2.90684,11.891,9.66482,687.205,686.375,4.72879,4.88255,6.6563,12.8317,7.00446,15.4659,15.4659,0.0,1.0,1
42502,30.05.2024 19:49:01.970000,-64.3524,-132.165,7.15869,7.036,6.994,54.005,3.02231,2.9122,10.8668,8.72727,687.205,686.33,4.788,5.06987,6.68175,12.8758,7.00446,15.3718,15.3718,0.0,1.0,1
42503,30.05.2024 19:49:01.980000,-64.3524,-132.165,7.15869,7.036,6.994,54.005,3.02231,2.9122,10.8668,8.72727,687.205,686.33,4.788,5.06987,6.68175,12.8758,7.00446,15.3718,15.3718,0.0,1.0,1
42504,30.05.2024 19:49:01.990000,-109.177,-183.334,7.15294,7.111,7.042,54.0266,3.02097,2.91396,10.5552,9.81189,687.185,686.295,4.90429,5.10375,6.6167,12.8968,7.00526,15.3718,15.3718,0.0,1.0,1
42505,30.05.2024 19:49:02.000000,-109.177,-183.334,7.15294,7.111,7.042,54.0266,3.02097,2.91396,10.5552,9.81189,687.185,686.295,4.90429,5.10375,6.6167,12.8968,7.00526,15.3718,15.3718,0.0,1.0,1
42506,30.05.2024 19:49:02.010000,-112.72,-239.447,7.1624,7.074,7.053,54.0454,3.03356,2.91972,10.384,11.7947,687.18,686.28,4.92237,5.24179,6.68586,12.9664,7.00627,15.2054,15.2054,0.0,1.0,1
42507,30.05.2024 19:49:02.020000,-135.791,-266.968,7.18416,7.083,7.046,54.0818,3.04297,2.9242,10.7767,9.48503,687.18,686.255,4.88969,5.4974,6.7144,13.1811,7.00703,15.2127,15.2127,0.0,1.0,1
42508,30.05.2024 19:49:02.030000,-112.72,-239.447,7.1624,7.074,7.053,54.0454,3.03356,2.91972,10.384,11.7947,687.18,686.28,4.92237,5.24179,6.68586,12.9664,7.00627,15.2054,15.2054,0.0,1.0,1
42509,30.05.2024 19:49:02.040000,-161.005,-297.949,7.18987,7.107,7.052,54.1538,3.03902,2.92517,10.384,11.7947,687.18,686.28,4.92237,5.24179,6.68586,12.9664,7.00807,15.2054,15.2054,0.0,1.0,1
42510,30.05.2024 19:49:02.050000,-184.735,-317.807,7.18987,7.093,7.059,54.1538,3.03167,2.92553,12.268,9.43017,687.15,686.18,5.16313,5.78465,6.86201,13.3108,7.00861,15.2127,15.2127,0.0,1.0,1
42511,30.05.2024 19:49:02.060000,-184.735,-317.807,7.18685,7.093,7.059,54.1424,3.02333,2.93035,12.2213,7.79928,687.12,686.17,4.98986,5.88231,6.77742,13.4082,7.00861,15.2127,15.2127,0.0,1.0,1
42512,30.05.2024 19:49:02.070000,-206.982,-321.02,7.18979,7.068,7.098,54.2153,3.01337,2.93931,12.2213,7.79928,687.12,686.17,4.98986,5.88231,6.77742,13.4082,7.00946,15.2127,15.2127,0.0,1.0,1
42513,30.05.2024 19:49:02.080000,-206.982,-322.833,7.18979,7.057,7.098,54.2153,3.01178,2.93945,9.72557,8.88319,687.075,686.115,4.78356,6.17409,6.73705,13.4856,7.01025,14.8582,14.8582,0.0,1.0,1
42514,30.05.2024 19:49:02.090000,-206.982,-322.833,7.18979,7.057,7.098,54.2153,3.01178,2.93945,9.72557,8.88319,687.075,686.115,4.78356,6.17409,6.73705,13.4856,7.01025,14.8582,14.8582,0.0,1.0,1
42515,30.05.2024 19:49:02.100000,-216.623,-322.833,7.17531,7.057,7.081,54.0964,3.01229,2.94506,11.0516,9.00257,687.055,686.055,4.36435,6.21101,6.40236,13.6094,7.01025,14.3301,14.3301,0.0,1.0,1
42516,30.05.2024 19:49:02.110000,-235.986,-354.144,7.16155,7.108,7.063,54.0835,3.04533,2.9592,10.9297,11.9835,687.065,686.06,4.101,6.10258,6.12981,13.5996,7.01211,14.5544,14.5544,0.0,1.0,1
42517,30.05.2024 19:49:02.120000,-261.529,-400.781,7.15024,7.128,7.094,54.0713,3.05731,2.96317,10.9297,11.9835,687.065,686.06,4.101,6.10258,6.12981,13.5996,7.01211,14.5544,14.5544,0.0,1.0,1
42518,30.05.2024 19:49:02.130000,-261.529,-400.781,7.15024,7.128,7.094,54.0713,3.05731,2.96317,10.9297,11.9835,687.065,686.06,4.101,6.10258,6.12981,13.5996,7.01211,14.5544,14.5544,0.0,1.0,1
42519,30.05.2024 19:49:02.140000,-266.144,-403.253,7.15024,7.083,7.06,54.0713,3.07069,2.96506,10.8992,10.7111,687.065,686.06,3.92636,6.28355,6.07066,13.7619,7.01325,14.7569,14.7569,0.0,1.0,1
42520,30.05.2024 19:49:02.150000,-266.144,-403.253,7.15024,7.083,7.06,54.0713,3.07069,2.96506,10.8992,10.7111,687.065,686.06,3.92636,6.28355,6.07066,13.7619,7.01325,14.7569,14.7569,0.0,1.0,1
42521,30.05.2024 19:49:02.160000,-276.608,-401.44,7.1421,7.087,7.042,54.1317,3.0786,2.96623,12.6254,13.923,687.065,686.065,3.90352,6.4049,5.87241,13.8789,7.01443,15.0608,15.0608,0.0,1.0,1
42522,30.05.2024 19:49:02.170000,-276.608,-401.44,7.1421,7.087,7.042,54.1317,3.0786,2.96623,12.6254,13.923,687.065,686.065,3.90352,6.4049,5.87241,13.8789,7.01443,15.0608,15.0608,0.0,1.0,1
42523,30.05.2024 19:49:02.180000,-265.155,-402.511,7.13272,7.107,7.008,54.0227,3.0672,2.96241,12.8326,14.3639,687.06,686.045,4.00926,6.95633,5.60718,14.0652,7.01501,14.8872,14.8872,0.0,1.0,1
42524,30.05.2024 19:49:02.190000,-265.155,-402.511,7.13272,7.107,7.008,54.0227,3.0672,2.96241,12.8326,14.3639,687.06,686.045,4.00926,6.95633,5.60718,14.0652,7.01501,14.8872,14.8872,0.0,1.0,1
42525,30.05.2024 19:49:02.200000,-285.672,-405.56,7.1299,7.126,7.01,54.0684,3.04379,2.94462,12.3757,11.0759,687.055,685.99,4.1609,7.22774,5.57806,14.1347,7.0164,14.9667,14.9667,0.0,1.0,1
42526,30.05.2024 19:49:02.210000,-285.672,-405.56,7.1299,7.126,7.01,54.0684,3.04379,2.94462,12.3757,11.0759,687.055,685.99,4.1609,7.22774,5.57806,14.1347,7.0164,14.9667,14.9667,0.0,1.0,1
42527,30.05.2024 19:49:02.220000,-304.871,-390.069,7.12424,7.002,7.024,54.094,3.02624,2.93011,13.0642,10.0926,687.01,685.925,4.19569,7.14126,5.51713,14.2226,7.01706,14.9667,14.9667,0.0,1.0,1
42528,30.05.2024 19:49:02.230000,-300.586,-390.317,7.10971,7.026,6.983,54.142,3.0208,2.91931,12.2049,9.09264,686.985,685.895,4.04385,6.74463,5.55877,14.3032,7.01779,14.511,14.511,0.0,1.0,1
42529,30.05.2024 19:49:02.240000,-300.586,-401.193,7.10971,7.053,6.983,54.142,3.02491,2.91765,10.2822,9.13324,686.98,685.89,3.90218,6.55559,5.65263,14.3564,7.01816,14.3519,14.3519,0.0,1.0,1
42530,30.05.2024 19:49:02.250000,-313.357,-401.193,7.12504,7.053,6.987,54.1304,3.02867,2.91689,11.313,8.71525,686.97,685.895,3.81755,6.49272,5.73421,14.2924,7.01816,14.3519,14.3519,0.0,1.0,1
42531,30.05.2024 19:49:02.260000,-335.934,-393.613,7.12504,7.019,6.985,54.2001,3.03548,2.91634,11.313,8.71525,686.97,685.895,3.81755,6.49272,5.73421,14.2924,7.01932,14.3519,14.3519,0.0,1.0,1
42532,30.05.2024 19:49:02.270000,-335.934,-393.613,7.12594,7.019,6.985,54.2001,3.04866,2.91761,11.5172,7.59118,686.955,685.895,3.67205,6.39023,5.72121,14.2782,7.02037,14.388,14.388,0.0,1.0,1
42533,30.05.2024 19:49:02.280000,-344.339,-403.583,7.12474,7.02,7.002,54.1184,3.05065,2.91903,11.5172,7.59118,686.955,685.895,3.67205,6.39023,5.72121,14.2782,7.02037,14.388,14.388,0.0,1.0,1
42534,30.05.2024 19:49:02.290000,-357.522,-404.983,7.12474,7.052,6.989,54.1184,3.05169,2.92226,11.4505,7.18956,686.955,685.895,3.5123,6.32382,5.54692,14.2842,7.02107,14.2216,14.2216,0.0,1.0,1
42535,30.05.2024 19:49:02.300000,-357.522,-404.983,7.12474,7.052,6.989,54.1184,3.05169,2.92226,11.4505,7.18956,686.955,685.895,3.5123,6.32382,5.54692,14.2842,7.02107,14.2216,14.2216,0.0,1.0,1
42536,30.05.2024 19:49:02.310000,-357.522,-404.983,7.12683,7.052,6.989,54.1247,3.05093,2.92406,10.1101,6.71426,686.94,685.895,3.50022,6.52685,5.56992,14.2482,7.02107,14.048,14.048,0.0,1.0,1
42537,30.05.2024 19:49:02.320000,-357.522,-404.983,7.12683,7.052,6.989,54.1247,3.05093,2.92406,10.1101,6.71426,686.94,685.895,3.50022,6.52685,5.56992,14.2482,7.02107,14.048,14.048,0.0,1.0,1
42538,30.05.2024 19:49:02.330000,-364.938,-398.144,7.13871,7.115,7.004,54.1007,3.04346,2.92486,10.9388,6.36221,686.94,685.875,3.57709,6.49515,5.51128,14.0903,7.02264,14.048,14.048,0.0,1.0,1
42539,30.05.2024 19:49:02.340000,-363.62,-404.324,7.14845,7.077,7.015,54.0998,3.03799,2.92236,10.8584,5.84064,686.915,685.85,3.65993,6.45329,5.44077,13.9371,7.02362,13.708,13.708,0.0,1.0,1
42540,30.05.2024 19:49:02.350000,-363.62,-404.324,7.14845,7.077,7.015,54.0998,3.03799,2.92236,10.8584,5.84064,686.915,685.85,3.65993,6.45329,5.44077,13.9371,7.02362,13.708,13.708,0.0,1.0,1
42541,30.05.2024 19:49:02.360000,-363.62,-404.324,7.1512,7.077,7.015,54.0998,3.03141,2.92434,8.84134,6.23642,686.895,685.85,3.54399,6.298,5.41103,13.9368,7.02437,13.8455,13.8455,0.0,1.0,1
42542,30.05.2024 19:49:02.370000,-360.489,-401.44,7.16104,7.106,7.024,54.0372,3.0273,2.92501,9.66417,8.52696,686.88,685.845,3.56352,6.30164,5.29411,13.8971,7.0252,13.8961,13.8961,0.0,1.0,1
42543,30.05.2024 19:49:02.380000,-360.489,-401.44,7.17653,7.106,7.024,54.0199,3.02623,2.92493,10.6351,8.40393,686.875,685.84,3.55539,6.3183,5.23108,13.8215,7.0252,13.7949,13.7949,0.0,1.0,1
42544,30.05.2024 19:49:02.390000,-359.912,-398.886,7.17869,7.098,7.021,54.018,3.02706,2.92435,10.6351,8.40393,686.875,685.84,3.55539,6.3183,5.23108,13.8215,7.02589,13.7949,13.7949,0.0,1.0,1
42545,30.05.2024 19:49:02.400000,-359.912,-396.332,7.17869,7.062,7.021,54.018,3.02798,2.92527,9.11723,8.22781,686.85,685.835,3.48338,6.20758,5.17409,13.7859,7.02671,13.4549,13.4549,0.0,1.0,1
42546,30.05.2024 19:49:02.410000,-363.043,-396.332,7.19074,7.062,7.057,54.0291,3.02977,2.93081,10.904,10.3194,686.855,685.84,3.46534,6.22539,5.15083,13.7484,7.02671,13.4476,13.4476,0.0,1.0,1
42547,30.05.2024 19:49:02.420000,-361.89,-407.373,7.19074,7.062,7.068,54.0207,3.03282,2.93612,10.904,10.3194,686.855,685.84,3.46534,6.22539,5.15083,13.7484,7.02769,13.4476,13.4476,0.0,1.0,1
42548,30.05.2024 19:49:02.430000,-361.89,-407.373,7.18924,7.062,7.068,54.0207,3.04868,2.94503,9.94399,9.81747,686.83,685.845,3.42568,6.18607,5.11124,13.7018,7.02838,13.2957,13.2957,0.0,1.0,1
42549,30.05.2024 19:49:02.440000,-362.549,-404.654,7.16939,7.096,7.063,53.9798,3.0582,2.95394,9.94399,9.81747,686.83,685.845,3.42568,6.18607,5.11124,13.7018,7.02838,13.2957,13.2957,0.0,1.0,1
42550,30.05.2024 19:49:02.450000,-362.549,-404.654,7.16939,7.096,7.063,53.9798,3.0582,2.95394,9.94399,9.81747,686.83,685.845,3.42568,6.18607,5.11124,13.7018,7.02838,13.2957,13.2957,0.0,1.0,1
42551,30.05.2024 19:49:02.460000,-357.852,-399.133,7.16939,7.135,7.113,53.9798,3.07097,2.96548,11.3792,10.7502,686.825,685.845,3.54876,6.16347,5.00075,13.5177,7.02952,13.3898,13.3898,0.0,1.0,1
42552,30.05.2024 19:49:02.470000,-357.852,-399.133,7.16939,7.135,7.113,53.9798,3.07097,2.96548,11.3792,10.7502,686.825,685.845,3.54876,6.16347,5.00075,13.5177,7.02952,13.3898,13.3898,0.0,1.0,1
42553,30.05.2024 19:49:02.480000,-358.758,-399.38,7.17218,7.143,7.078,54.027,3.09784,2.99647,11.6377,11.1077,686.81,685.85,3.58908,6.19514,5.07676,13.433,7.03059,13.5417,13.5417,0.0,1.0,1
42554,30.05.2024 19:49:02.490000,-360.901,-394.437,7.18311,7.091,7.049,54.1078,3.09566,3.01074,13.1044,12.2398,686.8,685.845,3.96055,6.26221,4.99965,13.2381,7.03129,13.2957,13.2957,0.0,1.0,1
42555,30.05.2024 19:49:02.500000,-357.522,-401.688,7.18311,7.101,7.06,54.16,3.09207,3.01379,13.1044,12.2398,686.8,685.845,3.96055,6.26221,4.99965,13.2381,7.03217,13.2957,13.2957,0.0,1.0,1
42556,30.05.2024 19:49:02.510000,-357.522,-401.688,7.18587,7.101,7.06,54.16,3.07694,3.01114,12.2096,14.127,686.775,685.855,4.0918,6.27581,5.02227,13.2276,7.03304,13.0208,13.0208,0.0,1.0,1
42557,30.05.2024 19:49:02.520000,-360.736,-400.452,7.18301,7.122,7.073,54.173,3.06721,3.00788,12.2096,14.127,686.775,685.855,4.0918,6.27581,5.02227,13.2276,7.03304,13.0208,13.0208,0.0,1.0,1
42558,30.05.2024 19:49:02.530000,-356.863,-399.71,7.18301,7.134,7.066,54.173,3.05643,3.00171,13.3478,13.5808,686.755,685.855,4.11967,6.22397,5.02917,13.1746,7.03343,12.8038,12.8038,0.0,1.0,1
42559,30.05.2024 19:49:02.540000,-356.863,-399.71,7.18442,7.134,7.066,54.0992,3.04978,2.99531,11.7894,12.2957,686.735,685.86,4.07937,6.38101,5.10243,13.1508,7.03343,12.8038,12.8038,0.0,1.0,1
42560,30.05.2024 19:49:02.550000,-359.994,-403.006,7.18831,7.106,7.034,54.0874,3.03638,2.98289,11.7894,12.2957,686.735,685.86,4.07937,6.38101,5.10243,13.1508,7.03485,12.8038,12.8038,0.0,1.0,1
42561,30.05.2024 19:49:02.560000,-359.994,-398.227,7.18831,7.1,7.034,54.0874,3.03774,2.97841,11.6816,10.2533,686.71,685.86,4.04821,6.32649,5.03794,13.0107,7.03559,12.594,12.594,0.0,1.0,1
42562,30.05.2024 19:49:02.570000,-357.522,-398.227,7.17603,7.1,7.063,54.0785,3.0419,2.97646,10.1515,9.829,686.7,685.855,4.07915,6.26196,4.99157,12.9345,7.03559,12.5506,12.5506,0.0,1.0,1
42563,30.05.2024 19:49:02.580000,-359.5,-404.159,7.17603,7.107,7.063,54.1344,3.05071,2.97456,10.1515,9.829,686.7,685.855,4.07915,6.26196,4.99157,12.9345,7.03629,12.5506,12.5506,0.0,1.0,1
42564,30.05.2024 19:49:02.590000,-359.5,-404.159,7.17507,7.107,7.063,54.1344,3.08087,2.97347,10.9824,8.34544,686.69,685.865,3.93618,6.20426,5.05416,12.8012,7.03758,12.5506,12.5506,0.0,1.0,1
42565,30.05.2024 19:49:02.600000,-359.994,-396.826,7.17319,7.093,7.042,54.1418,3.09567,2.97284,10.9824,8.34544,686.69,685.865,3.93618,6.20426,5.05416,12.8012,7.03758,12.5506,12.5506,0.0,1.0,1
42566,30.05.2024 19:49:02.610000,-361.23,-402.182,7.17319,7.078,7.03,54.1418,3.10939,2.97295,10.1063,7.40589,686.69,685.865,3.95676,6.06723,5.0925,12.7715,7.03868,12.406,12.406,0.0,1.0,1
42567,30.05.2024 19:49:02.620000,-361.23,-402.182,7.17319,7.078,7.03,54.1418,3.10939,2.97295,10.1063,7.40589,686.69,685.865,3.95676,6.06723,5.0925,12.7715,7.03868,12.406,12.406,0.0,1.0,1
42568,30.05.2024 19:49:02.630000,-361.23,-402.182,7.17213,7.078,7.03,54.0957,3.11751,2.97299,11.8979,9.47611,686.685,685.86,3.97547,6.01919,5.13962,12.8248,7.03868,12.3987,12.3987,0.0,1.0,1
42569,30.05.2024 19:49:02.640000,-361.23,-402.182,7.17213,7.078,7.03,54.0957,3.11751,2.97299,11.8979,9.47611,686.685,685.86,3.97547,6.01919,5.13962,12.8248,7.03868,12.3987,12.3987,0.0,1.0,1
42570,30.05.2024 19:49:02.650000,-361.395,-402.347,7.16986,7.062,7.029,54.0718,3.10543,2.97537,13.2622,9.71106,686.675,685.865,4.10685,5.77381,5.22601,12.6267,7.03972,12.1962,12.1962,0.0,1.0,1
42571,30.05.2024 19:49:02.660000,-363.537,-399.463,7.18839,7.088,7.065,54.0763,3.08086,2.97235,12.502,9.39678,686.67,685.875,4.27039,5.66716,5.23689,12.2416,7.04078,11.7911,11.7911,0.0,1.0,1
42572,30.05.2024 19:49:02.670000,-363.537,-399.463,7.18839,7.088,7.065,54.0763,3.08086,2.97235,12.502,9.39678,686.67,685.875,4.27039,5.66716,5.23689,12.2416,7.04078,11.7911,11.7911,0.0,1.0,1
42573,30.05.2024 19:49:02.680000,-363.537,-399.463,7.18421,7.088,7.065,54.0763,3.05526,2.96539,11.8491,9.35857,686.66,685.855,4.32768,5.65693,5.17993,11.7668,7.04187,11.7477,11.7477,0.0,1.0,1
42574,30.05.2024 19:49:02.690000,-360.818,-399.957,7.17327,7.109,7.045,54.0455,3.02938,2.95463,11.1701,9.16015,686.655,685.865,4.34962,5.62479,5.2303,11.4184,7.04289,11.7477,11.7477,0.0,1.0,1
42575,30.05.2024 19:49:02.700000,-360.818,-399.957,7.17412,7.109,7.045,53.9516,3.02014,2.95237,10.5262,10.4735,686.64,685.86,4.35942,5.51657,5.19765,11.1862,7.04289,11.7477,11.7477,0.0,1.0,1
42576,30.05.2024 19:49:02.710000,-360.818,-399.957,7.17412,7.109,7.045,53.9516,3.02014,2.95237,10.5262,10.4735,686.64,685.86,4.35942,5.51657,5.19765,11.1862,7.04289,11.7477,11.7477,0.0,1.0,1
42577,30.05.2024 19:49:02.720000,-359.665,-400.781,7.17633,7.098,7.071,54.0625,3.01491,2.94734,9.25609,8.31874,686.63,685.85,4.4243,5.39851,5.23822,11.1398,7.04396,11.6826,11.6826,0.0,1.0,1
42578,30.05.2024 19:49:02.730000,-359.665,-400.781,7.17633,7.098,7.071,54.0625,3.01491,2.94734,9.25609,8.31874,686.63,685.85,4.4243,5.39851,5.23822,11.1398,7.04396,11.6826,11.6826,0.0,1.0,1
42579,30.05.2024 19:49:02.740000,-356.781,-402.264,7.18438,7.108,7.06,54.0215,3.0188,2.94536,9.57807,7.98165,686.625,685.85,4.46537,5.30927,5.34913,11.0249,7.04484,11.5813,11.5813,0.0,1.0,1
42580,30.05.2024 19:49:02.750000,-360.901,-404.983,7.18225,7.102,7.057,54.111,3.04043,2.94988,10.8199,7.38481,686.615,685.855,4.66184,5.26499,5.34006,10.8681,7.04637,11.3426,11.3426,0.0,1.0,1
42581,30.05.2024 19:49:02.760000,-359.582,-401.44,7.19715,7.091,7.066,54.0715,3.04878,2.95396,10.8199,7.38481,686.615,685.855,4.66184,5.26499,5.34006,10.8681,7.04637,11.3426,11.3426,0.0,1.0,1
42582,30.05.2024 19:49:02.770000,-359.582,-401.44,7.19715,7.091,7.066,54.0715,3.04878,2.95396,10.8199,7.38481,686.615,685.855,4.66184,5.26499,5.34006,10.8681,7.04637,11.3426,11.3426,0.0,1.0,1
42583,30.05.2024 19:49:02.780000,-355.627,-403.665,7.19715,7.109,7.102,54.0715,3.0569,2.95818,9.36248,7.07267,686.61,685.855,4.75629,5.19676,5.39006,10.7354,7.04705,11.4366,11.4366,0.0,1.0,1
42584,30.05.2024 19:49:02.790000,-355.627,-403.665,7.19715,7.109,7.102,54.0715,3.0569,2.95818,9.36248,7.07267,686.61,685.855,4.75629,5.19676,5.39006,10.7354,7.04705,11.4366,11.4366,0.0,1.0,1
42585,30.05.2024 19:49:02.800000,-355.71,-398.309,7.1807,7.115,7.065,54.0808,3.08091,2.96675,10.7051,9.07945,686.605,685.86,4.77123,5.08633,5.41658,10.6231,7.0482,11.4366,11.4366,0.0,1.0,1
42586,30.05.2024 19:49:02.810000,-356.946,-398.144,7.17421,7.149,7.079,54.0216,3.09199,2.97864,12.2623,8.2873,686.605,685.875,4.92749,4.81823,5.2076,10.5635,7.04886,11.1328,11.1328,0.0,1.0,1
42587,30.05.2024 19:49:02.820000,-360.242,-398.227,7.17421,7.131,7.059,54.0375,3.0941,2.98104,12.2623,8.2873,686.605,685.875,4.92749,4.81823,5.2076,10.5635,7.04969,11.1328,11.1328,0.0,1.0,1
42588,30.05.2024 19:49:02.830000,-360.242,-398.227,7.17944,7.131,7.059,54.0375,3.08564,2.98332,10.9128,9.30151,686.605,685.875,4.97291,4.89571,5.2721,10.6426,7.05077,11.1328,11.1328,0.0,1.0,1
42589,30.05.2024 19:49:02.840000,-358.429,-401.44,7.1758,7.132,7.064,54.0334,3.07835,2.98554,10.9128,9.30151,686.605,685.875,4.97291,4.89571,5.2721,10.6426,7.05077,11.1328,11.1328,0.0,1.0,1
42590,30.05.2024 19:49:02.850000,-358.429,-401.44,7.1758,7.132,7.064,54.0334,3.07835,2.98554,10.9128,9.30151,686.605,685.875,4.97291,4.89571,5.2721,10.6426,7.05077,11.1328,11.1328,0.0,1.0,1
42591,30.05.2024 19:49:02.860000,-360.901,-396.826,7.1758,7.156,7.075,54.0334,3.06916,2.98624,11.6893,8.65635,686.61,685.875,5.06948,4.9148,5.17855,10.6986,7.05099,11.1835,11.1835,0.0,1.0,1
42592,30.05.2024 19:49:02.870000,-358.758,-398.639,7.16878,7.128,7.037,54.1369,3.03928,2.98696,10.4583,6.97995,686.61,685.875,5.22416,4.85397,5.12224,10.6403,7.05155,10.8218,10.8218,0.0,1.0,1
42593,30.05.2024 19:49:02.880000,-358.758,-396.167,7.16878,7.105,7.037,54.1369,3.0355,2.98614,10.4102,7.54165,686.605,685.875,5.26145,4.87488,5.22844,10.7435,7.05242,10.8218,10.8218,0.0,1.0,1
42594,30.05.2024 19:49:02.890000,-358.758,-396.167,7.16878,7.105,7.037,54.1369,3.0355,2.98614,10.4102,7.54165,686.605,685.875,5.26145,4.87488,5.22844,10.7435,7.05242,10.8218,10.8218,0.0,1.0,1
42595,30.05.2024 19:49:02.900000,-353.32,-396.167,7.17316,7.105,7.022,54.1369,3.03668,2.98547,9.18081,9.79648,686.59,685.875,5.44157,4.89347,5.27965,10.7378,7.05242,10.6843,10.6843,0.0,1.0,1
42596,30.05.2024 19:49:02.910000,-362.796,-401.852,7.17398,7.111,7.028,54.0619,3.06227,2.99516,10.8243,7.39962,686.58,685.875,5.34959,4.93953,5.3425,10.7802,7.05458,10.4384,10.4384,0.0,1.0,1
42597,30.05.2024 19:49:02.920000,-356.781,-403.088,7.17592,7.084,7.015,54.0465,3.07654,2.99778,10.8243,7.39962,686.58,685.875,5.34959,4.93953,5.3425,10.7802,7.05458,10.4384,10.4384,0.0,1.0,1
42598,30.05.2024 19:49:02.930000,-358.594,-398.062,7.17592,7.108,7.035,54.0465,3.09051,3.00162,10.4484,9.94703,686.57,685.875,5.34515,4.89171,5.3352,10.619,7.05512,10.4384,10.4384,0.0,1.0,1
42599,30.05.2024 19:49:02.940000,-358.594,-398.062,7.1753,7.108,7.035,54.1408,3.10656,3.00543,10.9797,8.71052,686.57,685.87,5.31288,4.90105,5.32427,10.513,7.05512,10.4384,10.4384,0.0,1.0,1
