,time,Pinceur Inf Mesure de courant,Pinceur Sup Mesure de courant,Mandrin - Vitesse Actuelle,Pinceur Sup Mesure vitesse lineaire,Pinceur Inf Mesure vitesse lineaire,Mandrin - Mesure Expansion,Pinceur Nord Position entrefer estimee,Pinceur Sud Position entrefer estimee,Pinceur Nord Force entrefer calibree,Pinceur Sud Force entrefer calibree,Guides Nord Entree Position mesuree,Guides Nord Sortie Position mesuree,Guides Nord Entree Force pour regulateur PI,Guides Nord Sortie Force pour regulateur PI,Guides Sud Entree Force pour regulateur PI,Guides Sud Sortie Force pour regulateur PI,Mandrin - Vitesse Actuelle F10,_Excentrage largeur bande jauge bob,_Excentrage largeur bande jauge bob.1,TDB pinceur,Fenetre,Declancheur
45000,30.05.2024 20:23:50.540000,107.941,36.6669,6.52844,6.76,6.253,39.7588,4.57766,4.58607,36.7226,69.9499,764.38,755.96,4.99664,2.65368,1.43633,-1.32659,5.66718,66.9705,66.9705,1.0,1.0,1
45001,30.05.2024 20:23:50.550000,131.918,112.967,6.51457,6.627,6.067,39.7411,4.94698,5.03855,60.4336,79.5566,763.51,755.075,5.11106,3.03017,1.25758,-1.36221,5.66747,66.9705,66.9705,1.0,1.0,1
45002,30.05.2024 20:23:50.560000,131.918,181.522,6.51457,6.627,6.045,39.7411,5.05023,5.12737,70.8397,90.1874,761.87,753.37,4.74057,3.16376,1.17845,-1.38137,5.66797,66.9705,66.9705,1.0,1.0,1
45003,30.05.2024 20:23:50.570000,166.608,181.522,6.53323,6.345,6.045,39.7552,5.05023,5.12737,70.8397,90.1874,761.025,752.6,4.79432,2.89407,1.19553,-1.43642,5.66797,66.0518,66.0518,1.0,1.0,1
45004,30.05.2024 20:23:50.580000,166.608,181.522,6.53323,6.345,6.045,39.7552,5.05023,5.12737,70.8397,90.1874,761.025,752.6,4.79432,2.89407,1.19553,-1.43642,5.66797,66.0518,66.0518,1.0,1.0,1
45005,30.05.2024 20:23:50.590000,209.454,311.298,6.49596,6.138,5.851,39.8092,4.82699,5.10321,67.1216,94.2287,760.18,751.755,5.19619,2.83266,1.29069,-1.42429,5.66829,66.0807,66.0807,1.0,1.0,1
45006,30.05.2024 20:23:50.600000,288.309,416.437,6.51744,6.186,5.762,39.7778,4.52232,4.84028,58.7754,84.5177,757.615,749.35,5.59007,3.82581,1.35279,-1.41711,5.66878,66.0084,66.0084,1.0,1.0,1
45007,30.05.2024 20:23:50.610000,339.972,404.736,6.51744,6.258,5.538,39.7778,4.31243,4.5411,38.2512,60.3835,756.795,748.625,5.33865,3.54145,1.50704,-1.43858,5.66969,66.0084,66.0084,1.0,1.0,1
45008,30.05.2024 20:23:50.620000,339.972,404.736,6.49276,6.258,5.538,39.7257,4.31243,4.5411,38.2512,60.3835,755.945,747.93,4.89192,4.85891,1.65462,-1.3795,5.66969,66.0084,66.0084,1.0,1.0,1
45009,30.05.2024 20:23:50.630000,401.44,411.987,6.51514,6.157,5.493,39.6336,4.20714,4.21508,30.3282,41.0593,755.095,747.14,4.82407,8.80749,1.72745,-1.37735,5.67086,66.0084,66.0084,1.0,1.0,1
45010,30.05.2024 20:23:50.640000,401.44,530.722,6.51514,6.157,5.442,39.6336,4.05047,3.90149,19.8555,14.4221,753.335,745.525,4.63763,10.5004,1.75866,-1.41365,5.67182,66.0084,66.0084,1.0,1.0,1
45011,30.05.2024 20:23:50.650000,401.44,411.987,6.51514,6.157,5.493,39.6336,4.05047,3.90149,19.8555,14.4221,755.095,747.14,4.82407,8.80749,1.72745,-1.37735,5.67182,66.0084,66.0084,1.0,1.0,1
45012,30.05.2024 20:23:50.660000,455.163,665.112,6.51571,5.765,5.524,39.6109,4.00507,3.7523,12.8174,-1.24508,751.635,743.64,3.73094,12.3086,1.83119,-1.45899,5.67256,66.0084,66.0084,1.0,1.0,1
45013,30.05.2024 20:23:50.670000,455.163,690.655,6.51571,5.765,5.528,39.6109,4.01034,3.73788,16.3891,2.52287,750.77,742.765,3.16437,9.42647,1.67742,-1.4553,5.67256,63.8093,63.8093,1.0,1.0,1
45014,30.05.2024 20:23:50.680000,455.493,690.655,6.51785,5.838,5.528,39.5973,4.01034,3.73788,16.3891,2.52287,749.9,741.97,2.49704,7.77541,1.48366,-1.41949,5.67333,63.8093,63.8093,1.0,1.0,1
45015,30.05.2024 20:23:50.690000,463.156,698.236,6.51785,5.797,5.618,39.5973,4.15393,3.95908,15.5688,14.5223,748.305,740.54,2.26053,7.72325,1.24571,-1.48834,5.67377,63.8093,63.8093,1.0,1.0,1
45016,30.05.2024 20:23:50.700000,463.156,698.236,6.51785,5.797,5.618,39.5973,4.15393,3.95908,15.5688,14.5223,748.305,740.54,2.26053,7.72325,1.24571,-1.48834,5.67377,63.8093,63.8093,1.0,1.0,1
45017,30.05.2024 20:23:50.710000,463.156,698.236,6.51879,5.797,5.618,39.7559,4.30491,4.22521,30.4813,27.6698,747.5,739.825,2.12302,8.59299,1.211,-1.62646,5.67377,63.8093,63.8093,1.0,1.0,1
45018,30.05.2024 20:23:50.720000,463.156,698.236,6.51879,5.797,5.618,39.7559,4.30491,4.22521,30.4813,27.6698,747.5,739.825,2.12302,8.59299,1.211,-1.62646,5.67377,63.8093,63.8093,1.0,1.0,1
45019,30.05.2024 20:23:50.730000,463.074,693.127,6.51964,5.594,5.665,39.7791,4.37768,4.48374,29.8979,46.6364,744.98,737.48,4.48665,13.3135,1.39253,-1.48042,5.67418,63.1221,63.1221,1.0,1.0,1
45020,30.05.2024 20:23:50.740000,483.838,696.094,6.52066,5.742,5.622,39.7689,4.38739,4.61387,37.9156,58.8108,743.385,735.97,4.84699,15.6282,1.82996,-1.35646,5.67434,62.9557,62.9557,1.0,1.0,1
45021,30.05.2024 20:23:50.750000,483.838,711.172,6.52066,5.742,5.631,39.7689,4.35655,4.61821,36.597,61.9227,742.595,735.245,5.75103,16.9828,1.91803,-1.37353,5.67444,62.9557,62.9557,1.0,1.0,1
45022,30.05.2024 20:23:50.760000,492.901,711.172,6.52189,5.791,5.631,39.7195,4.35655,4.61821,36.597,61.9227,741.715,734.465,6.27556,17.8172,2.0589,-1.25671,5.67444,61.8996,61.8996,1.0,1.0,1
45023,30.05.2024 20:23:50.770000,519.681,695.187,6.52189,5.601,5.629,39.7195,4.36071,4.52613,34.3271,58.2037,740.005,732.845,6.29551,18.9526,2.00679,-1.30447,5.67462,61.8996,61.8996,1.0,1.0,1
45024,30.05.2024 20:23:50.780000,519.681,695.187,6.51926,5.601,5.629,39.7662,4.36071,4.52613,34.3271,58.2037,739.16,732.04,5.98062,19.6346,1.86164,-1.25576,5.67462,61.1111,61.1111,1.0,1.0,1
45025,30.05.2024 20:23:50.790000,519.681,695.187,6.51926,5.601,5.629,39.7662,4.36071,4.52613,34.3271,58.2037,739.16,732.04,5.98062,19.6346,1.86164,-1.25576,5.67462,61.1111,61.1111,1.0,1.0,1
45026,30.05.2024 20:23:50.800000,534.759,690.902,6.52205,5.587,5.609,39.7537,4.34208,4.36918,37.2643,49.1295,738.365,731.195,4.77648,19.334,1.74796,-1.28784,5.67441,59.9465,59.9465,1.0,1.0,1
45027,30.05.2024 20:23:50.810000,550.744,694.775,6.49878,5.674,5.603,39.7597,4.2891,4.18518,30.3785,32.8314,735.77,728.92,4.52093,19.0854,1.61924,-1.2641,5.6748,59.9465,59.9465,1.0,1.0,1
45028,30.05.2024 20:23:50.820000,562.115,696.094,6.522,5.752,5.583,39.7594,4.19969,4.04265,29.9294,21.6481,734.93,728.11,4.14067,19.6598,1.62393,-1.28196,5.67495,59.9465,59.9465,1.0,1.0,1
45029,30.05.2024 20:23:50.830000,562.115,702.026,6.522,5.752,5.583,39.7594,4.11693,3.98002,24.1144,18.8694,734.065,727.355,3.38787,20.9592,1.52974,-1.36842,5.67495,57.9499,57.9499,1.0,1.0,1
45030,30.05.2024 20:23:50.840000,562.115,702.026,6.522,5.752,5.583,39.7594,4.11693,3.98002,24.1144,18.8694,734.065,727.355,3.38787,20.9592,1.52974,-1.36842,5.67495,57.9499,57.9499,1.0,1.0,1
45031,30.05.2024 20:23:50.850000,580.82,702.026,6.52614,5.675,5.583,39.7817,4.11693,3.98002,24.1144,18.8694,733.215,726.58,2.8256,21.4482,1.58814,-1.36261,5.67545,55.6424,55.6424,1.0,1.0,1
45032,30.05.2024 20:23:50.860000,595.898,692.88,6.50252,5.575,5.61,39.7117,4.08563,3.98581,20.2785,19.0246,730.685,724.35,2.61961,22.797,1.60704,-1.38138,5.67564,50.0579,50.0579,1.0,1.0,1
45033,30.05.2024 20:23:50.870000,610.812,687.442,6.52783,5.627,5.585,39.7466,4.09971,4.07465,20.1121,19.4691,729.815,723.63,2.23151,24.5195,1.70544,-1.20545,5.676,50.0579,50.0579,1.0,1.0,1
45034,30.05.2024 20:23:50.880000,610.812,692.138,6.52783,5.627,5.563,39.7466,4.1343,4.16574,20.1245,29.4471,728.11,722.155,1.88277,25.4899,1.78987,-1.23373,5.67634,50.0579,50.0579,1.0,1.0,1
45035,30.05.2024 20:23:50.890000,627.127,692.138,6.52287,5.692,5.563,39.8751,4.1343,4.16574,20.1245,29.4471,727.235,721.365,1.57473,26.4802,1.91118,-1.25605,5.67634,50.0289,50.0289,1.0,1.0,1
45036,30.05.2024 20:23:50.900000,627.127,692.138,6.52287,5.692,5.563,39.8751,4.1343,4.16574,20.1245,29.4471,727.235,721.365,1.57473,26.4802,1.91118,-1.25605,5.67634,50.0289,50.0289,1.0,1.0,1
45037,30.05.2024 20:23:50.910000,633.636,692.715,6.52519,5.654,5.592,39.8463,4.16109,4.24523,25.0721,36.4214,726.415,720.6,1.49318,27.2481,1.8669,-1.25441,5.67649,47.8443,47.8443,1.0,1.0,1
45038,30.05.2024 20:23:50.920000,641.382,690.326,6.52523,5.613,5.618,39.8591,4.18154,4.27286,24.6921,37.541,723.855,718.195,0.844324,28.4944,1.62217,-1.24975,5.67664,45.5657,45.5657,1.0,1.0,1
45039,30.05.2024 20:23:50.930000,653.576,681.097,6.52523,5.638,5.609,39.8591,4.19525,4.27602,26.1149,38.3443,722.99,717.375,0.80866,28.7881,1.48335,-1.30538,5.6769,45.5657,45.5657,1.0,1.0,1
45040,30.05.2024 20:23:50.940000,653.576,681.097,6.53128,5.638,5.609,39.8326,4.19525,4.27602,26.1149,38.3443,722.17,716.5,0.501297,28.6168,1.36192,-1.3542,5.6769,45.5657,45.5657,1.0,1.0,1
45041,30.05.2024 20:23:50.950000,653.576,681.097,6.53128,5.638,5.609,39.8326,4.19525,4.27602,26.1149,38.3443,722.17,716.5,0.501297,28.6168,1.36192,-1.3542,5.6769,45.5657,45.5657,1.0,1.0,1
45042,30.05.2024 20:23:50.960000,675.412,686.123,6.50583,5.708,5.581,39.9391,4.19255,4.24091,27.5005,37.6644,721.27,715.675,-0.0171008,28.066,1.26422,-1.38602,5.67714,41.059,41.059,1.0,1.0,1
45043,30.05.2024 20:23:50.970000,675.412,686.123,6.50583,5.708,5.581,39.9391,4.19255,4.24091,27.5005,37.6644,721.27,715.675,-0.0171008,28.066,1.26422,-1.38602,5.67714,41.059,41.059,1.0,1.0,1
45044,30.05.2024 20:23:50.980000,686.535,694.116,6.52725,5.706,5.627,39.9414,4.1698,4.18893,26.5167,34.5629,718.75,713.055,-0.758357,27.26,1.30139,-1.43055,5.67736,41.059,41.059,1.0,1.0,1
45045,30.05.2024 20:23:50.990000,692.715,681.921,6.54465,5.629,5.624,39.7191,4.05309,4.0606,21.6973,25.2043,717.035,711.305,-1.61006,25.099,1.42939,-1.36767,5.67805,36.0388,36.0388,1.0,1.0,1
45046,30.05.2024 20:23:51.000000,694.94,681.921,6.53353,5.628,5.624,39.7747,4.05309,4.0606,21.6973,25.2043,716.215,710.485,-1.65051,24.7949,1.48204,-1.36885,5.67805,36.0388,36.0388,1.0,1.0,1
45047,30.05.2024 20:23:51.010000,697.824,684.393,6.53353,5.696,5.612,39.7747,4.01159,4.01996,19.3361,22.0336,714.555,708.845,-1.41443,24.7981,1.47359,-1.42814,5.67817,36.0388,36.0388,1.0,1.0,1
45048,30.05.2024 20:23:51.020000,697.824,684.393,6.53353,5.696,5.612,39.7747,4.01159,4.01996,19.3361,22.0336,714.555,708.845,-1.41443,24.7981,1.47359,-1.42814,5.67817,36.0388,36.0388,1.0,1.0,1
45049,30.05.2024 20:23:51.030000,697.824,684.393,6.50956,5.696,5.612,39.7822,4.01066,4.01943,17.5928,22.3034,713.73,708.03,-1.49863,24.8842,1.51146,-1.42821,5.67817,36.0388,36.0388,1.0,1.0,1
45050,30.05.2024 20:23:51.040000,697.824,684.393,6.50956,5.696,5.612,39.7822,4.01066,4.01943,17.5928,22.3034,713.73,708.03,-1.49863,24.8842,1.51146,-1.42821,5.67817,36.0388,36.0388,1.0,1.0,1
45051,30.05.2024 20:23:51.050000,693.457,686.618,6.52744,5.718,5.61,39.8205,4.02771,4.02867,17.9128,22.6975,711.26,705.635,-1.14772,26.7828,1.54968,-1.45475,5.67894,33.6154,33.6154,1.0,1.0,1
45052,30.05.2024 20:23:51.060000,694.528,688.678,6.53003,5.646,5.627,39.9646,4.04737,4.06124,18.3786,23.0875,709.655,703.985,-0.366818,28.4008,1.53551,-1.49662,5.67918,28.6531,28.6531,1.0,1.0,1
45053,30.05.2024 20:23:51.070000,694.528,693.704,6.53003,5.646,5.654,39.9646,4.04768,4.07716,19.7238,25.4898,708.86,703.135,-0.139115,28.8813,1.556,-1.42711,5.67944,28.6531,28.6531,1.0,1.0,1
45054,30.05.2024 20:23:51.080000,695.352,693.704,6.52873,5.711,5.654,39.9539,4.04768,4.07716,19.7238,25.4898,708.05,702.285,0.0314984,29.2702,1.50237,-1.4647,5.67944,25.7813,25.7813,1.0,1.0,1
45055,30.05.2024 20:23:51.090000,693.457,696.258,6.52873,5.782,5.658,39.9539,4.03864,4.09367,20.7205,27.482,706.405,700.45,0.282412,29.0643,1.58847,-1.40574,5.67986,25.7813,25.7813,1.0,1.0,1
45056,30.05.2024 20:23:51.100000,693.457,696.258,6.52876,5.782,5.658,39.9293,4.03864,4.09367,20.7205,27.482,705.56,699.565,0.646642,28.3907,1.56312,-1.43386,5.67986,25.7523,25.7523,1.0,1.0,1
45057,30.05.2024 20:23:51.110000,684.723,690.078,6.52703,5.741,5.652,39.9235,4.01607,4.09065,21.7278,27.459,704.755,698.77,-0.016973,25.9929,1.63749,-1.46883,5.68025,25.7523,25.7523,1.0,1.0,1
45058,30.05.2024 20:23:51.120000,684.723,690.078,6.52703,5.741,5.652,39.9235,4.01607,4.09065,21.7278,27.459,704.755,698.77,-0.016973,25.9929,1.63749,-1.46883,5.68025,25.7523,25.7523,1.0,1.0,1
45059,30.05.2024 20:23:51.130000,684.723,691.644,6.52703,5.741,5.67,39.9235,3.98054,4.0781,22.0299,27.9322,703.16,697.175,-0.184896,25.0848,1.72872,-1.39979,5.68058,20.2329,20.2329,1.0,1.0,1
45060,30.05.2024 20:23:51.140000,686.206,691.232,6.52662,5.746,5.683,39.8942,3.93731,4.06262,20.9463,26.221,701.64,695.655,0.7997,27.6876,2.37945,-1.46635,5.68103,20.2329,20.2329,1.0,1.0,1
45061,30.05.2024 20:23:51.150000,686.206,689.09,6.52662,5.746,5.675,39.8942,3.89876,4.02159,20.358,24.1472,700.93,694.945,1.95634,29.6653,3.16284,-1.39696,5.68103,17.853,17.853,1.0,1.0,1
45062,30.05.2024 20:23:51.160000,692.715,689.09,6.52261,5.782,5.675,39.8047,3.89876,4.02159,20.358,24.1472,700.145,694.265,3.32929,31.6731,4.22192,-1.0046,5.68152,16.3628,16.3628,1.0,1.0,1
45063,30.05.2024 20:23:51.170000,692.715,689.09,6.52261,5.782,5.675,39.8047,3.89876,4.02159,20.358,24.1472,700.145,694.265,3.32929,31.6731,4.22192,-1.0046,5.68152,16.3628,16.3628,1.0,1.0,1
45064,30.05.2024 20:23:51.180000,690.49,690.078,6.52261,5.776,5.679,39.8047,3.87096,3.99408,19.7601,22.1679,698.61,692.795,3.96811,33.2351,5.63972,-0.508519,5.68199,14.1782,14.1782,1.0,1.0,1
45065,30.05.2024 20:23:51.190000,690.49,690.078,6.52261,5.776,5.679,39.8047,3.87096,3.99408,19.7601,22.1679,698.61,692.795,3.96811,33.2351,5.63972,-0.508519,5.68199,14.1782,14.1782,1.0,1.0,1
45066,30.05.2024 20:23:51.200000,691.067,685.547,6.52209,5.745,5.711,39.8185,3.8432,3.95902,21.3084,20.3434,697.145,691.26,6.42414,36.6076,8.18995,2.54342,5.68233,14.1782,14.1782,1.0,1.0,1
45067,30.05.2024 20:23:51.210000,691.067,685.547,6.52209,5.745,5.711,39.8185,3.8432,3.95902,21.3084,20.3434,697.145,691.26,6.42414,36.6076,8.18995,2.54342,5.68233,14.1782,14.1782,1.0,1.0,1
45068,30.05.2024 20:23:51.220000,686.535,687.936,6.51723,5.795,5.677,39.7732,3.82815,3.95307,19.6745,20.446,695.13,689.265,8.16272,37.3834,8.61736,6.6531,5.68262,14.1493,14.1493,1.0,1.0,1
45069,30.05.2024 20:23:51.230000,686.535,687.936,6.51723,5.795,5.677,39.7732,3.82815,3.95307,19.6745,20.446,695.13,689.265,8.16272,37.3834,8.61736,6.6531,5.68262,14.1493,14.1493,1.0,1.0,1
45070,30.05.2024 20:23:51.240000,693.786,696.505,6.55521,5.817,5.63,39.8149,3.80994,3.99386,21.6715,22.9436,695.495,689.96,-1.37347,24.3701,10.1799,9.92198,5.68346,14.1493,14.1493,1.0,1.0,1
45071,30.05.2024 20:23:51.250000,690.573,693.045,6.5207,5.724,5.615,39.7587,3.83001,4.01335,22.0142,25.5773,694.835,689.59,2.81454,29.8358,11.9569,11.0878,5.68389,15.2705,15.2705,1.0,1.0,1
45072,30.05.2024 20:23:51.260000,690.573,693.045,6.5207,5.724,5.615,39.7587,3.83001,4.01335,22.0142,25.5773,694.835,689.59,2.81454,29.8358,11.9569,11.0878,5.68389,15.2705,15.2705,1.0,1.0,1
45073,30.05.2024 20:23:51.270000,690.573,693.045,6.55902,5.724,5.615,39.7794,3.84132,4.03582,25.4847,26.6851,694.855,689.715,-0.882794,24.5466,11.9611,10.4119,5.68389,15.2705,15.2705,1.0,1.0,1
45074,30.05.2024 20:23:51.280000,690.573,693.045,6.55902,5.724,5.615,39.7794,3.84132,4.03582,25.4847,26.6851,694.855,689.715,-0.882794,24.5466,11.9611,10.4119,5.68389,15.2705,15.2705,1.0,1.0,1
45075,30.05.2024 20:23:51.290000,686.453,689.007,6.55877,5.744,5.606,39.7826,3.84768,4.03417,25.7128,27.7894,694.81,689.715,-2.43073,19.3191,8.83811,4.21361,5.68462,16.2471,16.2471,1.0,1.0,1
45076,30.05.2024 20:23:51.300000,686.453,689.007,6.55877,5.744,5.606,39.7826,3.84768,4.03417,25.7128,27.7894,694.81,689.715,-2.43073,19.3191,8.83811,4.21361,5.68462,16.2471,16.2471,1.0,1.0,1
45077,30.05.2024 20:23:51.310000,689.667,691.891,6.57917,5.725,5.614,39.7836,3.81975,4.01303,26.0662,29.2359,694.845,690.1,-0.177941,14.9606,7.10241,4.90309,5.68525,17.1803,17.1803,1.0,1.0,1
45078,30.05.2024 20:23:51.320000,689.667,691.891,6.57917,5.725,5.614,39.7836,3.81975,4.01303,26.0662,29.2359,694.845,690.1,-0.177941,14.9606,7.10241,4.90309,5.68525,17.1803,17.1803,1.0,1.0,1
45079,30.05.2024 20:23:51.330000,689.09,684.887,6.56091,5.693,5.642,39.782,3.7749,3.97387,25.5708,25.9661,694.59,690.165,1.71737,18.5689,5.85554,7.07828,5.68548,17.1875,17.1875,1.0,1.0,1
45080,30.05.2024 20:23:51.340000,689.09,684.887,6.56091,5.693,5.642,39.782,3.7749,3.97387,25.5708,25.9661,694.59,690.165,1.71737,18.5689,5.85554,7.07828,5.68548,17.1875,17.1875,1.0,1.0,1
45081,30.05.2024 20:23:51.350000,690.161,682.333,6.5663,5.715,5.674,39.7306,3.68168,3.84556,20.8305,18.7102,694.385,690.16,2.47108,17.6455,3.48877,6.37451,5.68572,18.627,18.627,1.0,1.0,1
45082,30.05.2024 20:23:51.360000,690.161,682.333,6.5663,5.715,5.674,39.7306,3.68168,3.84556,20.8305,18.7102,694.385,690.16,2.47108,17.6455,3.48877,6.37451,5.68572,18.627,18.627,1.0,1.0,1
45083,30.05.2024 20:23:51.370000,693.539,687.195,6.58984,5.778,5.753,39.7427,3.65772,3.78659,18.5806,13.3023,694.15,690.1,1.22199,15.9613,2.5446,3.82388,5.68576,18.627,18.627,1.0,1.0,1
45084,30.05.2024 20:23:51.380000,680.356,682.004,6.54165,5.794,5.829,39.8288,3.65076,3.77808,19.7774,11.8993,693.995,690.2,2.18295,15.949,3.05417,2.04596,5.68588,18.9308,18.9308,1.0,1.0,1
45085,30.05.2024 20:23:51.390000,680.356,688.431,6.54165,5.794,5.777,39.8288,3.66801,3.7923,20.1886,14.7721,693.915,690.235,1.68849,16.0926,3.49351,2.0409,5.68586,18.9308,18.9308,1.0,1.0,1
45086,30.05.2024 20:23:51.400000,680.356,688.431,6.54165,5.794,5.777,39.8288,3.66801,3.7923,20.1886,14.7721,693.915,690.235,1.68849,16.0926,3.49351,2.0409,5.68586,18.9308,18.9308,1.0,1.0,1
45087,30.05.2024 20:23:51.410000,686.123,688.431,6.55774,5.864,5.777,39.7713,3.66801,3.7923,20.1886,14.7721,693.86,690.25,1.28774,16.529,4.10281,2.41492,5.68586,19.1551,19.1551,1.0,1.0,1
45088,30.05.2024 20:23:51.420000,684.228,682.992,6.53657,5.896,5.788,39.7749,3.68112,3.83532,21.6828,16.0597,693.63,690.105,1.62329,17.3106,4.82951,3.99795,5.68614,19.6181,19.6181,1.0,1.0,1
45089,30.05.2024 20:23:51.430000,692.221,689.502,6.46982,5.897,5.828,39.8354,3.68768,3.87691,23.0463,18.879,693.515,690.055,1.37594,15.083,4.45492,4.76677,5.68628,19.6181,19.6181,1.0,1.0,1
45090,30.05.2024 20:23:51.440000,692.221,682.498,6.46982,5.897,5.824,39.8354,3.7136,3.92116,25.3925,26.8508,693.33,690.16,0.734905,14.2779,3.86871,4.36285,5.68652,19.09,19.09,1.0,1.0,1
45091,30.05.2024 20:23:51.450000,693.292,682.498,6.48329,5.918,5.824,39.8454,3.7136,3.92116,25.3925,26.8508,693.28,690.21,0.300256,14.0811,3.15618,3.38801,5.68652,18.3594,18.3594,1.0,1.0,1
45092,30.05.2024 20:23:51.460000,693.292,682.498,6.48329,5.918,5.824,39.8454,3.7136,3.92116,25.3925,26.8508,693.28,690.21,0.300256,14.0811,3.15618,3.38801,5.68652,18.3594,18.3594,1.0,1.0,1
45093,30.05.2024 20:23:51.470000,691.562,678.79,6.50579,5.938,5.767,39.848,3.76157,3.9454,28.593,29.5415,693.22,690.275,-0.114035,14.7117,2.53891,2.26794,5.68684,18.5836,18.5836,1.0,1.0,1
45094,30.05.2024 20:23:51.480000,691.562,678.79,6.50579,5.938,5.767,39.848,3.76157,3.9454,28.593,29.5415,693.22,690.275,-0.114035,14.7117,2.53891,2.26794,5.68684,18.5836,18.5836,1.0,1.0,1
45095,30.05.2024 20:23:51.490000,689.749,662.146,6.5367,5.884,5.717,39.7342,3.82559,3.961,32.3041,30.3014,692.99,690.275,0.690589,16.6437,1.82795,1.41234,5.68765,18.3883,18.3883,1.0,1.0,1
45096,30.05.2024 20:23:51.500000,689.831,640.558,6.58288,5.803,5.637,39.718,3.8588,3.95594,37.5985,33.3955,692.855,690.185,0.850618,16.0863,1.11275,1.36388,5.68798,18.0049,18.0049,1.0,1.0,1
45097,30.05.2024 20:23:51.510000,681.262,613.696,6.55389,5.764,5.56,39.7155,3.82743,3.93241,36.8777,31.1375,692.755,690.155,1.3237,15.1394,1.0436,1.47412,5.68856,18.0049,18.0049,1.0,1.0,1
45098,30.05.2024 20:23:51.520000,681.262,582.055,6.55389,5.764,5.603,39.7155,3.74198,3.88157,34.7447,27.7624,692.535,690.09,1.34811,14.0158,1.05227,1.63048,5.68936,18.0049,18.0049,1.0,1.0,1
45099,30.05.2024 20:23:51.530000,651.929,582.055,6.48159,5.775,5.603,39.777,3.74198,3.88157,34.7447,27.7624,692.455,690.085,0.810218,13.3463,1.06612,1.66548,5.68936,18.0049,18.0049,1.0,1.0,1
45100,30.05.2024 20:23:51.540000,626.633,563.269,6.51376,5.738,5.61,39.7912,3.6437,3.84766,30.7708,24.817,692.375,690.085,0.639549,11.6554,1.17914,1.83888,5.69012,18.0049,18.0049,1.0,1.0,1
45101,30.05.2024 20:23:51.550000,626.633,566.235,6.51376,5.738,5.606,39.7912,3.57291,3.81518,24.4675,25.5349,692.255,690.1,0.715324,11.1739,1.41928,1.93994,5.69012,17.4479,17.4479,1.0,1.0,1
45102,30.05.2024 20:23:51.560000,600.43,566.235,6.53731,5.678,5.606,39.9439,3.57291,3.81518,24.4675,25.5349,692.18,690.095,0.44638,10.8636,1.53272,2.11565,5.69054,17.0573,17.0573,1.0,1.0,1
45103,30.05.2024 20:23:51.570000,596.063,560.303,6.53731,5.644,5.576,39.9439,3.5271,3.78302,22.5776,22.3153,692.07,690.095,0.268676,10.5175,1.60637,2.17636,5.69092,17.0573,17.0573,1.0,1.0,1
45104,30.05.2024 20:23:51.580000,596.063,560.303,6.51656,5.644,5.576,40.2217,3.5271,3.78302,22.5776,22.3153,691.995,690.095,0.638818,10.3122,1.58253,2.33403,5.69092,16.8475,16.8475,1.0,1.0,1
45105,30.05.2024 20:23:51.590000,593.838,555.029,6.5953,5.662,5.589,40.7736,3.527,3.7597,19.8115,19.6316,691.905,690.125,1.41296,10.3486,1.49346,2.60842,5.69148,16.8475,16.8475,1.0,1.0,1
45106,30.05.2024 20:23:51.600000,593.838,558.655,6.5953,5.662,5.633,40.7736,3.53343,3.71409,19.4122,18.4988,691.725,690.155,1.41659,10.3974,1.4236,2.72388,5.69203,17.0067,17.0067,1.0,1.0,1
45107,30.05.2024 20:23:51.610000,593.838,555.029,6.5953,5.662,5.589,40.7736,3.53343,3.71409,19.4122,18.4988,691.905,690.125,1.41296,10.3486,1.49346,2.60842,5.69203,16.8475,16.8475,1.0,1.0,1
45108,30.05.2024 20:23:51.620000,593.838,555.029,6.5953,5.662,5.589,40.7736,3.53343,3.71409,19.4122,18.4988,691.905,690.125,1.41296,10.3486,1.49346,2.60842,5.69203,16.8475,16.8475,1.0,1.0,1
45109,30.05.2024 20:23:51.630000,601.996,566.73,6.42746,5.75,5.697,42.6266,3.5487,3.69828,20.5967,15.8229,691.555,690.15,1.64962,10.7532,1.07502,2.98683,5.69249,16.9415,16.9415,1.0,1.0,1
45110,30.05.2024 20:23:51.640000,609.329,562.28,6.43567,5.78,5.732,43.6215,3.55797,3.67699,21.7899,15.1192,691.26,690.045,1.87077,10.8883,0.783466,3.46507,5.6926,16.9415,16.9415,1.0,1.0,1
45111,30.05.2024 20:23:51.650000,605.292,561.621,6.43567,5.84,5.764,43.6215,3.56496,3.69988,23.4363,15.8133,691.18,690.03,1.34808,9.6133,0.716738,3.56128,5.69312,16.9415,16.9415,1.0,1.0,1
45112,30.05.2024 20:23:51.660000,605.292,561.621,6.43567,5.84,5.764,43.6215,3.56496,3.69988,23.4363,15.8133,691.18,690.03,1.34808,9.6133,0.716738,3.56128,5.69312,16.9415,16.9415,1.0,1.0,1
45113,30.05.2024 20:23:51.670000,605.292,561.621,6.5124,5.84,5.764,44.6153,3.58844,3.72434,23.9663,18.8679,691.125,689.995,1.41938,9.18208,0.562906,3.66315,5.69312,16.8909,16.8909,1.0,1.0,1
45114,30.05.2024 20:23:51.680000,605.292,561.621,6.5124,5.84,5.764,44.6153,3.58844,3.72434,23.9663,18.8679,691.125,689.995,1.41938,9.18208,0.562906,3.66315,5.69312,16.8909,16.8909,1.0,1.0,1
45115,30.05.2024 20:23:51.690000,603.314,568.789,6.52856,5.898,5.717,45.8658,3.62587,3.77297,27.635,23.2176,690.9,689.635,1.48382,6.58768,0.586762,3.98451,5.69358,16.6884,16.6884,1.0,1.0,1
45116,30.05.2024 20:23:51.700000,597.876,568.048,6.43703,5.868,5.705,48.6933,3.67813,3.80813,31.3314,28.2564,690.775,689.585,1.73162,0.988616,0.538376,4.21596,5.69411,16.6884,16.6884,1.0,1.0,1
45117,30.05.2024 20:23:51.710000,597.876,568.295,6.43703,5.868,5.682,48.6933,3.69362,3.81983,33.7343,27.7341,690.715,689.65,2.10474,0.349719,0.637581,4.41101,5.69448,16.6884,16.6884,1.0,1.0,1
45118,30.05.2024 20:23:51.720000,602.82,568.295,6.41828,5.802,5.682,50.1141,3.69362,3.81983,33.7343,27.7341,690.69,689.67,2.86649,0.837182,0.707026,4.79609,5.69448,16.6377,16.6377,1.0,1.0,1
45119,30.05.2024 20:23:51.730000,599.194,567.883,6.41828,5.777,5.685,50.1141,3.67261,3.80939,35.7027,27.5702,690.535,689.715,3.60078,1.51761,0.699621,5.15975,5.69502,16.6377,16.6377,1.0,1.0,1
45120,30.05.2024 20:23:51.740000,599.194,567.883,6.45124,5.777,5.685,51.4629,3.67261,3.80939,35.7027,27.5702,690.46,689.72,4.28412,1.89952,0.751049,5.37436,5.69502,16.2977,16.2977,1.0,1.0,1
45121,30.05.2024 20:23:51.750000,599.194,567.883,6.45124,5.777,5.685,51.4629,3.67261,3.80939,35.7027,27.5702,690.46,689.72,4.28412,1.89952,0.751049,5.37436,5.69502,16.2977,16.2977,1.0,1.0,1
45122,30.05.2024 20:23:51.760000,603.149,561.868,6.35587,5.77,5.732,52.8412,3.59533,3.74404,32.805,27.7084,690.385,689.72,4.61901,3.07389,0.81514,5.51479,5.69568,16.3556,16.3556,1.0,1.0,1
45123,30.05.2024 20:23:51.770000,600.018,564.505,6.35712,5.781,5.693,54.2763,3.5145,3.67479,28.7684,21.8987,690.24,689.655,5.03947,3.42827,0.854246,5.90584,5.69587,16.3556,16.3556,1.0,1.0,1
45124,30.05.2024 20:23:51.780000,601.254,567.966,6.36478,5.793,5.696,55.6968,3.47494,3.61853,24.9765,15.2332,690.19,689.635,5.18723,3.42024,0.855545,5.9759,5.69621,16.3556,16.3556,1.0,1.0,1
45125,30.05.2024 20:23:51.790000,601.254,566.565,6.36478,5.793,5.652,55.6968,3.49124,3.59586,26.0793,18.0033,690.125,689.565,5.827,2.73084,0.907314,6.0726,5.69621,16.3918,16.3918,1.0,1.0,1
45126,30.05.2024 20:23:51.800000,601.172,566.565,6.3619,5.781,5.652,57.0787,3.49124,3.59586,26.0793,18.0033,690.045,689.51,6.14031,2.25975,0.812159,6.06154,5.69664,16.9271,16.9271,1.0,1.0,1
45127,30.05.2024 20:23:51.810000,601.172,566.565,6.3619,5.781,5.652,57.0787,3.49124,3.59586,26.0793,18.0033,690.045,689.51,6.14031,2.25975,0.812159,6.06154,5.69664,16.9271,16.9271,1.0,1.0,1
45128,30.05.2024 20:23:51.820000,599.853,562.28,6.3619,5.777,5.714,57.0787,3.53054,3.5934,26.2505,16.1116,689.895,689.43,5.76084,1.44846,0.799572,6.12003,5.6969,17.2815,17.2815,1.0,1.0,1
45129,30.05.2024 20:23:51.830000,600.183,561.703,6.27685,5.776,5.755,59.7136,3.55868,3.61987,27.7935,15.2853,689.78,689.405,4.72641,0.134645,0.894865,6.38777,5.69733,17.2815,17.2815,1.0,1.0,1
45130,30.05.2024 20:23:51.840000,600.183,556.595,6.27685,5.776,5.77,59.7136,3.5603,3.63701,29.9869,19.8446,689.705,689.41,4.75743,-0.214482,1.00208,6.47619,5.69786,17.2815,17.2815,1.0,1.0,1
45131,30.05.2024 20:23:51.850000,606.692,556.595,6.30238,5.823,5.77,61.1201,3.5603,3.63701,29.9869,19.8446,689.67,689.42,4.65066,0.0636778,0.991669,6.49647,5.69786,17.2815,17.2815,1.0,1.0,1
45132,30.05.2024 20:23:51.860000,603.149,567.883,6.26152,5.862,5.725,62.4144,3.5445,3.64769,28.4367,22.3909,689.61,689.415,5.08645,0.685872,0.942762,6.44188,5.69821,17.2815,17.2815,1.0,1.0,1
45133,30.05.2024 20:23:51.870000,603.149,565.658,6.26152,5.862,5.718,62.4144,3.51125,3.63271,28.1428,19.9551,689.565,689.41,5.01702,0.84307,0.952568,6.44568,5.69821,17.4262,17.4262,1.0,1.0,1
45134,30.05.2024 20:23:51.880000,593.179,565.658,6.20586,5.852,5.718,63.6675,3.51125,3.63271,28.1428,19.9551,689.525,689.385,5.10249,0.838969,1.01458,6.49643,5.69874,17.8241,17.8241,1.0,1.0,1
45135,30.05.2024 20:23:51.890000,592.685,561.786,6.20586,5.853,5.799,63.6675,3.47225,3.61576,25.4537,20.1627,689.45,689.345,5.33535,1.06787,1.06124,6.67388,5.69928,17.8241,17.8241,1.0,1.0,1
45136,30.05.2024 20:23:51.900000,592.685,561.786,6.18252,5.853,5.799,64.9245,3.47225,3.61576,25.4537,20.1627,689.415,689.335,5.67279,1.247,1.03662,6.66645,5.69928,17.8241,17.8241,1.0,1.0,1
45137,30.05.2024 20:23:51.910000,609.823,556.347,6.11376,5.92,5.869,66.2413,3.44206,3.56739,23.4987,19.8176,689.37,689.32,6.27575,1.08858,1.22776,6.70995,5.70001,17.8241,17.8241,1.0,1.0,1
45138,30.05.2024 20:23:51.920000,609.823,556.347,6.11376,5.92,5.869,66.2413,3.44206,3.56739,23.4987,19.8176,689.37,689.32,6.27575,1.08858,1.22776,6.70995,5.70001,17.8241,17.8241,1.0,1.0,1
45139,30.05.2024 20:23:51.930000,609.823,560.385,6.11376,5.92,5.809,66.2413,3.42614,3.53247,22.5062,13.7323,689.29,689.225,6.48502,1.1301,1.33259,6.80178,5.70041,18.0773,18.0773,1.0,1.0,1
45140,30.05.2024 20:23:51.940000,609.823,560.385,6.11376,5.92,5.809,66.2413,3.42614,3.53247,22.5062,13.7323,689.29,689.225,6.48502,1.1301,1.33259,6.80178,5.70041,18.0773,18.0773,1.0,1.0,1
45141,30.05.2024 20:23:51.950000,599.853,547.037,6.08235,6.013,5.854,68.7777,3.4284,3.49867,21.6402,12.9159,689.16,689.15,6.95197,0.279773,1.46396,6.87657,5.70112,18.0483,18.0483,1.0,1.0,1
45142,30.05.2024 20:23:51.960000,593.344,558.16,6.06728,5.918,5.777,70.0544,3.43276,3.47724,22.4595,13.7975,688.955,689.13,6.06967,-0.357717,1.41174,7.10057,5.70178,18.7717,18.7717,1.0,1.0,1
45143,30.05.2024 20:23:51.970000,601.501,557.419,6.06728,5.935,5.857,70.0544,3.41703,3.47264,20.4405,11.2695,688.935,689.135,5.65175,-0.337173,1.4844,7.07116,5.70248,18.7717,18.7717,1.0,1.0,1
45144,30.05.2024 20:23:51.980000,601.501,557.419,5.99907,5.935,5.857,71.3146,3.41703,3.47264,20.4405,11.2695,688.915,689.14,5.77411,0.0531511,1.45142,7.05034,5.70248,18.7717,18.7717,1.0,1.0,1
45145,30.05.2024 20:23:51.990000,609.988,530.639,5.94018,6.011,5.817,72.5122,3.41578,3.48887,22.1152,13.5845,688.895,689.125,6.22717,0.902213,1.69532,7.13753,5.70309,18.7717,18.7717,1.0,1.0,1
45146,30.05.2024 20:23:52.000000,609.988,499.74,5.94018,6.011,5.746,72.5122,3.42345,3.49661,23.2709,17.5828,688.83,689.065,6.39867,0.962504,2.05839,7.04148,5.70379,18.7862,18.7862,1.0,1.0,1
45147,30.05.2024 20:23:52.010000,596.557,499.74,5.90535,6.027,5.746,73.6862,3.42345,3.49661,23.2709,17.5828,688.775,689.015,6.68139,0.867728,2.41176,6.92412,5.70379,18.9453,18.9453,1.0,1.0,1
45148,30.05.2024 20:23:52.020000,603.067,501.306,5.91585,5.95,5.841,74.8597,3.44001,3.51719,23.0936,18.0502,688.71,688.965,6.91292,0.363036,2.63136,7.01695,5.70464,18.9453,18.9453,1.0,1.0,1
45149,30.05.2024 20:23:52.030000,603.067,501.306,5.91585,5.95,5.841,74.8597,3.44001,3.51719,23.0936,18.0502,688.71,688.965,6.91292,0.363036,2.63136,7.01695,5.70464,18.9453,18.9453,1.0,1.0,1
45150,30.05.2024 20:23:52.040000,603.067,535.007,5.91585,5.95,5.717,74.8597,3.44123,3.51516,24.7165,18.3947,688.645,688.94,6.51476,-0.0524435,2.44927,6.87558,5.70549,18.9453,18.9453,1.0,1.0,1
45151,30.05.2024 20:23:52.050000,603.067,535.007,5.91585,5.95,5.717,74.8597,3.44123,3.51516,24.7165,18.3947,688.645,688.94,6.51476,-0.0524435,2.44927,6.87558,5.70549,18.9453,18.9453,1.0,1.0,1
45152,30.05.2024 20:23:52.060000,601.831,508.392,5.84869,5.989,5.804,75.9727,3.43854,3.49336,24.7249,20.7929,688.56,688.9,6.29203,-0.672778,2.19144,6.79931,5.70656,18.9453,18.9453,1.0,1.0,1
45153,30.05.2024 20:23:52.070000,601.831,508.392,5.84869,5.989,5.804,75.9727,3.43854,3.49336,24.7249,20.7929,688.56,688.9,6.29203,-0.672778,2.19144,6.79931,5.70656,18.9453,18.9453,1.0,1.0,1
45154,30.05.2024 20:23:52.080000,601.089,478.564,5.77703,5.984,5.672,77.8845,3.41579,3.4667,24.721,17.7245,688.505,688.88,7.31936,-0.313539,2.11586,6.6027,5.70756,18.7862,18.7862,1.0,1.0,1
45155,30.05.2024 20:23:52.090000,597.711,499.246,5.77229,5.894,5.693,78.7649,3.41245,3.46427,23.9021,17.5722,688.375,688.83,7.47954,0.422763,2.04387,6.39711,5.70878,19.1406,19.1406,1.0,1.0,1
45156,30.05.2024 20:23:52.100000,605.456,531.299,5.74794,5.858,5.641,79.4514,3.42913,3.47814,25.6637,21.5063,688.345,688.79,7.25227,0.340125,2.14165,6.25939,5.7098,19.1406,19.1406,1.0,1.0,1
45157,30.05.2024 20:23:52.110000,605.456,531.299,5.74794,5.858,5.641,79.4514,3.42913,3.47814,25.6637,21.5063,688.345,688.79,7.25227,0.340125,2.14165,6.25939,5.7098,19.1406,19.1406,1.0,1.0,1
45158,30.05.2024 20:23:52.120000,605.456,493.725,5.74794,5.858,5.636,79.4514,3.44339,3.50417,25.9931,23.4947,688.31,688.775,7.73416,0.246367,2.12839,5.98384,5.711,19.2925,19.2925,1.0,1.0,1
45159,30.05.2024 20:23:52.130000,605.456,493.725,5.74794,5.858,5.636,79.4514,3.44339,3.50417,25.9931,23.4947,688.31,688.775,7.73416,0.246367,2.12839,5.98384,5.711,19.2925,19.2925,1.0,1.0,1
45160,30.05.2024 20:23:52.140000,602.655,499.988,5.74767,5.866,5.58,79.8086,3.44814,3.51803,25.7249,23.2628,688.23,688.7,7.74905,0.298034,2.16833,5.90507,5.71183,19.2925,19.2925,1.0,1.0,1
45161,30.05.2024 20:23:52.150000,594.745,534.759,5.72702,5.767,5.584,80.6462,3.4261,3.52134,27.4321,24.9068,688.175,688.64,8.59009,0.228337,2.10995,5.53266,5.71236,19.2419,19.2419,1.0,1.0,1
45162,30.05.2024 20:23:52.160000,594.745,546.048,5.72702,5.767,5.593,80.6462,3.43326,3.49789,25.0389,25.4553,688.12,688.595,8.84589,-0.0995188,2.11929,5.40416,5.71303,19.2419,19.2419,1.0,1.0,1
45163,30.05.2024 20:23:52.170000,603.396,546.048,5.71729,5.775,5.593,80.9727,3.43326,3.49789,25.0389,25.4553,688.085,688.595,9.02346,-0.548221,2.17027,5.32422,5.71303,19.4951,19.4951,1.0,1.0,1
45164,30.05.2024 20:23:52.180000,601.831,532.123,5.70932,5.804,5.547,81.282,3.43194,3.49363,26.7053,22.5509,688.04,688.57,9.16268,-0.21485,2.20518,5.34522,5.71344,19.4951,19.4951,1.0,1.0,1
45165,30.05.2024 20:23:52.190000,601.831,514.737,5.70932,5.804,5.571,81.282,3.45874,3.49945,25.8429,24.0497,688.005,688.555,8.75315,-0.0455732,2.11192,5.26639,5.71344,19.7266,19.7266,1.0,1.0,1
45166,30.05.2024 20:23:52.200000,602.49,514.737,5.72309,5.78,5.571,81.7741,3.45874,3.49945,25.8429,24.0497,687.98,688.54,8.77808,0.0131636,2.17022,5.16604,5.71349,20.6091,20.6091,1.0,1.0,1
45167,30.05.2024 20:23:52.210000,602.49,514.737,5.72309,5.78,5.571,81.7741,3.45874,3.49945,25.8429,24.0497,687.98,688.54,8.77808,0.0131636,2.17022,5.16604,5.71349,20.6091,20.6091,1.0,1.0,1
45168,30.05.2024 20:23:52.220000,598.37,548.19,5.72309,5.652,5.527,81.7741,3.46795,3.51296,29.5357,26.5235,687.965,688.51,9.2742,-0.0401602,2.38105,5.17422,5.7133,20.6091,20.6091,1.0,1.0,1
45169,30.05.2024 20:23:52.230000,597.711,562.61,5.7869,5.64,5.547,81.9791,3.45677,3.51,27.5267,23.1174,687.9,688.445,9.73623,0.272481,2.74988,5.1835,5.7131,20.6091,20.6091,1.0,1.0,1
45170,30.05.2024 20:23:52.240000,597.711,530.145,5.7869,5.64,5.554,81.9791,3.41694,3.50646,26.4154,23.5199,687.82,688.405,9.73246,0.124766,2.78704,5.14163,5.71296,20.638,20.638,1.0,1.0,1
45171,30.05.2024 20:23:52.250000,597.711,530.145,5.7869,5.64,5.554,81.9791,3.41694,3.50646,26.4154,23.5199,687.82,688.405,9.73246,0.124766,2.78704,5.14163,5.71296,20.638,20.638,1.0,1.0,1
45172,30.05.2024 20:23:52.260000,583.951,530.145,5.76854,5.701,5.554,82.0903,3.39014,3.49025,26.9406,26.3494,687.79,688.375,9.60854,-0.0485697,2.88701,5.14477,5.71296,20.9635,20.9635,1.0,1.0,1
45173,30.05.2024 20:23:52.270000,565.246,494.797,5.76851,5.723,5.615,82.0611,3.39289,3.47595,23.7576,23.3649,687.775,688.3,9.08451,-0.313399,2.88824,5.26466,5.71236,21.4627,21.4627,1.0,1.0,1
45174,30.05.2024 20:23:52.280000,567.966,494.797,5.80329,5.704,5.615,82.0574,3.39289,3.47595,23.7576,23.3649,687.755,688.3,9.49471,-0.481315,2.92552,5.41329,5.71198,21.4627,21.4627,1.0,1.0,1
45175,30.05.2024 20:23:52.290000,556.512,477.576,5.80329,5.71,5.622,82.0574,3.40507,3.47061,26.7534,21.6947,687.71,688.27,9.76291,-0.332698,2.86159,5.41615,5.71151,21.4627,21.4627,1.0,1.0,1
45176,30.05.2024 20:23:52.300000,556.512,477.576,5.84243,5.71,5.622,82.1008,3.40507,3.47061,26.7534,21.6947,687.665,688.24,9.99719,-0.00146008,2.83383,5.40153,5.71151,22.0197,22.0197,1.0,1.0,1
45177,30.05.2024 20:23:52.310000,543.658,454.587,5.83144,5.739,5.625,82.1982,3.42282,3.46764,25.5015,22.635,687.64,688.235,9.27355,0.117055,2.84952,5.32481,5.71101,22.0197,22.0197,1.0,1.0,1
45178,30.05.2024 20:23:52.320000,543.658,429.126,5.83144,5.739,5.7,82.1982,3.41941,3.46469,27.3274,22.6666,687.62,688.215,9.20238,0.361302,2.83702,5.3266,5.71063,22.0197,22.0197,1.0,1.0,1
45179,30.05.2024 20:23:52.330000,528.085,429.126,5.80609,5.774,5.7,82.3968,3.41941,3.46469,27.3274,22.6666,687.595,688.19,9.48756,0.508618,2.85554,5.4048,5.71063,22.0197,22.0197,1.0,1.0,1
45180,30.05.2024 20:23:52.340000,519.763,392.129,5.82524,5.777,5.669,82.3764,3.40242,3.45204,26.9384,22.9289,687.57,688.155,9.68888,0.869246,2.77164,5.42982,5.71045,22.0197,22.0197,1.0,1.0,1
45181,30.05.2024 20:23:52.350000,519.763,392.129,5.82524,5.777,5.669,82.3764,3.40242,3.45204,26.9384,22.9289,687.57,688.155,9.68888,0.869246,2.77164,5.42982,5.71045,22.0197,22.0197,1.0,1.0,1
45182,30.05.2024 20:23:52.360000,519.763,370.871,5.82524,5.777,5.746,82.3764,3.39594,3.44459,26.0164,22.0719,687.54,688.1,9.64798,0.887124,2.65158,5.44095,5.71006,22.3235,22.3235,1.0,1.0,1
45183,30.05.2024 20:23:52.370000,519.763,370.871,5.82524,5.777,5.746,82.3764,3.39594,3.44459,26.0164,22.0719,687.54,688.1,9.64798,0.887124,2.65158,5.44095,5.71006,22.3235,22.3235,1.0,1.0,1
45184,30.05.2024 20:23:52.380000,491.006,332.886,5.85735,5.836,5.706,82.5626,3.38852,3.43868,25.2015,21.2498,687.44,688.04,9.64553,-0.138894,2.47799,5.51638,5.70988,22.3163,22.3163,1.0,1.0,1
45185,30.05.2024 20:23:52.390000,491.006,332.886,5.85735,5.836,5.706,82.5626,3.38852,3.43868,25.2015,21.2498,687.44,688.04,9.64553,-0.138894,2.47799,5.51638,5.70988,22.3163,22.3163,1.0,1.0,1
45186,30.05.2024 20:23:52.400000,489.935,301.245,5.86772,5.836,5.706,82.4648,3.38362,3.42853,25.6853,23.1254,687.41,688.0,9.084,0.479608,2.28367,5.76632,5.70964,22.3163,22.3163,1.0,1.0,1
45187,30.05.2024 20:23:52.410000,482.19,288.803,5.8613,5.803,5.675,82.3756,3.40082,3.44089,24.9462,21.4409,687.385,687.96,9.18676,0.348077,2.36217,6.05027,5.7097,22.9962,22.9962,1.0,1.0,1
45188,30.05.2024 20:23:52.420000,477.246,287.402,5.85682,5.785,5.661,82.3147,3.38601,3.43906,26.6314,24.3831,687.385,687.935,9.66599,0.26481,2.48774,6.16851,5.70958,22.9962,22.9962,1.0,1.0,1
45189,30.05.2024 20:23:52.430000,477.246,267.627,5.85682,5.785,5.718,82.3147,3.38033,3.44232,25.7054,23.3536,687.365,687.92,10.4163,0.728742,2.43094,6.26362,5.70987,22.9601,22.9601,1.0,1.0,1
45190,30.05.2024 20:23:52.440000,477.246,267.627,5.85682,5.785,5.718,82.3147,3.38033,3.44232,25.7054,23.3536,687.365,687.92,10.4163,0.728742,2.43094,6.26362,5.70987,22.9601,22.9601,1.0,1.0,1
45191,30.05.2024 20:23:52.450000,461.014,267.627,5.83695,5.78,5.718,82.2794,3.38033,3.44232,25.7054,23.3536,687.345,687.885,10.4818,0.708692,2.43531,6.34847,5.70987,23.1554,23.1554,1.0,1.0,1
45192,30.05.2024 20:23:52.460000,457.059,246.698,5.84225,5.787,5.706,82.3376,3.3399,3.43259,23.8447,23.1195,687.18,687.81,10.3231,0.854657,2.20464,6.45734,5.71042,23.4086,23.4086,1.0,1.0,1
45193,30.05.2024 20:23:52.470000,445.111,223.05,5.84106,5.786,5.687,82.4224,3.32721,3.40896,21.8304,22.7045,687.15,687.77,9.04705,0.730369,1.78819,6.59242,5.71077,23.4086,23.4086,1.0,1.0,1
45194,30.05.2024 20:23:52.480000,445.111,201.462,5.84106,5.786,5.785,82.4224,3.31118,3.38696,22.8045,19.3905,687.1,687.72,8.98778,0.573485,1.66314,6.7051,5.71113,23.4086,23.4086,1.0,1.0,1
45195,30.05.2024 20:23:52.490000,445.111,201.462,5.84106,5.786,5.785,82.4224,3.31118,3.38696,22.8045,19.3905,687.1,687.72,8.98778,0.573485,1.66314,6.7051,5.71113,23.4086,23.4086,1.0,1.0,1
45196,30.05.2024 20:23:52.500000,430.279,201.462,5.81903,5.781,5.785,82.3704,3.34501,3.37659,21.9143,18.7527,687.09,687.715,8.67894,0.347102,1.6026,6.84999,5.71113,23.8426,23.8426,1.0,1.0,1
45197,30.05.2024 20:23:52.510000,421.545,151.364,5.8305,5.791,5.696,82.4011,3.3534,3.3787,24.8857,21.067,687.055,687.69,8.55737,0.478284,1.33134,6.85523,5.71137,24.0451,24.0451,1.0,1.0,1
45198,30.05.2024 20:23:52.520000,414.706,151.364,5.83397,5.788,5.696,82.404,3.3534,3.3787,24.8857,21.067,687.03,687.675,8.38121,0.864247,1.30767,6.90841,5.71181,24.3273,24.3273,1.0,1.0,1
45199,30.05.2024 20:23:52.530000,406.631,133.319,5.83397,5.768,5.725,82.404,3.38129,3.39788,25.187,19.3731,687.0,687.635,8.56968,1.05033,1.24214,6.99271,5.71229,24.3273,24.3273,1.0,1.0,1
45200,30.05.2024 20:23:52.540000,406.631,133.319,5.81575,5.768,5.725,82.4149,3.38129,3.39788,25.187,19.3731,686.975,687.6,8.40359,0.812789,1.38444,7.06483,5.71229,24.3273,24.3273,0.0,1.0,1
45201,30.05.2024 20:23:52.550000,395.425,119.229,5.78572,5.747,5.687,82.4636,3.36646,3.40846,26.2276,22.1757,686.95,687.59,8.63278,0.860974,1.37158,7.10429,5.71289,24.3273,24.3273,0.0,1.0,1
45202,30.05.2024 20:23:52.560000,395.425,109.671,5.78572,5.747,5.677,82.4636,3.34596,3.40418,25.4169,23.7013,686.89,687.52,8.63243,1.01836,1.2702,7.15864,5.71364,24.1971,24.1971,0.0,1.0,1
45203,30.05.2024 20:23:52.570000,395.425,109.671,5.78572,5.747,5.677,82.4636,3.34596,3.40418,25.4169,23.7013,686.89,687.52,8.63243,1.01836,1.2702,7.15864,5.71364,24.1971,24.1971,0.0,1.0,1
45204,30.05.2024 20:23:52.580000,387.268,109.671,5.79238,5.758,5.677,82.4772,3.32087,3.4077,22.9135,21.3437,686.855,687.475,8.72212,0.896419,1.16601,7.10043,5.71364,24.5587,24.5587,0.0,1.0,1
45205,30.05.2024 20:23:52.590000,374.167,43.2587,5.77314,5.764,5.653,82.4971,3.31847,3.40503,24.597,24.3966,686.775,687.43,8.09229,-0.220748,1.13839,7.1692,5.71415,24.4068,24.4068,0.0,1.0,1
45206,30.05.2024 20:23:52.600000,369.141,43.2587,5.75727,5.769,5.653,82.5015,3.31847,3.40503,24.597,24.3966,686.755,687.415,7.83953,-0.0788298,1.09966,7.27395,5.71469,24.4068,24.4068,0.0,1.0,1
45207,30.05.2024 20:23:52.610000,365.021,17.8802,5.75727,5.757,5.582,82.5015,3.33923,3.41042,23.5165,24.677,686.675,687.365,7.95658,0.0237532,0.990189,7.30565,5.71517,24.4068,24.4068,0.0,1.0,1
45208,30.05.2024 20:23:52.620000,365.021,17.8802,5.77955,5.757,5.582,82.5271,3.33923,3.41042,23.5165,24.677,686.655,687.35,7.49215,-0.0663671,0.970415,7.26142,5.71517,24.3056,24.3056,0.0,1.0,1
45209,30.05.2024 20:23:52.630000,365.021,17.8802,5.77955,5.757,5.582,82.5271,3.33923,3.41042,23.5165,24.677,686.655,687.35,7.49215,-0.0663671,0.970415,7.26142,5.71517,24.3056,24.3056,0.0,1.0,1
45210,30.05.2024 20:23:52.640000,357.522,0.0,5.82161,5.73,5.624,82.5833,3.36901,3.41434,25.1457,22.9315,686.64,687.345,7.10822,-0.0777693,1.0277,7.32473,5.71545,24.32,24.32,0.0,1.0,1
45211,30.05.2024 20:23:52.650000,338.571,-9.06372,5.80573,5.687,5.593,82.6899,3.37743,3.42531,26.8028,24.867,686.57,687.265,7.73396,0.342828,0.944944,7.32279,5.71543,24.4068,24.4068,0.0,1.0,1
45212,30.05.2024 20:23:52.660000,326.788,-7.91015,5.8169,5.627,5.604,82.7415,3.37922,3.42606,27.955,26.2431,686.54,687.23,7.64781,0.368667,0.92815,7.3772,5.71543,24.4068,24.4068,0.0,1.0,1
45213,30.05.2024 20:23:52.670000,326.788,-7.91015,5.8169,5.627,5.604,82.7415,3.37922,3.42606,27.955,26.2431,686.54,687.23,7.64781,0.368667,0.92815,7.3772,5.71543,24.4068,24.4068,0.0,1.0,1
45214,30.05.2024 20:23:52.680000,326.788,-25.0488,5.8169,5.627,5.602,82.7415,3.35986,3.42761,26.8239,24.7001,686.49,687.195,7.79494,0.295259,0.838991,7.29492,5.71535,24.4068,24.4068,0.0,1.0,1
45215,30.05.2024 20:23:52.690000,326.788,-25.0488,5.8169,5.627,5.602,82.7415,3.35986,3.42761,26.8239,24.7001,686.49,687.195,7.79494,0.295259,0.838991,7.29492,5.71535,24.4068,24.4068,0.0,1.0,1
45216,30.05.2024 20:23:52.700000,310.886,-31.5582,5.79519,5.584,5.624,82.7069,3.3563,3.42956,26.1163,24.5703,686.385,687.13,7.03149,-0.0451441,0.902823,7.36178,5.71575,24.7106,24.7106,0.0,1.0,1
45217,30.05.2024 20:23:52.710000,310.886,-31.5582,5.79519,5.584,5.624,82.7069,3.3563,3.42956,26.1163,24.5703,686.385,687.13,7.03149,-0.0451441,0.902823,7.36178,5.71575,24.7106,24.7106,0.0,1.0,1
45218,30.05.2024 20:23:52.720000,291.275,-43.9178,5.80507,5.561,5.61,82.8226,3.36449,3.4283,26.9384,27.1322,686.33,687.07,6.98831,-0.0579634,0.830668,7.25733,5.71566,24.7975,24.7975,0.0,1.0,1
45219,30.05.2024 20:23:52.730000,291.275,-43.9178,5.80507,5.561,5.61,82.8226,3.36449,3.4283,26.9384,27.1322,686.33,687.07,6.98831,-0.0579634,0.830668,7.25733,5.71566,24.7975,24.7975,0.0,1.0,1
45220,30.05.2024 20:23:52.740000,276.691,-57.019,5.8446,5.527,5.65,82.817,3.37056,3.42858,25.8288,25.449,686.28,687.005,7.13856,-0.0228491,0.963636,7.13914,5.71563,24.6021,24.6021,0.0,1.0,1
45221,30.05.2024 20:23:52.750000,276.691,-57.019,5.8446,5.527,5.65,82.817,3.37056,3.42858,25.8288,25.449,686.28,687.005,7.13856,-0.0228491,0.963636,7.13914,5.71563,24.6021,24.6021,0.0,1.0,1
45222,30.05.2024 20:23:52.760000,248.346,-75.3113,5.811,5.506,5.674,82.7603,3.38477,3.4293,27.685,26.6673,686.205,686.975,7.93055,0.492946,1.1269,7.12217,5.71584,24.6094,24.6094,0.0,1.0,1
45223,30.05.2024 20:23:52.770000,248.346,-75.3113,5.811,5.506,5.674,82.7603,3.38477,3.4293,27.685,26.6673,686.205,686.975,7.93055,0.492946,1.1269,7.12217,5.71584,24.6094,24.6094,0.0,1.0,1
45224,30.05.2024 20:23:52.780000,225.604,-43.1763,5.80296,5.396,5.679,82.7709,3.38644,3.42766,26.6923,26.3933,686.065,686.84,7.42362,0.590005,1.24146,7.0417,5.71605,24.5443,24.5443,0.0,1.0,1
45225,30.05.2024 20:23:52.790000,218.024,-30.1575,5.83575,5.356,5.714,82.8761,3.38105,3.42892,28.1894,24.3759,686.01,686.775,6.46034,-0.185021,1.20745,7.0936,5.71595,24.6166,24.6166,0.0,1.0,1
45226,30.05.2024 20:23:52.800000,218.024,-30.1575,5.83575,5.356,5.714,82.8761,3.38105,3.42892,28.1894,24.3759,686.01,686.775,6.46034,-0.185021,1.20745,7.0936,5.71595,24.6166,24.6166,0.0,1.0,1
45227,30.05.2024 20:23:52.810000,218.024,-61.3861,5.83575,5.356,5.68,82.8761,3.37484,3.42754,26.8177,26.5826,685.975,686.735,6.63267,-0.137713,1.12515,7.13242,5.716,24.6166,24.6166,0.0,1.0,1
45228,30.05.2024 20:23:52.820000,218.024,-61.3861,5.83575,5.356,5.68,82.8761,3.37484,3.42754,26.8177,26.5826,685.975,686.735,6.63267,-0.137713,1.12515,7.13242,5.716,24.6166,24.6166,0.0,1.0,1
45229,30.05.2024 20:23:52.830000,196.765,-211.185,5.80354,5.79,5.659,82.9259,3.36555,3.41986,26.7066,26.2028,685.905,686.69,7.06329,-0.13725,1.21485,7.13066,5.71616,24.7613,24.7613,0.0,1.0,1
45230,30.05.2024 20:23:52.840000,194.788,-339.56,5.7969,5.902,5.652,82.9321,3.35924,3.42076,26.5076,24.6968,685.78,686.61,6.79422,0.419295,1.19608,7.06521,5.71661,24.7613,24.7613,0.0,1.0,1
45231,30.05.2024 20:23:52.850000,184.405,-361.807,5.7969,5.856,5.651,82.9321,3.36545,3.41671,25.8194,25.5623,685.72,686.56,6.5192,0.367822,1.27493,7.12754,5.71678,24.7613,24.7613,0.0,1.0,1
45232,30.05.2024 20:23:52.860000,184.405,-361.807,5.77433,5.856,5.651,82.92,3.36545,3.41671,25.8194,25.5623,685.675,686.535,6.4129,0.086091,1.19256,7.14922,5.71678,24.7613,24.7613,0.0,1.0,1
45233,30.05.2024 20:23:52.870000,179.05,-349.036,5.7938,5.74,5.671,82.8732,3.36519,3.41496,26.5302,25.4627,685.65,686.525,5.81568,-0.300227,1.22882,6.81283,5.71692,24.7613,24.7613,0.0,1.0,1
45234,30.05.2024 20:23:52.880000,179.05,-349.036,5.7938,5.74,5.671,82.8732,3.36519,3.41496,26.5302,25.4627,685.65,686.525,5.81568,-0.300227,1.22882,6.81283,5.71692,24.7613,24.7613,0.0,1.0,1
45235,30.05.2024 20:23:52.890000,179.05,-261.117,5.7938,5.74,5.653,82.8732,3.35489,3.41162,26.0845,24.0841,685.62,686.505,5.89678,0.00410748,1.17859,6.86741,5.71732,25.0,25.0,0.0,1.0,1
45236,30.05.2024 20:23:52.900000,179.05,-261.117,5.7938,5.74,5.653,82.8732,3.35489,3.41162,26.0845,24.0841,685.62,686.505,5.89678,0.00410748,1.17859,6.86741,5.71732,25.0,25.0,0.0,1.0,1
45237,30.05.2024 20:23:52.910000,171.387,-291.605,5.80567,5.681,5.627,82.8765,3.33199,3.41223,24.9689,25.0369,685.58,686.44,6.55366,0.689609,1.21262,6.80926,5.71764,25.1591,25.1591,0.0,1.0,1
45238,30.05.2024 20:23:52.920000,171.387,-291.605,5.80567,5.681,5.627,82.8765,3.33199,3.41223,24.9689,25.0369,685.58,686.44,6.55366,0.689609,1.21262,6.80926,5.71764,25.1591,25.1591,0.0,1.0,1
45239,30.05.2024 20:23:52.930000,163.806,-399.463,5.8024,5.847,5.638,82.9663,3.31718,3.41151,23.5116,24.8239,685.515,686.31,7.23396,0.505183,1.27734,6.7842,5.71786,25.8029,25.8029,0.0,1.0,1
45240,30.05.2024 20:23:52.940000,163.806,-399.463,5.8024,5.847,5.638,82.9663,3.31718,3.41151,23.5116,24.8239,685.515,686.31,7.23396,0.505183,1.27734,6.7842,5.71786,25.8029,25.8029,0.0,1.0,1
45241,30.05.2024 20:23:52.950000,154.248,-422.781,5.74856,5.791,5.631,82.9871,3.33512,3.40956,24.249,23.6226,685.415,686.265,7.77031,0.2879,1.2359,6.86418,5.71821,25.8029,25.8029,0.0,1.0,1
45242,30.05.2024 20:23:52.960000,154.248,-422.781,5.74856,5.791,5.631,82.9871,3.33512,3.40956,24.249,23.6226,685.415,686.265,7.77031,0.2879,1.2359,6.86418,5.71821,25.8029,25.8029,0.0,1.0,1
45243,30.05.2024 20:23:52.970000,144.196,-389.41,5.79907,5.672,5.605,82.9461,3.33925,3.40276,24.7685,24.527,685.335,686.21,7.21954,0.27735,1.39517,6.75088,5.71891,26.0778,26.0778,0.0,1.0,1
45244,30.05.2024 20:23:52.980000,140.57,-437.283,5.82251,5.799,5.62,82.9357,3.32796,3.40138,23.4279,22.5779,685.315,686.13,7.5706,0.663926,1.85025,6.78318,5.71916,26.3455,26.3455,0.0,1.0,1
45245,30.05.2024 20:23:52.990000,140.57,-487.546,5.82251,5.799,5.644,82.9357,3.32851,3.40099,23.7377,23.166,685.305,686.075,7.90701,0.246058,2.03509,6.86724,5.71916,26.3455,26.3455,0.0,1.0,1
45246,30.05.2024 20:23:53.000000,123.514,-487.546,5.78716,5.798,5.644,82.9562,3.32851,3.40099,23.7377,23.166,685.29,686.025,8.68543,-0.126941,1.93408,6.90803,5.71974,26.3455,26.3455,0.0,1.0,1
45247,30.05.2024 20:23:53.010000,120.218,-467.935,5.78716,5.696,5.643,82.9562,3.33078,3.39928,23.3914,24.2961,685.21,685.955,8.42146,-0.57738,2.01629,6.9595,5.72015,26.3455,26.3455,0.0,1.0,1
45248,30.05.2024 20:23:53.020000,120.218,-467.935,5.77848,5.696,5.643,82.8879,3.33078,3.39928,23.3914,24.2961,685.165,685.94,8.66094,-0.649219,2.00646,7.01347,5.72015,27.0833,27.0833,0.0,1.0,1
45249,30.05.2024 20:23:53.030000,119.394,-451.373,5.83063,5.642,5.647,82.8873,3.32731,3.40143,22.4835,23.2487,685.12,685.91,7.91318,-0.500138,1.85316,7.14987,5.72064,27.0833,27.0833,0.0,1.0,1
45250,30.05.2024 20:23:53.040000,119.394,-515.478,5.83063,5.642,5.624,82.8873,3.31582,3.39813,23.6063,22.4044,685.085,685.885,7.651,-0.52591,1.82735,7.22194,5.72123,27.134,27.134,0.0,1.0,1
45251,30.05.2024 20:23:53.050000,119.064,-515.478,5.81529,5.802,5.624,82.9117,3.31582,3.39813,23.6063,22.4044,685.08,685.88,7.87316,-0.511701,1.83928,7.21122,5.72123,27.134,27.134,0.0,1.0,1
45252,30.05.2024 20:23:53.060000,119.064,-515.478,5.81529,5.802,5.624,82.9117,3.31582,3.39813,23.6063,22.4044,685.08,685.88,7.87316,-0.511701,1.83928,7.21122,5.72123,27.134,27.134,0.0,1.0,1
45253,30.05.2024 20:23:53.070000,118.158,-525.531,5.7875,5.797,5.649,83.0094,3.3008,3.39916,22.358,23.2954,685.075,685.835,8.08159,-0.0590563,1.89878,7.24055,5.72165,27.0472,27.0472,0.0,1.0,1
45254,30.05.2024 20:23:53.080000,118.158,-525.531,5.7875,5.797,5.649,83.0094,3.3008,3.39916,22.358,23.2954,685.075,685.835,8.08159,-0.0590563,1.89878,7.24055,5.72165,27.0472,27.0472,0.0,1.0,1
45255,30.05.2024 20:23:53.090000,113.049,-504.767,5.81885,5.685,5.656,82.9411,3.29876,3.39807,21.3347,22.8303,685.055,685.705,8.91088,0.418874,2.18072,7.27188,5.72181,27.0038,27.0038,0.0,1.0,1
45256,30.05.2024 20:23:53.100000,111.649,-494.055,5.83749,5.674,5.66,82.8056,3.30268,3.40012,21.2894,22.0717,684.995,685.645,9.56129,-0.0296488,2.04189,7.38078,5.72194,26.8084,26.8084,0.0,1.0,1
45257,30.05.2024 20:23:53.110000,111.649,-494.055,5.83749,5.674,5.66,82.8056,3.30268,3.40012,21.2894,22.0717,684.995,685.645,9.56129,-0.0296488,2.04189,7.38078,5.72194,26.8084,26.8084,0.0,1.0,1
45258,30.05.2024 20:23:53.120000,107.446,-524.542,5.8445,5.761,5.639,82.8828,3.31298,3.40597,22.8561,23.5891,684.92,685.6,9.44083,0.161075,1.90884,7.41441,5.722,26.8084,26.8084,0.0,1.0,1
45259,30.05.2024 20:23:53.130000,107.446,-524.542,5.8445,5.761,5.639,82.8828,3.31298,3.40597,22.8561,23.5891,684.92,685.6,9.44083,0.161075,1.90884,7.41441,5.722,26.8084,26.8084,0.0,1.0,1
45260,30.05.2024 20:23:53.140000,102.75,-530.804,5.83935,5.791,5.643,82.8808,3.31782,3.40805,23.4498,23.3295,684.865,685.565,9.05404,0.44259,1.88811,7.71698,5.72206,27.1412,27.1412,0.0,1.0,1
45261,30.05.2024 20:23:53.150000,102.75,-530.804,5.83935,5.791,5.643,82.8808,3.31782,3.40805,23.4498,23.3295,684.865,685.565,9.05404,0.44259,1.88811,7.71698,5.72206,27.1412,27.1412,0.0,1.0,1
45262,30.05.2024 20:23:53.160000,92.2027,-530.392,5.8192,5.745,5.654,82.8359,3.31929,3.406,22.8769,23.2382,684.83,685.495,8.9793,1.19641,1.8818,7.71628,5.72235,27.134,27.134,0.0,1.0,1
45263,30.05.2024 20:23:53.170000,66.0827,-529.156,5.83233,5.776,5.647,82.847,3.3232,3.40597,22.9804,24.5649,684.785,685.37,9.05276,1.10188,2.16549,8.02799,5.72233,27.1412,27.1412,0.0,1.0,1
45264,30.05.2024 20:23:53.180000,66.0827,-529.156,5.83233,5.776,5.647,82.847,3.3232,3.40597,22.9804,24.5649,684.785,685.37,9.05276,1.10188,2.16549,8.02799,5.72233,27.1412,27.1412,0.0,1.0,1
45265,30.05.2024 20:23:53.190000,66.0827,-529.156,5.83374,5.776,5.647,82.8354,3.32963,3.40597,22.8816,23.5036,684.755,685.33,8.94111,0.945191,2.20058,8.18355,5.72233,27.0978,27.0978,0.0,1.0,1
45266,30.05.2024 20:23:53.200000,66.0827,-529.156,5.83374,5.776,5.647,82.8354,3.32963,3.40597,22.8816,23.5036,684.755,685.33,8.94111,0.945191,2.20058,8.18355,5.72233,27.0978,27.0978,0.0,1.0,1
45267,30.05.2024 20:23:53.210000,56.0303,-522.153,5.84679,5.797,5.694,82.8729,3.34209,3.40788,23.858,24.0374,684.655,685.205,8.67287,0.311007,2.27456,8.49258,5.72283,27.0472,27.0472,0.0,1.0,1
45268,30.05.2024 20:23:53.220000,56.0303,-522.153,5.84679,5.797,5.694,82.8729,3.34209,3.40788,23.858,24.0374,684.655,685.205,8.67287,0.311007,2.27456,8.49258,5.72283,27.0472,27.0472,0.0,1.0,1
45269,30.05.2024 20:23:53.230000,15.9027,-528.909,5.81669,5.786,5.711,83.1171,3.35109,3.40646,24.7688,25.0908,684.615,685.175,8.14628,0.0379782,2.25679,8.92466,5.72297,27.2352,27.2352,0.0,1.0,1
45270,30.05.2024 20:23:53.240000,15.9027,-528.909,5.81669,5.786,5.711,83.1171,3.35109,3.40646,24.7688,25.0908,684.615,685.175,8.14628,0.0379782,2.25679,8.92466,5.72297,27.2352,27.2352,0.0,1.0,1
45271,30.05.2024 20:23:53.250000,3.95508,-520.999,5.79275,5.828,5.7,83.0911,3.35858,3.40538,24.7583,24.993,684.6,685.14,7.87028,0.480182,2.2608,8.86678,5.72306,27.0038,27.0038,0.0,1.0,1
45272,30.05.2024 20:23:53.260000,3.95508,-520.999,5.79275,5.828,5.7,83.0911,3.35858,3.40538,24.7583,24.993,684.6,685.14,7.87028,0.480182,2.2608,8.86678,5.72306,27.0038,27.0038,0.0,1.0,1
45273,30.05.2024 20:23:53.270000,1.97754,-520.587,5.8016,5.819,5.669,83.0905,3.36535,3.40613,25.3253,24.5166,684.58,685.085,9.0076,1.59716,2.18386,9.11539,5.72334,27.011,27.011,0.0,1.0,1
45274,30.05.2024 20:23:53.280000,1.97754,-520.587,5.8016,5.819,5.669,83.0905,3.36535,3.40613,25.3253,24.5166,684.58,685.085,9.0076,1.59716,2.18386,9.11539,5.72334,27.011,27.011,0.0,1.0,1
45275,30.05.2024 20:23:53.290000,6.92138,-531.958,5.82408,5.77,5.655,83.0749,3.36421,3.4068,24.5022,24.812,684.47,684.96,8.81433,1.54564,2.16993,9.16356,5.7239,27.011,27.011,0.0,1.0,1
45276,30.05.2024 20:23:53.300000,-9.97009,-530.145,5.82301,5.748,5.655,83.005,3.36061,3.40892,25.3635,23.7444,684.4,684.88,7.85829,1.17613,1.94344,9.33202,5.7243,27.3004,27.3004,0.0,1.0,1
45277,30.05.2024 20:23:53.310000,-9.97009,-523.306,5.82301,5.748,5.651,83.005,3.35492,3.40728,24.7876,23.6623,684.38,684.845,7.47671,0.846648,1.97002,9.43352,5.7243,27.3004,27.3004,0.0,1.0,1
45278,30.05.2024 20:23:53.320000,-25.3784,-523.306,5.81216,5.785,5.651,82.9993,3.35492,3.40728,24.7876,23.6623,684.365,684.805,7.72363,0.749961,1.96605,9.43548,5.72496,27.6403,27.6403,0.0,1.0,1
45279,30.05.2024 20:23:53.330000,-29.5807,-518.857,5.81216,5.766,5.641,82.9993,3.35069,3.4061,24.4835,23.2702,684.315,684.745,7.92827,0.75414,1.96114,9.51265,5.72576,27.6403,27.6403,0.0,1.0,1
45280,30.05.2024 20:23:53.340000,-29.5807,-518.857,5.78738,5.766,5.641,82.9679,3.35069,3.4061,24.4835,23.2702,684.3,684.715,7.56994,0.292619,2.08352,9.42281,5.72576,27.6403,27.6403,0.0,1.0,1
45281,30.05.2024 20:23:53.350000,-49.8504,-530.31,5.79383,5.741,5.639,82.9928,3.34482,3.40789,23.8137,24.0315,684.275,684.7,7.32191,0.506642,1.91447,9.45514,5.72628,27.6403,27.6403,0.0,1.0,1
45282,30.05.2024 20:23:53.360000,-49.8504,-530.31,5.79383,5.741,5.639,82.9928,3.34482,3.40789,23.8137,24.0315,684.275,684.7,7.32191,0.506642,1.91447,9.45514,5.72628,27.6403,27.6403,0.0,1.0,1
45283,30.05.2024 20:23:53.370000,-49.8504,-531.216,5.79383,5.741,5.66,82.9928,3.34278,3.40664,22.8208,24.712,684.235,684.665,7.36191,0.663486,1.87275,9.4874,5.72693,27.6548,27.6548,0.0,1.0,1
45284,30.05.2024 20:23:53.380000,-70.6146,-520.01,5.82525,5.762,5.626,82.8998,3.34117,3.40729,23.606,23.9674,684.22,684.635,7.68514,1.2068,1.81351,9.55366,5.72718,27.8791,27.8791,0.0,1.0,1
45285,30.05.2024 20:23:53.390000,-70.6146,-520.01,5.82525,5.762,5.626,82.8998,3.34117,3.40729,23.606,23.9674,684.22,684.635,7.68514,1.2068,1.81351,9.55366,5.72718,27.8791,27.8791,0.0,1.0,1
45286,30.05.2024 20:23:53.400000,-70.6146,-524.212,5.82525,5.762,5.607,82.8998,3.34144,3.40694,22.7085,23.5697,684.195,684.595,7.77074,1.34404,1.83474,9.53959,5.72803,27.8791,27.8791,0.0,1.0,1
45287,30.05.2024 20:23:53.410000,-70.6146,-524.212,5.82525,5.762,5.607,82.8998,3.34144,3.40694,22.7085,23.5697,684.195,684.595,7.77074,1.34404,1.83474,9.53959,5.72803,27.8791,27.8791,0.0,1.0,1
45288,30.05.2024 20:23:53.420000,-97.1466,-526.025,5.79605,5.73,5.65,82.8832,3.33714,3.40565,22.8644,23.7608,684.14,684.46,8.27348,1.65832,1.69809,9.66401,5.72862,27.8429,27.8429,0.0,1.0,1
45289,30.05.2024 20:23:53.430000,-97.1466,-526.025,5.79605,5.73,5.65,82.8832,3.33714,3.40565,22.8644,23.7608,684.14,684.46,8.27348,1.65832,1.69809,9.66401,5.72862,27.8429,27.8429,0.0,1.0,1
45290,30.05.2024 20:23:53.440000,-101.184,-530.557,5.8205,5.728,5.665,82.9248,3.33061,3.40593,22.3796,24.6884,684.07,684.395,8.22363,1.04347,1.63693,9.75878,5.72929,28.2335,28.2335,0.0,1.0,1
45291,30.05.2024 20:23:53.450000,-101.184,-530.557,5.8205,5.728,5.665,82.9248,3.33061,3.40593,22.3796,24.6884,684.07,684.395,8.22363,1.04347,1.63693,9.75878,5.72929,28.2335,28.2335,0.0,1.0,1
45292,30.05.2024 20:23:53.460000,-104.562,-523.224,5.82886,5.77,5.671,82.8564,3.32928,3.40596,21.3482,24.1017,683.99,684.3,7.90955,1.05209,1.64495,9.85628,5.72983,28.1901,28.1901,0.0,1.0,1
45293,30.05.2024 20:23:53.470000,-104.562,-523.224,5.82886,5.77,5.671,82.8564,3.32928,3.40596,21.3482,24.1017,683.99,684.3,7.90955,1.05209,1.64495,9.85628,5.72983,28.1901,28.1901,0.0,1.0,1
45294,30.05.2024 20:23:53.480000,-105.798,-525.696,5.80948,5.778,5.659,82.8761,3.34396,3.40614,21.7254,23.4013,683.935,684.23,7.29822,0.671371,1.72268,9.89059,5.731,28.1973,28.1973,0.0,1.0,1
45295,30.05.2024 20:23:53.490000,-105.304,-526.025,5.81365,5.746,5.632,82.7877,3.35066,3.40608,21.7096,22.9711,683.91,684.16,7.06429,0.684875,1.77187,9.90131,5.73149,28.7254,28.7254,0.0,1.0,1
45296,30.05.2024 20:23:53.500000,-105.304,-526.025,5.81365,5.746,5.632,82.7877,3.35066,3.40608,21.7096,22.9711,683.91,684.16,7.06429,0.684875,1.77187,9.90131,5.73149,28.7254,28.7254,0.0,1.0,1
45297,30.05.2024 20:23:53.510000,-105.304,-526.025,5.82256,5.746,5.632,82.8113,3.34386,3.40598,21.7596,22.0766,683.91,684.145,7.37454,0.601418,1.85507,9.91414,5.73149,28.7254,28.7254,0.0,1.0,1
45298,30.05.2024 20:23:53.520000,-105.304,-526.025,5.82256,5.746,5.632,82.8113,3.34386,3.40598,21.7596,22.0766,683.91,684.145,7.37454,0.601418,1.85507,9.91414,5.73149,28.7254,28.7254,0.0,1.0,1
45299,30.05.2024 20:23:53.530000,-104.81,-527.261,5.84672,5.768,5.644,82.584,3.34042,3.40651,20.4653,22.4234,683.885,684.04,8.47834,1.44742,1.94217,9.9558,5.73185,28.9714,28.9714,0.0,1.0,1
