,time,Pinceur Inf Mesure de courant,Pinceur Sup Mesure de courant,Mandrin - Vitesse Actuelle,Pinceur Sup Mesure vitesse lineaire,Pinceur Inf Mesure vitesse lineaire,Mandrin - Mesure Expansion,Pinceur Nord Position entrefer estimee,Pinceur Sud Position entrefer estimee,Pinceur Nord Force entrefer calibree,Pinceur Sud Force entrefer calibree,Guides Nord Entree Position mesuree,Guides Nord Sortie Position mesuree,Guides Nord Entree Force pour regulateur PI,Guides Nord Sortie Force pour regulateur PI,Guides Sud Entree Force pour regulateur PI,Guides Sud Sortie Force pour regulateur PI,Mandrin - Vitesse Actuelle F10,_Excentrage largeur bande jauge bob,_Excentrage largeur bande jauge bob.1,TDB pinceur,Fenetre,Declancheur
40800,30.05.2024 19:25:25.580000,93.9331,98.0529,8.76461,9.026,8.64,39.1226,3.8389,3.73903,46.5982,67.6976,779.98,771.45,6.25606,3.94974,1.67139,-0.910196,7.59931,100.21,100.21,1.0,1.0,1
40801,30.05.2024 19:25:25.590000,105.551,113.132,8.72859,8.882,8.63,39.0555,3.8389,3.73903,46.5982,67.6976,778.3,769.75,6.27312,3.90279,1.67322,-0.872983,7.59931,100.21,100.21,1.0,1.0,1
40802,30.05.2024 19:25:25.600000,105.551,113.132,8.72859,8.882,8.63,39.0555,3.8389,3.73903,46.5982,67.6976,778.3,769.75,6.27312,3.90279,1.67322,-0.872983,7.59931,100.21,100.21,1.0,1.0,1
40803,30.05.2024 19:25:25.610000,105.551,113.132,8.72859,8.882,8.63,39.0555,3.94954,3.89478,62.0381,74.5578,777.445,768.935,6.02442,3.91281,1.66958,-0.868219,7.59973,100.42,100.42,1.0,1.0,1
40804,30.05.2024 19:25:25.620000,128.787,255.844,8.70457,8.713,8.312,39.0874,3.76703,3.92657,55.0887,75.7442,775.76,767.28,6.43995,4.32086,1.91133,-0.917175,7.60068,100.203,100.203,1.0,1.0,1
40805,30.05.2024 19:25:25.630000,155.896,255.844,8.71025,8.612,8.312,39.1441,3.49081,3.76085,47.3312,75.509,774.085,765.56,6.51971,4.72657,1.9774,-0.906854,7.60185,100.224,100.224,1.0,1.0,1
40806,30.05.2024 19:25:25.640000,155.896,255.844,8.71025,8.612,8.312,39.1441,3.49081,3.76085,47.3312,75.509,774.085,765.56,6.51971,4.72657,1.9774,-0.906854,7.60185,100.224,100.224,1.0,1.0,1
40807,30.05.2024 19:25:25.650000,237.14,301.245,8.71635,8.661,8.2,39.0913,3.258,3.54167,33.5997,62.341,773.215,764.69,5.97906,4.30442,2.06751,-0.858936,7.60185,100.224,100.224,1.0,1.0,1
40808,30.05.2024 19:25:25.660000,284.354,308.249,8.70968,8.696,8.084,39.0871,3.20865,3.2716,21.2048,43.1111,771.535,763.035,5.80621,4.15655,2.01778,-0.880315,7.60295,100.217,100.217,1.0,1.0,1
40809,30.05.2024 19:25:25.670000,345.08,361.478,8.7068,8.517,7.924,39.0871,3.20865,3.2716,21.2048,43.1111,769.855,761.335,5.80701,4.3589,2.00703,-0.926433,7.60295,100.217,100.217,1.0,1.0,1
40810,30.05.2024 19:25:25.680000,345.08,361.478,8.7068,8.517,7.924,39.1361,3.11613,2.9992,16.978,19.8506,768.995,760.505,5.75062,4.26802,1.95304,-0.9752,7.60333,100.21,100.21,1.0,1.0,1
40811,30.05.2024 19:25:25.690000,421.545,361.478,8.76516,8.35,7.924,39.138,3.11613,2.9992,16.978,19.8506,768.21,759.69,5.66453,4.32022,1.91582,-0.975597,7.60333,100.21,100.21,1.0,1.0,1
40812,30.05.2024 19:25:25.700000,421.545,523.718,8.76516,8.35,7.535,39.138,3.16202,2.91483,13.8201,11.4165,767.355,758.835,5.76187,4.01148,2.04331,-0.927206,7.60531,100.21,100.21,1.0,1.0,1
40813,30.05.2024 19:25:25.710000,421.545,523.718,8.76516,8.35,7.535,39.138,3.16202,2.91483,13.8201,11.4165,767.355,758.835,5.76187,4.01148,2.04331,-0.927206,7.60531,100.21,100.21,1.0,1.0,1
40814,30.05.2024 19:25:25.720000,475.021,523.718,8.76571,8.291,7.535,39.1544,3.2464,2.9041,23.0471,16.839,765.7,757.15,6.14434,3.8785,2.05716,-0.920749,7.60606,100.217,100.217,1.0,1.0,1
40815,30.05.2024 19:25:25.730000,563.763,691.644,8.7666,8.227,7.366,39.179,3.41802,3.11379,23.2135,22.6047,764.055,755.47,6.55266,3.92927,2.32007,-0.853628,7.60694,100.203,100.203,1.0,1.0,1
40816,30.05.2024 19:25:25.740000,600.595,691.644,8.77343,8.094,7.366,39.2267,3.49689,3.30935,36.0557,36.6138,763.19,754.67,6.87248,3.94614,2.32567,-0.859998,7.60811,100.203,100.203,1.0,1.0,1
40817,30.05.2024 19:25:25.750000,632.73,713.809,8.7762,7.921,7.323,39.1609,3.49689,3.30935,36.0557,36.6138,761.52,753.005,6.71321,4.2362,2.31489,-0.922782,7.60811,100.203,100.203,1.0,1.0,1
40818,30.05.2024 19:25:25.760000,632.73,713.809,8.7762,7.921,7.323,39.1609,3.48996,3.50514,34.4828,49.2883,760.65,752.135,6.75435,4.64975,2.33411,-1.01719,7.60922,100.195,100.195,1.0,1.0,1
40819,30.05.2024 19:25:25.770000,669.15,713.809,8.76641,7.909,7.323,39.2283,3.48996,3.50514,34.4828,49.2883,759.83,751.3,6.76407,4.45197,2.31444,-0.914262,7.60922,100.231,100.231,1.0,1.0,1
40820,30.05.2024 19:25:25.780000,669.15,712.738,8.76641,7.909,7.295,39.2283,3.42766,3.55909,34.5115,58.3097,758.985,750.44,6.74022,3.96895,2.33551,-0.808673,7.61022,100.231,100.231,1.0,1.0,1
40821,30.05.2024 19:25:25.790000,693.704,712.738,8.77227,7.922,7.295,39.208,3.36527,3.54673,33.1743,55.6575,757.36,748.86,6.5379,3.96276,2.24112,-0.866794,7.61057,100.231,100.231,1.0,1.0,1
40822,30.05.2024 19:25:25.800000,693.704,712.738,8.77227,7.922,7.295,39.208,3.36527,3.54673,33.1743,55.6575,757.36,748.86,6.5379,3.96276,2.24112,-0.866794,7.61057,100.231,100.231,1.0,1.0,1
40823,30.05.2024 19:25:25.810000,701.532,707.959,8.77403,7.811,7.318,39.1794,3.34051,3.4283,27.8784,51.4341,756.565,748.055,6.70697,5.0591,2.33586,-0.975242,7.61057,100.195,100.195,1.0,1.0,1
40824,30.05.2024 19:25:25.820000,697.082,699.389,8.76338,7.729,7.36,39.1785,3.30654,3.2748,28.7564,39.9071,754.95,746.455,7.18905,6.28817,2.31613,-1.0099,7.61249,100.203,100.203,1.0,1.0,1
40825,30.05.2024 19:25:25.830000,697.082,699.389,8.76338,7.729,7.36,39.1785,3.30654,3.2748,28.7564,39.9071,754.95,746.455,7.18905,6.28817,2.31613,-1.0099,7.61249,100.203,100.203,1.0,1.0,1
40826,30.05.2024 19:25:25.840000,682.086,687.771,8.77647,7.809,7.421,39.2048,3.30654,3.2748,28.7564,39.9071,753.375,744.905,7.77224,6.98253,2.30211,-1.05361,7.61249,100.195,100.195,1.0,1.0,1
40827,30.05.2024 19:25:25.850000,688.183,705.404,8.75023,7.814,7.473,39.1903,3.22388,2.98809,22.3762,18.3249,751.79,743.315,10.3106,9.58222,2.44076,-1.0386,7.6128,100.21,100.21,1.0,1.0,1
40828,30.05.2024 19:25:25.860000,688.183,702.768,8.75023,7.814,7.473,39.1903,3.22388,2.98809,22.3762,18.3249,750.995,742.495,10.9135,9.98912,2.44558,-0.969844,7.61323,100.21,100.21,1.0,1.0,1
40829,30.05.2024 19:25:25.870000,698.483,702.768,8.72019,7.751,7.473,39.2645,3.20834,2.95996,21.8017,17.018,749.295,740.975,11.1631,10.4624,2.43404,-0.921926,7.61371,100.21,100.21,1.0,1.0,1
40830,30.05.2024 19:25:25.880000,692.056,702.768,8.72082,7.641,7.473,39.2228,3.20834,2.95996,21.8017,17.018,748.45,740.225,11.2601,11.2674,2.28459,-0.950433,7.61371,100.21,100.21,1.0,1.0,1
40831,30.05.2024 19:25:25.890000,692.056,685.629,8.72082,7.641,7.544,39.2228,3.20404,2.99308,18.5682,17.8352,747.57,739.415,10.4208,12.8919,2.04787,-0.951967,7.61446,100.21,100.21,1.0,1.0,1
40832,30.05.2024 19:25:25.900000,690.82,685.629,8.72642,7.68,7.544,39.1779,3.19892,3.07386,20.1439,21.0897,746.705,738.64,9.58983,13.5694,1.94405,-0.980201,7.61422,100.21,100.21,1.0,1.0,1
40833,30.05.2024 19:25:25.910000,692.88,690.243,8.74628,7.74,7.551,39.2088,3.19892,3.07386,20.1439,21.0897,744.965,737.025,8.61604,14.0895,2.00214,-0.989513,7.61422,100.21,100.21,1.0,1.0,1
40834,30.05.2024 19:25:25.920000,692.88,690.243,8.74628,7.74,7.551,39.2088,3.19655,3.15283,19.1823,29.0815,744.095,736.19,7.3134,13.8822,2.06047,-0.924543,7.61488,100.195,100.195,1.0,1.0,1
40835,30.05.2024 19:25:25.930000,692.55,690.243,8.74608,7.702,7.551,39.1744,3.19655,3.15283,19.1823,29.0815,743.235,735.42,6.38546,14.1416,1.96378,-0.897476,7.61488,100.203,100.203,1.0,1.0,1
40836,30.05.2024 19:25:25.940000,692.55,689.502,8.74608,7.702,7.552,39.1744,3.21718,3.21331,21.3853,35.1696,742.375,734.615,6.23099,14.4439,1.93299,-1.03483,7.61539,100.203,100.203,1.0,1.0,1
40837,30.05.2024 19:25:25.950000,692.55,689.502,8.74608,7.702,7.552,39.1744,3.21718,3.21331,21.3853,35.1696,742.375,734.615,6.23099,14.4439,1.93299,-1.03483,7.61539,100.203,100.203,1.0,1.0,1
40838,30.05.2024 19:25:25.960000,694.281,689.502,8.78765,7.628,7.552,39.1582,3.23078,3.22951,20.3277,35.556,740.595,733.045,5.97608,14.7891,2.07756,-1.005,7.61549,100.203,100.203,1.0,1.0,1
40839,30.05.2024 19:25:25.970000,694.281,689.502,8.78765,7.628,7.552,39.1582,3.23078,3.22951,20.3277,35.556,740.595,733.045,5.97608,14.7891,2.07756,-1.005,7.61549,100.203,100.203,1.0,1.0,1
40840,30.05.2024 19:25:25.980000,687.277,689.996,8.75728,7.648,7.574,39.2454,3.24105,3.22062,21.2204,34.8748,738.955,731.43,3.74577,15.9528,2.36823,-1.04532,7.61582,100.203,100.203,1.0,1.0,1
40841,30.05.2024 19:25:25.990000,687.277,689.996,8.75728,7.648,7.574,39.2454,3.24105,3.22062,21.2204,34.8748,738.955,731.43,3.74577,15.9528,2.36823,-1.04532,7.61582,100.203,100.203,1.0,1.0,1
40842,30.05.2024 19:25:26.000000,690.655,690.078,8.74619,7.686,7.582,39.131,3.23241,3.17605,23.3213,34.0763,736.45,729.005,4.89939,15.7896,2.22261,-1.06538,7.61567,100.203,100.203,1.0,1.0,1
40843,30.05.2024 19:25:26.010000,692.303,694.775,8.75319,7.638,7.579,39.1473,3.20517,3.08757,22.0502,26.6951,734.795,727.47,5.65214,16.3121,1.86061,-0.947078,7.61637,100.203,100.203,1.0,1.0,1
40844,30.05.2024 19:25:26.020000,692.303,686.947,8.75319,7.638,7.562,39.1473,3.20517,3.08757,22.0502,26.6951,734.005,726.715,5.74584,17.2037,1.8995,-0.986799,7.61658,100.203,100.203,1.0,1.0,1
40845,30.05.2024 19:25:26.030000,692.303,686.947,8.75319,7.638,7.562,39.1473,3.20517,3.08757,22.0502,26.6951,734.005,726.715,5.74584,17.2037,1.8995,-0.986799,7.61658,100.203,100.203,1.0,1.0,1
40846,30.05.2024 19:25:26.040000,684.64,686.947,8.75743,7.624,7.562,39.1623,3.19132,3.07647,19.9666,25.8231,732.365,725.25,6.42687,18.2257,2.01752,-0.94367,7.61716,100.203,100.203,1.0,1.0,1
40847,30.05.2024 19:25:26.050000,688.678,694.94,8.79227,7.661,7.555,39.1186,3.16071,3.06983,19.591,24.6538,730.675,723.77,7.41449,22.3261,2.09508,-0.929788,7.61741,100.195,100.195,1.0,1.0,1
40848,30.05.2024 19:25:26.060000,688.843,694.94,8.80055,7.695,7.555,39.0978,3.1438,3.08641,17.9667,24.4163,729.79,723.015,6.89838,23.6614,2.14549,-0.966646,7.61759,100.21,100.21,1.0,1.0,1
40849,30.05.2024 19:25:26.070000,691.809,682.828,8.74619,7.621,7.548,39.1139,3.1438,3.08641,17.9667,24.4163,728.07,721.54,6.16092,24.1368,2.19566,-0.932887,7.61759,100.21,100.21,1.0,1.0,1
40850,30.05.2024 19:25:26.080000,691.809,682.828,8.74619,7.621,7.548,39.1139,3.13634,3.09659,17.1894,27.5519,727.125,720.79,5.82144,25.103,2.20134,-0.94181,7.61871,100.21,100.21,1.0,1.0,1
40851,30.05.2024 19:25:26.090000,692.798,682.828,8.74587,7.643,7.548,39.1289,3.13634,3.09659,17.1894,27.5519,726.195,720.045,3.33547,26.5948,2.16223,-1.09259,7.61871,100.203,100.203,1.0,1.0,1
40852,30.05.2024 19:25:26.100000,692.798,684.723,8.74587,7.643,7.523,39.1289,3.13694,3.12032,17.5334,28.915,725.24,719.215,1.38869,27.1092,1.99797,-1.15189,7.61902,100.203,100.203,1.0,1.0,1
40853,30.05.2024 19:25:26.110000,681.839,684.723,8.77922,7.658,7.523,39.1695,3.14075,3.11978,15.5764,28.9225,723.355,717.57,-0.0330362,27.2109,1.84127,-1.22865,7.61967,100.203,100.203,1.0,1.0,1
40854,30.05.2024 19:25:26.120000,681.839,684.723,8.77922,7.658,7.523,39.1695,3.14075,3.11978,15.5764,28.9225,723.355,717.57,-0.0330362,27.2109,1.84127,-1.22865,7.61967,100.203,100.203,1.0,1.0,1
40855,30.05.2024 19:25:26.130000,688.101,691.397,8.78698,7.713,7.533,39.1452,3.13775,3.12008,18.0248,28.9045,722.445,716.8,-1.84809,26.7489,1.75897,-1.23422,7.61967,100.188,100.188,1.0,1.0,1
40856,30.05.2024 19:25:26.140000,689.007,696.588,8.81365,7.682,7.531,39.1129,3.14687,3.10795,17.8849,29.9408,720.695,715.28,-6.17669,25.8201,2.07659,-1.18042,7.62127,100.203,100.203,1.0,1.0,1
40857,30.05.2024 19:25:26.150000,683.404,685.299,8.79783,7.678,7.551,39.0907,3.14687,3.10795,17.8849,29.9408,719.095,713.765,-6.38836,26.6461,2.29946,-1.32103,7.62127,100.203,100.203,1.0,1.0,1
40858,30.05.2024 19:25:26.160000,683.404,685.299,8.79783,7.678,7.551,39.0907,3.15227,3.09726,19.5341,29.5714,718.345,712.9,-5.30349,28.2693,3.07885,-1.20976,7.62168,100.347,100.347,1.0,1.0,1
40859,30.05.2024 19:25:26.170000,683.404,685.299,8.79783,7.678,7.551,39.0907,3.15227,3.09726,19.5341,29.5714,718.345,712.9,-5.30349,28.2693,3.07885,-1.20976,7.62168,100.347,100.347,1.0,1.0,1
40860,30.05.2024 19:25:26.180000,692.386,690.985,8.77909,7.684,7.557,39.0918,3.15275,3.08664,19.6694,27.0118,717.58,712.025,-3.95306,28.4005,3.22727,-1.2387,7.62168,100.217,100.217,1.0,1.0,1
40861,30.05.2024 19:25:26.190000,693.457,682.086,8.80527,7.67,7.555,39.1104,3.13316,3.0683,18.6651,26.7473,715.25,709.33,-0.743312,26.7048,3.28255,-1.13532,7.62338,100.203,100.203,1.0,1.0,1
40862,30.05.2024 19:25:26.200000,686.206,682.086,8.8393,7.628,7.555,39.081,3.13316,3.0683,18.6651,26.7473,714.505,708.485,0.503466,25.5895,3.09886,-1.25865,7.62338,100.203,100.203,1.0,1.0,1
40863,30.05.2024 19:25:26.210000,686.206,695.764,8.8393,7.628,7.554,39.081,3.10336,3.05789,18.706,25.1296,713.69,707.605,1.28737,22.49,2.59159,-1.2896,7.62436,100.217,100.217,1.0,1.0,1
40864,30.05.2024 19:25:26.220000,689.996,695.764,8.84119,7.639,7.554,39.0879,3.0778,3.04919,17.3257,24.4687,712.95,706.82,-6.18471,10.7745,2.34758,-1.29722,7.62475,98.98,98.98,1.0,1.0,1
40865,30.05.2024 19:25:26.230000,689.996,695.764,8.84119,7.639,7.554,39.0879,3.0778,3.04919,17.3257,24.4687,712.95,706.82,-6.18471,10.7745,2.34758,-1.29722,7.62475,98.98,98.98,1.0,1.0,1
40866,30.05.2024 19:25:26.240000,695.187,694.198,8.77934,7.717,7.539,39.1411,3.0778,3.04919,17.3257,24.4687,713.05,707.565,-11.6625,1.22161,2.1387,-1.31386,7.62475,94.7989,94.7989,1.0,1.0,1
40867,30.05.2024 19:25:26.250000,690.985,690.902,8.78588,7.711,7.529,39.1516,3.08177,3.06112,16.8079,24.3222,712.955,707.53,-6.50733,15.2992,1.89618,-1.1034,7.62531,91.0807,91.0807,1.0,1.0,1
40868,30.05.2024 19:25:26.260000,690.985,689.255,8.78588,7.711,7.53,39.1516,3.08177,3.06112,16.8079,24.3222,712.77,707.29,-7.08787,12.3457,1.89406,-1.09352,7.6256,91.0807,91.0807,1.0,1.0,1
40869,30.05.2024 19:25:26.270000,692.88,689.255,8.82738,7.674,7.53,39.1664,3.08367,3.06892,16.8152,24.9817,712.83,707.74,-7.77074,9.40668,2.21532,-0.986402,7.626,91.0807,91.0807,1.0,1.0,1
40870,30.05.2024 19:25:26.280000,690.985,689.255,8.78588,7.711,7.53,39.1516,3.08367,3.06892,16.8152,24.9817,712.77,707.29,-7.08787,12.3457,1.89406,-1.09352,7.6256,91.0807,91.0807,1.0,1.0,1
40871,30.05.2024 19:25:26.290000,685.629,653.494,8.83278,7.658,7.565,39.1984,3.08202,3.07685,18.5605,25.7572,712.525,707.525,-0.934312,17.0379,4.666,0.256159,7.62724,83.5865,83.5865,1.0,1.0,1
40872,30.05.2024 19:25:26.300000,681.839,653.494,8.85704,7.637,7.565,39.1601,3.0786,3.07391,16.8796,26.0147,712.395,707.46,-0.286394,14.7655,5.13563,0.387896,7.62655,83.5865,83.5865,1.0,1.0,1
40873,30.05.2024 19:25:26.310000,684.805,613.696,8.83356,7.724,7.587,39.2389,3.0786,3.07391,16.8796,26.0147,712.165,707.525,0.477864,13.5424,5.34016,0.36265,7.62655,83.5865,83.5865,1.0,1.0,1
40874,30.05.2024 19:25:26.320000,684.805,613.696,8.83356,7.724,7.587,39.2389,3.07218,3.07013,17.359,26.2416,712.0,707.445,1.58362,14.3881,5.42877,0.454875,7.62743,83.601,83.601,1.0,1.0,1
40875,30.05.2024 19:25:26.330000,659.18,613.696,8.80622,7.709,7.587,39.2259,3.07218,3.07013,17.359,26.2416,711.87,707.335,1.82485,14.8157,5.47572,0.587908,7.62743,77.7199,77.7199,1.0,1.0,1
40876,30.05.2024 19:25:26.340000,659.18,561.539,8.80622,7.709,7.62,39.2259,3.06286,3.06015,17.7789,25.3029,711.81,707.285,1.40586,11.6521,4.67018,0.896479,7.62767,77.7199,77.7199,1.0,1.0,1
40877,30.05.2024 19:25:26.350000,659.18,561.539,8.80622,7.709,7.62,39.2259,3.06286,3.06015,17.7789,25.3029,711.81,707.285,1.40586,11.6521,4.67018,0.896479,7.62767,77.7199,77.7199,1.0,1.0,1
40878,30.05.2024 19:25:26.360000,624.902,561.539,8.81591,7.719,7.62,39.1714,3.05195,3.05242,17.6877,24.4502,711.645,707.225,2.13036,11.1703,3.81628,0.883997,7.62843,76.0127,76.0127,1.0,1.0,1
40879,30.05.2024 19:25:26.370000,591.943,556.347,8.81706,7.745,7.666,39.1175,3.04159,3.03853,17.032,24.361,711.37,707.165,0.959776,8.18412,2.22637,0.669039,7.62831,76.0127,76.0127,1.0,1.0,1
40880,30.05.2024 19:25:26.380000,589.224,556.347,8.81995,7.803,7.666,39.147,3.04327,3.02648,17.079,22.4096,711.315,707.195,-0.029439,8.07916,2.05734,0.694853,7.62872,70.5657,70.5657,1.0,1.0,1
40881,30.05.2024 19:25:26.390000,596.887,555.771,8.81717,7.795,7.643,39.2436,3.04327,3.02648,17.079,22.4096,711.18,707.17,-0.148933,8.49442,1.90094,0.751715,7.62872,70.5657,70.5657,1.0,1.0,1
40882,30.05.2024 19:25:26.400000,596.887,555.771,8.81717,7.795,7.643,39.2436,3.05923,3.02606,17.5845,22.1789,711.075,707.09,-0.734852,8.74976,1.69389,0.653277,7.62994,70.638,70.638,1.0,1.0,1
40883,30.05.2024 19:25:26.410000,596.887,555.771,8.81717,7.795,7.643,39.2436,3.05923,3.02606,17.5845,22.1789,711.075,707.09,-0.734852,8.74976,1.69389,0.653277,7.62994,70.638,70.638,1.0,1.0,1
40884,30.05.2024 19:25:26.420000,584.033,556.183,8.82077,7.775,7.627,39.1805,3.08138,3.03744,19.127,23.4323,711.085,707.08,-1.11538,7.2322,1.70038,0.671923,7.62994,70.638,70.638,1.0,1.0,1
40885,30.05.2024 19:25:26.430000,589.636,562.939,8.82486,7.754,7.612,39.1806,3.0925,3.04676,19.8365,25.0876,710.96,707.04,0.442192,6.26241,2.27999,0.668349,7.63017,69.09,69.09,1.0,1.0,1
40886,30.05.2024 19:25:26.440000,587.906,562.939,8.82434,7.723,7.612,39.1613,3.0925,3.04676,19.8365,25.0876,710.885,706.97,1.11393,6.39038,2.40301,0.678511,7.63017,69.09,69.09,1.0,1.0,1
40887,30.05.2024 19:25:26.450000,587.906,563.269,8.82434,7.723,7.593,39.1613,3.09629,3.05752,21.2083,25.6549,710.795,706.925,2.02447,5.21656,2.67961,0.541949,7.63082,67.2526,67.2526,1.0,1.0,1
40888,30.05.2024 19:25:26.460000,591.696,563.269,8.87942,7.75,7.593,39.249,3.08162,3.05666,21.2846,26.6007,710.715,706.835,2.2783,4.27997,2.74868,0.580969,7.63185,63.1076,63.1076,1.0,1.0,1
40889,30.05.2024 19:25:26.470000,589.966,562.115,8.89254,7.743,7.609,39.239,3.08162,3.05666,21.2846,26.6007,710.565,706.82,1.98439,3.46387,2.68308,0.51293,7.63185,63.1076,63.1076,1.0,1.0,1
40890,30.05.2024 19:25:26.480000,589.966,562.115,8.89254,7.743,7.609,39.239,3.05746,3.03961,21.096,26.8166,710.49,706.815,2.25243,2.74947,2.28252,0.615264,7.63247,59.9031,59.9031,1.0,1.0,1
40891,30.05.2024 19:25:26.490000,590.048,562.115,8.88847,7.716,7.609,39.2453,3.05746,3.03961,21.096,26.8166,710.425,706.815,2.25243,2.74947,2.28252,0.615264,7.63247,58.818,58.818,1.0,1.0,1
40892,30.05.2024 19:25:26.500000,590.048,562.198,8.88847,7.716,7.667,39.2453,3.01983,3.00456,19.557,23.4372,710.36,706.775,2.21621,2.55783,1.716,0.621245,7.63284,58.818,58.818,1.0,1.0,1
40893,30.05.2024 19:25:26.510000,588.812,562.198,8.81249,7.765,7.667,39.1817,2.97218,2.96859,16.9246,20.1899,710.24,706.785,2.38787,2.3581,1.50061,0.593497,7.6339,58.7963,58.7963,1.0,1.0,1
40894,30.05.2024 19:25:26.520000,586.835,562.198,8.77928,7.796,7.667,39.1256,2.97218,2.96859,16.9246,20.1899,710.175,706.74,2.47146,2.8717,1.31706,0.566516,7.6339,58.7963,58.7963,1.0,1.0,1
40895,30.05.2024 19:25:26.530000,586.835,556.183,8.77928,7.796,7.79,39.1256,2.9502,2.94403,14.6039,19.3714,710.115,706.675,2.56388,3.43026,1.05208,0.449683,7.63442,57.8414,57.8414,1.0,1.0,1
40896,30.05.2024 19:25:26.540000,594.415,556.183,8.80855,7.86,7.79,39.0971,2.96238,2.94505,15.3179,19.907,710.055,706.635,2.36435,2.60872,1.03117,0.537505,7.63569,55.9534,55.9534,1.0,1.0,1
40897,30.05.2024 19:25:26.550000,594.415,556.183,8.80855,7.86,7.79,39.0971,2.96238,2.94505,15.3179,19.907,710.055,706.635,2.36435,2.60872,1.03117,0.537505,7.63569,55.9534,55.9534,1.0,1.0,1
40898,30.05.2024 19:25:26.560000,599.194,559.231,8.78253,7.912,7.779,39.0419,2.96238,2.94505,15.3179,19.907,709.95,706.635,2.24787,2.23048,1.09989,0.544264,7.63569,54.6513,54.6513,1.0,1.0,1
40899,30.05.2024 19:25:26.570000,594.58,567.471,8.76444,7.902,7.741,39.0488,3.076,3.01116,20.422,24.8642,709.83,706.54,2.49187,3.07863,1.28449,0.519202,7.6362,55.4977,55.4977,1.0,1.0,1
40900,30.05.2024 19:25:26.580000,594.58,566.565,8.76444,7.902,7.741,39.0488,3.076,3.01116,20.422,24.8642,709.805,706.495,2.7293,2.5979,1.39074,0.564456,7.63696,55.4977,55.4977,1.0,1.0,1
40901,30.05.2024 19:25:26.590000,589.554,566.565,8.76828,7.883,7.741,39.2547,3.09396,3.03642,23.0957,24.4127,709.735,706.46,3.24474,2.25692,1.45808,0.654715,7.63816,55.4977,55.4977,1.0,1.0,1
40902,30.05.2024 19:25:26.600000,589.554,566.565,8.76828,7.883,7.741,39.2547,3.09396,3.03642,23.0957,24.4127,709.735,706.46,3.24474,2.25692,1.45808,0.654715,7.63816,55.4977,55.4977,1.0,1.0,1
40903,30.05.2024 19:25:26.610000,593.097,558.078,8.73771,7.85,7.743,39.5893,3.08797,3.03052,22.9598,26.7077,709.68,706.465,3.66229,2.07528,1.50864,0.657122,7.63816,55.5556,55.5556,1.0,1.0,1
40904,30.05.2024 19:25:26.620000,596.969,559.314,8.73675,7.898,7.734,40.0882,3.04796,3.01162,23.3281,26.6589,709.545,706.415,4.56895,3.02074,1.78896,0.6953,7.63918,54.8177,54.8177,1.0,1.0,1
40905,30.05.2024 19:25:26.630000,600.513,555.029,8.72277,7.904,7.719,41.0008,3.04796,3.01162,23.3281,26.6589,709.375,706.36,4.53383,2.71665,1.87146,0.659152,7.63918,54.8177,54.8177,1.0,1.0,1
40906,30.05.2024 19:25:26.640000,600.513,555.029,8.72277,7.904,7.719,41.0008,3.00415,2.96511,20.3943,22.8704,709.3,706.28,4.19874,2.83337,1.80425,0.689238,7.63939,54.8177,54.8177,1.0,1.0,1
40907,30.05.2024 19:25:26.650000,590.295,555.029,8.71354,7.831,7.719,42.0045,3.00415,2.96511,20.3943,22.8704,709.255,706.205,3.76962,3.1746,1.71377,0.714041,7.63939,55.0998,55.0998,1.0,1.0,1
40908,30.05.2024 19:25:26.660000,590.295,560.879,8.71354,7.831,7.788,42.0045,2.94128,2.90447,17.7028,18.2241,709.21,706.14,3.1807,1.62864,1.47988,0.783156,7.6404,55.0998,55.0998,1.0,1.0,1
40909,30.05.2024 19:25:26.670000,590.295,560.879,8.71354,7.831,7.788,42.0045,2.94128,2.90447,17.7028,18.2241,709.21,706.14,3.1807,1.62864,1.47988,0.783156,7.6404,55.0998,55.0998,1.0,1.0,1
40910,30.05.2024 19:25:26.680000,592.19,560.879,8.63913,7.806,7.788,43.0151,2.87299,2.83502,13.7597,13.8281,709.125,706.1,3.18323,1.24809,1.43694,0.744158,7.64116,55.5773,55.5773,1.0,1.0,1
40911,30.05.2024 19:25:26.690000,581.643,557.089,8.58702,7.865,7.954,44.0462,2.84022,2.79254,12.1955,10.6355,709.04,706.02,3.52856,0.95581,1.49619,0.772322,7.64153,55.1794,55.1794,1.0,1.0,1
40912,30.05.2024 19:25:26.700000,579.996,557.089,8.53703,7.991,7.954,45.2575,2.83544,2.78393,11.3216,8.83403,709.01,706.04,3.62618,0.732965,1.75862,0.800158,7.64304,55.1794,55.1794,1.0,1.0,1
40913,30.05.2024 19:25:26.710000,566.07,562.198,8.48815,8.07,7.942,46.5149,2.83544,2.78393,11.3216,8.83403,708.995,706.11,3.75249,1.32667,1.97496,0.828177,7.64304,55.1794,55.1794,1.0,1.0,1
40914,30.05.2024 19:25:26.720000,566.07,562.198,8.48815,8.07,7.942,46.5149,2.8667,2.80944,11.1678,11.0124,708.95,706.13,4.6361,2.62377,2.03769,0.833872,7.64361,56.1777,56.1777,1.0,1.0,1
40915,30.05.2024 19:25:26.730000,564.67,562.198,8.43954,8.129,7.942,47.8123,2.8667,2.80944,11.1678,11.0124,708.895,706.105,5.8016,5.08241,2.08297,0.827155,7.64361,56.1777,56.1777,1.0,1.0,1
40916,30.05.2024 19:25:26.740000,564.67,551.404,8.43954,8.129,7.953,47.8123,2.90086,2.85352,13.0939,12.7321,708.825,706.06,6.10536,5.6685,2.37916,0.82395,7.64483,56.1777,56.1777,1.0,1.0,1
40917,30.05.2024 19:25:26.750000,561.044,551.404,8.43455,8.169,7.953,49.1061,2.93295,2.91887,15.1505,17.634,708.735,705.92,5.99773,5.72606,3.01803,0.84867,7.64535,56.8142,56.8142,1.0,1.0,1
40918,30.05.2024 19:25:26.760000,580.408,551.404,8.35903,8.158,7.953,50.4523,2.93295,2.91887,15.1505,17.634,708.705,705.86,6.01835,5.38996,3.62543,0.872168,7.64535,56.8142,56.8142,1.0,1.0,1
40919,30.05.2024 19:25:26.770000,580.408,529.98,8.35903,8.158,7.859,50.4523,2.98375,2.98817,17.2894,22.8307,708.66,705.87,6.55552,4.2294,4.51581,0.904856,7.64702,56.3296,56.3296,1.0,1.0,1
40920,30.05.2024 19:25:26.780000,593.014,529.98,8.38204,8.161,7.859,51.8419,3.01991,3.03136,21.1111,27.765,708.63,705.89,6.46045,4.03355,4.74959,0.858771,7.64807,55.1432,55.1432,1.0,1.0,1
40921,30.05.2024 19:25:26.790000,593.014,529.98,8.38204,8.161,7.859,51.8419,3.01991,3.03136,21.1111,27.765,708.63,705.89,6.46045,4.03355,4.74959,0.858771,7.64807,55.1432,55.1432,1.0,1.0,1
40922,30.05.2024 19:25:26.800000,597.711,534.43,8.31908,8.125,7.773,51.8419,3.01991,3.03136,21.1111,27.765,708.515,705.88,6.61388,4.93509,4.69816,0.743094,7.64807,55.8738,55.8738,1.0,1.0,1
40923,30.05.2024 19:25:26.810000,596.64,556.265,8.33613,8.085,7.747,54.6474,3.0406,3.0071,24.0463,26.6442,708.385,705.865,5.18496,5.84307,3.4967,0.84318,7.64934,55.8883,55.8883,1.0,1.0,1
40924,30.05.2024 19:25:26.820000,596.64,556.265,8.33613,8.085,7.747,54.6474,3.0406,3.0071,24.0463,26.6442,708.385,705.865,5.18496,5.84307,3.4967,0.84318,7.64934,55.8883,55.8883,1.0,1.0,1
40925,30.05.2024 19:25:26.830000,596.64,563.928,8.33613,8.085,7.631,54.6474,3.0406,3.0071,24.0463,26.6442,708.33,705.87,5.06502,6.26879,2.86495,0.839408,7.6504,56.684,56.684,1.0,1.0,1
40926,30.05.2024 19:25:26.840000,581.973,549.673,8.26793,8.1,7.633,57.3898,2.99157,2.93027,22.2154,23.8502,708.325,705.865,4.95143,6.82238,2.11071,0.898409,7.65172,56.684,56.684,1.0,1.0,1
40927,30.05.2024 19:25:26.850000,581.973,544.482,8.26793,8.1,7.7,57.3898,2.92347,2.85047,19.067,15.0727,708.315,705.855,6.10055,7.57229,1.69831,0.866622,7.65279,56.5321,56.5321,1.0,1.0,1
40928,30.05.2024 19:25:26.860000,603.149,544.482,8.14258,8.078,7.7,58.7627,2.87406,2.79733,15.2475,10.5615,708.3,705.875,6.42628,7.8944,1.43996,0.827906,7.65399,56.0836,56.0836,1.0,1.0,1
40929,30.05.2024 19:25:26.870000,600.018,547.943,8.13734,8.074,7.655,60.0897,2.87406,2.79733,15.2475,10.5615,708.25,705.88,6.62653,8.08139,1.30307,0.821089,7.65399,56.0836,56.0836,1.0,1.0,1
40930,30.05.2024 19:25:26.880000,600.018,547.943,8.13734,8.074,7.655,60.0897,2.85381,2.80137,14.0461,12.154,708.205,705.88,6.98811,8.67735,1.11294,0.884921,7.65489,56.7708,56.7708,1.0,1.0,1
40931,30.05.2024 19:25:26.890000,580.243,547.943,8.07838,8.079,7.655,61.4336,2.85381,2.80137,14.0461,12.154,708.16,705.875,7.4135,9.13813,0.981939,0.829192,7.65489,56.7708,56.7708,1.0,1.0,1
40932,30.05.2024 19:25:26.900000,580.243,530.887,8.07838,8.079,7.819,61.4336,2.86574,2.82795,13.7146,13.3226,708.11,705.875,7.01082,9.35481,1.4345,0.827529,7.656,56.7708,56.7708,1.0,1.0,1
40933,30.05.2024 19:25:26.910000,580.243,530.887,8.07838,8.079,7.819,61.4336,2.86574,2.82795,13.7146,13.3226,708.11,705.875,7.01082,9.35481,1.4345,0.827529,7.656,56.7708,56.7708,1.0,1.0,1
40934,30.05.2024 19:25:26.920000,564.34,530.887,7.99008,8.081,7.819,62.7706,2.88438,2.88541,15.3043,15.262,707.985,705.865,7.00439,9.77442,1.7153,0.816077,7.6575,57.8342,57.8342,1.0,1.0,1
40935,30.05.2024 19:25:26.930000,564.34,530.887,7.99008,8.081,7.819,62.7706,2.88438,2.88541,15.3043,15.262,707.985,705.865,7.00439,9.77442,1.7153,0.816077,7.6575,57.8342,57.8342,1.0,1.0,1
40936,30.05.2024 19:25:26.940000,552.392,544.07,7.94269,8.0,7.754,63.9435,2.90681,2.90044,15.7939,19.9834,707.92,705.855,6.02882,10.4,2.21685,0.994025,7.65773,57.8342,57.8342,1.0,1.0,1
40937,30.05.2024 19:25:26.950000,559.808,536.902,7.90841,8.027,7.752,65.1703,2.9046,2.89894,16.275,19.5982,707.805,705.775,5.9799,10.1643,2.53603,0.9135,7.65841,57.6534,57.6534,1.0,1.0,1
40938,30.05.2024 19:25:26.960000,559.808,536.902,7.90841,8.027,7.752,65.1703,2.9046,2.89894,16.275,19.5982,707.805,705.775,5.9799,10.1643,2.53603,0.9135,7.65841,57.6534,57.6534,1.0,1.0,1
40939,30.05.2024 19:25:26.970000,559.808,536.902,7.90841,8.027,7.752,66.3932,2.89225,2.86078,16.374,17.1499,707.765,705.76,5.96239,9.78949,2.48338,0.860217,7.65861,58.5359,58.5359,1.0,1.0,1
40940,30.05.2024 19:25:26.980000,559.808,536.902,7.90841,8.027,7.752,66.3932,2.89225,2.86078,16.374,17.1499,707.765,705.76,5.96239,9.78949,2.48338,0.860217,7.65861,58.5359,58.5359,1.0,1.0,1
40941,30.05.2024 19:25:26.990000,564.175,536.407,7.81459,8.007,7.702,67.6353,2.88521,2.83365,15.6771,16.2135,707.69,705.78,5.73277,9.10903,2.12299,0.819933,7.65892,59.035,59.035,1.0,1.0,1
40942,30.05.2024 19:25:27.000000,564.175,536.407,7.81459,8.007,7.702,67.6353,2.88521,2.83365,15.6771,16.2135,707.69,705.78,5.73277,9.10903,2.12299,0.819933,7.65892,59.035,59.035,1.0,1.0,1
40943,30.05.2024 19:25:27.010000,578.76,538.962,7.73943,7.995,7.547,69.9199,2.88376,2.82368,17.9649,15.3223,707.645,705.76,6.2387,9.48996,1.93412,0.811045,7.6601,59.035,59.035,1.0,1.0,1
40944,30.05.2024 19:25:27.020000,586.752,495.291,7.71326,8.037,7.702,70.8998,2.89169,2.86753,18.1286,16.7952,707.415,705.67,6.63765,9.05137,1.60911,0.807257,7.66108,58.7384,58.7384,1.0,1.0,1
40945,30.05.2024 19:25:27.030000,586.752,495.291,7.71326,8.037,7.702,70.8998,2.89169,2.86753,18.1286,16.7952,707.415,705.67,6.63765,9.05137,1.60911,0.807257,7.66108,58.7384,58.7384,1.0,1.0,1
40946,30.05.2024 19:25:27.040000,595.898,489.111,7.65955,8.011,7.531,71.7468,2.89169,2.86753,18.1286,16.7952,707.375,705.69,5.66631,8.28325,1.61091,1.01213,7.66108,58.7384,58.7384,1.0,1.0,1
40947,30.05.2024 19:25:27.050000,595.898,489.111,7.65955,8.011,7.531,71.7468,2.89169,2.86753,18.1286,16.7952,707.375,705.69,5.66631,8.28325,1.61091,1.01213,7.66108,58.7384,58.7384,1.0,1.0,1
40948,30.05.2024 19:25:27.060000,586.175,484.744,7.68448,7.996,7.528,72.4938,2.90652,2.94045,19.4744,23.7679,707.335,705.75,4.26478,8.31241,1.6499,0.967059,7.66125,58.9916,58.9916,1.0,1.0,1
40949,30.05.2024 19:25:27.070000,598.535,483.014,7.60596,7.978,7.485,73.2435,2.938,2.94616,20.3274,24.0664,707.205,705.73,4.53432,9.65083,1.65751,0.906092,7.66274,58.5069,58.5069,1.0,1.0,1
40950,30.05.2024 19:25:27.080000,592.273,483.014,7.63171,7.921,7.485,73.9313,2.938,2.94616,20.3274,24.0664,707.17,705.72,4.45195,9.52143,1.63967,0.89778,7.66274,58.5069,58.5069,1.0,1.0,1
40951,30.05.2024 19:25:27.090000,592.273,483.014,7.63171,7.921,7.485,73.9313,2.938,2.94616,20.3274,24.0664,707.17,705.72,4.45195,9.52143,1.63967,0.89778,7.66274,58.5069,58.5069,1.0,1.0,1
40952,30.05.2024 19:25:27.100000,592.273,489.606,7.63171,7.921,7.374,73.9313,2.93585,2.92578,21.1949,24.5871,707.15,705.725,4.78738,9.51678,1.67171,0.990031,7.66319,57.9644,57.9644,1.0,1.0,1
40953,30.05.2024 19:25:27.110000,592.273,489.606,7.63171,7.921,7.374,73.9313,2.93585,2.92578,21.1949,24.5871,707.15,705.725,4.78738,9.51678,1.67171,0.990031,7.66319,57.9644,57.9644,1.0,1.0,1
40954,30.05.2024 19:25:27.120000,587.823,463.321,7.63791,7.946,7.405,75.0596,2.93587,2.89593,20.1586,20.6573,707.08,705.655,5.39751,9.24317,1.62332,1.05005,7.66376,57.0312,57.0312,1.0,1.0,1
40955,30.05.2024 19:25:27.130000,584.692,453.351,7.62903,7.938,7.502,75.4883,2.93848,2.90892,19.9225,27.179,706.995,705.55,6.3208,8.18848,1.54479,0.988238,7.66397,56.5538,56.5538,1.0,1.0,1
40956,30.05.2024 19:25:27.140000,584.692,483.755,7.62903,7.938,7.42,75.4883,2.93848,2.90892,19.9225,27.179,706.98,705.52,6.44406,7.04245,1.48408,0.954653,7.66423,56.5538,56.5538,1.0,1.0,1
40957,30.05.2024 19:25:27.150000,584.692,483.755,7.59872,7.845,7.42,75.7338,2.95426,2.97536,23.0246,24.9258,706.895,705.59,6.80353,6.28097,1.37539,1.0234,7.66446,56.4091,56.4091,1.0,1.0,1
40958,30.05.2024 19:25:27.160000,587.823,483.755,7.61697,7.728,7.42,76.001,2.95426,2.97536,23.0246,24.9258,706.83,705.6,6.95017,6.48946,1.3213,1.07495,7.66446,56.4091,56.4091,1.0,1.0,1
40959,30.05.2024 19:25:27.170000,587.823,531.299,7.61697,7.728,7.415,76.001,2.97862,2.97517,22.9594,27.2846,706.775,705.57,6.16878,7.54288,1.32205,1.10415,7.66449,56.0474,56.0474,1.0,1.0,1
40960,30.05.2024 19:25:27.180000,584.61,531.299,7.694,7.713,7.415,76.286,2.96533,2.98318,23.1848,27.1329,706.765,705.515,5.83139,7.45971,1.30104,1.02264,7.66501,55.7292,55.7292,1.0,1.0,1
40961,30.05.2024 19:25:27.190000,575.876,532.617,7.72879,7.712,7.468,76.3622,2.96533,2.98318,23.1848,27.1329,706.675,705.46,6.05447,6.80203,1.40332,1.00409,7.66501,55.7292,55.7292,1.0,1.0,1
40962,30.05.2024 19:25:27.200000,575.876,532.617,7.72879,7.712,7.468,76.3622,2.96533,2.98318,23.1848,27.1329,706.675,705.46,6.05447,6.80203,1.40332,1.00409,7.66501,55.7292,55.7292,1.0,1.0,1
40963,30.05.2024 19:25:27.210000,575.876,532.617,7.72879,7.712,7.468,76.3622,2.92944,2.95667,24.8852,25.5986,706.63,705.445,6.38396,6.19682,1.34845,1.02091,7.66434,55.4832,55.4832,1.0,1.0,1
40964,30.05.2024 19:25:27.220000,560.467,525.366,7.69869,7.693,7.493,76.6005,2.92335,2.91426,18.8986,23.3189,706.54,705.395,5.48058,4.93819,1.49679,1.04305,7.66489,55.4832,55.4832,1.0,1.0,1
40965,30.05.2024 19:25:27.230000,545.636,525.366,7.65744,7.651,7.493,76.777,2.89576,2.88454,22.1503,20.4615,706.48,705.405,5.47142,4.6309,1.53544,1.1076,7.66469,55.4904,55.4904,1.0,1.0,1
40966,30.05.2024 19:25:27.240000,537.89,525.366,7.72767,7.678,7.493,76.892,2.89576,2.88454,22.1503,20.4615,706.47,705.41,5.63138,4.81874,1.5685,1.21575,7.66469,55.4904,55.4904,1.0,1.0,1
40967,30.05.2024 19:25:27.250000,537.89,491.089,7.72767,7.678,7.491,76.892,2.89412,2.8792,17.9679,18.301,706.45,705.445,5.42529,5.21818,1.42025,1.15293,7.66401,55.136,55.136,1.0,1.0,1
40968,30.05.2024 19:25:27.260000,536.407,491.089,7.79596,7.716,7.491,77.0313,2.89403,2.87958,18.4037,19.4735,706.435,705.475,5.5935,5.69956,1.48875,1.21564,7.66371,55.136,55.136,1.0,1.0,1
40969,30.05.2024 19:25:27.270000,527.673,468.017,7.80135,7.663,7.559,77.148,2.89403,2.87958,18.4037,19.4735,706.365,705.485,5.8466,6.80251,1.51282,1.43243,7.66371,55.136,55.136,1.0,1.0,1
40970,30.05.2024 19:25:27.280000,527.673,468.017,7.80135,7.663,7.559,77.148,2.87432,2.88061,19.2671,19.7098,706.33,705.445,6.22996,7.38114,1.41894,1.40857,7.6626,55.5266,55.5266,1.0,1.0,1
40971,30.05.2024 19:25:27.290000,511.853,468.017,7.78206,7.602,7.559,77.2428,2.87432,2.88061,19.2671,19.7098,706.305,705.415,6.14843,7.72688,1.39176,1.3858,7.6626,55.4398,55.4398,1.0,1.0,1
40972,30.05.2024 19:25:27.300000,511.853,468.017,7.78206,7.602,7.559,77.2428,2.87432,2.88061,19.2671,19.7098,706.305,705.415,6.14843,7.72688,1.39176,1.3858,7.6626,55.4398,55.4398,1.0,1.0,1
40973,30.05.2024 19:25:27.310000,511.853,456.07,7.78206,7.602,7.668,77.2428,2.87029,2.8775,15.6712,17.8911,706.28,705.4,6.34344,7.02297,1.44372,1.40651,7.6628,55.4254,55.4254,1.0,1.0,1
40974,30.05.2024 19:25:27.320000,511.853,456.07,7.78206,7.602,7.668,77.2428,2.87029,2.8775,15.6712,17.8911,706.28,705.4,6.34344,7.02297,1.44372,1.40651,7.6628,55.4254,55.4254,1.0,1.0,1
40975,30.05.2024 19:25:27.330000,483.179,382.242,7.82605,7.814,7.566,77.5459,2.86357,2.87178,17.9095,19.2326,706.165,705.365,6.73132,7.31088,1.34254,1.38865,7.66265,55.4254,55.4254,1.0,1.0,1
40976,30.05.2024 19:25:27.340000,480.954,342.526,7.89776,7.813,7.593,77.5588,2.88306,2.86877,18.5027,19.7872,706.04,705.285,6.34143,6.32921,1.42934,1.51269,7.66241,54.4777,54.4777,1.0,1.0,1
40977,30.05.2024 19:25:27.350000,457.965,342.526,7.90828,7.686,7.593,77.5285,2.88306,2.86877,18.5027,19.7872,706.015,705.235,6.2776,6.37445,1.38615,1.50801,7.66241,54.4777,54.4777,1.0,1.0,1
40978,30.05.2024 19:25:27.360000,457.965,342.526,7.90828,7.686,7.593,77.5285,2.88306,2.86877,18.5027,19.7872,706.015,705.235,6.2776,6.37445,1.38615,1.50801,7.66241,54.4777,54.4777,1.0,1.0,1
40979,30.05.2024 19:25:27.370000,457.965,361.725,7.90828,7.686,7.624,77.5285,2.87578,2.86675,17.9767,18.0951,705.99,705.18,6.19475,6.02345,1.45461,1.46575,7.66271,54.4777,54.4777,1.0,1.0,1
40980,30.05.2024 19:25:27.380000,457.965,361.725,7.90828,7.686,7.624,77.5285,2.87578,2.86675,17.9767,18.0951,705.99,705.18,6.19475,6.02345,1.45461,1.46575,7.66271,54.4777,54.4777,1.0,1.0,1
40981,30.05.2024 19:25:27.390000,454.422,278.915,7.82545,7.792,7.664,77.6906,2.8562,2.86662,16.3981,17.7551,705.865,705.165,6.09153,4.19968,1.42324,1.51699,7.66302,54.2535,54.2535,1.0,1.0,1
40982,30.05.2024 19:25:27.400000,411.658,228.735,7.85009,7.87,7.657,77.6514,2.84251,2.85264,17.9364,17.8063,705.835,705.18,5.78915,4.46637,1.51184,1.47137,7.66303,53.4071,53.4071,1.0,1.0,1
40983,30.05.2024 19:25:27.410000,411.658,205.252,7.85009,7.87,7.726,77.6514,2.84985,2.87401,15.7044,18.0222,705.79,705.19,6.27694,4.76468,1.53184,1.5461,7.66382,53.2986,53.2986,1.0,1.0,1
40984,30.05.2024 19:25:27.420000,411.658,205.252,7.85009,7.87,7.726,77.6514,2.84985,2.87401,15.7044,18.0222,705.79,705.19,6.27694,4.76468,1.53184,1.5461,7.66382,53.2986,53.2986,1.0,1.0,1
40985,30.05.2024 19:25:27.430000,410.092,205.252,7.89561,7.824,7.726,77.6341,2.86582,2.87218,16.585,19.1881,705.77,705.18,6.36263,5.07792,1.45904,1.52151,7.66419,53.0527,53.0527,1.0,1.0,1
40986,30.05.2024 19:25:27.440000,410.092,205.252,7.89561,7.824,7.726,77.6341,2.86582,2.87218,16.585,19.1881,705.77,705.18,6.36263,5.07792,1.45904,1.52151,7.66419,53.0527,53.0527,1.0,1.0,1
40987,30.05.2024 19:25:27.450000,401.358,175.012,7.92962,7.848,7.638,77.6985,2.86115,2.88629,16.8366,17.1894,705.665,705.175,6.22881,5.77183,1.35973,1.66925,7.66516,53.0527,53.0527,1.0,1.0,1
40988,30.05.2024 19:25:27.460000,394.189,131.177,7.91866,7.83,7.677,77.6228,2.85219,2.88354,16.0969,17.3008,705.62,705.22,6.58295,6.23804,1.32743,1.68952,7.66525,52.7054,52.7054,1.0,1.0,1
40989,30.05.2024 19:25:27.470000,385.373,131.177,7.88475,7.864,7.677,77.7081,2.84147,2.88505,16.8364,19.7849,705.595,705.225,7.08304,6.83418,1.3242,1.79497,7.66652,52.4523,52.4523,1.0,1.0,1
40990,30.05.2024 19:25:27.480000,369.552,131.177,7.97791,7.841,7.677,77.7706,2.84147,2.88505,16.8364,19.7849,705.56,705.215,7.36917,7.63652,1.28404,1.68418,7.66652,52.4523,52.4523,1.0,1.0,1
40991,30.05.2024 19:25:27.490000,369.552,107.858,7.97791,7.841,7.743,77.7706,2.85914,2.88911,16.2792,19.164,705.515,705.18,7.52444,8.36915,1.38861,1.59034,7.66706,51.765,51.765,1.0,1.0,1
40992,30.05.2024 19:25:27.500000,353.979,107.858,7.97902,7.83,7.743,77.8142,2.87574,2.8879,16.7851,19.5951,705.45,705.145,7.03592,7.95244,1.44967,1.51395,7.66829,50.8463,50.8463,1.0,1.0,1
40993,30.05.2024 19:25:27.510000,332.226,76.4648,7.92259,7.816,7.722,77.8431,2.87574,2.8879,16.7851,19.5951,705.34,705.11,6.61945,7.64244,1.45731,1.42514,7.66829,50.8463,50.8463,1.0,1.0,1
40994,30.05.2024 19:25:27.520000,332.226,76.4648,7.92259,7.816,7.722,77.8431,2.86899,2.88046,17.0298,19.9118,705.275,705.07,6.25664,7.40345,1.52725,1.38389,7.66899,50.8463,50.8463,1.0,1.0,1
40995,30.05.2024 19:25:27.530000,322.339,76.4648,7.90995,7.801,7.722,77.8809,2.86899,2.88046,17.0298,19.9118,705.245,705.015,5.88831,7.30099,1.55076,1.34627,7.66899,49.6383,49.6383,1.0,1.0,1
40996,30.05.2024 19:25:27.540000,322.339,76.4648,7.90995,7.801,7.722,77.8809,2.86899,2.88046,17.0298,19.9118,705.245,705.015,5.88831,7.30099,1.55076,1.34627,7.66899,49.6383,49.6383,1.0,1.0,1
40997,30.05.2024 19:25:27.550000,322.339,7.00378,7.90995,7.801,7.758,77.8809,2.84698,2.86705,16.5366,17.0823,705.245,704.98,5.06075,6.02274,1.38712,1.3079,7.67008,49.6383,49.6383,1.0,1.0,1
40998,30.05.2024 19:25:27.560000,322.339,7.00378,7.90995,7.801,7.758,77.8809,2.84698,2.86705,16.5366,17.0823,705.245,704.98,5.06075,6.02274,1.38712,1.3079,7.67008,49.6383,49.6383,1.0,1.0,1
40999,30.05.2024 19:25:27.570000,295.312,-40.8691,7.91261,7.849,7.764,77.8394,2.83596,2.86459,16.9677,18.7392,705.215,705.08,5.26738,4.99789,1.25182,1.41685,7.67134,49.6383,49.6383,1.0,1.0,1
41000,30.05.2024 19:25:27.580000,295.312,-40.8691,7.91261,7.849,7.764,77.8394,2.83596,2.86459,16.9677,18.7392,705.215,705.08,5.26738,4.99789,1.25182,1.41685,7.67134,49.6383,49.6383,1.0,1.0,1
41001,30.05.2024 19:25:27.590000,284.354,-75.3937,7.87558,7.827,7.659,77.8177,2.85518,2.86328,16.9368,16.8728,705.105,704.96,6.79951,7.23964,1.21502,1.30711,7.67267,49.2694,49.2694,0.0,1.0,1
41002,30.05.2024 19:25:27.600000,282.129,-87.1765,7.88709,7.744,7.713,77.8658,2.84863,2.86335,16.5843,16.445,704.96,704.905,6.47763,6.02149,1.47811,1.40534,7.67238,49.2694,49.2694,0.0,1.0,1
41003,30.05.2024 19:25:27.610000,282.129,-87.1765,7.88709,7.744,7.713,77.8658,2.84863,2.86335,16.5843,16.445,704.96,704.905,6.47763,6.02149,1.47811,1.40534,7.67238,49.2694,49.2694,0.0,1.0,1
41004,30.05.2024 19:25:27.620000,260.953,-90.3076,7.84682,7.708,7.667,77.9173,2.83894,2.86066,17.2062,19.0729,704.945,704.905,5.71171,5.13407,1.64417,1.38292,7.67238,49.1609,49.1609,0.0,1.0,1
41005,30.05.2024 19:25:27.630000,260.953,-90.3076,7.84682,7.708,7.667,77.9173,2.83894,2.86066,17.2062,19.0729,704.945,704.905,5.71171,5.13407,1.64417,1.38292,7.67238,49.1609,49.1609,0.0,1.0,1
41006,30.05.2024 19:25:27.640000,253.949,-80.4199,7.82624,7.625,7.672,77.9029,2.82766,2.85785,16.4816,17.3949,704.915,704.93,5.15725,5.09875,1.69515,1.32171,7.67439,48.763,48.763,0.0,1.0,1
41007,30.05.2024 19:25:27.650000,243.896,-70.7794,7.80894,7.6,7.655,77.8981,2.82784,2.85529,15.6096,16.702,704.865,704.925,6.31803,5.83846,1.40201,1.43467,7.6751,48.763,48.763,0.0,1.0,1
41008,30.05.2024 19:25:27.660000,228.076,-70.7794,7.80748,7.527,7.655,77.9347,2.82689,2.85587,16.3834,17.7541,704.835,704.93,6.32677,6.08069,1.39977,1.42306,7.676,49.2043,49.2043,0.0,1.0,1
41009,30.05.2024 19:25:27.670000,228.076,-70.7794,7.80748,7.527,7.655,77.9347,2.82689,2.85587,16.3834,17.7541,704.835,704.93,6.32677,6.08069,1.39977,1.42306,7.676,49.2043,49.2043,0.0,1.0,1
41010,30.05.2024 19:25:27.680000,218.765,-52.652,7.79164,7.451,7.643,77.8793,2.82689,2.85587,16.3834,17.7541,704.77,704.915,6.51665,6.39412,1.3885,1.42588,7.676,49.3128,49.3128,0.0,1.0,1
41011,30.05.2024 19:25:27.690000,218.765,-52.652,7.79164,7.451,7.643,77.8793,2.82689,2.85587,16.3834,17.7541,704.77,704.915,6.51665,6.39412,1.3885,1.42588,7.676,49.3128,49.3128,0.0,1.0,1
41012,30.05.2024 19:25:27.700000,195.612,-42.8467,7.79663,7.384,7.614,77.8653,2.82485,2.84776,16.1787,16.3261,704.71,704.88,7.24986,6.68495,1.37635,1.51193,7.67648,48.7558,48.7558,0.0,1.0,1
41013,30.05.2024 19:25:27.710000,198.578,-62.6221,7.78687,7.365,7.584,77.8559,2.82483,2.84389,15.9183,17.5768,704.615,704.81,7.20114,6.32258,1.39249,1.46417,7.67778,49.103,49.103,0.0,1.0,1
41014,30.05.2024 19:25:27.720000,198.578,-62.6221,7.78687,7.365,7.584,77.8559,2.82483,2.84389,15.9183,17.5768,704.615,704.81,7.20114,6.32258,1.39249,1.46417,7.67778,49.103,49.103,0.0,1.0,1
41015,30.05.2024 19:25:27.730000,190.42,-79.1015,7.7668,7.354,7.556,77.8454,2.81695,2.84135,14.8622,16.2392,704.575,704.785,7.00556,6.08922,1.41921,1.46975,7.67778,49.5949,49.5949,0.0,1.0,1
41016,30.05.2024 19:25:27.740000,190.42,-79.1015,7.7668,7.354,7.556,77.8454,2.81695,2.84135,14.8622,16.2392,704.575,704.785,7.00556,6.08922,1.41921,1.46975,7.67778,49.5949,49.5949,0.0,1.0,1
41017,30.05.2024 19:25:27.750000,172.458,-116.757,7.73675,7.476,7.553,77.8043,2.80345,2.84283,14.8791,15.2188,704.48,704.725,6.53139,5.49871,1.51127,1.31829,7.67957,49.5949,49.5949,0.0,1.0,1
41018,30.05.2024 19:25:27.760000,172.458,-116.757,7.73675,7.476,7.553,77.8043,2.80345,2.84283,14.8791,15.2188,704.48,704.725,6.53139,5.49871,1.51127,1.31829,7.67957,49.5949,49.5949,0.0,1.0,1
41019,30.05.2024 19:25:27.770000,172.54,-212.997,7.74482,7.672,7.509,77.8465,2.80193,2.84982,15.5518,17.1552,704.405,704.715,5.8473,5.19985,1.249,1.21451,7.6804,50.0868,50.0868,0.0,1.0,1
41020,30.05.2024 19:25:27.780000,157.956,-332.226,7.70057,7.748,7.528,77.8521,2.80883,2.85178,15.2551,17.5283,704.35,704.67,6.23052,5.32982,1.06586,1.34765,7.68145,49.6528,49.6528,0.0,1.0,1
41021,30.05.2024 19:25:27.790000,145.267,-332.226,7.71542,7.596,7.528,77.8673,2.81824,2.85944,15.6083,16.398,704.33,704.675,6.35963,4.94953,1.05438,1.28525,7.68198,49.6889,49.6889,0.0,1.0,1
41022,30.05.2024 19:25:27.800000,145.267,-332.226,7.71542,7.596,7.528,77.8673,2.81824,2.85944,15.6083,16.398,704.33,704.675,6.35963,4.94953,1.05438,1.28525,7.68198,49.6889,49.6889,0.0,1.0,1
41023,30.05.2024 19:25:27.810000,127.798,-309.155,7.7908,7.488,7.535,77.9124,2.81904,2.86423,15.741,17.4125,704.325,704.69,6.18338,4.62801,1.09155,1.2652,7.68198,49.9566,49.9566,0.0,1.0,1
41024,30.05.2024 19:25:27.820000,127.798,-309.155,7.7908,7.488,7.535,77.9124,2.81904,2.86423,15.741,17.4125,704.325,704.69,6.18338,4.62801,1.09155,1.2652,7.68198,49.9566,49.9566,0.0,1.0,1
41025,30.05.2024 19:25:27.830000,122.031,-311.545,7.75684,7.539,7.515,77.9741,2.80836,2.86696,15.7178,18.5929,704.28,704.73,7.43202,6.03691,1.36902,1.23826,7.68374,49.9566,49.9566,0.0,1.0,1
41026,30.05.2024 19:25:27.840000,117.499,-384.219,7.75967,7.645,7.498,77.9742,2.82031,2.87077,15.0452,16.8328,704.15,704.67,7.45258,6.76992,1.58761,1.19692,7.68409,50.557,50.557,0.0,1.0,1
41027,30.05.2024 19:25:27.850000,117.499,-384.219,7.75967,7.645,7.498,77.9742,2.82031,2.87077,15.0452,16.8328,704.15,704.67,7.45258,6.76992,1.58761,1.19692,7.68409,50.557,50.557,0.0,1.0,1
41028,30.05.2024 19:25:27.860000,106.54,-456.564,7.6907,7.657,7.576,77.9269,2.82892,2.88005,16.9729,18.105,704.11,704.635,6.82032,6.7493,1.66255,1.20995,7.68409,49.877,49.877,0.0,1.0,1
41029,30.05.2024 19:25:27.870000,101.514,-475.433,7.72985,7.599,7.621,77.9466,2.84318,2.87932,16.2374,18.9108,704.05,704.525,6.90998,6.20506,1.59907,1.19894,7.6847,50.1013,50.1013,0.0,1.0,1
41030,30.05.2024 19:25:27.880000,101.514,-475.433,7.72985,7.599,7.621,77.9466,2.84318,2.87932,16.2374,18.9108,704.05,704.525,6.90998,6.20506,1.59907,1.19894,7.6847,50.1013,50.1013,0.0,1.0,1
41031,30.05.2024 19:25:27.890000,79.3487,-512.347,7.72794,7.702,7.57,77.8971,2.83588,2.87671,16.0029,16.8397,704.025,704.505,6.74018,5.67073,1.60733,1.25095,7.6847,50.2387,50.2387,0.0,1.0,1
41032,30.05.2024 19:25:27.900000,78.0304,-522.647,7.78856,7.816,7.544,77.8749,2.8314,2.87977,16.8267,17.9525,703.945,704.495,6.78766,4.39075,1.47946,1.26092,7.68516,50.1953,50.1953,0.0,1.0,1
41033,30.05.2024 19:25:27.910000,65.0116,-528.58,7.78838,7.735,7.546,77.7463,2.8314,2.87977,16.8267,17.9525,703.84,704.45,6.60273,4.47909,1.59385,1.29732,7.68516,50.1953,50.1953,0.0,1.0,1
41034,30.05.2024 19:25:27.920000,65.0116,-528.58,7.78838,7.735,7.546,77.7463,2.8387,2.88333,15.599,18.8115,703.8,704.43,6.32377,4.53159,1.58608,1.19685,7.68469,50.2966,50.2966,0.0,1.0,1
41035,30.05.2024 19:25:27.930000,42.5171,-528.58,7.79738,7.624,7.546,77.8389,2.8387,2.88333,15.599,18.8115,703.775,704.43,5.87723,4.0093,1.68866,1.24534,7.68469,50.2966,50.2966,0.0,1.0,1
41036,30.05.2024 19:25:27.940000,42.5171,-532.699,7.79738,7.624,7.564,77.8389,2.85115,2.89242,16.621,18.3508,703.765,704.44,5.15153,3.8002,1.82927,1.2349,7.68513,50.2966,50.2966,0.0,1.0,1
41037,30.05.2024 19:25:27.950000,42.5171,-532.699,7.79738,7.624,7.564,77.8389,2.85115,2.89242,16.621,18.3508,703.765,704.44,5.15153,3.8002,1.82927,1.2349,7.68513,50.2966,50.2966,0.0,1.0,1
41038,30.05.2024 19:25:27.960000,14.5019,-532.699,7.78496,7.675,7.564,77.8434,2.8471,2.89371,16.37,17.756,703.75,704.49,5.46103,4.08087,1.77113,1.31499,7.68543,50.2894,50.2894,0.0,1.0,1
41039,30.05.2024 19:25:27.970000,5.27344,-517.538,7.76767,7.759,7.556,77.8369,2.83213,2.89193,15.6087,18.4233,703.68,704.425,6.25441,5.6085,1.83919,1.16553,7.68564,50.4557,50.4557,0.0,1.0,1
41040,30.05.2024 19:25:27.980000,0.0,-517.538,7.82857,7.723,7.556,77.8228,2.81147,2.8904,15.4008,17.9968,703.64,704.36,6.1354,5.53548,1.81454,1.05785,7.68584,50.4557,50.4557,0.0,1.0,1
41041,30.05.2024 19:25:27.990000,0.0,-517.538,7.82857,7.723,7.556,77.8228,2.81147,2.8904,15.4008,17.9968,703.64,704.36,6.1354,5.53548,1.81454,1.05785,7.68584,50.4557,50.4557,0.0,1.0,1
41042,30.05.2024 19:25:28.000000,-25.7904,-527.096,7.81581,7.665,7.589,77.8263,2.81147,2.8904,15.4008,17.9968,703.58,704.305,5.83889,4.53967,1.90556,1.09044,7.68584,50.4557,50.4557,0.0,1.0,1
41043,30.05.2024 19:25:28.010000,-25.7904,-527.096,7.81581,7.665,7.589,77.8263,2.81147,2.8904,15.4008,17.9968,703.58,704.305,5.83889,4.53967,1.90556,1.09044,7.68584,50.4557,50.4557,0.0,1.0,1
41044,30.05.2024 19:25:28.020000,-48.5321,-534.512,7.78594,7.71,7.625,77.8048,2.81706,2.88965,15.0694,17.1922,703.53,704.305,5.74718,3.63202,1.81306,1.16484,7.6865,49.0813,49.0813,0.0,1.0,1
41045,30.05.2024 19:25:28.030000,-78.1128,-527.426,7.7954,7.778,7.6,77.7756,2.81799,2.88819,13.6466,16.9225,703.455,704.295,6.00372,3.92158,1.88287,1.2637,7.68738,49.1102,49.1102,0.0,1.0,1
41046,30.05.2024 19:25:28.040000,-78.1128,-527.426,7.7954,7.778,7.6,77.7756,2.81799,2.88819,13.6466,16.9225,703.455,704.295,6.00372,3.92158,1.88287,1.2637,7.68738,49.1102,49.1102,0.0,1.0,1
41047,30.05.2024 19:25:28.050000,-77.7008,-522.894,7.82203,7.762,7.593,77.7114,2.81051,2.88248,14.5278,16.3137,703.385,704.28,6.05764,4.10962,1.9618,1.30084,7.68738,49.1102,49.1102,0.0,1.0,1
41048,30.05.2024 19:25:28.060000,-97.5586,-523.965,7.85659,7.676,7.638,77.6404,2.80995,2.87764,14.6156,16.4985,703.285,704.145,4.73126,3.92329,2.45368,1.23621,7.68796,48.6256,48.6256,0.0,1.0,1
41049,30.05.2024 19:25:28.070000,-101.184,-535.336,7.84384,7.719,7.631,77.6764,2.80995,2.87764,14.6156,16.4985,703.255,704.065,4.55049,3.28017,2.46163,1.23036,7.68796,48.6256,48.6256,0.0,1.0,1
41050,30.05.2024 19:25:28.080000,-101.184,-535.336,7.84384,7.719,7.631,77.6764,2.81352,2.87819,13.266,15.7899,703.23,704.065,4.54856,2.36655,2.49871,1.2943,7.68864,49.2043,49.2043,0.0,1.0,1
41051,30.05.2024 19:25:28.090000,-101.266,-535.336,7.86874,7.762,7.631,77.7489,2.81352,2.87819,13.266,15.7899,703.21,704.06,4.73566,2.08986,2.40676,1.3349,7.68864,48.8571,48.8571,0.0,1.0,1
41052,30.05.2024 19:25:28.100000,-101.266,-519.021,7.86874,7.762,7.607,77.7489,2.81445,2.88166,13.6558,15.1658,703.205,704.06,5.15468,2.03543,2.01328,1.21603,7.68871,48.8571,48.8571,0.0,1.0,1
41053,30.05.2024 19:25:28.110000,-101.102,-519.021,7.88309,7.778,7.607,77.7597,2.81797,2.88836,13.6793,16.4028,703.155,704.065,5.52282,2.30193,1.89626,1.16485,7.68983,48.1048,48.1048,0.0,1.0,1
41054,30.05.2024 19:25:28.120000,-106.293,-519.021,7.87069,7.727,7.607,77.7982,2.81797,2.88836,13.6793,16.4028,703.12,704.08,5.89682,2.64832,1.96147,1.23105,7.68983,48.1048,48.1048,0.0,1.0,1
41055,30.05.2024 19:25:28.130000,-106.293,-523.141,7.87069,7.727,7.615,77.7982,2.82115,2.89132,14.2372,16.23,703.075,704.075,5.67763,3.37841,1.87995,1.26159,7.69034,47.3958,47.3958,0.0,1.0,1
41056,30.05.2024 19:25:28.140000,-108.27,-523.141,7.8722,7.718,7.615,77.8154,2.8214,2.89021,14.1477,15.9946,703.055,704.085,5.63913,3.98503,2.04105,1.15954,7.69172,47.3958,47.3958,0.0,1.0,1
41057,30.05.2024 19:25:28.150000,-117.828,-520.669,7.89045,7.783,7.616,77.846,2.8214,2.89021,14.1477,15.9946,702.955,703.995,5.92509,4.26299,2.12678,1.22056,7.69172,47.3958,47.3958,0.0,1.0,1
41058,30.05.2024 19:25:28.160000,-117.828,-520.669,7.89045,7.783,7.616,77.846,2.8211,2.89212,14.4265,15.9162,702.915,703.935,5.8088,4.63535,2.36083,1.22219,7.69241,46.7448,46.7448,0.0,1.0,1
41059,30.05.2024 19:25:28.170000,-126.974,-520.669,7.87833,7.787,7.616,77.8633,2.8211,2.89212,14.4265,15.9162,702.885,703.885,5.35641,4.17037,2.54835,1.20751,7.69241,46.7376,46.7376,0.0,1.0,1
41060,30.05.2024 19:25:28.180000,-126.974,-520.669,7.87833,7.787,7.616,77.8633,2.8211,2.89212,14.4265,15.9162,702.885,703.885,5.35641,4.17037,2.54835,1.20751,7.69241,46.7376,46.7376,0.0,1.0,1
41061,30.05.2024 19:25:28.190000,-126.974,-524.048,7.87833,7.787,7.692,77.8633,2.83242,2.89981,14.847,16.7062,702.885,703.89,5.34563,3.0684,2.83125,1.15559,7.69373,47.0848,47.0848,0.0,1.0,1
41062,30.05.2024 19:25:28.200000,-126.974,-524.048,7.87833,7.787,7.692,77.8633,2.83242,2.89981,14.847,16.7062,702.885,703.89,5.34563,3.0684,2.83125,1.15559,7.69373,47.0848,47.0848,0.0,1.0,1
41063,30.05.2024 19:25:28.210000,-160.263,-527.508,7.85711,7.827,7.694,77.8614,2.85283,2.90428,15.672,17.8324,702.79,703.87,6.25718,3.36739,3.34125,1.28102,7.69472,47.0848,47.0848,0.0,1.0,1
41064,30.05.2024 19:25:28.220000,-171.716,-521.658,7.8558,7.873,7.663,77.8089,2.86286,2.90529,16.9967,17.1871,702.665,703.75,5.48923,3.42493,3.29319,1.23134,7.69571,48.6473,48.6473,0.0,1.0,1
41065,30.05.2024 19:25:28.230000,-179.626,-521.658,7.82794,7.844,7.663,77.8089,2.86286,2.90529,16.9967,17.1871,702.68,703.755,5.12438,3.13083,3.00355,1.30141,7.69571,48.6473,48.6473,0.0,1.0,1
41066,30.05.2024 19:25:28.240000,-179.626,-519.104,7.82794,7.844,7.628,77.8219,2.85424,2.903,17.2799,18.138,702.71,703.77,5.16752,2.6233,2.78874,1.36425,7.69505,48.4881,48.4881,0.0,1.0,1
41067,30.05.2024 19:25:28.250000,-181.769,-519.104,7.87322,7.782,7.628,77.8454,2.85424,2.903,17.2799,18.138,702.715,703.775,5.35754,2.84434,2.63759,1.29692,7.69505,48.1265,48.1265,0.0,1.0,1
41068,30.05.2024 19:25:28.260000,-181.769,-523.388,7.87322,7.782,7.634,77.8454,2.85355,2.90475,17.4123,17.2149,702.71,703.765,6.85445,3.818,2.62794,1.11924,7.69623,48.1265,48.1265,0.0,1.0,1
41069,30.05.2024 19:25:28.270000,-181.769,-523.388,7.87322,7.782,7.634,77.8454,2.85355,2.90475,17.4123,17.2149,702.71,703.765,6.85445,3.818,2.62794,1.11924,7.69623,48.1265,48.1265,0.0,1.0,1
41070,30.05.2024 19:25:28.280000,-193.222,-523.388,7.83821,7.778,7.634,77.8286,2.85548,2.90866,16.0537,16.6377,702.615,703.715,7.13836,4.02796,2.56401,1.15475,7.69651,48.1265,48.1265,0.0,1.0,1
41071,30.05.2024 19:25:28.290000,-202.286,-518.774,7.85413,7.785,7.632,77.8703,2.85317,2.91102,16.5755,17.275,702.51,703.695,6.45008,4.3549,2.9245,1.22587,7.69687,48.7413,48.7413,0.0,1.0,1
41072,30.05.2024 19:25:28.300000,-221.155,-518.774,7.80832,7.801,7.632,77.886,2.85091,2.90904,16.6221,17.173,702.475,703.675,6.05619,4.38679,3.18643,1.25854,7.69758,48.9439,48.9439,0.0,1.0,1
41073,30.05.2024 19:25:28.310000,-221.155,-518.774,7.80832,7.801,7.632,77.886,2.85091,2.90904,16.6221,17.173,702.475,703.675,6.05619,4.38679,3.18643,1.25854,7.69758,48.9439,48.9439,0.0,1.0,1
41074,30.05.2024 19:25:28.320000,-225.604,-522.812,7.81882,7.758,7.643,77.8904,2.85091,2.90904,16.6221,17.173,702.375,703.62,5.63255,4.38922,3.43917,1.35181,7.69758,48.6545,48.6545,0.0,1.0,1
41075,30.05.2024 19:25:28.330000,-225.604,-522.812,7.81882,7.758,7.643,77.8904,2.85091,2.90904,16.6221,17.173,702.375,703.62,5.63255,4.38922,3.43917,1.35181,7.69758,48.6545,48.6545,0.0,1.0,1
41076,30.05.2024 19:25:28.340000,-241.095,-525.366,7.85149,7.734,7.642,77.8742,2.84784,2.9072,16.1446,16.1752,702.35,703.555,5.08739,3.65596,3.6071,1.48921,7.69794,48.6545,48.6545,0.0,1.0,1
41077,30.05.2024 19:25:28.350000,-255.597,-526.684,7.80893,7.759,7.652,77.8156,2.84674,2.90708,15.6501,14.899,702.335,703.495,5.44225,3.41784,3.51594,1.56231,7.69911,50.0651,50.0651,0.0,1.0,1
41078,30.05.2024 19:25:28.360000,-261.447,-526.684,7.8016,7.78,7.652,77.8324,2.84674,2.90708,15.6501,14.899,702.35,703.5,5.62195,3.09986,3.49702,1.49999,7.69911,50.0651,50.0651,0.0,1.0,1
41079,30.05.2024 19:25:28.370000,-261.447,-520.752,7.8016,7.78,7.635,77.8324,2.84463,2.90601,15.639,15.1049,702.335,703.51,6.80422,3.47732,3.37213,1.53369,7.70026,50.0868,50.0868,0.0,1.0,1
41080,30.05.2024 19:25:28.380000,-261.447,-520.752,7.8016,7.78,7.635,77.8324,2.84463,2.90601,15.639,15.1049,702.335,703.51,6.80422,3.47732,3.37213,1.53369,7.70026,50.0868,50.0868,0.0,1.0,1
41081,30.05.2024 19:25:28.390000,-270.923,-520.752,7.80208,7.731,7.635,77.8369,2.83967,2.90211,15.4456,15.3723,702.29,703.515,7.37879,4.12753,3.27545,1.6285,7.70054,50.0868,50.0868,0.0,1.0,1
41082,30.05.2024 19:25:28.400000,-270.923,-520.752,7.80208,7.731,7.635,77.8369,2.83967,2.90211,15.4456,15.3723,702.29,703.515,7.37879,4.12753,3.27545,1.6285,7.70054,50.0868,50.0868,0.0,1.0,1
41083,30.05.2024 19:25:28.410000,-279.41,-525.613,7.80806,7.711,7.605,77.8542,2.83315,2.9007,13.8379,14.6617,702.155,703.395,6.14192,4.43159,3.03647,1.63262,7.70122,49.8481,49.8481,0.0,1.0,1
41084,30.05.2024 19:25:28.420000,-286.084,-522.317,7.77348,7.721,7.596,77.9896,2.82789,2.89904,13.9087,14.879,702.115,703.29,6.44156,3.20247,2.74648,1.56474,7.70166,50.1447,50.1447,0.0,1.0,1
41085,30.05.2024 19:25:28.430000,-286.743,-522.317,7.83307,7.76,7.596,77.8907,2.83127,2.90118,13.761,15.4692,702.115,703.285,6.46991,2.86372,2.61488,1.64154,7.70211,50.1447,50.1447,0.0,1.0,1
41086,30.05.2024 19:25:28.440000,-297.702,-522.317,7.80278,7.695,7.596,77.928,2.83127,2.90118,13.761,15.4692,702.08,703.285,6.42886,2.65027,2.62317,2.01472,7.70211,50.1447,50.1447,0.0,1.0,1
41087,30.05.2024 19:25:28.450000,-297.702,-520.752,7.80278,7.695,7.578,77.928,2.83503,2.9018,13.2243,14.9134,702.03,703.27,7.02692,3.22403,2.43189,2.36182,7.70268,51.0272,51.0272,0.0,1.0,1
41088,30.05.2024 19:25:28.460000,-308.743,-520.752,7.79612,7.693,7.578,77.9259,2.83698,2.90199,13.9736,15.5828,701.995,703.24,6.58045,2.9327,2.44303,2.45344,7.70374,51.4685,51.4685,0.0,1.0,1
41089,30.05.2024 19:25:28.470000,-320.032,-523.141,7.83329,7.731,7.586,77.9331,2.83698,2.90199,13.9736,15.5828,701.96,703.225,6.22474,3.16459,2.34054,2.49316,7.70374,51.4685,51.4685,0.0,1.0,1
41090,30.05.2024 19:25:28.480000,-320.032,-523.141,7.83329,7.731,7.586,77.9331,2.83519,2.90259,13.9387,13.71,701.96,703.22,6.07458,3.11414,2.3232,2.58062,7.70432,51.4902,51.4902,0.0,1.0,1
41091,30.05.2024 19:25:28.490000,-332.144,-523.141,7.79515,7.726,7.586,77.948,2.83519,2.90259,13.9387,13.71,701.95,703.225,6.19968,3.32387,2.28706,2.76354,7.70432,50.8898,50.8898,0.0,1.0,1
41092,30.05.2024 19:25:28.500000,-332.144,-528.415,7.79515,7.726,7.649,77.948,2.83858,2.90416,13.3729,14.3998,701.95,703.21,6.99182,3.84017,2.18306,2.81048,7.70544,50.8898,50.8898,0.0,1.0,1
41093,30.05.2024 19:25:28.510000,-332.144,-528.415,7.79515,7.726,7.649,77.948,2.83858,2.90416,13.3729,14.3998,701.95,703.21,6.99182,3.84017,2.18306,2.81048,7.70544,50.8898,50.8898,0.0,1.0,1
41094,30.05.2024 19:25:28.520000,-348.294,-528.415,7.81046,7.709,7.649,77.8541,2.8475,2.90911,14.0443,14.0462,701.9,703.16,7.18186,4.36965,2.07938,2.77237,7.70632,50.1013,50.1013,0.0,1.0,1
41095,30.05.2024 19:25:28.530000,-348.294,-528.415,7.81046,7.709,7.649,77.8541,2.8475,2.90911,14.0443,14.0462,701.9,703.16,7.18186,4.36965,2.07938,2.77237,7.70632,50.1013,50.1013,0.0,1.0,1
41096,30.05.2024 19:25:28.540000,-357.934,-520.01,7.82025,7.745,7.632,77.8227,2.86188,2.91165,14.8431,14.863,701.84,703.07,7.13402,3.96758,2.00423,2.96018,7.70659,50.34,50.34,0.0,1.0,1
41097,30.05.2024 19:25:28.550000,-378.122,-519.104,7.80924,7.815,7.621,77.7633,2.86806,2.9149,15.3603,13.661,701.76,703.04,6.7614,3.61258,1.88103,2.91641,7.70674,50.7523,50.7523,0.0,1.0,1
41098,30.05.2024 19:25:28.560000,-378.122,-519.104,7.80924,7.815,7.621,77.7633,2.86953,2.91728,15.1085,13.2432,701.72,703.04,6.62601,3.70481,1.94056,2.89386,7.70712,49.9638,49.9638,0.0,1.0,1
41099,30.05.2024 19:25:28.570000,-384.549,-519.104,7.81019,7.726,7.621,77.8235,2.86953,2.91728,15.1085,13.2432,701.7,703.025,6.65473,4.04441,2.00738,2.92421,7.70712,49.9494,49.9494,0.0,1.0,1
