,time,Pinceur Inf Mesure de courant,Pinceur Sup Mesure de courant,Mandrin - Vitesse Actuelle,Pinceur Sup Mesure vitesse lineaire,Pinceur Inf Mesure vitesse lineaire,Mandrin - Mesure Expansion,Pinceur Nord Position entrefer estimee,Pinceur Sud Position entrefer estimee,Pinceur Nord Force entrefer calibree,Pinceur Sud Force entrefer calibree,Guides Nord Entree Position mesuree,Guides Nord Sortie Position mesuree,Guides Nord Entree Force pour regulateur PI,Guides Nord Sortie Force pour regulateur PI,Guides Sud Entree Force pour regulateur PI,Guides Sud Sortie Force pour regulateur PI,Mandrin - Vitesse Actuelle F10,_Excentrage largeur bande jauge bob,_Excentrage largeur bande jauge bob.1,TDB pinceur,Fenetre,Declancheur
42600,30.05.2024 19:53:23.210000,113.626,94.0155,7.45985,6.749,6.318,39.6468,5.19818,5.05435,68.543,77.1044,770.56,762.29,5.48609,6.4459,1.17413,-1.62603,5.74251,12.9847,12.9847,1.0,1.0,1
42601,30.05.2024 19:53:23.220000,113.626,94.0155,7.45985,6.749,6.318,39.6468,5.19818,5.05435,68.543,77.1044,770.56,762.29,5.48609,6.4459,1.17413,-1.62603,5.74251,12.9847,12.9847,1.0,1.0,1
42602,30.05.2024 19:53:23.230000,241.095,163.724,7.46766,6.173,5.991,39.6798,5.22551,5.22618,71.8458,84.0442,768.005,759.815,5.48422,6.60749,1.30208,-1.59835,5.74264,12.1094,12.1094,1.0,1.0,1
42603,30.05.2024 19:53:23.240000,317.889,407.373,7.48667,6.195,5.654,39.631,4.70534,5.04121,54.3058,86.175,766.3,758.06,4.88585,6.79719,1.28901,-1.64455,5.74368,12.0949,12.0949,1.0,1.0,1
42604,30.05.2024 19:53:23.250000,364.197,407.373,7.48608,6.302,5.654,39.6877,4.70534,5.04121,54.3058,86.175,764.65,756.33,4.89389,6.24629,1.35995,-1.64341,5.74368,12.0949,12.0949,1.0,1.0,1
42605,30.05.2024 19:53:23.260000,364.197,407.373,7.48608,6.302,5.654,39.6877,4.70534,5.04121,54.3058,86.175,764.65,756.33,4.89389,6.24629,1.35995,-1.64341,5.74368,12.0949,12.0949,1.0,1.0,1
42606,30.05.2024 19:53:23.270000,364.197,385.785,7.48608,6.302,5.545,39.7071,4.51365,4.80807,41.3474,66.1406,763.77,755.48,5.01352,5.38478,1.46813,-1.59762,5.74489,12.1094,12.1094,1.0,1.0,1
42607,30.05.2024 19:53:23.280000,364.197,385.785,7.48608,6.302,5.545,39.7071,4.51365,4.80807,41.3474,66.1406,763.77,755.48,5.01352,5.38478,1.46813,-1.59762,5.74489,12.1094,12.1094,1.0,1.0,1
42608,30.05.2024 19:53:23.290000,417.343,407.703,7.46793,6.256,5.524,39.6543,4.44017,4.45201,29.2846,45.4575,762.085,753.815,4.7979,5.19071,1.56244,-1.54726,5.7463,12.0443,12.0443,1.0,1.0,1
42609,30.05.2024 19:53:23.300000,449.972,550.332,7.47042,5.764,5.517,39.6812,4.34988,4.2233,21.673,18.3109,759.6,751.41,4.83185,5.08895,1.66116,-1.48869,5.7476,13.0064,13.0064,1.0,1.0,1
42610,30.05.2024 19:53:23.310000,449.972,550.332,7.47042,5.764,5.517,39.6812,4.34988,4.2233,21.673,18.3109,759.6,751.41,4.83185,5.08895,1.66116,-1.48869,5.7476,13.0064,13.0064,1.0,1.0,1
42611,30.05.2024 19:53:23.320000,449.972,662.146,7.46706,5.764,5.683,39.6954,4.34941,4.04704,22.7113,14.2363,758.79,750.615,5.36983,6.42079,1.67231,-1.5114,5.74825,13.4766,13.4766,1.0,1.0,1
42612,30.05.2024 19:53:23.330000,447.5,689.914,7.44539,5.854,5.65,39.6759,4.41946,4.08804,26.583,12.3182,756.26,748.14,5.60361,8.24121,1.60576,-1.6091,5.74917,13.4766,13.4766,1.0,1.0,1
42613,30.05.2024 19:53:23.340000,447.5,698.73,7.44539,5.854,5.71,39.7438,4.55271,4.24137,30.538,23.255,755.4,747.29,5.51742,8.81262,1.52638,-1.56502,5.74978,13.831,13.831,1.0,1.0,1
42614,30.05.2024 19:53:23.350000,466.122,698.73,7.44303,5.75,5.71,39.7438,4.55271,4.24137,30.538,23.255,754.58,746.42,5.42215,8.34594,1.36509,-1.49431,5.74978,13.9829,13.9829,1.0,1.0,1
42615,30.05.2024 19:53:23.360000,466.122,697.165,7.44303,5.75,5.699,39.7759,4.61173,4.47225,36.2041,32.4958,753.715,745.62,5.24752,7.99752,1.4721,-1.53543,5.75023,13.9829,13.9829,1.0,1.0,1
42616,30.05.2024 19:53:23.370000,469.501,692.55,7.44132,5.714,5.717,39.7759,4.61756,4.68805,36.5803,48.2686,752.0,744.045,4.952,8.14198,1.50298,-1.53205,5.75025,13.9757,13.9757,1.0,1.0,1
42617,30.05.2024 19:53:23.380000,497.516,692.55,7.44132,5.836,5.717,39.7314,4.61756,4.68805,36.5803,48.2686,751.155,743.235,5.27236,8.50976,1.40634,-1.52757,5.75025,13.4983,13.4983,1.0,1.0,1
42618,30.05.2024 19:53:23.390000,497.516,688.843,7.44007,5.836,5.696,39.7186,4.60067,4.81084,39.6803,62.9541,750.315,742.455,4.4116,10.2972,1.37698,-1.59639,5.75054,13.4983,13.4983,1.0,1.0,1
42619,30.05.2024 19:53:23.400000,497.516,688.843,7.44007,5.836,5.696,39.7186,4.60067,4.81084,39.6803,62.9541,750.315,742.455,4.4116,10.2972,1.37698,-1.59639,5.75054,13.4983,13.4983,1.0,1.0,1
42620,30.05.2024 19:53:23.410000,505.673,697.0,7.4687,5.85,5.692,39.7138,4.619,4.8516,40.1655,66.7791,748.6,740.84,4.36635,10.8493,1.55609,-1.5478,5.75062,13.7008,13.7008,1.0,1.0,1
42621,30.05.2024 19:53:23.420000,505.673,697.0,7.4687,5.85,5.692,39.7138,4.619,4.8516,40.1655,66.7791,748.6,740.84,4.36635,10.8493,1.55609,-1.5478,5.75062,13.7008,13.7008,1.0,1.0,1
42622,30.05.2024 19:53:23.430000,519.021,694.61,7.44504,5.764,5.698,39.648,4.65358,4.78327,40.7317,63.5039,746.865,739.26,3.50281,11.6751,1.69408,-1.48241,5.75068,13.9468,13.9468,1.0,1.0,1
42623,30.05.2024 19:53:23.440000,536.325,686.618,7.46715,5.692,5.707,39.6812,4.62341,4.63512,40.9686,52.4359,745.17,737.68,2.96682,13.3087,1.76435,-1.50969,5.75053,13.9468,13.9468,1.0,1.0,1
42624,30.05.2024 19:53:23.450000,546.625,680.273,7.46964,5.728,5.71,39.6812,4.5328,4.45709,35.0429,40.5524,743.47,736.105,2.67537,13.9687,1.69487,-1.56247,5.75082,13.7949,13.7949,1.0,1.0,1
42625,30.05.2024 19:53:23.460000,564.999,680.273,7.46964,5.796,5.71,39.6882,4.5328,4.45709,35.0429,40.5524,742.665,735.315,2.41952,14.3961,1.72198,-1.43904,5.75082,13.3464,13.3464,1.0,1.0,1
42626,30.05.2024 19:53:23.470000,564.999,686.123,7.47115,5.796,5.693,39.6313,4.44523,4.31774,34.3406,32.4083,741.8,734.555,2.39881,15.8904,1.47251,-1.47114,5.75103,13.3464,13.3464,1.0,1.0,1
42627,30.05.2024 19:53:23.480000,582.797,691.232,7.45086,5.715,5.671,39.6313,4.39671,4.25227,29.0992,28.3384,740.945,733.735,2.0874,16.9155,1.6075,-1.56282,5.75129,13.5995,13.5995,1.0,1.0,1
42628,30.05.2024 19:53:23.490000,599.194,691.232,7.45086,5.672,5.671,39.6041,4.39671,4.25227,29.0992,28.3384,739.255,732.125,1.97952,17.0731,1.69055,-1.52615,5.75129,13.5995,13.5995,1.0,1.0,1
42629,30.05.2024 19:53:23.500000,599.194,686.783,7.44759,5.672,5.686,39.5569,4.3893,4.2639,27.2933,25.5905,738.43,731.37,1.86039,17.192,1.64511,-1.53646,5.75136,13.5995,13.5995,1.0,1.0,1
42630,30.05.2024 19:53:23.510000,606.692,686.783,7.44833,5.703,5.686,39.5569,4.3893,4.2639,27.2933,25.5905,737.58,730.53,2.10434,17.1684,1.76109,-1.45119,5.75136,12.9196,12.9196,1.0,1.0,1
42631,30.05.2024 19:53:23.520000,606.692,685.629,7.44833,5.703,5.674,39.5498,4.38563,4.33048,27.7379,27.8463,736.75,729.715,1.93346,18.0205,1.64358,-1.39685,5.75164,12.9196,12.9196,1.0,1.0,1
42632,30.05.2024 19:53:23.530000,616.745,679.696,7.47909,5.757,5.685,39.5498,4.3901,4.41382,26.5715,36.7395,735.005,728.14,1.95582,18.1009,1.64241,-1.46329,5.75183,12.6157,12.6157,1.0,1.0,1
42633,30.05.2024 19:53:23.540000,638.992,679.696,7.47909,5.755,5.685,39.6049,4.3901,4.41382,26.5715,36.7395,734.165,727.36,1.4594,18.0042,1.7234,-1.40648,5.75183,12.6157,12.6157,1.0,1.0,1
42634,30.05.2024 19:53:23.550000,638.992,679.696,7.47909,5.755,5.685,39.6049,4.3901,4.41382,26.5715,36.7395,734.165,727.36,1.4594,18.0042,1.7234,-1.40648,5.75183,12.6157,12.6157,1.0,1.0,1
42635,30.05.2024 19:53:23.560000,638.992,692.056,7.49876,5.755,5.675,39.4829,4.4078,4.48789,30.4261,41.2469,733.305,726.61,1.05778,18.9189,1.79752,-1.42664,5.75223,11.943,11.943,1.0,1.0,1
42636,30.05.2024 19:53:23.570000,665.689,687.689,7.50306,5.729,5.672,39.4921,4.43511,4.53677,29.8222,44.6221,730.79,724.16,0.886441,20.3679,1.75279,-1.32892,5.75239,11.943,11.943,1.0,1.0,1
42637,30.05.2024 19:53:23.580000,665.689,687.689,7.50306,5.729,5.672,39.4921,4.43511,4.53677,29.8222,44.6221,730.79,724.16,0.886441,20.3679,1.75279,-1.32892,5.75239,11.943,11.943,1.0,1.0,1
42638,30.05.2024 19:53:23.590000,665.689,685.794,7.50306,5.729,5.683,39.5788,4.45168,4.53641,31.5359,46.0954,729.965,723.395,0.693666,20.6081,1.81601,-1.24948,5.75266,11.5017,11.5017,1.0,1.0,1
42639,30.05.2024 19:53:23.600000,665.689,685.794,7.50306,5.729,5.683,39.5788,4.45168,4.53641,31.5359,46.0954,729.965,723.395,0.693666,20.6081,1.81601,-1.24948,5.75266,11.5017,11.5017,1.0,1.0,1
42640,30.05.2024 19:53:23.610000,673.929,689.914,7.50209,5.778,5.672,39.5186,4.43522,4.50352,31.9158,43.4317,728.305,721.79,0.374583,21.2096,1.80867,-1.41877,5.75284,11.5017,11.5017,1.0,1.0,1
42641,30.05.2024 19:53:23.620000,693.21,679.861,7.47807,5.744,5.672,39.5108,4.41106,4.44101,30.7929,40.7632,725.805,719.385,0.167764,21.6595,1.93807,-1.43413,5.75311,11.8417,11.8417,1.0,1.0,1
42642,30.05.2024 19:53:23.630000,693.21,679.861,7.47807,5.744,5.672,39.5108,4.41106,4.44101,30.7929,40.7632,725.805,719.385,0.167764,21.6595,1.93807,-1.43413,5.75311,11.8417,11.8417,1.0,1.0,1
42643,30.05.2024 19:53:23.640000,693.21,690.161,7.47617,5.744,5.669,39.656,4.38631,4.39184,29.9416,37.1049,724.965,718.615,0.590864,22.2214,2.40461,-1.44409,5.7533,12.2758,12.2758,1.0,1.0,1
42644,30.05.2024 19:53:23.650000,694.116,689.502,7.45293,5.764,5.684,39.6085,4.36329,4.35244,27.876,35.6449,722.45,716.27,0.56312,23.3943,3.44306,-1.45535,5.75347,12.2758,12.2758,1.0,1.0,1
42645,30.05.2024 19:53:23.660000,694.116,683.487,7.45293,5.764,5.675,39.6744,4.34201,4.33744,27.0063,32.117,721.58,715.515,0.0909375,24.1083,4.00701,-1.46915,5.75353,12.9919,12.9919,1.0,1.0,1
42646,30.05.2024 19:53:23.670000,692.056,683.487,7.4827,5.777,5.675,39.6744,4.34201,4.33744,27.0063,32.117,720.76,714.705,-0.323222,24.6952,4.77953,-1.47151,5.75353,12.8038,12.8038,1.0,1.0,1
42647,30.05.2024 19:53:23.680000,692.056,692.798,7.4827,5.777,5.667,39.6493,4.33087,4.33641,25.3644,31.7237,719.915,713.965,-0.995276,25.1121,5.20425,-1.46231,5.75393,12.8038,12.8038,1.0,1.0,1
42648,30.05.2024 19:53:23.690000,691.644,693.539,7.49283,5.727,5.66,39.6493,4.31775,4.33907,25.0741,33.1031,718.245,712.425,-1.13371,25.624,5.56236,-1.46069,5.75403,12.8038,12.8038,1.0,1.0,1
42649,30.05.2024 19:53:23.700000,691.644,693.539,7.49283,5.727,5.66,39.6493,4.31775,4.33907,25.0741,33.1031,718.245,712.425,-1.13371,25.624,5.56236,-1.46069,5.75403,12.8038,12.8038,1.0,1.0,1
42650,30.05.2024 19:53:23.710000,691.809,693.539,7.49283,5.718,5.66,39.733,4.30942,4.34672,24.825,32.7987,717.405,711.64,-1.1456,26.4664,5.82603,-1.46058,5.75403,12.4421,12.4421,1.0,1.0,1
42651,30.05.2024 19:53:23.720000,691.974,680.603,7.49278,5.735,5.679,39.7077,4.30284,4.34702,24.2074,32.8079,716.605,711.03,-15.4607,6.83501,6.87054,-1.49113,5.75453,12.5506,12.5506,1.0,1.0,1
42652,30.05.2024 19:53:23.730000,691.232,680.603,7.47444,5.791,5.679,39.7101,4.30284,4.34702,24.2074,32.8079,717.045,711.75,-16.2623,9.37244,7.34377,-1.45723,5.75453,12.5506,12.5506,1.0,1.0,1
42653,30.05.2024 19:53:23.740000,691.232,685.382,7.47444,5.791,5.698,39.7129,4.29471,4.34694,24.3826,32.4667,717.22,711.43,-13.2518,16.9089,7.7914,-1.51164,5.75499,12.16,12.16,1.0,1.0,1
42654,30.05.2024 19:53:23.750000,691.232,685.382,7.47444,5.791,5.698,39.7129,4.29471,4.34694,24.3826,32.4667,717.22,711.43,-13.2518,16.9089,7.7914,-1.51164,5.75499,12.16,12.16,1.0,1.0,1
42655,30.05.2024 19:53:23.760000,687.524,685.382,7.47788,5.77,5.698,39.7129,4.28698,4.34392,24.5247,32.5057,716.825,711.18,-5.71868,19.8738,8.32508,-1.57505,5.75499,11.046,11.046,1.0,1.0,1
42656,30.05.2024 19:53:23.770000,687.524,685.382,7.47788,5.77,5.698,39.7129,4.28698,4.34392,24.5247,32.5057,716.825,711.18,-5.71868,19.8738,8.32508,-1.57505,5.75499,11.046,11.046,1.0,1.0,1
42657,30.05.2024 19:53:23.780000,690.655,684.228,7.4881,5.741,5.705,39.6323,4.28405,4.34459,24.4474,32.6826,716.455,711.42,-5.3459,13.5881,9.01962,-1.54829,5.7559,11.046,11.046,1.0,1.0,1
42658,30.05.2024 19:53:23.790000,692.798,686.453,7.48688,5.748,5.705,39.6672,4.27543,4.34091,24.1983,32.4185,716.03,711.135,-0.868002,12.4182,9.97785,-1.60049,5.75617,10.5396,10.5396,1.0,1.0,1
42659,30.05.2024 19:53:23.800000,692.55,690.161,7.4776,5.799,5.72,39.6672,4.26186,4.33349,24.5727,31.8199,715.88,711.225,-0.696324,11.6742,10.1577,-1.73802,5.75677,9.80179,9.80179,1.0,1.0,1
42660,30.05.2024 19:53:23.810000,692.55,690.161,7.4776,5.799,5.72,39.6672,4.26186,4.33349,24.5727,31.8199,715.88,711.225,-0.696324,11.6742,10.1577,-1.73802,5.75677,9.80179,9.80179,1.0,1.0,1
42661,30.05.2024 19:53:23.820000,688.019,690.161,7.4776,5.806,5.72,39.7433,4.26186,4.33349,24.5727,31.8199,715.715,711.21,-0.394484,13.1276,10.4732,-1.7481,5.75677,9.44734,9.44734,1.0,1.0,1
42662,30.05.2024 19:53:23.830000,684.475,698.318,7.49321,5.783,5.734,39.738,4.20992,4.30947,19.457,29.5578,715.38,711.12,0.770759,12.0549,10.2451,-1.6702,5.75728,9.44734,9.44734,1.0,1.0,1
42663,30.05.2024 19:53:23.840000,684.475,690.243,7.49321,5.783,5.739,39.7148,4.20992,4.30947,19.457,29.5578,715.26,711.165,0.159449,12.0402,10.0509,-1.65368,5.75774,9.44734,9.44734,1.0,1.0,1
42664,30.05.2024 19:53:23.850000,691.726,687.689,7.47919,5.8,5.706,39.7148,4.20712,4.30219,21.9822,30.4306,715.035,711.04,0.179656,13.1432,10.0507,-1.65033,5.75784,10.0767,10.0767,1.0,1.0,1
42665,30.05.2024 19:53:23.860000,691.15,687.689,7.47919,5.84,5.706,39.6647,4.20712,4.30219,21.9822,30.4306,714.905,710.965,-0.326919,12.7215,10.3137,-1.67044,5.75784,10.2141,10.2141,1.0,1.0,1
42666,30.05.2024 19:53:23.870000,691.15,693.292,7.51934,5.84,5.702,39.6686,4.25164,4.30821,21.8495,30.4127,714.805,710.935,-1.41632,9.86702,10.2266,-1.52702,5.75806,10.2141,10.2141,1.0,1.0,1
42667,30.05.2024 19:53:23.880000,685.959,689.749,7.51984,5.813,5.718,39.6686,4.29185,4.31478,24.2621,29.089,714.725,710.895,-1.78889,9.18933,9.7888,-1.51967,5.75828,10.2141,10.2141,1.0,1.0,1
42668,30.05.2024 19:53:23.890000,692.55,689.749,7.51646,5.752,5.718,39.6711,4.29185,4.31478,24.2621,29.089,714.56,710.785,-1.81685,8.52695,9.3733,-1.49204,5.75828,10.2141,10.2141,1.0,1.0,1
42669,30.05.2024 19:53:23.900000,692.55,689.749,7.51646,5.752,5.718,39.6711,4.29185,4.31478,24.2621,29.089,714.56,710.785,-1.81685,8.52695,9.3733,-1.49204,5.75828,10.2141,10.2141,1.0,1.0,1
42670,30.05.2024 19:53:23.910000,692.55,690.161,7.51646,5.752,5.738,39.6498,4.32657,4.32581,28.1441,30.0466,714.5,710.755,-1.98538,7.18225,9.06103,-1.50678,5.75849,10.5686,10.5686,1.0,1.0,1
42671,30.05.2024 19:53:23.920000,689.255,686.7,7.51383,5.751,5.698,39.6473,4.32832,4.33159,28.8721,31.6368,714.365,710.685,-0.915614,5.0853,9.51134,-1.18615,5.75862,10.4673,10.4673,1.0,1.0,1
42672,30.05.2024 19:53:23.930000,689.255,686.7,7.51383,5.751,5.698,39.6473,4.32832,4.33159,28.8721,31.6368,714.365,710.685,-0.915614,5.0853,9.51134,-1.18615,5.75862,10.4673,10.4673,1.0,1.0,1
42673,30.05.2024 19:53:23.940000,688.266,683.157,7.49315,5.812,5.702,39.6473,4.31252,4.3344,28.4396,31.077,714.21,710.615,-0.189096,4.40818,9.68638,-0.953841,5.75922,10.4673,10.4673,1.0,1.0,1
42674,30.05.2024 19:53:23.950000,681.097,684.393,7.50152,5.815,5.722,39.7292,4.28617,4.33621,28.5008,32.2032,714.025,710.545,1.39306,2.83464,9.94227,-0.87665,5.75946,10.2648,10.2648,1.0,1.0,1
42675,30.05.2024 19:53:23.960000,689.502,695.434,7.50722,5.79,5.746,39.7292,4.27406,4.33317,26.8231,32.8266,713.935,710.52,1.60349,2.43699,9.94389,-0.780306,5.75992,10.3154,10.3154,1.0,1.0,1
42676,30.05.2024 19:53:23.970000,689.502,695.434,7.50734,5.777,5.746,39.8034,4.27406,4.33317,26.8231,32.8266,713.76,710.45,1.896,2.37824,9.67399,-0.796988,5.75992,10.3154,10.3154,1.0,1.0,1
42677,30.05.2024 19:53:23.980000,689.502,692.798,7.50734,5.777,5.745,39.815,4.25363,4.32318,26.6395,31.2329,713.66,710.38,1.84679,2.239,9.32834,-0.789122,5.76035,10.3154,10.3154,1.0,1.0,1
42678,30.05.2024 19:53:23.990000,679.861,692.798,7.50403,5.804,5.745,39.815,4.25363,4.32318,26.6395,31.2329,713.57,710.3,2.18193,1.05505,8.89278,-0.687512,5.76035,10.3516,10.3516,1.0,1.0,1
42679,30.05.2024 19:53:24.000000,679.861,686.123,7.50403,5.804,5.785,39.8427,4.23138,4.29856,24.1764,29.3644,713.475,710.26,2.15119,0.269806,8.6273,-0.692727,5.76071,10.3516,10.3516,1.0,1.0,1
42680,30.05.2024 19:53:24.010000,679.861,686.123,7.50403,5.804,5.785,39.8427,4.23138,4.29856,24.1764,29.3644,713.475,710.26,2.15119,0.269806,8.6273,-0.692727,5.76071,10.3516,10.3516,1.0,1.0,1
42681,30.05.2024 19:53:24.020000,683.487,692.138,7.49066,5.887,5.815,39.8427,4.22196,4.27919,23.8564,28.2472,713.29,710.225,2.15303,-0.189523,8.45839,-0.706664,5.76097,10.7205,10.7205,1.0,1.0,1
42682,30.05.2024 19:53:24.030000,683.487,692.138,7.49066,5.887,5.815,39.8427,4.22196,4.27919,23.8564,28.2472,713.29,710.225,2.15303,-0.189523,8.45839,-0.706664,5.76097,10.7205,10.7205,1.0,1.0,1
42683,30.05.2024 19:53:24.040000,687.195,692.221,7.50612,5.905,5.793,39.6299,4.19881,4.22561,24.1943,27.286,713.15,710.125,1.22741,0.390654,8.57025,-0.718016,5.76136,10.7205,10.7205,1.0,1.0,1
42684,30.05.2024 19:53:24.050000,682.745,685.547,7.39918,5.943,5.832,39.6433,4.18308,4.19699,20.7436,21.1613,712.945,709.97,1.25398,0.489573,9.3707,-0.638564,5.76185,11.2775,11.2775,1.0,1.0,1
42685,30.05.2024 19:53:24.060000,682.745,685.547,7.39918,5.943,5.832,39.6433,4.18308,4.19699,20.7436,21.1613,712.945,709.97,1.25398,0.489573,9.3707,-0.638564,5.76185,11.2775,11.2775,1.0,1.0,1
42686,30.05.2024 19:53:24.070000,682.745,678.378,7.39918,5.943,5.869,39.6732,4.1706,4.17361,22.2328,19.8349,712.895,709.87,1.29496,0.857142,9.84935,-0.625441,5.76225,11.6753,11.6753,1.0,1.0,1
42687,30.05.2024 19:53:24.080000,693.951,678.213,7.45149,6.024,5.822,39.7395,4.18473,4.19597,22.6112,23.7144,712.765,709.725,2.05009,0.322056,10.8989,-0.679018,5.76262,11.6319,11.6319,1.0,1.0,1
42688,30.05.2024 19:53:24.090000,692.55,676.73,7.45526,5.997,5.71,39.7395,4.24105,4.24104,24.5417,25.6469,712.62,709.57,2.29739,0.293164,11.0713,-0.674613,5.76313,11.6319,11.6319,1.0,1.0,1
42689,30.05.2024 19:53:24.100000,691.891,676.73,7.45526,5.907,5.71,39.6938,4.24105,4.24104,24.5417,25.6469,712.54,709.485,2.0783,0.375191,11.0158,-0.805335,5.76313,11.6319,11.6319,1.0,1.0,1
42690,30.05.2024 19:53:24.110000,691.891,676.73,7.45526,5.907,5.71,39.6938,4.24105,4.24104,24.5417,25.6469,712.54,709.485,2.0783,0.375191,11.0158,-0.805335,5.76313,11.6319,11.6319,1.0,1.0,1
42691,30.05.2024 19:53:24.120000,691.891,660.498,7.46768,5.907,5.63,39.7022,4.27243,4.28637,26.6113,27.1589,712.46,709.41,2.31504,-0.426591,10.4519,-0.749598,5.76361,11.4728,11.4728,1.0,1.0,1
42692,30.05.2024 19:53:24.130000,683.816,625.232,7.51978,5.836,5.624,39.8512,4.27607,4.30859,27.7767,30.5965,712.24,709.25,2.20916,-0.0229983,9.59238,-0.875475,5.76423,11.4728,11.4728,1.0,1.0,1
42693,30.05.2024 19:53:24.140000,683.816,625.232,7.51978,5.836,5.624,39.8512,4.27607,4.30859,27.7767,30.5965,712.24,709.25,2.20916,-0.0229983,9.59238,-0.875475,5.76423,11.4728,11.4728,1.0,1.0,1
42694,30.05.2024 19:53:24.150000,683.816,610.895,7.50893,5.836,5.656,40.2929,4.23454,4.29699,27.8957,30.0762,712.165,709.165,2.19664,0.618123,9.46873,-0.844786,5.7647,11.9864,11.9864,1.0,1.0,1
42695,30.05.2024 19:53:24.160000,683.816,610.895,7.50893,5.836,5.656,40.2929,4.23454,4.29699,27.8957,30.0762,712.165,709.165,2.19664,0.618123,9.46873,-0.844786,5.7647,11.9864,11.9864,1.0,1.0,1
42696,30.05.2024 19:53:24.170000,652.588,584.775,7.3718,5.874,5.687,41.0566,4.19665,4.27406,24.2872,28.495,712.025,709.045,2.1155,0.659508,9.48281,-0.75154,5.76556,11.6898,11.6898,1.0,1.0,1
42697,30.05.2024 19:53:24.180000,652.588,584.775,7.3718,5.874,5.687,41.0566,4.19665,4.27406,24.2872,28.495,712.025,709.045,2.1155,0.659508,9.48281,-0.75154,5.76556,11.6898,11.6898,1.0,1.0,1
42698,30.05.2024 19:53:24.190000,609.823,567.059,7.39101,5.793,5.725,42.0353,4.1894,4.26496,26.1279,27.7798,711.81,708.755,1.96442,1.528,9.39301,-0.768675,5.76618,11.3932,11.3932,1.0,1.0,1
42699,30.05.2024 19:53:24.200000,609.823,567.059,7.39101,5.793,5.725,42.0353,4.1894,4.26496,26.1279,27.7798,711.81,708.755,1.96442,1.528,9.39301,-0.768675,5.76618,11.3932,11.3932,1.0,1.0,1
42700,30.05.2024 19:53:24.210000,601.584,562.198,7.48294,5.772,5.702,43.0815,4.21731,4.26349,25.3235,27.7563,711.68,708.565,1.81961,0.467562,9.58656,-0.688479,5.76728,11.1762,11.1762,1.0,1.0,1
42701,30.05.2024 19:53:24.220000,601.584,562.198,7.48294,5.772,5.702,43.0815,4.21731,4.26349,25.3235,27.7563,711.68,708.565,1.81961,0.467562,9.58656,-0.688479,5.76728,11.1762,11.1762,1.0,1.0,1
42702,30.05.2024 19:53:24.230000,598.947,559.726,7.53259,5.778,5.706,45.4117,4.19022,4.24905,25.4979,27.0896,711.44,708.33,2.26228,-0.173707,9.2724,-0.526808,5.76785,11.1762,11.1762,1.0,1.0,1
42703,30.05.2024 19:53:24.240000,606.445,561.291,7.4046,5.805,5.741,46.8138,4.12192,4.18777,23.0456,25.0308,711.29,708.175,1.91679,-0.198423,8.6725,-0.376658,5.76844,11.3354,11.3354,1.0,1.0,1
42704,30.05.2024 19:53:24.250000,598.947,559.726,7.53259,5.778,5.706,45.4117,4.19022,4.24905,25.4979,27.0896,711.44,708.33,2.26228,-0.173707,9.2724,-0.526808,5.76785,11.1762,11.1762,1.0,1.0,1
42705,30.05.2024 19:53:24.260000,599.194,561.291,7.39052,5.94,5.815,48.1491,4.19022,4.24905,25.4979,27.0896,711.08,707.92,1.97975,-0.186214,9.00797,0.0141406,5.76902,12.746,12.746,1.0,1.0,1
42706,30.05.2024 19:53:24.270000,599.194,554.864,7.38622,5.94,5.855,49.4543,4.0338,4.06397,16.9275,13.7444,710.995,707.83,2.08955,-0.0160842,9.43426,0.396232,5.76924,12.746,12.746,1.0,1.0,1
42707,30.05.2024 19:53:24.280000,613.696,566.318,7.39547,6.03,5.863,49.4543,4.04525,4.06867,15.8285,14.3067,710.9,707.735,1.9419,-0.142185,9.45769,0.354795,5.76935,12.594,12.594,1.0,1.0,1
42708,30.05.2024 19:53:24.290000,612.707,566.318,7.33735,6.049,5.863,50.7959,4.04525,4.06867,15.8285,14.3067,710.765,707.54,1.52167,-0.0507846,9.41587,0.323141,5.76935,12.594,12.594,1.0,1.0,1
42709,30.05.2024 19:53:24.300000,612.707,566.318,7.33735,6.049,5.863,50.7959,4.04525,4.06867,15.8285,14.3067,710.765,707.54,1.52167,-0.0507846,9.41587,0.323141,5.76935,12.594,12.594,1.0,1.0,1
42710,30.05.2024 19:53:24.310000,612.707,567.883,7.33735,6.049,5.858,52.1842,4.09291,4.08157,19.5444,16.4414,710.705,707.455,1.83227,-0.310739,9.37729,0.503549,5.76964,12.6013,12.6013,1.0,1.0,1
42711,30.05.2024 19:53:24.320000,612.707,567.883,7.33735,6.049,5.858,52.1842,4.09291,4.08157,19.5444,16.4414,710.705,707.455,1.83227,-0.310739,9.37729,0.503549,5.76964,12.6013,12.6013,1.0,1.0,1
42712,30.05.2024 19:53:24.330000,616.168,567.059,7.24906,6.011,5.823,53.601,4.1483,4.13979,20.5368,16.4126,710.48,707.2,2.43432,-0.234731,9.73167,1.04905,5.77003,12.84,12.84,1.0,1.0,1
42713,30.05.2024 19:53:24.340000,621.441,566.482,7.28733,5.979,5.812,54.9774,4.17647,4.18185,23.9594,22.9271,710.32,706.97,2.35281,0.331698,9.93097,1.64376,5.77027,12.9051,12.9051,1.0,1.0,1
42714,30.05.2024 19:53:24.350000,616.168,567.059,7.24906,6.011,5.823,53.601,4.1483,4.13979,20.5368,16.4126,710.48,707.2,2.43432,-0.234731,9.73167,1.04905,5.77003,12.9051,12.9051,1.0,1.0,1
42715,30.05.2024 19:53:24.360000,611.059,568.378,7.20244,5.988,5.788,56.4332,4.13924,4.1844,23.0209,22.6351,710.175,706.775,2.3451,0.0746369,10.0671,2.48573,5.77154,12.9991,12.9991,1.0,1.0,1
42716,30.05.2024 19:53:24.370000,590.46,568.378,7.21983,5.987,5.788,57.763,4.13924,4.1844,23.0209,22.6351,710.035,706.57,2.47918,0.301032,10.033,2.71011,5.77154,12.9991,12.9991,1.0,1.0,1
42717,30.05.2024 19:53:24.380000,590.46,568.707,7.21983,5.987,5.733,59.1813,4.11346,4.12766,22.5783,21.5288,709.97,706.45,2.45937,0.0685315,9.8598,2.88556,5.77231,12.8038,12.8038,1.0,1.0,1
42718,30.05.2024 19:53:24.390000,590.46,568.378,7.21983,5.987,5.788,57.763,4.11346,4.12766,22.5783,21.5288,710.035,706.57,2.47918,0.301032,10.033,2.71011,5.77154,12.9991,12.9991,1.0,1.0,1
42719,30.05.2024 19:53:24.400000,590.46,568.378,7.21983,5.987,5.788,57.763,4.11346,4.12766,22.5783,21.5288,710.035,706.57,2.47918,0.301032,10.033,2.71011,5.77154,12.9991,12.9991,1.0,1.0,1
42720,30.05.2024 19:53:24.410000,603.808,569.201,7.22511,5.968,5.708,60.5615,4.08906,4.08409,20.9142,18.0846,709.8,706.27,2.01924,-0.0782886,9.0951,3.02733,5.77292,12.8038,12.8038,1.0,1.0,1
42721,30.05.2024 19:53:24.420000,603.808,569.201,7.22511,5.968,5.708,60.5615,4.08906,4.08409,20.9142,18.0846,709.8,706.27,2.01924,-0.0782886,9.0951,3.02733,5.77292,12.8038,12.8038,1.0,1.0,1
42722,30.05.2024 19:53:24.430000,607.352,569.531,7.12836,5.986,5.786,61.9063,4.07758,4.04333,20.8034,14.6966,709.59,705.995,1.88309,0.0839162,8.91893,3.08351,5.77396,12.2034,12.2034,1.0,1.0,1
42723,30.05.2024 19:53:24.440000,607.352,569.531,7.12836,5.986,5.786,61.9063,4.07758,4.04333,20.8034,14.6966,709.59,705.995,1.88309,0.0839162,8.91893,3.08351,5.77396,12.2034,12.2034,1.0,1.0,1
42724,30.05.2024 19:53:24.450000,614.602,571.509,7.07989,6.009,5.836,63.2388,4.05959,4.04675,19.7038,13.0927,709.46,705.83,2.17099,0.201607,8.81252,3.32043,5.77516,12.4494,12.4494,1.0,1.0,1
42725,30.05.2024 19:53:24.460000,594.333,569.778,7.08264,6.007,5.835,65.7678,4.06214,4.05541,19.0723,14.3048,709.24,705.54,2.4091,0.600502,8.85115,3.48576,5.77573,12.4494,12.4494,1.0,1.0,1
42726,30.05.2024 19:53:24.470000,599.853,569.778,6.97411,5.997,5.835,65.7678,4.06214,4.05541,19.0723,14.3048,709.17,705.465,2.25663,0.583045,9.01978,3.56525,5.77573,12.5,12.5,1.0,1.0,1
42727,30.05.2024 19:53:24.480000,599.853,565.411,6.97411,5.997,5.912,67.0682,4.05717,4.05968,19.3384,14.5939,709.09,705.35,2.55275,1.37586,9.42722,3.69243,5.77639,12.5,12.5,1.0,1.0,1
42728,30.05.2024 19:53:24.490000,597.052,561.456,6.93086,6.01,5.849,67.0682,4.05944,4.05461,18.4597,14.3224,708.92,705.11,2.48407,1.09822,9.49012,3.7546,5.77689,12.5,12.5,1.0,1.0,1
42729,30.05.2024 19:53:24.500000,599.936,561.456,6.93086,6.049,5.849,68.3079,4.05944,4.05461,18.4597,14.3224,708.84,705.0,2.73806,0.874829,9.36995,3.85875,5.77689,12.5,12.5,1.0,1.0,1
42730,30.05.2024 19:53:24.510000,599.936,561.456,6.93086,6.049,5.849,68.3079,4.05944,4.05461,18.4597,14.3224,708.84,705.0,2.73806,0.874829,9.36995,3.85875,5.77689,12.5,12.5,1.0,1.0,1
42731,30.05.2024 19:53:24.520000,599.936,568.542,7.00485,6.049,5.864,69.5103,4.04567,4.05051,19.1084,14.362,708.775,704.915,2.38765,0.276164,8.71224,3.89544,5.77756,12.4421,12.4421,1.0,1.0,1
42732,30.05.2024 19:53:24.530000,599.936,568.542,7.00485,6.049,5.864,69.5103,4.04567,4.05051,19.1084,14.362,708.775,704.915,2.38765,0.276164,8.71224,3.89544,5.77756,12.4421,12.4421,1.0,1.0,1
42733,30.05.2024 19:53:24.540000,599.606,565.164,6.66771,6.057,5.896,70.8925,4.03541,4.0354,17.6876,14.4416,708.505,704.64,2.4851,0.0950761,8.2468,3.92943,5.77843,12.2468,12.2468,1.0,1.0,1
42734,30.05.2024 19:53:24.550000,599.606,565.164,6.66771,6.057,5.896,70.8925,4.03541,4.0354,17.6876,14.4416,708.505,704.64,2.4851,0.0950761,8.2468,3.92943,5.77843,12.2468,12.2468,1.0,1.0,1
42735,30.05.2024 19:53:24.560000,596.722,562.692,6.58491,6.093,5.943,72.0322,3.96968,4.00328,15.2459,12.2977,708.375,704.46,1.8178,-0.272422,8.32733,4.01195,5.77929,12.2468,12.2468,1.0,1.0,1
42736,30.05.2024 19:53:24.570000,596.722,562.692,6.58491,6.093,5.943,72.0322,3.96968,4.00328,15.2459,12.2977,708.375,704.46,1.8178,-0.272422,8.32733,4.01195,5.77929,12.2468,12.2468,1.0,1.0,1
42737,30.05.2024 19:53:24.580000,587.329,499.658,6.51161,6.183,6.121,73.2201,3.93704,3.98337,13.8886,10.387,708.155,704.16,1.88716,-0.248846,8.71553,4.16133,5.78091,12.254,12.254,1.0,1.0,1
42738,30.05.2024 19:53:24.590000,556.595,430.032,6.26261,6.312,6.244,75.3579,3.92983,3.97522,13.7377,11.1453,708.02,703.955,2.07767,-0.0378642,8.66059,4.26474,5.78153,12.3047,12.3047,1.0,1.0,1
42739,30.05.2024 19:53:24.600000,557.419,383.725,6.12605,6.357,6.081,75.3579,3.95146,3.97441,12.8021,11.7543,707.955,703.845,2.19864,0.0969777,8.57881,4.3236,5.78253,12.3047,12.3047,1.0,1.0,1
42740,30.05.2024 19:53:24.610000,558.078,383.725,6.09135,6.334,6.081,76.4039,3.95146,3.97441,12.8021,11.7543,707.81,703.62,2.15425,0.0113053,8.45273,4.35456,5.78253,12.3047,12.3047,1.0,1.0,1
42741,30.05.2024 19:53:24.620000,558.078,366.092,6.09135,6.334,6.093,77.2985,4.00533,4.02316,16.2169,14.0203,707.73,703.57,2.37251,-0.0383773,8.40596,4.41773,5.78348,12.3047,12.3047,1.0,1.0,1
42742,30.05.2024 19:53:24.630000,576.123,366.092,5.97738,6.307,6.093,77.2985,4.00533,4.02316,16.2169,14.0203,707.645,703.47,2.29936,0.280104,8.30995,4.4288,5.78348,12.283,12.283,1.0,1.0,1
42743,30.05.2024 19:53:24.640000,576.123,358.594,5.97738,6.307,6.059,78.157,4.07268,4.04735,20.9072,18.6509,707.57,703.345,2.2953,0.997073,8.23416,4.44102,5.78486,12.283,12.283,1.0,1.0,1
42744,30.05.2024 19:53:24.650000,598.947,373.013,5.80566,6.275,5.722,78.157,4.12561,4.08913,23.0766,19.1006,707.43,703.075,2.34407,0.545327,8.24879,4.46354,5.78654,12.6591,12.6591,1.0,1.0,1
42745,30.05.2024 19:53:24.660000,587.576,373.013,5.80566,6.238,5.722,78.8414,4.12561,4.08913,23.0766,19.1006,707.34,702.99,2.39205,0.0816426,8.19581,4.56484,5.78654,12.6447,12.6447,1.0,1.0,1
42746,30.05.2024 19:53:24.670000,587.576,373.013,5.80566,6.238,5.722,78.8414,4.12561,4.08913,23.0766,19.1006,707.34,702.99,2.39205,0.0816426,8.19581,4.56484,5.78654,12.6447,12.6447,1.0,1.0,1
42747,30.05.2024 19:53:24.680000,587.576,384.054,5.71587,6.238,5.81,79.3242,4.11005,4.09161,27.1063,20.7352,707.255,702.895,2.49687,-0.161632,8.0095,4.64293,5.78834,12.3553,12.3553,1.0,1.0,1
42748,30.05.2024 19:53:24.690000,592.685,387.268,5.62178,6.232,5.525,79.7772,4.05758,4.07819,24.5952,21.9976,707.02,702.575,2.475,0.0525918,7.88061,4.79898,5.78983,12.3553,12.3553,1.0,1.0,1
42749,30.05.2024 19:53:24.700000,592.685,380.429,5.62178,6.232,5.605,80.1409,3.99879,4.05793,20.652,18.2712,706.935,702.445,2.57797,0.277594,7.7724,4.83218,5.79122,12.3626,12.3626,1.0,1.0,1
42750,30.05.2024 19:53:24.710000,592.685,380.429,5.62178,6.232,5.605,80.1409,3.99879,4.05793,20.652,18.2712,706.935,702.445,2.57797,0.277594,7.7724,4.83218,5.79122,12.3626,12.3626,1.0,1.0,1
42751,30.05.2024 19:53:24.720000,628.775,380.429,5.53195,6.18,5.605,80.1409,3.98207,4.05487,20.1608,19.8701,706.875,702.325,2.18707,0.253039,7.63722,4.91329,5.79122,12.254,12.254,1.0,1.0,1
42752,30.05.2024 19:53:24.730000,628.775,380.429,5.53195,6.18,5.605,80.1409,3.98207,4.05487,20.1608,19.8701,706.875,702.325,2.18707,0.253039,7.63722,4.91329,5.79122,12.254,12.254,1.0,1.0,1
42753,30.05.2024 19:53:24.740000,595.651,394.849,5.51398,6.14,5.483,80.4532,4.01861,4.04604,19.9075,20.1934,706.645,701.985,2.52123,0.0360684,7.30413,4.95055,5.79349,12.254,12.254,1.0,1.0,1
42754,30.05.2024 19:53:24.750000,621.277,404.324,5.57421,6.087,5.466,81.0305,4.05441,4.06168,21.9211,19.2829,706.495,701.735,2.31772,0.11257,6.41489,4.94174,5.79371,12.3409,12.3409,1.0,1.0,1
42755,30.05.2024 19:53:24.760000,600.842,421.957,5.59984,6.035,5.355,81.0305,4.07606,4.06931,23.1604,20.5849,706.42,701.625,2.31185,0.145705,6.05833,4.90597,5.79408,12.2396,12.2396,1.0,1.0,1
42756,30.05.2024 19:53:24.770000,610.647,421.957,5.60034,6.004,5.355,81.2895,4.07606,4.06931,23.1604,20.5849,706.265,701.405,2.18917,-0.12462,5.87058,5.02137,5.79408,12.2396,12.2396,1.0,1.0,1
42757,30.05.2024 19:53:24.780000,610.647,421.957,5.60034,6.004,5.355,81.2895,4.07606,4.06931,23.1604,20.5849,706.265,701.405,2.18917,-0.12462,5.87058,5.02137,5.79408,12.2396,12.2396,1.0,1.0,1
42758,30.05.2024 19:53:24.790000,610.647,435.8,5.60034,6.004,5.451,81.3754,4.06382,4.09417,25.1141,24.584,706.2,701.28,2.07529,0.0566144,5.66035,5.03131,5.79376,12.2396,12.2396,1.0,1.0,1
42759,30.05.2024 19:53:24.800000,610.647,435.8,5.60034,6.004,5.451,81.3754,4.06382,4.09417,25.1141,24.584,706.2,701.28,2.07529,0.0566144,5.66035,5.03131,5.79376,12.2396,12.2396,1.0,1.0,1
42760,30.05.2024 19:53:24.810000,599.029,432.751,5.62165,5.99,5.44,81.5551,4.06161,4.11796,24.2789,24.0284,706.04,701.105,2.71426,0.368477,5.10647,4.96118,5.79323,12.2396,12.2396,1.0,1.0,1
42761,30.05.2024 19:53:24.820000,599.029,432.751,5.62165,5.99,5.44,81.5551,4.06161,4.11796,24.2789,24.0284,706.04,701.105,2.71426,0.368477,5.10647,4.96118,5.79323,12.2396,12.2396,1.0,1.0,1
42762,30.05.2024 19:53:24.830000,601.172,442.639,5.73749,5.863,5.489,81.7978,4.07289,4.18948,25.7148,28.3423,705.815,700.75,2.23689,0.87834,4.9544,4.95662,5.79232,12.2034,12.2034,1.0,1.0,1
42763,30.05.2024 19:53:24.840000,601.336,499.658,5.84592,5.791,5.598,82.3007,4.14376,4.25967,27.6266,33.993,705.655,700.59,2.81046,1.31911,4.88607,5.12258,5.78995,12.2034,12.2034,1.0,1.0,1
42764,30.05.2024 19:53:24.850000,575.052,499.658,5.90552,5.766,5.598,82.4374,4.14376,4.25967,27.6266,33.993,705.505,700.375,2.49427,1.80323,4.82185,5.04939,5.78995,12.2034,12.2034,1.0,1.0,1
42765,30.05.2024 19:53:24.860000,575.052,499.658,5.90552,5.766,5.598,82.4374,4.14376,4.25967,27.6266,33.993,705.505,700.375,2.49427,1.80323,4.82185,5.04939,5.78995,12.2034,12.2034,1.0,1.0,1
42766,30.05.2024 19:53:24.870000,575.052,513.336,5.90552,5.766,5.649,82.4767,4.13727,4.24653,29.6504,32.6098,705.435,700.28,2.40682,1.86188,4.68376,4.98485,5.78826,11.6392,11.6392,1.0,1.0,1
42767,30.05.2024 19:53:24.880000,585.104,501.636,5.96797,5.752,5.646,82.5445,4.09697,4.19102,27.4745,32.4397,705.275,700.13,2.42939,2.5042,4.66034,5.01878,5.78687,11.0894,11.0894,1.0,1.0,1
42768,30.05.2024 19:53:24.890000,575.052,513.336,5.90552,5.766,5.649,82.4767,4.13727,4.24653,29.6504,32.6098,705.435,700.28,2.40682,1.86188,4.68376,4.98485,5.78826,11.6392,11.6392,1.0,1.0,1
42769,30.05.2024 19:53:24.900000,556.677,497.021,6.02457,5.786,5.644,82.5716,4.13727,4.24653,29.6504,32.6098,705.05,699.91,2.48186,3.19612,4.79268,5.04103,5.78539,10.7422,10.7422,1.0,1.0,1
42770,30.05.2024 19:53:24.910000,556.677,478.811,6.05958,5.786,5.725,82.6352,3.94385,4.00821,19.3443,17.6099,704.985,699.81,2.66469,4.06401,4.90442,5.14486,5.78417,10.7422,10.7422,1.0,1.0,1
42771,30.05.2024 19:53:24.920000,556.677,478.811,6.05958,5.786,5.725,82.6352,3.94385,4.00821,19.3443,17.6099,704.985,699.81,2.66469,4.06401,4.90442,5.14486,5.78417,10.7422,10.7422,1.0,1.0,1
42772,30.05.2024 19:53:24.930000,530.475,437.448,6.0509,5.844,5.776,82.6352,3.89402,3.93779,15.7289,11.6188,704.885,699.74,2.79478,4.18432,4.8587,5.14683,5.78302,10.2431,10.2431,1.0,1.0,1
42773,30.05.2024 19:53:24.940000,496.115,371.942,6.00191,5.938,5.908,82.7101,3.89109,3.88069,14.3248,7.8411,704.62,699.54,1.81262,4.68629,4.91362,5.03449,5.78199,10.0839,10.0839,1.0,1.0,1
42774,30.05.2024 19:53:24.950000,484.085,371.942,6.03862,6.014,5.908,82.7101,3.89109,3.88069,14.3248,7.8411,704.51,699.485,1.69037,5.2693,4.85641,5.1423,5.78199,9.4401,9.4401,1.0,1.0,1
42775,30.05.2024 19:53:24.960000,484.085,306.848,6.03862,6.014,5.858,82.7393,3.92405,3.8937,14.5494,7.21437,704.395,699.435,1.71493,5.52684,4.92132,5.23309,5.78136,9.4401,9.4401,1.0,1.0,1
42776,30.05.2024 19:53:24.970000,472.714,258.563,6.07714,6.032,5.874,82.7393,3.98814,3.95868,16.9993,9.7238,704.245,699.27,1.12784,6.00694,5.00539,5.35909,5.78074,8.91928,8.91928,1.0,1.0,1
42777,30.05.2024 19:53:24.980000,470.819,258.563,6.07714,6.023,5.874,82.7294,3.98814,3.95868,16.9993,9.7238,704.2,699.215,0.363236,5.68125,4.98483,5.27784,5.78074,8.89756,8.89756,1.0,1.0,1
42778,30.05.2024 19:53:24.990000,470.819,239.777,6.07557,6.023,5.872,82.7547,4.05345,4.04392,22.777,20.228,704.1,699.21,1.28209,5.07766,4.99145,5.35751,5.78044,8.89756,8.89756,1.0,1.0,1
42779,30.05.2024 19:53:25.000000,467.935,237.881,6.07637,5.994,5.806,82.7547,4.08045,4.08787,23.3053,20.3887,704.015,699.175,0.957072,5.66435,5.07046,5.46148,5.78028,8.78183,8.78183,1.0,1.0,1
42780,30.05.2024 19:53:25.010000,448.984,237.881,6.00349,5.954,5.806,82.8326,4.08045,4.08787,23.3053,20.3887,703.895,699.045,0.871364,6.16667,5.15309,5.49576,5.78028,8.78183,8.78183,1.0,1.0,1
42781,30.05.2024 19:53:25.020000,448.984,237.881,6.00349,5.954,5.806,82.8326,4.08045,4.08787,23.3053,20.3887,703.895,699.045,0.871364,6.16667,5.15309,5.49576,5.78028,8.78183,8.78183,1.0,1.0,1
42782,30.05.2024 19:53:25.030000,448.984,229.394,6.00349,5.954,5.921,82.9435,4.05138,4.13079,23.6459,21.1124,703.825,698.995,1.16019,5.90881,5.25176,5.49282,5.78074,8.78183,8.78183,1.0,1.0,1
42783,30.05.2024 19:53:25.040000,448.984,229.394,6.00349,5.954,5.921,82.9435,4.05138,4.13079,23.6459,21.1124,703.825,698.995,1.16019,5.90881,5.25176,5.49282,5.78074,8.78183,8.78183,1.0,1.0,1
42784,30.05.2024 19:53:25.050000,450.796,209.866,5.9334,5.983,5.788,82.9731,3.99218,4.09312,23.7877,25.3116,703.645,698.895,2.36889,5.33887,5.21399,5.70049,5.78123,8.78183,8.78183,1.0,1.0,1
42785,30.05.2024 19:53:25.060000,450.796,209.866,5.9334,5.983,5.788,82.9731,3.99218,4.09312,23.7877,25.3116,703.645,698.895,2.36889,5.33887,5.21399,5.70049,5.78123,8.78183,8.78183,1.0,1.0,1
42786,30.05.2024 19:53:25.070000,431.268,182.346,5.94066,5.97,5.865,82.9895,3.95023,4.06366,18.2804,20.2786,703.33,698.77,2.748,5.21725,5.17551,5.70225,5.78165,8.42013,8.42013,1.0,1.0,1
42787,30.05.2024 19:53:25.080000,431.268,182.346,5.94066,5.97,5.865,82.9895,3.95023,4.06366,18.2804,20.2786,703.33,698.77,2.748,5.21725,5.17551,5.70225,5.78165,8.42013,8.42013,1.0,1.0,1
42788,30.05.2024 19:53:25.090000,430.279,150.375,5.90309,5.937,5.666,82.9166,3.96165,3.99885,16.872,15.2744,703.125,698.655,1.83818,5.34829,4.99802,5.76887,5.78351,7.921,7.921,1.0,1.0,1
42789,30.05.2024 19:53:25.100000,420.145,139.581,5.85758,5.885,5.831,82.8389,3.98235,3.96762,19.4561,16.585,702.87,698.485,1.39412,4.99795,5.3891,5.65554,5.78484,7.26273,7.26273,1.0,1.0,1
42790,30.05.2024 19:53:25.110000,426.324,139.581,5.85571,5.849,5.831,82.8389,3.98235,3.96762,19.4561,16.585,702.82,698.435,1.09886,5.00172,5.4958,5.46401,5.78484,7.26273,7.26273,1.0,1.0,1
42791,30.05.2024 19:53:25.120000,426.324,149.304,5.85571,5.849,5.631,82.8502,3.99146,3.98959,18.4142,11.5883,702.76,698.435,1.0915,4.34423,5.77724,5.38554,5.78572,7.26273,7.26273,1.0,1.0,1
42792,30.05.2024 19:53:25.130000,411.987,149.634,5.84724,5.805,5.805,82.8502,3.97823,3.99995,19.6976,15.8167,702.585,698.365,1.69458,4.82297,5.7347,5.43825,5.78653,7.25549,7.25549,1.0,1.0,1
42793,30.05.2024 19:53:25.140000,430.691,149.634,5.79682,5.802,5.805,82.8369,3.97823,3.99995,19.6976,15.8167,702.525,698.29,2.12333,5.63397,5.61887,5.42867,5.78653,7.10358,7.10358,1.0,1.0,1
42794,30.05.2024 19:53:25.150000,430.691,141.888,5.79682,5.802,5.65,82.8878,3.95634,4.0156,18.2558,18.5465,702.47,698.22,2.48725,5.12362,5.65827,5.45559,5.78722,7.10358,7.10358,1.0,1.0,1
42795,30.05.2024 19:53:25.160000,409.433,123.431,5.78058,5.795,5.65,82.8878,3.95316,4.02844,18.3675,17.6157,702.37,698.19,3.02881,4.55782,5.6961,5.55484,5.78802,6.95167,6.95167,1.0,1.0,1
42796,30.05.2024 19:53:25.170000,417.343,123.431,5.8152,5.777,5.65,82.9098,3.95316,4.02844,18.3675,17.6157,702.18,698.11,2.63157,4.98099,5.46944,5.50849,5.78802,6.95167,6.95167,1.0,1.0,1
42797,30.05.2024 19:53:25.180000,417.343,123.431,5.8152,5.777,5.65,82.9098,3.95316,4.02844,18.3675,17.6157,702.18,698.11,2.63157,4.98099,5.46944,5.50849,5.78802,6.95167,6.95167,1.0,1.0,1
42798,30.05.2024 19:53:25.190000,417.343,109.424,5.8152,5.777,5.61,82.8551,3.94718,4.01608,19.0397,16.728,702.11,698.045,2.35054,5.35657,5.26,5.4756,5.78856,6.95167,6.95167,1.0,1.0,1
42799,30.05.2024 19:53:25.200000,396.414,106.128,5.84335,5.776,5.594,82.8922,3.95534,4.02006,16.5972,16.9147,701.915,697.92,2.32227,4.75265,4.85369,5.57066,5.78901,6.92274,6.92274,0.0,1.0,1
42800,30.05.2024 19:53:25.210000,417.343,109.424,5.8152,5.777,5.61,82.8551,3.94718,4.01608,19.0397,16.728,702.11,698.045,2.35054,5.35657,5.26,5.4756,5.78856,6.95167,6.95167,1.0,1.0,1
42801,30.05.2024 19:53:25.220000,405.478,104.892,5.83853,5.763,5.712,82.8977,3.94718,4.01608,19.0397,16.728,701.685,697.81,1.93924,4.44851,4.94776,5.53336,5.7893,6.45979,6.45979,0.0,1.0,1
42802,30.05.2024 19:53:25.230000,405.478,104.892,5.83853,5.763,5.712,82.8977,3.94718,4.01608,19.0397,16.728,701.685,697.81,1.93924,4.44851,4.94776,5.53336,5.7893,6.45979,6.45979,0.0,1.0,1
42803,30.05.2024 19:53:25.240000,405.478,67.5659,5.8404,5.763,5.545,82.9197,3.96299,4.01034,18.5729,17.3372,701.605,697.755,2.33479,5.26001,5.04954,5.48963,5.78963,6.2934,6.2934,0.0,1.0,1
42804,30.05.2024 19:53:25.250000,360.242,32.7942,5.84047,5.742,5.672,83.0184,3.96542,4.01981,19.0832,16.5385,701.37,697.59,2.54681,4.60223,5.18111,5.35545,5.78968,6.2934,6.2934,0.0,1.0,1
42805,30.05.2024 19:53:25.260000,360.242,1.64795,5.84047,5.742,5.692,82.9522,3.95991,4.02673,18.2218,17.819,701.29,697.565,2.7039,4.55738,5.27647,5.27018,5.78986,6.25724,6.25724,0.0,1.0,1
42806,30.05.2024 19:53:25.270000,342.691,1.64795,5.9035,5.726,5.692,82.9522,3.95991,4.02673,18.2218,17.819,701.2,697.525,2.64445,5.25487,5.53486,5.33887,5.78986,6.10533,6.10533,0.0,1.0,1
42807,30.05.2024 19:53:25.280000,342.691,-27.4383,5.9035,5.726,5.63,82.913,3.95233,4.02588,18.7227,18.7207,701.12,697.465,2.52393,5.42547,5.57009,5.39287,5.78971,6.10533,6.10533,0.0,1.0,1
42808,30.05.2024 19:53:25.290000,314.099,-64.9292,5.94779,5.7,5.778,82.913,3.95078,4.03001,18.4474,17.6217,700.965,697.35,2.56064,5.68759,5.54809,5.34356,5.78981,5.54832,5.54832,0.0,1.0,1
42809,30.05.2024 19:53:25.300000,306.518,-64.9292,5.94779,5.671,5.778,82.8966,3.95078,4.03001,18.4474,17.6217,700.89,697.28,2.42536,5.4093,5.63382,5.31406,5.78981,5.34578,5.34578,0.0,1.0,1
42810,30.05.2024 19:53:25.310000,306.518,-60.6445,5.93154,5.671,5.681,82.8918,3.95128,4.03122,18.7086,18.9598,700.805,697.245,2.62928,5.22137,5.82613,5.35843,5.78973,5.34578,5.34578,0.0,1.0,1
42811,30.05.2024 19:53:25.320000,306.518,-60.6445,5.93154,5.671,5.681,82.8918,3.95128,4.03122,18.7086,18.9598,700.805,697.245,2.62928,5.22137,5.82613,5.35843,5.78973,5.34578,5.34578,0.0,1.0,1
42812,30.05.2024 19:53:25.330000,288.721,-59.9853,5.9359,5.628,5.656,82.8918,3.95033,4.02706,18.9851,18.6266,700.735,697.195,2.53591,5.36165,5.9072,5.28509,5.78974,5.09982,5.09982,0.0,1.0,1
42813,30.05.2024 19:53:25.340000,288.721,-59.9853,5.9359,5.628,5.656,82.8918,3.95033,4.02706,18.9851,18.6266,700.735,697.195,2.53591,5.36165,5.9072,5.28509,5.78974,5.09982,5.09982,0.0,1.0,1
42814,30.05.2024 19:53:25.350000,272.076,-52.652,5.98718,5.589,5.81,82.8366,3.9325,4.02005,17.9502,17.6159,700.505,697.02,2.67163,5.41853,5.80841,5.24798,5.78958,4.59345,4.59345,0.0,1.0,1
42815,30.05.2024 19:53:25.360000,256.421,-40.3747,5.95573,5.511,5.784,82.9567,3.92806,4.01864,17.9967,18.7731,700.33,696.945,2.31087,4.90056,5.89463,5.29156,5.78948,4.59345,4.59345,0.0,1.0,1
42816,30.05.2024 19:53:25.370000,233.102,-46.8017,5.94423,5.492,5.805,82.9567,3.93062,4.01055,18.5674,19.0968,700.17,696.845,2.59671,5.07136,5.76379,5.31779,5.7895,4.03646,4.03646,0.0,1.0,1
42817,30.05.2024 19:53:25.380000,207.889,-46.8017,5.94423,5.463,5.805,82.9325,3.93062,4.01055,18.5674,19.0968,700.095,696.81,2.52839,4.84541,5.78235,5.21944,5.7895,2.91522,2.91522,0.0,1.0,1
42818,30.05.2024 19:53:25.390000,207.889,-46.8017,5.94423,5.463,5.805,82.9325,3.93062,4.01055,18.5674,19.0968,700.095,696.81,2.52839,4.84541,5.78235,5.21944,5.7895,2.91522,2.91522,0.0,1.0,1
42819,30.05.2024 19:53:25.400000,207.889,-37.738,5.96957,5.463,5.841,82.967,3.93876,4.0092,18.1531,17.8551,700.02,696.77,2.43677,5.30811,5.79101,5.16884,5.78963,2.91522,2.91522,0.0,1.0,1
42820,30.05.2024 19:53:25.410000,207.889,-37.738,5.96957,5.463,5.841,82.967,3.93876,4.0092,18.1531,17.8551,700.02,696.77,2.43677,5.30811,5.79101,5.16884,5.78963,2.91522,2.91522,0.0,1.0,1
42821,30.05.2024 19:53:25.420000,203.439,-74.9817,5.94309,5.738,5.754,82.9641,3.94171,4.00234,18.4537,16.5407,699.78,696.625,2.58757,5.50474,5.66117,5.15321,5.78961,2.17737,2.17737,0.0,1.0,1
42822,30.05.2024 19:53:25.430000,203.439,-74.9817,5.94309,5.738,5.754,82.9641,3.94171,4.00234,18.4537,16.5407,699.78,696.625,2.58757,5.50474,5.66117,5.15321,5.78961,2.17737,2.17737,0.0,1.0,1
42823,30.05.2024 19:53:25.440000,203.027,-151.941,5.92692,5.987,5.749,82.9364,3.91726,3.99017,17.8354,16.3782,699.605,696.54,2.69936,5.81689,5.6151,5.00339,5.79007,1.95312,1.95312,0.0,1.0,1
42824,30.05.2024 19:53:25.450000,185.889,-380.017,5.91234,5.951,5.762,82.9545,3.92575,3.99455,17.9869,16.2193,699.355,696.41,2.83994,5.97984,5.60902,5.02058,5.79064,1.95312,1.95312,0.0,1.0,1
42825,30.05.2024 19:53:25.460000,177.484,-380.017,5.91234,5.822,5.762,82.9979,3.92575,3.99455,17.9869,16.2193,699.275,696.365,2.78739,5.75682,5.63914,5.09907,5.79064,1.42507,1.42507,0.0,1.0,1
42826,30.05.2024 19:53:25.470000,177.484,-365.927,5.90392,5.822,5.784,83.0266,3.93591,3.99612,17.8474,16.5601,699.205,696.315,2.40587,5.78054,5.68011,5.15742,5.79114,1.42507,1.42507,0.0,1.0,1
42827,30.05.2024 19:53:25.480000,165.289,-321.762,5.90713,5.709,5.766,83.0266,3.93107,3.9927,18.0328,15.6472,699.125,696.27,2.5148,5.80707,5.68567,5.19683,5.7919,0.976562,0.976562,0.0,1.0,1
42828,30.05.2024 19:53:25.490000,156.802,-321.762,5.8919,5.77,5.766,82.8424,3.93107,3.9927,18.0328,15.6472,698.975,696.19,2.46437,5.9296,5.63691,5.20433,5.7919,0.976562,0.976562,0.0,1.0,1
42829,30.05.2024 19:53:25.500000,156.802,-321.762,5.8919,5.77,5.766,82.8424,3.93107,3.9927,18.0328,15.6472,698.975,696.19,2.46437,5.9296,5.63691,5.20433,5.7919,0.976562,0.976562,0.0,1.0,1
42830,30.05.2024 19:53:25.510000,156.802,-332.886,5.8919,5.77,5.757,82.9433,3.9167,3.98753,16.8886,15.3908,698.9,696.15,2.43091,5.82944,5.6856,5.2713,5.79249,0.774011,0.774011,0.0,1.0,1
42831,30.05.2024 19:53:25.520000,151.776,-409.68,5.87178,5.934,5.717,82.9381,3.9133,3.987,17.1473,16.4305,698.73,696.07,2.55739,5.93298,5.71318,5.48847,5.79326,-0.0868067,-0.0868067,0.0,1.0,1
42832,30.05.2024 19:53:25.530000,156.802,-332.886,5.8919,5.77,5.757,82.9433,3.9167,3.98753,16.8886,15.3908,698.9,696.15,2.43091,5.82944,5.6856,5.2713,5.79249,0.774011,0.774011,0.0,1.0,1
42833,30.05.2024 19:53:25.540000,142.136,-439.837,5.83534,5.666,5.734,82.9393,3.9167,3.98753,16.8886,15.3908,698.48,695.93,2.68552,5.69288,5.81205,5.45867,5.79402,-0.166371,-0.166371,0.0,1.0,1
42834,30.05.2024 19:53:25.550000,142.136,-389.74,5.82384,5.666,5.721,82.8846,3.92774,3.99567,17.7119,15.785,698.395,695.895,2.55868,5.34226,5.92191,5.51973,5.79444,-0.166371,-0.166371,0.0,1.0,1
42835,30.05.2024 19:53:25.560000,142.136,-389.74,5.82384,5.666,5.721,82.8846,3.92774,3.99567,17.7119,15.785,698.395,695.895,2.55868,5.34226,5.92191,5.51973,5.79444,-0.166371,-0.166371,0.0,1.0,1
42836,30.05.2024 19:53:25.570000,136.533,-376.309,5.82804,5.695,5.697,82.8846,3.92176,3.99407,17.1194,14.586,698.31,695.85,2.58119,5.35008,5.9332,5.54698,5.79494,-0.817418,-0.817418,0.0,1.0,1
42837,30.05.2024 19:53:25.580000,138.263,-436.706,5.84263,5.841,5.685,83.0496,3.9106,3.98981,16.9361,14.8546,698.07,695.745,2.66411,4.79397,5.93677,5.57807,5.7953,-1.23698,-1.23698,0.0,1.0,1
42838,30.05.2024 19:53:25.590000,136.038,-436.706,5.86449,5.881,5.685,83.0496,3.9106,3.98981,16.9361,14.8546,697.98,695.715,2.7344,5.56569,5.90324,5.58497,5.7953,-1.49016,-1.49016,0.0,1.0,1
42839,30.05.2024 19:53:25.600000,136.038,-504.437,5.86449,5.881,5.674,83.0368,3.91142,3.9901,17.4121,15.6178,697.92,695.675,2.69298,5.61488,5.94919,5.60083,5.79546,-1.49016,-1.49016,0.0,1.0,1
42840,30.05.2024 19:53:25.610000,136.038,-504.437,5.86449,5.881,5.674,83.0368,3.91142,3.9901,17.4121,15.6178,697.92,695.675,2.69298,5.61488,5.94919,5.60083,5.79546,-1.49016,-1.49016,0.0,1.0,1
42841,30.05.2024 19:53:25.620000,133.072,-494.137,5.86299,5.771,5.672,83.0368,3.91763,3.98764,17.0865,15.7173,697.77,695.545,2.91164,5.71284,5.85002,5.61319,5.79617,-1.78675,-1.78675,0.0,1.0,1
42842,30.05.2024 19:53:25.630000,133.072,-494.137,5.86299,5.771,5.672,83.0368,3.91763,3.98764,17.0865,15.7173,697.77,695.545,2.91164,5.71284,5.85002,5.61319,5.79617,-1.78675,-1.78675,0.0,1.0,1
42843,30.05.2024 19:53:25.640000,128.54,-457.471,5.90458,5.719,5.666,83.0313,3.9201,3.99393,17.23,14.7256,697.605,695.47,3.49768,4.79133,5.85803,5.67082,5.7962,-1.78675,-1.78675,0.0,1.0,1
42844,30.05.2024 19:53:25.650000,128.54,-457.471,5.90458,5.719,5.666,83.0313,3.9201,3.99393,17.23,14.7256,697.605,695.47,3.49768,4.79133,5.85803,5.67082,5.7962,-1.78675,-1.78675,0.0,1.0,1
42845,30.05.2024 19:53:25.660000,117.334,-501.883,5.8725,5.835,5.667,83.0248,3.91727,3.99991,16.5861,15.7465,697.36,695.36,3.47188,4.8507,5.93039,5.7364,5.7966,-1.78675,-1.78675,0.0,1.0,1
42846,30.05.2024 19:53:25.670000,114.944,-523.8,5.87774,5.778,5.666,82.9033,3.91719,3.99805,16.2175,15.2533,697.23,695.3,3.23223,4.79069,5.92696,5.85249,5.79664,-2.77778,-2.77778,0.0,1.0,1
42847,30.05.2024 19:53:25.680000,117.334,-501.883,5.8725,5.835,5.667,83.0248,3.91719,3.99805,16.2175,15.2533,697.36,695.36,3.47188,4.8507,5.93039,5.7364,5.7966,-2.77778,-2.77778,0.0,1.0,1
42848,30.05.2024 19:53:25.690000,113.956,-510.123,5.90097,5.73,5.714,82.8993,3.91917,4.00075,16.9034,14.9924,697.045,695.185,3.31104,5.03438,6.27544,5.82298,5.7972,-3.05989,-3.05989,0.0,1.0,1
42849,30.05.2024 19:53:25.700000,107.941,-510.123,5.90097,5.861,5.714,82.8455,3.91917,4.00075,16.9034,14.9924,696.975,695.14,3.94596,5.2629,6.39787,5.88695,5.7972,-3.32755,-3.32755,0.0,1.0,1
42850,30.05.2024 19:53:25.710000,107.941,-527.261,5.91712,5.861,5.674,82.8916,3.91917,4.00269,17.1141,15.3817,696.92,695.095,3.91341,5.43709,6.46791,5.90312,5.79727,-3.32755,-3.32755,0.0,1.0,1
42851,30.05.2024 19:53:25.720000,106.787,-525.613,5.93613,5.866,5.697,82.8916,3.92224,4.00356,16.4664,15.2476,696.85,695.06,4.10982,5.28826,6.58109,5.97479,5.79716,-3.682,-3.682,0.0,1.0,1
42852,30.05.2024 19:53:25.730000,89.978,-525.613,5.94592,5.779,5.697,82.9907,3.92224,4.00356,16.4664,15.2476,696.705,695.0,4.29732,5.26798,6.71964,5.98985,5.79716,-3.682,-3.682,0.0,1.0,1
42853,30.05.2024 19:53:25.740000,89.978,-527.344,5.94592,5.779,5.729,82.9594,3.92478,4.0058,17.1084,15.4582,696.625,694.96,4.27537,5.21646,6.7868,6.02596,5.79743,-3.682,-3.682,0.0,1.0,1
42854,30.05.2024 19:53:25.750000,73.1689,-527.344,5.9394,5.755,5.729,82.9594,3.92478,4.0058,17.1084,15.4582,696.565,694.925,4.06599,5.41069,6.76011,5.99547,5.79743,-4.09433,-4.09433,0.0,1.0,1
42855,30.05.2024 19:53:25.760000,73.1689,-531.299,5.9394,5.755,5.75,82.9163,3.92973,4.00747,16.7956,15.8949,696.5,694.875,4.14551,5.40496,6.79275,6.03268,5.79748,-4.09433,-4.09433,0.0,1.0,1
42856,30.05.2024 19:53:25.770000,62.7868,-529.486,5.94203,5.826,5.753,82.9163,3.92798,4.00684,16.161,16.1345,696.355,694.775,4.15917,5.37815,6.78516,6.21788,5.7976,-4.75261,-4.75261,0.0,1.0,1
42857,30.05.2024 19:53:25.780000,62.7868,-529.486,5.94203,5.826,5.753,82.9163,3.92798,4.00684,16.161,16.1345,696.355,694.775,4.15917,5.37815,6.78516,6.21788,5.7976,-4.75261,-4.75261,0.0,1.0,1
42858,30.05.2024 19:53:25.790000,42.9291,-529.486,5.94203,5.896,5.753,82.866,3.92684,4.0063,16.3953,16.0802,696.285,694.725,3.91853,5.26554,6.81347,6.17512,5.7976,-4.75261,-4.75261,0.0,1.0,1
42859,30.05.2024 19:53:25.800000,26.6144,-526.025,5.93893,5.851,5.784,82.9252,3.92613,4.00642,16.4325,16.0962,696.16,694.67,3.48363,4.69853,6.91543,6.21525,5.79827,-4.75261,-4.75261,0.0,1.0,1
42860,30.05.2024 19:53:25.810000,26.6144,-526.025,5.93893,5.851,5.784,82.9252,3.92613,4.00642,16.4325,16.0962,696.16,694.67,3.48363,4.69853,6.91543,6.21525,5.79827,-4.75261,-4.75261,0.0,1.0,1
42861,30.05.2024 19:53:25.820000,7.16858,-526.025,5.90025,5.842,5.784,82.9362,3.92613,4.00642,16.4325,16.0962,696.035,694.65,3.54544,4.97493,6.91584,6.24773,5.79827,-5.79427,-5.79427,0.0,1.0,1
42862,30.05.2024 19:53:25.830000,-1.73035,-530.639,5.92522,5.884,5.81,82.8601,3.93317,4.00831,16.2829,15.4768,695.925,694.59,3.13827,5.84366,7.31623,6.26984,5.79843,-6.1415,-6.1415,0.0,1.0,1
42863,30.05.2024 19:53:25.840000,-1.73035,-525.366,5.92522,5.884,5.784,82.8256,3.93317,4.00831,16.2829,15.4768,695.86,694.545,3.35107,5.67687,7.47966,6.3374,5.799,-6.1415,-6.1415,0.0,1.0,1
42864,30.05.2024 19:53:25.850000,9.97009,-523.306,5.93823,5.924,5.721,82.8256,3.9343,4.00679,16.8804,15.5143,695.745,694.48,3.44466,5.75371,7.65768,6.34616,5.7991,-6.1415,-6.1415,0.0,1.0,1
42865,30.05.2024 19:53:25.860000,8.98132,-523.306,5.93823,5.838,5.721,82.7828,3.9343,4.00679,16.8804,15.5143,695.705,694.455,3.76672,5.72465,7.91957,6.39137,5.7991,-6.51042,-6.51042,0.0,1.0,1
42866,30.05.2024 19:53:25.870000,8.98132,-523.306,5.93823,5.838,5.721,82.7828,3.9343,4.00679,16.8804,15.5143,695.705,694.455,3.76672,5.72465,7.91957,6.39137,5.7991,-6.51042,-6.51042,0.0,1.0,1
42867,30.05.2024 19:53:25.880000,8.98132,-526.108,5.92041,5.838,5.697,82.7948,3.93241,4.0063,16.7068,15.3464,695.63,694.425,4.14367,6.19291,8.01165,6.28291,5.8,-6.74913,-6.74913,0.0,1.0,1
42868,30.05.2024 19:53:25.890000,8.98132,-526.108,5.92041,5.838,5.697,82.7948,3.93241,4.0063,16.7068,15.3464,695.63,694.425,4.14367,6.19291,8.01165,6.28291,5.8,-6.74913,-6.74913,0.0,1.0,1
42869,30.05.2024 19:53:25.900000,-25.0488,-520.505,5.88877,5.839,5.743,82.875,3.92888,4.00617,16.4996,15.387,695.435,694.34,4.65465,6.08268,8.2138,6.37826,5.80048,-6.74913,-6.74913,0.0,1.0,1
42870,30.05.2024 19:53:25.910000,-25.0488,-520.505,5.88877,5.839,5.743,82.875,3.92888,4.00617,16.4996,15.387,695.435,694.34,4.65465,6.08268,8.2138,6.37826,5.80048,-6.74913,-6.74913,0.0,1.0,1
42871,30.05.2024 19:53:25.920000,-39.2212,-528.085,5.84454,5.889,5.761,82.8925,3.94112,4.01221,16.4277,16.2968,695.28,694.27,4.11182,6.23896,8.43656,6.4897,5.80104,-7.30614,-7.30614,0.0,1.0,1
42872,30.05.2024 19:53:25.930000,-35.5133,-525.284,5.89455,5.877,5.702,82.943,3.94498,4.0108,17.3128,14.7156,695.1,694.17,3.75511,6.40306,8.51859,6.47019,5.80206,-7.54485,-7.54485,0.0,1.0,1
42873,30.05.2024 19:53:25.940000,-37.5732,-525.284,5.89455,5.791,5.702,82.9346,3.94498,4.0108,17.3128,14.7156,695.045,694.135,3.9603,6.20933,8.65267,6.53286,5.80206,-7.66059,-7.66059,0.0,1.0,1
42874,30.05.2024 19:53:25.950000,-37.5732,-525.284,5.89455,5.791,5.702,82.9346,3.94498,4.0108,17.3128,14.7156,695.045,694.135,3.9603,6.20933,8.65267,6.53286,5.80206,-7.66059,-7.66059,0.0,1.0,1
42875,30.05.2024 19:53:25.960000,-37.5732,-519.433,5.86124,5.791,5.687,82.941,3.93964,4.01056,17.0608,15.4647,694.97,694.1,3.54463,6.21729,8.86377,6.45593,5.80277,-7.66059,-7.66059,0.0,1.0,1
42876,30.05.2024 19:53:25.970000,-63.034,-524.954,5.85292,5.809,5.696,82.9828,3.93714,4.01064,18.2006,15.7347,694.8,694.025,3.4021,5.70727,8.90205,6.32084,5.80306,-7.66059,-7.66059,0.0,1.0,1
42877,30.05.2024 19:53:25.980000,-63.034,-524.954,5.85292,5.809,5.696,82.9828,3.93714,4.01064,18.2006,15.7347,694.8,694.025,3.4021,5.70727,8.90205,6.32084,5.80306,-7.66059,-7.66059,0.0,1.0,1
42878,30.05.2024 19:53:25.990000,-63.034,-525.613,5.85292,5.809,5.699,82.9644,3.9368,4.01209,16.9449,15.9056,694.75,694.005,3.59067,5.69066,8.97354,6.35824,5.80331,-7.86313,-7.86313,0.0,1.0,1
42879,30.05.2024 19:53:26.000000,-64.5996,-522.482,5.85896,5.814,5.67,82.9566,3.94223,4.01476,16.5467,16.4294,694.63,693.975,3.94053,6.38872,8.87629,6.39308,5.80351,-8.26823,-8.26823,0.0,1.0,1
42880,30.05.2024 19:53:26.010000,-74.5697,-514.819,5.86984,5.777,5.685,82.9566,3.94247,4.01502,16.9751,16.2341,694.47,693.91,4.17087,6.21142,8.84032,6.42526,5.80379,-8.50694,-8.50694,0.0,1.0,1
42881,30.05.2024 19:53:26.020000,-88.0005,-514.819,5.86984,5.772,5.685,83.0116,3.94247,4.01502,16.9751,16.2341,694.39,693.89,3.98998,6.16667,8.80799,6.39629,5.80379,-8.76012,-8.76012,0.0,1.0,1
42882,30.05.2024 19:53:26.030000,-88.0005,-514.819,5.86984,5.772,5.685,83.0116,3.94247,4.01502,16.9751,16.2341,694.39,693.89,3.98998,6.16667,8.80799,6.39629,5.80379,-8.76012,-8.76012,0.0,1.0,1
42883,30.05.2024 19:53:26.040000,-88.0005,-526.355,5.88798,5.772,5.694,82.9724,3.93844,4.01314,17.5395,15.5724,694.315,693.87,3.5048,6.04445,8.79821,6.52331,5.80411,-8.78183,-8.78183,0.0,1.0,1
42884,30.05.2024 19:53:26.050000,-100.854,-526.602,5.92467,5.806,5.684,82.967,3.9333,4.01097,16.3303,15.4673,694.15,693.78,3.4423,6.71571,8.5588,6.52835,5.80452,-8.78183,-8.78183,0.0,1.0,1
42885,30.05.2024 19:53:26.060000,-100.854,-518.28,5.92467,5.806,5.696,82.9331,3.93286,4.01068,16.1154,14.8313,694.095,693.74,3.59084,6.66388,8.54708,6.59024,5.80476,-9.55585,-9.55585,0.0,1.0,1
42886,30.05.2024 19:53:26.070000,-100.854,-518.28,5.92467,5.806,5.696,82.9331,3.93286,4.01068,16.1154,14.8313,694.095,693.74,3.59084,6.66388,8.54708,6.59024,5.80476,-9.55585,-9.55585,0.0,1.0,1
42887,30.05.2024 19:53:26.080000,-101.761,-518.28,5.91739,5.777,5.696,82.9331,3.93613,4.01391,16.3593,15.0352,694.03,693.7,3.70528,6.44434,8.59051,6.61408,5.80476,-9.55585,-9.55585,0.0,1.0,1
42888,30.05.2024 19:53:26.090000,-103.326,-526.684,5.89699,5.766,5.693,82.9117,3.93918,4.01693,16.152,15.36,693.83,693.63,4.37621,5.84747,8.42419,6.73149,5.80546,-9.75116,-9.75116,0.0,1.0,1
42889,30.05.2024 19:53:26.100000,-103.326,-526.684,5.89699,5.766,5.693,82.9117,3.93918,4.01693,16.152,15.36,693.83,693.63,4.37621,5.84747,8.42419,6.73149,5.80546,-9.75116,-9.75116,0.0,1.0,1
42890,30.05.2024 19:53:26.110000,-106.54,-526.684,5.89699,5.806,5.693,82.9199,3.94082,4.01663,16.3274,15.4322,693.775,693.6,4.32131,5.53597,8.48186,6.76302,5.80546,-9.85967,-9.85967,0.0,1.0,1
42891,30.05.2024 19:53:26.120000,-111.401,-515.231,5.92703,5.866,5.76,82.9679,3.94099,4.01757,15.8075,14.3181,693.645,693.555,4.73902,5.32411,8.39894,6.72151,5.80616,-10.1635,-10.1635,0.0,1.0,1
42892,30.05.2024 19:53:26.130000,-113.956,-515.231,5.93197,5.849,5.76,82.877,3.94099,4.01757,15.8075,14.3181,693.505,693.51,4.73829,5.26642,8.42017,6.7441,5.80616,-10.1635,-10.1635,0.0,1.0,1
42893,30.05.2024 19:53:26.140000,-113.956,-515.231,5.93197,5.849,5.76,82.877,3.94099,4.01757,15.8075,14.3181,693.505,693.51,4.73829,5.26642,8.42017,6.7441,5.80616,-10.1635,-10.1635,0.0,1.0,1
42894,30.05.2024 19:53:26.150000,-113.956,-527.344,5.93197,5.849,5.756,82.8511,3.94197,4.02021,15.8289,15.4005,693.445,693.48,4.63009,5.50739,8.36122,6.69102,5.80635,-10.1635,-10.1635,0.0,1.0,1
42895,30.05.2024 19:53:26.160000,-116.922,-523.718,5.96416,5.829,5.756,82.8584,3.9435,4.01953,15.8658,16.1601,693.305,693.41,4.84969,5.73632,8.03376,6.826,5.80672,-10.6337,-10.6337,0.0,1.0,1
42896,30.05.2024 19:53:26.170000,-113.956,-527.344,5.93197,5.849,5.756,82.8511,3.94197,4.02021,15.8289,15.4005,693.445,693.48,4.63009,5.50739,8.36122,6.69102,5.80635,-10.1635,-10.1635,0.0,1.0,1
42897,30.05.2024 19:53:26.180000,-119.476,-518.857,5.96853,5.839,5.738,82.8501,3.94197,4.02021,15.8289,15.4005,693.1,693.295,4.43904,5.49113,7.85048,6.82797,5.80706,-10.5324,-10.5324,0.0,1.0,1
42898,30.05.2024 19:53:26.190000,-119.476,-525.448,5.96636,5.839,5.756,82.8637,3.94488,4.02158,16.1715,15.4032,693.045,693.275,4.23715,4.62384,7.90679,6.82085,5.80735,-10.5324,-10.5324,0.0,1.0,1
42899,30.05.2024 19:53:26.200000,-128.458,-525.119,5.98694,5.842,5.78,82.8637,3.9456,4.02134,15.6023,14.7318,692.995,693.255,4.25968,4.42201,7.89518,6.88943,5.80788,-11.046,-11.046,0.0,1.0,1
