,time,Pinceur Inf Mesure de courant,Pinceur Sup Mesure de courant,Mandrin - Vitesse Actuelle,Pinceur Sup Mesure vitesse lineaire,Pinceur Inf Mesure vitesse lineaire,Mandrin - Mesure Expansion,Pinceur Nord Position entrefer estimee,Pinceur Sud Position entrefer estimee,Pinceur Nord Force entrefer calibree,Pinceur Sud Force entrefer calibree,Guides Nord Entree Position mesuree,Guides Nord Sortie Position mesuree,Guides Nord Entree Force pour regulateur PI,Guides Nord Sortie Force pour regulateur PI,Guides Sud Entree Force pour regulateur PI,Guides Sud Sortie Force pour regulateur PI,Mandrin - Vitesse Actuelle F10,_Excentrage largeur bande jauge bob,_Excentrage largeur bande jauge bob.1,TDB pinceur,Fenetre,Declancheur
48600,30.05.2024 21:08:02.680000,85.1166,50.7568,7.37165,7.61,7.464,38.4522,4.22938,4.09602,67.0847,77.5848,748.89,740.39,5.52116,2.73365,1.48824,-0.678509,6.38618,13.151,13.151,1.0,1.0,1
48601,30.05.2024 21:08:02.690000,96.3226,71.3562,7.33946,7.584,7.244,38.4522,4.22938,4.09602,67.0847,77.5848,748.075,739.525,5.4589,2.95266,1.38453,-0.551845,6.38678,13.1438,13.1438,1.0,1.0,1
48602,30.05.2024 21:08:02.700000,112.225,71.3562,7.33945,7.408,7.244,38.471,4.24361,4.23763,66.1095,76.9681,746.415,737.84,5.47888,2.78386,1.40366,-0.645109,6.38678,13.1438,13.1438,1.0,1.0,1
48603,30.05.2024 21:08:02.710000,112.225,71.3562,7.33945,7.408,7.244,38.471,4.24361,4.23763,66.1095,76.9681,746.415,737.84,5.47888,2.78386,1.40366,-0.645109,6.38678,13.1438,13.1438,1.0,1.0,1
48604,30.05.2024 21:08:02.720000,112.225,106.375,7.33945,7.408,7.079,38.471,3.9654,4.09729,59.6867,83.965,745.565,737.02,6.13635,2.78957,1.37701,-0.648659,6.38694,12.84,12.84,1.0,1.0,1
48605,30.05.2024 21:08:02.730000,112.225,106.375,7.33945,7.408,7.079,38.471,3.9654,4.09729,59.6867,83.965,745.565,737.02,6.13635,2.78957,1.37701,-0.648659,6.38694,12.84,12.84,1.0,1.0,1
48606,30.05.2024 21:08:02.740000,146.503,149.057,7.3224,7.296,6.916,38.4372,3.65839,3.89146,47.0362,66.3143,743.045,734.44,5.67861,2.88986,1.4541,-0.832422,6.38781,12.4204,12.4204,1.0,1.0,1
48607,30.05.2024 21:08:02.750000,146.503,149.057,7.3224,7.296,6.916,38.4372,3.65839,3.89146,47.0362,66.3143,743.045,734.44,5.67861,2.88986,1.4541,-0.832422,6.38781,12.4204,12.4204,1.0,1.0,1
48608,30.05.2024 21:08:02.760000,245.874,202.203,7.31261,7.247,6.774,38.4062,3.4646,3.56947,29.8255,50.5112,741.365,732.825,6.04989,2.5185,1.6732,-0.806368,6.38843,12.8979,12.8979,1.0,1.0,1
48609,30.05.2024 21:08:02.770000,245.874,202.203,7.31261,7.247,6.774,38.4062,3.4646,3.56947,29.8255,50.5112,741.365,732.825,6.04989,2.5185,1.6732,-0.806368,6.38843,12.8979,12.8979,1.0,1.0,1
48610,30.05.2024 21:08:02.780000,331.897,296.548,7.36674,7.123,6.436,38.382,3.34724,3.29928,21.4594,26.9333,739.685,731.13,5.90539,2.95263,1.67423,-0.852512,6.38941,11.8996,11.8996,1.0,1.0,1
48611,30.05.2024 21:08:02.790000,331.897,296.548,7.36674,7.123,6.436,38.382,3.34724,3.29928,21.4594,26.9333,739.685,731.13,5.90539,2.95263,1.67423,-0.852512,6.38941,11.8996,11.8996,1.0,1.0,1
48612,30.05.2024 21:08:02.800000,407.373,418.085,7.34527,6.897,6.236,38.4087,3.38926,3.16142,14.1798,12.488,737.175,728.57,5.91056,2.58608,1.71521,-0.752691,6.39048,11.8851,11.8851,1.0,1.0,1
48613,30.05.2024 21:08:02.810000,446.264,514.16,7.34671,6.785,6.247,38.461,3.70612,3.35448,29.841,26.4951,735.505,726.9,6.1157,2.86259,1.41615,-0.721895,6.3919,11.3426,11.3426,1.0,1.0,1
48614,30.05.2024 21:08:02.820000,471.808,588.153,7.32595,6.724,6.242,38.461,3.70612,3.35448,29.841,26.4951,734.665,726.09,5.69307,2.71562,1.45658,-0.718014,6.39285,10.8869,10.8869,1.0,1.0,1
48615,30.05.2024 21:08:02.830000,511.358,588.153,7.32595,6.724,6.242,38.448,3.8362,3.5946,41.3909,38.5568,733.005,724.395,5.86209,2.76192,1.4923,-0.734077,6.39285,10.8869,10.8869,1.0,1.0,1
48616,30.05.2024 21:08:02.840000,511.358,588.153,7.32595,6.724,6.242,38.448,3.8362,3.5946,41.3909,38.5568,733.005,724.395,5.86209,2.76192,1.4923,-0.734077,6.39285,10.8869,10.8869,1.0,1.0,1
48617,30.05.2024 21:08:02.850000,511.358,689.172,7.32656,6.483,6.216,38.448,3.85731,3.82205,45.1227,53.7871,732.17,723.58,6.08169,2.65736,1.50972,-0.802917,6.3938,10.9375,10.9375,1.0,1.0,1
48618,30.05.2024 21:08:02.860000,511.358,689.172,7.32656,6.483,6.216,38.448,3.85731,3.82205,45.1227,53.7871,732.17,723.58,6.08169,2.65736,1.50972,-0.802917,6.3938,10.9375,10.9375,1.0,1.0,1
48619,30.05.2024 21:08:02.870000,546.13,691.726,7.32285,6.377,6.216,38.4491,3.77918,3.93312,44.1751,67.7983,729.685,721.155,6.88029,3.79827,1.49976,-0.834074,6.39467,10.6265,10.6265,1.0,1.0,1
48620,30.05.2024 21:08:02.880000,546.13,691.726,7.32285,6.377,6.216,38.4491,3.77918,3.93312,44.1751,67.7983,729.685,721.155,6.88029,3.79827,1.49976,-0.834074,6.39467,10.6265,10.6265,1.0,1.0,1
48621,30.05.2024 21:08:02.890000,558.078,687.524,7.37137,6.409,6.211,38.4552,3.66077,3.90523,41.5536,66.7386,727.95,719.475,6.47962,4.50399,1.62045,-0.747577,6.3958,10.5758,10.5758,1.0,1.0,1
48622,30.05.2024 21:08:02.900000,558.078,687.524,7.37137,6.409,6.211,38.4552,3.66077,3.90523,41.5536,66.7386,727.95,719.475,6.47962,4.50399,1.62045,-0.747577,6.3958,10.5758,10.5758,1.0,1.0,1
48623,30.05.2024 21:08:02.910000,576.617,694.528,7.37357,6.387,6.212,38.4227,3.56375,3.7827,31.4,59.1668,725.43,716.97,5.78252,4.36998,1.88341,-0.663484,6.39707,10.5758,10.5758,1.0,1.0,1
48624,30.05.2024 21:08:02.920000,576.617,694.528,7.37357,6.387,6.212,38.4227,3.56375,3.7827,31.4,59.1668,725.43,716.97,5.78252,4.36998,1.88341,-0.663484,6.39707,10.5758,10.5758,1.0,1.0,1
48625,30.05.2024 21:08:02.930000,596.887,689.172,7.37471,6.269,6.249,38.3783,3.43311,3.3397,22.5524,31.3609,723.755,715.495,5.01824,4.98884,2.00622,-0.64567,6.39767,10.0405,10.0405,1.0,1.0,1
48626,30.05.2024 21:08:02.940000,608.999,686.947,7.37832,6.335,6.263,38.3627,3.38753,3.1555,19.2743,16.0173,721.2,713.26,5.03293,8.30966,1.7918,-0.704307,6.39825,9.58478,9.58478,1.0,1.0,1
48627,30.05.2024 21:08:02.950000,608.999,681.18,7.37832,6.335,6.252,38.3627,3.38753,3.1555,19.2743,16.0173,720.32,712.445,4.89176,9.86185,1.71723,-0.683273,6.39873,9.36776,9.36776,1.0,1.0,1
48628,30.05.2024 21:08:02.960000,627.209,681.18,7.37638,6.331,6.252,38.3589,3.36108,3.09657,19.7408,11.5118,719.47,711.655,4.19717,12.1403,1.62676,-0.696768,6.39873,9.87413,9.87413,1.0,1.0,1
48629,30.05.2024 21:08:02.970000,627.209,690.655,7.37638,6.331,6.27,38.3924,3.36281,3.12234,16.7993,12.5385,718.595,710.815,3.77731,12.5147,1.56051,-0.722606,6.39844,9.87413,9.87413,1.0,1.0,1
48630,30.05.2024 21:08:02.980000,644.266,694.281,7.37438,6.289,6.294,38.3924,3.36281,3.12234,16.7993,12.5385,716.885,709.165,3.918,12.8541,1.49529,-0.813839,6.39923,9.87413,9.87413,1.0,1.0,1
48631,30.05.2024 21:08:02.990000,644.018,694.281,7.37438,6.302,6.294,38.4144,3.38089,3.24559,18.8504,17.3172,715.995,708.33,3.17636,12.5719,1.55092,-0.849792,6.39923,9.87413,9.87413,1.0,1.0,1
48632,30.05.2024 21:08:03.000000,644.018,683.816,7.37184,6.302,6.309,38.4456,3.39817,3.37987,19.3706,26.0901,715.155,707.54,2.81135,11.6562,1.37179,-0.853872,6.3998,9.88136,9.88136,1.0,1.0,1
48633,30.05.2024 21:08:03.010000,665.936,684.805,7.37954,6.39,6.32,38.4456,3.39817,3.37987,19.3706,26.0901,714.29,706.815,2.22624,11.6666,1.46713,-0.909334,6.39986,10.2575,10.2575,1.0,1.0,1
48634,30.05.2024 21:08:03.020000,667.831,684.805,7.37954,6.417,6.32,38.4477,3.42608,3.50489,21.1861,37.1781,712.6,705.435,2.20352,12.1863,1.49777,-0.930645,6.39986,10.2575,10.2575,1.0,1.0,1
48635,30.05.2024 21:08:03.030000,667.831,684.805,7.37954,6.417,6.32,38.4477,3.42608,3.50489,21.1861,37.1781,712.6,705.435,2.20352,12.1863,1.49777,-0.930645,6.39986,10.2575,10.2575,1.0,1.0,1
48636,30.05.2024 21:08:03.040000,667.831,688.513,7.3816,6.417,6.342,38.4477,3.46356,3.55823,23.9627,42.5483,711.72,704.71,2.04006,13.7886,1.51525,-0.901474,6.40045,10.9447,10.9447,1.0,1.0,1
48637,30.05.2024 21:08:03.050000,667.831,688.513,7.3816,6.417,6.342,38.4477,3.46356,3.55823,23.9627,42.5483,711.72,704.71,2.04006,13.7886,1.51525,-0.901474,6.40045,10.9447,10.9447,1.0,1.0,1
48638,30.05.2024 21:08:03.060000,681.097,689.914,7.35363,6.399,6.357,38.5452,3.51145,3.56791,25.2747,43.9361,709.205,702.455,1.41326,18.5544,1.64201,-0.788299,6.40051,12.8255,12.8255,1.0,1.0,1
48639,30.05.2024 21:08:03.070000,693.21,685.382,7.35527,6.481,6.36,38.5481,3.53,3.5193,28.8214,41.4538,707.54,700.87,1.0696,20.7816,1.72919,-0.753423,6.40131,12.8255,12.8255,1.0,1.0,1
48640,30.05.2024 21:08:03.080000,693.21,686.123,7.33981,6.481,6.372,38.4976,3.53,3.5193,28.8214,41.4538,706.66,700.11,1.02392,21.9539,1.59072,-0.861782,6.40142,12.934,12.934,1.0,1.0,1
48641,30.05.2024 21:08:03.090000,693.21,686.123,7.33981,6.481,6.372,38.4976,3.53,3.5193,28.8214,41.4538,706.66,700.11,1.02392,21.9539,1.59072,-0.861782,6.40142,12.934,12.934,1.0,1.0,1
48642,30.05.2024 21:08:03.100000,695.929,685.217,7.34034,6.492,6.376,38.4976,3.50975,3.44825,27.8847,35.7937,705.82,699.405,0.646374,22.0193,1.53531,-0.836731,6.40129,12.934,12.934,1.0,1.0,1
48643,30.05.2024 21:08:03.110000,685.052,688.431,7.35833,6.462,6.385,38.5041,3.45436,3.37439,26.8572,31.984,703.29,697.21,0.498092,23.3928,1.36095,-0.910028,6.40206,13.2306,13.2306,1.0,1.0,1
48644,30.05.2024 21:08:03.120000,685.052,688.431,7.35833,6.462,6.385,38.5041,3.45436,3.37439,26.8572,31.984,703.29,697.21,0.498092,23.3928,1.36095,-0.910028,6.40206,13.2306,13.2306,1.0,1.0,1
48645,30.05.2024 21:08:03.130000,691.479,688.431,7.35325,6.455,6.385,38.441,3.38852,3.32778,23.7864,28.031,702.44,696.43,0.0464973,24.9958,1.40433,-0.845377,6.40206,13.9612,13.9612,1.0,1.0,1
48646,30.05.2024 21:08:03.140000,689.502,680.85,7.36329,6.471,6.403,38.4103,3.32998,3.29498,19.3647,26.351,699.905,694.165,-0.390362,25.6763,1.48999,-0.831651,6.40295,13.9612,13.9612,1.0,1.0,1
48647,30.05.2024 21:08:03.150000,697.577,680.85,7.36329,6.471,6.403,38.4616,3.28698,3.28833,16.6656,24.2616,699.085,693.405,-0.598381,26.4023,1.48883,-0.828886,6.40295,13.9612,13.9612,1.0,1.0,1
48648,30.05.2024 21:08:03.160000,697.577,687.359,7.38529,6.529,6.394,38.4616,3.27103,3.28462,14.0758,24.4349,698.225,692.57,-0.561318,26.9885,1.59307,-0.859518,6.40318,15.9144,15.9144,1.0,1.0,1
48649,30.05.2024 21:08:03.170000,691.067,696.753,7.35105,6.497,6.41,38.6128,3.27103,3.28462,14.0758,24.4349,697.4,691.76,-0.592636,26.868,1.47227,-0.906921,6.40385,16.3339,16.3339,1.0,1.0,1
48650,30.05.2024 21:08:03.180000,695.352,696.753,7.37616,6.482,6.41,38.6595,3.27618,3.2891,15.3337,24.1949,695.775,690.22,-0.486248,26.3092,1.44643,-0.905477,6.40385,16.3339,16.3339,1.0,1.0,1
48651,30.05.2024 21:08:03.190000,695.352,696.753,7.37616,6.482,6.41,38.6595,3.27618,3.2891,15.3337,24.1949,695.775,690.22,-0.486248,26.3092,1.44643,-0.905477,6.40385,16.3339,16.3339,1.0,1.0,1
48652,30.05.2024 21:08:03.200000,695.352,679.12,7.37616,6.482,6.428,38.6595,3.29765,3.28962,15.743,24.1829,695.015,689.52,-0.550563,26.3415,1.43335,-0.93462,6.40448,16.3339,16.3339,1.0,1.0,1
48653,30.05.2024 21:08:03.210000,695.352,679.12,7.37616,6.482,6.428,38.6595,3.29765,3.28962,15.743,24.1829,695.015,689.52,-0.550563,26.3415,1.43335,-0.93462,6.40448,16.3339,16.3339,1.0,1.0,1
48654,30.05.2024 21:08:03.220000,691.232,685.547,7.38093,6.483,6.422,38.5978,3.3378,3.2932,17.5557,25.3106,693.34,688.045,-0.00192261,30.04,2.16852,-0.925598,6.40484,16.8692,16.8692,1.0,1.0,1
48655,30.05.2024 21:08:03.230000,691.232,685.547,7.38093,6.483,6.422,38.5978,3.3378,3.2932,17.5557,25.3106,693.34,688.045,-0.00192261,30.04,2.16852,-0.925598,6.40484,16.8692,16.8692,1.0,1.0,1
48656,30.05.2024 21:08:03.240000,695.846,692.221,7.38249,6.516,6.417,38.4509,3.36644,3.30148,20.0318,25.3152,690.855,685.4,0.0447407,31.8442,2.97042,-0.874195,6.40526,17.4624,17.4624,1.0,1.0,1
48657,30.05.2024 21:08:03.250000,690.243,691.232,7.39026,6.485,6.386,38.4509,3.3837,3.3135,21.675,24.9967,689.3,683.455,0.677118,27.8448,2.88245,-0.857128,6.40667,19.1189,19.1189,1.0,1.0,1
48658,30.05.2024 21:08:03.260000,691.644,691.232,7.36457,6.472,6.386,38.4204,3.36679,3.32438,22.6075,28.6302,687.69,681.76,1.01707,25.5129,2.55149,-0.894378,6.40667,19.1189,19.1189,1.0,1.0,1
48659,30.05.2024 21:08:03.270000,691.644,685.629,7.36457,6.472,6.385,38.4204,3.36679,3.32438,22.6075,28.6302,686.875,681.03,1.12045,23.987,2.32764,-0.858003,6.40726,19.8929,19.8929,1.0,1.0,1
48660,30.05.2024 21:08:03.280000,684.311,685.629,7.37648,6.491,6.385,38.502,3.34256,3.34386,21.1302,29.1481,686.12,680.25,-3.40238,17.6937,2.35612,-0.80497,6.40726,19.8929,19.8929,1.0,1.0,1
48661,30.05.2024 21:08:03.290000,684.311,688.843,7.37648,6.491,6.352,38.4955,3.30816,3.34859,21.7207,30.3688,685.65,679.755,-10.6491,7.73826,2.57796,-0.774091,6.4079,19.8929,19.8929,1.0,1.0,1
48662,30.05.2024 21:08:03.300000,684.311,688.843,7.37648,6.491,6.352,38.4955,3.30816,3.34859,21.7207,30.3688,685.65,679.755,-10.6491,7.73826,2.57796,-0.774091,6.4079,19.8929,19.8929,1.0,1.0,1
48663,30.05.2024 21:08:03.310000,690.573,681.839,7.40428,6.48,6.338,38.4955,3.30816,3.34859,21.7207,30.3688,685.98,680.595,-13.4253,4.16772,3.16095,-0.495571,6.40873,19.9002,19.9002,1.0,1.0,1
48664,30.05.2024 21:08:03.320000,690.573,681.839,7.40428,6.48,6.338,38.4955,3.30816,3.34859,21.7207,30.3688,685.98,680.595,-13.4253,4.16772,3.16095,-0.495571,6.40873,19.9002,19.9002,1.0,1.0,1
48665,30.05.2024 21:08:03.330000,686.206,691.644,7.40702,6.457,6.314,38.5922,3.2561,3.34523,18.4753,29.0285,685.77,680.08,-4.61135,13.3839,4.25821,0.256096,6.40934,20.4427,20.4427,1.0,1.0,1
48666,30.05.2024 21:08:03.340000,686.206,691.644,7.40702,6.457,6.314,38.5922,3.2561,3.34523,18.4753,29.0285,685.77,680.08,-4.61135,13.3839,4.25821,0.256096,6.40934,20.4427,20.4427,1.0,1.0,1
48667,30.05.2024 21:08:03.350000,691.314,691.562,7.41147,6.519,6.303,38.5908,3.24641,3.3291,17.8995,28.4145,685.55,680.51,-5.50488,7.94364,4.45251,0.172753,6.40999,21.0214,21.0214,1.0,1.0,1
48668,30.05.2024 21:08:03.360000,691.314,691.562,7.41147,6.519,6.303,38.5908,3.24641,3.3291,17.8995,28.4145,685.55,680.51,-5.50488,7.94364,4.45251,0.172753,6.40999,21.0214,21.0214,1.0,1.0,1
48669,30.05.2024 21:08:03.370000,689.502,686.288,7.38907,6.466,6.319,38.578,3.24461,3.31502,17.9622,27.9123,685.175,680.16,-0.829673,13.5008,4.53688,0.35297,6.41013,21.1589,21.1589,1.0,1.0,1
48670,30.05.2024 21:08:03.380000,685.547,684.97,7.37206,6.456,6.374,38.578,3.24688,3.29939,18.1787,25.6102,684.805,680.405,0.247184,12.0401,3.71092,0.353321,6.41202,21.3614,21.3614,1.0,1.0,1
48671,30.05.2024 21:08:03.390000,687.277,684.97,7.37206,6.49,6.374,38.845,3.25576,3.27763,18.4086,25.9391,684.65,680.35,1.00277,14.5975,3.13774,0.329212,6.41202,21.3614,21.3614,1.0,1.0,1
48672,30.05.2024 21:08:03.400000,687.277,685.464,7.38028,6.49,6.393,38.7498,3.25576,3.27763,18.4086,25.9391,684.525,680.34,0.727306,14.0436,2.30441,0.410732,6.41254,21.4554,21.4554,1.0,1.0,1
48673,30.05.2024 21:08:03.410000,687.524,684.887,7.3781,6.551,6.406,38.7498,3.26055,3.26556,19.8111,23.6967,684.37,680.385,0.679488,13.9709,2.01273,0.320767,6.4134,21.2746,21.2746,1.0,1.0,1
48674,30.05.2024 21:08:03.420000,689.09,684.887,7.3776,6.533,6.406,38.732,3.26282,3.26413,19.7111,23.3341,684.085,680.255,0.103184,14.7432,1.8811,0.353173,6.4134,21.2746,21.2746,1.0,1.0,1
48675,30.05.2024 21:08:03.430000,689.09,684.887,7.3776,6.533,6.406,38.732,3.26282,3.26413,19.7111,23.3341,684.085,680.255,0.103184,14.7432,1.8811,0.353173,6.4134,21.2746,21.2746,1.0,1.0,1
48676,30.05.2024 21:08:03.440000,689.09,689.09,7.3776,6.533,6.425,38.732,3.2702,3.27573,21.011,24.692,683.955,680.15,-1.26114,14.8565,1.64692,0.267143,6.41373,22.8516,22.8516,1.0,1.0,1
48677,30.05.2024 21:08:03.450000,685.547,690.49,7.38422,6.489,6.414,38.6615,3.27817,3.29864,21.7621,24.9607,683.75,679.99,-3.6268,10.2041,1.13536,0.126114,6.41477,22.8516,22.8516,1.0,1.0,1
48678,30.05.2024 21:08:03.460000,685.547,690.49,7.38422,6.489,6.414,38.6615,3.27817,3.29864,21.7621,24.9607,683.75,679.99,-3.6268,10.2041,1.13536,0.126114,6.41477,22.8516,22.8516,1.0,1.0,1
48679,30.05.2024 21:08:03.470000,690.82,688.843,7.41262,6.508,6.412,38.6615,3.27817,3.29864,21.7621,24.9607,683.68,679.935,-3.97665,9.18221,1.01843,0.0878756,6.41497,22.8516,22.8516,1.0,1.0,1
48680,30.05.2024 21:08:03.480000,693.869,691.644,7.41351,6.513,6.436,38.5894,3.29511,3.33387,23.2575,29.0301,683.495,679.965,-2.79188,7.32361,1.57339,0.0918848,6.41498,23.0975,23.0975,1.0,1.0,1
48681,30.05.2024 21:08:03.490000,694.693,682.828,7.41011,6.526,6.433,38.659,3.29511,3.33387,23.2575,29.0301,683.435,679.955,-1.25398,7.04842,2.12609,0.267822,6.41551,23.6111,23.6111,1.0,1.0,1
48682,30.05.2024 21:08:03.500000,689.255,682.828,7.41658,6.508,6.433,38.6091,3.28904,3.33384,23.4929,29.7509,683.22,679.93,-0.444047,7.07979,2.50378,0.27673,6.41551,23.6111,23.6111,1.0,1.0,1
48683,30.05.2024 21:08:03.510000,689.255,672.693,7.41658,6.508,6.43,38.6091,3.28904,3.33384,23.4929,29.7509,683.115,679.92,0.14096,7.11946,2.70328,0.464958,6.41589,23.6111,23.6111,1.0,1.0,1
48684,30.05.2024 21:08:03.520000,689.09,672.693,7.41943,6.502,6.43,38.4926,3.27938,3.3227,23.8203,28.619,682.995,679.91,1.15935,7.18708,2.77228,0.556362,6.41589,24.0958,24.0958,1.0,1.0,1
48685,30.05.2024 21:08:03.530000,689.09,639.404,7.41943,6.502,6.409,38.5072,3.26516,3.30132,23.4864,27.3511,682.885,679.9,1.4555,7.21955,2.68946,0.51294,6.41644,24.0958,24.0958,1.0,1.0,1
48686,30.05.2024 21:08:03.540000,689.09,639.404,7.41943,6.502,6.409,38.5072,3.26516,3.30132,23.4864,27.3511,682.885,679.9,1.4555,7.21955,2.68946,0.51294,6.41644,24.0958,24.0958,1.0,1.0,1
48687,30.05.2024 21:08:03.550000,681.427,633.636,7.42339,6.519,6.406,38.5072,3.26516,3.30132,23.4864,27.3511,682.755,679.865,1.27984,7.02701,2.54385,0.432816,6.41679,23.8498,23.8498,1.0,1.0,1
48688,30.05.2024 21:08:03.560000,654.812,592.685,7.42168,6.495,6.386,38.5285,3.25948,3.27607,22.9185,24.3561,682.43,679.645,1.32656,4.66325,1.6977,0.457039,6.41759,24.4936,24.4936,1.0,1.0,1
48689,30.05.2024 21:08:03.570000,656.543,569.531,7.42653,6.457,6.357,38.5285,3.25948,3.27607,22.9185,24.3561,682.34,679.62,0.85347,3.71588,1.57636,0.419491,6.4182,24.6455,24.6455,1.0,1.0,1
48690,30.05.2024 21:08:03.580000,619.629,569.531,7.42436,6.451,6.357,38.5101,3.25177,3.26176,22.9835,23.9247,682.16,679.57,1.05269,3.29299,1.52873,0.564636,6.4182,24.6455,24.6455,1.0,1.0,1
48691,30.05.2024 21:08:03.590000,619.629,553.052,7.42436,6.451,6.338,38.5101,3.25177,3.26176,22.9835,23.9247,682.05,679.51,1.21156,2.8794,1.37705,0.564232,6.41879,24.66,24.66,1.0,1.0,1
48692,30.05.2024 21:08:03.600000,592.685,553.052,7.3865,6.471,6.338,38.4775,3.22217,3.25543,21.0894,22.1288,681.965,679.47,1.06569,1.95242,1.51591,0.706616,6.41879,24.66,24.66,1.0,1.0,1
48693,30.05.2024 21:08:03.610000,592.685,554.205,7.3865,6.471,6.376,38.4415,3.18645,3.23405,20.4554,22.5528,681.895,679.455,1.18434,1.60722,1.68073,0.728153,6.41931,24.66,24.66,1.0,1.0,1
48694,30.05.2024 21:08:03.620000,585.434,555.359,7.42318,6.485,6.379,38.4415,3.18645,3.23405,20.4554,22.5528,681.74,679.415,1.47889,1.24592,2.1297,0.685513,6.41972,24.6528,24.6528,1.0,1.0,1
48695,30.05.2024 21:08:03.630000,582.715,555.359,7.42318,6.46,6.379,38.3297,3.16018,3.2269,18.4661,21.5321,681.635,679.355,1.74411,1.39014,2.46672,0.742432,6.41972,24.6528,24.6528,1.0,1.0,1
48696,30.05.2024 21:08:03.640000,582.715,555.194,7.42216,6.46,6.417,38.587,3.1713,3.23293,17.7682,21.5237,681.545,679.295,1.63665,1.0057,2.90851,0.708103,6.42064,24.6021,24.6021,1.0,1.0,1
48697,30.05.2024 21:08:03.650000,582.715,555.194,7.42216,6.46,6.417,38.587,3.1713,3.23293,17.7682,21.5237,681.545,679.295,1.63665,1.0057,2.90851,0.708103,6.42064,24.6021,24.6021,1.0,1.0,1
48698,30.05.2024 21:08:03.660000,585.434,557.007,7.37414,6.509,6.415,38.587,3.1713,3.23293,17.7682,21.5237,681.46,679.26,1.57954,0.388292,3.0865,0.814335,6.42114,24.3128,24.3128,1.0,1.0,1
48699,30.05.2024 21:08:03.670000,585.434,557.007,7.37414,6.509,6.415,38.587,3.1713,3.23293,17.7682,21.5237,681.46,679.26,1.57954,0.388292,3.0865,0.814335,6.42114,24.3128,24.3128,1.0,1.0,1
48700,30.05.2024 21:08:03.680000,589.883,561.044,7.41042,6.558,6.405,38.6144,3.21584,3.25664,19.8177,24.0157,681.19,679.16,1.91522,0.442791,3.15375,0.797302,6.42196,24.2188,24.2188,1.0,1.0,1
48701,30.05.2024 21:08:03.690000,589.883,561.044,7.41042,6.558,6.405,38.6144,3.21584,3.25664,19.8177,24.0157,681.19,679.16,1.91522,0.442791,3.15375,0.797302,6.42196,24.2188,24.2188,1.0,1.0,1
48702,30.05.2024 21:08:03.700000,589.718,558.655,7.43542,6.557,6.384,38.5365,3.30264,3.29929,25.3514,25.615,680.975,679.05,1.6643,0.0197697,2.7929,0.781533,6.42258,24.8047,24.8047,1.0,1.0,1
48703,30.05.2024 21:08:03.710000,595.733,562.939,7.39223,6.461,6.361,38.5443,3.28491,3.29478,25.6676,27.0835,680.83,678.9,1.878,0.621328,2.65894,0.805004,6.42309,24.877,24.877,1.0,1.0,1
48704,30.05.2024 21:08:03.720000,595.733,562.939,7.39223,6.461,6.361,38.5443,3.28491,3.29478,25.6676,27.0835,680.83,678.9,1.878,0.621328,2.65894,0.805004,6.42309,24.877,24.877,1.0,1.0,1
48705,30.05.2024 21:08:03.730000,595.733,557.831,7.41465,6.461,6.343,38.4874,3.21674,3.27106,24.546,26.0498,680.77,678.83,2.24927,0.212477,2.505,0.767273,6.42369,24.8987,24.8987,1.0,1.0,1
48706,30.05.2024 21:08:03.740000,591.614,558.984,7.3881,6.481,6.375,38.4348,3.12569,3.2096,19.5685,21.9684,680.5,678.655,2.4363,-0.256792,2.60095,0.850907,6.42385,24.7034,24.7034,1.0,1.0,1
48707,30.05.2024 21:08:03.750000,591.614,558.984,7.3881,6.481,6.375,38.4348,3.12569,3.2096,19.5685,21.9684,680.5,678.655,2.4363,-0.256792,2.60095,0.850907,6.42385,24.7034,24.7034,1.0,1.0,1
48708,30.05.2024 21:08:03.760000,591.614,558.325,7.3881,6.481,6.433,38.4348,3.0445,3.16986,14.9659,15.9213,680.415,678.595,2.47431,-0.212217,2.79628,0.872772,6.42493,24.6672,24.6672,1.0,1.0,1
48709,30.05.2024 21:08:03.770000,584.939,556.595,7.30051,6.554,6.557,38.5008,3.01426,3.10976,11.961,16.1586,680.235,678.495,2.09524,-0.551443,3.68208,0.831478,6.42564,24.6672,24.6672,1.0,1.0,1
48710,30.05.2024 21:08:03.780000,591.366,548.108,7.24603,6.713,6.629,38.5008,3.01426,3.10976,11.961,16.1586,680.165,678.415,1.96166,-0.236032,3.91255,0.709748,6.42597,24.2115,24.2115,1.0,1.0,1
48711,30.05.2024 21:08:03.790000,591.366,548.108,7.24603,6.713,6.629,38.5008,3.01426,3.10976,11.961,16.1586,680.165,678.415,1.96166,-0.236032,3.91255,0.709748,6.42597,24.2115,24.2115,1.0,1.0,1
48712,30.05.2024 21:08:03.800000,593.179,548.108,7.24603,6.713,6.629,38.4636,3.02805,3.10045,10.9894,12.5973,679.995,678.26,1.66314,-0.366329,4.29737,0.664192,6.42597,24.2115,24.2115,1.0,1.0,1
48713,30.05.2024 21:08:03.810000,593.179,548.108,7.24603,6.713,6.629,38.4636,3.02805,3.10045,10.9894,12.5973,679.995,678.26,1.66314,-0.366329,4.29737,0.664192,6.42597,24.2115,24.2115,1.0,1.0,1
48714,30.05.2024 21:08:03.820000,594.58,567.718,7.12277,6.912,6.808,38.6523,3.07747,3.09998,13.5837,12.7819,679.795,678.13,1.61333,-0.696526,5.62719,0.782414,6.42681,25.1591,25.1591,1.0,1.0,1
48715,30.05.2024 21:08:03.830000,582.303,539.868,7.07015,6.969,6.875,38.6523,3.12889,3.13422,16.6725,15.4578,679.675,677.985,2.12575,0.170685,6.00204,0.82425,6.4277,25.6149,25.6149,1.0,1.0,1
48716,30.05.2024 21:08:03.840000,590.048,539.868,7.06363,7.006,6.875,38.9531,3.1699,3.18803,19.4369,19.3419,679.61,677.9,2.29268,-0.0360737,6.41412,0.94598,6.4277,25.6149,25.6149,1.0,1.0,1
48717,30.05.2024 21:08:03.850000,590.048,514.819,7.06363,7.006,6.833,39.4664,3.20651,3.23243,22.8872,24.4299,679.53,677.835,2.41426,0.175549,6.5437,1.02984,6.42812,25.6149,25.6149,1.0,1.0,1
48718,30.05.2024 21:08:03.860000,590.048,514.819,7.06363,7.006,6.833,39.4664,3.20651,3.23243,22.8872,24.4299,679.53,677.835,2.41426,0.175549,6.5437,1.02984,6.42812,25.6149,25.6149,1.0,1.0,1
48719,30.05.2024 21:08:03.870000,590.213,516.138,7.02039,7.004,6.81,39.4664,3.20651,3.23243,22.8872,24.4299,679.46,677.735,2.35667,-0.0460072,6.7558,0.986313,6.42851,26.2876,26.2876,1.0,1.0,1
48720,30.05.2024 21:08:03.880000,597.876,527.591,6.93793,6.941,6.785,41.0682,3.20537,3.23384,23.9157,23.5731,679.23,677.56,2.37177,-0.179825,6.9406,1.03799,6.42959,26.2948,26.2948,1.0,1.0,1
48721,30.05.2024 21:08:03.890000,597.876,527.591,6.93793,6.941,6.785,41.0682,3.20537,3.23384,23.9157,23.5731,679.23,677.56,2.37177,-0.179825,6.9406,1.03799,6.42959,26.2948,26.2948,1.0,1.0,1
48722,30.05.2024 21:08:03.900000,599.689,556.347,6.86825,6.958,6.706,41.0682,3.20537,3.23384,23.9157,23.5731,679.165,677.5,2.28466,0.105341,7.01708,1.07338,6.4308,26.2948,26.2948,1.0,1.0,1
48723,30.05.2024 21:08:03.910000,594.827,539.868,6.89576,6.978,6.597,42.0623,3.15537,3.1689,23.9403,21.0014,678.95,677.275,2.29236,0.458132,7.00397,1.12928,6.43234,26.2948,26.2948,1.0,1.0,1
48724,30.05.2024 21:08:03.920000,594.086,539.868,6.8273,6.974,6.597,43.0144,3.09842,3.08927,21.3719,16.2352,678.85,677.21,2.27211,0.0559311,7.0565,1.16024,6.43234,26.0851,26.0851,1.0,1.0,1
48725,30.05.2024 21:08:03.930000,594.086,534.677,6.8273,6.974,6.552,44.1774,3.03978,3.01039,18.1545,10.161,678.785,677.145,1.83442,-0.159334,7.12342,1.10083,6.43377,26.0851,26.0851,1.0,1.0,1
48726,30.05.2024 21:08:03.940000,589.801,538.467,6.69211,6.964,6.502,44.1774,3.03978,3.01039,18.1545,10.161,678.675,676.985,1.76602,0.0065403,7.1351,1.12545,6.43517,25.9766,25.9766,1.0,1.0,1
48727,30.05.2024 21:08:03.950000,592.685,538.467,6.69211,6.993,6.502,45.4422,3.00798,2.99438,15.5325,7.99983,678.605,676.915,2.08473,-0.182051,7.08684,1.18949,6.43517,25.9766,25.9766,1.0,1.0,1
48728,30.05.2024 21:08:03.960000,592.685,533.935,6.64871,6.993,6.556,46.6055,3.01193,3.02384,14.2038,10.6085,678.53,676.855,2.10716,-0.552866,7.06159,1.15784,6.43686,25.8174,25.8174,1.0,1.0,1
48729,30.05.2024 21:08:03.970000,592.685,533.935,6.64871,6.993,6.556,46.6055,3.01193,3.02384,14.2038,10.6085,678.53,676.855,2.10716,-0.552866,7.06159,1.15784,6.43686,25.8174,25.8174,1.0,1.0,1
48730,30.05.2024 21:08:03.980000,590.79,512.594,6.6248,6.988,6.555,46.6055,3.01193,3.02384,14.2038,10.6085,678.475,676.77,1.91296,-0.535427,7.04813,1.20052,6.43834,25.3761,25.3761,1.0,1.0,1
48731,30.05.2024 21:08:03.990000,596.31,529.321,6.57681,6.95,6.513,47.8231,3.03778,3.10135,15.442,14.1337,678.26,676.565,2.25892,-0.875509,7.23655,1.22211,6.43989,25.0145,25.0145,1.0,1.0,1
48732,30.05.2024 21:08:04.000000,595.239,529.321,6.50821,6.9,6.513,48.9354,3.08177,3.17371,17.5038,19.586,678.215,676.505,2.36995,-0.654886,7.49754,1.20521,6.43989,24.9711,24.9711,1.0,1.0,1
48733,30.05.2024 21:08:04.010000,595.239,528.992,6.50821,6.9,6.386,49.9949,3.12724,3.2146,19.8636,24.0206,678.135,676.43,2.49424,-0.424492,7.55834,1.19042,6.44117,24.9711,24.9711,1.0,1.0,1
48734,30.05.2024 21:08:04.020000,586.835,548.932,6.49679,6.861,6.364,49.9949,3.12724,3.2146,19.8636,24.0206,678.06,676.355,2.78118,-0.422092,7.60271,1.25978,6.44277,24.9855,24.9855,1.0,1.0,1
48735,30.05.2024 21:08:04.030000,596.557,548.932,6.49679,6.89,6.364,50.9903,3.15465,3.20437,22.6276,23.9994,677.915,676.215,2.4804,-0.249203,7.56937,1.2266,6.44277,24.9855,24.9855,1.0,1.0,1
48736,30.05.2024 21:08:04.040000,596.557,539.703,6.43812,6.89,6.385,52.026,3.15465,3.20437,22.6276,23.9994,677.845,676.14,2.62839,-0.0635014,7.39231,1.35813,6.44402,24.8047,24.8047,1.0,1.0,1
48737,30.05.2024 21:08:04.050000,591.943,535.501,6.39366,6.9,6.336,52.026,3.15487,3.17653,23.7816,21.9772,677.755,676.07,2.48787,0.28278,7.25024,1.2823,6.44518,25.1157,25.1157,1.0,1.0,1
48738,30.05.2024 21:08:04.060000,591.943,535.501,6.39366,6.9,6.336,52.026,3.15487,3.17653,23.7816,21.9772,677.755,676.07,2.48787,0.28278,7.25024,1.2823,6.44518,25.1157,25.1157,1.0,1.0,1
48739,30.05.2024 21:08:04.070000,589.554,535.501,6.39022,6.83,6.336,52.9045,3.13822,3.13818,23.834,20.8301,677.615,675.895,2.29092,0.266184,7.11464,1.35203,6.44518,25.1157,25.1157,1.0,1.0,1
48740,30.05.2024 21:08:04.080000,588.647,533.523,6.43717,6.794,6.294,53.5639,3.12021,3.1288,22.6938,20.3758,677.505,675.725,2.53612,-0.00265884,6.94213,1.3788,6.44616,25.6076,25.6076,1.0,1.0,1
48741,30.05.2024 21:08:04.090000,588.647,561.209,6.43717,6.794,6.292,54.2138,3.09484,3.12021,21.6961,18.2584,677.43,675.645,2.83847,-0.0196438,6.81973,1.35666,6.44657,25.6076,25.6076,1.0,1.0,1
48742,30.05.2024 21:08:04.100000,608.423,539.044,6.38207,6.823,6.24,54.2138,3.09484,3.12021,21.6961,18.2584,677.35,675.55,2.71838,-0.399849,6.71621,1.35841,6.4472,27.4667,27.4667,1.0,1.0,1
48743,30.05.2024 21:08:04.110000,578.43,539.044,6.38207,6.823,6.24,54.7722,3.0803,3.1387,20.7139,19.3056,677.2,675.43,2.6301,-0.619772,6.57443,1.31994,6.4472,27.4667,27.4667,1.0,1.0,1
48744,30.05.2024 21:08:04.120000,578.43,539.044,6.38207,6.823,6.24,54.7722,3.0803,3.1387,20.7139,19.3056,677.2,675.43,2.6301,-0.619772,6.57443,1.31994,6.44749,27.4667,27.4667,1.0,1.0,1
48745,30.05.2024 21:08:04.130000,578.43,548.932,6.36695,6.752,6.292,54.7722,3.06699,3.15621,20.0555,20.1842,677.15,675.38,2.58702,-0.823994,6.54503,1.37283,6.4472,28.4144,28.4144,1.0,1.0,1
48746,30.05.2024 21:08:04.140000,578.43,548.932,6.36695,6.752,6.292,54.7722,3.06699,3.15621,20.0555,20.1842,677.15,675.38,2.58702,-0.823994,6.54503,1.37283,6.4472,28.4144,28.4144,1.0,1.0,1
48747,30.05.2024 21:08:04.150000,589.883,555.771,6.4765,6.682,6.263,55.6395,3.07633,3.16565,19.3402,21.7667,676.945,675.175,2.99025,0.344963,5.93238,1.37643,6.44749,28.4144,28.4144,1.0,1.0,1
48748,30.05.2024 21:08:04.160000,586.258,559.643,6.46252,6.727,6.19,55.9707,3.08179,3.16914,21.2671,20.9839,676.785,675.01,2.99032,1.16207,5.45877,1.20974,6.44798,31.0692,31.0692,1.0,1.0,1
48749,30.05.2024 21:08:04.170000,586.258,556.265,6.46252,6.727,6.223,56.1687,3.08604,3.17259,19.5228,21.2365,676.715,674.92,2.35934,0.840715,5.39638,1.28601,6.44743,31.0692,31.0692,1.0,1.0,1
48750,30.05.2024 21:08:04.180000,586.258,556.265,6.46252,6.727,6.223,56.1687,3.08604,3.17259,19.5228,21.2365,676.715,674.92,2.35934,0.840715,5.39638,1.28601,6.44743,31.0692,31.0692,1.0,1.0,1
48751,30.05.2024 21:08:04.190000,590.13,547.943,6.4656,6.7,6.245,56.1687,3.08604,3.17259,19.5228,21.2365,676.66,674.82,2.15895,0.458691,5.33249,1.34678,6.44782,31.0692,31.0692,1.0,1.0,1
48752,30.05.2024 21:08:04.200000,577.771,555.935,6.47221,6.626,6.29,56.3706,3.07872,3.16974,21.2931,21.8357,676.465,674.59,2.49603,0.520748,5.04688,1.3081,6.44776,34.0567,34.0567,1.0,1.0,1
48753,30.05.2024 21:08:04.210000,572.992,563.269,6.55213,6.64,6.299,56.3706,3.07872,3.16974,21.2931,21.8357,676.39,674.49,2.60073,0.456318,4.96853,1.32871,6.44736,35.829,35.829,1.0,1.0,1
48754,30.05.2024 21:08:04.220000,560.797,563.269,6.56585,6.657,6.299,56.522,3.08155,3.16835,20.8971,21.1487,676.255,674.32,2.18048,-0.0774879,4.99366,1.43465,6.44736,35.829,35.829,1.0,1.0,1
48755,30.05.2024 21:08:04.230000,560.797,541.186,6.56585,6.657,6.415,56.522,3.08155,3.16835,20.8971,21.1487,676.195,674.245,2.22608,-0.189623,4.82796,1.48591,6.44696,35.829,35.829,1.0,1.0,1
48756,30.05.2024 21:08:04.240000,547.284,541.186,6.61692,6.619,6.415,56.5954,3.07203,3.14828,21.2179,21.5834,676.135,674.16,2.65849,-0.556225,4.39458,1.49689,6.44696,35.829,35.829,1.0,1.0,1
48757,30.05.2024 21:08:04.250000,547.284,517.209,6.61692,6.619,6.386,56.6346,3.06271,3.13183,20.4057,19.0335,676.05,674.09,2.81277,-0.814209,4.22405,1.51379,6.44592,35.829,35.829,1.0,1.0,1
48758,30.05.2024 21:08:04.260000,547.284,517.209,6.61692,6.619,6.386,56.6346,3.06271,3.13183,20.4057,19.0335,676.05,674.09,2.81277,-0.814209,4.22405,1.51379,6.44592,35.829,35.829,1.0,1.0,1
48759,30.05.2024 21:08:04.270000,530.722,541.928,6.59867,6.581,6.412,56.6346,3.06271,3.13183,20.4057,19.0335,675.905,673.935,2.74338,-0.441229,3.97325,1.53512,6.4456,37.4566,37.4566,1.0,1.0,1
48760,30.05.2024 21:08:04.280000,530.722,541.928,6.59867,6.581,6.412,56.6346,3.06271,3.13183,20.4057,19.0335,675.905,673.935,2.74338,-0.441229,3.97325,1.53512,6.4456,37.4566,37.4566,1.0,1.0,1
48761,30.05.2024 21:08:04.290000,517.456,532.782,6.63181,6.573,6.47,56.8111,3.04873,3.10406,19.4976,18.8388,675.78,673.77,2.62186,-0.385889,3.65258,1.50177,6.4454,38.7297,38.7297,1.0,1.0,1
48762,30.05.2024 21:08:04.300000,517.456,532.782,6.63181,6.573,6.47,56.8111,3.04873,3.10406,19.4976,18.8388,675.78,673.77,2.62186,-0.385889,3.65258,1.50177,6.4454,38.7297,38.7297,1.0,1.0,1
48763,30.05.2024 21:08:04.310000,492.16,517.456,6.76019,6.601,6.469,56.7894,3.04024,3.09807,18.8788,16.4689,675.555,673.535,2.59787,0.0549755,3.58478,1.45748,6.44529,39.5833,39.5833,1.0,1.0,1
48764,30.05.2024 21:08:04.320000,492.16,517.456,6.76019,6.601,6.469,56.7894,3.04024,3.09807,18.8788,16.4689,675.555,673.535,2.59787,0.0549755,3.58478,1.45748,6.44529,39.5833,39.5833,1.0,1.0,1
48765,30.05.2024 21:08:04.330000,496.857,507.074,6.66257,6.601,6.491,56.7943,3.03123,3.087,18.8616,16.7704,675.405,673.34,2.34402,1.05068,3.54359,1.50278,6.44516,41.3122,41.3122,1.0,1.0,1
48766,30.05.2024 21:08:04.340000,487.134,460.354,6.65468,6.624,6.55,56.7943,3.02079,3.08143,17.9919,15.7289,675.19,673.05,2.05106,0.732063,3.79378,1.66394,6.44541,41.3194,41.3194,1.0,1.0,1
48767,30.05.2024 21:08:04.350000,484.085,460.354,6.65468,6.614,6.55,56.7881,3.01712,3.07901,17.6558,15.5213,675.125,672.96,2.20893,0.850481,3.80176,1.61596,6.44541,41.3194,41.3194,1.0,1.0,1
48768,30.05.2024 21:08:04.360000,484.085,445.688,6.64392,6.614,6.458,56.7484,3.01712,3.07901,17.6558,15.5213,675.055,672.87,1.69315,0.67178,3.99232,1.69295,6.44552,41.9415,41.9415,1.0,1.0,1
48769,30.05.2024 21:08:04.370000,476.175,418.332,6.70105,6.608,6.491,56.7484,3.02609,3.08183,18.001,15.8268,674.985,672.785,1.92431,0.760838,3.92955,1.7261,6.44582,41.9415,41.9415,1.0,1.0,1
48770,30.05.2024 21:08:04.380000,476.669,418.332,6.66758,6.599,6.491,56.868,3.02662,3.08527,18.2947,16.9508,674.825,672.64,2.00868,0.878973,3.88384,1.69251,6.44582,41.9415,41.9415,1.0,1.0,1
48771,30.05.2024 21:08:04.390000,476.669,418.332,6.66758,6.599,6.491,56.868,3.02662,3.08527,18.2947,16.9508,674.825,672.64,2.00868,0.878973,3.88384,1.69251,6.44582,41.9415,41.9415,1.0,1.0,1
48772,30.05.2024 21:08:04.400000,476.669,402.923,6.66758,6.599,6.455,56.868,3.02533,3.08877,18.1639,15.9678,674.76,672.565,1.71158,1.03942,3.9306,1.76493,6.44602,41.9415,41.9415,1.0,1.0,1
48773,30.05.2024 21:08:04.410000,462.25,400.204,6.6802,6.611,6.496,56.892,3.02263,3.08929,18.4795,16.6191,674.62,672.41,1.86178,2.03989,3.74987,1.81935,6.44664,41.6956,41.6956,1.0,1.0,1
48774,30.05.2024 21:08:04.420000,455.987,360.242,6.67219,6.647,6.499,56.892,3.02263,3.08929,18.4795,16.6191,674.555,672.335,1.9183,1.99707,3.73785,1.86925,6.44732,41.6522,41.6522,1.0,1.0,1
48775,30.05.2024 21:08:04.430000,443.957,360.242,6.67219,6.647,6.499,56.9921,3.02092,3.08807,19.4649,16.9196,674.42,672.2,1.96511,2.46717,3.68786,1.85544,6.44732,41.6522,41.6522,1.0,1.0,1
48776,30.05.2024 21:08:04.440000,443.957,341.62,6.67219,6.647,6.482,56.9488,3.02092,3.08807,19.4649,16.9196,674.42,672.2,1.96511,2.46717,3.68786,1.85544,6.44782,41.6522,41.6522,1.0,1.0,1
48777,30.05.2024 21:08:04.450000,443.957,360.242,6.68142,6.615,6.499,56.892,3.02348,3.08446,18.1825,16.1251,674.325,672.12,1.95001,2.99479,3.6101,1.78103,6.44732,41.7101,41.7101,1.0,1.0,1
48778,30.05.2024 21:08:04.460000,443.957,360.242,6.68142,6.615,6.499,56.892,3.02348,3.08446,18.1825,16.1251,674.325,672.12,1.95001,2.99479,3.6101,1.78103,6.44732,41.7101,41.7101,1.0,1.0,1
48779,30.05.2024 21:08:04.470000,429.126,340.384,6.59624,6.585,6.477,56.9753,3.02092,3.07903,18.8313,16.3758,674.075,671.96,1.95734,3.49728,3.73731,1.83336,6.44872,41.9126,41.9126,1.0,1.0,1
48780,30.05.2024 21:08:04.480000,429.291,323.904,6.58345,6.589,6.438,56.9564,3.01995,3.07366,17.9647,15.1683,673.92,671.855,1.50028,4.43604,3.74235,1.91561,6.44961,42.0645,42.0645,1.0,1.0,1
48781,30.05.2024 21:08:04.490000,429.291,303.14,6.58345,6.589,6.409,56.9652,3.01968,3.07305,17.9884,15.5566,673.84,671.81,1.80522,4.88743,3.76493,2.06767,6.45045,42.0645,42.0645,1.0,1.0,1
48782,30.05.2024 21:08:04.500000,429.291,303.14,6.58345,6.589,6.409,56.9652,3.01968,3.07305,17.9884,15.5566,673.84,671.81,1.80522,4.88743,3.76493,2.06767,6.45045,42.0645,42.0645,1.0,1.0,1
48783,30.05.2024 21:08:04.510000,406.631,293.994,6.58172,6.545,6.499,56.9652,3.01968,3.07305,17.9884,15.5566,673.78,671.75,1.92809,5.46981,3.81531,2.0461,6.45159,42.1875,42.1875,1.0,1.0,1
48784,30.05.2024 21:08:04.520000,419.815,296.878,6.58107,6.519,6.408,56.9951,3.02262,3.08394,18.4517,16.4299,673.54,671.64,1.90266,5.34945,4.29424,2.04037,6.45251,42.1875,42.1875,1.0,1.0,1
48785,30.05.2024 21:08:04.530000,419.815,296.878,6.58107,6.519,6.408,56.9951,3.02262,3.08394,18.4517,16.4299,673.54,671.64,1.90266,5.34945,4.29424,2.04037,6.45251,42.1875,42.1875,1.0,1.0,1
48786,30.05.2024 21:08:04.540000,411.658,279.492,6.5605,6.546,6.407,56.9951,3.02262,3.08394,18.4517,16.4299,673.475,671.615,1.62878,6.0767,4.23032,2.06938,6.45426,42.3611,42.3611,1.0,1.0,1
48787,30.05.2024 21:08:04.550000,405.478,240.024,6.60081,6.502,6.364,57.054,3.02208,3.08911,18.5901,17.1514,673.24,671.445,1.95998,6.37495,4.37134,2.0387,6.45509,42.3539,42.3539,1.0,1.0,1
48788,30.05.2024 21:08:04.560000,397.156,240.024,6.56257,6.467,6.364,57.0531,3.01964,3.10572,18.7662,16.7534,673.17,671.425,1.58412,5.70811,4.69258,2.10317,6.45509,42.3032,42.3032,1.0,1.0,1
48789,30.05.2024 21:08:04.570000,397.156,240.848,6.56257,6.467,6.381,57.0598,3.01209,3.10479,18.995,18.3951,673.095,671.41,1.69891,5.93372,4.69767,2.04838,6.45549,42.3032,42.3032,1.0,1.0,1
48790,30.05.2024 21:08:04.580000,397.156,240.848,6.56257,6.467,6.381,57.0598,3.01209,3.10479,18.995,18.3951,673.095,671.41,1.69891,5.93372,4.69767,2.04838,6.45549,42.3032,42.3032,1.0,1.0,1
48791,30.05.2024 21:08:04.590000,399.71,215.552,6.56191,6.512,6.316,57.0598,3.01209,3.10479,18.995,18.3951,672.935,671.345,1.66405,6.23499,4.68943,2.02295,6.4566,42.3394,42.3394,1.0,1.0,1
48792,30.05.2024 21:08:04.600000,381.171,205.829,6.52661,6.474,6.361,57.3341,2.9983,3.103,19.1252,17.3799,672.755,671.225,1.57044,5.81153,4.91106,2.05438,6.45701,42.4913,42.4913,1.0,1.0,1
48793,30.05.2024 21:08:04.610000,381.171,205.829,6.52661,6.474,6.361,57.3341,2.9983,3.103,19.1252,17.3799,672.755,671.225,1.57044,5.81153,4.91106,2.05438,6.45701,42.4913,42.4913,1.0,1.0,1
48794,30.05.2024 21:08:04.620000,379.852,185.889,6.50945,6.499,6.409,57.3341,2.9983,3.103,19.1252,17.3799,672.675,671.215,1.5138,5.5377,4.85238,2.1246,6.45762,42.9254,42.9254,1.0,1.0,1
48795,30.05.2024 21:08:04.630000,362.549,140.57,6.5323,6.513,6.341,57.2759,2.99745,3.09294,18.3185,18.2643,672.47,671.14,1.30964,6.07373,4.93709,2.16712,6.45782,43.5258,43.5258,1.0,1.0,1
48796,30.05.2024 21:08:04.640000,362.549,140.57,6.5323,6.513,6.341,57.2759,2.99745,3.09294,18.3185,18.2643,672.47,671.14,1.30964,6.07373,4.93709,2.16712,6.45782,43.5258,43.5258,1.0,1.0,1
48797,30.05.2024 21:08:04.650000,346.811,140.57,6.50931,6.518,6.341,57.2946,2.9976,3.08818,18.5382,17.1879,672.375,671.1,1.60445,5.76742,5.14025,2.1894,6.45782,43.5258,43.5258,1.0,1.0,1
48798,30.05.2024 21:08:04.660000,333.874,109.918,6.52905,6.508,6.331,57.2115,3.00142,3.09322,18.2562,17.3351,672.14,671.045,1.64521,5.64735,5.16353,2.10733,6.45843,43.9887,43.9887,1.0,1.0,1
48799,30.05.2024 21:08:04.670000,327.283,109.918,6.52905,6.439,6.331,57.2084,3.00148,3.09188,18.3113,18.1187,672.06,671.005,1.808,5.83522,5.12032,2.1205,6.45843,43.9887,43.9887,1.0,1.0,1
48800,30.05.2024 21:08:04.680000,327.283,108.435,6.53279,6.439,6.384,57.1398,3.00148,3.09188,18.3113,18.1187,671.98,670.965,1.70342,5.96308,5.02892,2.0694,6.45833,44.6108,44.6108,0.0,1.0,1
48801,30.05.2024 21:08:04.690000,318.384,108.6,6.53142,6.434,6.361,57.1398,2.99576,3.09094,18.4243,17.2659,671.905,670.94,1.93872,5.86361,4.91516,2.04303,6.45842,44.6108,44.6108,0.0,1.0,1
48802,30.05.2024 21:08:04.700000,302.563,108.6,6.5248,6.469,6.361,57.1682,2.99474,3.09006,18.1059,16.5892,671.725,670.88,1.9528,5.90338,4.87965,2.00706,6.45842,44.6108,44.6108,0.0,1.0,1
48803,30.05.2024 21:08:04.710000,302.563,108.6,6.5248,6.469,6.361,57.1682,2.99474,3.09006,18.1059,16.5892,671.725,670.88,1.9528,5.90338,4.87965,2.00706,6.45842,44.6108,44.6108,0.0,1.0,1
48804,30.05.2024 21:08:04.720000,302.563,42.1875,6.5248,6.469,6.379,57.1682,2.99632,3.08942,18.9723,17.7369,671.635,670.83,2.00735,5.79053,4.91865,2.0927,6.45857,45.0738,45.0738,0.0,1.0,1
48805,30.05.2024 21:08:04.730000,295.312,3.2959,6.53224,6.445,6.358,57.2731,2.99678,3.08903,17.8908,17.3192,671.49,670.76,2.03,5.36299,4.81023,2.12865,6.45921,45.7104,45.7104,0.0,1.0,1
48806,30.05.2024 21:08:04.740000,295.312,3.2959,6.53224,6.445,6.358,57.2731,2.99678,3.08903,17.8908,17.3192,671.49,670.76,2.03,5.36299,4.81023,2.12865,6.45921,45.7104,45.7104,0.0,1.0,1
48807,30.05.2024 21:08:04.750000,270.923,-10.3821,6.57365,6.444,6.362,57.2731,2.99678,3.08903,17.8908,17.3192,671.4,670.73,1.86626,5.03441,4.82836,2.14806,6.45973,45.8984,45.8984,0.0,1.0,1
48808,30.05.2024 21:08:04.760000,270.923,-10.3821,6.57365,6.444,6.362,57.2731,2.99678,3.08903,17.8908,17.3192,671.4,670.73,1.86626,5.03441,4.82836,2.14806,6.45973,45.8984,45.8984,0.0,1.0,1
48809,30.05.2024 21:08:04.770000,258.728,-21.2585,6.5364,6.406,6.384,57.3072,2.99505,3.09511,17.6234,17.9066,671.17,670.615,1.7309,4.65111,4.91183,2.12165,6.45989,45.9057,45.9057,0.0,1.0,1
48810,30.05.2024 21:08:04.780000,258.728,-21.2585,6.5364,6.406,6.384,57.3072,2.99505,3.09511,17.6234,17.9066,671.17,670.615,1.7309,4.65111,4.91183,2.12165,6.45989,45.9057,45.9057,0.0,1.0,1
48811,30.05.2024 21:08:04.790000,223.791,-23.5657,6.57906,6.328,6.401,57.2585,2.99437,3.09484,18.2607,17.515,670.935,670.52,2.0978,4.2414,4.90425,2.22141,6.46049,46.2529,46.2529,0.0,1.0,1
48812,30.05.2024 21:08:04.800000,215.634,-64.7644,6.60239,6.276,6.379,57.2196,2.99368,3.09386,18.5928,17.1439,670.785,670.445,1.85377,4.4687,4.8322,2.25741,6.461,46.7665,46.7665,0.0,1.0,1
48813,30.05.2024 21:08:04.810000,215.634,-75.0641,6.60239,6.276,6.389,57.2196,2.99272,3.09321,18.1766,17.8448,670.72,670.37,1.73784,4.26006,4.78551,2.22066,6.46111,46.7665,46.7665,0.0,1.0,1
48814,30.05.2024 21:08:04.820000,200.638,-61.6333,6.5859,6.222,6.412,57.2196,2.99272,3.09321,18.1766,17.8448,670.63,670.295,1.63993,3.56496,4.78043,2.12665,6.46103,47.2439,47.2439,0.0,1.0,1
48815,30.05.2024 21:08:04.830000,173.447,-61.6333,6.5859,6.195,6.412,57.208,2.98927,3.09219,17.86,17.7878,670.485,670.225,1.77463,3.11077,4.67824,2.05937,6.46103,47.2439,47.2439,0.0,1.0,1
48816,30.05.2024 21:08:04.840000,173.447,-53.3935,6.63266,6.195,6.413,57.1897,2.98718,3.08868,18.5667,17.06,670.41,670.2,1.6508,2.48678,4.71724,2.09408,6.46114,47.649,47.649,0.0,1.0,1
48817,30.05.2024 21:08:04.850000,165.948,-67.8955,6.59806,6.163,6.433,57.1897,2.98718,3.08868,18.5667,17.06,670.335,670.165,1.77762,2.99499,4.76034,2.126,6.46165,47.649,47.649,0.0,1.0,1
48818,30.05.2024 21:08:04.860000,159.357,-67.8955,6.65535,6.131,6.433,57.1817,2.98763,3.08737,18.3479,18.0286,670.175,670.055,1.86653,3.13379,4.698,2.1505,6.46165,47.649,47.649,0.0,1.0,1
48819,30.05.2024 21:08:04.870000,159.357,-54.6295,6.65535,6.131,6.43,57.1817,2.98763,3.08737,18.3479,18.0286,670.11,669.99,1.84958,2.77302,4.71553,2.17459,6.46144,47.8516,47.8516,0.0,1.0,1
48820,30.05.2024 21:08:04.880000,159.357,-54.6295,6.65535,6.131,6.43,57.1817,2.98763,3.08737,18.3479,18.0286,670.11,669.99,1.84958,2.77302,4.71553,2.17459,6.46144,47.8516,47.8516,0.0,1.0,1
48821,30.05.2024 21:08:04.890000,136.121,-54.6295,6.6767,6.131,6.43,57.1365,2.9744,3.08526,18.2832,17.979,670.03,669.945,2.29855,2.45282,4.55045,2.1423,6.46144,48.4013,48.4013,0.0,1.0,1
48822,30.05.2024 21:08:04.900000,136.121,-54.6295,6.6767,6.131,6.43,57.1365,2.9744,3.08526,18.2832,17.979,670.03,669.945,2.29855,2.45282,4.55045,2.1423,6.46144,48.4013,48.4013,0.0,1.0,1
48823,30.05.2024 21:08:04.910000,124.585,-131.836,6.68211,6.282,6.432,57.152,2.96736,3.08323,17.3002,17.4485,669.805,669.79,2.55964,2.21245,4.39475,2.09068,6.46228,48.9005,48.9005,0.0,1.0,1
48824,30.05.2024 21:08:04.920000,119.723,-260.376,6.62831,6.552,6.427,57.2121,2.96092,3.08391,16.4731,17.916,669.655,669.715,2.9244,2.19366,4.35447,2.19775,6.46248,49.5153,49.5153,0.0,1.0,1
48825,30.05.2024 21:08:04.930000,115.604,-355.38,6.62148,6.62,6.432,57.2121,2.96092,3.08391,16.4731,17.916,669.58,669.665,2.83679,2.59459,4.28983,2.19719,6.46323,49.6311,49.6311,0.0,1.0,1
48826,30.05.2024 21:08:04.940000,110.825,-355.38,6.62148,6.569,6.432,57.1786,2.9746,3.08286,17.5809,16.4898,669.405,669.515,2.78688,2.54849,4.32037,2.14699,6.46323,49.6311,49.6311,0.0,1.0,1
48827,30.05.2024 21:08:04.950000,110.825,-355.38,6.62148,6.569,6.432,57.1786,2.9746,3.08286,17.5809,16.4898,669.405,669.515,2.78688,2.54849,4.32037,2.14699,6.46323,49.6311,49.6311,0.0,1.0,1
48828,30.05.2024 21:08:04.960000,110.825,-400.369,6.68139,6.569,6.446,57.1786,2.97017,3.07997,17.4663,16.1255,669.32,669.435,3.11687,2.47262,4.18688,2.27978,6.46334,49.9855,49.9855,0.0,1.0,1
48829,30.05.2024 21:08:04.970000,110.825,-400.369,6.68139,6.569,6.446,57.1786,2.97017,3.07997,17.4663,16.1255,669.32,669.435,3.11687,2.47262,4.18688,2.27978,6.46334,49.9855,49.9855,0.0,1.0,1
48830,30.05.2024 21:08:04.980000,106.128,-359.665,6.66522,6.424,6.463,57.1723,2.96404,3.07977,16.0389,16.4255,669.105,669.295,1.89922,1.85507,4.13747,2.18292,6.46434,50.3834,50.3834,0.0,1.0,1
48831,30.05.2024 21:08:04.990000,106.128,-359.665,6.66522,6.424,6.463,57.1723,2.96404,3.07977,16.0389,16.4255,669.105,669.295,1.89922,1.85507,4.13747,2.18292,6.46434,50.3834,50.3834,0.0,1.0,1
48832,30.05.2024 21:08:05.000000,88.8244,-378.122,6.65144,6.622,6.448,57.2066,2.94742,3.08069,16.5479,16.3192,669.0,669.14,1.88209,2.39303,4.08448,2.27314,6.46536,50.4847,50.4847,0.0,1.0,1
48833,30.05.2024 21:08:05.010000,88.8244,-378.122,6.65144,6.622,6.448,57.2066,2.94742,3.08069,16.5479,16.3192,669.0,669.14,1.88209,2.39303,4.08448,2.27314,6.46536,50.4847,50.4847,0.0,1.0,1
48834,30.05.2024 21:08:05.020000,68.5547,-502.707,6.63758,6.595,6.466,57.2364,2.96239,3.08229,17.0832,16.9719,668.87,668.975,2.32877,1.84591,3.94753,2.22017,6.46601,50.7451,50.7451,0.0,1.0,1
48835,30.05.2024 21:08:05.030000,68.5547,-502.707,6.63758,6.595,6.466,57.2364,2.96239,3.08229,17.0832,16.9719,668.87,668.975,2.32877,1.84591,3.94753,2.22017,6.46601,50.7451,50.7451,0.0,1.0,1
48836,30.05.2024 21:08:05.040000,59.079,-481.119,6.62154,6.479,6.466,57.188,2.97587,3.08447,18.0565,16.5451,668.67,668.835,2.76979,1.53885,3.86264,2.31612,6.46659,51.1357,51.1357,0.0,1.0,1
48837,30.05.2024 21:08:05.050000,48.1201,-487.628,6.60299,6.527,6.43,57.1807,2.97144,3.07308,18.0155,15.676,668.54,668.74,3.31755,2.63675,3.71963,2.33027,6.46742,51.3817,51.3817,0.0,1.0,1
48838,30.05.2024 21:08:05.060000,42.3523,-520.505,6.59556,6.618,6.42,57.1807,2.97144,3.07308,18.0155,15.676,668.48,668.7,3.54362,3.06338,3.71313,2.30843,6.46771,51.6276,51.6276,0.0,1.0,1
48839,30.05.2024 21:08:05.070000,31.8878,-520.505,6.59556,6.618,6.42,57.1848,2.96389,3.0706,17.523,15.0923,668.375,668.58,4.29576,3.5771,3.72783,2.27075,6.46771,51.6276,51.6276,0.0,1.0,1
48840,30.05.2024 21:08:05.080000,31.8878,-520.505,6.59556,6.618,6.42,57.1848,2.96389,3.0706,17.523,15.0923,668.375,668.58,4.29576,3.5771,3.72783,2.27075,6.46771,51.6276,51.6276,0.0,1.0,1
48841,30.05.2024 21:08:05.090000,31.8878,-527.508,6.57582,6.562,6.428,57.1848,2.96737,3.07302,17.2715,16.2237,668.31,668.515,4.49669,4.16081,3.88523,2.30785,6.46784,51.765,51.765,0.0,1.0,1
48842,30.05.2024 21:08:05.100000,31.8878,-527.508,6.57582,6.562,6.428,57.1848,2.96737,3.07302,17.2715,16.2237,668.31,668.515,4.49669,4.16081,3.88523,2.30785,6.46784,51.765,51.765,0.0,1.0,1
48843,30.05.2024 21:08:05.110000,12.3596,-513.418,6.57215,6.479,6.421,57.2171,2.97296,3.07615,17.673,16.3083,668.075,668.385,3.90983,4.02942,3.98657,2.45229,6.46875,51.765,51.765,0.0,1.0,1
48844,30.05.2024 21:08:05.120000,15.0787,-504.272,6.59327,6.541,6.397,57.1868,2.97454,3.07853,16.4729,15.3217,667.965,668.32,3.46422,5.09542,4.21819,2.5483,6.46966,52.568,52.568,0.0,1.0,1
48845,30.05.2024 21:08:05.130000,15.0787,-525.284,6.59327,6.541,6.36,57.167,2.97201,3.07805,17.0614,14.9857,667.9,668.28,3.6619,5.63451,4.44958,2.50082,6.47034,52.568,52.568,0.0,1.0,1
48846,30.05.2024 21:08:05.140000,15.0787,-525.284,6.59327,6.541,6.36,57.167,2.97201,3.07805,17.0614,14.9857,667.9,668.28,3.6619,5.63451,4.44958,2.50082,6.47034,52.568,52.568,0.0,1.0,1
48847,30.05.2024 21:08:05.150000,6.59179,-521.741,6.55272,6.554,6.366,57.167,2.97201,3.07805,17.0614,14.9857,667.845,668.23,3.58284,6.27921,4.718,2.50964,6.47067,52.568,52.568,0.0,1.0,1
48848,30.05.2024 21:08:05.160000,0.0,-529.98,6.5406,6.485,6.385,57.3009,2.9816,3.0828,17.2278,15.4368,667.685,668.09,3.79378,6.49102,5.22917,2.51731,6.47131,52.5752,52.5752,0.0,1.0,1
48849,30.05.2024 21:08:05.170000,0.0,-529.98,6.5406,6.485,6.385,57.3009,2.9816,3.0828,17.2278,15.4368,667.685,668.09,3.79378,6.49102,5.22917,2.51731,6.47131,52.5752,52.5752,0.0,1.0,1
48850,30.05.2024 21:08:05.180000,-18.869,-523.141,6.55143,6.467,6.396,57.3009,2.9816,3.0828,17.2278,15.4368,667.64,668.06,3.87055,6.56063,5.27716,2.61085,6.47223,52.6186,52.6186,0.0,1.0,1
48851,30.05.2024 21:08:05.190000,-24.5544,-524.212,6.67969,6.485,6.364,57.2678,2.98745,3.09308,17.744,16.3056,667.5,667.975,4.14354,6.62882,5.41499,2.66168,6.47251,52.9152,52.9152,0.0,1.0,1
48852,30.05.2024 21:08:05.200000,-32.6294,-524.212,6.56096,6.478,6.364,57.1042,2.98748,3.0944,16.5528,16.3831,667.45,667.945,4.57282,6.92594,5.48139,2.65205,6.47251,52.9152,52.9152,0.0,1.0,1
48853,30.05.2024 21:08:05.210000,-32.6294,-524.377,6.56096,6.478,6.342,57.1895,2.9843,3.09341,17.564,16.0594,667.395,667.915,4.60461,6.9117,5.53413,2.60257,6.47302,52.9152,52.9152,0.0,1.0,1
48854,30.05.2024 21:08:05.220000,-41.5283,-519.928,6.55877,6.455,6.358,57.1895,2.9843,3.09341,17.564,16.0594,667.28,667.85,4.75971,6.58099,5.66913,2.61445,6.47383,53.5229,53.5229,0.0,1.0,1
48855,30.05.2024 21:08:05.230000,-83.2214,-519.928,6.55877,6.411,6.358,57.1449,2.97798,3.09341,17.9478,16.0146,667.225,667.815,4.87447,6.71003,5.64378,2.62906,6.47383,53.5229,53.5229,0.0,1.0,1
48856,30.05.2024 21:08:05.240000,-83.2214,-523.059,6.5412,6.411,6.389,57.1175,2.97877,3.09341,17.0062,16.3648,667.17,667.79,4.78259,6.54382,5.72865,2.58449,6.47461,54.022,54.022,0.0,1.0,1
48857,30.05.2024 21:08:05.250000,-83.963,-529.98,6.5706,6.51,6.371,57.1175,2.97877,3.09341,17.0062,16.3648,667.115,667.76,4.80606,6.64841,5.73712,2.63282,6.47518,54.0148,54.0148,0.0,1.0,1
48858,30.05.2024 21:08:05.260000,-89.7308,-529.98,6.5706,6.541,6.371,57.1275,2.97845,3.09331,17.1965,15.9195,667.005,667.71,5.19744,6.79655,5.71936,2.61535,6.47518,54.0148,54.0148,0.0,1.0,1
48859,30.05.2024 21:08:05.270000,-83.963,-529.98,6.5706,6.51,6.371,57.1175,2.97845,3.09331,17.1965,15.9195,667.115,667.76,4.80606,6.64841,5.73712,2.63282,6.47518,54.4633,54.4633,0.0,1.0,1
48860,30.05.2024 21:08:05.280000,-106.375,-524.212,6.59107,6.502,6.375,57.1484,2.97572,3.09275,15.8931,15.2006,666.875,667.66,5.08651,6.99669,5.65602,2.64131,6.47505,54.7237,54.7237,0.0,1.0,1
48861,30.05.2024 21:08:05.290000,-106.375,-523.224,6.59107,6.502,6.39,57.1609,2.97358,3.09365,15.526,15.3066,666.805,667.625,4.61481,6.83637,5.7139,2.61461,6.47595,54.7237,54.7237,0.0,1.0,1
48862,30.05.2024 21:08:05.300000,-103.821,-518.197,6.59257,6.481,6.403,57.1609,2.97358,3.09365,15.526,15.3066,666.745,667.595,4.41002,6.76908,5.53142,2.59929,6.47612,55.1505,55.1505,0.0,1.0,1
48863,30.05.2024 21:08:05.310000,-104.068,-518.197,6.59257,6.49,6.403,57.1214,2.96881,3.09374,15.641,14.8002,666.65,667.545,4.248,6.73838,5.39118,2.54038,6.47612,55.1505,55.1505,0.0,1.0,1
48864,30.05.2024 21:08:05.320000,-104.068,-524.13,6.6057,6.49,6.385,57.1158,2.96881,3.09374,15.641,14.8002,666.62,667.525,3.97581,6.62718,5.31337,2.64379,6.47612,55.1505,55.1505,0.0,1.0,1
48865,30.05.2024 21:08:05.330000,-109.424,-524.048,6.61424,6.511,6.387,57.1158,2.97034,3.09375,15.0397,15.2249,666.575,667.505,4.17017,6.74377,5.29748,2.65684,6.47703,55.5556,55.5556,0.0,1.0,1
48866,30.05.2024 21:08:05.340000,-109.424,-524.048,6.61424,6.511,6.387,57.1158,2.97034,3.09375,15.0397,15.2249,666.575,667.505,4.17017,6.74377,5.29748,2.65684,6.47703,55.5556,55.5556,0.0,1.0,1
48867,30.05.2024 21:08:05.350000,-110.66,-524.048,6.60261,6.512,6.387,57.0856,2.97032,3.09485,15.6642,14.9397,666.49,667.47,4.16241,6.34232,5.41582,2.72348,6.47703,56.0547,56.0547,0.0,1.0,1
48868,30.05.2024 21:08:05.360000,-110.66,-524.048,6.60261,6.512,6.387,57.0856,2.97032,3.09485,15.6642,14.9397,666.49,667.47,4.16241,6.34232,5.41582,2.72348,6.47703,56.0547,56.0547,0.0,1.0,1
48869,30.05.2024 21:08:05.370000,-114.038,-518.527,6.59529,6.546,6.406,57.0835,2.97094,3.0952,15.5862,14.04,666.4,667.44,4.59594,6.98967,5.24423,2.70565,6.47758,56.0547,56.0547,0.0,1.0,1
48870,30.05.2024 21:08:05.380000,-114.038,-518.527,6.59529,6.546,6.406,57.0835,2.97094,3.0952,15.5862,14.04,666.4,667.44,4.59594,6.98967,5.24423,2.70565,6.47758,56.0547,56.0547,0.0,1.0,1
48871,30.05.2024 21:08:05.390000,-115.768,-524.048,6.60444,6.578,6.418,57.097,2.97189,3.09721,15.8709,14.2262,666.255,667.385,5.19392,7.41469,5.2473,3.21578,6.4781,56.3874,56.3874,0.0,1.0,1
48872,30.05.2024 21:08:05.400000,-122.772,-521.905,6.62318,6.634,6.461,57.151,2.9816,3.1,15.8991,14.8331,666.17,667.345,5.40998,7.91143,5.63462,3.47622,6.47814,56.7636,56.7636,0.0,1.0,1
48873,30.05.2024 21:08:05.410000,-128.375,-523.553,6.62702,6.594,6.447,57.1833,2.9816,3.1,15.8991,14.8331,666.11,667.315,5.34682,7.93325,5.75958,3.56481,6.47886,57.5231,57.5231,0.0,1.0,1
48874,30.05.2024 21:08:05.420000,-133.401,-523.553,6.61723,6.518,6.447,57.1775,2.98523,3.09996,15.7723,13.6205,666.02,667.25,5.28362,8.0493,5.79894,3.65945,6.47886,57.5231,57.5231,0.0,1.0,1
48875,30.05.2024 21:08:05.430000,-133.401,-511.358,6.61723,6.518,6.46,57.1775,2.98523,3.09996,15.7723,13.6205,665.975,667.225,5.25704,7.94763,5.79201,3.73237,6.47929,57.5231,57.5231,0.0,1.0,1
48876,30.05.2024 21:08:05.440000,-153.094,-511.358,6.60779,6.493,6.46,57.1649,2.98408,3.09954,15.7516,14.9933,665.93,667.19,5.72374,7.72317,5.95061,3.79022,6.47929,57.4074,57.4074,0.0,1.0,1
48877,30.05.2024 21:08:05.450000,-153.094,-520.917,6.60779,6.493,6.478,57.1514,2.98882,3.10117,15.9865,14.8642,665.885,667.16,5.79817,7.73259,5.90684,3.76356,6.47963,57.4074,57.4074,0.0,1.0,1
48878,30.05.2024 21:08:05.460000,-153.094,-511.358,6.60779,6.493,6.46,57.1649,2.98882,3.10117,15.9865,14.8642,665.93,667.19,5.72374,7.72317,5.95061,3.79022,6.47929,57.4942,57.4942,0.0,1.0,1
48879,30.05.2024 21:08:05.470000,-153.094,-511.358,6.60779,6.493,6.46,57.1649,2.98882,3.10117,15.9865,14.8642,665.93,667.19,5.72374,7.72317,5.95061,3.79022,6.47929,57.4942,57.4942,0.0,1.0,1
48880,30.05.2024 21:08:05.480000,-176.825,-525.696,6.61399,6.545,6.473,57.166,2.99563,3.10339,16.4111,14.3604,665.755,667.085,5.63115,7.20834,6.01031,3.98278,6.47981,57.4942,57.4942,0.0,1.0,1
48881,30.05.2024 21:08:05.490000,-186.218,-530.475,6.61576,6.501,6.437,57.1275,2.99899,3.10377,16.0115,14.4607,665.695,667.025,5.93704,7.07873,5.69122,4.02675,6.48116,57.4942,57.4942,0.0,1.0,1
48882,30.05.2024 21:08:05.500000,-193.552,-530.475,6.60637,6.5,6.437,57.1342,2.99656,3.10364,16.2699,14.3342,665.63,666.975,6.0745,6.86052,5.68393,4.02886,6.48116,57.4942,57.4942,0.0,1.0,1
48883,30.05.2024 21:08:05.510000,-193.552,-522.729,6.60637,6.5,6.442,57.1342,2.99656,3.10364,16.2699,14.3342,665.595,666.96,6.3247,6.35183,5.80495,3.96494,6.48134,58.0295,58.0295,0.0,1.0,1
48884,30.05.2024 21:08:05.520000,-208.96,-522.729,6.61023,6.523,6.442,57.158,2.99291,3.10393,16.2588,13.6032,665.56,666.95,7.08447,6.6955,5.97922,4.16315,6.48134,58.2248,58.2248,0.0,1.0,1
48885,30.05.2024 21:08:05.530000,-208.96,-526.932,6.61023,6.523,6.442,57.1841,2.99247,3.10407,15.8295,14.6818,665.54,666.93,6.94976,6.26458,6.22627,4.27788,6.48182,58.2248,58.2248,0.0,1.0,1
48886,30.05.2024 21:08:05.540000,-215.057,-525.036,6.60975,6.554,6.407,57.1841,2.99247,3.10407,15.8295,14.6818,665.465,666.87,7.32891,6.42763,6.17032,4.22394,6.48254,58.5938,58.5938,0.0,1.0,1
48887,30.05.2024 21:08:05.550000,-218.765,-525.036,6.60975,6.556,6.407,57.1963,3.00187,3.10833,16.1266,14.5729,665.425,666.845,7.50256,6.47882,6.19106,4.22938,6.48254,58.5938,58.5938,0.0,1.0,1
48888,30.05.2024 21:08:05.560000,-218.765,-520.422,6.60588,6.556,6.418,57.1252,3.00526,3.11107,16.5946,14.2713,665.405,666.81,7.47138,6.55312,6.1523,4.20061,6.48332,58.5938,58.5938,0.0,1.0,1
48889,30.05.2024 21:08:05.570000,-226.593,-520.834,6.60423,6.522,6.41,57.1252,3.00526,3.11107,16.5946,14.2713,665.375,666.79,7.68067,6.2267,6.20516,4.26664,6.48386,58.6371,58.6371,0.0,1.0,1
48890,30.05.2024 21:08:05.580000,-230.795,-520.834,6.60423,6.527,6.41,57.1324,3.0057,3.10967,16.5621,13.9561,665.31,666.75,7.83455,6.23199,6.23986,4.33551,6.48386,58.6371,58.6371,0.0,1.0,1
48891,30.05.2024 21:08:05.590000,-230.795,-520.834,6.60423,6.527,6.41,57.1324,3.0057,3.10967,16.5621,13.9561,665.31,666.75,7.83455,6.23199,6.23986,4.33551,6.48386,58.6371,58.6371,0.0,1.0,1
48892,30.05.2024 21:08:05.600000,-230.795,-519.681,6.59557,6.527,6.393,57.1324,3.00541,3.10922,16.9749,14.3471,665.275,666.735,8.01405,6.46118,6.21463,4.30601,6.48436,58.6371,58.6371,0.0,1.0,1
48893,30.05.2024 21:08:05.610000,-230.795,-519.681,6.59557,6.527,6.393,57.1324,3.00541,3.10922,16.9749,14.3471,665.275,666.735,8.01405,6.46118,6.21463,4.30601,6.48436,58.6371,58.6371,0.0,1.0,1
48894,30.05.2024 21:08:05.620000,-241.342,-522.977,6.59548,6.558,6.412,57.1089,3.00634,3.11116,16.3224,14.9498,665.18,666.645,7.78479,6.05852,6.50699,4.38584,6.48513,59.3388,59.3388,0.0,1.0,1
48895,30.05.2024 21:08:05.630000,-265.155,-524.542,6.60444,6.505,6.413,57.1074,3.01255,3.11135,15.9104,14.29,665.155,666.595,7.60002,5.83192,6.52462,4.45432,6.48565,59.838,59.838,0.0,1.0,1
48896,30.05.2024 21:08:05.640000,-265.155,-519.433,6.60156,6.505,6.42,57.1194,3.01255,3.11135,15.9104,14.29,665.12,666.565,8.11312,5.79037,6.55943,4.35668,6.48611,59.838,59.838,0.0,1.0,1
48897,30.05.2024 21:08:05.650000,-274.878,-528.25,6.6262,6.513,6.406,57.1194,3.01285,3.11137,17.1097,14.4547,665.095,666.55,8.14603,5.66095,6.66586,4.4239,6.48699,60.0984,60.0984,0.0,1.0,1
48898,30.05.2024 21:08:05.660000,-277.844,-528.25,6.60837,6.5,6.406,57.1202,3.00911,3.11168,15.969,14.9051,665.035,666.51,8.23166,5.84021,6.61643,4.3391,6.48699,60.0984,60.0984,0.0,1.0,1
48899,30.05.2024 21:08:05.670000,-277.844,-525.943,6.60837,6.5,6.402,57.1202,3.00911,3.11168,15.969,14.9051,665.02,666.48,8.08294,5.97377,6.58509,4.36829,6.4876,60.6048,60.6048,0.0,1.0,1
