,time,Pinceur Inf Mesure de courant,Pinceur Sup Mesure de courant,Mandrin - Vitesse Actuelle,Pinceur Sup Mesure vitesse lineaire,Pinceur Inf Mesure vitesse lineaire,Mandrin - Mesure Expansion,Pinceur Nord Position entrefer estimee,Pinceur Sud Position entrefer estimee,Pinceur Nord Force entrefer calibree,Pinceur Sud Force entrefer calibree,Guides Nord Entree Position mesuree,Guides Nord Sortie Position mesuree,Guides Nord Entree Force pour regulateur PI,Guides Nord Sortie Force pour regulateur PI,Guides Sud Entree Force pour regulateur PI,Guides Sud Sortie Force pour regulateur PI,Mandrin - Vitesse Actuelle F10,_Excentrage largeur bande jauge bob,_Excentrage largeur bande jauge bob.1,TDB pinceur,Fenetre,Declancheur
35100,30.05.2024 18:08:58.490000,153.836,83.4686,10.2097,11.545,11.235,36.5462,2.75805,2.17016,20.7038,31.4582,801.215,802.15,5.59882,7.91803,0.0557859,0.553656,9.64796,77.0255,77.0255,1.0,1.0,1
35101,30.05.2024 18:08:58.500000,153.836,83.4686,10.2097,11.545,11.235,36.47,2.84875,2.13927,29.6487,27.0143,799.62,800.49,5.30478,7.37619,0.0310018,0.443407,9.64796,77.0255,77.0255,1.0,1.0,1
35102,30.05.2024 18:08:58.510000,153.836,83.4686,10.2097,11.545,11.235,36.47,2.84875,2.13927,29.6487,27.0143,799.62,800.49,5.30478,7.37619,0.0310018,0.443407,9.64796,77.0255,77.0255,1.0,1.0,1
35103,30.05.2024 18:08:58.520000,176.331,62.0453,10.1953,11.494,11.197,36.47,2.80175,2.11635,36.3521,21.9102,798.035,798.945,4.8416,5.96627,0.0593259,0.411165,9.64997,77.0182,77.0182,1.0,1.0,1
35104,30.05.2024 18:08:58.530000,176.331,62.0453,10.1953,11.494,11.197,36.47,2.80175,2.11635,36.3521,21.9102,798.035,798.945,4.8416,5.96627,0.0593259,0.411165,9.64997,77.0182,77.0182,1.0,1.0,1
35105,30.05.2024 18:08:58.540000,204.346,130.6,10.1996,11.315,11.166,36.5014,2.56583,2.11418,28.5131,30.0436,796.76,797.615,3.35346,4.05364,0.0378797,0.362639,9.65087,77.0182,77.0182,1.0,1.0,1
35106,30.05.2024 18:08:58.550000,277.02,162.488,10.2053,11.305,11.006,36.6603,2.1788,2.12829,16.3311,30.1505,795.695,796.585,2.65548,2.85555,-0.0450213,0.368422,9.65056,77.0906,77.0906,1.0,1.0,1
35107,30.05.2024 18:08:58.560000,277.02,196.683,10.2053,11.229,11.006,36.6603,2.07138,2.12759,16.3311,30.1505,795.695,796.585,2.65548,2.85555,-0.0450213,0.368422,9.65129,77.9225,77.9225,1.0,1.0,1
35108,30.05.2024 18:08:58.570000,322.339,196.683,10.2066,11.229,10.9,36.6301,2.01556,2.12285,8.05016,24.1766,794.595,795.545,2.85362,3.49984,-0.0328372,0.294018,9.65129,77.9225,77.9225,1.0,1.0,1
35109,30.05.2024 18:08:58.580000,322.339,196.683,10.2066,11.229,10.9,36.6301,2.01556,2.12285,8.05016,24.1766,794.595,795.545,2.85362,3.49984,-0.0328372,0.294018,9.65129,77.9225,77.9225,1.0,1.0,1
35110,30.05.2024 18:08:58.590000,380.759,252.301,10.2066,11.093,10.832,36.6529,2.01954,2.10975,-2.18874,25.4803,793.495,794.3,3.44584,4.92739,-0.00296044,0.415797,9.65234,78.9786,78.9786,1.0,1.0,1
35111,30.05.2024 18:08:58.600000,380.759,252.301,10.2066,11.093,10.832,36.6529,2.01954,2.10975,-2.18874,25.4803,793.495,794.3,3.44584,4.92739,-0.00296044,0.415797,9.65234,78.9786,78.9786,1.0,1.0,1
35112,30.05.2024 18:08:58.610000,436.13,347.8,10.1969,10.998,10.751,36.6296,2.29851,2.03301,2.94281,27.6971,792.455,793.07,4.48959,5.57474,-0.0730593,0.343878,9.65324,76.8085,76.8085,1.0,1.0,1
35113,30.05.2024 18:08:58.620000,501.141,378.369,10.2086,10.981,10.641,36.5427,2.57253,1.98065,16.1128,22.5891,791.28,791.77,6.32637,6.43197,-0.0225565,0.303244,9.65421,76.8085,76.8085,1.0,1.0,1
35114,30.05.2024 18:08:58.630000,568.872,413.141,10.2015,10.939,10.501,36.5769,2.64672,1.97098,24.7486,17.0435,789.775,790.32,8.17273,7.74718,-0.0798419,0.271513,9.65421,76.8085,76.8085,1.0,1.0,1
35115,30.05.2024 18:08:58.640000,568.872,413.141,10.2015,10.939,10.501,36.5769,2.64672,1.97098,24.7486,17.0435,789.775,790.32,8.17273,7.74718,-0.0798419,0.271513,9.65421,76.8085,76.8085,1.0,1.0,1
35116,30.05.2024 18:08:58.650000,568.872,461.508,10.2015,10.862,10.501,36.5769,2.66158,1.98423,31.3577,17.626,788.25,788.725,8.16357,8.27085,-0.136322,0.183787,9.65623,73.8643,73.8643,1.0,1.0,1
35117,30.05.2024 18:08:58.660000,568.872,461.508,10.2015,10.862,10.501,36.5769,2.66158,1.98423,31.3577,17.626,788.25,788.725,8.16357,8.27085,-0.136322,0.183787,9.65623,73.8643,73.8643,1.0,1.0,1
35118,30.05.2024 18:08:58.670000,680.603,544.4,10.2121,10.717,10.385,36.5699,2.50125,1.99762,26.8966,22.4039,786.78,787.205,7.41121,7.58151,-0.0661128,0.216904,9.65743,72.2729,72.2729,1.0,1.0,1
35119,30.05.2024 18:08:58.680000,680.603,544.4,10.2121,10.717,10.385,36.5699,2.50125,1.99762,26.8966,22.4039,786.78,787.205,7.41121,7.58151,-0.0661128,0.216904,9.65743,72.2729,72.2729,1.0,1.0,1
35120,30.05.2024 18:08:58.690000,700.79,577.441,10.2046,10.811,10.422,36.5245,2.21509,2.00505,19.1696,21.4002,785.325,785.7,6.84783,7.16539,-0.0911829,0.195233,9.6581,69.1768,69.1768,1.0,1.0,1
35121,30.05.2024 18:08:58.700000,717.022,559.808,10.2082,10.81,10.415,36.5513,2.11708,2.01915,10.6202,19.9294,783.82,784.19,6.57475,7.01746,0.0101812,0.275807,9.65893,67.4986,67.4986,1.0,1.0,1
35122,30.05.2024 18:08:58.710000,717.022,559.808,10.2082,10.81,10.415,36.5513,2.11708,2.01915,10.6202,19.9294,783.82,784.19,6.57475,7.01746,0.0101812,0.275807,9.65893,67.4986,67.4986,1.0,1.0,1
35123,30.05.2024 18:08:58.720000,717.105,642.041,10.2147,10.703,10.414,36.5551,2.12159,2.02024,6.47231,21.1854,782.42,782.755,6.4132,6.89072,0.0787389,0.302481,9.66008,66.2254,66.2254,1.0,1.0,1
35124,30.05.2024 18:08:58.730000,717.105,642.041,10.2147,10.703,10.414,36.5551,2.12159,2.02024,6.47231,21.1854,782.42,782.755,6.4132,6.89072,0.0787389,0.302481,9.66008,66.2254,66.2254,1.0,1.0,1
35125,30.05.2024 18:08:58.740000,714.221,675.577,10.2167,10.634,10.401,36.4696,2.28072,1.99481,8.20094,24.2737,780.89,781.175,7.48339,7.84155,0.136932,0.222916,9.66091,64.0987,64.0987,1.0,1.0,1
35126,30.05.2024 18:08:58.750000,709.112,687.112,10.2135,10.748,10.363,36.4258,2.48939,1.98475,15.1723,19.3296,779.38,779.665,8.1184,8.30009,0.107979,0.245404,9.66194,60.5975,60.5975,1.0,1.0,1
35127,30.05.2024 18:08:58.760000,705.899,679.532,10.2114,10.727,10.331,36.4206,2.51999,1.98691,22.9296,18.1646,777.845,778.115,8.92374,8.91969,0.167206,0.325388,9.66194,60.5975,60.5975,1.0,1.0,1
35128,30.05.2024 18:08:58.770000,700.378,711.914,10.2114,10.631,10.301,36.4206,2.52225,1.98855,25.7184,22.0447,776.13,776.38,9.76196,9.76564,0.172165,0.335661,9.66251,55.6351,55.6351,1.0,1.0,1
35129,30.05.2024 18:08:58.780000,700.378,711.914,10.2036,10.631,10.301,36.4167,2.4928,1.99209,25.7184,22.0447,776.13,776.38,9.76196,9.76564,0.172165,0.335661,9.66251,55.599,55.599,1.0,1.0,1
35130,30.05.2024 18:08:58.790000,704.663,701.037,10.2125,10.521,10.278,36.421,2.43931,1.99749,24.6746,19.383,774.385,774.635,9.48504,9.09048,0.16497,0.323857,9.66251,55.599,55.599,1.0,1.0,1
35131,30.05.2024 18:08:58.800000,704.663,701.037,10.2125,10.521,10.278,36.421,2.43931,1.99749,24.6746,19.383,774.385,774.635,9.48504,9.09048,0.16497,0.323857,9.66251,55.599,55.599,1.0,1.0,1
35132,30.05.2024 18:08:58.810000,704.663,697.494,10.2125,10.583,10.278,36.421,2.3004,2.0037,18.8615,18.8335,772.695,773.035,8.69955,8.19459,0.173839,0.400025,9.66347,55.599,55.599,1.0,1.0,1
35133,30.05.2024 18:08:58.820000,703.592,702.685,10.2164,10.539,10.279,36.5288,2.16851,2.00631,11.5558,21.1006,771.01,771.415,7.98497,8.02781,0.127857,0.367977,9.66414,56.0981,56.0981,1.0,1.0,1
35134,30.05.2024 18:08:58.830000,703.592,702.685,10.2201,10.539,10.279,36.5288,2.1046,2.00145,11.5558,21.1006,771.01,771.415,7.98497,8.02781,0.127857,0.367977,9.66512,53.6603,53.6603,1.0,1.0,1
35135,30.05.2024 18:08:58.840000,698.895,707.712,10.2284,10.432,10.24,36.5308,2.10131,1.99543,8.4816,22.0017,769.315,769.735,7.39835,7.86923,0.137851,0.3564,9.66512,53.6603,53.6603,1.0,1.0,1
35136,30.05.2024 18:08:58.850000,698.895,707.712,10.2284,10.432,10.24,36.5308,2.10131,1.99543,8.4816,22.0017,769.315,769.735,7.39835,7.86923,0.137851,0.3564,9.66512,53.6603,53.6603,1.0,1.0,1
35137,30.05.2024 18:08:58.860000,694.446,692.798,10.2284,10.395,10.207,36.5308,2.11724,1.99329,8.70615,20.3217,767.805,768.18,6.81181,7.71679,0.0623167,0.396317,9.6657,52.0689,52.0689,1.0,1.0,1
35138,30.05.2024 18:08:58.870000,692.138,700.049,10.2232,10.426,10.151,36.5624,2.22312,1.99721,10.682,20.8366,766.175,766.68,7.5998,8.25556,0.0285833,0.374987,9.66647,52.0689,52.0689,1.0,1.0,1
35139,30.05.2024 18:08:58.880000,692.138,695.517,10.2232,10.44,10.151,36.5624,2.25955,1.99934,10.682,20.8366,766.175,766.68,7.5998,8.25556,0.0285833,0.374987,9.66661,49.9277,49.9277,1.0,1.0,1
35140,30.05.2024 18:08:58.890000,700.955,695.517,10.2353,10.44,10.091,36.5471,2.28592,2.0028,14.7278,23.331,764.465,765.075,8.01778,9.89823,0.112213,0.44397,9.66661,47.7865,47.7865,1.0,1.0,1
35141,30.05.2024 18:08:58.900000,700.955,695.517,10.2353,10.44,10.091,36.5754,2.29623,2.00659,18.1382,20.9037,762.78,763.405,8.17836,10.5239,0.0889623,0.458184,9.66661,47.7865,47.7865,1.0,1.0,1
35142,30.05.2024 18:08:58.910000,698.236,697.824,10.2483,10.383,10.075,36.5754,2.29097,2.01411,18.1382,20.9037,762.78,763.405,8.17836,10.5239,0.0889623,0.458184,9.66828,47.7865,47.7865,1.0,1.0,1
35143,30.05.2024 18:08:58.920000,698.236,697.824,10.2483,10.383,10.075,36.5754,2.29097,2.01411,18.1382,20.9037,762.78,763.405,8.17836,10.5239,0.0889623,0.458184,9.66828,47.7865,47.7865,1.0,1.0,1
35144,30.05.2024 18:08:58.930000,695.599,694.858,10.2483,10.286,10.045,36.5811,2.26893,2.01825,17.872,22.8405,761.055,761.615,8.22864,11.0105,0.110721,0.485728,9.66828,42.8602,42.8602,1.0,1.0,1
35145,30.05.2024 18:08:58.940000,698.73,688.513,10.2579,10.26,10.012,36.5809,2.21494,2.02194,16.9542,24.1456,759.275,759.79,7.91049,10.3482,0.113701,0.490885,9.66906,42.8602,42.8602,1.0,1.0,1
35146,30.05.2024 18:08:58.950000,691.314,689.337,10.2574,10.305,10.006,36.5161,2.18711,2.02053,13.814,22.3318,757.61,758.17,7.20809,9.25368,0.0360525,0.445263,9.66906,42.8602,42.8602,1.0,1.0,1
35147,30.05.2024 18:08:58.960000,691.314,689.337,10.2574,10.305,10.006,36.5161,2.18711,2.02053,13.814,22.3318,757.61,758.17,7.20809,9.25368,0.0360525,0.445263,9.66906,42.8602,42.8602,1.0,1.0,1
35148,30.05.2024 18:08:58.970000,691.314,694.281,10.2574,10.242,10.006,36.5161,2.14317,2.01868,12.0172,24.1476,756.035,756.66,7.01544,9.04532,0.0492055,0.498427,9.67072,39.4965,39.4965,1.0,1.0,1
35149,30.05.2024 18:08:58.980000,691.314,694.281,10.2574,10.242,10.006,36.5161,2.14317,2.01868,12.0172,24.1476,756.035,756.66,7.01544,9.04532,0.0492055,0.498427,9.67072,39.4965,39.4965,1.0,1.0,1
35150,30.05.2024 18:08:58.990000,685.547,687.936,10.2583,10.215,9.928,36.476,2.12963,2.01397,9.639,22.9568,754.375,755.08,7.62396,10.1268,0.0777051,0.517433,9.67192,35.8579,35.8579,1.0,1.0,1
35151,30.05.2024 18:08:59.000000,685.547,687.936,10.2583,10.215,9.928,36.476,2.12963,2.01397,9.639,22.9568,754.375,755.08,7.62396,10.1268,0.0777051,0.517433,9.67192,35.8579,35.8579,1.0,1.0,1
35152,30.05.2024 18:08:59.010000,688.76,689.007,10.2583,10.229,9.916,36.4908,2.14938,2.0091,9.70535,21.1197,752.72,753.48,8.13824,10.8719,0.0473173,0.453528,9.67305,32.487,32.487,1.0,1.0,1
35153,30.05.2024 18:08:59.020000,692.138,693.539,10.2615,10.245,9.893,36.4617,2.17669,2.00725,11.4261,21.7407,751.01,751.765,8.36116,11.6542,0.0586927,0.44612,9.67426,29.5067,29.5067,1.0,1.0,1
35154,30.05.2024 18:08:59.030000,692.138,693.539,10.2615,10.245,9.893,36.4617,2.17669,2.00725,11.4261,21.7407,751.01,751.765,8.36116,11.6542,0.0586927,0.44612,9.67426,29.5067,29.5067,1.0,1.0,1
35155,30.05.2024 18:08:59.040000,691.644,694.198,10.2643,10.215,9.941,36.5456,2.18639,2.0083,13.3349,21.2414,749.325,750.025,8.41791,11.7059,0.0525053,0.427071,9.6753,25.9621,25.9621,1.0,1.0,1
35156,30.05.2024 18:08:59.050000,691.644,694.198,10.2643,10.215,9.941,36.5456,2.18639,2.0083,13.3349,21.2414,749.325,750.025,8.41791,11.7059,0.0525053,0.427071,9.6753,25.9621,25.9621,1.0,1.0,1
35157,30.05.2024 18:08:59.060000,672.445,692.55,10.2588,10.117,9.957,36.5564,2.21127,2.00837,12.7813,20.6823,747.77,748.34,8.5646,11.152,-0.0293429,0.47488,9.67645,22.7865,22.7865,1.0,1.0,1
35158,30.05.2024 18:08:59.070000,672.445,692.55,10.2588,10.117,9.957,36.5564,2.21127,2.00837,12.7813,20.6823,747.77,748.34,8.5646,11.152,-0.0293429,0.47488,9.67645,22.7865,22.7865,1.0,1.0,1
35159,30.05.2024 18:08:59.080000,662.475,687.936,10.2711,10.129,9.922,36.5651,2.21605,2.00077,14.2921,22.63,746.255,746.75,9.33719,11.4547,0.0734937,0.556961,9.67678,19.6108,19.6108,1.0,1.0,1
35160,30.05.2024 18:08:59.090000,563.681,649.457,10.2613,10.095,9.886,36.5184,2.19367,1.99251,14.8345,19.3457,743.52,743.63,13.1247,12.6393,4.46799,1.52215,9.67787,19.5674,19.5674,1.0,1.0,1
35161,30.05.2024 18:08:59.100000,563.681,649.457,10.2803,10.095,9.886,36.4043,2.18144,1.99238,14.8345,19.3457,743.52,743.63,13.1247,12.6393,4.46799,1.52215,9.67787,19.5674,19.5674,1.0,1.0,1
35162,30.05.2024 18:08:59.110000,538.55,611.966,10.2831,10.028,9.845,36.4128,2.16875,1.98955,13.4787,20.2538,742.115,742.045,15.8058,13.663,7.27366,2.86429,9.67787,19.5674,19.5674,1.0,1.0,1
35163,30.05.2024 18:08:59.120000,538.55,598.205,10.2831,10.033,9.845,36.4128,2.1406,1.98452,13.4787,20.2538,742.115,742.045,15.8058,13.663,7.27366,2.86429,9.67947,12.7894,12.7894,1.0,1.0,1
35164,30.05.2024 18:08:59.130000,533.606,598.205,10.2768,10.033,9.908,36.498,2.1354,1.98702,12.5865,21.8942,741.255,740.68,13.2464,5.18141,9.66377,4.26487,9.67947,9.62095,9.62095,1.0,1.0,1
35165,30.05.2024 18:08:59.140000,533.606,598.205,10.2768,10.033,9.908,36.5772,2.13417,1.99009,12.3963,21.0948,741.2,741.545,11.6066,-2.48227,12.4876,5.6439,9.67947,9.62095,9.62095,1.0,1.0,1
35166,30.05.2024 18:08:59.150000,543.741,601.172,10.2766,10.063,9.904,36.5772,2.14406,1.98495,12.3963,21.0948,741.2,741.545,11.6066,-2.48227,12.4876,5.6439,9.68118,9.62095,9.62095,1.0,1.0,1
35167,30.05.2024 18:08:59.160000,542.258,608.835,10.2623,10.029,9.877,36.6375,2.14562,1.98492,11.5082,22.3994,740.98,742.265,10.1028,2.82005,14.5327,6.70354,9.68118,9.62095,9.62095,1.0,1.0,1
35168,30.05.2024 18:08:59.170000,539.209,612.79,10.2623,9.933,9.825,36.6375,2.14675,1.98339,13.4181,22.1441,741.485,741.98,8.05547,7.58033,15.2062,7.46447,9.68226,4.61517,4.61517,1.0,1.0,1
35169,30.05.2024 18:08:59.180000,539.209,612.79,10.2548,9.933,9.825,36.6147,2.14441,1.98086,13.4181,22.1441,741.485,741.98,8.05547,7.58033,15.2062,7.46447,9.68226,4.56452,4.56452,1.0,1.0,1
35170,30.05.2024 18:08:59.190000,539.209,612.79,10.2548,9.933,9.825,36.6147,2.14441,1.98086,13.4181,22.1441,741.485,741.98,8.05547,7.58033,15.2062,7.46447,9.68226,4.56452,4.56452,1.0,1.0,1
35171,30.05.2024 18:08:59.200000,541.598,603.314,10.2596,9.901,9.897,36.6496,2.13017,1.97783,13.5949,22.0399,741.8,741.795,10.113,6.2506,15.4089,7.87529,9.68346,4.56452,4.56452,1.0,1.0,1
35172,30.05.2024 18:08:59.210000,542.834,604.88,10.2491,9.943,9.866,36.5757,2.07229,1.97154,12.9002,19.0084,742.08,741.965,12.111,5.99436,15.0418,7.8586,9.68418,1.72888,1.72888,1.0,1.0,1
35173,30.05.2024 18:08:59.220000,542.834,604.88,10.2491,9.943,9.866,36.5198,2.05794,1.97218,8.42259,19.163,742.105,741.995,15.2592,7.37023,13.9393,7.29075,9.68418,1.72888,1.72888,1.0,1.0,1
35174,30.05.2024 18:08:59.230000,542.834,604.88,10.2491,9.943,9.866,36.5198,2.05794,1.97218,8.42259,19.163,742.105,741.995,15.2592,7.37023,13.9393,7.29075,9.68418,1.72888,1.72888,1.0,1.0,1
35175,30.05.2024 18:08:59.240000,557.419,610.565,10.2305,9.976,9.851,36.5198,2.04272,1.96393,10.0246,19.9407,741.935,741.845,17.0269,7.45972,13.2028,6.72544,9.68615,-0.108503,-0.108503,1.0,1.0,1
35176,30.05.2024 18:08:59.250000,557.419,610.565,10.2305,9.976,9.851,36.5198,2.04272,1.96393,10.0246,19.9407,741.935,741.845,17.0269,7.45972,13.2028,6.72544,9.68615,-0.108503,-0.108503,1.0,1.0,1
35177,30.05.2024 18:08:59.260000,554.864,609.494,10.2158,9.899,9.857,36.497,2.05799,1.95836,9.07753,17.185,741.75,741.81,16.8399,6.42594,13.5119,6.72919,9.68696,-0.108503,-0.108503,1.0,1.0,1
35178,30.05.2024 18:08:59.270000,555.112,605.786,10.2168,9.927,9.787,36.4665,2.12269,1.95126,9.85157,15.9273,741.575,741.89,15.3884,5.68765,14.0421,6.55406,9.68793,-1.12124,-1.12124,1.0,1.0,1
35179,30.05.2024 18:08:59.280000,555.112,602.408,10.2168,9.942,9.787,36.4665,2.14668,1.94739,9.85157,15.9273,741.575,741.89,15.3884,5.68765,14.0421,6.55406,9.68903,-1.40335,-1.40335,1.0,1.0,1
35180,30.05.2024 18:08:59.290000,551.239,602.408,10.2225,9.942,9.797,36.4602,2.16161,1.94648,12.4658,20.2392,741.805,741.93,12.8639,5.90746,14.0022,6.43974,9.68903,-1.14293,-1.14293,1.0,1.0,1
35181,30.05.2024 18:08:59.300000,551.239,602.408,10.2225,9.942,9.797,36.4602,2.16161,1.94648,12.4658,20.2392,741.805,741.93,12.8639,5.90746,14.0022,6.43974,9.68903,-1.14293,-1.14293,1.0,1.0,1
35182,30.05.2024 18:08:59.310000,556.924,606.775,10.2225,9.881,9.814,36.531,2.17387,1.95048,14.6124,16.7624,742.21,741.875,12.2453,5.56843,14.0608,6.43719,9.69031,-1.51186,-1.51186,1.0,1.0,1
35183,30.05.2024 18:08:59.320000,556.265,607.599,10.1509,9.839,9.828,36.5103,2.13135,1.94666,17.1202,17.6177,742.54,741.98,13.3494,4.99121,14.938,6.25235,9.69053,-1.51186,-1.51186,1.0,1.0,1
35184,30.05.2024 18:08:59.330000,549.508,609.741,10.1509,9.888,9.881,36.5103,2.09184,1.94388,13.8665,18.3294,742.815,742.1,14.7055,5.4424,15.5099,6.28091,9.69078,-1.91696,-1.91696,1.0,1.0,1
35185,30.05.2024 18:08:59.340000,549.508,609.741,10.1539,9.888,9.881,36.5252,2.03955,1.9418,13.8665,18.3294,742.815,742.1,14.7055,5.4424,15.5099,6.28091,9.69078,-2.51736,-2.51736,1.0,1.0,1
35186,30.05.2024 18:08:59.350000,558.243,608.917,10.1218,9.951,9.892,36.5327,1.99578,1.93632,9.88402,14.4784,742.885,742.08,15.9382,6.2628,15.1242,6.32321,9.69078,-2.51736,-2.51736,1.0,1.0,1
35187,30.05.2024 18:08:59.360000,558.243,608.917,10.1218,9.951,9.892,36.5327,1.99578,1.93632,9.88402,14.4784,742.885,742.08,15.9382,6.2628,15.1242,6.32321,9.69078,-2.51736,-2.51736,1.0,1.0,1
35188,30.05.2024 18:08:59.370000,558.243,609.906,10.1218,9.965,9.892,36.5327,1.93915,1.93136,7.83859,15.9499,742.945,741.995,16.0809,6.2515,14.4106,6.24474,9.69241,-2.76332,-2.76332,1.0,1.0,1
35189,30.05.2024 18:08:59.380000,558.243,609.906,10.1218,9.965,9.892,36.5327,1.93915,1.93136,7.83859,15.9499,742.945,741.995,16.0809,6.2515,14.4106,6.24474,9.69241,-2.76332,-2.76332,1.0,1.0,1
35190,30.05.2024 18:08:59.390000,556.595,611.801,10.0689,9.961,9.928,36.6096,1.95222,1.92164,6.38456,16.2917,742.965,742.005,15.3245,5.47338,14.3086,6.13986,9.69356,-3.53009,-3.53009,1.0,1.0,1
35191,30.05.2024 18:08:59.400000,553.464,605.456,10.0391,9.977,9.924,36.5472,2.06968,1.90947,7.69821,15.766,743.16,742.04,13.382,5.49359,14.2424,6.1314,9.69394,-4.52836,-4.52836,1.0,1.0,1
35192,30.05.2024 18:08:59.410000,554.37,612.378,10.0391,9.99,9.932,36.5472,2.11076,1.91176,13.2219,14.1294,743.505,742.025,11.9183,5.30372,13.974,6.08063,9.69501,-4.52836,-4.52836,1.0,1.0,1
35193,30.05.2024 18:08:59.420000,554.37,612.378,10.0268,9.99,9.932,36.4315,2.15234,1.91111,13.2219,14.1294,743.505,742.025,11.9183,5.30372,13.974,6.08063,9.69501,-4.52836,-4.52836,1.0,1.0,1
35194,30.05.2024 18:08:59.430000,564.834,609.247,9.98812,9.977,9.921,36.4963,2.17609,1.9094,15.8747,16.483,743.805,742.115,11.3985,4.83182,14.1562,5.97813,9.69501,-4.52836,-4.52836,1.0,1.0,1
35195,30.05.2024 18:08:59.440000,564.834,612.131,9.98812,9.944,9.921,36.4963,2.17601,1.91704,15.8747,16.483,743.805,742.115,11.3985,4.83182,14.1562,5.97813,9.69674,-5.04196,-5.04196,1.0,1.0,1
35196,30.05.2024 18:08:59.450000,555.029,612.131,9.98783,9.944,9.87,36.6036,2.1502,1.92913,16.808,14.4221,744.045,742.15,11.1016,5.28531,13.8782,5.89481,9.69674,-5.56279,-5.56279,1.0,1.0,1
35197,30.05.2024 18:08:59.460000,555.029,612.131,9.98783,9.944,9.87,36.586,2.12017,1.94024,15.9541,15.6691,744.265,742.15,10.6459,5.86958,12.5028,5.84363,9.69674,-5.56279,-5.56279,1.0,1.0,1
35198,30.05.2024 18:08:59.470000,555.029,612.131,9.98783,9.944,9.87,36.586,2.12017,1.94024,15.9541,15.6691,744.265,742.15,10.6459,5.86958,12.5028,5.84363,9.69674,-5.56279,-5.56279,1.0,1.0,1
35199,30.05.2024 18:08:59.480000,557.007,608.505,9.99396,9.939,9.863,36.586,2.04589,1.94332,13.9982,18.1995,744.41,742.13,9.81579,5.6283,11.8923,5.76035,9.69888,-5.56279,-5.56279,1.0,1.0,1
35200,30.05.2024 18:08:59.490000,557.007,608.505,9.99396,9.939,9.863,36.586,2.04589,1.94332,13.9982,18.1995,744.41,742.13,9.81579,5.6283,11.8923,5.76035,9.69888,-5.56279,-5.56279,1.0,1.0,1
35201,30.05.2024 18:08:59.500000,546.46,613.367,9.94846,9.961,9.857,36.5604,1.99139,1.94364,9.36846,15.9419,744.535,742.125,8.4865,5.55191,11.4004,5.66174,9.69994,-5.96065,-5.96065,1.0,1.0,1
35202,30.05.2024 18:08:59.510000,546.46,613.367,9.94846,9.961,9.857,36.5604,1.99139,1.94364,9.36846,15.9419,744.535,742.125,8.4865,5.55191,11.4004,5.66174,9.69994,-5.96065,-5.96065,1.0,1.0,1
35203,30.05.2024 18:08:59.520000,562.527,612.213,9.95004,9.934,9.883,36.6311,1.99738,1.9243,6.43274,16.67,744.755,742.12,6.64303,5.43492,10.2293,5.60579,9.70102,-6.49594,-6.49594,1.0,1.0,1
35204,30.05.2024 18:08:59.530000,551.321,614.438,9.94503,9.917,9.893,36.6414,2.03836,1.90674,9.01973,16.9605,744.94,742.165,5.39478,5.14248,9.74645,5.43282,9.70194,-6.7202,-6.7202,1.0,1.0,1
35205,30.05.2024 18:08:59.540000,551.321,614.438,9.94503,9.917,9.893,36.6414,2.03836,1.90674,9.01973,16.9605,744.94,742.165,5.39478,5.14248,9.74645,5.43282,9.70194,-6.7202,-6.7202,1.0,1.0,1
35206,30.05.2024 18:08:59.550000,559.973,611.883,9.94503,9.92,9.866,36.6217,2.05355,1.90168,10.3417,14.1787,745.245,742.195,4.13202,5.25702,9.34154,5.33974,9.70302,-5.58449,-5.58449,1.0,1.0,1
35207,30.05.2024 18:08:59.560000,559.973,611.883,9.94503,9.92,9.866,36.6217,2.05355,1.90168,10.3417,14.1787,745.245,742.195,4.13202,5.25702,9.34154,5.33974,9.70302,-5.58449,-5.58449,1.0,1.0,1
35208,30.05.2024 18:08:59.570000,560.715,616.415,9.86749,9.937,9.856,36.6295,2.0665,1.90373,12.8461,11.6119,745.475,742.19,3.99409,5.18046,8.42983,5.11912,9.70352,-5.58449,-5.58449,1.0,1.0,1
35209,30.05.2024 18:08:59.580000,552.063,609.082,9.88065,9.927,9.849,36.9609,2.04241,1.90677,11.414,14.7473,745.605,742.23,4.05782,5.15404,8.23686,4.92266,9.70513,-5.03472,-5.03472,1.0,1.0,1
35210,30.05.2024 18:08:59.590000,555.276,610.153,9.91191,9.897,9.841,37.4408,2.03421,1.90844,11.7719,14.8641,745.725,742.25,3.78788,5.29485,8.08205,4.83874,9.70513,-5.03472,-5.03472,1.0,1.0,1
35211,30.05.2024 18:08:59.600000,555.276,607.104,9.91191,9.906,9.841,37.4408,2.01637,1.91287,11.7719,14.8641,745.725,742.25,3.78788,5.29485,8.08205,4.83874,9.70745,-4.28241,-4.28241,1.0,1.0,1
35212,30.05.2024 18:08:59.610000,555.276,607.104,9.91191,9.906,9.841,37.4408,2.01637,1.91287,11.7719,14.8641,745.725,742.25,3.78788,5.29485,8.08205,4.83874,9.70745,-4.28241,-4.28241,1.0,1.0,1
35213,30.05.2024 18:08:59.620000,558.16,607.104,9.83048,9.906,9.854,38.0205,2.01528,1.91821,12.3454,16.1362,745.825,742.25,3.56859,5.32182,7.70033,4.64924,9.70745,-4.27517,-4.27517,1.0,1.0,1
35214,30.05.2024 18:08:59.630000,558.16,607.104,9.83048,9.906,9.854,38.0205,2.01528,1.91821,12.3454,16.1362,745.825,742.25,3.56859,5.32182,7.70033,4.64924,9.70745,-4.27517,-4.27517,1.0,1.0,1
35215,30.05.2024 18:08:59.640000,551.733,613.367,9.7836,9.923,9.814,38.6682,2.03759,1.91899,9.9648,15.9834,745.88,742.285,3.36578,5.15361,7.86157,4.48182,9.70916,-3.66753,-3.66753,1.0,1.0,1
35216,30.05.2024 18:08:59.650000,554.04,615.344,9.84365,9.844,9.784,39.507,2.05615,1.92582,13.3628,16.3317,746.025,742.3,2.59148,5.2786,7.53592,4.2894,9.70988,-3.20457,-3.20457,1.0,1.0,1
35217,30.05.2024 18:08:59.660000,554.04,615.344,9.84365,9.844,9.784,39.507,2.05615,1.92582,13.3628,16.3317,746.025,742.3,2.59148,5.2786,7.53592,4.2894,9.70988,-3.20457,-3.20457,1.0,1.0,1
35218,30.05.2024 18:08:59.670000,554.04,615.344,9.85989,9.844,9.784,40.5455,2.06767,1.92802,14.5275,16.7356,746.085,742.37,2.62685,5.11204,7.65958,4.28448,9.70988,-2.90075,-2.90075,1.0,1.0,1
35219,30.05.2024 18:08:59.680000,565.576,609.741,9.80551,9.868,9.809,41.369,2.07891,1.93917,14.5275,16.7356,746.085,742.37,2.62685,5.11204,7.65958,4.28448,9.71207,-2.36546,-2.36546,1.0,1.0,1
35220,30.05.2024 18:08:59.690000,565.576,609.741,9.80551,9.868,9.809,41.369,2.07891,1.93917,14.5275,16.7356,746.085,742.37,2.62685,5.11204,7.65958,4.28448,9.71207,-2.36546,-2.36546,1.0,1.0,1
35221,30.05.2024 18:08:59.700000,555.853,609.741,9.78629,9.868,9.755,42.4053,2.07175,1.94387,16.716,18.6301,746.095,742.395,2.62002,5.26032,7.57173,4.31505,9.71207,-2.15568,-2.15568,1.0,1.0,1
35222,30.05.2024 18:08:59.710000,558.325,607.352,9.83133,9.838,9.787,43.5673,2.03225,1.94549,14.7204,19.1694,746.13,742.43,2.46574,5.44613,7.39235,4.18597,9.71306,-2.06886,-2.06886,1.0,1.0,1
35223,30.05.2024 18:08:59.720000,556.347,599.441,9.83049,9.804,9.782,44.7647,2.021,1.94962,12.1004,18.9252,746.155,742.46,2.20738,5.2964,7.53284,4.22796,9.71306,-2.06886,-2.06886,1.0,1.0,1
35224,30.05.2024 18:08:59.730000,562.445,599.359,9.83049,9.809,9.781,44.7647,2.01794,1.95974,10.6834,17.1053,746.16,742.47,2.12154,5.69411,7.63947,4.27721,9.71349,-2.06886,-2.06886,1.0,1.0,1
35225,30.05.2024 18:08:59.740000,562.445,599.359,9.77133,9.809,9.781,46.2057,2.02149,1.96489,10.6834,17.1053,746.16,742.47,2.12154,5.69411,7.63947,4.27721,9.71349,-1.80845,-1.80845,1.0,1.0,1
35226,30.05.2024 18:08:59.750000,555.359,616.827,9.8272,9.843,9.776,47.3671,2.03445,1.95685,11.0846,20.4746,746.165,742.465,1.98485,5.73669,7.45377,4.16176,9.71349,-1.80845,-1.80845,1.0,1.0,1
35227,30.05.2024 18:08:59.760000,555.359,616.827,9.8272,9.843,9.776,47.3671,2.03445,1.95685,11.0846,20.4746,746.165,742.465,1.98485,5.73669,7.45377,4.16176,9.71349,-1.80845,-1.80845,1.0,1.0,1
35228,30.05.2024 18:08:59.770000,555.359,608.258,9.8272,9.814,9.776,47.3671,2.0291,1.93833,13.6855,17.097,746.16,742.48,1.85686,5.62279,7.52689,4.15076,9.71492,-1.80845,-1.80845,1.0,1.0,1
35229,30.05.2024 18:08:59.780000,536.819,610.235,9.89949,9.774,9.849,49.706,2.02846,1.918,11.2451,13.4065,746.205,742.52,1.6208,5.76608,7.62234,4.17761,9.71502,-2.0978,-2.0978,1.0,1.0,1
35230,30.05.2024 18:08:59.790000,536.819,610.235,9.83805,9.774,9.849,49.706,2.01203,1.92891,11.2451,13.4065,746.205,742.52,1.6208,5.76608,7.62234,4.17761,9.71603,-1.75057,-1.75057,1.0,1.0,1
35231,30.05.2024 18:08:59.800000,540.939,607.599,9.74488,9.801,9.8,50.7687,2.00856,1.92921,12.8871,17.1056,746.22,742.53,1.71086,6.0504,7.66548,4.12218,9.71603,-1.75057,-1.75057,1.0,1.0,1
35232,30.05.2024 18:08:59.810000,552.969,580.902,9.74488,9.878,9.805,50.7687,2.00854,1.92361,12.7182,20.9702,746.245,742.525,1.92523,6.06563,7.75805,3.99745,9.71603,-1.75057,-1.75057,1.0,1.0,1
35233,30.05.2024 18:08:59.820000,552.969,580.902,9.82634,9.878,9.805,51.9334,2.014,1.91702,12.7182,20.9702,746.245,742.525,1.92523,6.06563,7.75805,3.99745,9.71603,-1.80122,-1.80122,1.0,1.0,1
35234,30.05.2024 18:08:59.830000,548.19,556.677,9.83373,9.848,9.725,53.213,2.0208,1.92305,13.4387,13.5425,746.27,742.515,2.08938,6.19637,7.82714,3.87265,9.71603,-1.80122,-1.80122,1.0,1.0,1
35235,30.05.2024 18:08:59.840000,548.19,589.966,9.83373,9.766,9.725,53.213,2.03169,1.9283,13.4387,13.5425,746.27,742.515,2.08938,6.19637,7.82714,3.87265,9.71755,-2.15568,-2.15568,1.0,1.0,1
35236,30.05.2024 18:08:59.850000,530.557,589.966,9.84664,9.766,9.819,54.2653,2.03917,1.92712,12.487,15.8763,746.27,742.53,2.53591,6.12785,8.28,3.8366,9.71755,-2.15568,-2.15568,1.0,1.0,1
35237,30.05.2024 18:08:59.860000,530.557,589.966,9.84664,9.766,9.819,55.663,2.04959,1.93813,13.7153,17.1436,746.28,742.55,2.79146,6.14045,8.62689,3.84323,9.71755,-2.15568,-2.15568,1.0,1.0,1
35238,30.05.2024 18:08:59.870000,525.696,589.471,9.79687,9.796,9.8,55.663,2.06968,1.94879,13.7153,17.1436,746.28,742.55,2.79146,6.14045,8.62689,3.84323,9.71921,-2.19184,-2.19184,1.0,1.0,1
35239,30.05.2024 18:08:59.880000,516.302,553.711,9.814,9.892,9.826,56.5937,2.07129,1.94058,14.4898,18.2199,746.285,742.59,3.04084,6.09269,8.61988,3.8058,9.71921,-2.19184,-2.19184,1.0,1.0,1
35240,30.05.2024 18:08:59.890000,520.752,536.572,9.814,9.829,9.765,56.5937,2.06109,1.94301,15.8014,15.7071,746.255,742.565,3.14419,6.34695,8.9249,3.86569,9.71944,-2.23525,-2.23525,1.0,1.0,1
35241,30.05.2024 18:08:59.900000,520.752,536.572,9.86089,9.829,9.765,57.7304,2.04738,1.96021,15.8014,15.7071,746.255,742.565,3.14419,6.34695,8.9249,3.86569,9.71944,-2.49566,-2.49566,1.0,1.0,1
35242,30.05.2024 18:08:59.910000,510.535,554.123,9.89125,9.777,9.851,58.8935,2.02728,1.97909,14.3901,17.1029,746.26,742.545,3.12218,5.96697,9.12662,3.92698,9.71944,-2.49566,-2.49566,1.0,1.0,1
35243,30.05.2024 18:08:59.920000,510.535,545.059,9.89125,9.828,9.851,58.8935,1.99134,1.99164,14.3901,17.1029,746.26,742.545,3.1748,5.67606,9.21045,3.9199,9.72105,-2.49566,-2.49566,1.0,1.0,1
35244,30.05.2024 18:08:59.930000,506.827,545.059,9.85739,9.828,9.8,59.9398,1.98297,1.98986,13.2963,21.5931,746.165,742.62,3.1748,5.67606,9.21045,3.9199,9.72105,-2.5897,-2.5897,1.0,1.0,1
35245,30.05.2024 18:08:59.940000,506.827,545.059,9.85739,9.828,9.8,61.1059,1.98505,1.97939,11.1708,20.2158,746.075,742.62,2.25428,5.89539,8.76578,3.85484,9.72105,-2.5897,-2.5897,1.0,1.0,1
35246,30.05.2024 18:08:59.950000,508.887,512.43,9.84674,9.859,9.782,61.1059,1.99962,1.96422,11.1708,20.2158,746.075,742.62,2.25428,5.89539,8.76578,3.85484,9.72284,-2.39439,-2.39439,1.0,1.0,1
35247,30.05.2024 18:08:59.960000,491.171,506.744,9.89615,9.797,9.803,62.3267,2.01177,1.96426,11.0847,17.414,746.04,742.61,1.29635,5.79744,6.9941,3.68498,9.72284,-2.39439,-2.39439,1.0,1.0,1
35248,30.05.2024 18:08:59.970000,499.576,550.003,9.89615,9.743,9.798,62.3267,2.02718,1.96674,11.8684,18.3747,745.98,742.635,0.172255,5.45952,5.84119,3.55981,9.72346,-2.14843,-2.14843,1.0,1.0,1
35249,30.05.2024 18:08:59.980000,499.576,550.003,9.87837,9.743,9.798,63.4641,2.05167,1.97085,11.8684,18.3747,745.98,742.635,0.172255,5.45952,5.84119,3.55981,9.72346,-1.99653,-1.99653,1.0,1.0,1
35250,30.05.2024 18:08:59.990000,502.707,527.014,9.88056,9.806,9.749,64.4151,2.0648,1.96936,13.0906,19.022,745.975,742.645,-0.896425,5.30724,5.43982,3.34323,9.72346,-1.99653,-1.99653,1.0,1.0,1
35251,30.05.2024 18:09:00.000000,502.707,487.793,9.88056,9.869,9.749,64.4151,2.09437,1.95038,13.0906,19.022,745.975,742.645,-0.896425,5.30724,5.43982,3.34323,9.72548,-1.85908,-1.85908,1.0,1.0,1
35252,30.05.2024 18:09:00.010000,502.707,487.793,9.88056,9.869,9.749,64.4151,2.09437,1.95038,13.0906,19.022,745.975,742.645,-0.896425,5.30724,5.43982,3.34323,9.72548,-1.85908,-1.85908,1.0,1.0,1
35253,30.05.2024 18:09:00.020000,495.703,487.793,9.91935,9.869,9.75,65.4694,2.08508,1.9542,15.2165,17.2476,746.035,742.64,-1.47795,5.11298,4.49197,3.3341,9.72548,-1.79398,-1.79398,1.0,1.0,1
35254,30.05.2024 18:09:00.030000,468.1,486.557,9.97396,9.801,9.818,66.6349,2.03048,1.9538,16.0356,14.78,746.065,742.67,-1.74429,4.76792,3.82161,3.35347,9.72704,-1.79398,-1.79398,1.0,1.0,1
35255,30.05.2024 18:09:00.040000,433.987,472.796,9.90775,9.82,9.855,67.8239,2.00099,1.95471,13.2403,16.284,746.09,742.74,-1.51716,4.6822,4.02507,3.32121,9.72704,-1.79398,-1.79398,1.0,1.0,1
35256,30.05.2024 18:09:00.050000,430.197,443.875,9.90775,9.886,9.835,67.8239,1.97725,1.95705,10.9643,15.6328,746.075,742.74,-1.21923,4.90277,4.25578,3.2569,9.72837,-0.817418,-0.817418,1.0,1.0,1
35257,30.05.2024 18:09:00.060000,430.197,443.875,9.8649,9.886,9.835,69.0608,1.96421,1.94792,10.9643,15.6328,746.075,742.74,-1.21923,4.90277,4.25578,3.2569,9.72837,0.0723377,0.0723377,1.0,1.0,1
35258,30.05.2024 18:09:00.070000,414.212,387.268,9.93991,9.938,9.885,70.2662,1.95201,1.93204,7.86512,11.6565,746.065,742.72,-0.925805,4.78897,4.38213,3.22322,9.72837,0.0723377,0.0723377,1.0,1.0,1
35259,30.05.2024 18:09:00.080000,414.212,371.118,9.93991,9.907,9.885,70.2662,1.94926,1.92183,7.86512,11.6565,746.065,742.72,-0.733259,4.55854,4.77423,3.25934,9.72969,1.85908,1.85908,1.0,1.0,1
35260,30.05.2024 18:09:00.090000,391.305,371.118,9.9728,9.907,9.891,71.265,1.9604,1.91753,8.39452,14.238,746.055,742.735,-0.733259,4.55854,4.77423,3.25934,9.72969,1.85908,1.85908,1.0,1.0,1
35261,30.05.2024 18:09:00.100000,391.305,371.118,9.9728,9.907,9.891,72.1481,1.98121,1.90563,9.78239,13.8545,746.025,742.735,-0.638578,4.50381,5.09622,3.20716,9.72969,1.85908,1.85908,1.0,1.0,1
35262,30.05.2024 18:09:00.110000,391.305,371.118,9.9728,9.907,9.891,72.1481,1.98121,1.90563,9.78239,13.8545,746.025,742.735,-0.638578,4.50381,5.09622,3.20716,9.72969,1.85908,1.85908,1.0,1.0,1
35263,30.05.2024 18:09:00.120000,374.826,360.159,9.92688,9.897,9.893,72.1481,2.01115,1.89191,11.085,9.95742,745.98,742.755,-0.471204,4.35338,5.23779,3.21247,9.73119,1.51186,1.51186,1.0,1.0,1
35264,30.05.2024 18:09:00.130000,374.826,360.159,9.92688,9.897,9.893,72.1481,2.01115,1.89191,11.085,9.95742,745.98,742.755,-0.471204,4.35338,5.23779,3.21247,9.73119,1.51186,1.51186,1.0,1.0,1
35265,30.05.2024 18:09:00.140000,345.575,293.912,9.9295,9.964,9.882,72.9114,2.02289,1.89187,12.1422,9.90498,745.97,742.81,-0.541681,4.12384,4.71635,3.24454,9.73305,0.882521,0.882521,1.0,1.0,1
35266,30.05.2024 18:09:00.150000,345.575,293.912,9.9295,9.964,9.882,72.9114,2.02289,1.89187,12.1422,9.90498,745.97,742.81,-0.541681,4.12384,4.71635,3.24454,9.73305,0.882521,0.882521,1.0,1.0,1
35267,30.05.2024 18:09:00.160000,337.994,277.679,9.99037,9.939,9.866,73.964,2.00184,1.90848,11.4239,11.3864,745.95,742.84,-0.485216,4.50103,4.64699,3.06175,9.7335,0.882521,0.882521,1.0,1.0,1
35268,30.05.2024 18:09:00.170000,320.526,272.324,9.95229,9.917,9.894,74.4759,1.99028,1.90859,11.1998,15.27,745.925,742.85,-0.570859,4.55227,4.65672,3.11616,9.73408,0.839129,0.839129,1.0,1.0,1
35269,30.05.2024 18:09:00.180000,320.526,272.324,9.95229,9.917,9.894,74.4759,1.99028,1.90859,11.1998,15.27,745.925,742.85,-0.570859,4.55227,4.65672,3.11616,9.73408,0.839129,0.839129,1.0,1.0,1
35270,30.05.2024 18:09:00.190000,306.93,249.005,9.95229,9.937,9.872,74.8545,1.99143,1.90806,9.64266,12.0677,745.915,742.845,-0.491952,4.75031,4.60933,3.1781,9.73482,0.839129,0.839129,1.0,1.0,1
35271,30.05.2024 18:09:00.200000,292.676,227.829,10.0001,9.94,9.894,75.2413,2.00309,1.91081,10.8436,10.3316,745.885,742.84,-0.416768,4.63773,4.71912,3.12575,9.73595,0.839129,0.839129,1.0,1.0,1
35272,30.05.2024 18:09:00.210000,292.017,207.806,10.0001,9.889,9.836,75.2413,2.01387,1.91027,10.6382,14.3424,745.855,742.865,-0.243913,4.48095,4.86848,3.07423,9.73729,0.839129,0.839129,1.0,1.0,1
35273,30.05.2024 18:09:00.220000,292.017,207.806,10.0041,9.889,9.836,75.5414,2.02624,1.90676,10.6382,14.3424,745.855,742.865,-0.243913,4.48095,4.86848,3.07423,9.73729,0.947632,0.947632,1.0,1.0,1
35274,30.05.2024 18:09:00.230000,270.016,212.668,9.98559,9.865,9.864,75.8228,2.03561,1.90168,11.8845,11.2234,745.835,742.895,-0.20445,4.49155,4.99557,3.10757,9.73729,0.947632,0.947632,1.0,1.0,1
35275,30.05.2024 18:09:00.240000,270.016,198.083,9.98559,9.869,9.864,75.8228,2.02983,1.90174,11.8845,11.2234,745.835,742.895,-0.20445,4.49155,4.99557,3.10757,9.73918,0.658274,0.658274,1.0,1.0,1
35276,30.05.2024 18:09:00.250000,252.631,198.083,9.99561,9.869,9.872,76.1729,2.02087,1.9016,11.9377,10.2696,745.8,742.925,-0.13009,4.59031,5.19632,3.1692,9.73918,0.412323,0.412323,1.0,1.0,1
35277,30.05.2024 18:09:00.260000,252.631,198.083,9.99561,9.869,9.872,76.3349,2.00471,1.90037,10.5315,11.381,745.765,742.93,-0.183923,4.62342,5.24277,3.21707,9.73918,0.412323,0.412323,1.0,1.0,1
35278,30.05.2024 18:09:00.270000,229.394,166.855,9.97918,9.902,9.901,76.3349,1.9671,1.89914,10.5315,11.381,745.765,742.93,-0.183923,4.62342,5.24277,3.21707,9.74135,0.108503,0.108503,1.0,1.0,1
35279,30.05.2024 18:09:00.280000,188.443,108.105,9.96562,9.934,9.906,76.48,1.96046,1.89777,9.29446,11.4957,745.735,742.92,-0.168485,4.71742,5.11934,3.2484,9.74135,0.108503,0.108503,1.0,1.0,1
35280,30.05.2024 18:09:00.290000,174.023,106.21,9.96562,9.916,9.897,76.48,1.95781,1.89711,8.60842,11.5491,745.695,742.925,-0.223184,4.57958,4.95351,3.32053,9.74246,0.405096,0.405096,1.0,1.0,1
35281,30.05.2024 18:09:00.300000,174.023,106.21,9.96274,9.916,9.897,76.5161,1.95904,1.89745,8.60842,11.5491,745.695,742.925,-0.223184,4.57958,4.95351,3.32053,9.74246,0.774011,0.774011,1.0,1.0,1
35282,30.05.2024 18:09:00.310000,154.083,101.843,9.94757,9.886,9.881,76.6439,1.96563,1.89851,8.48683,9.80692,745.68,742.95,-0.144716,4.43116,4.75968,3.31527,9.74246,0.774011,0.774011,1.0,1.0,1
35283,30.05.2024 18:09:00.320000,154.083,98.5473,9.94757,9.882,9.881,76.6439,1.98987,1.89936,8.48683,9.80692,745.68,742.95,-0.144716,4.43116,4.75968,3.31527,9.74506,1.03444,1.03444,1.0,1.0,1
35284,30.05.2024 18:09:00.330000,154.083,98.5473,9.94757,9.882,9.881,76.6439,1.98987,1.89936,8.48683,9.80692,745.68,742.95,-0.144716,4.43116,4.75968,3.31527,9.74506,1.03444,1.03444,1.0,1.0,1
35285,30.05.2024 18:09:00.340000,142.548,98.5473,9.95117,9.882,9.883,76.7135,2.00558,1.90213,8.34334,11.1966,745.64,742.98,-0.138975,4.46338,4.76336,3.34288,9.74506,1.0489,1.0489,1.0,1.0,1
35286,30.05.2024 18:09:00.350000,132.742,50.7568,9.93868,9.892,9.856,76.7176,2.04912,1.9085,11.9166,12.2294,745.635,742.985,-0.0769438,4.43428,4.79604,3.38883,9.74559,1.0489,1.0489,1.0,1.0,1
35287,30.05.2024 18:09:00.360000,132.742,50.7568,9.93868,9.892,9.856,76.7176,2.04912,1.9085,11.9166,12.2294,745.635,742.985,-0.0769438,4.43428,4.79604,3.38883,9.74559,1.0489,1.0489,1.0,1.0,1
35288,30.05.2024 18:09:00.370000,118.652,19.5282,9.91662,9.865,9.832,76.7635,2.05085,1.90803,12.416,11.9888,745.6,743.005,0.0183245,4.34472,4.86275,3.43149,9.74559,1.22975,1.22975,1.0,1.0,1
35289,30.05.2024 18:09:00.380000,118.652,19.5282,9.91662,9.865,9.832,76.7635,2.05085,1.90803,12.416,11.9888,745.6,743.005,0.0183245,4.34472,4.86275,3.43149,9.74559,1.22975,1.22975,1.0,1.0,1
35290,30.05.2024 18:09:00.390000,108.353,3.2959,9.91344,9.835,9.827,76.8796,2.0299,1.90783,13.252,13.0126,745.57,743.03,0.186635,4.32545,4.93884,3.4361,9.7473,1.37442,1.37442,1.0,1.0,1
35291,30.05.2024 18:09:00.400000,108.353,3.2959,9.91344,9.835,9.827,76.8796,2.0299,1.90783,13.252,13.0126,745.57,743.03,0.186635,4.32545,4.93884,3.4361,9.7473,1.37442,1.37442,1.0,1.0,1
35292,30.05.2024 18:09:00.410000,109.012,-56.1127,9.91498,9.786,9.831,77.0166,1.97052,1.90781,13.8618,11.7647,745.535,743.055,0.379805,4.56588,4.90081,3.46177,9.74939,1.32378,1.32378,1.0,1.0,1
35293,30.05.2024 18:09:00.420000,38.0676,-42.4347,9.89762,9.736,9.827,76.9854,1.9587,1.90726,8.6977,13.0557,745.48,743.085,0.372372,4.48087,4.85004,3.39453,9.74983,1.38889,1.38889,1.0,1.0,1
35294,30.05.2024 18:09:00.430000,38.0676,-42.4347,9.88943,9.736,9.827,76.9854,1.97016,1.90577,8.6977,13.0557,745.48,743.085,0.372372,4.48087,4.85004,3.39453,9.7509,1.58419,1.58419,1.0,1.0,1
35295,30.05.2024 18:09:00.440000,35.3485,-86.1877,9.88973,9.737,9.822,76.991,1.9776,1.90566,9.99431,14.7422,745.445,743.1,0.476744,4.51241,4.93394,3.41448,9.7509,1.58419,1.58419,1.0,1.0,1
35296,30.05.2024 18:09:00.450000,31.311,-94.8394,9.88973,9.71,9.755,76.991,1.98819,1.90563,10.8573,11.9754,745.42,743.105,0.470078,4.5002,4.89821,3.5129,9.75152,1.59867,1.59867,1.0,1.0,1
35297,30.05.2024 18:09:00.460000,31.311,-94.8394,9.89581,9.71,9.755,76.9752,1.99623,1.90561,10.8573,11.9754,745.42,743.105,0.470078,4.5002,4.89821,3.5129,9.75152,1.72888,1.72888,1.0,1.0,1
35298,30.05.2024 18:09:00.470000,9.6405,-106.046,9.89745,9.718,9.763,76.9983,1.99797,1.90561,11.2415,12.0991,745.4,743.13,0.606261,4.42563,4.89781,3.51492,9.75152,1.72888,1.72888,1.0,1.0,1
35299,30.05.2024 18:09:00.480000,9.6405,-122.113,9.89745,9.742,9.763,76.9983,1.98597,1.90752,11.2415,12.0991,745.4,743.13,0.606261,4.42563,4.89781,3.51492,9.7535,1.72888,1.72888,1.0,1.0,1
35300,30.05.2024 18:09:00.490000,-18.7866,-122.113,9.8903,9.742,9.723,77.0208,1.97838,1.90954,11.1579,10.7627,745.38,743.16,0.70765,4.48697,5.0505,3.57686,9.7535,1.72164,1.72164,0.0,1.0,1
35301,30.05.2024 18:09:00.500000,-18.7866,-122.113,9.8903,9.742,9.723,77.0255,1.96781,1.91233,10.239,12.0076,745.345,743.19,0.965125,4.60542,5.1948,3.58555,9.7535,1.72164,1.72164,0.0,1.0,1
35302,30.05.2024 18:09:00.510000,-30.1575,-152.435,9.87359,9.756,9.707,77.0255,1.96018,1.91308,10.239,12.0076,745.345,743.19,0.965125,4.60542,5.1948,3.58555,9.75549,1.49016,1.49016,0.0,1.0,1
35303,30.05.2024 18:09:00.520000,-83.0566,-182.675,9.86525,9.762,9.742,77.0425,1.96074,1.914,9.08848,12.7273,745.315,743.205,0.949837,4.76376,5.20877,3.6325,9.75549,1.49016,1.49016,0.0,1.0,1
35304,30.05.2024 18:09:00.530000,-101.514,-234.421,9.86525,9.792,9.765,77.0425,1.96727,1.91525,9.36946,12.623,745.285,743.21,1.05306,4.71496,5.23534,3.56671,9.75596,1.34549,1.34549,0.0,1.0,1
35305,30.05.2024 18:09:00.540000,-101.514,-234.421,9.86648,9.792,9.765,77.1032,1.97772,1.91522,9.36946,12.623,745.285,743.21,1.05306,4.71496,5.23534,3.56671,9.75596,1.34549,1.34549,0.0,1.0,1
35306,30.05.2024 18:09:00.550000,-143.042,-290.533,9.86002,9.794,9.809,77.2062,1.98873,1.9134,10.1273,11.721,745.245,743.215,1.10989,4.59574,5.15861,3.6101,9.75596,1.34549,1.34549,0.0,1.0,1
35307,30.05.2024 18:09:00.560000,-143.042,-290.533,9.86002,9.794,9.809,77.2062,1.98873,1.9134,10.1273,11.721,745.245,743.215,1.10989,4.59574,5.15861,3.6101,9.75596,1.34549,1.34549,0.0,1.0,1
35308,30.05.2024 18:09:00.570000,-143.042,-320.279,9.86002,9.782,9.809,77.2062,2.01557,1.91591,9.52068,11.1628,745.21,743.22,1.12379,4.57094,4.93285,3.61513,9.75748,1.15018,1.15018,0.0,1.0,1
35309,30.05.2024 18:09:00.580000,-143.042,-320.279,9.86002,9.782,9.809,77.2062,2.01557,1.91591,9.52068,11.1628,745.21,743.22,1.12379,4.57094,4.93285,3.61513,9.75748,1.15018,1.15018,0.0,1.0,1
35310,30.05.2024 18:09:00.590000,-174.271,-327.283,9.85575,9.727,9.744,77.2347,2.03945,1.92996,12.4548,12.2435,745.17,743.245,0.994879,4.44596,4.82414,3.69608,9.7579,0.991032,0.991032,0.0,1.0,1
35311,30.05.2024 18:09:00.600000,-174.271,-327.283,9.85575,9.727,9.744,77.2347,2.03945,1.92996,12.4548,12.2435,745.17,743.245,0.994879,4.44596,4.82414,3.69608,9.7579,0.991032,0.991032,0.0,1.0,1
35312,30.05.2024 18:09:00.610000,-191.986,-350.931,9.85757,9.722,9.756,77.2435,2.0217,1.93672,13.2482,11.7476,745.16,743.255,0.955643,4.31379,4.76116,3.73782,9.75883,-0.173613,-0.173613,0.0,1.0,1
35313,30.05.2024 18:09:00.620000,-224.451,-389.905,9.8544,9.762,9.755,77.1695,1.97782,1.94013,11.2998,10.388,745.1,743.28,1.03713,4.16348,4.65378,3.70062,9.75891,-0.361688,-0.361688,0.0,1.0,1
35314,30.05.2024 18:09:00.630000,-257.492,-405.643,9.85754,9.774,9.761,77.2806,1.95732,1.93966,9.33284,9.51686,745.08,743.3,0.837048,3.85767,4.57895,3.67573,9.75891,-0.361688,-0.361688,0.0,1.0,1
35315,30.05.2024 18:09:00.640000,-257.492,-407.455,9.85754,9.773,9.761,77.2806,1.93479,1.93534,9.33284,9.51686,745.08,743.3,0.837048,3.85767,4.57895,3.67573,9.76122,-0.339992,-0.339992,0.0,1.0,1
35316,30.05.2024 18:09:00.650000,-257.492,-407.455,9.85754,9.773,9.761,77.2806,1.93479,1.93534,9.33284,9.51686,745.08,743.3,0.837048,3.85767,4.57895,3.67573,9.76122,-0.339992,-0.339992,0.0,1.0,1
35317,30.05.2024 18:09:00.660000,-269.11,-407.455,9.85095,9.773,9.743,77.3106,1.93551,1.93586,9.1254,10.1534,745.065,743.33,0.930939,3.73799,4.54257,3.48733,9.76122,-0.339992,-0.339992,0.0,1.0,1
35318,30.05.2024 18:09:00.670000,-307.178,-405.972,9.8402,9.766,9.759,77.3084,1.98038,1.93861,8.81591,10.5926,745.025,743.33,1.01292,3.5786,4.49647,3.32051,9.76274,-0.788487,-0.788487,0.0,1.0,1
35319,30.05.2024 18:09:00.680000,-327.118,-403.253,9.85304,9.761,9.773,77.3068,2.00067,1.94046,9.47754,11.5643,745.015,743.355,0.889756,3.36026,4.50747,3.43492,9.76274,-0.788487,-0.788487,0.0,1.0,1
35320,30.05.2024 18:09:00.690000,-353.815,-403.995,9.85304,9.755,9.748,77.3068,2.02278,1.94128,11.2811,9.25345,744.96,743.37,0.961403,3.25416,4.40649,3.40351,9.76362,-1.10677,-1.10677,0.0,1.0,1
35321,30.05.2024 18:09:00.700000,-353.815,-403.995,9.85872,9.755,9.748,77.3122,2.03585,1.94249,11.2811,9.25345,744.96,743.37,0.961403,3.25416,4.40649,3.40351,9.76362,-1.33825,-1.33825,0.0,1.0,1
35322,30.05.2024 18:09:00.710000,-358.264,-396.908,9.87654,9.71,9.734,77.258,2.03792,1.94288,13.0954,12.4435,744.93,743.385,0.787263,3.18921,4.30233,3.39263,9.76362,-1.33825,-1.33825,0.0,1.0,1
35323,30.05.2024 18:09:00.720000,-358.264,-406.631,9.87654,9.703,9.734,77.258,2.01494,1.94472,13.0954,12.4435,744.93,743.385,0.787263,3.18921,4.30233,3.39263,9.76522,-1.83739,-1.83739,0.0,1.0,1
35324,30.05.2024 18:09:00.730000,-358.017,-406.631,9.87949,9.703,9.729,77.2419,1.98982,1.94509,10.2921,9.33109,744.9,743.395,0.757569,3.07416,4.16149,3.44835,9.76522,-1.88802,-1.88802,0.0,1.0,1
35325,30.05.2024 18:09:00.740000,-358.017,-406.631,9.87949,9.703,9.729,77.2419,1.98982,1.94509,10.2921,9.33109,744.9,743.395,0.757569,3.07416,4.16149,3.44835,9.76522,-1.88802,-1.88802,0.0,1.0,1
35326,30.05.2024 18:09:00.750000,-367.245,-402.264,9.87949,9.714,9.739,77.1966,1.96284,1.9495,11.1627,11.9674,744.87,743.4,0.681752,2.98511,4.14523,3.32855,9.76602,-1.93866,-1.93866,0.0,1.0,1
35327,30.05.2024 18:09:00.760000,-361.972,-404.407,9.86515,9.748,9.78,77.2343,1.91509,1.94997,9.30556,10.583,744.83,743.39,0.686032,2.89696,4.12295,3.356,9.76678,-1.93866,-1.93866,0.0,1.0,1
35328,30.05.2024 18:09:00.770000,-357.028,-393.777,9.86515,9.745,9.757,77.2343,1.91453,1.94825,7.19792,10.5106,744.8,743.395,0.552251,2.70585,3.97798,3.41119,9.76754,-1.88802,-1.88802,0.0,1.0,1
35329,30.05.2024 18:09:00.780000,-357.028,-393.777,9.86022,9.745,9.757,77.158,1.92532,1.94716,7.19792,10.5106,744.8,743.395,0.552251,2.70585,3.97798,3.41119,9.76754,-2.0327,-2.0327,0.0,1.0,1
35330,30.05.2024 18:09:00.790000,-359.17,-400.204,9.88071,9.784,9.798,77.3319,1.94293,1.9449,7.64746,10.794,744.795,743.41,0.591885,2.59899,4.04869,3.34279,9.76754,-2.0327,-2.0327,0.0,1.0,1
35331,30.05.2024 18:09:00.800000,-359.17,-398.556,9.88071,9.793,9.798,77.3319,1.99327,1.94474,7.64746,10.794,744.795,743.41,0.591885,2.59899,4.04869,3.34279,9.76934,-2.04717,-2.04717,0.0,1.0,1
35332,30.05.2024 18:09:00.810000,-359.994,-398.556,9.87947,9.793,9.775,77.3819,2.02099,1.94486,9.2199,9.25064,744.75,743.395,0.678603,2.47003,4.08653,3.30475,9.76934,-2.04717,-2.04717,0.0,1.0,1
35333,30.05.2024 18:09:00.820000,-359.994,-398.556,9.87947,9.793,9.775,77.3875,2.0403,1.94513,11.8224,10.0026,744.74,743.405,0.729304,2.31049,3.94085,3.19245,9.76934,-2.04717,-2.04717,0.0,1.0,1
35334,30.05.2024 18:09:00.830000,-359.994,-398.556,9.87947,9.793,9.775,77.3875,2.0403,1.94513,11.8224,10.0026,744.74,743.405,0.729304,2.31049,3.94085,3.19245,9.76934,-2.04717,-2.04717,0.0,1.0,1
35335,30.05.2024 18:09:00.840000,-359.006,-401.44,9.87759,9.81,9.801,77.3875,2.05791,1.9476,12.8843,8.28999,744.7,743.39,0.91293,2.31742,4.05091,3.23866,9.77003,-2.04717,-2.04717,0.0,1.0,1
35336,30.05.2024 18:09:00.850000,-359.006,-401.44,9.87759,9.81,9.801,77.3875,2.05791,1.9476,12.8843,8.28999,744.7,743.39,0.91293,2.31742,4.05091,3.23866,9.77003,-2.04717,-2.04717,0.0,1.0,1
35337,30.05.2024 18:09:00.860000,-355.298,-394.519,9.8768,9.775,9.789,77.3719,2.0295,1.95828,12.7062,9.16081,744.665,743.395,1.02258,2.28523,4.11306,3.28282,9.77052,-2.48843,-2.48843,0.0,1.0,1
35338,30.05.2024 18:09:00.870000,-350.931,-390.234,9.88771,9.793,9.768,77.3954,1.97218,1.96685,11.328,13.3218,744.64,743.395,1.0883,2.30568,4.14648,3.29128,9.77142,-2.68374,-2.68374,0.0,1.0,1
35339,30.05.2024 18:09:00.880000,-350.931,-390.234,9.88771,9.793,9.768,77.3954,1.97218,1.96685,11.328,13.3218,744.64,743.395,1.0883,2.30568,4.14648,3.29128,9.77142,-2.68374,-2.68374,0.0,1.0,1
35340,30.05.2024 18:09:00.890000,-350.931,-398.968,9.88771,9.801,9.768,77.3954,1.9638,1.96587,10.0897,12.4257,744.605,743.435,1.15035,2.33161,4.16399,3.29436,9.77207,-2.68374,-2.68374,0.0,1.0,1
35341,30.05.2024 18:09:00.900000,-350.931,-398.968,9.88771,9.801,9.768,77.3954,1.9638,1.96587,10.0897,12.4257,744.605,743.435,1.15035,2.33161,4.16399,3.29436,9.77207,-2.68374,-2.68374,0.0,1.0,1
35342,30.05.2024 18:09:00.910000,-353.567,-398.804,9.89542,9.821,9.79,77.353,1.96363,1.96714,9.71266,11.1716,744.595,743.43,1.32533,2.68529,4.20456,3.29891,9.77305,-3.24074,-3.24074,0.0,1.0,1
35343,30.05.2024 18:09:00.920000,-353.567,-398.804,9.89542,9.821,9.79,77.353,1.96363,1.96714,9.71266,11.1716,744.595,743.43,1.32533,2.68529,4.20456,3.29891,9.77305,-3.24074,-3.24074,0.0,1.0,1
35344,30.05.2024 18:09:00.930000,-354.721,-397.403,9.90259,9.82,9.78,77.3208,2.00827,1.96826,9.54338,11.4888,744.54,743.43,1.45215,2.76024,4.28711,3.32597,9.77346,-2.98032,-2.98032,0.0,1.0,1
35345,30.05.2024 18:09:00.940000,-350.519,-398.474,9.89845,9.797,9.767,77.1872,2.03536,1.96919,11.7138,12.7458,744.515,743.43,1.46152,2.80168,4.35417,3.26428,9.77438,-2.79225,-2.79225,0.0,1.0,1
35346,30.05.2024 18:09:00.950000,-357.193,-396.167,9.91637,9.807,9.738,77.2167,2.03818,1.96884,14.1423,11.4731,744.465,743.42,1.63407,3.00943,4.40097,3.21358,9.77438,-2.79225,-2.79225,0.0,1.0,1
35347,30.05.2024 18:09:00.960000,-357.193,-391.882,9.91637,9.787,9.738,77.2167,2.01768,1.96919,14.1423,11.4731,744.465,743.42,1.63407,3.00943,4.40097,3.21358,9.77626,-2.55353,-2.55353,0.0,1.0,1
35348,30.05.2024 18:09:00.970000,-357.193,-391.882,9.91637,9.787,9.738,77.2167,2.01768,1.96919,14.1423,11.4731,744.465,743.42,1.63407,3.00943,4.40097,3.21358,9.77626,-2.55353,-2.55353,0.0,1.0,1
35349,30.05.2024 18:09:00.980000,-358.841,-391.882,9.92059,9.787,9.753,77.0819,1.99466,1.97036,13.6272,8.682,744.425,743.42,1.54952,2.99768,4.44419,3.26594,9.77626,-2.55353,-2.55353,0.0,1.0,1
35350,30.05.2024 18:09:00.990000,-361.23,-401.44,9.93073,9.755,9.762,77.1821,1.93101,1.96941,11.2959,10.0362,744.415,743.435,1.476,3.16753,4.53242,3.27102,9.77809,-2.75607,-2.75607,0.0,1.0,1
35351,30.05.2024 18:09:01.000000,-356.946,-398.144,9.93254,9.743,9.767,77.1724,1.91916,1.9685,9.87906,10.6898,744.39,743.415,1.52284,3.28298,4.51022,3.37845,9.77809,-2.75607,-2.75607,0.0,1.0,1
35352,30.05.2024 18:09:01.010000,-356.946,-398.144,9.93254,9.743,9.767,77.1724,1.91916,1.9685,9.87906,10.6898,744.39,743.415,1.52284,3.28298,4.51022,3.37845,9.77809,-2.75607,-2.75607,0.0,1.0,1
35353,30.05.2024 18:09:01.020000,-354.391,-400.534,9.93254,9.788,9.818,77.1724,1.91765,1.9679,8.78299,14.6752,744.355,743.4,1.55013,3.31384,4.36391,3.27316,9.77903,-2.59693,-2.59693,0.0,1.0,1
35354,30.05.2024 18:09:01.030000,-354.391,-400.534,9.93254,9.788,9.818,77.1724,1.91765,1.9679,8.78299,14.6752,744.355,743.4,1.55013,3.31384,4.36391,3.27316,9.77903,-2.59693,-2.59693,0.0,1.0,1
35355,30.05.2024 18:09:01.040000,-353.815,-396.002,9.92764,9.827,9.837,77.2703,1.95058,1.9673,9.04749,9.81416,744.31,743.38,1.64455,3.27914,4.44512,3.1634,9.77965,-2.65481,-2.65481,0.0,1.0,1
35356,30.05.2024 18:09:01.050000,-357.44,-399.545,9.92578,9.854,9.826,77.3422,1.99342,1.96688,10.0187,12.9231,744.28,743.375,1.5289,3.04401,4.45669,3.24067,9.78102,-2.5463,-2.5463,0.0,1.0,1
35357,30.05.2024 18:09:01.060000,-357.44,-399.545,9.92578,9.854,9.826,77.2914,2.0063,1.96716,10.4504,11.7118,744.245,743.35,1.50632,2.98496,4.46252,3.25672,9.78102,-2.5463,-2.5463,0.0,1.0,1
35358,30.05.2024 18:09:01.070000,-351.178,-395.096,9.91824,9.852,9.829,77.2914,2.01733,1.96686,10.4504,11.7118,744.245,743.35,1.50632,2.98496,4.46252,3.25672,9.7828,-2.1195,-2.1195,0.0,1.0,1
35359,30.05.2024 18:09:01.080000,-352.496,-396.002,9.92771,9.856,9.862,77.285,2.0097,1.96866,10.9304,10.3143,744.21,743.35,1.46466,2.85956,4.40147,3.19298,9.7828,-2.1195,-2.1195,0.0,1.0,1
35360,30.05.2024 18:09:01.090000,-354.391,-397.65,9.92771,9.846,9.831,77.285,1.99643,1.9732,12.1211,11.2069,744.205,743.36,1.39036,2.76999,4.60142,3.22547,9.78393,-2.19907,-2.19907,0.0,1.0,1
35361,30.05.2024 18:09:01.100000,-354.391,-397.65,9.93079,9.846,9.831,77.2673,1.98557,1.97518,12.1211,11.2069,744.205,743.36,1.39036,2.76999,4.60142,3.22547,9.78393,-2.19907,-2.19907,0.0,1.0,1
35362,30.05.2024 18:09:01.110000,-349.53,-395.013,9.94444,9.836,9.825,77.2419,1.97762,1.9743,11.4128,11.6093,744.18,743.355,1.47648,2.81076,4.64265,3.31409,9.78393,-2.19907,-2.19907,0.0,1.0,1
35363,30.05.2024 18:09:01.120000,-349.53,-396.084,9.94444,9.829,9.825,77.2419,1.97038,1.97362,11.4128,11.6093,744.18,743.355,1.47648,2.81076,4.64265,3.31409,9.78564,-2.49566,-2.49566,0.0,1.0,1
35364,30.05.2024 18:09:01.130000,-349.53,-396.084,9.94444,9.829,9.825,77.2419,1.97038,1.97362,11.4128,11.6093,744.18,743.355,1.47648,2.81076,4.64265,3.31409,9.78564,-2.49566,-2.49566,0.0,1.0,1
35365,30.05.2024 18:09:01.140000,-353.979,-396.084,9.92756,9.829,9.81,77.2192,1.97181,1.9735,9.86737,11.5637,744.15,743.355,1.72191,2.69169,4.58016,3.24117,9.78564,-2.30758,-2.30758,0.0,1.0,1
35366,30.05.2024 18:09:01.150000,-353.979,-396.084,9.92756,9.829,9.81,77.2192,1.97181,1.9735,9.86737,11.5637,744.15,743.355,1.72191,2.69169,4.58016,3.24117,9.78564,-2.30758,-2.30758,0.0,1.0,1
35367,30.05.2024 18:09:01.160000,-354.227,-397.485,9.91957,9.848,9.839,77.2511,2.00371,1.97586,10.8757,11.3027,744.09,743.335,1.74495,2.67712,4.63475,3.23067,9.7876,-2.30034,-2.30034,0.0,1.0,1
35368,30.05.2024 18:09:01.170000,-354.227,-397.485,9.91957,9.848,9.839,77.2511,2.00371,1.97586,10.8757,11.3027,744.09,743.335,1.74495,2.67712,4.63475,3.23067,9.7876,-2.30034,-2.30034,0.0,1.0,1
35369,30.05.2024 18:09:01.180000,-346.976,-396.084,9.92076,9.86,9.866,77.2754,2.02676,1.97956,13.5117,12.8176,744.025,743.3,1.57383,2.4673,4.59171,3.30522,9.78827,-2.30034,-2.30034,0.0,1.0,1
35370,30.05.2024 18:09:01.190000,-348.294,-398.556,9.93181,9.846,9.879,77.2779,2.02569,1.98451,12.5893,11.6491,743.995,743.29,1.41175,2.20762,4.55716,3.32583,9.78932,-1.70718,-1.70718,0.0,1.0,1
35371,30.05.2024 18:09:01.200000,-348.294,-397.568,9.93181,9.831,9.879,77.2779,2.01408,1.98628,12.5893,11.6491,743.995,743.29,1.41175,2.20762,4.55716,3.32583,9.79091,-1.80122,-1.80122,0.0,1.0,1
35372,30.05.2024 18:09:01.210000,-348.294,-397.568,9.93181,9.831,9.879,77.2779,2.01408,1.98628,12.5893,11.6491,743.995,743.29,1.41175,2.20762,4.55716,3.32583,9.79091,-1.80122,-1.80122,0.0,1.0,1
35373,30.05.2024 18:09:01.220000,-350.024,-397.568,9.94505,9.831,9.828,77.3044,1.99867,1.98685,13.4606,12.1368,743.97,743.28,1.40715,2.11575,4.45847,3.33534,9.79091,-1.61313,-1.61313,0.0,1.0,1
35374,30.05.2024 18:09:01.230000,-350.024,-397.568,9.94505,9.831,9.828,77.3044,1.99867,1.98685,13.4606,12.1368,743.97,743.28,1.40715,2.11575,4.45847,3.33534,9.79091,-1.61313,-1.61313,0.0,1.0,1
35375,30.05.2024 18:09:01.240000,-359.006,-397.485,9.95035,9.782,9.775,77.223,1.95961,1.98356,11.2031,9.96381,743.96,743.285,1.42304,2.1289,4.40763,3.23358,9.79327,-1.51186,-1.51186,0.0,1.0,1
35376,30.05.2024 18:09:01.250000,-356.863,-390.317,9.94939,9.771,9.794,77.2657,1.94988,1.98288,9.75186,10.7913,743.905,743.27,1.79282,2.09503,4.40075,3.26179,9.79396,-1.36719,-1.36719,0.0,1.0,1
35377,30.05.2024 18:09:01.260000,-356.863,-390.317,9.94155,9.771,9.794,77.431,1.95438,1.98276,9.75186,10.7913,743.905,743.27,1.79282,2.09503,4.40075,3.26179,9.79396,-1.20081,-1.20081,0.0,1.0,1
35378,30.05.2024 18:09:01.270000,-354.144,-397.156,9.93718,9.797,9.831,77.4462,1.96032,1.98272,8.54474,9.88484,743.86,743.24,1.9353,2.04702,4.27278,3.18556,9.79396,-1.20081,-1.20081,0.0,1.0,1
35379,30.05.2024 18:09:01.280000,-354.144,-397.156,9.93718,9.797,9.831,77.4462,1.96032,1.98272,8.54474,9.88484,743.86,743.24,1.9353,2.04702,4.27278,3.18556,9.79396,-1.20081,-1.20081,0.0,1.0,1
35380,30.05.2024 18:09:01.290000,-354.144,-398.556,9.93718,9.819,9.831,77.4462,1.98007,1.98239,9.86735,9.57206,743.825,743.235,1.87589,1.82638,4.3903,3.26715,9.79611,-1.20081,-1.20081,0.0,1.0,1
35381,30.05.2024 18:09:01.300000,-354.144,-398.556,9.93718,9.819,9.831,77.4462,1.98007,1.98239,9.86735,9.57206,743.825,743.235,1.87589,1.82638,4.3903,3.26715,9.79611,-1.20081,-1.20081,0.0,1.0,1
35382,30.05.2024 18:09:01.310000,-352.496,-394.519,9.92965,9.844,9.854,77.4516,1.98679,1.98267,10.1082,7.81246,743.81,743.235,1.80137,1.87933,4.55574,3.34744,9.79679,-1.18634,-1.18634,0.0,1.0,1
35383,30.05.2024 18:09:01.320000,-352.743,-396.579,9.93131,9.854,9.802,77.3988,1.97215,1.98565,9.51542,8.34936,743.785,743.22,1.84281,2.00057,4.60943,3.31223,9.79796,-1.12124,-1.12124,0.0,1.0,1
35384,30.05.2024 18:09:01.330000,-352.743,-396.579,9.93131,9.854,9.802,77.3988,1.97215,1.98565,9.51542,8.34936,743.785,743.22,1.84281,2.00057,4.60943,3.31223,9.79796,-1.12124,-1.12124,0.0,1.0,1
35385,30.05.2024 18:09:01.340000,-354.886,-400.369,9.93131,9.841,9.818,77.3988,1.96548,1.98634,9.20156,10.4844,743.76,743.22,1.85135,2.02525,4.67662,3.32232,9.79864,-1.06337,-1.06337,0.0,1.0,1
35386,30.05.2024 18:09:01.350000,-354.886,-400.369,9.93131,9.841,9.818,77.3988,1.96548,1.98634,9.20156,10.4844,743.76,743.22,1.85135,2.02525,4.67662,3.32232,9.79864,-1.06337,-1.06337,0.0,1.0,1
35387,30.05.2024 18:09:01.360000,-349.859,-393.695,9.92596,9.846,9.843,77.37,1.95941,1.98531,8.00108,10.8473,743.72,743.205,1.93808,2.13247,4.78646,3.32152,9.79922,-1.06337,-1.06337,0.0,1.0,1
35388,30.05.2024 18:09:01.370000,-350.107,-400.616,9.92914,9.847,9.857,77.3655,1.97235,1.9855,8.40114,9.38768,743.705,743.195,2.04357,2.2241,4.73975,3.28164,9.80063,-1.20804,-1.20804,0.0,1.0,1
35389,30.05.2024 18:09:01.380000,-350.107,-400.616,9.92914,9.847,9.857,77.3631,1.98299,1.9866,10.3401,12.2693,743.665,743.18,2.14412,2.18234,4.68891,3.27395,9.80063,-1.20804,-1.20804,0.0,1.0,1
35390,30.05.2024 18:09:01.390000,-355.792,-398.968,9.92792,9.836,9.839,77.3631,2.01843,1.98593,10.3401,12.2693,743.665,743.18,2.14412,2.18234,4.68891,3.27395,9.8021,-1.20081,-1.20081,0.0,1.0,1
35391,30.05.2024 18:09:01.400000,-354.556,-396.084,9.92999,9.828,9.874,77.3427,2.02886,1.98705,12.7361,11.5437,743.625,743.15,2.18587,2.21232,4.63689,3.25737,9.8021,-1.20081,-1.20081,0.0,1.0,1
35392,30.05.2024 18:09:01.410000,-354.556,-396.084,9.92999,9.828,9.874,77.3427,2.02886,1.98705,12.7361,11.5437,743.625,743.15,2.18587,2.21232,4.63689,3.25737,9.8021,-1.20081,-1.20081,0.0,1.0,1
35393,30.05.2024 18:09:01.420000,-353.403,-392.953,9.92999,9.842,9.844,77.3427,2.03421,1.9886,13.7508,9.40964,743.595,743.115,2.0917,2.19268,4.75751,3.27592,9.80228,-0.904225,-0.904225,0.0,1.0,1
35394,30.05.2024 18:09:01.430000,-353.403,-392.953,9.92999,9.842,9.844,77.3427,2.03421,1.9886,13.7508,9.40964,743.595,743.115,2.0917,2.19268,4.75751,3.27592,9.80228,-0.904225,-0.904225,0.0,1.0,1
35395,30.05.2024 18:09:01.440000,-354.556,-395.837,9.93135,9.853,9.861,77.3571,2.02176,1.99547,13.9766,10.7713,743.57,743.08,2.05118,2.16211,4.68752,3.33549,9.80285,-0.658274,-0.658274,0.0,1.0,1
35396,30.05.2024 18:09:01.450000,-354.309,-398.062,9.92107,9.852,9.836,77.3706,1.99846,2.00152,12.5044,10.7806,743.54,743.065,2.0498,1.9145,4.68813,3.323,9.80352,-0.658274,-0.658274,0.0,1.0,1
35397,30.05.2024 18:09:01.460000,-354.309,-398.062,9.92107,9.852,9.836,77.3217,1.98868,2.00221,11.4037,12.0924,743.515,743.045,2.09656,1.93755,4.60026,3.35369,9.80352,-0.658274,-0.658274,0.0,1.0,1
35398,30.05.2024 18:09:01.470000,-356.369,-394.684,9.93645,9.835,9.851,77.3217,1.97223,2.00313,11.4037,12.0924,743.515,743.045,2.09656,1.93755,4.60026,3.35369,9.80515,-0.694439,-0.694439,0.0,1.0,1
35399,30.05.2024 18:09:01.480000,-354.144,-400.864,9.95617,9.798,9.794,77.3326,1.96738,2.00272,9.89938,10.1036,743.5,743.04,2.10178,1.8803,4.49699,3.32985,9.80515,-0.694439,-0.694439,0.0,1.0,1
