,time,Pinceur Inf Mesure de courant,Pinceur Sup Mesure de courant,Mandrin - Vitesse Actuelle,Pinceur Sup Mesure vitesse lineaire,Pinceur Inf Mesure vitesse lineaire,Mandrin - Mesure Expansion,Pinceur Nord Position entrefer estimee,Pinceur Sud Position entrefer estimee,Pinceur Nord Force entrefer calibree,Pinceur Sud Force entrefer calibree,Guides Nord Entree Position mesuree,Guides Nord Sortie Position mesuree,Guides Nord Entree Force pour regulateur PI,Guides Nord Sortie Force pour regulateur PI,Guides Sud Entree Force pour regulateur PI,Guides Sud Sortie Force pour regulateur PI,Mandrin - Vitesse Actuelle F10,_Excentrage largeur bande jauge bob,_Excentrage largeur bande jauge bob.1,TDB pinceur,Fenetre,Declancheur
43200,30.05.2024 20:01:29.930000,149.634,33.7006,6.96009,6.967,6.863,39.4128,4.63967,4.48402,41.955,56.4252,765.81,757.635,5.32686,4.60033,1.69212,-2.13558,6.05282,16.3412,16.3412,1.0,1.0,1
43201,30.05.2024 20:01:29.940000,149.634,102.173,6.96009,6.967,6.447,39.3629,4.95578,4.77184,64.2078,75.0923,764.995,756.885,5.34529,7.24049,1.65174,-2.15321,6.05359,16.3412,16.3412,1.0,1.0,1
43202,30.05.2024 20:01:29.950000,201.05,190.915,6.95395,6.735,6.232,39.3629,4.9601,4.8782,67.9215,79.1211,763.3,755.335,5.40935,8.45341,1.681,-2.30519,6.05401,16.9199,16.9199,1.0,1.0,1
43203,30.05.2024 20:01:29.960000,256.586,190.915,6.95959,6.54,6.232,39.3574,4.9601,4.8782,67.9215,79.1211,762.405,754.525,5.2998,9.55323,1.92477,-2.31268,6.05401,17.6794,17.6794,1.0,1.0,1
43204,30.05.2024 20:01:29.970000,256.586,190.915,6.95959,6.54,6.232,39.3574,4.9601,4.8782,67.9215,79.1211,762.405,754.525,5.2998,9.55323,1.92477,-2.31268,6.05401,17.6794,17.6794,1.0,1.0,1
43205,30.05.2024 20:01:29.980000,256.586,319.702,6.95959,6.54,6.111,39.4083,4.7476,4.87917,62.0069,83.9509,761.545,753.67,4.93428,11.5949,2.04493,-2.35663,6.05428,17.6794,17.6794,1.0,1.0,1
43206,30.05.2024 20:01:29.990000,404.983,373.343,6.96076,6.62,5.878,39.3528,4.51021,4.70512,55.1114,80.6773,758.965,751.065,4.07586,11.0224,1.91405,-2.50823,6.05505,17.5781,17.5781,1.0,1.0,1
43207,30.05.2024 20:01:30.000000,404.983,386.938,6.96076,6.62,5.738,39.3443,4.36124,4.49098,39.6275,64.5043,758.09,750.215,3.54302,10.2345,1.86935,-2.42896,6.05649,17.5781,17.5781,1.0,1.0,1
43208,30.05.2024 20:01:30.010000,473.95,386.938,6.95897,6.46,5.738,39.3443,4.36124,4.49098,39.6275,64.5043,757.195,749.345,3.34524,9.15524,1.78013,-2.38857,6.05649,16.833,16.833,1.0,1.0,1
43209,30.05.2024 20:01:30.020000,473.95,454.01,6.95897,6.46,5.728,39.3598,4.21844,4.15488,32.6553,42.7681,756.365,748.53,2.63527,6.61869,1.85469,-2.31425,6.05788,16.833,16.833,1.0,1.0,1
43210,30.05.2024 20:01:30.030000,473.95,454.01,6.95897,6.46,5.728,39.3598,4.21844,4.15488,32.6553,42.7681,756.365,748.53,2.63527,6.61869,1.85469,-2.31425,6.05788,16.833,16.833,1.0,1.0,1
43211,30.05.2024 20:01:30.040000,482.025,575.546,6.96199,6.269,5.843,39.3598,4.10717,3.90034,17.4745,14.2614,754.755,746.895,2.80264,6.22768,1.71467,-2.32405,6.05879,16.833,16.833,1.0,1.0,1
43212,30.05.2024 20:01:30.050000,482.025,575.546,6.96199,6.269,5.843,39.3598,4.10717,3.90034,17.4745,14.2614,754.755,746.895,2.80264,6.22768,1.71467,-2.32405,6.05879,16.833,16.833,1.0,1.0,1
43213,30.05.2024 20:01:30.060000,456.317,660.415,6.96164,6.222,6.129,39.3481,4.03031,3.72007,21.0077,11.5437,753.125,745.255,3.75688,5.04714,1.89393,-2.25396,6.05923,16.833,16.833,1.0,1.0,1
43214,30.05.2024 20:01:30.070000,456.317,660.415,6.96164,6.222,6.129,39.3481,4.03031,3.72007,21.0077,11.5437,753.125,745.255,3.75688,5.04714,1.89393,-2.25396,6.05923,16.833,16.833,1.0,1.0,1
43215,30.05.2024 20:01:30.080000,440.497,652.505,6.96147,6.326,6.122,39.4028,4.15258,3.76603,18.9101,8.83328,750.62,742.745,4.77811,5.23508,1.9748,-2.23444,6.05951,17.2381,17.2381,1.0,1.0,1
43216,30.05.2024 20:01:30.090000,467.523,671.21,6.96305,6.171,6.105,39.3465,4.46858,4.19634,37.1119,32.2652,748.96,741.075,5.10796,5.64485,2.03032,-2.39549,6.05976,16.6956,16.6956,1.0,1.0,1
43217,30.05.2024 20:01:30.100000,440.497,652.505,6.96147,6.326,6.122,39.4028,4.46858,4.19634,37.1119,32.2652,750.62,742.745,4.77811,5.23508,1.9748,-2.23444,6.05951,16.6956,16.6956,1.0,1.0,1
43218,30.05.2024 20:01:30.110000,482.767,677.472,6.95957,6.128,6.105,39.317,4.50187,4.43699,40.0556,50.5736,746.445,738.705,5.36381,5.87761,2.02574,-2.49285,6.05956,16.4713,16.4713,1.0,1.0,1
43219,30.05.2024 20:01:30.120000,502.872,677.472,6.96247,6.174,6.105,39.3453,4.50187,4.43699,40.0556,50.5736,745.59,737.91,5.32178,6.75015,1.98629,-2.55111,6.05956,16.3194,16.3194,1.0,1.0,1
43220,30.05.2024 20:01:30.130000,502.872,677.472,6.96247,6.174,6.105,39.3453,4.50187,4.43699,40.0556,50.5736,745.59,737.91,5.32178,6.75015,1.98629,-2.55111,6.05956,16.3194,16.3194,1.0,1.0,1
43221,30.05.2024 20:01:30.140000,502.872,686.453,6.96247,6.174,6.048,39.3244,4.48109,4.56861,44.0942,65.191,744.785,737.13,5.46393,8.51501,1.82976,-2.51848,6.05959,16.305,16.305,1.0,1.0,1
43222,30.05.2024 20:01:30.150000,556.759,692.303,6.96792,6.063,6.009,39.3326,4.44943,4.60376,41.6263,66.1974,742.29,734.605,5.35529,9.39897,1.90482,-2.5959,6.05983,16.0012,16.0012,1.0,1.0,1
43223,30.05.2024 20:01:30.160000,556.759,692.303,6.96792,6.063,6.009,39.3326,4.44943,4.60376,41.6263,66.1974,742.29,734.605,5.35529,9.39897,1.90482,-2.5959,6.05983,16.0012,16.0012,1.0,1.0,1
43224,30.05.2024 20:01:30.170000,556.759,688.843,6.96792,6.063,5.946,39.3681,4.44052,4.54599,40.929,64.7372,741.4,733.85,5.17692,8.9741,1.99628,-2.54019,6.06019,16.0156,16.0156,1.0,1.0,1
43225,30.05.2024 20:01:30.180000,556.759,688.843,6.96792,6.063,5.946,39.3681,4.44052,4.54599,40.929,64.7372,741.4,733.85,5.17692,8.9741,1.99628,-2.54019,6.06019,16.0156,16.0156,1.0,1.0,1
43226,30.05.2024 20:01:30.190000,572.25,684.228,6.96893,5.988,5.951,39.3284,4.39516,4.36544,38.2837,54.4354,739.665,732.345,4.09768,11.4056,1.83953,-2.53388,6.06042,15.8058,15.8058,1.0,1.0,1
43227,30.05.2024 20:01:30.200000,572.25,684.228,6.96893,5.988,5.951,39.3284,4.39516,4.36544,38.2837,54.4354,739.665,732.345,4.09768,11.4056,1.83953,-2.53388,6.06042,15.8058,15.8058,1.0,1.0,1
43228,30.05.2024 20:01:30.210000,607.599,677.637,6.96503,6.081,5.944,39.3351,4.30439,4.16182,33.2568,36.6538,737.07,729.895,2.79273,13.0904,1.89564,-2.63361,6.06085,15.8058,15.8058,1.0,1.0,1
43229,30.05.2024 20:01:30.220000,607.599,677.637,6.96503,6.081,5.944,39.3351,4.30439,4.16182,33.2568,36.6538,737.07,729.895,2.79273,13.0904,1.89564,-2.63361,6.06085,15.8058,15.8058,1.0,1.0,1
43230,30.05.2024 20:01:30.230000,623.172,690.161,6.96613,6.002,5.947,39.2561,4.13623,3.87509,23.8164,20.3977,735.345,728.335,1.38935,13.8858,1.90474,-2.66932,6.06217,15.8782,15.8782,1.0,1.0,1
43231,30.05.2024 20:01:30.240000,623.172,690.161,6.96613,6.002,5.947,39.2561,4.13623,3.87509,23.8164,20.3977,735.345,728.335,1.38935,13.8858,1.90474,-2.66932,6.06217,15.8782,15.8782,1.0,1.0,1
43232,30.05.2024 20:01:30.250000,639.487,682.416,6.96604,5.953,5.963,39.267,4.0921,3.86554,22.3608,14.4713,732.87,726.015,1.28286,14.6593,2.02548,-2.61871,6.06256,15.8637,15.8637,1.0,1.0,1
43233,30.05.2024 20:01:30.260000,639.487,682.416,6.96604,5.953,5.963,39.267,4.0921,3.86554,22.3608,14.4713,732.87,726.015,1.28286,14.6593,2.02548,-2.61871,6.06256,15.8637,15.8637,1.0,1.0,1
43234,30.05.2024 20:01:30.270000,642.947,682.91,6.96591,5.987,5.985,39.288,4.08028,3.92467,18.851,17.2131,731.225,724.5,1.67387,16.6859,2.05558,-2.65193,6.06281,16.1024,16.1024,1.0,1.0,1
43235,30.05.2024 20:01:30.280000,665.112,679.696,6.96917,6.088,5.985,39.3253,4.08409,4.02861,19.1122,24.4457,728.65,722.125,2.46498,18.5083,1.99204,-2.64747,6.06333,16.1169,16.1169,1.0,1.0,1
43236,30.05.2024 20:01:30.290000,642.947,682.91,6.96591,5.987,5.985,39.288,4.08028,3.92467,18.851,17.2131,731.225,724.5,1.67387,16.6859,2.05558,-2.65193,6.06281,16.1169,16.1169,1.0,1.0,1
43237,30.05.2024 20:01:30.300000,680.356,683.652,6.97323,6.048,6.011,39.3884,4.1529,4.18322,22.403,35.5129,726.96,720.495,1.61071,19.1328,2.12602,-2.55914,6.06432,16.8475,16.8475,1.0,1.0,1
43238,30.05.2024 20:01:30.310000,680.356,683.652,6.97323,6.048,6.011,39.3933,4.1529,4.18322,22.403,35.5129,726.095,719.7,1.26712,19.2719,2.06714,-2.62565,6.06432,16.8475,16.8475,1.0,1.0,1
43239,30.05.2024 20:01:30.320000,680.356,683.652,6.97323,6.048,6.011,39.3933,4.1529,4.18322,22.403,35.5129,726.095,719.7,1.26712,19.2719,2.06714,-2.62565,6.06432,16.8475,16.8475,1.0,1.0,1
43240,30.05.2024 20:01:30.330000,688.76,690.243,6.97458,6.061,6.038,39.3783,4.19172,4.19912,25.3282,39.6812,724.415,718.13,1.09097,19.3407,1.98965,-2.6962,6.06468,16.8475,16.8475,1.0,1.0,1
43241,30.05.2024 20:01:30.340000,696.917,689.667,6.97067,6.145,6.044,39.3736,4.2075,4.1858,25.8728,38.4688,722.75,716.61,0.826246,20.4267,1.68365,-2.76072,6.06507,16.4786,16.4786,1.0,1.0,1
43242,30.05.2024 20:01:30.350000,696.917,689.667,6.97067,6.145,6.044,39.3736,4.2075,4.1858,25.8728,38.4688,722.75,716.61,0.826246,20.4267,1.68365,-2.76072,6.06507,16.4786,16.4786,1.0,1.0,1
43243,30.05.2024 20:01:30.360000,693.127,687.03,6.97371,6.135,6.027,39.3736,4.20572,4.1472,27.1377,34.0013,721.12,715.025,0.728278,20.9048,1.78261,-2.83394,6.0655,16.5871,16.5871,1.0,1.0,1
43244,30.05.2024 20:01:30.370000,693.127,687.03,6.97371,6.135,6.027,39.3736,4.20572,4.1472,27.1377,34.0013,721.12,715.025,0.728278,20.9048,1.78261,-2.83394,6.0655,16.5871,16.5871,1.0,1.0,1
43245,30.05.2024 20:01:30.380000,697.247,687.524,6.97405,6.08,6.018,39.5016,4.18119,4.10256,27.0542,33.0342,719.395,713.42,1.10317,22.3955,1.78453,-2.77533,6.06587,16.9199,16.9199,1.0,1.0,1
43246,30.05.2024 20:01:30.390000,697.247,687.524,6.97405,6.08,6.018,39.5016,4.18119,4.10256,27.0542,33.0342,719.395,713.42,1.10317,22.3955,1.78453,-2.77533,6.06587,16.9199,16.9199,1.0,1.0,1
43247,30.05.2024 20:01:30.400000,692.798,686.041,6.99362,6.124,6.025,39.3704,4.16161,4.07204,25.0775,31.5668,716.9,711.185,0.542163,22.9376,1.84288,-2.78374,6.06598,17.0862,17.0862,1.0,1.0,1
43248,30.05.2024 20:01:30.410000,694.116,691.067,6.97483,6.126,6.013,39.3636,4.11685,4.0489,23.5206,28.2777,715.22,709.605,0.0141547,24.2051,2.04204,-2.83815,6.0661,17.3828,17.3828,1.0,1.0,1
43249,30.05.2024 20:01:30.420000,694.116,691.067,6.97483,6.126,6.013,39.3636,4.11685,4.0489,23.5206,28.2777,715.22,709.605,0.0141547,24.2051,2.04204,-2.83815,6.0661,17.3828,17.3828,1.0,1.0,1
43250,30.05.2024 20:01:30.430000,694.116,690.985,6.97483,6.126,5.992,39.3416,4.11685,4.0489,23.5206,28.2777,714.38,708.77,-0.589699,24.6201,2.30174,-2.75237,6.06651,17.8241,17.8241,1.0,1.0,1
43251,30.05.2024 20:01:30.440000,694.116,690.985,6.97483,6.126,5.992,39.3416,4.11685,4.0489,23.5206,28.2777,714.38,708.77,-0.589699,24.6201,2.30174,-2.75237,6.06651,17.8241,17.8241,1.0,1.0,1
43252,30.05.2024 20:01:30.450000,691.644,690.078,6.97743,6.07,6.011,39.3545,4.10238,4.0512,22.5342,28.7141,711.92,706.5,-0.55423,25.1432,2.94351,-2.69899,6.06681,17.7445,17.7445,1.0,1.0,1
43253,30.05.2024 20:01:30.460000,691.809,687.689,6.97156,6.122,5.989,39.2974,4.08557,4.0494,21.2088,29.4251,710.3,705.03,-0.0243032,27.0172,4.14354,-2.73997,6.06736,18.4317,18.4317,1.0,1.0,1
43254,30.05.2024 20:01:30.470000,691.809,687.689,6.97156,6.122,5.989,39.3104,4.08557,4.0494,21.2088,29.4251,709.51,704.255,0.190518,28.253,4.57657,-2.73834,6.06736,18.4317,18.4317,1.0,1.0,1
43255,30.05.2024 20:01:30.480000,691.809,687.689,6.97156,6.122,5.989,39.3104,4.08557,4.0494,21.2088,29.4251,709.51,704.255,0.190518,28.253,4.57657,-2.73834,6.06736,18.4317,18.4317,1.0,1.0,1
43256,30.05.2024 20:01:30.490000,690.078,696.341,6.97278,6.133,5.987,39.2597,4.0861,4.05589,22.0767,30.4507,707.85,702.665,0.672042,28.933,4.97878,-2.62829,6.0677,18.4751,18.4751,1.0,1.0,1
43257,30.05.2024 20:01:30.500000,691.562,692.303,6.98145,6.09,5.993,39.2616,4.08765,4.05144,22.776,30.5839,706.245,701.035,-4.01162,24.649,5.7207,-2.62127,6.06832,18.4823,18.4823,1.0,1.0,1
43258,30.05.2024 20:01:30.510000,691.562,692.303,6.98145,6.09,5.993,39.2616,4.08765,4.05144,22.776,30.5839,706.245,701.035,-4.01162,24.649,5.7207,-2.62127,6.06832,18.4823,18.4823,1.0,1.0,1
43259,30.05.2024 20:01:30.520000,690.738,687.524,6.9843,6.06,5.993,39.2616,4.07953,4.04636,23.3759,29.2894,705.93,701.08,-11.6382,13.7703,6.20904,-2.59346,6.06887,18.4823,18.4823,1.0,1.0,1
43260,30.05.2024 20:01:30.530000,690.738,687.524,6.9843,6.06,5.993,39.2616,4.07953,4.04636,23.3759,29.2894,705.93,701.08,-11.6382,13.7703,6.20904,-2.59346,6.06887,18.4823,18.4823,1.0,1.0,1
43261,30.05.2024 20:01:30.540000,696.341,682.251,6.98005,6.078,6.008,39.3336,4.0408,4.02983,23.8018,28.8815,706.485,701.255,-7.61985,21.3871,7.87361,-2.35375,6.06941,18.5402,18.5402,1.0,1.0,1
43262,30.05.2024 20:01:30.550000,696.341,682.251,6.98005,6.078,6.008,39.3336,4.0408,4.02983,23.8018,28.8815,706.485,701.255,-7.61985,21.3871,7.87361,-2.35375,6.06941,18.5402,18.5402,1.0,1.0,1
43263,30.05.2024 20:01:30.560000,698.977,690.243,6.99215,6.094,6.004,39.3076,3.9876,4.01083,21.6547,27.9834,705.63,701.11,-0.455878,13.9336,7.66762,-2.42435,6.06994,19.4951,19.4951,1.0,1.0,1
43264,30.05.2024 20:01:30.570000,698.977,690.243,6.99215,6.094,6.004,39.3076,3.9876,4.01083,21.6547,27.9834,705.63,701.11,-0.455878,13.9336,7.66762,-2.42435,6.06994,19.4951,19.4951,1.0,1.0,1
43265,30.05.2024 20:01:30.580000,685.217,692.056,6.99426,6.077,5.992,39.2583,3.88708,3.97151,18.7693,25.9945,705.45,701.035,-4.02355,16.5129,5.79195,-2.50233,6.07056,19.6398,19.6398,1.0,1.0,1
43266,30.05.2024 20:01:30.590000,683.816,690.82,6.9985,6.122,6.029,39.1707,3.87398,3.96556,19.2634,25.2314,705.15,700.995,-4.20457,12.2212,4.48504,-2.54174,6.07115,19.7483,19.7483,1.0,1.0,1
43267,30.05.2024 20:01:30.600000,690.243,690.82,7.00153,6.17,6.029,39.1492,3.87398,3.96556,19.2634,25.2314,705.125,701.015,-3.58678,12.7043,3.70114,-2.5919,6.07115,19.8278,19.8278,1.0,1.0,1
43268,30.05.2024 20:01:30.610000,690.243,689.996,7.00153,6.17,6.032,39.1589,3.89186,3.96224,20.1513,24.1592,705.015,700.97,0.0599959,13.8067,2.79862,-2.54464,6.07144,19.8278,19.8278,1.0,1.0,1
43269,30.05.2024 20:01:30.620000,689.831,686.783,7.00603,6.155,6.042,39.1589,3.92469,3.96492,22.0789,25.6386,704.875,700.955,1.01943,13.4507,2.5769,-2.52101,6.07195,19.987,19.987,1.0,1.0,1
43270,30.05.2024 20:01:30.630000,689.831,686.783,7.00603,6.155,6.042,39.1589,3.92469,3.96492,22.0789,25.6386,704.875,700.955,1.01943,13.4507,2.5769,-2.52101,6.07195,19.987,19.987,1.0,1.0,1
43271,30.05.2024 20:01:30.640000,687.771,686.783,7.01524,6.129,6.042,39.2441,3.92469,3.96492,22.0789,25.6386,704.745,700.94,1.45622,13.2669,2.68408,-2.43677,6.07195,21.2674,21.2674,1.0,1.0,1
43272,30.05.2024 20:01:30.650000,695.022,690.985,7.01157,6.122,6.051,39.253,3.94812,3.97533,25.7715,26.9654,704.355,700.745,1.48362,11.256,3.64214,-1.56155,6.07227,21.2674,21.2674,1.0,1.0,1
43273,30.05.2024 20:01:30.660000,695.022,689.996,7.01157,6.122,6.034,39.2409,3.96,3.98172,27.4317,26.9473,704.24,700.735,0.873298,10.5025,3.85053,-1.59727,6.07265,21.2674,21.2674,1.0,1.0,1
43274,30.05.2024 20:01:30.670000,695.022,689.996,7.01157,6.122,6.034,39.2409,3.96,3.98172,27.4317,26.9473,704.24,700.735,0.873298,10.5025,3.85053,-1.59727,6.07265,21.2674,21.2674,1.0,1.0,1
43275,30.05.2024 20:01:30.680000,686.7,689.996,7.01596,6.143,6.042,39.2409,3.9445,3.9824,29.0487,26.9447,704.03,700.67,0.149092,10.2414,4.23997,-1.63668,6.07302,21.2674,21.2674,1.0,1.0,1
43276,30.05.2024 20:01:30.690000,686.7,689.996,7.01596,6.143,6.042,39.2409,3.9445,3.9824,29.0487,26.9447,704.03,700.67,0.149092,10.2414,4.23997,-1.63668,6.07302,21.2674,21.2674,1.0,1.0,1
43277,30.05.2024 20:01:30.700000,691.726,695.352,7.03074,6.155,6.046,39.2352,3.90953,3.97119,28.9398,27.4848,703.8,700.55,-1.29279,7.82135,4.69033,-1.17153,6.07362,20.4933,20.4933,1.0,1.0,1
43278,30.05.2024 20:01:30.710000,691.726,695.352,7.03074,6.155,6.046,39.2352,3.90953,3.97119,28.9398,27.4848,703.8,700.55,-1.29279,7.82135,4.69033,-1.17153,6.07362,20.4933,20.4933,1.0,1.0,1
43279,30.05.2024 20:01:30.720000,688.101,692.303,6.96714,6.16,6.075,39.272,3.85442,3.92533,26.5337,24.3514,703.595,700.48,-1.83597,6.59174,4.6171,-1.19628,6.0741,20.4789,20.4789,1.0,1.0,1
43280,30.05.2024 20:01:30.730000,686.206,684.393,6.94039,6.22,6.128,39.2395,3.80082,3.8827,25.129,23.4488,703.485,700.415,-0.478922,5.03272,5.18032,-1.05233,6.07445,20.5367,20.5367,1.0,1.0,1
43281,30.05.2024 20:01:30.740000,688.101,692.303,6.96714,6.16,6.075,39.272,3.80082,3.8827,25.129,23.4488,703.595,700.48,-1.83597,6.59174,4.6171,-1.19628,6.0741,20.5367,20.5367,1.0,1.0,1
43282,30.05.2024 20:01:30.750000,685.629,697.247,6.97004,6.261,6.063,39.2324,3.85355,3.87925,25.0543,23.7822,703.3,700.315,0.887982,4.26399,5.10129,-1.04708,6.07592,20.1461,20.1461,1.0,1.0,1
43283,30.05.2024 20:01:30.760000,685.629,697.247,6.97004,6.261,6.063,39.2324,3.85355,3.87925,25.0543,23.7822,703.3,700.315,0.887982,4.26399,5.10129,-1.04708,6.07592,20.1461,20.1461,1.0,1.0,1
43284,30.05.2024 20:01:30.770000,694.858,697.247,7.00289,6.205,6.063,39.2535,3.88427,3.88845,27.9599,21.1451,703.185,700.255,1.74723,3.88454,4.86103,-0.985815,6.07592,20.1461,20.1461,1.0,1.0,1
43285,30.05.2024 20:01:30.780000,692.798,668.408,6.99522,6.11,6.097,39.2897,3.89814,3.8922,29.4631,23.2491,703.0,700.155,1.7027,1.7456,4.48167,-1.05734,6.07664,19.5674,19.5674,1.0,1.0,1
43286,30.05.2024 20:01:30.790000,692.798,668.408,6.99522,6.11,6.097,39.2435,3.89814,3.8922,29.4631,23.2491,702.925,700.15,1.99855,1.21727,4.57161,-1.06724,6.07664,19.5674,19.5674,1.0,1.0,1
43287,30.05.2024 20:01:30.800000,692.798,668.408,6.99522,6.11,6.097,39.2435,3.89814,3.8922,29.4631,23.2491,702.925,700.15,1.99855,1.21727,4.57161,-1.06724,6.07664,19.5674,19.5674,1.0,1.0,1
43288,30.05.2024 20:01:30.810000,698.483,648.221,6.96486,6.135,6.032,39.2288,3.84585,3.87374,29.1459,24.2271,702.8,700.22,2.09954,1.2172,4.61269,-1.03268,6.07708,19.5529,19.5529,1.0,1.0,1
43289,30.05.2024 20:01:30.820000,682.91,633.307,6.91618,6.189,6.045,39.2183,3.80709,3.87077,26.7498,20.6745,702.665,700.205,2.76467,3.70708,5.2668,-0.915875,6.07774,19.5529,19.5529,1.0,1.0,1
43290,30.05.2024 20:01:30.830000,682.91,633.307,6.91618,6.189,6.045,39.2183,3.80709,3.87077,26.7498,20.6745,702.665,700.205,2.76467,3.70708,5.2668,-0.915875,6.07774,19.5529,19.5529,1.0,1.0,1
43291,30.05.2024 20:01:30.840000,672.775,606.445,6.98549,6.16,6.002,39.2183,3.77401,3.86086,26.7697,22.5978,702.495,700.09,2.96113,4.36887,5.49905,-0.94483,6.07849,19.6904,19.6904,1.0,1.0,1
43292,30.05.2024 20:01:30.850000,655.636,576.04,7.12911,6.101,5.979,39.3449,3.79689,3.85812,24.4917,25.0047,702.33,699.925,2.57435,3.67519,5.71614,-1.00904,6.07901,19.213,19.213,1.0,1.0,1
43293,30.05.2024 20:01:30.860000,615.014,558.902,7.00542,6.089,5.962,39.3449,3.79415,3.84833,26.2395,20.3776,702.28,699.815,2.08067,2.75056,5.70003,-1.06913,6.07968,19.1117,19.1117,1.0,1.0,1
43294,30.05.2024 20:01:30.870000,615.014,558.902,7.00542,6.089,5.962,39.2997,3.79415,3.84833,26.2395,20.3776,702.23,699.75,2.27222,1.72392,5.63018,-1.00927,6.07968,19.1117,19.1117,1.0,1.0,1
43295,30.05.2024 20:01:30.880000,607.763,561.621,7.01177,6.117,5.994,39.2573,3.78334,3.82391,25.8113,21.1603,702.11,699.695,2.24047,0.511736,5.47774,-0.987808,6.08052,19.2564,19.2564,1.0,1.0,1
43296,30.05.2024 20:01:30.890000,601.007,561.621,6.92798,6.142,5.994,39.2573,3.78334,3.82391,25.8113,21.1603,702.045,699.66,2.01549,0.237978,5.28411,-0.929134,6.08052,19.1045,19.1045,1.0,1.0,1
43297,30.05.2024 20:01:30.900000,601.007,557.666,6.92798,6.142,6.027,39.3377,3.75373,3.79198,24.7458,20.2248,701.985,699.61,2.13021,0.0139921,4.92345,-0.32161,6.08083,19.1045,19.1045,1.0,1.0,1
43298,30.05.2024 20:01:30.910000,599.689,561.374,6.8904,6.136,6.065,39.3377,3.71814,3.76414,23.7761,18.6598,701.865,699.525,2.27558,-0.295099,4.89924,-0.180275,6.08134,18.967,18.967,1.0,1.0,1
43299,30.05.2024 20:01:30.920000,597.629,561.374,6.94175,6.152,6.065,39.7184,3.71814,3.76414,23.7761,18.6598,701.805,699.48,2.38821,-0.430327,4.84613,-0.122702,6.08134,18.8513,18.8513,1.0,1.0,1
43300,30.05.2024 20:01:30.930000,597.629,559.891,6.94175,6.152,6.056,40.2005,3.6996,3.73736,21.345,16.9497,701.755,699.42,1.92657,0.00408912,5.08254,-0.0377771,6.08141,18.8513,18.8513,1.0,1.0,1
43301,30.05.2024 20:01:30.940000,597.629,559.891,6.94175,6.152,6.056,40.2005,3.6996,3.73736,21.345,16.9497,701.755,699.42,1.92657,0.00408912,5.08254,-0.0377771,6.08141,18.8513,18.8513,1.0,1.0,1
43302,30.05.2024 20:01:30.950000,595.074,555.935,6.93618,6.222,6.089,40.2005,3.69143,3.71548,23.1614,17.5667,701.63,699.305,2.19398,-0.181416,5.34276,0.0528258,6.0816,18.6415,18.6415,1.0,1.0,1
43303,30.05.2024 20:01:30.960000,597.217,567.306,6.90558,6.228,6.09,41.9318,3.72067,3.71125,22.5318,16.8317,701.53,699.225,2.2452,0.0812719,6.07602,0.0800971,6.08188,18.4462,18.4462,1.0,1.0,1
43304,30.05.2024 20:01:30.970000,597.217,567.306,6.90558,6.228,6.09,41.9318,3.72067,3.71125,22.5318,16.8317,701.53,699.225,2.2452,0.0812719,6.07602,0.0800971,6.08188,18.4462,18.4462,1.0,1.0,1
43305,30.05.2024 20:01:30.980000,599.194,567.306,6.85041,6.235,6.09,41.9318,3.74239,3.71057,24.2956,17.1004,701.485,699.17,2.37076,-0.0197012,6.36988,0.154596,6.08188,18.5909,18.5909,1.0,1.0,1
43306,30.05.2024 20:01:30.990000,599.194,567.306,6.85041,6.235,6.09,41.9318,3.74239,3.71057,24.2956,17.1004,701.485,699.17,2.37076,-0.0197012,6.36988,0.154596,6.08188,18.5909,18.5909,1.0,1.0,1
43307,30.05.2024 20:01:31.000000,600.183,562.939,6.85808,6.217,6.122,42.9648,3.75424,3.7102,27.3606,18.7604,701.295,698.95,3.34998,1.27767,6.84663,0.420511,6.08235,18.5909,18.5909,1.0,1.0,1
43308,30.05.2024 20:01:31.010000,603.808,563.598,6.80579,6.251,6.115,45.1362,3.73098,3.70499,26.2397,17.4369,701.11,698.76,3.21331,1.03064,6.711,0.552786,6.08272,18.8513,18.8513,1.0,1.0,1
43309,30.05.2024 20:01:31.020000,602.243,567.306,6.7431,6.284,6.111,45.1362,3.71025,3.6925,24.909,19.1015,701.055,698.675,2.63942,0.354208,6.51385,0.609335,6.08343,19.09,19.09,1.0,1.0,1
43310,30.05.2024 20:01:31.030000,602.243,567.306,6.7431,6.284,6.111,45.1362,3.71025,3.6925,24.909,19.1015,701.055,698.675,2.63942,0.354208,6.51385,0.609335,6.08343,19.09,19.09,1.0,1.0,1
43311,30.05.2024 20:01:31.040000,610.235,567.306,6.73932,6.238,6.111,46.4052,3.71025,3.6925,24.909,19.1015,701.01,698.61,2.45374,-0.0977881,6.25747,0.556772,6.08343,18.75,18.75,1.0,1.0,1
43312,30.05.2024 20:01:31.050000,610.235,567.306,6.73932,6.238,6.111,46.4052,3.71025,3.6925,24.909,19.1015,701.01,698.61,2.45374,-0.0977881,6.25747,0.556772,6.08343,18.75,18.75,1.0,1.0,1
43313,30.05.2024 20:01:31.060000,603.149,562.28,6.80289,6.232,6.07,47.6655,3.71087,3.69089,27.3939,19.9391,700.815,698.425,2.29788,-0.0940306,5.92401,0.58287,6.08398,18.75,18.75,1.0,1.0,1
43314,30.05.2024 20:01:31.070000,603.149,562.28,6.80289,6.232,6.07,47.6655,3.71087,3.69089,27.3939,19.9391,700.815,698.425,2.29788,-0.0940306,5.92401,0.58287,6.08398,18.75,18.75,1.0,1.0,1
43315,30.05.2024 20:01:31.080000,602.408,566.07,6.7028,6.223,6.015,48.9286,3.74782,3.70006,28.576,21.8332,700.665,698.235,2.1731,0.0530336,5.85055,0.464149,6.08536,18.4028,18.4028,1.0,1.0,1
43316,30.05.2024 20:01:31.090000,602.408,566.07,6.7028,6.223,6.015,48.9286,3.74782,3.70006,28.576,21.8332,700.665,698.235,2.1731,0.0530336,5.85055,0.464149,6.08536,18.4028,18.4028,1.0,1.0,1
43317,30.05.2024 20:01:31.100000,596.228,563.269,6.67418,6.192,6.061,51.7093,3.71943,3.6976,28.4166,22.3949,700.545,698.12,2.46807,0.0421789,6.38857,0.696855,6.08637,18.6053,18.6053,1.0,1.0,1
43318,30.05.2024 20:01:31.110000,604.385,572.333,6.7585,6.175,6.078,53.0616,3.68558,3.66531,27.2096,22.6429,700.35,697.915,3.00262,0.867779,6.33263,0.855713,6.08739,18.6487,18.6487,1.0,1.0,1
43319,30.05.2024 20:01:31.120000,604.385,564.422,6.7585,6.175,6.053,54.4589,3.63844,3.63294,26.2982,20.4129,700.275,697.84,3.29022,1.20883,6.15622,0.881945,6.08828,18.6487,18.6487,1.0,1.0,1
43320,30.05.2024 20:01:31.130000,603.561,564.422,6.65938,6.217,6.053,54.4589,3.63844,3.63294,26.2982,20.4129,700.205,697.755,2.85536,1.59925,5.89511,1.03143,6.08828,18.6487,18.6487,1.0,1.0,1
43321,30.05.2024 20:01:31.140000,603.561,562.774,6.65938,6.217,6.053,55.8861,3.64423,3.60616,23.4844,19.6971,700.135,697.67,2.70148,1.55116,5.77535,1.20289,6.08939,18.6487,18.6487,1.0,1.0,1
43322,30.05.2024 20:01:31.150000,598.535,563.846,6.63598,6.176,6.053,55.8861,3.64018,3.60287,25.8527,19.5023,700.0,697.47,2.68826,1.41362,5.63231,1.30041,6.09015,18.8006,18.8006,1.0,1.0,1
43323,30.05.2024 20:01:31.160000,598.535,563.846,6.63598,6.176,6.053,55.8861,3.64018,3.60287,25.8527,19.5023,700.0,697.47,2.68826,1.41362,5.63231,1.30041,6.09015,18.8006,18.8006,1.0,1.0,1
43324,30.05.2024 20:01:31.170000,598.041,563.846,6.69322,6.178,6.053,57.2657,3.65542,3.59863,24.649,19.9751,699.95,697.37,2.1751,1.13646,5.62287,1.44424,6.09015,18.8296,18.8296,1.0,1.0,1
43325,30.05.2024 20:01:31.180000,598.041,563.846,6.69322,6.178,6.053,57.2657,3.65542,3.59863,24.649,19.9751,699.95,697.37,2.1751,1.13646,5.62287,1.44424,6.09015,18.8296,18.8296,1.0,1.0,1
43326,30.05.2024 20:01:31.190000,601.831,565.329,6.68401,6.196,6.076,58.6459,3.63564,3.5955,25.1875,19.2917,699.84,697.23,2.56696,0.289831,5.47452,1.62519,6.09143,18.5909,18.5909,1.0,1.0,1
43327,30.05.2024 20:01:31.200000,601.831,565.329,6.68401,6.196,6.076,58.6459,3.63564,3.5955,25.1875,19.2917,699.84,697.23,2.56696,0.289831,5.47452,1.62519,6.09143,18.5909,18.5909,1.0,1.0,1
43328,30.05.2024 20:01:31.210000,595.239,571.756,6.59127,6.229,6.128,61.4612,3.61444,3.57804,24.7635,20.8524,699.65,696.99,2.6599,0.289064,5.36275,1.86659,6.09153,18.2581,18.2581,1.0,1.0,1
43329,30.05.2024 20:01:31.220000,595.239,571.756,6.59127,6.229,6.128,61.4612,3.61444,3.57804,24.7635,20.8524,699.65,696.99,2.6599,0.289064,5.36275,1.86659,6.09153,18.2581,18.2581,1.0,1.0,1
43330,30.05.2024 20:01:31.230000,596.805,564.505,6.60038,6.239,6.052,62.768,3.56581,3.55055,23.4646,18.4006,699.505,696.865,2.77868,0.221948,5.29648,2.30347,6.09199,17.9977,17.9977,1.0,1.0,1
43331,30.05.2024 20:01:31.240000,623.419,564.258,6.58772,6.304,6.204,64.0493,3.53714,3.52631,20.3847,16.2616,699.335,696.585,2.41408,0.338333,5.32229,2.62327,6.09257,17.8964,17.8964,1.0,1.0,1
43332,30.05.2024 20:01:31.250000,596.805,564.505,6.60038,6.239,6.052,62.768,3.56581,3.55055,23.4646,18.4006,699.505,696.865,2.77868,0.221948,5.29648,2.30347,6.09199,17.8964,17.8964,1.0,1.0,1
43333,30.05.2024 20:01:31.260000,613.367,555.606,6.52479,6.399,6.148,65.3095,3.55667,3.4952,22.5392,15.5028,699.2,696.48,2.87247,0.422968,5.22113,2.7741,6.09369,17.9036,17.9036,1.0,1.0,1
43334,30.05.2024 20:01:31.270000,613.367,555.606,6.52479,6.399,6.148,66.5171,3.55667,3.4952,22.5392,15.5028,699.135,696.41,2.95691,1.09715,5.22338,2.86894,6.09369,17.9036,17.9036,1.0,1.0,1
43335,30.05.2024 20:01:31.280000,606.445,539.291,6.47687,6.383,6.192,67.7213,3.58466,3.477,22.401,16.5502,699.02,696.195,2.83253,1.35466,5.1801,2.95556,6.0941,17.9471,17.9471,1.0,1.0,1
43336,30.05.2024 20:01:31.290000,606.445,539.291,6.47687,6.383,6.192,67.7213,3.58466,3.477,22.401,16.5502,699.02,696.195,2.83253,1.35466,5.1801,2.95556,6.0941,17.9471,17.9471,1.0,1.0,1
43337,30.05.2024 20:01:31.300000,603.149,539.291,6.47088,6.306,6.192,67.7213,3.57554,3.49395,23.698,14.9365,698.975,696.125,2.7165,1.26821,5.19403,3.09234,6.0941,17.9471,17.9471,1.0,1.0,1
43338,30.05.2024 20:01:31.310000,603.149,539.291,6.47088,6.306,6.192,67.7213,3.57554,3.49395,23.698,14.9365,698.975,696.125,2.7165,1.26821,5.19403,3.09234,6.0941,17.9471,17.9471,1.0,1.0,1
43339,30.05.2024 20:01:31.320000,591.531,538.385,6.3675,6.386,6.267,68.928,3.55025,3.49689,24.5361,18.738,698.75,695.84,2.79129,1.22792,5.01411,3.33846,6.09583,17.6071,17.6071,1.0,1.0,1
43340,30.05.2024 20:01:31.330000,587.988,514.737,6.30894,6.423,6.164,71.1213,3.54829,3.4948,21.5324,19.4895,698.685,695.655,2.92393,0.345749,4.67353,3.64891,6.09668,17.6071,17.6071,1.0,1.0,1
43341,30.05.2024 20:01:31.340000,587.988,514.737,6.30894,6.423,6.164,71.1213,3.54829,3.4948,21.5324,19.4895,698.685,695.655,2.92393,0.345749,4.67353,3.64891,6.09668,17.6071,17.6071,1.0,1.0,1
43342,30.05.2024 20:01:31.350000,587.988,492.984,6.30282,6.417,6.241,71.1213,3.54686,3.48397,25.7317,19.17,698.615,695.605,3.05632,0.153963,4.51308,3.64289,6.09747,17.5998,17.5998,1.0,1.0,1
43343,30.05.2024 20:01:31.360000,593.426,500.482,6.29816,6.351,6.108,73.0079,3.58165,3.52208,23.749,18.9215,698.365,695.415,3.2353,0.918628,4.17609,3.63014,6.09844,17.4479,17.4479,1.0,1.0,1
43344,30.05.2024 20:01:31.370000,587.988,500.482,6.21017,6.335,6.108,73.0079,3.58165,3.52208,23.749,18.9215,698.275,695.315,3.00677,1.21246,4.0705,3.70772,6.09844,17.5492,17.5492,1.0,1.0,1
43345,30.05.2024 20:01:31.380000,587.988,515.478,6.21017,6.335,6.15,73.8846,3.5952,3.52604,28.5198,27.2564,698.23,695.205,2.88194,1.22501,3.85546,3.78587,6.09955,17.5492,17.5492,1.0,1.0,1
43346,30.05.2024 20:01:31.390000,593.921,509.546,6.15637,6.351,6.056,73.8846,3.62285,3.5593,28.4623,23.3431,698.14,695.07,2.53741,0.430849,3.89397,3.92537,6.10047,17.5492,17.5492,1.0,1.0,1
43347,30.05.2024 20:01:31.400000,612.048,509.546,6.13864,6.303,6.056,74.6429,3.62285,3.5593,28.4623,23.3431,698.05,695.015,2.53971,0.581133,3.8602,3.84307,6.10047,17.5854,17.5854,1.0,1.0,1
43348,30.05.2024 20:01:31.410000,612.048,521.658,6.13864,6.303,6.056,75.2656,3.61774,3.53907,29.0644,26.3662,697.98,694.93,2.64061,0.942333,3.57896,3.8627,6.1015,17.5854,17.5854,1.0,1.0,1
43349,30.05.2024 20:01:31.420000,601.748,547.366,6.16823,6.203,5.947,75.2656,3.59078,3.51767,29.3971,25.7378,697.945,694.84,2.21113,0.724939,3.39877,3.8778,6.10242,17.5998,17.5998,1.0,1.0,1
43350,30.05.2024 20:01:31.430000,601.748,547.366,6.16823,6.203,5.947,75.2656,3.59078,3.51767,29.3971,25.7378,697.945,694.84,2.21113,0.724939,3.39877,3.8778,6.10242,17.5998,17.5998,1.0,1.0,1
43351,30.05.2024 20:01:31.440000,595.404,547.366,6.08831,6.196,5.947,75.9052,3.59078,3.51767,29.3971,25.7378,697.875,694.765,2.74809,0.69189,3.10494,3.89733,6.10242,17.5998,17.5998,1.0,1.0,1
43352,30.05.2024 20:01:31.450000,595.404,547.366,6.08831,6.196,5.947,75.9052,3.59078,3.51767,29.3971,25.7378,697.875,694.765,2.74809,0.69189,3.10494,3.89733,6.10242,17.5998,17.5998,1.0,1.0,1
43353,30.05.2024 20:01:31.460000,608.258,562.28,6.12037,6.265,5.99,76.547,3.55325,3.48238,27.4944,24.2882,697.68,694.565,2.8081,0.934738,2.75333,3.86721,6.10338,17.5926,17.5926,1.0,1.0,1
43354,30.05.2024 20:01:31.470000,608.258,562.28,6.12037,6.265,5.99,76.547,3.55325,3.48238,27.4944,24.2882,697.68,694.565,2.8081,0.934738,2.75333,3.86721,6.10338,17.5926,17.5926,1.0,1.0,1
43355,30.05.2024 20:01:31.480000,590.625,537.066,6.10723,6.181,6.036,77.0802,3.55021,3.49666,26.6077,25.6363,697.485,694.31,3.21706,1.09443,2.53802,3.91511,6.1047,17.4913,17.4913,1.0,1.0,1
43356,30.05.2024 20:01:31.490000,589.306,563.186,6.1277,6.093,5.963,78.0283,3.59431,3.51139,26.3215,24.6648,697.36,694.155,3.50331,1.1862,2.35206,4.01603,6.10528,17.5926,17.5926,1.0,1.0,1
43357,30.05.2024 20:01:31.500000,593.262,558.407,6.12187,6.084,5.954,78.0283,3.60292,3.53208,30.5947,25.7816,697.275,694.07,3.34832,1.06571,2.34602,4.17363,6.10576,17.4913,17.4913,1.0,1.0,1
43358,30.05.2024 20:01:31.510000,593.262,558.407,6.12187,6.084,5.954,78.3534,3.60292,3.53208,30.5947,25.7816,697.205,693.975,2.82749,0.946283,2.37832,4.2293,6.10576,17.4913,17.4913,1.0,1.0,1
43359,30.05.2024 20:01:31.520000,599.194,556.347,6.13917,6.129,5.99,78.606,3.60169,3.51893,28.7444,27.7767,697.085,693.815,2.80379,0.8447,2.28078,4.22889,6.10584,17.5926,17.5926,1.0,1.0,1
43360,30.05.2024 20:01:31.530000,599.194,556.347,6.13917,6.129,5.99,78.606,3.60169,3.51893,28.7444,27.7767,697.01,693.735,3.14374,0.684145,2.23973,4.2292,6.10584,17.6505,17.6505,1.0,1.0,1
43361,30.05.2024 20:01:31.540000,599.194,556.347,6.13917,6.129,5.99,78.606,3.60169,3.51893,28.7444,27.7767,697.01,693.735,3.14374,0.684145,2.23973,4.2292,6.10584,17.6505,17.6505,1.0,1.0,1
43362,30.05.2024 20:01:31.550000,591.696,546.46,6.17372,6.078,5.913,78.7196,3.55301,3.4998,29.3379,25.4561,696.94,693.68,2.39684,0.947315,2.04666,4.28878,6.10572,17.6432,17.6432,1.0,1.0,1
43363,30.05.2024 20:01:31.560000,571.838,558.984,6.16668,6.122,5.975,78.8408,3.49883,3.46707,25.1661,22.3017,696.78,693.47,2.34839,1.28374,2.01379,4.29914,6.10574,17.3322,17.3322,1.0,1.0,1
43364,30.05.2024 20:01:31.570000,571.838,536.984,6.16668,6.122,5.998,78.928,3.46032,3.44242,24.1872,21.4085,696.725,693.385,2.53707,1.51265,1.98677,4.38668,6.10577,17.3322,17.3322,1.0,1.0,1
43365,30.05.2024 20:01:31.580000,566.235,482.684,6.20009,6.212,6.038,78.928,3.46889,3.42494,22.8077,20.7795,696.66,693.29,2.81126,1.71786,1.95822,4.43833,6.10535,17.296,17.296,1.0,1.0,1
43366,30.05.2024 20:01:31.590000,566.235,482.684,6.20009,6.212,6.038,78.928,3.46889,3.42494,22.8077,20.7795,696.66,693.29,2.81126,1.71786,1.95822,4.43833,6.10535,17.296,17.296,1.0,1.0,1
43367,30.05.2024 20:01:31.600000,552.392,482.684,6.17429,6.228,6.038,78.9886,3.46889,3.42494,22.8077,20.7795,696.615,693.2,2.78818,1.43346,2.00258,4.4641,6.10535,17.202,17.202,1.0,1.0,1
43368,30.05.2024 20:01:31.610000,540.692,423.028,6.24134,6.165,6.08,79.1031,3.50398,3.44188,23.4766,20.912,696.35,693.025,3.22059,2.14111,2.03809,4.53787,6.10466,17.202,17.202,1.0,1.0,1
43369,30.05.2024 20:01:31.620000,540.692,429.95,6.24134,6.165,6.031,79.2136,3.55195,3.45595,25.7419,23.9172,696.28,692.945,2.74143,2.44493,2.00437,4.5705,6.10432,17.202,17.202,1.0,1.0,1
43370,30.05.2024 20:01:31.630000,540.692,429.95,6.24134,6.165,6.031,79.2136,3.55195,3.45595,25.7419,23.9172,696.28,692.945,2.74143,2.44493,2.00437,4.5705,6.10432,17.202,17.202,1.0,1.0,1
43371,30.05.2024 20:01:31.640000,544.235,423.44,6.25571,6.183,6.056,79.2136,3.54911,3.48592,25.9013,25.0805,696.155,692.83,2.38039,2.67044,1.9553,4.5976,6.10418,17.4479,17.4479,1.0,1.0,1
43372,30.05.2024 20:01:31.650000,544.235,423.44,6.25571,6.183,6.056,79.2136,3.54911,3.48592,25.9013,25.0805,696.155,692.83,2.38039,2.67044,1.9553,4.5976,6.10418,17.4479,17.4479,1.0,1.0,1
43373,30.05.2024 20:01:31.660000,540.939,395.837,6.27895,6.197,5.996,79.455,3.52187,3.47497,26.8538,24.9772,696.035,692.66,2.57548,3.61026,1.74418,4.54381,6.1039,17.1513,17.1513,1.0,1.0,1
43374,30.05.2024 20:01:31.670000,540.939,395.837,6.27895,6.197,5.996,79.455,3.52187,3.47497,26.8538,24.9772,696.035,692.66,2.57548,3.61026,1.74418,4.54381,6.1039,17.1513,17.1513,1.0,1.0,1
43375,30.05.2024 20:01:31.680000,516.879,380.182,6.26833,6.189,6.099,79.5197,3.48098,3.46769,23.0668,22.7096,695.84,692.44,2.21291,3.40515,1.69821,4.62228,6.10377,17.2526,17.2526,1.0,1.0,1
43376,30.05.2024 20:01:31.690000,498.752,376.556,6.24116,6.235,6.09,79.5397,3.43942,3.39659,21.0245,18.8779,695.705,692.33,2.03953,3.26027,1.69036,4.77258,6.10368,16.4931,16.4931,1.0,1.0,1
43377,30.05.2024 20:01:31.700000,498.752,376.556,6.24116,6.235,6.09,79.5397,3.43942,3.39659,21.0245,18.8779,695.705,692.33,2.03953,3.26027,1.69036,4.77258,6.10368,16.4931,16.4931,1.0,1.0,1
43378,30.05.2024 20:01:31.710000,498.752,348.624,6.24116,6.235,6.075,79.5306,3.43942,3.39659,21.0245,18.8779,695.635,692.275,2.1113,3.57195,1.70386,4.78651,6.10386,16.3267,16.3267,1.0,1.0,1
43379,30.05.2024 20:01:31.720000,498.752,348.624,6.24116,6.235,6.075,79.5306,3.43942,3.39659,21.0245,18.8779,695.635,692.275,2.1113,3.57195,1.70386,4.78651,6.10386,16.3267,16.3267,1.0,1.0,1
43380,30.05.2024 20:01:31.730000,497.845,287.979,6.27986,6.221,6.12,79.9348,3.44273,3.3745,22.5005,19.7356,695.405,692.09,2.31621,3.59694,1.63092,4.92602,6.10378,16.3267,16.3267,1.0,1.0,1
43381,30.05.2024 20:01:31.740000,477.411,282.953,6.2561,6.174,6.178,79.9181,3.51111,3.41712,27.0015,23.2051,695.265,691.97,2.45393,3.63491,1.6538,4.97298,6.10418,16.0084,16.0084,1.0,1.0,1
43382,30.05.2024 20:01:31.750000,477.411,282.953,6.2561,6.174,6.178,79.902,3.51111,3.41712,27.0015,23.2051,695.19,691.92,2.26832,3.45364,1.64423,4.87644,6.10418,16.0084,16.0084,1.0,1.0,1
43383,30.05.2024 20:01:31.760000,477.411,282.953,6.2561,6.174,6.178,79.902,3.51111,3.41712,27.0015,23.2051,695.19,691.92,2.26832,3.45364,1.64423,4.87644,6.10418,16.0084,16.0084,1.0,1.0,1
43384,30.05.2024 20:01:31.770000,474.774,273.559,6.24381,6.183,5.977,79.918,3.52308,3.43431,26.5798,22.7527,695.055,691.88,2.089,3.31651,1.76536,4.97976,6.10448,16.0084,16.0084,1.0,1.0,1
43385,30.05.2024 20:01:31.780000,467.276,240.765,6.21536,6.223,6.081,79.9075,3.47374,3.43797,27.1887,25.8244,694.89,691.735,2.19107,5.00799,1.58458,5.12155,6.10495,15.6105,15.6105,1.0,1.0,1
43386,30.05.2024 20:01:31.790000,467.276,240.765,6.21536,6.223,6.081,79.9075,3.47374,3.43797,27.1887,25.8244,694.89,691.735,2.19107,5.00799,1.58458,5.12155,6.10495,15.6105,15.6105,1.0,1.0,1
43387,30.05.2024 20:01:31.800000,454.01,214.233,6.24758,6.225,6.172,79.9075,3.45102,3.4225,23.314,24.9818,694.75,691.545,2.19375,4.7766,1.58453,5.05274,6.10505,15.3646,15.3646,1.0,1.0,1
43388,30.05.2024 20:01:31.810000,448.572,202.451,6.23163,6.195,6.07,79.9397,3.43794,3.41281,25.54,23.5921,694.595,691.485,2.02301,3.1817,1.76245,5.09848,6.10559,14.6701,14.6701,1.0,1.0,1
43389,30.05.2024 20:01:31.820000,433.823,168.832,6.20377,6.208,6.111,79.9397,3.47946,3.41624,23.6206,23.6288,694.515,691.46,2.05258,3.67922,1.90182,5.17064,6.10618,14.3085,14.3085,1.0,1.0,1
43390,30.05.2024 20:01:31.830000,433.823,168.832,6.20377,6.208,6.111,79.9831,3.47946,3.41624,23.6206,23.6288,694.435,691.395,2.06557,4.3866,2.01498,5.12668,6.10618,14.3085,14.3085,1.0,1.0,1
43391,30.05.2024 20:01:31.840000,438.354,154.33,6.21368,6.209,6.021,79.9226,3.49081,3.43243,27.5211,27.0775,694.28,691.215,2.30764,4.07692,2.14192,5.13358,6.10645,14.3157,14.3157,1.0,1.0,1
43392,30.05.2024 20:01:31.850000,428.879,154.33,6.24098,6.173,6.021,79.9226,3.49081,3.43243,27.5211,27.0775,694.19,691.185,2.1394,3.35042,2.18053,5.04116,6.10645,13.86,13.86,1.0,1.0,1
43393,30.05.2024 20:01:31.860000,428.879,140.982,6.24098,6.173,5.998,79.9645,3.51244,3.43792,27.403,25.9664,694.115,691.155,1.8442,2.53843,2.14294,4.77559,6.10675,13.86,13.86,1.0,1.0,1
43394,30.05.2024 20:01:31.870000,428.879,140.982,6.24098,6.173,5.998,79.9645,3.51244,3.43792,27.403,25.9664,694.115,691.155,1.8442,2.53843,2.14294,4.77559,6.10675,13.86,13.86,1.0,1.0,1
43395,30.05.2024 20:01:31.880000,427.807,144.36,6.21917,6.1,6.038,79.9645,3.47442,3.43891,26.7098,26.2155,693.995,691.065,1.85346,3.0238,2.14455,4.81335,6.10703,13.4115,13.4115,1.0,1.0,1
43396,30.05.2024 20:01:31.890000,427.807,144.36,6.21917,6.1,6.038,79.9645,3.47442,3.43891,26.7098,26.2155,693.995,691.065,1.85346,3.0238,2.14455,4.81335,6.10703,13.4115,13.4115,1.0,1.0,1
43397,30.05.2024 20:01:31.900000,408.444,130.93,6.15753,6.121,6.038,79.848,3.45169,3.44516,26.8745,26.4174,693.81,690.93,2.28349,3.26027,2.24783,4.90782,6.1078,13.1655,13.1655,1.0,1.0,1
43398,30.05.2024 20:01:31.910000,390.893,108.929,6.24695,6.184,6.052,79.9805,3.45118,3.44717,25.1476,27.9578,693.555,690.81,2.05689,3.09391,2.39598,4.82093,6.10825,12.9051,12.9051,1.0,1.0,1
43399,30.05.2024 20:01:31.920000,390.893,81.1615,6.24695,6.184,6.0,80.0368,3.45887,3.44685,26.304,27.4005,693.46,690.755,2.15542,3.55588,2.48152,4.82958,6.10858,12.9051,12.9051,1.0,1.0,1
43400,30.05.2024 20:01:31.930000,390.893,81.1615,6.24695,6.184,6.0,80.0368,3.45887,3.44685,26.304,27.4005,693.46,690.755,2.15542,3.55588,2.48152,4.82958,6.10858,12.9051,12.9051,1.0,1.0,1
43401,30.05.2024 20:01:31.940000,377.71,81.1615,6.25207,6.213,6.0,80.0368,3.47861,3.45186,25.0448,26.6117,693.37,690.685,2.30572,3.72285,2.52346,4.94016,6.10858,12.8038,12.8038,0.0,1.0,1
43402,30.05.2024 20:01:31.950000,377.71,81.1615,6.25207,6.213,6.0,80.0368,3.47861,3.45186,25.0448,26.6117,693.37,690.685,2.30572,3.72285,2.52346,4.94016,6.10858,12.8038,12.8038,0.0,1.0,1
43403,30.05.2024 20:01:31.960000,374.332,-8.48694,6.2284,6.18,6.009,80.0097,3.48132,3.44711,27.7715,28.7182,693.115,690.53,2.20852,3.86833,3.11627,4.90234,6.10933,12.8038,12.8038,0.0,1.0,1
43404,30.05.2024 20:01:31.970000,363.702,15.1611,6.19417,6.094,5.998,80.1351,3.48244,3.43743,27.5768,28.147,692.945,690.415,2.43035,4.3055,3.53151,5.0146,6.10967,12.6013,12.6013,0.0,1.0,1
43405,30.05.2024 20:01:31.980000,331.65,14.2548,6.17621,6.041,6.102,80.1351,3.48228,3.43627,27.0153,26.3634,692.855,690.35,2.07312,4.11554,3.60334,4.95095,6.10991,12.6085,12.6085,0.0,1.0,1
43406,30.05.2024 20:01:31.990000,331.65,14.2548,6.17621,6.041,6.102,80.1174,3.48228,3.43627,27.0153,26.3634,692.775,690.315,2.11918,3.9698,3.70793,5.01483,6.10991,12.6085,12.6085,0.0,1.0,1
43407,30.05.2024 20:01:32.000000,317.148,0.0,6.19678,6.026,6.069,80.0736,3.47839,3.4351,28.1988,27.1149,692.605,690.26,2.33583,4.23423,3.81079,5.04287,6.10973,12.5506,12.5506,0.0,1.0,1
43408,30.05.2024 20:01:32.010000,300.668,0.0,6.18507,6.007,6.069,80.0736,3.47839,3.4351,28.1988,27.1149,692.52,690.19,2.3421,4.61678,3.77862,5.04788,6.10973,12.5506,12.5506,0.0,1.0,1
43409,30.05.2024 20:01:32.020000,300.668,-24.6368,6.18507,6.007,6.063,80.0446,3.47546,3.43106,26.2881,27.534,692.425,690.13,2.23558,5.12253,3.83377,5.20142,6.10991,12.5506,12.5506,0.0,1.0,1
43410,30.05.2024 20:01:32.030000,300.668,-24.6368,6.18507,6.007,6.063,80.0446,3.47546,3.43106,26.2881,27.534,692.425,690.13,2.23558,5.12253,3.83377,5.20142,6.10991,12.5506,12.5506,0.0,1.0,1
43411,30.05.2024 20:01:32.040000,294.653,-42.9291,6.21058,5.991,6.066,80.0446,3.47493,3.43165,27.3727,25.4779,692.27,690.035,2.15806,5.09716,3.72594,5.22999,6.11016,12.4494,12.4494,0.0,1.0,1
43412,30.05.2024 20:01:32.050000,294.653,-42.9291,6.21058,5.991,6.066,80.0446,3.47493,3.43165,27.3727,25.4779,692.27,690.035,2.15806,5.09716,3.72594,5.22999,6.11016,12.4494,12.4494,0.0,1.0,1
43413,30.05.2024 20:01:32.060000,274.713,-61.0565,6.21129,5.956,6.035,79.9989,3.47035,3.43149,27.3948,25.6527,692.12,689.975,1.91603,5.41168,3.70436,5.36093,6.11007,12.3987,12.3987,0.0,1.0,1
43414,30.05.2024 20:01:32.070000,262.106,-66.0003,6.21301,5.865,6.014,79.9902,3.45991,3.42488,26.3552,26.1843,691.87,689.805,2.03382,5.54665,3.62957,5.40454,6.11016,12.3553,12.3553,0.0,1.0,1
43415,30.05.2024 20:01:32.080000,262.106,-66.6595,6.21301,5.865,6.041,79.8121,3.43245,3.42303,26.0755,25.4334,691.795,689.78,2.19063,5.30213,3.55118,5.3705,6.11067,12.3553,12.3553,0.0,1.0,1
43416,30.05.2024 20:01:32.090000,249.582,-66.6595,6.20286,5.826,6.041,79.8121,3.43245,3.42303,26.0755,25.4334,691.715,689.75,2.32548,5.35135,3.50683,5.4996,6.11067,12.0443,12.0443,0.0,1.0,1
43417,30.05.2024 20:01:32.100000,249.582,-59.8205,6.20286,5.826,6.036,79.9748,3.4151,3.41118,23.4827,24.6078,691.635,689.715,2.12466,5.25937,3.52608,5.53774,6.11091,12.0443,12.0443,0.0,1.0,1
43418,30.05.2024 20:01:32.110000,249.582,-59.8205,6.20286,5.826,6.036,79.9748,3.4151,3.41118,23.4827,24.6078,691.635,689.715,2.12466,5.25937,3.52608,5.53774,6.11091,12.0443,12.0443,0.0,1.0,1
43419,30.05.2024 20:01:32.120000,240.106,-53.3935,6.16781,5.79,6.018,79.9748,3.40152,3.40692,23.3675,24.71,691.49,689.605,2.33209,5.25038,3.43959,5.61906,6.11124,12.0877,12.0877,0.0,1.0,1
43420,30.05.2024 20:01:32.130000,240.106,-53.3935,6.16781,5.79,6.018,79.9748,3.40152,3.40692,23.3675,24.71,691.49,689.605,2.33209,5.25038,3.43959,5.61906,6.11124,12.0877,12.0877,0.0,1.0,1
43421,30.05.2024 20:01:32.140000,221.402,-42.5171,6.1907,5.762,6.033,80.0394,3.40548,3.39564,22.4934,23.9034,691.335,689.555,2.40317,4.9142,3.3115,5.78042,6.11152,12.2179,12.2179,0.0,1.0,1
43422,30.05.2024 20:01:32.150000,221.402,-42.5171,6.1907,5.762,6.033,80.0394,3.40548,3.39564,22.4934,23.9034,691.335,689.555,2.40317,4.9142,3.3115,5.78042,6.11152,12.2179,12.2179,0.0,1.0,1
43423,30.05.2024 20:01:32.160000,203.357,-136.615,6.19818,6.211,6.003,80.0463,3.40872,3.39004,21.9433,23.099,691.095,689.44,2.28739,5.34167,3.37167,5.9287,6.11179,11.6464,11.6464,0.0,1.0,1
43424,30.05.2024 20:01:32.170000,203.357,-136.615,6.19818,6.211,6.003,80.0463,3.40872,3.39004,21.9433,23.099,691.095,689.44,2.28739,5.34167,3.37167,5.9287,6.11179,11.6464,11.6464,0.0,1.0,1
43425,30.05.2024 20:01:32.180000,194.705,-274.219,6.18322,6.203,6.032,80.1588,3.41985,3.38548,23.0297,23.1218,690.94,689.33,2.23919,5.3674,2.94259,6.06568,6.11218,11.726,11.726,0.0,1.0,1
43426,30.05.2024 20:01:32.190000,185.477,-340.137,6.18551,6.108,6.043,80.0873,3.42666,3.38526,24.0859,23.0261,690.71,689.23,2.32189,5.33144,2.7428,6.3079,6.11276,11.4873,11.4873,0.0,1.0,1
43427,30.05.2024 20:01:32.200000,185.477,-340.137,6.18551,6.108,6.043,80.0873,3.42666,3.38526,24.0859,23.0261,690.71,689.23,2.32189,5.33144,2.7428,6.3079,6.11276,11.4873,11.4873,0.0,1.0,1
43428,30.05.2024 20:01:32.210000,172.046,-340.137,6.20813,6.006,6.043,79.9504,3.42832,3.38538,23.4408,21.8703,690.635,689.19,2.10609,5.15754,2.73303,6.54482,6.11276,11.3932,11.3932,0.0,1.0,1
43429,30.05.2024 20:01:32.220000,168.75,-320.114,6.20286,6.057,6.014,79.9436,3.41366,3.38787,24.0539,23.4994,690.46,689.115,1.89303,4.93048,2.67858,6.75077,6.11339,11.3426,11.3426,0.0,1.0,1
43430,30.05.2024 20:01:32.230000,168.75,-320.114,6.20286,6.057,6.014,79.9163,3.41366,3.38787,24.0539,23.4994,690.395,689.07,1.7515,4.80791,2.65266,6.87219,6.11339,11.3426,11.3426,0.0,1.0,1
43431,30.05.2024 20:01:32.240000,161.334,-416.025,6.22538,6.205,5.982,79.915,3.40905,3.38691,23.2583,23.8168,690.26,688.97,1.65591,4.45809,2.67283,7.00816,6.11348,11.3426,11.3426,0.0,1.0,1
43432,30.05.2024 20:01:32.250000,161.334,-416.025,6.22538,6.205,5.982,79.915,3.40905,3.38691,23.2583,23.8168,690.26,688.97,1.65591,4.45809,2.67283,7.00816,6.11348,11.3426,11.3426,0.0,1.0,1
43433,30.05.2024 20:01:32.260000,152.682,-416.025,6.20768,6.123,5.982,79.915,3.40519,3.38601,23.4848,23.4244,690.185,688.925,1.84544,4.26301,2.62288,7.12366,6.11348,11.0822,11.0822,0.0,1.0,1
43434,30.05.2024 20:01:32.270000,152.682,-416.025,6.20768,6.123,5.982,79.915,3.40519,3.38601,23.4848,23.4244,690.185,688.925,1.84544,4.26301,2.62288,7.12366,6.11348,11.0822,11.0822,0.0,1.0,1
43435,30.05.2024 20:01:32.280000,142.383,-411.74,6.21314,6.031,6.03,79.9724,3.40176,3.3886,23.526,22.4455,689.93,688.815,2.12627,3.58363,2.36922,7.38543,6.11397,10.829,10.829,0.0,1.0,1
43436,30.05.2024 20:01:32.290000,133.319,-399.628,6.19161,6.064,6.025,79.9253,3.40365,3.39009,22.4126,23.189,689.755,688.735,2.34108,3.40887,2.18934,7.47821,6.11448,10.829,10.829,0.0,1.0,1
43437,30.05.2024 20:01:32.300000,133.319,-399.628,6.19161,6.064,6.025,79.9253,3.40365,3.39009,22.4126,23.189,689.755,688.735,2.34108,3.40887,2.18934,7.47821,6.11448,10.829,10.829,0.0,1.0,1
43438,30.05.2024 20:01:32.310000,128.293,-482.19,6.2414,6.225,6.015,79.9253,3.40838,3.39626,23.4204,23.9414,689.665,688.705,2.09114,3.46927,2.25957,7.52164,6.11475,10.8869,10.8869,0.0,1.0,1
43439,30.05.2024 20:01:32.320000,121.371,-515.973,6.22442,6.248,6.004,79.9258,3.42711,3.40216,24.2933,25.3544,689.43,688.61,2.17724,3.80599,2.14026,7.52506,6.11499,10.7784,10.7784,0.0,1.0,1
43440,30.05.2024 20:01:32.330000,116.263,-515.973,6.25422,6.076,6.004,79.9258,3.42711,3.40216,24.2933,25.3544,689.34,688.57,2.20083,4.12498,2.13073,7.53342,6.11499,10.7711,10.7711,0.0,1.0,1
43441,30.05.2024 20:01:32.340000,116.263,-515.973,6.25422,6.076,6.004,79.9258,3.42711,3.40216,24.2933,25.3544,689.34,688.57,2.20083,4.12498,2.13073,7.53342,6.11499,10.7711,10.7711,0.0,1.0,1
43442,30.05.2024 20:01:32.350000,116.263,-494.385,6.25422,6.076,6.031,80.0447,3.43935,3.40196,25.4101,24.4336,689.275,688.515,2.35569,4.00678,2.007,7.5973,6.11531,10.7711,10.7711,0.0,1.0,1
43443,30.05.2024 20:01:32.360000,116.263,-494.385,6.25422,6.076,6.031,80.0447,3.43935,3.40196,25.4101,24.4336,689.275,688.515,2.35569,4.00678,2.007,7.5973,6.11531,10.7711,10.7711,0.0,1.0,1
43444,30.05.2024 20:01:32.370000,116.263,-481.366,6.2394,6.196,6.026,80.0494,3.43498,3.4029,25.0708,24.0657,689.015,688.37,2.87297,3.79726,1.86654,7.78501,6.11559,10.6337,10.6337,0.0,1.0,1
43445,30.05.2024 20:01:32.380000,108.105,-529.239,6.20867,6.236,6.045,80.0204,3.41993,3.40259,25.1225,25.8605,688.845,688.28,2.8967,3.6447,1.80245,7.80554,6.11583,10.6337,10.6337,0.0,1.0,1
43446,30.05.2024 20:01:32.390000,108.105,-529.239,6.20867,6.236,6.045,80.0191,3.41993,3.40259,25.1225,25.8605,688.76,688.25,2.88457,3.66701,1.88117,7.83231,6.11583,10.6337,10.6337,0.0,1.0,1
43447,30.05.2024 20:01:32.400000,104.727,-524.624,6.20048,6.196,6.095,79.9642,3.42419,3.40361,25.2773,25.1052,688.6,688.215,3.08422,3.67277,1.99482,7.89892,6.11598,10.5179,10.5179,0.0,1.0,1
43448,30.05.2024 20:01:32.410000,104.727,-524.624,6.20048,6.196,6.095,79.9642,3.42419,3.40361,25.2773,25.1052,688.6,688.215,3.08422,3.67277,1.99482,7.89892,6.11598,10.5179,10.5179,0.0,1.0,1
43449,30.05.2024 20:01:32.420000,75.8056,-524.624,6.19223,6.18,6.095,79.9642,3.44237,3.40379,25.1812,25.8585,688.525,688.185,2.7637,4.48135,2.06267,7.79848,6.11598,10.5252,10.5252,0.0,1.0,1
43450,30.05.2024 20:01:32.430000,75.8056,-524.624,6.19223,6.18,6.095,79.9642,3.44237,3.40379,25.1812,25.8585,688.525,688.185,2.7637,4.48135,2.06267,7.79848,6.11598,10.5252,10.5252,0.0,1.0,1
43451,30.05.2024 20:01:32.440000,81.9855,-525.366,6.20267,6.24,6.057,80.0144,3.44858,3.40284,26.4644,25.2307,688.3,688.07,2.92007,5.01146,2.37893,7.86848,6.11646,10.366,10.366,0.0,1.0,1
43452,30.05.2024 20:01:32.450000,77.536,-524.542,6.19743,6.205,6.044,80.007,3.45617,3.40234,26.3462,25.6502,688.165,688.03,3.50581,5.61601,2.41206,8.10802,6.11663,10.366,10.366,0.0,1.0,1
43453,30.05.2024 20:01:32.460000,66.2475,-520.999,6.20152,6.123,6.045,80.007,3.44396,3.40058,26.455,25.5759,688.075,688.01,3.71343,5.6831,2.42262,8.17648,6.11709,10.2141,10.2141,0.0,1.0,1
43454,30.05.2024 20:01:32.470000,66.2475,-520.999,6.20152,6.123,6.045,79.9237,3.44396,3.40058,26.455,25.5759,688.0,687.98,3.8553,5.8764,2.4661,8.24657,6.11709,10.2141,10.2141,0.0,1.0,1
43455,30.05.2024 20:01:32.480000,57.1838,-521.081,6.1742,6.09,6.052,79.9739,3.42599,3.40118,25.4835,25.8645,687.825,687.92,3.94068,6.33224,2.53237,8.18994,6.11766,10.0188,10.0188,0.0,1.0,1
43456,30.05.2024 20:01:32.490000,39.1388,-521.081,6.19144,6.205,6.052,79.9739,3.42599,3.40118,25.4835,25.8645,687.73,687.895,3.82235,6.27436,2.7588,8.25709,6.11766,10.0477,10.0477,0.0,1.0,1
43457,30.05.2024 20:01:32.500000,39.1388,-529.98,6.19144,6.205,6.038,79.9971,3.41473,3.4022,25.1655,24.5615,687.645,687.87,3.17677,6.33803,3.18703,8.33265,6.11814,10.0477,10.0477,0.0,1.0,1
43458,30.05.2024 20:01:32.510000,37.9852,-530.227,6.19209,6.23,6.027,79.9971,3.41312,3.40142,24.8311,24.9397,687.475,687.825,3.14619,6.31931,3.31025,8.36875,6.1188,9.78009,9.78009,0.0,1.0,1
43459,30.05.2024 20:01:32.520000,31.723,-530.227,6.205,6.164,6.027,80.0072,3.41312,3.40142,24.8311,24.9397,687.41,687.795,2.71437,6.39696,3.34147,8.40425,6.1188,9.62819,9.62819,0.0,1.0,1
43460,30.05.2024 20:01:32.530000,31.723,-523.718,6.205,6.164,6.021,79.9113,3.41638,3.40062,24.7361,25.4679,687.34,687.78,2.72172,6.4566,3.39713,8.5316,6.11933,9.62819,9.62819,0.0,1.0,1
43461,30.05.2024 20:01:32.540000,17.7154,-518.115,6.214,6.1,6.035,79.9113,3.41352,3.40024,24.5475,24.7542,687.28,687.75,2.83633,6.47529,3.46402,8.62146,6.11971,9.62819,9.62819,0.0,1.0,1
43462,30.05.2024 20:01:32.550000,17.7154,-518.115,6.214,6.1,6.035,79.8483,3.41352,3.40024,24.5475,24.7542,687.215,687.725,3.0645,6.71702,3.42466,8.71255,6.11971,9.62819,9.62819,0.0,1.0,1
43463,30.05.2024 20:01:32.560000,17.7154,-518.115,6.214,6.1,6.035,79.8483,3.41352,3.40024,24.5475,24.7542,687.215,687.725,3.0645,6.71702,3.42466,8.71255,6.11971,9.62819,9.62819,0.0,1.0,1
43464,30.05.2024 20:01:32.570000,5.93262,-529.898,6.20938,6.124,6.022,79.8645,3.40634,3.4002,24.3711,24.6279,687.1,687.68,2.93751,6.68268,3.45073,8.70738,6.12025,9.62819,9.62819,0.0,1.0,1
43465,30.05.2024 20:01:32.580000,5.93262,-529.898,6.20938,6.124,6.022,79.8645,3.40634,3.4002,24.3711,24.6279,687.1,687.68,2.93751,6.68268,3.45073,8.70738,6.12025,9.62819,9.62819,0.0,1.0,1
43466,30.05.2024 20:01:32.590000,1.40076,-521.329,6.20485,6.181,6.009,79.9075,3.40367,3.4002,23.9111,24.9602,686.98,687.65,4.09309,6.58957,3.53867,8.80997,6.12081,9.62819,9.62819,0.0,1.0,1
43467,30.05.2024 20:01:32.600000,1.40076,-521.329,6.20485,6.181,6.009,79.9075,3.40367,3.4002,23.9111,24.9602,686.98,687.65,4.09309,6.58957,3.53867,8.80997,6.12081,9.62819,9.62819,0.0,1.0,1
43468,30.05.2024 20:01:32.610000,-22.6593,-525.366,6.21143,6.135,6.01,79.8973,3.40248,3.39814,23.5797,25.2496,686.74,687.6,4.93755,6.76349,3.76787,8.86024,6.12115,9.52691,9.52691,0.0,1.0,1
43469,30.05.2024 20:01:32.620000,-22.6593,-525.366,6.21143,6.135,6.01,79.8973,3.40248,3.39814,23.5797,25.2496,686.74,687.6,4.93755,6.76349,3.76787,8.86024,6.12115,9.52691,9.52691,0.0,1.0,1
43470,30.05.2024 20:01:32.630000,-42.3523,-523.636,6.19982,6.135,6.045,79.8751,3.40511,3.39449,23.9239,23.7236,686.585,687.585,4.73773,7.05788,3.89174,8.95075,6.12187,9.52691,9.52691,0.0,1.0,1
43471,30.05.2024 20:01:32.640000,-42.3523,-523.636,6.19982,6.135,6.045,79.8751,3.40511,3.39449,23.9239,23.7236,686.585,687.585,4.73773,7.05788,3.89174,8.95075,6.12187,9.52691,9.52691,0.0,1.0,1
43472,30.05.2024 20:01:32.650000,-55.3711,-529.651,6.2327,6.175,6.029,79.9781,3.40799,3.39368,23.8261,24.8729,686.415,687.535,4.47325,7.43719,3.99241,9.0917,6.12227,9.38223,9.38223,0.0,1.0,1
43473,30.05.2024 20:01:32.660000,-55.3711,-529.651,6.2327,6.175,6.029,79.9781,3.40799,3.39368,23.8261,24.8729,686.415,687.535,4.47325,7.43719,3.99241,9.0917,6.12227,9.38223,9.38223,0.0,1.0,1
43474,30.05.2024 20:01:32.670000,-57.7606,-514.16,6.24375,6.148,6.019,79.9975,3.41102,3.3936,23.158,23.8014,686.305,687.49,5.17399,7.29337,4.34272,9.2218,6.12254,9.23033,9.23033,0.0,1.0,1
43475,30.05.2024 20:01:32.680000,-57.7606,-514.16,6.24375,6.148,6.019,79.9975,3.41102,3.3936,23.158,23.8014,686.305,687.49,5.17399,7.29337,4.34272,9.2218,6.12254,9.23033,9.23033,0.0,1.0,1
43476,30.05.2024 20:01:32.690000,-91.7083,-524.707,6.23426,6.15,6.059,80.0051,3.40916,3.3954,23.1974,23.2554,686.13,687.455,5.28632,7.45152,4.71066,9.23613,6.12278,9.47627,9.47627,0.0,1.0,1
43477,30.05.2024 20:01:32.700000,-91.7083,-524.707,6.23426,6.15,6.059,80.0051,3.40916,3.3954,23.1974,23.2554,686.13,687.455,5.28632,7.45152,4.71066,9.23613,6.12278,9.47627,9.47627,0.0,1.0,1
43478,30.05.2024 20:01:32.710000,-90.8844,-523.306,6.23482,6.179,6.025,79.957,3.40857,3.39579,22.5981,23.9185,686.035,687.435,5.28362,7.17491,5.07629,9.31407,6.12379,9.43287,9.43287,0.0,1.0,1
43479,30.05.2024 20:01:32.720000,-90.8844,-523.306,6.23482,6.179,6.025,79.957,3.40857,3.39579,22.5981,23.9185,686.035,687.435,5.28362,7.17491,5.07629,9.31407,6.12379,9.43287,9.43287,0.0,1.0,1
43480,30.05.2024 20:01:32.730000,-104.974,-528.003,6.24714,6.203,6.041,79.9627,3.41743,3.39942,23.5266,23.4242,685.935,687.39,5.86457,7.30126,5.32657,9.38797,6.12365,9.42564,9.42564,0.0,1.0,1
43481,30.05.2024 20:01:32.740000,-102.832,-517.95,6.25953,6.149,6.025,79.9916,3.42793,3.40679,24.1466,23.1049,685.86,687.37,6.84891,7.17245,5.86394,9.62301,6.12404,9.52691,9.52691,0.0,1.0,1
43482,30.05.2024 20:01:32.750000,-102.832,-517.95,6.25953,6.149,6.025,79.9916,3.42793,3.40679,24.1466,23.1049,685.86,687.37,6.84891,7.17245,5.86394,9.62301,6.12404,9.52691,9.52691,0.0,1.0,1
43483,30.05.2024 20:01:32.760000,-106.787,-525.448,6.26038,6.142,6.037,79.9916,3.43577,3.41293,24.3965,24.347,685.765,687.335,7.33276,7.40592,5.97152,9.71617,6.12451,9.41117,9.41117,0.0,1.0,1
43484,30.05.2024 20:01:32.770000,-104.48,-526.025,6.2526,6.153,6.035,79.8823,3.43703,3.42074,23.864,24.0781,685.69,687.295,8.06654,7.07006,6.22645,9.97999,6.12483,9.41841,9.41841,0.0,1.0,1
43485,30.05.2024 20:01:32.780000,-109.753,-514.819,6.23779,6.179,6.049,79.8823,3.43652,3.42207,24.3317,24.7413,685.655,687.285,7.94469,7.08594,6.27275,9.99607,6.12488,9.2665,9.2665,0.0,1.0,1
43486,30.05.2024 20:01:32.790000,-109.753,-514.819,6.23779,6.179,6.049,79.9809,3.43652,3.42207,24.3317,24.7413,685.61,687.27,8.02109,7.23463,6.37246,10.0008,6.12488,9.2665,9.2665,0.0,1.0,1
43487,30.05.2024 20:01:32.800000,-114.78,-528.332,6.21874,6.167,6.092,79.9849,3.43639,3.42221,24.4065,24.7288,685.515,687.23,7.82283,7.15348,6.46098,10.0813,6.12506,9.17245,9.17245,0.0,1.0,1
43488,30.05.2024 20:01:32.810000,-119.229,-528.332,6.21005,6.199,6.092,79.9849,3.43639,3.42221,24.4065,24.7288,685.465,687.21,8.02311,7.03199,6.47655,10.1935,6.12506,9.17969,9.17969,0.0,1.0,1
43489,30.05.2024 20:01:32.820000,-119.229,-529.651,6.21005,6.199,6.11,79.9935,3.4457,3.42349,23.7168,24.4971,685.43,687.2,7.56878,6.85534,6.46986,10.2507,6.12529,9.17969,9.17969,0.0,1.0,1
43490,30.05.2024 20:01:32.830000,-121.619,-522.07,6.21801,6.248,6.086,79.9935,3.45713,3.42306,24.618,24.658,685.365,687.155,7.4897,6.85716,6.46221,10.3137,6.12559,9.12905,9.12905,0.0,1.0,1
43491,30.05.2024 20:01:32.840000,-122.443,-522.07,6.22689,6.209,6.086,80.0045,3.45713,3.42306,24.618,24.658,685.335,687.12,7.53399,6.73475,6.41583,10.3995,6.12559,9.12905,9.12905,0.0,1.0,1
43492,30.05.2024 20:01:32.850000,-122.443,-522.482,6.22689,6.209,6.061,79.9698,3.46978,3.42381,25.2083,23.6962,685.305,687.095,7.61796,6.15944,6.28009,10.4063,6.12593,9.12905,9.12905,0.0,1.0,1
43493,30.05.2024 20:01:32.860000,-122.031,-512.677,6.21864,6.146,6.049,79.9698,3.46632,3.42454,25.3951,23.7464,685.26,687.08,7.55446,5.79833,6.17678,10.428,6.12623,8.81799,8.81799,0.0,1.0,1
43494,30.05.2024 20:01:32.870000,-122.031,-512.677,6.21864,6.146,6.049,80.0316,3.46632,3.42454,25.3951,23.7464,685.245,687.07,7.49542,5.67052,5.92962,10.4741,6.12623,8.81799,8.81799,0.0,1.0,1
43495,30.05.2024 20:01:32.880000,-130.93,-524.46,6.18186,6.132,6.047,80.0057,3.45791,3.42444,24.6556,23.5996,685.17,687.03,7.45151,5.64246,5.67672,10.4691,6.12675,8.82523,8.82523,0.0,1.0,1
43496,30.05.2024 20:01:32.890000,-130.93,-524.46,6.18186,6.132,6.047,80.0057,3.45791,3.42444,24.6556,23.5996,685.17,687.03,7.45151,5.64246,5.67672,10.4691,6.12675,8.82523,8.82523,0.0,1.0,1
43497,30.05.2024 20:01:32.900000,-137.933,-524.46,6.18891,6.164,6.047,80.0057,3.44978,3.42577,23.6589,23.7628,685.135,687.005,7.63927,5.66226,5.47315,10.5895,6.12675,8.57928,8.57928,0.0,1.0,1
43498,30.05.2024 20:01:32.910000,-137.933,-524.46,6.18891,6.164,6.047,80.0057,3.44978,3.42577,23.6589,23.7628,685.135,687.005,7.63927,5.66226,5.47315,10.5895,6.12675,8.57928,8.57928,0.0,1.0,1
43499,30.05.2024 20:01:32.920000,-144.113,-524.624,6.20752,6.202,6.048,80.0231,3.45261,3.42918,24.0535,24.2571,685.05,686.96,7.42861,5.19069,4.75463,10.7261,6.12784,8.52142,8.52142,0.0,1.0,1
