,time,Pinceur Inf Mesure de courant,Pinceur Sup Mesure de courant,Mandrin - Vitesse Actuelle,Pinceur Sup Mesure vitesse lineaire,Pinceur Inf Mesure vitesse lineaire,Mandrin - Mesure Expansion,Pinceur Nord Position entrefer estimee,Pinceur Sud Position entrefer estimee,Pinceur Nord Force entrefer calibree,Pinceur Sud Force entrefer calibree,Guides Nord Entree Position mesuree,Guides Nord Sortie Position mesuree,Guides Nord Entree Force pour regulateur PI,Guides Nord Sortie Force pour regulateur PI,Guides Sud Entree Force pour regulateur PI,Guides Sud Sortie Force pour regulateur PI,Mandrin - Vitesse Actuelle F10,_Excentrage largeur bande jauge bob,_Excentrage largeur bande jauge bob.1,TDB pinceur,Fenetre,Declancheur
51900,30.05.2024 22:10:19.360000,86.1053,29.3335,7.66873,8.713,8.364,39.8728,2.99604,2.96928,27.4279,37.5056,704.25,695.725,5.38614,2.60648,1.71046,-1.53675,7.24415,59.8163,59.8163,1.0,1.0,1
51901,30.05.2024 22:10:19.370000,86.1053,29.3335,7.66873,8.713,8.364,39.8728,2.99604,2.96928,27.4279,37.5056,704.25,695.725,5.38614,2.60648,1.71046,-1.53675,7.24415,59.8163,59.8163,1.0,1.0,1
51902,30.05.2024 22:10:19.380000,91.5435,27.6031,7.67129,8.701,8.267,39.926,3.58803,3.51689,65.4227,68.9375,702.585,694.065,5.62034,2.87391,1.44399,-1.52622,7.24446,60.1779,60.1779,1.0,1.0,1
51903,30.05.2024 22:10:19.390000,91.5435,27.6031,7.67129,8.701,8.267,39.926,3.58803,3.51689,65.4227,68.9375,702.585,694.065,5.62034,2.87391,1.44399,-1.52622,7.24446,60.1779,60.1779,1.0,1.0,1
51904,30.05.2024 22:10:19.400000,108.517,179.379,7.6504,8.547,7.931,39.9047,3.44968,3.57845,61.1224,71.4586,700.07,691.585,5.98838,2.66492,1.62677,-1.67738,7.24542,60.395,60.395,1.0,1.0,1
51905,30.05.2024 22:10:19.410000,108.517,179.379,7.6504,8.547,7.931,39.9047,3.44968,3.57845,61.1224,71.4586,700.07,691.585,5.98838,2.66492,1.62677,-1.67738,7.24542,60.395,60.395,1.0,1.0,1
51906,30.05.2024 22:10:19.420000,215.634,239.2,7.67038,8.189,7.728,40.0434,3.14174,3.43552,51.6885,70.6676,698.38,689.865,5.88852,3.1809,1.84154,-1.68663,7.24588,60.366,60.366,1.0,1.0,1
51907,30.05.2024 22:10:19.430000,264.578,265.485,7.67267,8.219,7.626,40.1309,2.87946,3.22684,36.2293,56.9029,695.855,687.35,6.23834,3.07973,2.64847,-1.71502,7.24663,60.9158,60.9158,1.0,1.0,1
51908,30.05.2024 22:10:19.440000,264.578,265.485,7.67267,8.219,7.626,40.1309,2.87946,3.22684,36.2293,56.9029,695.855,687.35,6.23834,3.07973,2.64847,-1.71502,7.24663,60.9158,60.9158,1.0,1.0,1
51909,30.05.2024 22:10:19.450000,264.578,278.833,7.67267,8.219,7.491,40.1309,2.78285,3.0063,25.418,41.4177,695.085,686.5,6.06253,3.12362,2.94708,-1.69692,7.24797,60.9158,60.9158,1.0,1.0,1
51910,30.05.2024 22:10:19.460000,264.578,278.833,7.67267,8.219,7.491,40.1309,2.78285,3.0063,25.418,41.4177,695.085,686.5,6.06253,3.12362,2.94708,-1.69692,7.24797,60.9158,60.9158,1.0,1.0,1
51911,30.05.2024 22:10:19.470000,419.321,303.964,7.69862,8.174,7.243,39.9539,2.78774,2.73259,21.421,25.8811,693.385,684.83,5.86367,2.95982,3.63374,-1.74672,7.24912,62.2613,62.2613,1.0,1.0,1
51912,30.05.2024 22:10:19.480000,419.321,303.964,7.69862,8.174,7.243,39.9539,2.78774,2.73259,21.421,25.8811,693.385,684.83,5.86367,2.95982,3.63374,-1.74672,7.24912,62.2613,62.2613,1.0,1.0,1
51913,30.05.2024 22:10:19.490000,491.665,494.22,7.67418,7.837,7.105,39.8897,2.84077,2.63174,16.5667,6.17813,690.84,682.335,6.00646,3.40271,3.68173,-1.78256,7.25002,62.1311,62.1311,1.0,1.0,1
51914,30.05.2024 22:10:19.500000,536.572,567.554,7.67407,7.751,7.166,39.8646,3.02984,2.76494,30.8041,20.2189,689.215,680.67,5.94131,3.87822,3.80981,-1.78871,7.25102,62.0298,62.0298,1.0,1.0,1
51915,30.05.2024 22:10:19.510000,536.572,567.554,7.67407,7.751,7.166,39.8646,3.02984,2.76494,30.8041,20.2189,689.215,680.67,5.94131,3.87822,3.80981,-1.78871,7.25102,62.0298,62.0298,1.0,1.0,1
51916,30.05.2024 22:10:19.520000,538.962,624.655,7.67295,7.726,7.154,39.9416,3.07883,2.9821,38.2355,30.9173,687.475,678.97,5.95859,3.92479,3.98843,-1.73495,7.25199,61.6319,61.6319,1.0,1.0,1
51917,30.05.2024 22:10:19.530000,538.962,624.655,7.67295,7.726,7.154,39.9416,3.07883,2.9821,38.2355,30.9173,687.475,678.97,5.95859,3.92479,3.98843,-1.73495,7.25199,61.6319,61.6319,1.0,1.0,1
51918,30.05.2024 22:10:19.540000,553.711,682.086,7.67562,7.628,7.201,39.877,3.01578,3.12048,36.7085,42.5779,685.765,677.27,5.70712,3.81186,4.22527,-1.84039,7.2522,60.7494,60.7494,1.0,1.0,1
51919,30.05.2024 22:10:19.550000,553.711,682.086,7.67562,7.628,7.201,39.877,3.01578,3.12048,36.7085,42.5779,685.765,677.27,5.70712,3.81186,4.22527,-1.84039,7.2522,60.7494,60.7494,1.0,1.0,1
51920,30.05.2024 22:10:19.560000,568.378,706.393,7.64654,7.444,7.163,39.8422,2.92588,3.21704,31.4737,48.322,683.295,674.745,5.86665,3.41524,4.36558,-1.68819,7.25254,60.7494,60.7494,1.0,1.0,1
51921,30.05.2024 22:10:19.570000,568.378,706.393,7.64654,7.444,7.163,39.8422,2.92588,3.21704,31.4737,48.322,683.295,674.745,5.86665,3.41524,4.36558,-1.68819,7.25254,60.7494,60.7494,1.0,1.0,1
51922,30.05.2024 22:10:19.580000,606.445,699.225,7.67913,7.537,7.14,39.8999,2.82624,3.12888,29.2786,49.1842,681.565,673.075,5.63656,3.20776,4.36528,-1.78784,7.25294,62.5289,62.5289,1.0,1.0,1
51923,30.05.2024 22:10:19.590000,606.445,699.225,7.67913,7.537,7.14,39.8999,2.82624,3.12888,29.2786,49.1842,681.565,673.075,5.63656,3.20776,4.36528,-1.78784,7.25294,62.5289,62.5289,1.0,1.0,1
51924,30.05.2024 22:10:19.600000,632.895,700.625,7.67456,7.513,7.117,39.8881,2.80383,3.03758,22.1223,39.3057,679.04,670.495,5.27413,3.3398,4.30767,-1.85337,7.25352,63.9178,63.9178,1.0,1.0,1
51925,30.05.2024 22:10:19.610000,632.895,700.625,7.67456,7.513,7.117,39.8881,2.80383,3.03758,22.1223,39.3057,679.04,670.495,5.27413,3.3398,4.30767,-1.85337,7.25352,63.9178,63.9178,1.0,1.0,1
51926,30.05.2024 22:10:19.620000,656.46,696.341,7.68379,7.391,7.127,39.8412,2.80435,2.72307,21.7264,18.1785,677.335,668.915,5.2667,3.04948,4.38419,-1.73766,7.25348,65.5599,65.5599,1.0,1.0,1
51927,30.05.2024 22:10:19.630000,675.0,701.12,7.67733,7.348,7.158,39.8753,2.79705,2.61585,20.5237,12.9146,674.84,666.305,5.10878,3.12496,4.39672,-1.85274,7.25442,65.5816,65.5816,1.0,1.0,1
51928,30.05.2024 22:10:19.640000,681.592,701.12,7.70097,7.458,7.158,39.9022,2.79705,2.61585,20.5237,12.9146,673.99,665.45,4.90786,3.09795,4.43747,-1.85953,7.25442,65.5816,65.5816,1.0,1.0,1
51929,30.05.2024 22:10:19.650000,681.592,701.12,7.70097,7.458,7.158,39.9022,2.79705,2.61585,20.5237,12.9146,673.99,665.45,4.90786,3.09795,4.43747,-1.85953,7.25442,65.5816,65.5816,1.0,1.0,1
51930,30.05.2024 22:10:19.660000,686.123,695.27,7.68221,7.423,7.182,39.9022,2.78126,2.62042,20.9376,10.3259,673.195,664.6,5.05406,2.94932,4.51596,-1.86131,7.25471,67.1803,67.1803,1.0,1.0,1
51931,30.05.2024 22:10:19.670000,704.663,690.078,7.68028,7.292,7.215,39.9197,2.77101,2.68171,19.118,14.1071,670.66,662.205,5.44303,2.77673,4.66252,-1.9098,7.25491,68.6994,68.6994,1.0,1.0,1
51932,30.05.2024 22:10:19.680000,704.663,690.078,7.68028,7.292,7.215,39.9197,2.78033,2.79172,20.5804,20.5297,669.8,661.345,5.46063,2.94902,4.66942,-1.94942,7.25532,70.0159,70.0159,1.0,1.0,1
51933,30.05.2024 22:10:19.690000,692.715,692.303,7.68354,7.267,7.228,39.9258,2.78871,2.88278,20.659,27.4228,668.985,660.5,5.50659,3.21289,4.44891,-1.97609,7.25532,71.6724,71.6724,1.0,1.0,1
51934,30.05.2024 22:10:19.700000,692.715,692.303,7.68354,7.267,7.228,39.9258,2.78871,2.88278,20.659,27.4228,668.985,660.5,5.50659,3.21289,4.44891,-1.97609,7.25532,71.6724,71.6724,1.0,1.0,1
51935,30.05.2024 22:10:19.710000,687.524,679.449,7.68265,7.346,7.246,39.8975,2.78871,2.88278,20.659,27.4228,668.15,659.63,5.32622,3.04679,4.27023,-1.96281,7.25564,73.2205,73.2205,1.0,1.0,1
51936,30.05.2024 22:10:19.720000,687.524,679.449,7.68265,7.346,7.246,39.8975,2.78871,2.88278,20.659,27.4228,668.15,659.63,5.32622,3.04679,4.27023,-1.96281,7.25564,73.2205,73.2205,1.0,1.0,1
51937,30.05.2024 22:10:19.730000,691.974,695.434,7.68152,7.378,7.244,39.9483,2.80793,2.93688,22.7483,31.9968,665.625,657.13,5.45227,2.96259,4.00648,-1.91149,7.25576,73.2205,73.2205,1.0,1.0,1
51938,30.05.2024 22:10:19.740000,691.974,695.434,7.68152,7.378,7.244,39.9483,2.80793,2.93688,22.7483,31.9968,665.625,657.13,5.45227,2.96259,4.00648,-1.91149,7.25576,73.2205,73.2205,1.0,1.0,1
51939,30.05.2024 22:10:19.750000,689.007,690.408,7.68345,7.299,7.227,39.9603,2.83621,2.92069,23.0242,32.1945,663.16,654.655,5.13222,2.64221,3.84649,-1.93779,7.25605,75.2387,75.2387,1.0,1.0,1
51940,30.05.2024 22:10:19.760000,689.007,690.408,7.68345,7.299,7.227,39.9603,2.83621,2.92069,23.0242,32.1945,663.16,654.655,5.13222,2.64221,3.84649,-1.93779,7.25605,75.2387,75.2387,1.0,1.0,1
51941,30.05.2024 22:10:19.770000,692.221,687.689,7.65994,7.27,7.164,39.9259,2.84235,2.8754,25.3432,30.5234,661.525,652.975,5.10361,2.74773,3.54775,-1.90926,7.25703,77.3727,77.3727,1.0,1.0,1
51942,30.05.2024 22:10:19.780000,692.221,687.689,7.65994,7.27,7.164,39.9259,2.84235,2.8754,25.3432,30.5234,661.525,652.975,5.10361,2.74773,3.54775,-1.90926,7.25703,77.3727,77.3727,1.0,1.0,1
51943,30.05.2024 22:10:19.790000,692.221,686.206,7.68842,7.388,7.198,39.9166,2.84296,2.83044,24.7674,27.3738,659.83,651.305,5.26222,2.73113,3.22856,-1.88044,7.25739,80.0564,80.0564,1.0,1.0,1
51944,30.05.2024 22:10:19.800000,692.221,686.206,7.68842,7.388,7.198,39.9166,2.84296,2.83044,24.7674,27.3738,659.83,651.305,5.26222,2.73113,3.22856,-1.88044,7.25739,80.0564,80.0564,1.0,1.0,1
51945,30.05.2024 22:10:19.810000,689.502,691.891,7.6954,7.311,7.174,39.911,2.82722,2.80031,25.0139,25.102,658.745,650.055,-8.53563,-10.5379,3.08969,-1.62965,7.25769,80.0564,80.0564,1.0,1.0,1
51946,30.05.2024 22:10:19.820000,692.386,684.558,7.70165,7.237,7.196,39.9248,2.77865,2.78456,22.0371,23.5482,658.915,650.64,-4.62246,-7.41099,2.96441,-1.43311,7.25808,84.1001,84.1001,1.0,1.0,1
51947,30.05.2024 22:10:19.830000,688.431,687.524,7.67564,7.328,7.187,39.8916,2.77865,2.78456,22.0371,23.5482,658.565,650.115,-4.15399,-1.39631,3.03998,-1.38793,7.25869,84.1001,84.1001,1.0,1.0,1
51948,30.05.2024 22:10:19.840000,688.431,687.524,7.67564,7.328,7.187,39.8916,2.77865,2.78456,22.0371,23.5482,658.565,650.115,-4.15399,-1.39631,3.03998,-1.38793,7.25869,84.1001,84.1001,1.0,1.0,1
51949,30.05.2024 22:10:19.850000,688.431,698.071,7.67564,7.328,7.219,39.8916,2.75978,2.79518,20.0679,23.1211,658.655,649.915,-7.35803,-0.85043,3.04129,-1.31258,7.259,84.1001,84.1001,1.0,1.0,1
51950,30.05.2024 22:10:19.860000,688.431,698.071,7.67564,7.328,7.219,39.8916,2.75978,2.79518,20.0679,23.1211,658.655,649.915,-7.35803,-0.85043,3.04129,-1.31258,7.259,84.1001,84.1001,1.0,1.0,1
51951,30.05.2024 22:10:19.870000,683.404,698.73,7.70271,7.309,7.217,39.9059,2.74961,2.80093,19.859,25.2128,658.495,649.7,-1.82692,-2.4769,3.35579,-0.838729,7.25909,87.1962,87.1962,1.0,1.0,1
51952,30.05.2024 22:10:19.880000,688.76,685.299,7.7299,7.249,7.22,39.9215,2.75362,2.80091,21.3459,26.0301,658.39,649.37,0.0845978,-1.07357,3.82709,-0.68061,7.25934,88.737,88.737,1.0,1.0,1
51953,30.05.2024 22:10:19.890000,689.584,685.299,7.71381,7.315,7.22,39.9215,2.75398,2.79578,21.3015,25.5048,658.315,649.38,0.962008,-1.42518,3.9769,-0.748187,7.25946,88.737,88.737,1.0,1.0,1
51954,30.05.2024 22:10:19.900000,689.584,691.314,7.71381,7.315,7.233,39.9124,2.75055,2.78678,21.8201,24.9238,658.28,649.28,4.14713,0.0027895,3.92852,-0.569276,7.25946,90.5671,90.5671,1.0,1.0,1
51955,30.05.2024 22:10:19.910000,688.183,698.153,7.70707,7.36,7.233,39.9044,2.75055,2.78678,21.8201,24.9238,658.055,648.955,4.79462,0.883554,3.61111,-0.465515,7.25973,90.5671,90.5671,1.0,1.0,1
51956,30.05.2024 22:10:19.920000,688.183,698.153,7.70707,7.36,7.233,39.9044,2.75055,2.78678,21.8201,24.9238,658.055,648.955,4.79462,0.883554,3.61111,-0.465515,7.25973,90.5671,90.5671,1.0,1.0,1
51957,30.05.2024 22:10:19.930000,688.183,697.165,7.70707,7.36,7.197,39.9044,2.74021,2.77735,20.7771,23.962,657.96,648.815,5.01452,0.692994,3.11641,-0.465272,7.26008,90.531,90.531,1.0,1.0,1
51958,30.05.2024 22:10:19.940000,697.329,695.517,7.74141,7.272,7.204,39.8543,2.72948,2.75699,21.0697,23.9825,657.685,648.615,3.16756,-0.858613,2.17043,-0.337968,7.26006,91.739,91.739,1.0,1.0,1
51959,30.05.2024 22:10:19.950000,697.329,695.517,7.74141,7.272,7.204,39.8543,2.71233,2.74498,20.2705,21.8277,657.58,648.435,1.82145,-0.82964,1.89374,-0.344125,7.26074,93.2147,93.2147,1.0,1.0,1
51960,30.05.2024 22:10:19.960000,697.329,695.517,7.74141,7.272,7.204,39.8543,2.71233,2.74498,20.2705,21.8277,657.58,648.435,1.82145,-0.82964,1.89374,-0.344125,7.26074,93.2147,93.2147,1.0,1.0,1
51961,30.05.2024 22:10:19.970000,687.524,687.936,7.72331,7.282,7.169,39.8862,2.70085,2.7347,20.4434,22.5342,657.555,648.35,1.23753,-1.10744,1.82021,-0.287992,7.26074,94.6036,94.6036,1.0,1.0,1
51962,30.05.2024 22:10:19.980000,687.524,687.936,7.72331,7.282,7.169,39.8862,2.70085,2.7347,20.4434,22.5342,657.555,648.35,1.23753,-1.10744,1.82021,-0.287992,7.26074,94.6036,94.6036,1.0,1.0,1
51963,30.05.2024 22:10:19.990000,687.03,690.161,7.69537,7.371,7.209,39.8894,2.69002,2.73499,21.5066,23.5943,657.365,648.11,0.850806,-0.88837,1.80663,-0.311876,7.26124,96.0359,96.0359,1.0,1.0,1
51964,30.05.2024 22:10:20.000000,687.03,690.161,7.69537,7.371,7.209,39.8894,2.69002,2.73499,21.5066,23.5943,657.365,648.11,0.850806,-0.88837,1.80663,-0.311876,7.26124,96.0359,96.0359,1.0,1.0,1
51965,30.05.2024 22:10:20.010000,690.985,696.753,7.72626,7.35,7.198,39.9261,2.68735,2.73476,20.9765,23.6823,657.165,647.825,-0.790962,-2.00985,2.66436,-0.196266,7.26168,97.9456,97.9456,1.0,1.0,1
51966,30.05.2024 22:10:20.020000,689.831,699.307,7.73148,7.298,7.216,39.9622,2.68479,2.73589,22.0933,23.4222,657.13,647.615,-0.895942,-1.88286,3.01456,-0.0476049,7.26234,99.1898,99.1898,1.0,1.0,1
51967,30.05.2024 22:10:20.030000,689.831,699.307,7.73148,7.298,7.216,39.9622,2.67202,2.73524,22.5938,23.7518,657.05,647.445,-0.382385,-1.85866,3.08632,-0.0868067,7.2628,99.226,99.226,1.0,1.0,1
51968,30.05.2024 22:10:20.040000,685.711,683.075,7.70468,7.36,7.199,39.9654,2.67202,2.73524,22.5938,23.7518,656.95,647.355,0.689837,-1.38952,3.10936,-0.100461,7.2628,99.226,99.226,1.0,1.0,1
51969,30.05.2024 22:10:20.050000,685.711,683.075,7.70468,7.36,7.199,39.9654,2.67202,2.73524,22.5938,23.7518,656.95,647.355,0.689837,-1.38952,3.10936,-0.100461,7.2628,99.226,99.226,1.0,1.0,1
51970,30.05.2024 22:10:20.060000,692.138,693.951,7.73261,7.354,7.224,39.9654,2.66398,2.72996,22.3636,23.7013,656.86,647.24,1.07303,-1.14333,3.05187,-0.110134,7.26304,99.6673,99.6673,1.0,1.0,1
51971,30.05.2024 22:10:20.070000,691.974,693.539,7.73701,7.308,7.238,39.9166,2.65489,2.72936,22.8241,24.1365,656.65,646.905,0.964754,-0.861054,2.58828,-0.063598,7.26323,99.6673,99.6673,1.0,1.0,1
51972,30.05.2024 22:10:20.080000,691.974,693.539,7.73701,7.308,7.238,39.9166,2.65494,2.7296,22.3636,24.4285,656.6,646.85,1.24888,-0.827161,2.28506,-0.0675977,7.26377,100.152,100.152,1.0,1.0,1
51973,30.05.2024 22:10:20.090000,694.858,662.64,7.74429,7.311,7.253,39.8873,2.65266,2.73084,22.675,24.0023,656.535,646.74,1.35309,-0.259379,1.94799,0.00177824,7.26377,100.195,100.195,1.0,1.0,1
51974,30.05.2024 22:10:20.100000,690.655,662.64,7.74004,7.327,7.253,39.9015,2.65266,2.73084,22.675,24.0023,656.465,646.63,1.90926,0.222283,1.91354,0.0824915,7.26423,100.195,100.195,1.0,1.0,1
51975,30.05.2024 22:10:20.110000,690.655,645.419,7.74004,7.327,7.243,39.9015,2.65065,2.72983,22.4179,23.4256,656.295,646.37,2.06175,0.135291,1.84148,0.0943724,7.26461,100.21,100.21,1.0,1.0,1
51976,30.05.2024 22:10:20.120000,690.655,645.419,7.74004,7.327,7.243,39.9015,2.65065,2.72983,22.4179,23.4256,656.295,646.37,2.06175,0.135291,1.84148,0.0943724,7.26461,100.21,100.21,1.0,1.0,1
51977,30.05.2024 22:10:20.130000,667.007,603.067,7.74127,7.348,7.225,39.8812,2.65315,2.72935,23.2544,24.2531,656.215,646.26,2.05343,0.0125628,1.88518,0.111071,7.26461,100.21,100.21,1.0,1.0,1
51978,30.05.2024 22:10:20.140000,638.58,583.621,7.74598,7.313,7.229,39.8637,2.65619,2.72978,24.2436,25.0673,656.06,646.015,1.38555,-0.456792,2.31538,0.119464,7.26518,100.188,100.188,1.0,1.0,1
51979,30.05.2024 22:10:20.150000,610.73,558.902,7.74562,7.29,7.224,39.8378,2.65619,2.72978,24.2436,25.0673,655.935,645.815,1.11242,-0.514308,2.43479,0.0698496,7.26584,100.188,100.188,1.0,1.0,1
51980,30.05.2024 22:10:20.160000,610.73,558.902,7.74562,7.29,7.224,39.8378,2.65782,2.72934,24.8451,25.4233,655.87,645.715,1.14844,-0.814994,2.48776,0.0819575,7.26651,100.188,100.188,1.0,1.0,1
51981,30.05.2024 22:10:20.170000,610.73,558.902,7.74562,7.29,7.224,39.8378,2.65782,2.72934,24.8451,25.4233,655.87,645.715,1.14844,-0.814994,2.48776,0.0819575,7.26651,100.188,100.188,1.0,1.0,1
51982,30.05.2024 22:10:20.180000,577.524,543.246,7.77081,7.313,7.204,39.8853,2.6497,2.72819,25.1071,25.6886,655.8,645.61,1.32661,-0.674361,2.42742,0.204827,7.26651,100.188,100.188,1.0,1.0,1
51983,30.05.2024 22:10:20.190000,577.524,543.246,7.77081,7.313,7.204,39.8853,2.6497,2.72819,25.1071,25.6886,655.8,645.61,1.32661,-0.674361,2.42742,0.204827,7.26651,100.188,100.188,1.0,1.0,1
51984,30.05.2024 22:10:20.200000,581.232,551.239,7.75206,7.314,7.186,39.9881,2.63101,2.71841,23.7329,25.3088,655.61,645.29,1.14179,-0.795934,2.296,0.222943,7.26781,100.195,100.195,1.0,1.0,1
51985,30.05.2024 22:10:20.210000,578.842,557.748,7.75322,7.261,7.175,39.9479,2.60643,2.70416,22.4172,24.2367,655.455,645.07,1.11264,-0.668382,2.05113,0.175927,7.26785,100.203,100.203,1.0,1.0,1
51986,30.05.2024 22:10:20.220000,578.842,557.748,7.75322,7.261,7.175,39.9198,2.59308,2.6935,22.0004,22.7408,655.4,644.95,1.2813,-0.934535,1.94609,0.244637,7.26785,100.203,100.203,1.0,1.0,1
51987,30.05.2024 22:10:20.230000,590.378,555.112,7.7526,7.287,7.172,39.8835,2.59308,2.6935,22.0004,22.7408,655.245,644.725,1.0601,-0.668607,1.91155,0.160597,7.26818,100.203,100.203,1.0,1.0,1
51988,30.05.2024 22:10:20.240000,590.378,555.112,7.7526,7.287,7.172,39.8835,2.59381,2.68956,22.4445,25.2237,655.18,644.61,1.12748,-0.899392,1.92366,0.219479,7.26839,100.224,100.224,1.0,1.0,1
51989,30.05.2024 22:10:20.250000,582.467,552.145,7.77705,7.298,7.191,39.8599,2.60062,2.69099,22.8623,25.0908,655.11,644.49,1.24794,-0.857362,2.02583,0.262232,7.26839,100.203,100.203,1.0,1.0,1
51990,30.05.2024 22:10:20.260000,590.378,552.145,7.7526,7.287,7.191,39.8835,2.60062,2.69099,22.8623,25.0908,655.18,644.61,1.12748,-0.899392,1.92366,0.219479,7.26839,100.203,100.203,1.0,1.0,1
51991,30.05.2024 22:10:20.270000,586.67,556.265,7.73247,7.259,7.191,39.8409,2.60422,2.69271,23.7452,25.0145,654.9,644.15,1.2218,-0.816993,2.08055,0.384287,7.26886,100.181,100.181,1.0,1.0,1
51992,30.05.2024 22:10:20.280000,584.775,556.183,7.75508,7.24,7.195,39.8253,2.60422,2.69271,23.7452,25.0145,654.815,644.03,1.27712,-0.778705,2.02927,0.441096,7.26886,100.181,100.181,1.0,1.0,1
51993,30.05.2024 22:10:20.290000,580.572,556.183,7.76456,7.246,7.195,39.8253,2.59505,2.69097,23.9157,25.3076,654.74,643.92,1.19966,-0.517909,1.87313,0.384768,7.26923,100.21,100.21,1.0,1.0,1
51994,30.05.2024 22:10:20.300000,580.572,557.419,7.76456,7.246,7.177,39.8295,2.57709,2.67714,22.7545,24.5308,654.665,643.81,1.09239,-0.470006,1.85638,0.440587,7.26923,100.21,100.21,1.0,1.0,1
51995,30.05.2024 22:10:20.310000,585.269,558.572,7.76716,7.277,7.185,39.786,2.57709,2.67714,22.7545,24.5308,654.535,643.61,1.18195,-0.409167,1.83244,0.397236,7.26971,100.21,100.21,1.0,1.0,1
51996,30.05.2024 22:10:20.320000,585.269,558.572,7.76716,7.277,7.185,39.786,2.55752,2.64933,22.3408,23.198,654.45,643.495,1.34326,-0.209634,1.74426,0.418118,7.27005,100.195,100.195,1.0,1.0,1
51997,30.05.2024 22:10:20.330000,582.055,554.288,7.78061,7.297,7.22,39.7733,2.53425,2.61271,21.7722,20.8491,654.395,643.37,1.25381,0.172648,1.55577,0.331584,7.27005,100.21,100.21,1.0,1.0,1
51998,30.05.2024 22:10:20.340000,591.531,554.288,7.77919,7.322,7.22,39.8032,2.53425,2.61271,21.7722,20.8491,654.305,643.24,1.1815,0.198764,1.52853,0.350102,7.27027,100.21,100.21,1.0,1.0,1
51999,30.05.2024 22:10:20.350000,591.531,556.924,7.77919,7.322,7.244,39.8032,2.51626,2.58018,19.7694,19.644,654.16,642.985,1.10859,-0.0073061,1.58906,0.402381,7.27075,100.224,100.224,1.0,1.0,1
52000,30.05.2024 22:10:20.360000,589.471,559.808,7.79305,7.382,7.328,39.8127,2.51626,2.58018,19.7694,19.644,654.08,642.87,1.26864,-0.253732,1.54844,0.403077,7.27075,100.224,100.224,1.0,1.0,1
52001,30.05.2024 22:10:20.370000,589.471,559.808,7.79305,7.382,7.328,39.8127,2.51626,2.58018,19.7694,19.644,654.08,642.87,1.26864,-0.253732,1.54844,0.403077,7.27075,100.224,100.224,1.0,1.0,1
52002,30.05.2024 22:10:20.380000,586.258,553.299,7.73002,7.449,7.345,39.8127,2.51054,2.56841,20.5476,18.6316,654.02,642.755,1.43903,-0.136865,1.44674,0.568171,7.27134,100.203,100.203,1.0,1.0,1
52003,30.05.2024 22:10:20.390000,584.363,561.539,7.73082,7.518,7.35,40.3683,2.53332,2.59183,19.7786,20.0244,653.805,642.415,1.24657,-0.353681,1.48832,0.455111,7.27185,100.304,100.304,1.0,1.0,1
52004,30.05.2024 22:10:20.400000,584.363,561.539,7.73082,7.518,7.35,40.3683,2.56531,2.62247,23.2399,22.9075,653.735,642.305,1.15619,-0.313727,1.47783,0.478617,7.27206,100.304,100.304,1.0,1.0,1
52005,30.05.2024 22:10:20.410000,588.647,563.928,7.72267,7.487,7.349,40.9805,2.59642,2.65657,24.8358,24.1055,653.67,642.21,1.07707,-0.290973,1.51097,0.597279,7.27206,100.217,100.217,1.0,1.0,1
52006,30.05.2024 22:10:20.420000,592.438,563.928,7.71556,7.456,7.349,41.882,2.59642,2.65657,24.8358,24.1055,653.59,642.1,1.2182,0.0386133,1.47672,0.609131,7.27277,100.217,100.217,1.0,1.0,1
52007,30.05.2024 22:10:20.430000,592.438,559.726,7.71556,7.456,7.361,41.882,2.60079,2.65538,25.8511,25.4712,653.435,641.85,1.1968,0.219354,1.57994,0.700331,7.27338,100.195,100.195,1.0,1.0,1
52008,30.05.2024 22:10:20.440000,592.438,559.726,7.71556,7.456,7.361,41.882,2.60079,2.65538,25.8511,25.4712,653.435,641.85,1.1968,0.219354,1.57994,0.700331,7.27338,100.195,100.195,1.0,1.0,1
52009,30.05.2024 22:10:20.450000,580.325,566.565,7.68519,7.446,7.376,42.8918,2.57652,2.63419,25.9069,25.4906,653.37,641.72,1.34405,0.43381,1.56428,0.711049,7.27338,100.217,100.217,1.0,1.0,1
52010,30.05.2024 22:10:20.460000,593.426,556.347,7.6778,7.468,7.413,43.9992,2.54517,2.58325,23.6471,22.2036,653.2,641.47,1.17485,-0.173791,1.73983,0.678191,7.27414,100.217,100.217,1.0,1.0,1
52011,30.05.2024 22:10:20.470000,593.426,556.347,7.6778,7.468,7.413,43.9992,2.54517,2.58325,23.6471,22.2036,653.2,641.47,1.17485,-0.173791,1.73983,0.678191,7.27414,100.217,100.217,1.0,1.0,1
52012,30.05.2024 22:10:20.480000,585.022,563.104,7.66746,7.498,7.411,45.0534,2.54517,2.58325,23.6471,22.2036,653.04,641.24,1.32353,0.0039835,1.74562,0.713038,7.27473,100.224,100.224,1.0,1.0,1
52013,30.05.2024 22:10:20.490000,585.022,563.104,7.66746,7.498,7.411,45.0534,2.54517,2.58325,23.6471,22.2036,653.04,641.24,1.32353,0.0039835,1.74562,0.713038,7.27473,100.224,100.224,1.0,1.0,1
52014,30.05.2024 22:10:20.500000,589.966,561.703,7.64918,7.487,7.385,46.2484,2.48422,2.4915,21.0007,16.1585,652.885,640.98,1.34256,0.0382624,1.58151,0.652672,7.27569,100.224,100.224,1.0,1.0,1
52015,30.05.2024 22:10:20.510000,589.966,561.703,7.64918,7.487,7.385,46.2484,2.48422,2.4915,21.0007,16.1585,652.885,640.98,1.34256,0.0382624,1.58151,0.652672,7.27569,100.224,100.224,1.0,1.0,1
52016,30.05.2024 22:10:20.520000,587.247,559.231,7.6128,7.515,7.402,47.5125,2.46965,2.4784,20.2452,14.3539,652.65,640.655,1.28927,-0.262479,1.51079,0.822558,7.27743,100.224,100.224,1.0,1.0,1
52017,30.05.2024 22:10:20.530000,584.198,558.737,7.5999,7.583,7.448,48.8374,2.47098,2.48688,19.6347,15.2461,652.475,640.4,1.58987,0.505317,1.3113,1.65463,7.27808,100.275,100.275,1.0,1.0,1
52018,30.05.2024 22:10:20.540000,584.198,558.737,7.5999,7.583,7.448,48.8374,2.47098,2.48688,19.6347,15.2461,652.475,640.4,1.58987,0.505317,1.3113,1.65463,7.27808,100.275,100.275,1.0,1.0,1
52019,30.05.2024 22:10:20.550000,584.198,558.737,7.5999,7.583,7.448,50.1656,2.47892,2.51325,20.5387,16.9114,652.315,640.145,1.35311,0.360084,1.25491,1.66614,7.27808,99.4792,99.4792,1.0,1.0,1
52020,30.05.2024 22:10:20.560000,584.198,558.737,7.5999,7.583,7.448,50.1656,2.47892,2.51325,20.5387,16.9114,652.315,640.145,1.35311,0.360084,1.25491,1.66614,7.27808,99.4792,99.4792,1.0,1.0,1
52021,30.05.2024 22:10:20.570000,586.587,563.598,7.58068,7.566,7.366,51.5093,2.50023,2.54857,20.4796,19.5128,652.155,639.91,1.33976,0.200112,1.26439,1.79865,7.27943,98.2567,98.2567,1.0,1.0,1
52022,30.05.2024 22:10:20.580000,588.07,557.171,7.56719,7.564,7.308,54.2978,2.51744,2.60201,22.2107,22.0801,652.005,639.65,1.06479,0.276938,1.37454,2.10226,7.28013,96.4916,96.4916,1.0,1.0,1
52023,30.05.2024 22:10:20.590000,588.07,557.171,7.56719,7.564,7.308,54.2978,2.55015,2.62362,25.0297,27.6872,651.84,639.39,1.31552,0.0720472,1.39434,2.32757,7.28107,94.0104,94.0104,1.0,1.0,1
52024,30.05.2024 22:10:20.600000,586.34,556.759,7.4959,7.556,7.331,55.6852,2.55015,2.62362,25.0297,27.6872,651.77,639.28,1.24197,-0.124619,1.48182,2.69945,7.28107,94.0104,94.0104,1.0,1.0,1
52025,30.05.2024 22:10:20.610000,589.142,556.759,7.49556,7.512,7.331,55.6852,2.56287,2.62898,26.059,26.7443,651.68,639.16,1.13989,-0.285033,1.59198,3.01081,7.28155,91.739,91.739,1.0,1.0,1
52026,30.05.2024 22:10:20.620000,589.142,556.759,7.49556,7.512,7.331,55.6852,2.56287,2.62898,26.059,26.7443,651.68,639.16,1.13989,-0.285033,1.59198,3.01081,7.28155,91.739,91.739,1.0,1.0,1
52027,30.05.2024 22:10:20.630000,589.142,559.479,7.49556,7.512,7.331,57.1152,2.54963,2.60227,26.6586,25.2252,651.6,639.04,1.27347,0.342286,1.50507,3.02063,7.28155,89.5182,89.5182,1.0,1.0,1
52028,30.05.2024 22:10:20.640000,589.142,559.479,7.49556,7.512,7.331,57.1152,2.54963,2.60227,26.6586,25.2252,651.6,639.04,1.27347,0.342286,1.50507,3.02063,7.28155,89.5182,89.5182,1.0,1.0,1
52029,30.05.2024 22:10:20.650000,585.351,560.467,7.48849,7.47,7.251,58.5515,2.50987,2.54063,25.4058,23.4097,651.355,638.64,1.36078,0.199552,1.23455,2.90034,7.28332,89.4748,89.4748,1.0,1.0,1
52030,30.05.2024 22:10:20.660000,576.617,556.347,7.47375,7.478,7.153,61.2213,2.4649,2.49956,22.2022,17.4947,651.17,638.45,1.29513,0.127006,1.1873,2.85611,7.28405,86.6754,86.6754,1.0,1.0,1
52031,30.05.2024 22:10:20.670000,576.617,556.347,7.47375,7.478,7.153,61.2213,2.44403,2.48539,20.876,18.079,650.99,638.175,1.59879,0.579587,1.16755,2.91293,7.28464,83.5793,83.5793,1.0,1.0,1
52032,30.05.2024 22:10:20.680000,576.617,556.347,7.47375,7.478,7.153,61.2213,2.44403,2.48539,20.876,18.079,650.99,638.175,1.59879,0.579587,1.16755,2.91293,7.28464,83.5793,83.5793,1.0,1.0,1
52033,30.05.2024 22:10:20.690000,586.999,561.044,7.47614,7.44,7.199,62.5545,2.4468,2.48258,20.6821,18.8591,650.92,638.035,1.59323,0.856961,1.04673,2.90789,7.28464,83.5793,83.5793,1.0,1.0,1
52034,30.05.2024 22:10:20.700000,586.999,561.044,7.47614,7.44,7.199,62.5545,2.4468,2.48258,20.6821,18.8591,650.92,638.035,1.59323,0.856961,1.04673,2.90789,7.28464,83.5793,83.5793,1.0,1.0,1
52035,30.05.2024 22:10:20.710000,580.078,557.501,7.42417,7.399,7.253,63.9329,2.45946,2.5272,20.7742,17.8914,650.65,637.72,1.42484,0.192115,1.04864,3.0675,7.2856,80.9317,80.9317,1.0,1.0,1
52036,30.05.2024 22:10:20.720000,572.992,548.108,7.48975,7.368,7.256,65.2565,2.46029,2.53709,21.1003,22.6484,650.5,637.43,1.29625,0.798495,0.969278,2.9062,7.28608,76.4685,76.4685,1.0,1.0,1
52037,30.05.2024 22:10:20.730000,571.344,548.108,7.44635,7.421,7.256,66.6401,2.45077,2.538,21.6149,23.4545,650.42,637.325,1.44717,0.439176,1.02836,2.91508,7.28608,76.4685,76.4685,1.0,1.0,1
52038,30.05.2024 22:10:20.740000,571.344,548.108,7.44635,7.421,7.256,66.6401,2.45077,2.538,21.6149,23.4545,650.42,637.325,1.44717,0.439176,1.02836,2.91508,7.28608,76.4685,76.4685,1.0,1.0,1
52039,30.05.2024 22:10:20.750000,577.524,538.797,7.46677,7.391,7.255,67.9292,2.45077,2.538,21.6149,23.4545,650.325,637.245,1.33577,0.49257,0.972283,3.03507,7.28629,76.4468,76.4468,1.0,1.0,1
52040,30.05.2024 22:10:20.760000,577.524,538.797,7.46677,7.391,7.255,67.9292,2.45077,2.538,21.6149,23.4545,650.325,637.245,1.33577,0.49257,0.972283,3.03507,7.28629,76.4468,76.4468,1.0,1.0,1
52041,30.05.2024 22:10:20.770000,575.381,547.119,7.46223,7.369,7.293,69.2129,2.43087,2.51412,20.5871,20.0552,650.09,636.865,1.41511,1.61251,0.970728,3.07914,7.28685,73.9005,73.9005,1.0,1.0,1
52042,30.05.2024 22:10:20.780000,575.381,547.119,7.46223,7.369,7.293,69.2129,2.43087,2.51412,20.5871,20.0552,650.09,636.865,1.41511,1.61251,0.970728,3.07914,7.28685,73.9005,73.9005,1.0,1.0,1
52043,30.05.2024 22:10:20.790000,569.119,541.516,7.44448,7.394,7.26,70.5246,2.44397,2.49461,20.3864,19.6005,649.9,636.575,1.56427,0.60181,0.963246,3.21728,7.28709,72.6346,72.6346,1.0,1.0,1
52044,30.05.2024 22:10:20.800000,569.119,541.516,7.44448,7.394,7.26,70.5246,2.44397,2.49461,20.3864,19.6005,649.9,636.575,1.56427,0.60181,0.963246,3.21728,7.28709,72.6346,72.6346,1.0,1.0,1
52045,30.05.2024 22:10:20.810000,577.276,506.25,7.45731,7.433,7.242,71.8467,2.45547,2.49371,23.3642,20.8147,649.63,636.2,1.51088,0.293958,0.831476,3.14002,7.28798,72.6346,72.6346,1.0,1.0,1
52046,30.05.2024 22:10:20.820000,577.276,506.25,7.45731,7.433,7.242,71.8467,2.45547,2.49371,23.3642,20.8147,649.63,636.2,1.51088,0.293958,0.831476,3.14002,7.28798,72.6346,72.6346,1.0,1.0,1
52047,30.05.2024 22:10:20.830000,568.46,510.947,7.44538,7.359,7.253,74.4736,2.4697,2.49932,22.5234,20.6997,649.38,635.87,1.38716,-0.356645,0.835262,3.23015,7.28876,70.3921,70.3921,1.0,1.0,1
52048,30.05.2024 22:10:20.840000,568.46,510.947,7.44538,7.359,7.253,74.4736,2.4697,2.49932,22.5234,20.6997,649.38,635.87,1.38716,-0.356645,0.835262,3.23015,7.28876,70.3921,70.3921,1.0,1.0,1
52049,30.05.2024 22:10:20.850000,567.224,541.269,7.4697,7.333,7.238,75.8515,2.4413,2.49279,21.9867,20.9496,649.21,635.67,1.73513,0.152099,0.69672,3.1578,7.28918,70.6452,70.6452,1.0,1.0,1
52050,30.05.2024 22:10:20.860000,567.224,541.269,7.4697,7.333,7.238,75.8515,2.4413,2.49279,21.9867,20.9496,649.21,635.67,1.73513,0.152099,0.69672,3.1578,7.28918,70.6452,70.6452,1.0,1.0,1
52051,30.05.2024 22:10:20.870000,577.441,539.044,7.44952,7.375,7.227,77.1212,2.3892,2.45842,20.3553,18.9293,649.02,635.4,1.11732,0.871385,0.811798,3.12523,7.28944,69.2853,69.2853,1.0,1.0,1
52052,30.05.2024 22:10:20.880000,577.441,539.044,7.44952,7.375,7.227,77.1212,2.3892,2.45842,20.3553,18.9293,649.02,635.4,1.11732,0.871385,0.811798,3.12523,7.28944,69.2853,69.2853,1.0,1.0,1
52053,30.05.2024 22:10:20.890000,567.224,492.984,7.46349,7.4,7.317,78.5173,2.39232,2.44954,20.3787,19.3441,648.755,635.065,1.31583,1.27195,0.767677,3.03762,7.28977,68.7283,68.7283,1.0,1.0,1
52054,30.05.2024 22:10:20.900000,549.096,488.452,7.46122,7.378,7.264,81.2066,2.39966,2.46102,20.5503,20.0152,648.585,634.89,1.36311,1.76799,0.741741,2.74863,7.28972,68.5836,68.5836,1.0,1.0,1
52055,30.05.2024 22:10:20.910000,549.096,488.452,7.46122,7.378,7.264,81.2066,2.41141,2.47743,21.0627,21.5219,648.405,634.715,1.40683,2.47605,0.760479,2.62478,7.29002,68.316,68.316,1.0,1.0,1
52056,30.05.2024 22:10:20.920000,548.685,456.894,7.49941,7.414,7.286,82.4199,2.41141,2.47743,21.0627,21.5219,648.32,634.59,1.55003,3.22528,0.799797,2.6167,7.29002,68.316,68.316,1.0,1.0,1
52057,30.05.2024 22:10:20.930000,531.299,456.894,7.44453,7.431,7.286,82.4199,2.41436,2.49314,21.5842,21.5631,648.235,634.495,1.45073,4.15296,0.816752,2.548,7.29022,68.0411,68.0411,1.0,1.0,1
52058,30.05.2024 22:10:20.940000,531.299,444.781,7.44453,7.431,7.326,83.6849,2.41608,2.50354,21.3425,22.7602,648.145,634.395,1.43012,4.22587,0.795862,2.41852,7.29022,68.0266,68.0266,1.0,1.0,1
52059,30.05.2024 22:10:20.950000,523.388,419.073,7.45371,7.434,7.331,84.7895,2.41608,2.50354,21.3425,22.7602,647.955,634.21,1.36195,4.68997,0.687056,2.42023,7.29033,68.0266,68.0266,1.0,1.0,1
52060,30.05.2024 22:10:20.960000,523.388,419.073,7.45371,7.434,7.331,84.7895,2.4155,2.49351,23.0314,24.0514,647.845,634.12,1.02425,4.89873,0.582184,2.40419,7.29044,67.9688,67.9688,1.0,1.0,1
52061,30.05.2024 22:10:20.970000,523.388,419.073,7.45371,7.434,7.331,84.7895,2.4155,2.49351,23.0314,24.0514,647.845,634.12,1.02425,4.89873,0.582184,2.40419,7.29044,67.9688,67.9688,1.0,1.0,1
52062,30.05.2024 22:10:20.980000,522.482,408.279,7.44126,7.447,7.318,85.8806,2.41497,2.48871,22.0179,22.6558,647.745,634.035,0.937903,5.11738,0.63032,2.41932,7.29044,68.2436,68.2436,1.0,1.0,1
52063,30.05.2024 22:10:20.990000,522.482,408.279,7.44126,7.447,7.318,85.8806,2.41497,2.48871,22.0179,22.6558,647.745,634.035,0.937903,5.11738,0.63032,2.41932,7.29044,68.2436,68.2436,1.0,1.0,1
52064,30.05.2024 22:10:21.000000,522.317,361.807,7.43315,7.46,7.248,86.9369,2.40038,2.47065,22.2535,22.2103,647.39,633.77,0.3909,5.55366,0.542952,2.39339,7.29164,68.3015,68.3015,1.0,1.0,1
52065,30.05.2024 22:10:21.010000,522.317,361.807,7.43315,7.46,7.248,86.9369,2.40038,2.47065,22.2535,22.2103,647.39,633.77,0.3909,5.55366,0.542952,2.39339,7.29164,68.3015,68.3015,1.0,1.0,1
52066,30.05.2024 22:10:21.020000,514.654,371.695,7.44427,7.381,7.294,88.0431,2.38316,2.46633,20.9944,20.9376,647.225,633.65,-0.0737951,5.19386,0.451756,2.48722,7.29166,68.4968,68.4968,1.0,1.0,1
52067,30.05.2024 22:10:21.030000,505.426,361.807,7.39257,7.398,7.267,89.6337,2.36783,2.45548,20.214,20.8859,646.96,633.505,0.024441,5.85803,0.389568,2.36297,7.29226,68.4968,68.4968,1.0,1.0,1
52068,30.05.2024 22:10:21.040000,505.426,361.807,7.39257,7.398,7.267,89.6337,2.37337,2.45268,19.5666,19.6512,646.865,633.465,0.107905,6.0795,0.397858,2.16954,7.29261,68.6487,68.6487,1.0,1.0,1
52069,30.05.2024 22:10:21.050000,507.568,345.822,7.40394,7.411,7.262,90.1625,2.3885,2.45248,20.0463,20.3962,646.75,633.395,1.13653,6.76393,0.527481,2.23707,7.29261,68.8006,68.8006,1.0,1.0,1
52070,30.05.2024 22:10:21.060000,501.965,345.822,7.40542,7.4,7.262,90.5503,2.3885,2.45248,20.0463,20.3962,646.635,633.325,1.19625,7.04486,0.483631,2.2146,7.29306,68.8006,68.8006,1.0,1.0,1
52071,30.05.2024 22:10:21.070000,501.965,326.211,7.40542,7.4,7.29,90.5503,2.39663,2.45461,21.9574,22.0399,646.38,633.215,1.35251,6.91535,0.48501,2.14428,7.29324,68.8006,68.8006,1.0,1.0,1
52072,30.05.2024 22:10:21.080000,501.965,326.211,7.40542,7.4,7.29,90.5503,2.39663,2.45461,21.9574,22.0399,646.38,633.215,1.35251,6.91535,0.48501,2.14428,7.29324,68.8006,68.8006,1.0,1.0,1
52073,30.05.2024 22:10:21.090000,499.576,319.702,7.41197,7.366,7.24,90.9441,2.37567,2.46663,20.0158,20.2051,646.265,633.175,1.25211,7.15985,0.445919,1.94529,7.29324,68.6994,68.6994,1.0,1.0,1
52074,30.05.2024 22:10:21.100000,498.01,316.406,7.37951,7.328,7.226,91.1549,2.35349,2.47331,20.1591,22.9638,646.0,633.115,0.564797,7.27763,0.345175,1.9715,7.29368,68.9308,68.9308,1.0,1.0,1
52075,30.05.2024 22:10:21.110000,486.722,283.2,7.34792,7.39,7.273,91.3572,2.35349,2.47331,20.1591,22.9638,645.81,633.045,0.399477,7.6861,0.361418,1.8947,7.29423,68.9308,68.9308,1.0,1.0,1
52076,30.05.2024 22:10:21.120000,486.722,283.2,7.34792,7.39,7.273,91.3572,2.3528,2.47788,20.0695,23.1922,645.715,632.995,-0.0480783,8.11758,0.340492,1.79429,7.29462,68.9308,68.9308,1.0,1.0,1
52077,30.05.2024 22:10:21.130000,486.722,283.2,7.34792,7.39,7.273,91.3572,2.3528,2.47788,20.0695,23.1922,645.715,632.995,-0.0480783,8.11758,0.340492,1.79429,7.29462,68.9308,68.9308,1.0,1.0,1
52078,30.05.2024 22:10:21.140000,470.654,253.619,7.31018,7.43,7.288,91.4847,2.37848,2.47918,19.8871,23.0571,645.605,632.93,0.534228,8.25273,0.219614,1.70149,7.29462,69.09,69.09,1.0,1.0,1
52079,30.05.2024 22:10:21.150000,470.654,253.619,7.31018,7.43,7.288,91.4847,2.37848,2.47918,19.8871,23.0571,645.605,632.93,0.534228,8.25273,0.219614,1.70149,7.29462,69.09,69.09,1.0,1.0,1
52080,30.05.2024 22:10:21.160000,457.471,230.301,7.36384,7.397,7.217,91.5905,2.40274,2.47153,22.4246,23.2141,645.215,632.82,0.415316,7.74244,0.241917,1.77898,7.2957,68.844,68.844,1.0,1.0,1
52081,30.05.2024 22:10:21.170000,449.56,227.252,7.40822,7.304,7.197,91.6966,2.39445,2.45989,21.7589,21.8649,645.025,632.775,-0.268348,8.2514,0.465939,1.708,7.29647,68.8585,68.8585,1.0,1.0,1
52082,30.05.2024 22:10:21.180000,449.56,227.252,7.40822,7.304,7.197,91.8696,2.3695,2.45218,22.2022,22.8601,644.905,632.775,0.21131,8.19848,0.447161,1.67711,7.29647,68.7428,68.7428,1.0,1.0,1
52083,30.05.2024 22:10:21.190000,449.56,208.054,7.31719,7.349,7.226,91.9237,2.3695,2.45218,22.2022,22.8601,644.645,632.725,0.199204,8.74595,0.480534,1.66152,7.29675,68.7428,68.7428,1.0,1.0,1
52084,30.05.2024 22:10:21.200000,449.56,208.054,7.31719,7.349,7.226,91.9237,2.36123,2.4436,21.23,21.9708,644.56,632.675,-0.218857,9.16297,0.424419,1.57118,7.29701,69.0321,69.0321,1.0,1.0,1
52085,30.05.2024 22:10:21.210000,449.56,208.054,7.31719,7.349,7.226,91.9237,2.36123,2.4436,21.23,21.9708,644.56,632.675,-0.218857,9.16297,0.424419,1.57118,7.29701,69.0321,69.0321,1.0,1.0,1
52086,30.05.2024 22:10:21.220000,427.478,159.439,7.31742,7.373,7.189,91.938,2.37095,2.44616,21.0337,21.9184,644.47,632.615,0.202135,9.3026,0.355911,1.31095,7.29701,69.2419,69.2419,1.0,1.0,1
52087,30.05.2024 22:10:21.230000,424.841,145.019,7.3807,7.343,7.181,92.0264,2.3943,2.46077,22.7716,22.026,644.05,632.6,0.835985,9.16896,0.317787,1.00553,7.29687,68.9381,68.9381,1.0,1.0,1
52088,30.05.2024 22:10:21.240000,419.321,145.019,7.4264,7.306,7.181,91.9421,2.3943,2.46077,22.7716,22.026,643.93,632.595,0.753876,9.64473,0.199377,0.95908,7.29687,68.9381,68.9381,1.0,1.0,1
52089,30.05.2024 22:10:21.250000,419.321,145.019,7.4264,7.306,7.181,91.9421,2.3943,2.46077,22.7716,22.026,643.93,632.595,0.753876,9.64473,0.199377,0.95908,7.29687,68.9381,68.9381,1.0,1.0,1
52090,30.05.2024 22:10:21.260000,415.365,134.473,7.38313,7.292,7.169,91.9421,2.38614,2.46695,22.5326,23.5234,643.815,632.565,0.281655,10.1667,0.150929,0.887349,7.29741,68.9019,68.9019,1.0,1.0,1
52091,30.05.2024 22:10:21.270000,415.365,134.473,7.38313,7.292,7.169,91.9421,2.38614,2.46695,22.5326,23.5234,643.815,632.565,0.281655,10.1667,0.150929,0.887349,7.29741,68.9019,68.9019,1.0,1.0,1
52092,30.05.2024 22:10:21.280000,398.474,107.693,7.3605,7.318,7.232,91.9978,2.37002,2.47035,22.9767,23.1484,643.4,632.515,-0.0482528,10.5185,0.220558,0.588492,7.2977,68.9091,68.9091,1.0,1.0,1
52093,30.05.2024 22:10:21.290000,398.474,107.693,7.3605,7.318,7.232,91.9978,2.37002,2.47035,22.9767,23.1484,643.4,632.515,-0.0482528,10.5185,0.220558,0.588492,7.2977,68.9091,68.9091,1.0,1.0,1
52094,30.05.2024 22:10:21.300000,376.391,95.581,7.36771,7.328,7.243,92.0455,2.38023,2.47108,21.3127,26.0792,643.17,632.49,-0.59186,11.1981,0.239716,0.586835,7.29783,69.0972,69.0972,1.0,1.0,1
52095,30.05.2024 22:10:21.310000,361.148,11.3708,7.35415,7.342,7.259,92.229,2.41214,2.48439,23.0716,22.8278,642.805,632.39,-0.388267,10.5185,0.327005,0.578173,7.29827,69.0972,69.0972,1.0,1.0,1
52096,30.05.2024 22:10:21.320000,353.815,11.3708,7.42701,7.338,7.259,92.3556,2.41214,2.48439,23.0716,22.8278,642.65,632.395,-0.430107,10.3807,0.341179,0.622937,7.29827,69.0972,69.0972,1.0,1.0,1
52097,30.05.2024 22:10:21.330000,351.59,11.3708,7.41967,7.338,7.259,92.3556,2.40914,2.47058,24.5718,24.2929,642.515,632.38,-0.374839,10.3226,0.294808,0.658368,7.29881,68.75,68.75,1.0,1.0,1
52098,30.05.2024 22:10:21.340000,351.59,11.3708,7.41967,7.338,7.259,92.3556,2.40914,2.47058,24.5718,24.2929,642.515,632.38,-0.374839,10.3226,0.294808,0.658368,7.29881,68.75,68.75,1.0,1.0,1
52099,30.05.2024 22:10:21.350000,351.59,-13.1012,7.41967,7.338,7.189,92.4848,2.38715,2.46021,24.4036,21.955,642.39,632.365,-0.723137,10.7258,0.326904,0.648612,7.29881,67.9688,67.9688,1.0,1.0,1
52100,30.05.2024 22:10:21.360000,330.826,-43.5058,7.41407,7.28,7.273,92.6292,2.34096,2.4429,23.7863,22.4971,642.025,632.28,-0.466853,10.4845,0.346554,0.684832,7.2991,67.9688,67.9688,0.0,1.0,1
52101,30.05.2024 22:10:21.370000,321.68,-43.5058,7.35849,7.248,7.273,92.81,2.33983,2.42657,20.3973,22.533,641.905,632.255,-0.0155542,10.2298,0.28672,0.729291,7.2991,67.9615,67.9615,0.0,1.0,1
52102,30.05.2024 22:10:21.380000,294.076,-43.5058,7.38464,7.212,7.273,92.8829,2.33983,2.42657,20.3973,22.533,641.795,632.225,0.55428,10.1905,0.213163,0.670548,7.29916,67.9615,67.9615,0.0,1.0,1
52103,30.05.2024 22:10:21.390000,294.076,-50.7568,7.38464,7.212,7.235,92.8829,2.34528,2.43788,20.4882,21.0643,641.52,632.185,0.781853,9.59652,0.218502,0.616673,7.29949,66.9922,66.9922,0.0,1.0,1
52104,30.05.2024 22:10:21.400000,294.076,-50.7568,7.38464,7.212,7.235,92.8829,2.34528,2.43788,20.4882,21.0643,641.52,632.185,0.781853,9.59652,0.218502,0.616673,7.29949,66.9922,66.9922,0.0,1.0,1
52105,30.05.2024 22:10:21.410000,282.458,-60.2325,7.46285,7.161,7.293,92.9509,2.34615,2.43884,19.7721,21.5551,641.36,632.18,1.09843,9.24767,0.32531,0.564803,7.29949,66.9922,66.9922,0.0,1.0,1
52106,30.05.2024 22:10:21.420000,265.649,-47.9553,7.47353,7.094,7.221,92.9795,2.35277,2.44615,20.1563,21.922,641.04,632.19,-0.270015,9.4644,0.318951,0.587742,7.29928,66.3556,66.3556,0.0,1.0,1
52107,30.05.2024 22:10:21.430000,265.649,-47.9553,7.47353,7.094,7.221,92.9795,2.35277,2.44615,20.1563,21.922,641.04,632.19,-0.270015,9.4644,0.318951,0.587742,7.29928,66.3556,66.3556,0.0,1.0,1
52108,30.05.2024 22:10:21.440000,248.84,-53.8055,7.40331,7.065,7.285,92.9676,2.35277,2.44615,20.1563,21.922,640.75,632.18,-0.347188,9.85438,0.29077,0.530532,7.29961,65.9939,65.9939,0.0,1.0,1
52109,30.05.2024 22:10:21.450000,248.84,-53.8055,7.40331,7.065,7.285,92.9676,2.35277,2.44615,20.1563,21.922,640.75,632.18,-0.347188,9.85438,0.29077,0.530532,7.29961,65.9939,65.9939,0.0,1.0,1
52110,30.05.2024 22:10:21.460000,231.537,-52.24,7.43088,7.012,7.345,93.0445,2.37532,2.45576,20.9065,23.0575,640.515,632.135,-0.804442,10.8017,0.107863,0.485779,7.29991,65.9939,65.9939,0.0,1.0,1
52111,30.05.2024 22:10:21.470000,231.537,-52.24,7.43088,7.012,7.345,93.0445,2.37532,2.45576,20.9065,23.0575,640.515,632.135,-0.804442,10.8017,0.107863,0.485779,7.29991,65.9939,65.9939,0.0,1.0,1
52112,30.05.2024 22:10:21.480000,206.735,-76.9592,7.46498,6.983,7.31,93.0203,2.39093,2.45532,24.3013,23.5749,640.135,631.97,0.209507,10.2602,0.0377332,0.489224,7.30056,65.9939,65.9939,0.0,1.0,1
52113,30.05.2024 22:10:21.490000,181.274,-102.914,7.43245,7.034,7.267,93.0216,2.39994,2.46092,21.5878,21.0787,639.85,631.975,0.302943,8.48724,-0.0491714,0.463658,7.30125,65.9144,65.9144,0.0,1.0,1
52114,30.05.2024 22:10:21.500000,181.274,-102.914,7.43245,7.034,7.267,93.0216,2.35758,2.44711,22.4852,20.8234,639.685,632.0,0.286874,8.94732,-0.0961284,0.394536,7.30125,64.8365,64.8365,0.0,1.0,1
52115,30.05.2024 22:10:21.510000,169.409,-268.616,7.39622,7.369,7.258,93.0193,2.35758,2.44711,22.4852,20.8234,639.41,631.97,0.100654,9.49454,-0.105259,0.436942,7.3019,64.8365,64.8365,0.0,1.0,1
52116,30.05.2024 22:10:21.520000,169.409,-268.616,7.39622,7.369,7.258,93.0193,2.3235,2.43164,20.2761,21.3215,639.285,631.95,-0.2278,9.64544,0.0169316,0.417803,7.3026,64.8365,64.8365,0.0,1.0,1
52117,30.05.2024 22:10:21.530000,169.409,-268.616,7.39622,7.369,7.258,93.0193,2.3235,2.43164,20.2761,21.3215,639.285,631.95,-0.2278,9.64544,0.0169316,0.417803,7.3026,64.8365,64.8365,0.0,1.0,1
52118,30.05.2024 22:10:21.540000,154.248,-352.908,7.42321,7.419,7.298,92.9923,2.33265,2.42986,20.1913,20.9923,639.145,631.905,0.0413697,9.73653,0.204636,0.351683,7.3026,63.7298,63.7298,0.0,1.0,1
52119,30.05.2024 22:10:21.550000,138.428,-387.268,7.42382,7.338,7.282,92.9729,2.36522,2.43068,20.7543,20.8024,638.7,631.82,0.454209,9.21363,0.217293,0.388013,7.30324,63.3753,63.3753,0.0,1.0,1
52120,30.05.2024 22:10:21.560000,117.993,-387.268,7.41248,7.293,7.282,93.049,2.36522,2.43068,20.7543,20.8024,638.57,631.8,0.559908,9.13665,0.166506,0.388003,7.30324,63.3753,63.3753,0.0,1.0,1
52121,30.05.2024 22:10:21.570000,117.993,-387.268,7.41248,7.293,7.282,93.049,2.36522,2.43068,20.7543,20.8024,638.57,631.8,0.559908,9.13665,0.166506,0.388003,7.30324,63.3753,63.3753,0.0,1.0,1
52122,30.05.2024 22:10:21.580000,119.311,-431.186,7.44263,7.363,7.265,93.049,2.39841,2.42966,20.997,20.2011,638.415,631.79,0.406336,8.499,0.126806,0.423709,7.30365,63.3681,63.3681,0.0,1.0,1
52123,30.05.2024 22:10:21.590000,121.948,-483.838,7.40201,7.438,7.217,93.0503,2.38948,2.43052,23.3923,20.034,637.97,631.75,0.114825,8.76943,0.139582,0.444136,7.30387,62.3047,62.3047,0.0,1.0,1
52124,30.05.2024 22:10:21.600000,121.948,-483.838,7.40201,7.438,7.217,93.0503,2.37111,2.43622,21.998,21.2457,637.85,631.725,-0.0123508,9.07602,0.0562345,0.380471,7.30467,62.066,62.066,0.0,1.0,1
52125,30.05.2024 22:10:21.610000,111.154,-514.407,7.3792,7.325,7.284,93.0098,2.36075,2.44419,22.6461,23.2151,637.725,631.68,0.0292284,8.82696,0.328661,0.399861,7.30467,61.82,61.82,0.0,1.0,1
52126,30.05.2024 22:10:21.620000,104.892,-514.407,7.37593,7.319,7.284,92.985,2.36075,2.44419,22.6461,23.2151,637.6,631.635,0.50312,8.43901,0.304497,0.434479,7.30512,61.82,61.82,0.0,1.0,1
52127,30.05.2024 22:10:21.630000,104.892,-514.407,7.37593,7.319,7.284,92.985,2.36075,2.44419,22.6461,23.2151,637.6,631.635,0.50312,8.43901,0.304497,0.434479,7.30512,61.82,61.82,0.0,1.0,1
52128,30.05.2024 22:10:21.640000,104.892,-524.048,7.37593,7.319,7.293,92.985,2.36551,2.45204,21.2245,22.4405,637.295,631.58,1.22931,8.18501,0.213047,0.376782,7.30536,61.82,61.82,0.0,1.0,1
52129,30.05.2024 22:10:21.650000,104.892,-524.048,7.37593,7.319,7.293,92.985,2.36551,2.45204,21.2245,22.4405,637.295,631.58,1.22931,8.18501,0.213047,0.376782,7.30536,61.82,61.82,0.0,1.0,1
52130,30.05.2024 22:10:21.660000,84.787,-529.815,7.42414,7.441,7.271,93.092,2.37582,2.45609,21.4026,21.9985,636.975,631.535,0.739519,7.11465,0.132624,0.269549,7.3059,61.4439,61.4439,0.0,1.0,1
52131,30.05.2024 22:10:21.670000,84.787,-529.815,7.42414,7.441,7.271,93.092,2.37582,2.45609,21.4026,21.9985,636.975,631.535,0.739519,7.11465,0.132624,0.269549,7.3059,61.4439,61.4439,0.0,1.0,1
52132,30.05.2024 22:10:21.680000,82.3974,-523.553,7.37066,7.378,7.243,93.0207,2.38724,2.45321,22.5955,23.3876,636.585,631.46,0.550678,6.97218,0.187531,0.333277,7.30691,60.4745,60.4745,0.0,1.0,1
52133,30.05.2024 22:10:21.690000,54.9591,-528.085,7.41609,7.28,7.256,93.04,2.39005,2.4504,23.7199,22.3468,636.32,631.38,1.12546,7.08626,0.223524,0.339305,7.30713,59.9031,59.9031,0.0,1.0,1
52134,30.05.2024 22:10:21.700000,37.326,-528.085,7.39228,7.329,7.256,93.0393,2.39005,2.4504,23.7199,22.3468,636.195,631.335,1.25517,6.84766,0.214874,0.360346,7.30783,59.9031,59.9031,0.0,1.0,1
52135,30.05.2024 22:10:21.710000,37.326,-537.314,7.39228,7.329,7.268,93.0393,2.38924,2.45657,22.9315,24.2733,635.92,631.27,1.27409,6.50207,0.270283,0.408442,7.30821,59.375,59.375,0.0,1.0,1
52136,30.05.2024 22:10:21.720000,23.7305,-525.778,7.45116,7.399,7.227,92.9514,2.38924,2.45657,22.9315,24.2733,635.78,631.23,1.53613,6.43039,0.190441,0.327567,7.30821,59.375,59.375,0.0,1.0,1
52137,30.05.2024 22:10:21.730000,28.3447,-525.778,7.40597,7.384,7.227,92.9514,2.37713,2.45216,23.3663,24.2557,635.625,631.18,1.61458,5.58115,0.187275,0.399264,7.30866,58.0801,58.0801,0.0,1.0,1
52138,30.05.2024 22:10:21.740000,28.3447,-525.778,7.40597,7.384,7.227,92.9514,2.37713,2.45216,23.3663,24.2557,635.625,631.18,1.61458,5.58115,0.187275,0.399264,7.30866,58.0801,58.0801,0.0,1.0,1
52139,30.05.2024 22:10:21.750000,28.3447,-517.703,7.40597,7.384,7.206,92.9893,2.35814,2.44753,21.2382,21.4458,635.5,631.145,1.25962,5.19426,0.230965,0.436364,7.30866,58.0801,58.0801,0.0,1.0,1
52140,30.05.2024 22:10:21.760000,16.8915,-534.759,7.40033,7.316,7.308,92.9415,2.335,2.44737,20.025,21.9108,635.075,631.06,1.33525,4.88237,0.301809,0.436099,7.30944,57.4797,57.4797,0.0,1.0,1
52141,30.05.2024 22:10:21.770000,16.8915,-534.759,7.40033,7.316,7.308,92.9415,2.335,2.44737,20.025,21.9108,635.075,631.06,1.33525,4.88237,0.301809,0.436099,7.30944,57.4797,57.4797,0.0,1.0,1
52142,30.05.2024 22:10:21.780000,-32.6294,-534.759,7.41206,7.377,7.308,92.9933,2.34226,2.44808,19.6363,22.8497,634.955,631.035,1.20479,4.82338,0.398192,0.467387,7.30944,57.487,57.487,0.0,1.0,1
52143,30.05.2024 22:10:21.790000,-32.6294,-534.759,7.41206,7.377,7.308,92.9933,2.34226,2.44808,19.6363,22.8497,634.955,631.035,1.20479,4.82338,0.398192,0.467387,7.30944,57.487,57.487,0.0,1.0,1
52144,30.05.2024 22:10:21.800000,-51.3336,-521.411,7.41057,7.461,7.248,93.0689,2.37007,2.44815,20.7062,22.8466,634.55,630.9,1.71325,5.28905,0.336792,0.451041,7.30992,56.7708,56.7708,0.0,1.0,1
52145,30.05.2024 22:10:21.810000,-56.7718,-520.422,7.44991,7.398,7.249,93.0816,2.40678,2.44942,22.049,22.8087,634.28,630.775,1.49382,4.64897,0.347031,0.354418,7.31042,56.7708,56.7708,0.0,1.0,1
52146,30.05.2024 22:10:21.820000,-56.7718,-520.422,7.44991,7.398,7.249,93.0864,2.41538,2.44605,23.5415,21.5505,634.14,630.72,1.59274,4.36433,0.362724,0.511481,7.31042,55.9028,55.9028,0.0,1.0,1
52147,30.05.2024 22:10:21.830000,-76.7944,-520.422,7.42078,7.33,7.264,93.0647,2.41538,2.44605,23.5415,21.5505,633.865,630.655,1.53091,3.95961,0.412596,0.478573,7.31076,55.9028,55.9028,0.0,1.0,1
52148,30.05.2024 22:10:21.840000,-76.7944,-520.422,7.42078,7.33,7.264,93.0647,2.39503,2.44572,23.7899,22.4739,633.735,630.63,1.6856,4.07016,0.336691,0.410414,7.31114,55.693,55.693,0.0,1.0,1
52149,30.05.2024 22:10:21.850000,-96.2402,-532.535,7.38953,7.333,7.274,93.0439,2.37193,2.44788,21.8233,21.2024,633.61,630.62,1.68357,4.48859,0.399136,0.387442,7.31114,55.1939,55.1939,0.0,1.0,1
52150,30.05.2024 22:10:21.860000,-96.2402,-532.535,7.38953,7.333,7.274,93.0439,2.37193,2.44788,21.8233,21.2024,633.61,630.62,1.68357,4.48859,0.399136,0.387442,7.31114,55.1939,55.1939,0.0,1.0,1
52151,30.05.2024 22:10:21.870000,-102.997,-522.07,7.37806,7.425,7.285,93.0726,2.37193,2.44788,21.8233,21.2024,633.47,630.585,1.94061,5.00335,0.445654,0.368487,7.31181,55.1939,55.1939,0.0,1.0,1
52152,30.05.2024 22:10:21.880000,-105.222,-522.729,7.3787,7.391,7.263,93.0675,2.36876,2.44948,21.2077,21.9754,633.095,630.405,2.29003,5.83741,0.442652,0.226454,7.31245,55.1939,55.1939,0.0,1.0,1
52153,30.05.2024 22:10:21.890000,-102.338,-522.729,7.38683,7.362,7.263,93.0675,2.37766,2.44925,21.4848,21.6972,632.955,630.34,2.45106,5.66887,0.526119,0.301673,7.31202,54.9769,54.9769,0.0,1.0,1
52154,30.05.2024 22:10:21.900000,-102.338,-526.602,7.38683,7.362,7.242,93.0537,2.38321,2.44594,21.1635,21.4424,632.795,630.285,2.58855,4.88184,0.571081,0.447529,7.31202,55.0275,55.0275,0.0,1.0,1
52155,30.05.2024 22:10:21.910000,-102.338,-526.602,7.38683,7.362,7.242,93.0537,2.38321,2.44594,21.1635,21.4424,632.795,630.285,2.58855,4.88184,0.571081,0.447529,7.31202,55.0275,55.0275,0.0,1.0,1
52156,30.05.2024 22:10:21.920000,-103.656,-521.493,7.39486,7.354,7.229,93.0381,2.38321,2.44594,21.1635,21.4424,632.505,630.24,2.38713,4.65603,0.589523,0.432782,7.31235,54.6441,54.6441,0.0,1.0,1
52157,30.05.2024 22:10:21.930000,-108.847,-531.628,7.3792,7.375,7.238,93.0319,2.3843,2.44731,21.8176,20.8975,632.21,630.11,1.67266,5.26622,0.573576,0.546725,7.31231,54.6441,54.6441,0.0,1.0,1
52158,30.05.2024 22:10:21.940000,-109.918,-531.628,7.38682,7.369,7.238,93.0183,2.3843,2.44731,21.8176,20.8975,632.075,630.03,1.6792,5.09451,0.481199,0.53258,7.31271,54.6441,54.6441,0.0,1.0,1
52159,30.05.2024 22:10:21.950000,-109.918,-531.628,7.38682,7.369,7.238,93.0183,2.3843,2.44731,21.8176,20.8975,632.075,630.03,1.6792,5.09451,0.481199,0.53258,7.31271,54.6441,54.6441,0.0,1.0,1
52160,30.05.2024 22:10:21.960000,-109.918,-518.857,7.38682,7.369,7.237,93.0183,2.38927,2.45497,22.04,21.1317,631.825,629.93,1.48759,4.51692,0.466902,0.404755,7.31304,54.4488,54.4488,0.0,1.0,1
52161,30.05.2024 22:10:21.970000,-109.918,-518.857,7.38682,7.369,7.237,93.0183,2.38927,2.45497,22.04,21.1317,631.825,629.93,1.48759,4.51692,0.466902,0.404755,7.31304,54.4488,54.4488,0.0,1.0,1
52162,30.05.2024 22:10:21.980000,-114.944,-526.025,7.38028,7.35,7.228,92.9889,2.39675,2.45954,21.5576,21.3733,631.55,629.825,1.83088,3.78706,0.349775,0.454955,7.31321,54.022,54.022,0.0,1.0,1
52163,30.05.2024 22:10:21.990000,-119.476,-520.669,7.41143,7.392,7.262,93.0139,2.40289,2.45991,22.2603,21.7786,631.165,629.675,1.84394,3.56968,0.337504,0.424655,7.31339,54.0003,54.0003,0.0,1.0,1
52164,30.05.2024 22:10:22.000000,-119.476,-520.669,7.41143,7.392,7.262,93.0139,2.41015,2.46028,21.5463,21.5775,631.035,629.64,1.9433,3.28842,0.35313,0.408215,7.31424,53.4577,53.4577,0.0,1.0,1
52165,30.05.2024 22:10:22.010000,-127.222,-520.669,7.40934,7.39,7.249,92.9718,2.41055,2.46109,20.868,20.8469,630.905,629.595,1.91912,3.43747,0.413937,0.516495,7.31424,53.4071,53.4071,0.0,1.0,1
52166,30.05.2024 22:10:22.020000,-134.885,-520.669,7.40786,7.333,7.249,93.083,2.41055,2.46109,20.868,20.8469,630.785,629.535,2.19875,3.90563,0.363066,0.441647,7.31469,53.4071,53.4071,0.0,1.0,1
52167,30.05.2024 22:10:22.030000,-134.885,-514.902,7.40786,7.333,7.252,93.083,2.41316,2.47006,21.6775,20.4442,630.545,629.385,2.08436,3.75161,0.425396,0.427186,7.31527,52.8646,52.8646,0.0,1.0,1
52168,30.05.2024 22:10:22.040000,-149.963,-526.52,7.40565,7.327,7.237,93.0826,2.41316,2.47006,21.6775,20.4442,630.395,629.295,2.49836,3.69611,0.378948,0.424731,7.31527,52.8646,52.8646,0.0,1.0,1
52169,30.05.2024 22:10:22.050000,-157.214,-526.52,7.42797,7.376,7.237,93.0826,2.41388,2.47342,21.4235,21.503,630.245,629.205,2.73263,3.54996,0.348158,0.444768,7.31563,52.5825,52.5825,0.0,1.0,1
52170,30.05.2024 22:10:22.060000,-157.214,-524.707,7.42797,7.376,7.238,93.0838,2.41139,2.47391,22.1542,21.9614,630.095,629.125,2.81941,2.83086,0.270126,0.458188,7.31563,52.9152,52.9152,0.0,1.0,1
52171,30.05.2024 22:10:22.070000,-169.409,-524.048,7.3865,7.382,7.251,93.0941,2.41139,2.47391,22.1542,21.9614,629.81,629.01,2.70388,2.46641,0.246189,0.445105,7.31614,52.9152,52.9152,0.0,1.0,1
52172,30.05.2024 22:10:22.080000,-169.409,-524.048,7.3865,7.382,7.251,93.0941,2.41139,2.47391,22.1542,21.9614,629.81,629.01,2.70388,2.46641,0.246189,0.445105,7.31614,52.9152,52.9152,0.0,1.0,1
52173,30.05.2024 22:10:22.090000,-169.409,-516.467,7.3865,7.382,7.243,93.0941,2.40657,2.46969,21.512,20.908,629.67,628.955,2.38433,2.08018,0.235203,0.463496,7.31617,52.9152,52.9152,0.0,1.0,1
52174,30.05.2024 22:10:22.100000,-169.409,-516.467,7.3865,7.382,7.243,93.0941,2.40657,2.46969,21.512,20.908,629.67,628.955,2.38433,2.08018,0.235203,0.463496,7.31617,52.9152,52.9152,0.0,1.0,1
52175,30.05.2024 22:10:22.110000,-195.776,-526.355,7.4008,7.344,7.261,93.0764,2.39687,2.47109,21.3367,20.7411,629.28,628.755,2.4041,2.33817,0.241184,0.523995,7.31675,52.9152,52.9152,0.0,1.0,1
52176,30.05.2024 22:10:22.120000,-195.776,-526.355,7.4008,7.344,7.261,93.0764,2.39687,2.47109,21.3367,20.7411,629.28,628.755,2.4041,2.33817,0.241184,0.523995,7.31675,52.9152,52.9152,0.0,1.0,1
52177,30.05.2024 22:10:22.130000,-216.211,-520.257,7.40125,7.386,7.281,93.0125,2.39672,2.47209,19.8379,20.9934,629.035,628.58,2.23869,2.2379,0.53862,0.476557,7.31714,52.6548,52.6548,0.0,1.0,1
52178,30.05.2024 22:10:22.140000,-232.361,-523.636,7.4071,7.406,7.264,93.0715,2.42052,2.47807,19.997,21.8354,628.775,628.435,2.78902,2.42817,0.60677,0.426669,7.31741,52.8067,52.8067,0.0,1.0,1
52179,30.05.2024 22:10:22.150000,-241.672,-517.291,7.42019,7.393,7.267,93.0908,2.42052,2.47807,19.997,21.8354,628.5,628.27,2.99103,2.38418,0.636912,0.461293,7.31765,52.8067,52.8067,0.0,1.0,1
52180,30.05.2024 22:10:22.160000,-241.672,-517.291,7.42019,7.393,7.267,93.0908,2.42404,2.47397,20.4323,22.0429,628.345,628.175,3.26904,2.52918,0.527701,0.426222,7.31805,53.1901,53.1901,0.0,1.0,1
52181,30.05.2024 22:10:22.170000,-247.192,-514.654,7.42293,7.359,7.27,93.101,2.42218,2.47182,20.6005,20.8063,628.21,628.09,3.22858,2.19642,0.496594,0.432152,7.31805,53.0961,53.0961,0.0,1.0,1
52182,30.05.2024 22:10:22.180000,-247.192,-514.654,7.42293,7.359,7.27,93.101,2.42218,2.47182,20.6005,20.8063,628.21,628.09,3.22858,2.19642,0.496594,0.432152,7.31879,53.0961,53.0961,0.0,1.0,1
52183,30.05.2024 22:10:22.190000,-256.833,-526.19,7.39103,7.346,7.274,93.0802,2.42218,2.47182,20.6005,20.8063,628.06,628.005,3.06566,2.34767,0.468805,0.413828,7.31805,53.0961,53.0961,0.0,1.0,1
52184,30.05.2024 22:10:22.200000,-276.691,-520.257,7.40086,7.387,7.271,93.015,2.41763,2.47138,20.3101,21.1899,627.65,627.735,2.6205,2.21179,0.506502,0.537745,7.31955,53.0961,53.0961,0.0,1.0,1
52185,30.05.2024 22:10:22.210000,-283.942,-520.257,7.39355,7.384,7.271,93.015,2.41664,2.47147,19.5108,20.7846,627.53,627.635,2.59066,2.05134,0.443134,0.503893,7.3204,52.8429,52.8429,0.0,1.0,1
52186,30.05.2024 22:10:22.220000,-283.942,-522.729,7.39355,7.384,7.261,92.9537,2.41883,2.47157,19.5852,19.9266,627.4,627.56,2.82377,1.98274,0.352568,0.41849,7.3204,53.1467,53.1467,0.0,1.0,1
52187,30.05.2024 22:10:22.230000,-293.335,-515.643,7.41162,7.371,7.242,92.9833,2.41883,2.47157,19.5852,19.9266,627.135,627.425,2.84971,2.00682,0.335709,0.477517,7.32032,53.1467,53.1467,0.0,1.0,1
52188,30.05.2024 22:10:22.240000,-293.335,-515.643,7.41162,7.371,7.242,92.9833,2.41752,2.4684,19.585,20.1125,627.005,627.34,3.08676,2.07771,0.386385,0.605124,7.32039,53.0382,53.0382,0.0,1.0,1
52189,30.05.2024 22:10:22.250000,-293.994,-516.055,7.42418,7.376,7.239,93.0613,2.41314,2.46562,18.9729,20.2487,626.865,627.235,3.21507,2.91598,0.331549,0.742726,7.32039,53.0382,53.0382,0.0,1.0,1
52190,30.05.2024 22:10:22.260000,-293.994,-516.055,7.42418,7.376,7.239,93.0613,2.41314,2.46562,18.9729,20.2487,626.865,627.235,3.21507,2.91598,0.331549,0.742726,7.32039,53.0382,53.0382,0.0,1.0,1
52191,30.05.2024 22:10:22.270000,-298.938,-526.19,7.41947,7.365,7.239,93.072,2.41314,2.46562,18.9729,20.2487,626.735,627.145,3.26366,2.89094,0.330624,0.777171,7.32039,52.7054,52.7054,0.0,1.0,1
52192,30.05.2024 22:10:22.280000,-298.938,-526.19,7.41947,7.365,7.239,93.072,2.41314,2.46562,18.9729,20.2487,626.735,627.145,3.26366,2.89094,0.330624,0.777171,7.32039,52.7054,52.7054,0.0,1.0,1
52193,30.05.2024 22:10:22.290000,-311.957,-524.048,7.40243,7.358,7.239,93.0092,2.40959,2.46504,19.3948,20.2014,626.39,626.905,3.33998,2.93211,0.303516,0.719868,7.32075,52.7271,52.7271,0.0,1.0,1
52194,30.05.2024 22:10:22.300000,-311.957,-524.048,7.40243,7.358,7.239,93.0092,2.40959,2.46504,19.3948,20.2014,626.39,626.905,3.33998,2.93211,0.303516,0.719868,7.32075,52.7271,52.7271,0.0,1.0,1
52195,30.05.2024 22:10:22.310000,-327.035,-529.156,7.40064,7.366,7.25,93.1015,2.42325,2.47858,18.5008,20.2464,625.975,626.66,4.14904,3.27035,0.291592,0.965546,7.32088,52.7054,52.7054,0.0,1.0,1
52196,30.05.2024 22:10:22.320000,-330.579,-517.538,7.40438,7.384,7.248,93.117,2.43323,2.48085,19.0997,20.0235,625.705,626.475,4.34141,3.81813,0.265045,0.900582,7.32156,52.908,52.908,0.0,1.0,1
52197,30.05.2024 22:10:22.330000,-340.054,-517.538,7.41784,7.398,7.248,93.1803,2.43611,2.47962,18.9916,18.8944,625.565,626.395,3.7903,3.4564,0.230785,0.879336,7.32156,53.2046,53.2046,0.0,1.0,1
52198,30.05.2024 22:10:22.340000,-344.421,-517.538,7.42443,7.401,7.248,93.1541,2.43611,2.47962,18.9916,18.8944,625.455,626.33,3.43189,3.2724,0.333714,0.832545,7.32244,53.2046,53.2046,0.0,1.0,1
52199,30.05.2024 22:10:22.350000,-344.421,-524.46,7.42443,7.401,7.254,93.1541,2.43767,2.48182,18.9269,20.2513,625.25,626.185,3.54197,3.3272,0.376564,0.879347,7.32278,52.2063,52.2063,0.0,1.0,1
