,time,Pinceur Inf Mesure de courant,Pinceur Sup Mesure de courant,Mandrin - Vitesse Actuelle,Pinceur Sup Mesure vitesse lineaire,Pinceur Inf Mesure vitesse lineaire,Mandrin - Mesure Expansion,Pinceur Nord Position entrefer estimee,Pinceur Sud Position entrefer estimee,Pinceur Nord Force entrefer calibree,Pinceur Sud Force entrefer calibree,Guides Nord Entree Position mesuree,Guides Nord Sortie Position mesuree,Guides Nord Entree Force pour regulateur PI,Guides Nord Sortie Force pour regulateur PI,Guides Sud Entree Force pour regulateur PI,Guides Sud Sortie Force pour regulateur PI,Mandrin - Vitesse Actuelle F10,_Excentrage largeur bande jauge bob,_Excentrage largeur bande jauge bob.1,TDB pinceur,Fenetre,Declancheur
64800,31.05.2024 00:58:50.700000,197.095,102.832,7.66907,6.945,6.583,40.463,5.37608,4.4957,28.5599,25.2699,566.835,567.775,3.96709,8.29021,0.559917,-0.0497012,5.9042,11.9285,11.9285,1.0,1.0,1
64801,31.05.2024 00:58:50.710000,197.095,102.832,7.66907,6.945,6.583,40.463,5.53343,4.43704,42.6597,20.1805,565.075,566.03,3.54538,8.00729,0.54124,-0.0162425,5.9049,11.9285,11.9285,1.0,1.0,1
64802,31.05.2024 00:58:50.720000,197.095,102.832,7.66907,6.945,6.583,40.463,5.53343,4.43704,42.6597,20.1805,565.075,566.03,3.54538,8.00729,0.54124,-0.0162425,5.9049,11.9285,11.9285,1.0,1.0,1
64803,31.05.2024 00:58:50.730000,288.473,129.858,7.67131,6.79,6.42,40.3524,5.50957,4.45198,51.4019,15.428,563.42,564.375,3.07508,6.95172,0.515163,-0.00729895,5.90541,13.1944,13.1944,1.0,1.0,1
64804,31.05.2024 00:58:50.740000,288.473,129.858,7.67131,6.79,6.42,40.3524,5.50957,4.45198,51.4019,15.428,563.42,564.375,3.07508,6.95172,0.515163,-0.00729895,5.90541,13.1944,13.1944,1.0,1.0,1
64805,31.05.2024 00:58:50.750000,344.833,205.005,7.67628,6.667,6.35,40.4122,5.26683,4.48218,47.2652,27.5659,561.95,562.905,2.18703,5.38317,0.491344,-0.0745387,5.90575,13.1944,13.1944,1.0,1.0,1
64806,31.05.2024 00:58:50.760000,344.833,205.005,7.67628,6.667,6.35,40.4122,5.26683,4.48218,47.2652,27.5659,561.95,562.905,2.18703,5.38317,0.491344,-0.0745387,5.90575,13.1944,13.1944,1.0,1.0,1
64807,31.05.2024 00:58:50.770000,520.093,271.5,7.66693,6.622,6.065,40.4711,4.79675,4.5594,32.9895,28.6316,560.59,561.585,1.78559,4.76743,0.520462,-0.0881076,5.90638,13.4332,13.4332,1.0,1.0,1
64808,31.05.2024 00:58:50.780000,520.093,271.5,7.66693,6.622,6.065,40.4711,4.79675,4.5594,32.9895,28.6316,560.59,561.585,1.78559,4.76743,0.520462,-0.0881076,5.90638,13.4332,13.4332,1.0,1.0,1
64809,31.05.2024 00:58:50.790000,559.314,373.013,7.68076,6.401,6.009,40.2833,4.60535,4.62922,20.131,24.6911,559.27,560.295,1.6409,4.80671,0.434215,-0.0783629,5.90726,14.2289,14.2289,1.0,1.0,1
64810,31.05.2024 00:58:50.800000,559.314,373.013,7.68076,6.401,6.009,40.2833,4.60535,4.62922,20.131,24.6911,559.27,560.295,1.6409,4.80671,0.434215,-0.0783629,5.90726,14.2289,14.2289,1.0,1.0,1
64811,31.05.2024 00:58:50.810000,613.779,472.22,7.67128,6.268,5.963,40.2242,4.76898,4.6071,16.7762,40.9658,556.815,557.655,2.13116,5.80376,0.554595,-0.0776381,5.90957,14.0408,14.0408,1.0,1.0,1
64812,31.05.2024 00:58:50.820000,633.471,547.696,7.66883,6.211,5.954,40.2599,5.03,4.51401,25.4,27.3432,555.54,556.2,3.65969,6.72949,0.492847,-0.227388,5.91057,14.0408,14.0408,1.0,1.0,1
64813,31.05.2024 00:58:50.830000,682.251,608.423,7.67256,6.137,5.91,40.2569,5.18723,4.43018,25.4,27.3432,555.54,556.2,3.65969,6.72949,0.492847,-0.227388,5.91184,13.8961,13.8961,1.0,1.0,1
64814,31.05.2024 00:58:50.840000,682.251,608.423,7.67256,6.137,5.91,40.2569,5.21378,4.40465,33.485,13.8779,554.055,554.695,5.02482,7.21617,0.407283,-0.183824,5.91184,13.8961,13.8961,1.0,1.0,1
64815,31.05.2024 00:58:50.850000,700.708,694.281,7.67786,5.983,5.898,40.25,5.18644,4.37445,40.4584,18.9639,552.565,553.125,5.61042,7.50066,0.426921,-0.217664,5.91318,14.1493,14.1493,1.0,1.0,1
64816,31.05.2024 00:58:50.860000,700.708,694.281,7.67786,5.983,5.898,40.25,5.18644,4.37445,40.4584,18.9639,552.565,553.125,5.61042,7.50066,0.426921,-0.217664,5.91318,14.1493,14.1493,1.0,1.0,1
64817,31.05.2024 00:58:50.870000,711.007,711.007,7.6724,5.904,5.875,40.2184,5.1334,4.34382,37.7696,17.1336,551.055,551.555,6.02939,7.53494,0.400211,-0.199031,5.91318,14.605,14.605,1.0,1.0,1
64818,31.05.2024 00:58:50.880000,700.296,702.85,7.67947,5.914,5.876,40.3393,4.87565,4.31451,30.9885,9.43109,549.495,549.925,6.07617,7.41297,0.383464,-0.167558,5.91436,15.285,15.285,1.0,1.0,1
64819,31.05.2024 00:58:50.890000,700.296,702.85,7.67947,5.914,5.876,40.3809,4.78031,4.31578,30.9885,9.43109,549.495,549.925,6.07617,7.41297,0.383464,-0.167558,5.91436,15.285,15.285,1.0,1.0,1
64820,31.05.2024 00:58:50.900000,699.389,705.816,7.6787,5.931,5.889,40.3809,4.70002,4.32293,21.2385,11.3681,547.91,548.305,5.94024,7.06347,0.272106,-0.135807,5.91485,14.5978,14.5978,1.0,1.0,1
64821,31.05.2024 00:58:50.910000,699.472,697.741,7.68078,5.856,5.87,40.3602,4.59828,4.34326,21.2385,11.3681,547.91,548.305,5.94024,7.06347,0.272106,-0.135807,5.9153,14.6123,14.6123,1.0,1.0,1
64822,31.05.2024 00:58:50.920000,699.472,697.741,7.68078,5.856,5.87,40.3602,4.5804,4.35778,15.5029,14.6112,546.325,546.75,5.57923,6.66623,0.27518,-0.153163,5.9153,14.6123,14.6123,1.0,1.0,1
64823,31.05.2024 00:58:50.930000,699.472,697.741,7.68078,5.856,5.87,40.3602,4.5804,4.35778,15.5029,14.6112,546.325,546.75,5.57923,6.66623,0.27518,-0.153163,5.9153,14.6123,14.6123,1.0,1.0,1
64824,31.05.2024 00:58:50.940000,696.423,696.011,7.68269,5.813,5.869,40.2455,4.58128,4.36903,14.095,12.9766,544.795,545.21,5.44784,6.75076,0.358966,-0.134653,5.91581,14.6123,14.6123,1.0,1.0,1
64825,31.05.2024 00:58:50.950000,693.457,704.828,7.67371,5.913,5.879,40.222,4.67391,4.4182,13.5473,14.4266,543.27,543.695,5.68225,7.17966,0.330814,-0.158369,5.91598,15.2561,15.2561,1.0,1.0,1
64826,31.05.2024 00:58:50.960000,693.457,704.828,7.67956,5.913,5.879,40.28,4.72193,4.43934,16.8648,18.5401,541.65,542.12,6.35014,7.89382,0.299064,-0.221599,5.91661,16.1892,16.1892,1.0,1.0,1
64827,31.05.2024 00:58:50.970000,694.034,704.828,7.67956,5.913,5.89,40.3523,4.76843,4.44712,16.8648,18.5401,541.65,542.12,6.35014,7.89382,0.299064,-0.221599,5.91661,16.1892,16.1892,1.0,1.0,1
64828,31.05.2024 00:58:50.980000,694.034,704.828,7.67956,5.913,5.89,40.3523,4.76843,4.44712,16.8648,18.5401,541.65,542.12,6.35014,7.89382,0.299064,-0.221599,5.91661,16.1892,16.1892,1.0,1.0,1
64829,31.05.2024 00:58:50.990000,693.21,690.738,7.68759,5.89,5.904,40.3523,4.81531,4.45077,22.68,24.608,539.975,540.49,6.61728,8.60842,0.36811,-0.188858,5.91652,16.1892,16.1892,1.0,1.0,1
64830,31.05.2024 00:58:51.000000,693.21,690.738,7.68759,5.89,5.904,40.3523,4.81531,4.45077,22.68,24.608,539.975,540.49,6.61728,8.60842,0.36811,-0.188858,5.91652,16.1892,16.1892,1.0,1.0,1
64831,31.05.2024 00:58:51.010000,691.15,698.648,7.68367,5.899,5.945,40.3864,4.87971,4.42874,25.4731,20.6555,538.285,538.835,6.5293,9.17217,0.423568,-0.223232,5.91692,17.2815,17.2815,1.0,1.0,1
64832,31.05.2024 00:58:51.020000,694.281,701.367,7.68937,5.971,5.937,40.4418,4.82793,4.40654,26.2012,19.4187,536.58,537.17,6.29593,9.35685,0.425003,-0.277297,5.91704,17.2888,17.2888,1.0,1.0,1
64833,31.05.2024 00:58:51.030000,694.281,701.367,7.68937,5.971,5.937,40.4418,4.71905,4.40126,25.047,16.3696,534.86,535.535,5.88481,9.30198,0.378131,-0.29783,5.91723,17.2888,17.2888,1.0,1.0,1
64834,31.05.2024 00:58:51.040000,694.281,701.367,7.68937,5.971,5.937,40.4418,4.71905,4.40126,25.047,16.3696,534.86,535.535,5.88481,9.30198,0.378131,-0.29783,5.91723,17.2888,17.2888,1.0,1.0,1
64835,31.05.2024 00:58:51.050000,697.329,693.374,7.69073,5.952,5.943,40.4454,4.66307,4.40314,22.2092,19.1553,533.145,533.965,5.35869,9.37995,0.493804,-0.237695,5.91731,17.4262,17.4262,1.0,1.0,1
64836,31.05.2024 00:58:51.060000,697.329,693.374,7.69073,5.952,5.943,40.4454,4.66307,4.40314,22.2092,19.1553,533.145,533.965,5.35869,9.37995,0.493804,-0.237695,5.91731,17.4262,17.4262,1.0,1.0,1
64837,31.05.2024 00:58:51.070000,691.15,682.251,7.68257,5.935,5.954,40.3622,4.57425,4.40941,17.2359,19.6197,531.48,532.4,4.82615,9.86489,0.421314,-0.287939,5.91742,17.7734,17.7734,1.0,1.0,1
64838,31.05.2024 00:58:51.080000,692.138,688.843,7.68868,5.972,5.928,40.2877,4.53402,4.43187,13.8119,16.0045,529.83,530.815,4.60045,10.5455,0.429515,-0.273017,5.9177,17.6939,17.6939,1.0,1.0,1
64839,31.05.2024 00:58:51.090000,692.138,688.843,7.69093,5.972,5.928,40.3214,4.54672,4.43185,12.5582,17.8653,528.125,529.13,4.6277,11.2745,0.494472,-0.244161,5.9177,17.1513,17.1513,1.0,1.0,1
64840,31.05.2024 00:58:51.100000,690.161,693.21,7.69127,5.96,5.949,40.3257,4.57222,4.43088,12.5582,17.8653,528.125,529.13,4.6277,11.2745,0.494472,-0.244161,5.9177,17.7951,17.7951,1.0,1.0,1
64841,31.05.2024 00:58:51.110000,690.161,693.21,7.69127,5.96,5.949,40.3257,4.63441,4.43048,14.9517,19.7176,526.42,527.435,4.52141,11.6859,0.459766,-0.248689,5.91777,17.7951,17.7951,1.0,1.0,1
64842,31.05.2024 00:58:51.120000,690.161,693.21,7.69127,5.96,5.949,40.3257,4.63441,4.43048,14.9517,19.7176,526.42,527.435,4.52141,11.6859,0.459766,-0.248689,5.91777,17.7951,17.7951,1.0,1.0,1
64843,31.05.2024 00:58:51.130000,686.783,688.843,7.69332,5.937,5.935,40.261,4.66717,4.42822,18.3217,18.595,524.77,525.785,4.45625,11.7865,0.5671,-0.332281,5.91824,17.7879,17.7879,1.0,1.0,1
64844,31.05.2024 00:58:51.140000,686.783,688.843,7.69332,5.937,5.935,40.261,4.66717,4.42822,18.3217,18.595,524.77,525.785,4.45625,11.7865,0.5671,-0.332281,5.91824,17.7879,17.7879,1.0,1.0,1
64845,31.05.2024 00:58:51.150000,694.363,685.711,7.68811,5.912,5.912,40.2904,4.70393,4.42482,19.8869,20.1632,523.31,524.235,4.69888,11.7488,0.589126,-0.280111,5.91858,18.0483,18.0483,1.0,1.0,1
64846,31.05.2024 00:58:51.160000,694.363,685.711,7.68811,5.912,5.912,40.2904,4.70393,4.42482,19.8869,20.1632,523.31,524.235,4.69888,11.7488,0.589126,-0.280111,5.91858,18.0483,18.0483,1.0,1.0,1
64847,31.05.2024 00:58:51.170000,693.292,692.138,7.69682,5.94,5.914,40.2633,4.67262,4.41782,21.1979,19.922,521.835,522.685,6.2224,12.4568,0.862197,-0.0795398,5.91901,17.6505,17.6505,1.0,1.0,1
64848,31.05.2024 00:58:51.180000,693.292,692.138,7.69682,5.94,5.914,40.2633,4.67262,4.41782,21.1979,19.922,521.835,522.685,6.2224,12.4568,0.862197,-0.0795398,5.91901,17.6505,17.6505,1.0,1.0,1
64849,31.05.2024 00:58:51.190000,685.711,685.794,7.68694,5.905,5.916,40.2631,4.5902,4.39551,20.1316,19.334,520.145,521.065,7.95754,13.4358,2.26748,0.80868,5.91935,17.3539,17.3539,1.0,1.0,1
64850,31.05.2024 00:58:51.200000,685.711,685.794,7.68694,5.905,5.916,40.2631,4.5902,4.39551,20.1316,19.334,520.145,521.065,7.95754,13.4358,2.26748,0.80868,5.91935,17.3539,17.3539,1.0,1.0,1
64851,31.05.2024 00:58:51.210000,689.09,692.55,7.69228,5.93,5.94,40.3476,4.43232,4.38444,11.3424,15.6809,517.0,517.9,9.19977,14.4117,3.79012,2.17717,5.92066,17.3539,17.3539,1.0,1.0,1
64852,31.05.2024 00:58:51.220000,691.232,677.801,7.6828,6.004,5.97,40.4239,4.36949,4.38055,8.39087,16.579,515.33,516.34,10.5171,15.645,4.38875,2.5215,5.92108,17.2454,17.2454,1.0,1.0,1
64853,31.05.2024 00:58:51.230000,691.232,677.801,7.6828,6.004,5.97,40.4239,4.36949,4.38055,8.39087,16.579,515.33,516.34,10.5171,15.645,4.38875,2.5215,5.92108,17.2454,17.2454,1.0,1.0,1
64854,31.05.2024 00:58:51.240000,681.839,691.809,7.70092,6.035,5.976,40.4314,4.35738,4.38834,7.45376,16.4373,513.65,514.805,11.1786,16.5276,5.51435,2.93056,5.92162,16.7101,16.7101,1.0,1.0,1
64855,31.05.2024 00:58:51.250000,681.839,691.809,7.70092,6.035,5.976,40.4314,4.35738,4.38834,7.45376,16.4373,513.65,514.805,11.1786,16.5276,5.51435,2.93056,5.92162,16.7101,16.7101,1.0,1.0,1
64856,31.05.2024 00:58:51.260000,690.161,688.76,7.68674,6.015,5.999,40.4435,4.4029,4.39212,8.16546,15.9528,511.995,513.365,11.4196,17.6036,5.58389,3.75159,5.92223,16.7101,16.7101,1.0,1.0,1
64857,31.05.2024 00:58:51.270000,694.94,691.232,7.69095,6.031,6.005,40.4267,4.49012,4.41881,10.0278,15.7322,510.535,511.935,11.295,19.2403,5.78046,5.50629,5.92288,14.9378,14.9378,1.0,1.0,1
64858,31.05.2024 00:58:51.280000,694.94,691.232,7.68427,6.031,6.005,40.3321,4.50601,4.42073,13.4412,17.969,509.25,510.565,9.01761,14.5922,6.31321,7.17914,5.92335,11.7911,11.7911,1.0,1.0,1
64859,31.05.2024 00:58:51.290000,693.374,691.232,7.68427,6.031,5.972,40.4354,4.50365,4.42135,13.4412,17.969,509.25,510.565,9.01761,14.5922,6.31321,7.17914,5.92335,11.7911,11.7911,1.0,1.0,1
64860,31.05.2024 00:58:51.300000,686.371,687.195,7.68029,6.011,5.961,40.4354,4.48399,4.42304,14.1887,15.9283,509.435,510.875,4.00889,6.05071,6.43734,8.32532,5.92361,10.8869,10.8869,1.0,1.0,1
64861,31.05.2024 00:58:51.310000,681.509,685.135,7.69418,5.976,5.96,40.4277,4.39223,4.41555,14.1887,15.9283,509.435,510.875,4.00889,6.05071,6.43734,8.32532,5.92394,10.8869,10.8869,1.0,1.0,1
64862,31.05.2024 00:58:51.320000,681.509,685.135,7.69418,5.976,5.96,40.4277,4.34467,4.41218,10.303,15.4223,509.215,511.635,3.98887,8.94602,7.47424,9.0556,5.92394,10.8869,10.8869,1.0,1.0,1
64863,31.05.2024 00:58:51.330000,681.509,685.135,7.69418,5.976,5.96,40.4277,4.34467,4.41218,10.303,15.4223,509.215,511.635,3.98887,8.94602,7.47424,9.0556,5.92394,10.8869,10.8869,1.0,1.0,1
64864,31.05.2024 00:58:51.340000,691.479,686.041,7.69284,5.995,5.98,40.4036,4.30309,4.41842,6.96411,16.3753,509.555,511.53,1.58887,13.2491,9.5207,9.78371,5.92443,10.026,10.026,1.0,1.0,1
64865,31.05.2024 00:58:51.350000,691.479,686.041,7.69284,5.995,5.98,40.4036,4.30309,4.41842,6.96411,16.3753,509.555,511.53,1.58887,13.2491,9.5207,9.78371,5.92443,10.026,10.026,1.0,1.0,1
64866,31.05.2024 00:58:51.360000,697.741,682.086,7.66061,6.118,5.987,40.8082,4.32948,4.38542,7.46957,20.0449,509.72,511.345,3.53496,12.0082,9.73432,10.2161,5.92486,9.87413,9.87413,1.0,1.0,1
64867,31.05.2024 00:58:51.370000,697.741,682.086,7.66061,6.118,5.987,40.8082,4.32948,4.38542,7.46957,20.0449,509.72,511.345,3.53496,12.0082,9.73432,10.2161,5.92486,9.87413,9.87413,1.0,1.0,1
64868,31.05.2024 00:58:51.380000,689.584,691.232,7.65683,6.044,6.004,42.2472,4.38328,4.38081,9.14838,15.3097,509.73,511.43,4.42513,11.1767,8.62382,9.95556,5.92509,9.87413,9.87413,1.0,1.0,1
64869,31.05.2024 00:58:51.390000,689.584,691.232,7.65683,6.044,6.004,42.2472,4.38328,4.38081,9.14838,15.3097,509.73,511.43,4.42513,11.1767,8.62382,9.95556,5.92509,9.87413,9.87413,1.0,1.0,1
64870,31.05.2024 00:58:51.400000,697.741,689.502,7.68892,6.008,6.017,43.1155,4.41511,4.37049,9.86255,11.7133,509.71,511.38,5.76265,11.4187,8.26506,8.96217,5.92598,8.95544,8.95544,1.0,1.0,1
64871,31.05.2024 00:58:51.410000,693.704,689.996,7.69499,6.06,5.983,44.0447,4.41273,4.40538,11.388,18.7785,509.53,511.585,5.40017,8.51005,7.56657,8.08076,5.92695,7.4508,7.4508,1.0,1.0,1
64872,31.05.2024 00:58:51.420000,686.535,688.595,7.68621,6.106,5.926,45.0494,4.40317,4.4034,11.388,18.7785,509.53,511.585,5.40017,8.51005,7.56657,8.08076,5.92695,7.58825,7.58825,1.0,1.0,1
64873,31.05.2024 00:58:51.430000,686.535,688.595,7.68621,6.106,5.926,45.0494,4.40317,4.4034,11.388,18.7785,509.53,511.585,5.40017,8.51005,7.56657,8.08076,5.92695,7.58825,7.58825,1.0,1.0,1
64874,31.05.2024 00:58:51.440000,686.535,698.648,7.68621,6.035,5.926,45.0494,4.35193,4.42175,11.422,17.1619,509.5,511.74,5.40373,9.05678,7.41561,8.24266,5.92752,7.58102,7.58102,1.0,1.0,1
64875,31.05.2024 00:58:51.450000,696.917,698.648,7.68203,6.035,5.897,47.3574,4.26169,4.42042,8.43354,16.8875,509.47,511.73,5.19387,9.48011,7.27228,8.25785,5.92813,7.58102,7.58102,1.0,1.0,1
64876,31.05.2024 00:58:51.460000,682.91,689.337,7.69347,5.995,5.992,47.3574,4.21495,4.40116,4.18321,21.0853,509.48,511.68,5.0457,8.7863,6.99656,8.09258,5.9288,7.75462,7.75462,1.0,1.0,1
64877,31.05.2024 00:58:51.470000,690.49,684.063,7.69219,6.068,6.041,48.4806,4.13853,4.35705,4.18321,21.0853,509.48,511.68,5.0457,8.7863,6.99656,8.09258,5.92926,7.66782,7.66782,1.0,1.0,1
64878,31.05.2024 00:58:51.480000,690.49,684.063,7.69219,6.068,6.041,48.4806,4.13853,4.35705,4.18321,21.0853,509.48,511.68,5.0457,8.7863,6.99656,8.09258,5.92926,7.66782,7.66782,1.0,1.0,1
64879,31.05.2024 00:58:51.490000,661.075,680.685,7.69219,6.181,6.159,48.4806,4.12572,4.33259,2.61996,15.4687,509.475,511.675,5.12445,8.0402,6.83299,7.98051,5.92926,7.95718,7.95718,1.0,1.0,1
64880,31.05.2024 00:58:51.500000,661.075,680.685,7.69219,6.181,6.159,48.4806,4.12572,4.33259,2.61996,15.4687,509.475,511.675,5.12445,8.0402,6.83299,7.98051,5.92926,7.95718,7.95718,1.0,1.0,1
64881,31.05.2024 00:58:51.510000,641.629,660.498,7.58589,6.228,6.199,50.4967,4.14658,4.28298,0.56041,10.6454,509.505,511.705,5.33371,7.31716,6.80958,7.99476,5.92968,8.01505,8.01505,1.0,1.0,1
64882,31.05.2024 00:58:51.520000,641.629,660.498,7.58589,6.228,6.199,50.4967,4.14658,4.28298,0.56041,10.6454,509.505,511.705,5.33371,7.31716,6.80958,7.99476,5.92968,8.01505,8.01505,1.0,1.0,1
64883,31.05.2024 00:58:51.530000,646.82,648.138,7.55216,6.278,6.251,51.6437,4.24369,4.23422,7.26569,8.81243,509.5,511.825,6.15628,6.23509,6.63865,7.83522,5.93042,7.26273,7.26273,1.0,1.0,1
64884,31.05.2024 00:58:51.540000,643.854,643.112,7.49465,6.336,6.284,52.8502,4.29683,4.23464,8.62526,3.80052,509.445,511.85,6.70339,6.3944,6.43033,7.68319,5.93111,7.26273,7.26273,1.0,1.0,1
64885,31.05.2024 00:58:51.550000,647.067,609.164,7.41888,6.407,6.314,54.0021,4.33218,4.26925,8.62526,3.80052,509.445,511.85,6.70339,6.3944,6.43033,7.68319,5.93148,7.26273,7.26273,1.0,1.0,1
64886,31.05.2024 00:58:51.560000,647.067,609.164,7.41888,6.407,6.314,54.0021,4.33787,4.30431,11.2293,8.06656,509.35,511.805,6.7275,6.09565,6.11473,7.5868,5.93148,7.26273,7.26273,1.0,1.0,1
64887,31.05.2024 00:58:51.570000,647.067,609.164,7.41888,6.407,6.314,54.0021,4.33787,4.30431,11.2293,8.06656,509.35,511.805,6.7275,6.09565,6.11473,7.5868,5.93148,7.26273,7.26273,1.0,1.0,1
64888,31.05.2024 00:58:51.580000,653.741,623.831,7.38164,6.389,6.305,55.1913,4.33634,4.35177,10.7993,14.8333,509.29,511.79,6.28768,5.69873,5.84771,7.54563,5.93239,6.83594,6.83594,1.0,1.0,1
64889,31.05.2024 00:58:51.590000,692.798,675.082,7.36795,6.375,6.197,56.3745,4.32638,4.43887,11.6854,17.8549,509.285,511.795,5.9511,5.27074,5.82265,7.56379,5.93304,6.83594,6.83594,1.0,1.0,1
64890,31.05.2024 00:58:51.600000,692.798,675.082,7.36795,6.375,6.197,56.3745,4.32638,4.43887,11.6854,17.8549,509.285,511.795,5.9511,5.27074,5.82265,7.56379,5.93304,6.83594,6.83594,1.0,1.0,1
64891,31.05.2024 00:58:51.610000,662.805,675.082,7.38719,6.375,6.083,57.6063,4.31947,4.47111,12.0861,22.1667,509.3,511.81,5.86427,5.1416,5.67428,7.40859,5.93417,6.6551,6.6551,1.0,1.0,1
64892,31.05.2024 00:58:51.620000,639.322,684.063,7.36577,6.376,6.098,58.7773,4.32229,4.49046,12.4532,26.6614,509.275,511.795,5.92062,5.15946,5.64943,7.26355,5.93556,6.93721,6.93721,1.0,1.0,1
64893,31.05.2024 00:58:51.630000,624.243,686.371,7.28932,6.32,6.071,60.0543,4.34457,4.44409,12.4532,26.6614,509.275,511.795,5.92062,5.15946,5.64943,7.26355,5.93664,6.93721,6.93721,1.0,1.0,1
64894,31.05.2024 00:58:51.640000,624.243,686.371,7.28932,6.32,6.071,60.0543,4.34998,4.41832,14.4573,26.497,509.255,511.8,5.95215,5.00137,5.70398,7.026,5.93664,6.93721,6.93721,1.0,1.0,1
64895,31.05.2024 00:58:51.650000,624.243,686.371,7.28932,6.32,6.071,60.0543,4.34998,4.41832,14.4573,26.497,509.255,511.8,5.95215,5.00137,5.70398,7.026,5.93664,6.93721,6.93721,1.0,1.0,1
64896,31.05.2024 00:58:51.660000,599.606,666.101,7.29375,6.262,6.087,61.304,4.35954,4.39059,15.0704,16.2745,509.21,511.795,5.9946,5.02784,5.63743,6.94704,5.93779,6.95167,6.95167,1.0,1.0,1
64897,31.05.2024 00:58:51.670000,577.441,613.284,7.32009,6.275,6.024,62.44,4.35978,4.28327,16.577,15.7612,509.195,511.76,5.90095,5.10917,5.40557,6.89003,5.93919,6.71296,6.71296,1.0,1.0,1
64898,31.05.2024 00:58:51.680000,577.441,613.284,7.30935,6.275,6.024,63.6813,4.33998,4.26592,15.2133,8.01708,509.17,511.725,5.82946,4.9451,5.131,6.84643,5.94056,6.66956,6.66956,1.0,1.0,1
64899,31.05.2024 00:58:51.690000,570.437,613.284,7.30935,6.275,6.052,64.7402,4.32145,4.24824,15.2133,8.01708,509.17,511.725,5.82946,4.9451,5.131,6.84643,5.94056,6.66956,6.66956,1.0,1.0,1
64900,31.05.2024 00:58:51.700000,570.437,613.284,7.30935,6.275,6.052,64.7402,4.32145,4.24824,15.2133,8.01708,509.17,511.725,5.82946,4.9451,5.131,6.84643,5.94056,6.66956,6.66956,1.0,1.0,1
64901,31.05.2024 00:58:51.710000,567.554,620.288,7.24442,6.256,6.135,64.7402,4.30103,4.23074,13.1337,3.70404,509.11,511.69,5.76602,4.88438,5.11581,6.76675,5.94131,6.89381,6.89381,1.0,1.0,1
64902,31.05.2024 00:58:51.720000,582.467,613.284,7.19992,6.24,6.152,65.8055,4.16386,4.23856,11.0836,4.14427,509.065,511.65,5.55439,4.87587,5.08477,6.70756,5.94197,6.56829,6.56829,1.0,1.0,1
64903,31.05.2024 00:58:51.730000,582.467,613.284,7.17326,6.24,6.152,66.965,4.10304,4.22243,5.95902,8.29125,508.99,511.63,5.37432,4.75097,5.04876,6.70421,5.94235,6.90104,6.90104,1.0,1.0,1
64904,31.05.2024 00:58:51.740000,560.467,623.007,7.1162,6.273,6.28,67.941,4.03607,4.2088,5.95902,8.29125,508.99,511.63,5.37432,4.75097,5.04876,6.70421,5.94235,6.60446,6.60446,1.0,1.0,1
64905,31.05.2024 00:58:51.750000,560.467,623.007,7.1162,6.273,6.28,67.941,3.92567,4.21539,-0.501149,2.46511,508.975,511.59,4.89396,4.66653,5.15573,6.55906,5.94281,6.60446,6.60446,1.0,1.0,1
64906,31.05.2024 00:58:51.760000,560.467,623.007,7.1162,6.273,6.28,67.941,3.92567,4.21539,-0.501149,2.46511,508.975,511.59,4.89396,4.66653,5.15573,6.55906,5.94281,6.60446,6.60446,1.0,1.0,1
64907,31.05.2024 00:58:51.770000,569.943,622.43,6.95857,6.304,6.59,68.7249,3.90319,4.21688,-4.90354,2.09912,508.96,511.53,4.76139,4.70357,5.39244,6.53463,5.94352,6.84317,6.84317,1.0,1.0,1
64908,31.05.2024 00:58:51.780000,569.943,622.43,6.95857,6.304,6.59,68.7249,3.90319,4.21688,-4.90354,2.09912,508.96,511.53,4.76139,4.70357,5.39244,6.53463,5.94352,6.84317,6.84317,1.0,1.0,1
64909,31.05.2024 00:58:51.790000,520.752,616.003,6.75651,6.405,6.704,69.6432,3.93215,4.19795,-4.24109,7.11512,508.975,511.505,4.75264,4.67632,5.37763,6.47309,5.94392,6.90104,6.90104,1.0,1.0,1
64910,31.05.2024 00:58:51.800000,553.546,567.059,6.62617,6.628,6.498,70.6055,4.13482,4.20624,-0.0785266,2.04655,508.945,511.505,5.10632,4.54407,5.28904,6.39393,5.94488,7.19763,7.19763,1.0,1.0,1
64911,31.05.2024 00:58:51.810000,553.546,567.059,6.60182,6.628,6.498,71.5034,4.21499,4.22321,5.63776,4.46522,508.875,511.495,5.07438,4.79258,5.36708,6.42554,5.94502,7.3423,7.3423,1.0,1.0,1
64912,31.05.2024 00:58:51.820000,579.419,549.508,6.5615,6.606,6.426,72.2792,4.27948,4.23827,5.63776,4.46522,508.875,511.495,5.07438,4.79258,5.36708,6.42554,5.94502,7.3423,7.3423,1.0,1.0,1
64913,31.05.2024 00:58:51.830000,579.419,549.508,6.5615,6.606,6.426,72.2792,4.39021,4.2903,15.9025,10.6271,508.825,511.41,4.89181,5.0324,5.19563,6.39708,5.94638,7.3423,7.3423,1.0,1.0,1
64914,31.05.2024 00:58:51.840000,584.115,589.306,6.46828,6.531,6.315,72.9787,4.4056,4.31633,19.3273,15.7415,508.79,511.365,4.70099,4.84267,5.22972,6.36318,5.94766,7.42187,7.42187,1.0,1.0,1
64915,31.05.2024 00:58:51.850000,584.115,589.306,6.46828,6.531,6.315,73.5885,4.40371,4.3342,19.3273,15.7415,508.79,511.365,4.70099,4.84267,5.22972,6.36318,5.94766,7.42187,7.42187,1.0,1.0,1
64916,31.05.2024 00:58:51.860000,577.524,586.917,6.33205,6.575,6.293,73.5885,4.38892,4.34634,18.349,12.1992,508.78,511.325,4.52188,4.60482,5.29403,6.32078,5.94914,7.60271,7.60271,1.0,1.0,1
64917,31.05.2024 00:58:51.870000,593.262,564.505,6.21603,6.602,6.182,74.295,4.31677,4.36883,18.349,12.1992,508.78,511.325,4.52188,4.60482,5.29403,6.32078,5.95035,7.65336,7.65336,1.0,1.0,1
64918,31.05.2024 00:58:51.880000,593.262,564.505,6.21603,6.602,6.182,74.295,4.27953,4.37481,18.3985,14.6873,508.765,511.305,4.54561,4.82147,5.30173,6.32026,5.95035,7.65336,7.65336,1.0,1.0,1
64919,31.05.2024 00:58:51.890000,575.793,579.419,6.17495,6.54,6.1,75.0161,4.24747,4.36436,13.9688,16.7216,508.775,511.275,4.70938,5.02187,5.38546,6.36988,5.95119,7.85591,7.85591,1.0,1.0,1
64920,31.05.2024 00:58:51.900000,575.793,579.419,6.17495,6.54,6.1,75.0161,4.24747,4.36436,13.9688,16.7216,508.775,511.275,4.70938,5.02187,5.38546,6.36988,5.95119,7.85591,7.85591,1.0,1.0,1
64921,31.05.2024 00:58:51.910000,589.636,603.561,6.17469,6.461,6.038,75.5913,4.21649,4.34341,13.3749,13.9445,508.71,511.2,5.07132,5.31811,5.42471,6.26355,5.95119,8.05122,8.05122,1.0,1.0,1
64922,31.05.2024 00:58:51.920000,589.636,603.561,6.17469,6.461,6.038,75.5913,4.21649,4.34341,13.3749,13.9445,508.71,511.2,5.07132,5.31811,5.42471,6.26355,5.95119,8.05122,8.05122,1.0,1.0,1
64923,31.05.2024 00:58:51.930000,570.932,610.73,6.0886,6.448,5.978,75.9981,4.19365,4.28885,11.5549,10.7106,508.635,511.145,5.28604,5.1307,5.34867,6.20104,5.95287,8.05122,8.05122,1.0,1.0,1
64924,31.05.2024 00:58:51.940000,570.932,610.73,6.0886,6.448,5.978,75.9981,4.19365,4.28885,11.5549,10.7106,508.635,511.145,5.28604,5.1307,5.34867,6.20104,5.95287,8.05122,8.05122,1.0,1.0,1
64925,31.05.2024 00:58:51.950000,584.857,602.16,5.97738,6.461,5.981,76.595,4.22837,4.26877,12.9224,12.6237,508.545,511.125,5.19329,4.99689,5.38588,6.30537,5.95344,8.15972,8.15972,1.0,1.0,1
64926,31.05.2024 00:58:51.960000,584.857,602.16,5.97738,6.461,5.981,76.595,4.22837,4.26877,12.9224,12.6237,508.545,511.125,5.19329,4.99689,5.38588,6.30537,5.95344,8.15972,8.15972,1.0,1.0,1
64927,31.05.2024 00:58:51.970000,586.175,621.771,5.93365,6.27,5.891,77.1132,4.27425,4.27465,15.7981,11.4831,508.545,511.1,5.02735,5.16797,5.2318,6.27009,5.95404,8.21036,8.21036,1.0,1.0,1
64928,31.05.2024 00:58:51.980000,576.288,618.31,5.89954,6.241,5.845,78.0092,4.28501,4.28268,16.5751,8.33247,508.535,511.04,5.16266,5.2816,5.22222,6.22493,5.9544,8.21036,8.21036,1.0,1.0,1
64929,31.05.2024 00:58:51.990000,576.288,618.31,5.89954,6.241,5.845,78.0092,4.248,4.32294,16.4409,11.1425,508.52,510.98,5.45905,5.25452,5.19846,6.25676,5.95458,8.21036,8.21036,1.0,1.0,1
64930,31.05.2024 00:58:52.000000,576.288,618.31,5.89954,6.241,5.845,78.0092,4.248,4.32294,16.4409,11.1425,508.52,510.98,5.45905,5.25452,5.19846,6.25676,5.95458,8.21036,8.21036,1.0,1.0,1
64931,31.05.2024 00:58:52.010000,582.632,626.303,5.84054,6.236,5.789,78.3948,4.24217,4.33921,16.1814,14.93,508.48,510.925,5.68996,5.01196,5.24531,6.29085,5.95459,8.50694,8.50694,1.0,1.0,1
64932,31.05.2024 00:58:52.020000,582.632,626.303,5.84054,6.236,5.789,78.3948,4.24217,4.33921,16.1814,14.93,508.48,510.925,5.68996,5.01196,5.24531,6.29085,5.95459,8.50694,8.50694,1.0,1.0,1
64933,31.05.2024 00:58:52.030000,578.512,619.052,5.82038,6.189,5.863,78.6987,4.24743,4.35631,15.2215,19.0761,508.405,510.89,5.84474,4.93466,5.27921,6.24871,5.95436,8.76737,8.76737,1.0,1.0,1
64934,31.05.2024 00:58:52.040000,578.512,619.052,5.82038,6.189,5.863,78.6987,4.24743,4.35631,15.2215,19.0761,508.405,510.89,5.84474,4.93466,5.27921,6.24871,5.95436,8.76737,8.76737,1.0,1.0,1
64935,31.05.2024 00:58:52.050000,578.512,616.498,5.84779,6.047,5.828,78.9555,4.29608,4.40051,16.1402,17.7433,508.335,510.85,5.67252,4.91557,5.30012,6.31165,5.95421,8.87587,8.87587,1.0,1.0,1
64936,31.05.2024 00:58:52.060000,578.512,616.498,5.84779,6.047,5.828,78.9555,4.29608,4.40051,16.1402,17.7433,508.335,510.85,5.67252,4.91557,5.30012,6.31165,5.95421,8.87587,8.87587,1.0,1.0,1
64937,31.05.2024 00:58:52.070000,581.479,624.161,5.87545,6.035,5.83,79.466,4.31891,4.41671,14.5257,21.9859,508.325,510.82,5.39447,4.93755,5.34902,6.31589,5.95393,8.72396,8.72396,1.0,1.0,1
64938,31.05.2024 00:58:52.080000,581.479,624.161,5.87545,6.035,5.83,79.466,4.31891,4.41671,14.5257,21.9859,508.325,510.82,5.39447,4.93755,5.34902,6.31589,5.95393,8.72396,8.72396,1.0,1.0,1
64939,31.05.2024 00:58:52.090000,585.434,620.123,5.8906,5.99,5.774,79.6726,4.33067,4.3744,18.763,19.5845,508.31,510.74,5.64307,4.82126,5.05583,6.38326,5.95281,8.77459,8.77459,1.0,1.0,1
64940,31.05.2024 00:58:52.100000,571.014,621.936,5.93246,5.955,5.801,79.9334,4.29302,4.36367,20.2092,18.3632,508.225,510.69,5.91145,4.99262,4.86346,6.31517,5.95235,8.76013,8.76013,1.0,1.0,1
64941,31.05.2024 00:58:52.110000,574.969,613.037,5.95027,5.898,5.856,80.1832,4.22135,4.30535,20.2092,18.3632,508.225,510.69,5.91145,4.99262,4.86346,6.31517,5.95163,8.87587,8.87587,1.0,1.0,1
64942,31.05.2024 00:58:52.120000,574.969,613.037,5.95027,5.898,5.856,80.1832,4.17529,4.29847,16.0223,15.3722,508.18,510.63,5.87291,4.8542,4.77426,6.1478,5.95163,8.87587,8.87587,1.0,1.0,1
64943,31.05.2024 00:58:52.130000,585.846,616.827,5.94273,5.94,5.936,80.3344,4.12793,4.29199,12.1067,8.86391,508.16,510.585,5.73268,4.57056,4.85082,6.12637,5.9506,8.76737,8.76737,1.0,1.0,1
64944,31.05.2024 00:58:52.140000,585.846,616.827,5.94273,5.94,5.936,80.3344,4.12793,4.29199,12.1067,8.86391,508.16,510.585,5.73268,4.57056,4.85082,6.12637,5.9506,8.76737,8.76737,1.0,1.0,1
64945,31.05.2024 00:58:52.150000,581.643,622.101,5.97183,5.979,5.864,80.4854,4.09172,4.27922,8.99454,11.7661,508.135,510.56,5.75005,4.60833,4.84768,6.03064,5.9506,8.76737,8.76737,1.0,1.0,1
64946,31.05.2024 00:58:52.160000,581.643,622.101,5.97183,5.979,5.864,80.4854,4.09172,4.27922,8.99454,11.7661,508.135,510.56,5.75005,4.60833,4.84768,6.03064,5.9506,8.76737,8.76737,1.0,1.0,1
64947,31.05.2024 00:58:52.170000,580.737,622.925,6.03662,5.962,5.86,80.6994,4.02606,4.28634,6.95483,9.18206,508.125,510.55,5.77594,4.76568,4.92178,5.96851,5.94875,8.1742,8.1742,1.0,1.0,1
64948,31.05.2024 00:58:52.180000,574.31,615.921,6.08531,5.91,5.873,80.872,4.0108,4.29825,4.7643,9.26128,508.11,510.505,5.95784,4.68755,4.94493,6.02991,5.94844,8.42737,8.42737,1.0,1.0,1
64949,31.05.2024 00:58:52.190000,582.715,617.816,6.10247,5.92,5.923,81.0065,4.01385,4.3037,4.7643,9.26128,508.11,510.505,5.95784,4.68755,4.94493,6.02991,5.94771,8.31886,8.31886,1.0,1.0,1
64950,31.05.2024 00:58:52.200000,582.715,617.816,6.10247,5.92,5.923,81.0065,4.02615,4.30021,3.84504,9.11535,508.03,510.465,6.14158,4.85756,4.95821,6.07616,5.94771,8.31886,8.31886,1.0,1.0,1
64951,31.05.2024 00:58:52.210000,568.872,595.157,6.08755,5.99,5.927,81.0575,4.04979,4.28258,5.24825,13.0731,507.985,510.375,5.98875,4.88736,4.94779,5.99519,5.9475,8.31886,8.31886,1.0,1.0,1
64952,31.05.2024 00:58:52.220000,568.872,595.157,6.08755,5.99,5.927,81.0575,4.04979,4.28258,5.24825,13.0731,507.985,510.375,5.98875,4.88736,4.94779,5.99519,5.9475,8.31886,8.31886,1.0,1.0,1
64953,31.05.2024 00:58:52.230000,527.096,509.134,6.10129,6.113,6.029,81.1321,4.07588,4.27242,7.64487,8.01152,507.97,510.31,5.72336,4.77245,5.07789,6.10938,5.9475,7.97164,7.97164,1.0,1.0,1
64954,31.05.2024 00:58:52.240000,527.096,509.134,6.10129,6.113,6.029,81.1321,4.07588,4.27242,7.64487,8.01152,507.97,510.31,5.72336,4.77245,5.07789,6.10938,5.9475,7.97164,7.97164,1.0,1.0,1
64955,31.05.2024 00:58:52.250000,508.804,484.003,6.11596,6.118,6.041,81.1699,4.19549,4.2937,11.3436,12.5455,507.955,510.28,5.65536,4.54196,5.15551,6.09692,5.94689,7.82697,7.82697,1.0,1.0,1
64956,31.05.2024 00:58:52.260000,508.804,484.003,6.11596,6.118,6.041,81.1699,4.19549,4.2937,11.3436,12.5455,507.955,510.28,5.65536,4.54196,5.15551,6.09692,5.94689,7.82697,7.82697,1.0,1.0,1
64957,31.05.2024 00:58:52.270000,502.212,471.725,6.14421,6.099,5.986,81.278,4.23939,4.30832,15.7406,13.7861,507.915,510.24,5.64029,4.5241,5.21034,6.08577,5.94691,7.82697,7.82697,1.0,1.0,1
64958,31.05.2024 00:58:52.280000,502.212,471.725,6.14421,6.099,5.986,81.278,4.23939,4.30832,15.7406,13.7861,507.915,510.24,5.64029,4.5241,5.21034,6.08577,5.94691,7.82697,7.82697,1.0,1.0,1
64959,31.05.2024 00:58:52.290000,487.298,438.107,6.17288,6.124,5.994,81.3696,4.19465,4.31885,17.9272,14.5649,507.92,510.195,5.56933,4.60489,5.30491,6.05323,5.94662,7.79803,7.79803,1.0,1.0,1
64960,31.05.2024 00:58:52.300000,479.883,420.557,6.19123,6.129,5.995,81.4299,4.11092,4.324,15.3765,11.5051,507.92,510.205,5.71628,4.56405,5.38103,6.14945,5.94661,7.55209,7.55209,1.0,1.0,1
64961,31.05.2024 00:58:52.310000,479.883,420.557,6.19123,6.129,5.995,81.4299,4.02059,4.31718,12.0758,16.3657,507.85,510.145,5.86952,4.84451,5.40321,6.20205,5.94696,7.55209,7.55209,1.0,1.0,1
64962,31.05.2024 00:58:52.320000,479.883,420.557,6.19123,6.129,5.995,81.4299,4.02059,4.31718,12.0758,16.3657,507.85,510.145,5.86952,4.84451,5.40321,6.20205,5.94696,7.55209,7.55209,1.0,1.0,1
64963,31.05.2024 00:58:52.330000,454.751,399.216,6.2046,6.111,6.067,81.4703,3.99741,4.31329,5.46183,12.4771,507.82,510.06,5.73375,4.93893,5.47807,6.20556,5.94734,7.55209,7.55209,1.0,1.0,1
64964,31.05.2024 00:58:52.340000,454.751,399.216,6.2046,6.111,6.067,81.4703,3.99741,4.31329,5.46183,12.4771,507.82,510.06,5.73375,4.93893,5.47807,6.20556,5.94734,7.55209,7.55209,1.0,1.0,1
64965,31.05.2024 00:58:52.350000,449.56,386.526,6.20203,6.117,6.018,81.5016,3.97848,4.30065,4.7849,11.0611,507.81,510.02,5.62756,4.6257,5.59156,6.13128,5.94769,7.86314,7.86314,1.0,1.0,1
64966,31.05.2024 00:58:52.360000,405.395,320.032,6.17421,6.155,6.023,81.465,4.02338,4.26376,3.34545,10.1108,507.78,509.995,5.76744,4.55452,5.65589,6.15921,5.9481,7.93548,7.93548,1.0,1.0,1
64967,31.05.2024 00:58:52.370000,405.395,320.032,6.18066,6.155,6.023,81.4619,4.04421,4.2593,5.91392,9.60798,507.755,509.975,5.72182,4.70472,5.69725,6.24073,5.94882,7.60995,7.60995,1.0,1.0,1
64968,31.05.2024 00:58:52.380000,392.624,306.436,6.17565,6.132,6.073,81.5052,4.06851,4.25884,5.91392,9.60798,507.755,509.975,5.72182,4.70472,5.69725,6.24073,5.94882,7.41464,7.41464,1.0,1.0,1
64969,31.05.2024 00:58:52.390000,392.624,306.436,6.17565,6.132,6.073,81.5052,4.10245,4.25716,8.64451,8.51288,507.75,509.93,5.80961,4.88656,5.70518,6.12906,5.94949,7.41464,7.41464,1.0,1.0,1
64970,31.05.2024 00:58:52.400000,392.624,306.436,6.17565,6.132,6.073,81.5052,4.10245,4.25716,8.64451,8.51288,507.75,509.93,5.80961,4.88656,5.70518,6.12906,5.94949,7.41464,7.41464,1.0,1.0,1
64971,31.05.2024 00:58:52.410000,381.995,298.608,6.14564,6.129,6.024,81.5108,4.11051,4.26342,11.9044,8.168,507.735,509.89,6.02717,5.06647,5.84003,6.08416,5.94996,7.46528,7.46528,1.0,1.0,1
64972,31.05.2024 00:58:52.420000,365.433,273.889,6.12326,6.151,6.097,81.5289,4.11478,4.27887,13.0092,11.368,507.71,509.85,6.13445,5.19298,5.84788,6.04985,5.95089,7.35678,7.35678,1.0,1.0,1
64973,31.05.2024 00:58:52.430000,345.575,236.645,6.09833,6.166,6.043,81.5375,4.11173,4.29034,13.0092,11.368,507.71,509.85,6.13445,5.19298,5.84788,6.04985,5.95187,7.40018,7.40018,1.0,1.0,1
64974,31.05.2024 00:58:52.440000,345.575,236.645,6.09833,6.166,6.043,81.5375,4.11733,4.29577,12.006,8.22428,507.69,509.805,6.28324,5.2926,5.8908,6.05611,5.95187,7.40018,7.40018,1.0,1.0,1
64975,31.05.2024 00:58:52.450000,331.073,225.439,6.08704,6.14,6.065,81.639,4.12178,4.2967,12.5878,10.6752,507.685,509.78,6.43213,5.42416,5.96356,6.09041,5.95283,7.40018,7.40018,1.0,1.0,1
64976,31.05.2024 00:58:52.460000,326.541,225.275,6.07059,6.09,6.02,81.6035,4.12525,4.29755,12.5878,10.6752,507.685,509.78,6.43213,5.42416,5.96356,6.09041,5.95283,7.40018,7.40018,1.0,1.0,1
64977,31.05.2024 00:58:52.470000,326.541,225.275,6.07059,6.09,6.02,81.6035,4.13111,4.29779,12.4809,13.0807,507.665,509.725,6.56235,5.4685,5.97335,6.13624,5.95344,7.40018,7.40018,1.0,1.0,1
64978,31.05.2024 00:58:52.480000,327.2,212.668,6.06034,6.075,5.983,81.584,4.12486,4.29607,13.3999,11.6115,507.655,509.67,6.70542,5.37491,6.07566,6.14908,5.95411,7.2989,7.2989,1.0,1.0,1
64979,31.05.2024 00:58:52.490000,327.2,212.668,6.06034,6.075,5.983,81.7729,4.11774,4.29434,13.3999,11.6115,507.655,509.67,6.70542,5.37491,6.07566,6.14908,5.95411,7.2989,7.2989,1.0,1.0,1
64980,31.05.2024 00:58:52.500000,325.717,188.69,6.05157,6.063,5.939,81.7729,4.1023,4.29457,9.82568,11.628,507.64,509.65,6.76079,5.12494,6.07696,6.25686,5.95513,7.30614,7.30614,1.0,1.0,1
64981,31.05.2024 00:58:52.510000,325.964,182.675,6.03439,6.014,5.913,81.6796,4.06946,4.29616,9.82568,11.628,507.64,509.65,6.76079,5.12494,6.07696,6.25686,5.95627,7.10358,7.10358,1.0,1.0,1
64982,31.05.2024 00:58:52.520000,325.964,182.675,6.03439,6.014,5.913,81.6796,4.05257,4.2961,10.0029,13.3329,507.6,509.64,6.85785,5.24304,6.17453,6.32945,5.95627,7.10358,7.10358,1.0,1.0,1
64983,31.05.2024 00:58:52.530000,316.241,187.372,6.03389,5.987,5.905,81.6637,4.03874,4.29361,8.20282,11.0962,507.57,509.61,6.73296,5.53638,6.25126,6.32965,5.95695,7.49421,7.49421,1.0,1.0,1
64984,31.05.2024 00:58:52.540000,289.215,172.705,6.02963,5.988,5.919,81.681,4.02684,4.29229,8.20282,11.0962,507.57,509.61,6.73296,5.53638,6.25126,6.32965,5.95695,7.49421,7.49421,1.0,1.0,1
64985,31.05.2024 00:58:52.550000,289.215,172.705,6.02963,5.988,5.919,81.681,4.014,4.29036,8.17276,12.2135,507.57,509.575,6.7255,5.49378,6.26189,6.32845,5.95725,7.49421,7.49421,1.0,1.0,1
64986,31.05.2024 00:58:52.560000,278.751,143.042,6.03324,6.002,5.925,81.7129,4.0123,4.28848,8.27846,9.77452,507.58,509.54,6.86589,5.55562,6.33511,6.45248,5.95754,7.47975,7.47975,1.0,1.0,1
64987,31.05.2024 00:58:52.570000,278.751,143.042,6.03324,6.002,5.925,81.9315,4.01423,4.28559,8.27846,9.77452,507.58,509.54,6.86589,5.55562,6.33511,6.45248,5.95754,7.47975,7.47975,1.0,1.0,1
64988,31.05.2024 00:58:52.580000,261.694,124.832,6.04333,5.965,5.892,81.9315,4.0196,4.28317,8.29054,11.8449,507.575,509.52,6.91896,5.72072,6.41139,6.5376,5.95794,7.92824,7.92824,1.0,1.0,1
64989,31.05.2024 00:58:52.590000,261.694,124.832,6.04333,5.965,5.892,81.9315,4.0196,4.28317,8.29054,11.8449,507.575,509.52,6.91896,5.72072,6.41139,6.5376,5.95794,7.92824,7.92824,1.0,1.0,1
64990,31.05.2024 00:58:52.600000,240.271,122.772,6.04535,5.939,5.942,81.8179,4.03787,4.28187,10.5038,8.48133,507.555,509.485,7.05823,5.88748,6.36865,6.52288,5.95855,7.92824,7.92824,1.0,1.0,1
64991,31.05.2024 00:58:52.610000,215.057,115.604,6.04093,5.939,5.941,81.7758,4.05887,4.28095,9.45136,9.37903,507.535,509.43,7.03472,5.86309,6.44397,6.59347,5.95869,7.92824,7.92824,1.0,1.0,1
64992,31.05.2024 00:58:52.620000,178.061,92.0379,6.05571,5.977,5.948,81.761,4.06811,4.28075,9.45136,9.37903,507.535,509.43,7.03472,5.86309,6.44397,6.59347,5.95869,7.90654,7.90654,1.0,1.0,1
64993,31.05.2024 00:58:52.630000,178.061,92.0379,6.05571,5.977,5.948,81.761,4.08219,4.2832,10.1917,9.85183,507.525,509.43,6.92335,5.69716,6.37904,6.64791,5.95884,7.90654,7.90654,1.0,1.0,1
64994,31.05.2024 00:58:52.640000,178.061,92.0379,6.05571,5.977,5.948,81.761,4.08219,4.2832,10.1917,9.85183,507.525,509.43,6.92335,5.69716,6.37904,6.64791,5.95884,7.90654,7.90654,1.0,1.0,1
64995,31.05.2024 00:58:52.650000,166.69,42.5995,6.0635,5.995,5.933,81.7271,4.08507,4.28297,11.4173,7.80077,507.54,509.445,6.93325,5.80683,6.44356,6.69547,5.95942,8.01505,8.01505,1.0,1.0,1
64996,31.05.2024 00:58:52.660000,166.69,42.5995,6.0635,5.995,5.933,81.7271,4.08507,4.28297,11.4173,7.80077,507.54,509.445,6.93325,5.80683,6.44356,6.69547,5.95942,8.01505,8.01505,1.0,1.0,1
64997,31.05.2024 00:58:52.670000,146.338,0.576782,6.076,6.011,5.961,81.6204,4.0775,4.28096,11.1761,9.85732,507.535,509.405,7.02736,6.17473,6.49971,6.7342,5.95924,7.94271,7.94271,1.0,1.0,1
64998,31.05.2024 00:58:52.680000,146.338,0.576782,6.076,6.011,5.961,81.6204,4.0775,4.28096,11.1761,9.85732,507.535,509.405,7.02736,6.17473,6.49971,6.7342,5.95924,7.94271,7.94271,1.0,1.0,1
64999,31.05.2024 00:58:52.690000,113.379,-51.7456,6.08757,5.98,5.945,81.6375,4.04285,4.27856,11.2856,11.1227,507.51,509.35,7.22395,6.23222,6.49166,6.74384,5.95976,7.95718,7.95718,1.0,1.0,1
65000,31.05.2024 00:58:52.700000,113.379,-51.7456,6.08757,5.98,5.945,81.6375,4.04285,4.27856,11.2856,11.1227,507.51,509.35,7.22395,6.23222,6.49166,6.74384,5.95976,7.95718,7.95718,1.0,1.0,1
65001,31.05.2024 00:58:52.710000,103.656,-51.004,6.11298,5.939,5.978,81.6211,4.01199,4.27948,9.09991,10.2103,507.49,509.34,7.20483,6.00809,6.63815,6.7848,5.95959,7.95718,7.95718,0.0,1.0,1
65002,31.05.2024 00:58:52.720000,103.656,-51.004,6.11298,5.939,5.978,81.6211,4.01199,4.27948,9.09991,10.2103,507.49,509.34,7.20483,6.00809,6.63815,6.7848,5.95959,7.95718,7.95718,0.0,1.0,1
65003,31.05.2024 00:58:52.730000,99.5361,-53.2287,6.12307,5.91,5.992,81.5992,3.96693,4.26851,6.46752,7.49281,507.49,509.33,7.25302,6.31744,6.60357,6.87787,5.96015,7.97888,7.97888,0.0,1.0,1
65004,31.05.2024 00:58:52.740000,65.2588,-83.0566,6.12681,5.931,6.012,81.5446,3.9528,4.26262,6.25139,4.97771,507.485,509.26,7.29023,6.32175,6.59075,6.89453,5.96033,8.06569,8.06569,0.0,1.0,1
65005,31.05.2024 00:58:52.750000,43.341,-109.671,6.1264,6.009,6.006,81.6032,3.95435,4.25488,6.25139,4.97771,507.485,509.26,7.29023,6.32175,6.59075,6.89453,5.96058,7.90654,7.90654,0.0,1.0,1
65006,31.05.2024 00:58:52.760000,43.341,-109.671,6.1264,6.009,6.006,81.6032,3.95753,4.24991,7.13957,6.89959,507.48,509.25,7.2298,6.04213,6.6243,6.90477,5.96058,7.90654,7.90654,0.0,1.0,1
65007,31.05.2024 00:58:52.770000,43.341,-109.671,6.1264,6.009,6.006,81.6032,3.95753,4.24991,7.13957,6.89959,507.48,509.25,7.2298,6.04213,6.6243,6.90477,5.96058,7.90654,7.90654,0.0,1.0,1
65008,31.05.2024 00:58:52.780000,11.2884,-147.409,6.12378,6.076,6.011,81.6035,3.96488,4.24533,6.98161,5.16929,507.465,509.26,7.20193,6.07526,6.6494,6.92789,5.96074,7.90654,7.90654,0.0,1.0,1
65009,31.05.2024 00:58:52.790000,11.2884,-147.409,6.12378,6.076,6.011,81.6035,3.96488,4.24533,6.98161,5.16929,507.465,509.26,7.20193,6.07526,6.6494,6.92789,5.96074,7.90654,7.90654,0.0,1.0,1
65010,31.05.2024 00:58:52.800000,-18.3746,-171.139,6.12554,6.048,6.004,81.5738,3.99919,4.24689,7.02063,4.72488,507.455,509.24,7.18625,6.05582,6.64046,7.00478,5.96089,7.85591,7.85591,0.0,1.0,1
65011,31.05.2024 00:58:52.810000,-55.8655,-205.252,6.11967,6.065,6.018,81.6336,4.02205,4.24691,9.18201,6.79355,507.45,509.185,7.08994,6.0852,6.66095,7.02152,5.96141,7.95718,7.95718,0.0,1.0,1
65012,31.05.2024 00:58:52.820000,-55.8655,-205.252,6.11179,6.065,6.018,81.6336,4.0354,4.2489,7.46626,9.31183,507.44,509.16,6.93504,5.76806,6.70549,7.13559,5.96185,8.21036,8.21036,0.0,1.0,1
65013,31.05.2024 00:58:52.830000,-55.8655,-205.252,6.11179,6.065,6.018,81.6336,4.0354,4.2489,7.46626,9.31183,507.44,509.16,6.93504,5.76806,6.70549,7.13559,5.96185,8.21036,8.21036,0.0,1.0,1
65014,31.05.2024 00:58:52.840000,-108.682,-245.956,6.10425,6.111,6.036,81.6564,4.04956,4.25315,11.0373,6.40916,507.425,509.16,6.78243,5.44706,6.71239,7.14497,5.96222,8.21036,8.21036,0.0,1.0,1
65015,31.05.2024 00:58:52.850000,-108.682,-245.956,6.10425,6.111,6.036,81.6564,4.04956,4.25315,11.0373,6.40916,507.425,509.16,6.78243,5.44706,6.71239,7.14497,5.96222,8.21036,8.21036,0.0,1.0,1
65016,31.05.2024 00:58:52.860000,-104.233,-267.462,6.10318,6.112,6.007,81.5978,4.05047,4.2561,11.7498,9.15858,507.425,509.15,6.70278,5.58838,6.78896,7.20264,5.96282,8.21036,8.21036,0.0,1.0,1
65017,31.05.2024 00:58:52.870000,-105.716,-274.548,6.09316,6.052,6.004,81.5797,4.01782,4.25769,13.1838,9.72741,507.43,509.145,6.6387,5.62411,6.83384,7.22163,5.96347,8.05845,8.05845,0.0,1.0,1
65018,31.05.2024 00:58:52.880000,-105.716,-274.548,6.09811,6.052,6.004,81.5539,4.00366,4.25833,11.6938,9.30963,507.435,509.155,6.56449,5.6293,6.97285,7.31231,5.96421,8.05845,8.05845,0.0,1.0,1
65019,31.05.2024 00:58:52.890000,-100.278,-274.548,6.09811,6.052,5.986,81.6878,3.98894,4.25854,11.6938,9.30963,507.435,509.155,6.56449,5.6293,6.97285,7.31231,5.96421,8.05845,8.05845,0.0,1.0,1
65020,31.05.2024 00:58:52.900000,-100.278,-274.548,6.09811,6.052,5.986,81.6878,3.98894,4.25854,11.6938,9.30963,507.435,509.155,6.56449,5.6293,6.97285,7.31231,5.96421,8.05845,8.05845,0.0,1.0,1
65021,31.05.2024 00:58:52.910000,-103.491,-287.814,6.09468,6.058,5.969,81.6878,3.97742,4.2571,9.73912,7.91241,507.435,509.14,6.56856,5.9043,7.06947,7.28252,5.96494,7.90654,7.90654,0.0,1.0,1
65022,31.05.2024 00:58:52.920000,-103.491,-287.814,6.09468,6.058,5.969,81.6878,3.97742,4.2571,9.73912,7.91241,507.435,509.14,6.56856,5.9043,7.06947,7.28252,5.96494,7.90654,7.90654,0.0,1.0,1
65023,31.05.2024 00:58:52.930000,-112.308,-318.548,6.07787,6.029,5.984,81.6456,3.95864,4.25645,8.3377,9.37691,507.43,509.135,6.59753,5.94276,7.06028,7.26672,5.96576,7.89931,7.89931,0.0,1.0,1
65024,31.05.2024 00:58:52.940000,-112.308,-318.548,6.07787,6.029,5.984,81.6456,3.95864,4.25645,8.3377,9.37691,507.43,509.135,6.59753,5.94276,7.06028,7.26672,5.96576,7.89931,7.89931,0.0,1.0,1
65025,31.05.2024 00:58:52.950000,-116.428,-317.065,6.06945,6.017,6.007,81.6454,3.95992,4.25728,7.90895,6.12955,507.435,509.13,6.66423,5.96851,7.0612,7.31308,5.96656,7.95718,7.95718,0.0,1.0,1
65026,31.05.2024 00:58:52.960000,-116.428,-317.065,6.06945,6.017,6.007,81.6454,3.95992,4.25728,7.90895,6.12955,507.435,509.13,6.66423,5.96851,7.0612,7.31308,5.96656,7.95718,7.95718,0.0,1.0,1
65027,31.05.2024 00:58:52.970000,-125.244,-325.305,6.07784,6.02,5.992,81.6204,3.97989,4.25655,7.85302,7.29733,507.425,509.12,6.63307,6.1895,7.27449,7.38018,5.96734,8.08738,8.08738,0.0,1.0,1
65028,31.05.2024 00:58:52.980000,-125.244,-325.305,6.07784,6.02,5.992,81.6204,3.97989,4.25655,7.85302,7.29733,507.425,509.12,6.63307,6.1895,7.27449,7.38018,5.96734,8.08738,8.08738,0.0,1.0,1
65029,31.05.2024 00:58:52.990000,-127.881,-342.197,6.08413,6.021,5.978,81.5511,3.99839,4.25789,10.048,7.57708,507.415,509.105,6.62478,6.18737,7.21275,7.31383,5.96771,8.16695,8.16695,0.0,1.0,1
65030,31.05.2024 00:58:53.000000,-127.881,-342.197,6.08413,6.021,5.978,81.5511,3.99839,4.25789,10.048,7.57708,507.415,509.105,6.62478,6.18737,7.21275,7.31383,5.96771,8.16695,8.16695,0.0,1.0,1
65031,31.05.2024 00:58:53.010000,-133.319,-342.526,6.08889,5.976,5.954,81.5441,4.01514,4.25649,11.6006,9.83404,507.41,509.105,6.58707,6.18371,7.20006,7.33078,5.96803,8.06569,8.06569,0.0,1.0,1
65032,31.05.2024 00:58:53.020000,-133.319,-342.526,6.08889,5.976,5.954,81.5441,4.01514,4.25649,11.6006,9.83404,507.41,509.105,6.58707,6.18371,7.20006,7.33078,5.96803,8.06569,8.06569,0.0,1.0,1
65033,31.05.2024 00:58:53.030000,-148.315,-364.526,6.08726,5.987,5.951,81.5167,4.0129,4.25643,11.756,8.1734,507.405,509.085,6.5477,6.29135,7.26225,7.46517,5.96823,7.8125,7.8125,0.0,1.0,1
65034,31.05.2024 00:58:53.040000,-148.315,-364.526,6.08726,5.987,5.951,81.5167,4.0129,4.25643,11.756,8.1734,507.405,509.085,6.5477,6.29135,7.26225,7.46517,5.96823,7.8125,7.8125,0.0,1.0,1
65035,31.05.2024 00:58:53.050000,-183.746,-396.332,6.09066,6.023,5.99,81.5639,3.9958,4.25643,13.7752,9.59106,507.4,509.075,6.31171,6.19478,7.25033,7.4202,5.96911,8.06569,8.06569,0.0,1.0,1
65036,31.05.2024 00:58:53.060000,-201.215,-399.38,6.09562,6.007,5.982,81.4713,3.98374,4.25643,10.6916,8.24648,507.385,509.065,6.21294,6.18259,7.1342,7.4987,5.96994,8.10908,8.10908,0.0,1.0,1
65037,31.05.2024 00:58:53.070000,-206.406,-409.68,6.10155,6.011,6.007,81.4781,3.97088,4.25714,10.6916,8.24648,507.385,509.065,6.21294,6.18259,7.1342,7.4987,5.97051,8.10908,8.10908,0.0,1.0,1
65038,31.05.2024 00:58:53.080000,-206.406,-409.68,6.10155,6.011,6.007,81.4781,3.96242,4.25665,9.77149,7.26465,507.37,509.05,6.09807,6.13885,7.10252,7.56471,5.97051,8.10908,8.10908,0.0,1.0,1
65039,31.05.2024 00:58:53.090000,-221.402,-411.163,6.09691,6.031,5.968,81.5737,3.95555,4.25523,8.51285,5.04384,507.355,509.035,5.97194,6.07326,7.03946,7.5627,5.97111,8.11632,8.11632,0.0,1.0,1
65040,31.05.2024 00:58:53.100000,-233.185,-405.066,6.11445,6.046,6.002,81.5275,3.94703,4.25454,8.51285,5.04384,507.355,509.035,5.97194,6.07326,7.03946,7.5627,5.97111,8.05845,8.05845,0.0,1.0,1
65041,31.05.2024 00:58:53.110000,-233.185,-405.066,6.11445,6.046,6.002,81.5275,3.92961,4.25329,7.78653,6.51918,507.355,509.045,5.94077,5.89365,6.90696,7.42957,5.97165,8.05845,8.05845,0.0,1.0,1
65042,31.05.2024 00:58:53.120000,-245.627,-399.875,6.12862,6.04,5.994,81.602,3.92185,4.25242,8.23353,6.5196,507.35,509.03,5.83765,5.9107,6.93649,7.55542,5.97212,8.12355,8.12355,0.0,1.0,1
65043,31.05.2024 00:58:53.130000,-245.627,-399.875,6.12862,6.04,5.994,81.6051,3.91229,4.25106,8.23353,6.5196,507.35,509.03,5.83765,5.9107,6.93649,7.55542,5.97212,8.12355,8.12355,0.0,1.0,1
65044,31.05.2024 00:58:53.140000,-249.005,-408.362,6.137,6.016,5.975,81.6051,3.90657,4.24797,6.79284,5.11235,507.355,509.03,5.68678,5.77482,6.91735,7.61502,5.97283,8.21036,8.21036,0.0,1.0,1
65045,31.05.2024 00:58:53.150000,-273.312,-400.616,6.1454,6.038,6.012,81.668,3.90253,4.2425,6.79284,5.11235,507.355,509.03,5.68678,5.77482,6.91735,7.61502,5.97335,8.16695,8.16695,0.0,1.0,1
65046,31.05.2024 00:58:53.160000,-273.312,-400.616,6.1454,6.038,6.012,81.668,3.90555,4.24299,7.55736,6.1722,507.36,509.025,5.62944,5.76879,6.85416,7.57512,5.97335,8.16695,8.16695,0.0,1.0,1
65047,31.05.2024 00:58:53.170000,-273.312,-400.616,6.1454,6.038,6.012,81.668,3.90555,4.24299,7.55736,6.1722,507.36,509.025,5.62944,5.76879,6.85416,7.57512,5.97335,8.16695,8.16695,0.0,1.0,1
65048,31.05.2024 00:58:53.180000,-292.676,-402.264,6.13325,6.062,6.012,81.6396,3.91252,4.24187,7.47942,5.91135,507.345,509.015,5.66308,5.78972,6.75765,7.48319,5.97357,8.42013,8.42013,0.0,1.0,1
65049,31.05.2024 00:58:53.190000,-306.601,-402.347,6.13222,6.051,5.997,81.6267,3.94868,4.23575,10.0136,6.82011,507.355,509.015,5.74061,5.72569,6.70414,7.34595,5.97396,8.42013,8.42013,0.0,1.0,1
65050,31.05.2024 00:58:53.200000,-306.601,-402.347,6.14193,6.051,5.997,81.3587,3.96003,4.23578,9.18554,3.43444,507.345,509.025,5.65302,5.68466,6.71751,7.42673,5.97434,8.70949,8.70949,0.0,1.0,1
65051,31.05.2024 00:58:53.210000,-308.414,-402.347,6.14193,6.051,5.996,81.3717,3.96986,4.23484,9.18554,3.43444,507.345,509.025,5.65302,5.68466,6.71751,7.42673,5.97434,8.70949,8.70949,0.0,1.0,1
65052,31.05.2024 00:58:53.220000,-323.163,-402.347,6.12541,6.066,6.039,81.3717,3.97296,4.23563,11.2982,2.69776,507.35,509.025,5.65858,5.71165,6.69736,7.50734,5.97455,8.70949,8.70949,0.0,1.0,1
65053,31.05.2024 00:58:53.230000,-345.904,-400.122,6.111,6.099,6.042,81.4617,3.97504,4.23832,11.2982,2.69776,507.35,509.025,5.65858,5.71165,6.69736,7.50734,5.97493,8.70949,8.70949,0.0,1.0,1
65054,31.05.2024 00:58:53.240000,-345.904,-400.122,6.111,6.099,6.042,81.4617,3.97278,4.23993,10.5689,4.983,507.325,509.01,5.73638,5.74028,6.5996,7.48042,5.97493,8.70949,8.70949,0.0,1.0,1
65055,31.05.2024 00:58:53.250000,-361.478,-400.946,6.08737,6.112,6.04,81.5637,3.96992,4.24194,10.8062,5.81558,507.32,509.01,5.70529,5.69193,6.58328,7.37637,5.97523,8.62268,8.62268,0.0,1.0,1
65056,31.05.2024 00:58:53.260000,-361.478,-400.946,6.08737,6.112,6.04,81.5637,3.96992,4.24194,10.8062,5.81558,507.32,509.01,5.70529,5.69193,6.58328,7.37637,5.97523,8.62268,8.62268,0.0,1.0,1
65057,31.05.2024 00:58:53.270000,-369.058,-399.957,6.1019,6.096,6.017,81.5352,3.96514,4.24377,8.91005,5.38933,507.31,509.015,5.57444,5.60596,6.62877,7.36315,5.97523,8.77459,8.77459,0.0,1.0,1
65058,31.05.2024 00:58:53.280000,-369.058,-399.957,6.1019,6.096,6.017,81.5352,3.96514,4.24377,8.91005,5.38933,507.31,509.015,5.57444,5.60596,6.62877,7.36315,5.97523,8.77459,8.77459,0.0,1.0,1
65059,31.05.2024 00:58:53.290000,-363.62,-403.088,6.08717,6.063,6.017,81.4424,3.9424,4.2434,10.5411,5.48361,507.31,509.015,5.60955,5.71672,6.72357,7.43665,5.977,8.77459,8.77459,0.0,1.0,1
65060,31.05.2024 00:58:53.300000,-363.62,-403.088,6.08717,6.063,6.017,81.4424,3.9424,4.2434,10.5411,5.48361,507.31,509.015,5.60955,5.71672,6.72357,7.43665,5.977,8.77459,8.77459,0.0,1.0,1
65061,31.05.2024 00:58:53.310000,-358.099,-398.144,6.0937,6.059,6.006,81.4748,3.92261,4.24491,9.47006,3.60879,507.315,508.985,5.5852,5.70706,6.62696,7.38103,5.97791,9.17245,9.17245,0.0,1.0,1
65062,31.05.2024 00:58:53.320000,-358.099,-398.144,6.0937,6.059,6.006,81.4748,3.92261,4.24491,9.47006,3.60879,507.315,508.985,5.5852,5.70706,6.62696,7.38103,5.97791,9.17245,9.17245,0.0,1.0,1
65063,31.05.2024 00:58:53.330000,-365.433,-401.523,6.1057,6.048,5.979,81.2995,3.90475,4.24246,8.98616,6.05037,507.31,508.97,5.61311,5.38684,6.51562,7.25088,5.9787,8.9699,8.9699,0.0,1.0,1
65064,31.05.2024 00:58:53.340000,-365.433,-401.523,6.1057,6.048,5.979,81.2995,3.90475,4.24246,8.98616,6.05037,507.31,508.97,5.61311,5.38684,6.51562,7.25088,5.9787,8.9699,8.9699,0.0,1.0,1
65065,31.05.2024 00:58:53.350000,-364.609,-404.901,6.08464,6.036,5.986,81.335,3.90315,4.24116,8.61546,7.17187,507.285,508.965,5.51753,5.22289,6.60149,7.19234,5.97947,9.2665,9.2665,0.0,1.0,1
65066,31.05.2024 00:58:53.360000,-364.609,-404.901,6.08464,6.036,5.986,81.335,3.90315,4.24116,8.61546,7.17187,507.285,508.965,5.51753,5.22289,6.60149,7.19234,5.97947,9.2665,9.2665,0.0,1.0,1
65067,31.05.2024 00:58:53.370000,-361.148,-398.639,6.08893,6.022,5.967,81.389,3.92656,4.24141,9.85149,5.80418,507.265,508.97,5.32161,5.23701,6.56793,7.09543,5.98029,9.41841,9.41841,0.0,1.0,1
65068,31.05.2024 00:58:53.380000,-361.148,-398.639,6.08893,6.022,5.967,81.389,3.92656,4.24141,9.85149,5.80418,507.265,508.97,5.32161,5.23701,6.56793,7.09543,5.98029,9.41841,9.41841,0.0,1.0,1
65069,31.05.2024 00:58:53.390000,-357.028,-406.467,6.09356,6.024,5.953,81.3531,3.95654,4.24105,8.93617,4.76587,507.265,508.97,5.22611,5.16024,6.56732,7.14386,5.98062,9.42564,9.42564,0.0,1.0,1
65070,31.05.2024 00:58:53.400000,-357.028,-406.467,6.09356,6.024,5.953,81.3531,3.95654,4.24105,8.93617,4.76587,507.265,508.97,5.22611,5.16024,6.56732,7.14386,5.98062,9.42564,9.42564,0.0,1.0,1
65071,31.05.2024 00:58:53.410000,-365.515,-398.144,6.09086,5.998,5.968,81.4661,3.99111,4.24101,10.6215,4.14245,507.27,508.965,5.23086,5.15068,6.47609,7.0648,5.98098,9.42564,9.42564,0.0,1.0,1
65072,31.05.2024 00:58:53.420000,-365.515,-398.144,6.09086,5.998,5.968,81.4661,3.99111,4.24101,10.6215,4.14245,507.27,508.965,5.23086,5.15068,6.47609,7.0648,5.98098,9.42564,9.42564,0.0,1.0,1
65073,31.05.2024 00:58:53.430000,-359.83,-401.688,6.1012,5.968,5.983,81.5196,3.98807,4.24108,11.5632,3.53127,507.27,508.965,5.24268,5.15756,6.49407,7.05099,5.98156,9.77286,9.77286,0.0,1.0,1
65074,31.05.2024 00:58:53.440000,-364.114,-405.148,6.10445,6.01,6.006,81.5865,3.95195,4.24228,12.4892,6.28155,507.285,508.95,5.43353,5.20858,6.47823,6.99506,5.9824,10.026,10.026,0.0,1.0,1
65075,31.05.2024 00:58:53.450000,-364.114,-405.148,6.1012,6.01,6.006,81.5196,3.98807,4.24108,12.4892,6.28155,507.285,508.95,5.43353,5.20858,6.47823,6.99506,5.98156,10.026,10.026,0.0,1.0,1
65076,31.05.2024 00:58:53.460000,-355.792,-397.65,6.10307,6.034,5.997,81.5845,3.93179,4.24312,11.3801,7.18899,507.27,508.94,5.54588,5.11641,6.52172,7.04697,5.98321,10.1707,10.1707,0.0,1.0,1
65077,31.05.2024 00:58:53.470000,-355.792,-397.65,6.10307,6.034,5.997,81.5845,3.93179,4.24312,11.3801,7.18899,507.27,508.94,5.54588,5.11641,6.52172,7.04697,5.98321,10.1707,10.1707,0.0,1.0,1
65078,31.05.2024 00:58:53.480000,-364.114,-404.159,6.10527,6.032,5.972,81.6,3.91762,4.2432,10.8461,7.73584,507.26,508.935,5.60223,4.99262,6.57502,6.98962,5.98337,10.2213,10.2213,0.0,1.0,1
65079,31.05.2024 00:58:53.490000,-364.114,-404.159,6.10527,6.032,5.972,81.6,3.91762,4.2432,10.8461,7.73584,507.26,508.935,5.60223,4.99262,6.57502,6.98962,5.98337,10.2213,10.2213,0.0,1.0,1
65080,31.05.2024 00:58:53.500000,-354.886,-401.605,6.11025,6.023,5.98,81.6095,3.91353,4.24472,10.713,5.13746,507.25,508.93,5.6521,5.12582,6.64946,7.02483,5.98404,10.1273,10.1273,0.0,1.0,1
65081,31.05.2024 00:58:53.510000,-354.886,-401.605,6.11025,6.023,5.98,81.6095,3.91353,4.24472,10.713,5.13746,507.25,508.93,5.6521,5.12582,6.64946,7.02483,5.98404,10.1273,10.1273,0.0,1.0,1
65082,31.05.2024 00:58:53.520000,-359.17,-394.519,6.13099,6.045,5.974,81.5147,3.90497,4.24309,10.1024,5.69507,507.25,508.93,5.71255,5.10258,6.6957,7.0558,5.98422,10.1201,10.1201,0.0,1.0,1
65083,31.05.2024 00:58:53.530000,-359.17,-394.519,6.13099,6.045,5.974,81.5147,3.90497,4.24309,10.1024,5.69507,507.25,508.93,5.71255,5.10258,6.6957,7.0558,5.98422,10.1201,10.1201,0.0,1.0,1
65084,31.05.2024 00:58:53.540000,-359.83,-402.923,6.14244,6.047,5.995,81.4634,3.89681,4.24002,10.8477,3.85058,507.26,508.925,5.93885,5.14598,6.71243,7.10227,5.98448,10.2648,10.2648,0.0,1.0,1
65085,31.05.2024 00:58:53.550000,-359.83,-402.923,6.14244,6.047,5.995,81.4634,3.89681,4.24002,10.8477,3.85058,507.26,508.925,5.93885,5.14598,6.71243,7.10227,5.98448,10.2648,10.2648,0.0,1.0,1
65086,31.05.2024 00:58:53.560000,-354.968,-401.276,6.14936,6.047,6.041,81.5124,3.88808,4.24069,9.29306,7.11266,507.25,508.925,5.97072,5.10852,6.71621,7.12459,5.98528,10.3226,10.3226,0.0,1.0,1
65087,31.05.2024 00:58:53.570000,-359.418,-399.545,6.16266,6.07,6.021,81.2531,3.89537,4.2378,9.20434,5.0752,507.265,508.925,6.09799,5.19014,6.72991,7.172,5.98571,10.3226,10.3226,0.0,1.0,1
65088,31.05.2024 00:58:53.580000,-359.665,-401.605,6.14073,6.084,6.048,81.2957,3.9025,4.23663,9.20434,5.0752,507.265,508.925,6.09799,5.19014,6.72991,7.172,5.98571,10.1563,10.1563,0.0,1.0,1
65089,31.05.2024 00:58:53.590000,-359.665,-401.605,6.14073,6.084,6.048,81.2957,3.91487,4.23555,8.92867,4.10899,507.265,508.885,6.18671,5.20562,6.65218,7.15146,5.98634,10.1563,10.1563,0.0,1.0,1
65090,31.05.2024 00:58:53.600000,-359.665,-401.605,6.14073,6.084,6.048,81.2957,3.91487,4.23555,8.92867,4.10899,507.265,508.885,6.18671,5.20562,6.65218,7.15146,5.98634,10.1563,10.1563,0.0,1.0,1
65091,31.05.2024 00:58:53.610000,-356.122,-404.159,6.15511,6.088,6.053,81.3657,3.91823,4.23332,11.0813,6.16559,507.25,508.865,6.19564,4.97534,6.63938,7.20309,5.98684,10.1707,10.1707,0.0,1.0,1
65092,31.05.2024 00:58:53.620000,-356.122,-404.159,6.15511,6.088,6.053,81.3657,3.91823,4.23332,11.0813,6.16559,507.25,508.865,6.19564,4.97534,6.63938,7.20309,5.98684,10.1707,10.1707,0.0,1.0,1
65093,31.05.2024 00:58:53.630000,-357.687,-397.815,6.15746,6.078,6.061,81.4533,3.91549,4.23437,10.8251,5.05281,507.255,508.87,6.11178,4.68889,6.65425,7.25028,5.98742,10.1707,10.1707,0.0,1.0,1
65094,31.05.2024 00:58:53.640000,-364.197,-405.066,6.14354,6.105,6.084,81.411,3.90482,4.23482,11.7701,5.99358,507.255,508.87,6.1494,4.76529,6.61479,7.26178,5.98784,10.1779,10.1779,0.0,1.0,1
65095,31.05.2024 00:58:53.650000,-364.197,-405.066,6.12863,6.105,6.084,81.4504,3.90247,4.23459,12.4188,6.66097,507.25,508.865,6.18623,4.72989,6.62346,7.3871,5.98842,10.2286,10.2286,0.0,1.0,1
65096,31.05.2024 00:58:53.660000,-355.71,-398.639,6.12458,6.121,6.067,81.4539,3.90013,4.23429,12.4188,6.66097,507.25,508.865,6.18623,4.72989,6.62346,7.3871,5.98842,10.2286,10.2286,0.0,1.0,1
65097,31.05.2024 00:58:53.670000,-355.71,-398.639,6.12458,6.121,6.067,81.4539,3.90013,4.23429,12.4188,6.66097,507.25,508.865,6.18623,4.72989,6.62346,7.3871,5.98842,10.2286,10.2286,0.0,1.0,1
65098,31.05.2024 00:58:53.680000,-355.71,-392.047,6.12458,6.12,6.067,81.4539,3.89339,4.23566,10.5707,4.99926,507.255,508.845,6.19871,4.68329,6.62043,7.32335,5.98901,9.89584,9.89584,0.0,1.0,1
65099,31.05.2024 00:58:53.690000,-356.781,-392.047,6.11901,6.12,6.02,81.5161,3.88902,4.23628,9.39487,4.44819,507.25,508.85,6.26624,4.70455,6.7114,7.33563,5.9896,9.89584,9.89584,0.0,1.0,1
