,time,Pinceur Inf Mesure de courant,Pinceur Sup Mesure de courant,Mandrin - Vitesse Actuelle,Pinceur Sup Mesure vitesse lineaire,Pinceur Inf Mesure vitesse lineaire,Mandrin - Mesure Expansion,Pinceur Nord Position entrefer estimee,Pinceur Sud Position entrefer estimee,Pinceur Nord Force entrefer calibree,Pinceur Sud Force entrefer calibree,Guides Nord Entree Position mesuree,Guides Nord Sortie Position mesuree,Guides Nord Entree Force pour regulateur PI,Guides Nord Sortie Force pour regulateur PI,Guides Sud Entree Force pour regulateur PI,Guides Sud Sortie Force pour regulateur PI,Mandrin - Vitesse Actuelle F10,_Excentrage largeur bande jauge bob,_Excentrage largeur bande jauge bob.1,TDB pinceur,Fenetre,Declancheur
73800,31.05.2024 02:30:49.210000,264.331,150.128,7.80586,7.836,7.532,40.1218,5.2698,3.86655,53.1404,22.5082,507.14,508.105,4.47915,7.81212,-1.30976,0.148752,6.79201,59.4907,59.4907,1.0,1.0,1
73801,31.05.2024 02:30:49.220000,117.581,18.457,7.80586,8.126,7.894,40.1326,4.44534,3.7649,22.7581,41.2264,508.905,509.835,4.74041,7.78757,-1.25729,0.0685172,6.7913,59.4907,59.4907,1.0,1.0,1
73802,31.05.2024 02:30:49.230000,117.581,18.457,7.80586,8.126,7.894,40.1326,4.44534,3.7649,22.7581,41.2264,508.905,509.835,4.74041,7.78757,-1.25729,0.0685172,6.7913,59.4907,59.4907,1.0,1.0,1
73803,31.05.2024 02:30:49.240000,264.331,150.128,7.80813,7.836,7.532,40.0774,5.16911,3.79331,68.5495,21.9145,503.65,504.59,4.17265,7.75575,-1.3448,0.115125,6.79254,59.5052,59.5052,1.0,1.0,1
73804,31.05.2024 02:30:49.250000,264.331,150.128,7.80813,7.836,7.532,40.0774,5.16911,3.79331,68.5495,21.9145,503.65,504.59,4.17265,7.75575,-1.3448,0.115125,6.79254,59.5052,59.5052,1.0,1.0,1
73805,31.05.2024 02:30:49.260000,339.725,257.327,7.80701,7.73,7.414,40.1073,4.64956,3.85251,55.1091,32.0905,502.01,502.91,3.86222,6.96509,-1.35713,-0.0103841,6.79382,59.2376,59.2376,1.0,1.0,1
73806,31.05.2024 02:30:49.270000,339.725,257.327,7.80701,7.73,7.414,40.1073,4.64956,3.85251,55.1091,32.0905,502.01,502.91,3.86222,6.96509,-1.35713,-0.0103841,6.79382,59.2376,59.2376,1.0,1.0,1
73807,31.05.2024 02:30:49.280000,498.999,260.211,7.81408,7.735,7.085,40.1024,3.94774,3.99285,29.8124,40.6552,500.475,501.4,3.55104,5.99752,-1.39125,-0.0131764,6.79464,58.4997,58.4997,1.0,1.0,1
73808,31.05.2024 02:30:49.290000,597.876,327.53,7.80641,7.567,6.913,40.1555,3.71675,4.00969,13.0072,37.15,498.965,499.915,3.42901,6.02206,-1.34251,0.0170913,6.79523,59.0278,59.0278,1.0,1.0,1
73809,31.05.2024 02:30:49.300000,695.105,477.493,7.80641,7.297,6.831,40.1555,3.72092,4.00946,2.60959,37.3674,497.47,498.365,3.35751,6.03193,-1.40585,-0.0182977,6.79656,59.0278,59.0278,1.0,1.0,1
73810,31.05.2024 02:30:49.310000,695.105,477.493,7.81124,7.297,6.831,40.1073,3.92997,3.9028,2.60959,37.3674,497.47,498.365,3.35751,6.03193,-1.40585,-0.0182977,6.79656,56.9444,56.9444,1.0,1.0,1
73811,31.05.2024 02:30:49.320000,717.846,612.955,7.81124,7.215,6.778,40.0157,4.08776,3.87205,11.6696,39.3201,496.015,496.875,3.5772,5.97628,-1.43017,-0.0738969,6.79779,56.9444,56.9444,1.0,1.0,1
73812,31.05.2024 02:30:49.330000,717.846,612.955,7.81124,7.215,6.778,40.0157,4.08776,3.87205,11.6696,39.3201,496.015,496.875,3.5772,5.97628,-1.43017,-0.0738969,6.79779,56.9444,56.9444,1.0,1.0,1
73813,31.05.2024 02:30:49.340000,717.846,657.202,7.81124,7.18,6.778,40.0157,4.27057,3.84945,24.2682,29.1333,494.545,495.32,3.97491,6.44343,-1.35526,-0.0300298,6.79862,52.9297,52.9297,1.0,1.0,1
73814,31.05.2024 02:30:49.350000,701.449,724.438,7.81652,7.023,6.761,40.0558,4.63748,3.76772,35.9713,22.9454,493.035,493.79,4.64114,6.89806,-1.31015,0.0227714,6.79971,50.2894,50.2894,1.0,1.0,1
73815,31.05.2024 02:30:49.360000,701.449,724.438,7.81652,7.023,6.761,40.0558,4.63748,3.76772,35.9713,22.9454,493.035,493.79,4.64114,6.89806,-1.31015,0.0227714,6.79971,50.2894,50.2894,1.0,1.0,1
73816,31.05.2024 02:30:49.370000,701.449,724.438,7.81345,7.023,6.761,40.0558,4.68029,3.75877,47.9842,24.5055,491.485,492.195,5.31871,7.44128,-1.32233,0.0704169,6.80072,50.2894,50.2894,1.0,1.0,1
73817,31.05.2024 02:30:49.380000,701.449,724.438,7.81345,7.023,6.761,40.0558,4.68029,3.75877,47.9842,24.5055,491.485,492.195,5.31871,7.44128,-1.32233,0.0704169,6.80072,50.2894,50.2894,1.0,1.0,1
73818,31.05.2024 02:30:49.390000,706.64,699.719,7.80982,6.78,6.776,40.0878,4.65064,3.7048,48.7148,25.762,489.885,490.56,5.72823,7.78529,-1.37732,0.0922503,6.80152,50.2894,50.2894,1.0,1.0,1
73819,31.05.2024 02:30:49.400000,706.64,699.719,7.80982,6.78,6.776,40.0878,4.65064,3.7048,48.7148,25.762,489.885,490.56,5.72823,7.78529,-1.37732,0.0922503,6.80152,50.2894,50.2894,1.0,1.0,1
73820,31.05.2024 02:30:49.410000,703.592,704.004,7.81152,6.89,6.749,40.087,4.34453,3.63967,43.2446,16.7727,488.245,488.905,5.90576,7.89006,-1.32915,0.142974,6.80185,45.8912,45.8912,1.0,1.0,1
73821,31.05.2024 02:30:49.420000,692.55,717.682,7.81285,6.877,6.73,40.1951,4.05172,3.65048,33.7323,12.4876,486.585,487.255,5.83277,7.77304,-1.38004,0.147047,6.8023,46.3108,46.3108,1.0,1.0,1
73822,31.05.2024 02:30:49.430000,690.161,700.049,7.81285,6.709,6.727,40.1809,3.91514,3.66809,21.5566,20.141,484.935,485.56,5.61778,7.59501,-1.4783,0.0915694,6.80273,46.3108,46.3108,1.0,1.0,1
73823,31.05.2024 02:30:49.440000,690.161,700.049,7.81285,6.709,6.727,40.1809,3.91514,3.66809,21.5566,20.141,484.935,485.56,5.61778,7.59501,-1.4783,0.0915694,6.80273,46.3108,46.3108,1.0,1.0,1
73824,31.05.2024 02:30:49.450000,690.161,700.049,7.81386,6.709,6.727,40.1809,3.71246,3.72448,12.924,19.5654,483.3,483.875,5.34416,7.52996,-1.52894,0.0835872,6.80319,46.2963,46.2963,1.0,1.0,1
73825,31.05.2024 02:30:49.460000,690.161,700.049,7.81386,6.709,6.727,40.1809,3.71246,3.72448,12.924,19.5654,483.3,483.875,5.34416,7.52996,-1.52894,0.0835872,6.80319,46.2963,46.2963,1.0,1.0,1
73826,31.05.2024 02:30:49.470000,692.798,690.078,7.81754,6.783,6.729,40.1115,3.64833,3.76896,3.78512,18.4905,481.645,482.19,5.20337,7.29257,-1.44559,0.122985,6.80345,47.8516,47.8516,1.0,1.0,1
73827,31.05.2024 02:30:49.480000,692.798,690.078,7.81754,6.783,6.729,40.1115,3.64833,3.76896,3.78512,18.4905,481.645,482.19,5.20337,7.29257,-1.44559,0.122985,6.80345,47.8516,47.8516,1.0,1.0,1
73828,31.05.2024 02:30:49.490000,693.045,702.026,7.81971,6.811,6.737,40.193,3.796,3.787,4.43468,22.9788,479.995,480.515,5.03503,6.92735,-1.49697,0.203031,6.80384,52.1267,52.1267,1.0,1.0,1
73829,31.05.2024 02:30:49.500000,693.045,702.026,7.81971,6.811,6.737,40.193,3.796,3.787,4.43468,22.9788,479.995,480.515,5.03503,6.92735,-1.49697,0.203031,6.80384,52.1267,52.1267,1.0,1.0,1
73830,31.05.2024 02:30:49.510000,692.798,700.049,7.8127,6.715,6.773,40.226,3.95169,3.76579,12.6673,23.8634,478.345,478.885,5.00581,6.64386,-1.61436,0.112932,6.80421,53.6965,53.6965,1.0,1.0,1
73831,31.05.2024 02:30:49.520000,690.738,694.198,7.81789,6.719,6.795,40.2197,4.07807,3.74627,23.6601,20.1357,475.09,475.58,5.06588,6.97343,-1.48764,0.108804,6.80428,55.4832,55.4832,1.0,1.0,1
73832,31.05.2024 02:30:49.530000,692.798,700.049,7.8127,6.715,6.773,40.226,3.95169,3.76579,23.6601,20.1357,475.09,475.58,5.06588,6.97343,-1.48764,0.108804,6.80421,53.6965,53.6965,1.0,1.0,1
73833,31.05.2024 02:30:49.540000,684.146,691.809,7.8127,6.835,6.82,40.16,4.07456,3.7486,24.1677,22.9014,473.41,473.87,5.53957,7.09883,-1.49288,0.135669,6.80468,53.6965,53.6965,1.0,1.0,1
73834,31.05.2024 02:30:49.550000,684.146,691.809,7.82717,6.835,6.82,40.1817,4.03217,3.73589,24.1677,22.9014,473.41,473.87,5.53957,7.09883,-1.49288,0.135669,6.80468,55.4904,55.4904,1.0,1.0,1
73835,31.05.2024 02:30:49.560000,688.348,696.176,7.82717,6.801,6.852,40.2053,3.98768,3.73246,24.8832,22.5575,471.68,472.2,5.74965,7.10985,-1.54106,0.0613189,6.80474,56.7564,56.7564,1.0,1.0,1
73836,31.05.2024 02:30:49.570000,688.348,694.775,7.82717,6.793,6.852,40.2053,3.93821,3.72933,20.5782,17.6949,470.01,470.52,5.64326,7.25529,-1.48664,0.0805163,6.80489,56.7564,56.7564,1.0,1.0,1
73837,31.05.2024 02:30:49.580000,688.513,694.775,7.82062,6.793,6.873,40.1825,3.88399,3.72858,20.5782,17.6949,470.01,470.52,5.64326,7.25529,-1.48664,0.0805163,6.80489,57.7546,57.7546,1.0,1.0,1
73838,31.05.2024 02:30:49.590000,692.468,686.206,7.82062,6.859,6.909,40.1833,3.82874,3.7339,15.4038,18.9571,468.38,468.845,5.68229,7.29349,-1.47594,0.104238,6.805,57.7546,57.7546,1.0,1.0,1
73839,31.05.2024 02:30:49.600000,692.468,686.206,7.8273,6.859,6.909,40.1833,3.75539,3.74837,11.5913,21.5801,466.715,467.185,5.93604,7.31557,-1.52684,0.148706,6.80549,58.5359,58.5359,1.0,1.0,1
73840,31.05.2024 02:30:49.610000,692.468,686.206,7.8273,6.859,6.909,40.1833,3.75539,3.74837,11.5913,21.5801,466.715,467.185,5.93604,7.31557,-1.52684,0.148706,6.80549,58.5359,58.5359,1.0,1.0,1
73841,31.05.2024 02:30:49.620000,688.431,697.412,7.8273,6.952,6.896,40.2169,3.7367,3.74695,11.5913,21.5801,466.715,467.185,5.93604,7.31557,-1.52684,0.148706,6.80549,58.5359,58.5359,1.0,1.0,1
73842,31.05.2024 02:30:49.630000,688.431,697.412,7.8273,6.952,6.896,40.2169,3.7367,3.74695,11.5913,21.5801,466.715,467.185,5.93604,7.31557,-1.52684,0.148706,6.80549,58.5359,58.5359,1.0,1.0,1
73843,31.05.2024 02:30:49.640000,687.524,695.187,7.82258,6.943,6.897,40.1598,3.73715,3.73069,10.9723,21.4862,465.02,465.565,6.12902,7.47997,-1.56876,0.223938,6.80562,58.0729,58.0729,1.0,1.0,1
73844,31.05.2024 02:30:49.650000,687.524,695.187,7.82258,6.943,6.897,40.1598,3.73715,3.73069,10.9723,21.4862,465.02,465.565,6.12902,7.47997,-1.56876,0.223938,6.80562,58.0729,58.0729,1.0,1.0,1
73845,31.05.2024 02:30:49.660000,686.535,694.363,7.82521,6.932,6.918,40.0976,3.76332,3.69362,8.93079,16.0706,461.77,462.27,6.36584,8.47817,-1.57859,0.343185,6.80567,57.8197,57.8197,1.0,1.0,1
73846,31.05.2024 02:30:49.670000,691.479,696.423,7.82813,7.026,6.949,40.1437,3.79557,3.64654,12.3883,15.0062,460.155,460.63,6.84923,8.98491,-1.58484,0.53862,6.80588,53.031,53.031,1.0,1.0,1
73847,31.05.2024 02:30:49.680000,691.479,696.423,7.82813,7.026,6.949,40.1437,3.79557,3.64654,12.3883,15.0062,460.155,460.63,6.84923,8.98491,-1.58484,0.53862,6.80588,53.031,53.031,1.0,1.0,1
73848,31.05.2024 02:30:49.690000,691.479,696.423,7.82481,7.026,6.949,40.1437,3.81048,3.64192,14.7875,13.4782,458.485,459.01,7.42566,9.48902,-1.64018,0.638023,6.80621,50.803,50.803,1.0,1.0,1
73849,31.05.2024 02:30:49.700000,691.479,696.423,7.82481,7.026,6.949,40.1437,3.81048,3.64192,14.7875,13.4782,458.485,459.01,7.42566,9.48902,-1.64018,0.638023,6.80621,50.803,50.803,1.0,1.0,1
73850,31.05.2024 02:30:49.710000,686.288,690.243,7.80599,6.952,6.97,40.1082,3.85549,3.65604,15.7666,15.7872,456.82,457.37,7.7776,9.90842,-1.69761,0.796424,6.80662,50.803,50.803,1.0,1.0,1
73851,31.05.2024 02:30:49.720000,686.288,690.243,7.80599,6.952,6.97,40.1082,3.85549,3.65604,15.7666,15.7872,456.82,457.37,7.7776,9.90842,-1.69761,0.796424,6.80662,50.803,50.803,1.0,1.0,1
73852,31.05.2024 02:30:49.730000,690.573,688.101,7.81431,6.927,6.921,40.1792,3.90415,3.66523,18.2358,16.4321,455.215,455.7,7.9856,10.274,-1.60565,1.1673,6.80696,50.1808,50.1808,1.0,1.0,1
73853,31.05.2024 02:30:49.740000,686.947,689.502,7.81178,6.963,6.937,40.1956,3.87346,3.6736,19.1866,13.0148,453.63,454.06,8.5031,10.4323,-1.61359,1.70093,6.80771,50.2821,50.2821,1.0,1.0,1
73854,31.05.2024 02:30:49.750000,693.457,695.764,7.81178,6.964,6.915,40.1955,3.84549,3.69348,16.1887,12.5181,452.045,452.46,9.15936,10.6297,-1.43684,3.104,6.80823,50.2821,50.2821,1.0,1.0,1
73855,31.05.2024 02:30:49.760000,693.457,695.764,7.81178,6.964,6.915,40.1955,3.84549,3.69348,16.1887,12.5181,452.045,452.46,9.15936,10.6297,-1.43684,3.104,6.80823,50.2821,50.2821,1.0,1.0,1
73856,31.05.2024 02:30:49.770000,693.457,695.764,7.83932,6.964,6.915,40.1955,3.80959,3.74082,15.1267,22.4591,450.49,450.91,9.86597,11.1773,-0.952422,5.24902,6.80874,48.0613,48.0613,1.0,1.0,1
73857,31.05.2024 02:30:49.780000,693.457,695.764,7.83932,6.964,6.915,40.1955,3.80959,3.74082,15.1267,22.4591,450.49,450.91,9.86597,11.1773,-0.952422,5.24902,6.80874,48.0613,48.0613,1.0,1.0,1
73858,31.05.2024 02:30:49.790000,690.408,689.831,7.80482,6.925,6.889,40.2275,3.79761,3.75275,14.1354,24.45,448.875,449.32,10.7839,12.0909,-0.144122,7.31488,6.80923,44.213,44.213,1.0,1.0,1
73859,31.05.2024 02:30:49.800000,691.726,690.902,7.80298,6.909,6.868,40.1565,3.80206,3.7649,13.6466,18.5625,447.295,447.71,11.4476,12.8197,0.727277,8.96158,6.81003,35.8796,35.8796,1.0,1.0,1
73860,31.05.2024 02:30:49.810000,691.726,697.329,7.80298,6.91,6.868,40.1565,3.79996,3.7583,16.2671,21.8528,445.69,446.115,12.2311,13.378,1.16787,9.91443,6.81091,35.8796,35.8796,1.0,1.0,1
73861,31.05.2024 02:30:49.820000,697.494,697.329,7.80729,6.91,6.788,40.1736,3.7993,3.74826,16.2671,21.8528,445.69,446.115,12.2311,13.378,1.16787,9.91443,6.81091,32.9861,32.9861,1.0,1.0,1
73862,31.05.2024 02:30:49.830000,687.03,685.794,7.80729,6.858,6.747,40.1588,3.80197,3.72825,16.3971,26.0255,444.29,444.535,9.57732,7.72843,1.3379,10.662,6.81149,32.9861,32.9861,1.0,1.0,1
73863,31.05.2024 02:30:49.840000,687.03,685.794,7.8579,6.858,6.747,40.1588,3.79318,3.70626,16.1198,17.0927,444.49,444.8,4.00188,-1.88295,1.7834,11.5282,6.81233,32.9933,32.9933,1.0,1.0,1
73864,31.05.2024 02:30:49.850000,687.03,685.794,7.8579,6.858,6.747,40.1588,3.79318,3.70626,16.1198,17.0927,444.49,444.8,4.00188,-1.88295,1.7834,11.5282,6.81233,32.9933,32.9933,1.0,1.0,1
73865,31.05.2024 02:30:49.860000,692.798,685.547,7.8579,6.875,6.721,40.1501,3.78852,3.70544,16.1198,17.0927,444.49,444.8,4.00188,-1.88295,1.7834,11.5282,6.81233,29.0365,29.0365,1.0,1.0,1
73866,31.05.2024 02:30:49.870000,689.419,686.206,7.84324,6.889,6.763,40.0906,3.74463,3.70521,16.4159,18.6492,444.245,445.615,3.73748,-0.841678,2.33922,12.7132,6.81297,25.5281,25.5281,1.0,1.0,1
73867,31.05.2024 02:30:49.880000,689.419,686.206,7.84324,6.889,6.763,40.0906,3.74463,3.70521,16.4159,18.6492,444.245,445.615,3.73748,-0.841678,2.33922,12.7132,6.81297,25.5281,25.5281,1.0,1.0,1
73868,31.05.2024 02:30:49.890000,688.348,691.809,7.84324,6.847,6.777,40.2533,3.7375,3.70596,14.7798,21.9264,444.435,445.695,0.630884,4.51261,2.56159,13.7343,6.81361,25.5281,25.5281,1.0,1.0,1
73869,31.05.2024 02:30:49.900000,688.348,691.809,7.84324,6.847,6.777,40.2533,3.7375,3.70596,14.7798,21.9264,444.435,445.695,0.630884,4.51261,2.56159,13.7343,6.81361,25.5281,25.5281,1.0,1.0,1
73870,31.05.2024 02:30:49.910000,691.15,681.344,7.8232,6.834,6.794,40.659,3.73927,3.68219,12.9743,18.5366,444.685,445.425,1.10032,4.84361,2.67318,14.0947,6.8142,21.8099,21.8099,1.0,1.0,1
73871,31.05.2024 02:30:49.920000,691.15,681.344,7.8232,6.834,6.794,40.659,3.73927,3.68219,12.9743,18.5366,444.685,445.425,1.10032,4.84361,2.67318,14.0947,6.8142,21.8099,21.8099,1.0,1.0,1
73872,31.05.2024 02:30:49.930000,689.09,694.61,7.84569,6.881,6.799,41.1515,3.70492,3.6556,11.9287,15.4896,444.96,445.865,4.54287,6.64579,2.75547,13.0699,6.81544,17.1152,17.1152,1.0,1.0,1
73873,31.05.2024 02:30:49.940000,692.798,690.655,7.84434,6.966,6.931,41.8157,3.67733,3.65722,10.8946,13.988,444.74,445.71,6.31823,8.92098,2.22991,11.9306,6.81572,15.8492,15.8492,1.0,1.0,1
73874,31.05.2024 02:30:49.950000,692.798,690.655,7.80658,6.966,6.931,42.6476,3.66908,3.64791,10.8946,13.988,444.74,445.71,6.31823,8.92098,2.22991,11.9306,6.81572,15.8492,15.8492,1.0,1.0,1
73875,31.05.2024 02:30:49.960000,689.831,682.828,7.80658,7.039,6.964,43.6646,3.66326,3.63454,11.2041,14.5677,444.48,445.465,6.48956,9.08911,1.66576,11.3224,6.81613,16.5726,16.5726,1.0,1.0,1
73876,31.05.2024 02:30:49.970000,689.831,696.011,7.80658,7.074,6.964,43.6646,3.65771,3.62717,11.639,15.3684,444.285,445.29,5.32093,7.86929,1.19283,11.2566,6.81629,16.5726,16.5726,1.0,1.0,1
73877,31.05.2024 02:30:49.980000,689.831,696.011,7.80658,7.074,6.964,43.6646,3.65771,3.62717,11.639,15.3684,444.285,445.29,5.32093,7.86929,1.19283,11.2566,6.81629,16.5726,16.5726,1.0,1.0,1
73878,31.05.2024 02:30:49.990000,689.584,696.011,7.80373,7.074,6.987,44.7059,3.64349,3.62923,10.9543,13.6933,444.255,445.22,3.8139,6.62563,0.851655,11.6643,6.81629,18.4317,18.4317,1.0,1.0,1
73879,31.05.2024 02:30:50.000000,681.756,691.479,7.7776,7.13,7.006,45.8021,3.60453,3.63276,9.95132,15.7556,444.385,445.3,2.90493,5.7103,0.701459,12.4425,6.81655,18.4317,18.4317,1.0,1.0,1
73880,31.05.2024 02:30:50.010000,681.756,691.479,7.7776,7.13,7.006,45.8021,3.60453,3.63276,9.95132,15.7556,444.385,445.3,2.90493,5.7103,0.701459,12.4425,6.81655,18.4317,18.4317,1.0,1.0,1
73881,31.05.2024 02:30:50.020000,635.696,691.479,7.7776,7.124,7.046,46.8224,3.61237,3.6424,9.95132,15.7556,444.385,445.3,3.498,5.53752,1.02295,12.9813,6.81655,19.2708,19.2708,1.0,1.0,1
73882,31.05.2024 02:30:50.030000,614.438,680.273,7.76627,7.157,7.074,48.0154,3.63406,3.6464,8.87515,16.2462,444.54,445.48,3.498,5.53752,1.02295,12.9813,6.81635,18.0266,18.0266,1.0,1.0,1
73883,31.05.2024 02:30:50.040000,614.438,680.273,7.76627,7.157,7.074,48.0154,3.63406,3.6464,8.87515,16.2462,444.54,445.48,3.498,5.53752,1.02295,12.9813,6.81635,18.0266,18.0266,1.0,1.0,1
73884,31.05.2024 02:30:50.050000,586.423,666.595,7.76627,7.173,7.035,49.2467,3.62925,3.66077,11.1582,14.669,444.53,445.545,4.98684,6.66063,1.66596,13.2143,6.81707,16.3194,16.3194,1.0,1.0,1
73885,31.05.2024 02:30:50.060000,551.651,636.932,7.75115,7.172,7.162,50.5033,3.61766,3.67062,12.7135,15.7561,444.275,445.37,6.09849,7.70122,1.85362,13.0355,6.81735,16.305,16.305,1.0,1.0,1
73886,31.05.2024 02:30:50.070000,556.924,613.696,7.75115,7.207,7.208,51.6846,3.61277,3.67007,8.88173,18.4019,444.04,445.195,5.64535,7.07698,1.76189,12.1809,6.81769,16.305,16.305,1.0,1.0,1
73887,31.05.2024 02:30:50.080000,556.924,613.696,7.75115,7.207,7.208,51.6846,3.61277,3.67007,8.88173,18.4019,444.04,445.195,5.64535,7.07698,1.76189,12.1809,6.81769,16.305,16.305,1.0,1.0,1
73888,31.05.2024 02:30:50.090000,556.924,613.696,7.51916,7.207,7.208,51.6846,3.61433,3.6812,10.4847,16.6275,444.01,445.16,4.54304,5.75015,1.86844,11.0386,6.81835,14.2144,14.2144,1.0,1.0,1
73889,31.05.2024 02:30:50.100000,556.924,613.696,7.51916,7.207,7.208,51.6846,3.61433,3.6812,10.4847,16.6275,444.01,445.16,4.54304,5.75015,1.86844,11.0386,6.81835,14.2144,14.2144,1.0,1.0,1
73890,31.05.2024 02:30:50.110000,554.864,536.819,7.5078,7.465,7.238,52.8372,3.62754,3.70676,10.0234,18.4769,443.995,445.175,4.15976,5.41501,1.8852,10.3979,6.81935,13.7514,13.7514,1.0,1.0,1
73891,31.05.2024 02:30:50.120000,563.928,558.655,7.50503,7.397,7.211,55.0178,3.63364,3.74277,12.8429,23.1342,443.99,445.165,4.09725,5.12981,1.73855,10.4049,6.82035,13.3464,13.3464,1.0,1.0,1
73892,31.05.2024 02:30:50.130000,563.928,599.194,7.50503,7.289,7.211,55.0178,3.63773,3.74765,11.3103,25.0452,444.0,445.265,4.52666,4.65684,1.72682,10.4552,6.82114,13.3464,13.3464,1.0,1.0,1
73893,31.05.2024 02:30:50.140000,556.347,599.194,7.41721,7.289,7.221,56.0582,3.63774,3.75016,11.3103,25.0452,444.0,445.265,4.52666,4.65684,1.72682,10.4552,6.82114,15.162,15.162,1.0,1.0,1
73894,31.05.2024 02:30:50.150000,565.494,603.973,7.41721,7.314,7.201,57.1463,3.63806,3.75523,13.4184,21.3161,444.0,445.36,5.24257,5.3201,1.7978,10.1387,6.82239,15.162,15.162,1.0,1.0,1
73895,31.05.2024 02:30:50.160000,565.494,603.973,7.27565,7.314,7.201,57.1463,3.65128,3.76631,15.7422,25.1362,443.84,445.285,6.03985,6.48925,1.78487,9.75006,6.82393,15.2199,15.2199,1.0,1.0,1
73896,31.05.2024 02:30:50.170000,565.494,603.973,7.27565,7.314,7.201,57.1463,3.65128,3.76631,15.7422,25.1362,443.84,445.285,6.03985,6.48925,1.78487,9.75006,6.82393,15.2199,15.2199,1.0,1.0,1
73897,31.05.2024 02:30:50.180000,574.31,606.28,7.27565,7.378,7.179,58.2455,3.66338,3.76833,15.7422,25.1362,443.84,445.285,6.03985,6.48925,1.78487,9.75006,6.82393,15.2199,15.2199,1.0,1.0,1
73898,31.05.2024 02:30:50.190000,566.153,613.037,7.17098,7.337,7.056,59.3949,3.69712,3.7636,17.4308,27.2372,443.71,445.115,6.06368,6.66666,1.79007,9.02731,6.82524,16.1024,16.1024,1.0,1.0,1
73899,31.05.2024 02:30:50.200000,564.505,614.685,7.17098,7.207,6.943,60.4932,3.70274,3.77415,16.3172,21.5639,443.62,445.01,5.76504,5.64063,1.76698,8.35054,6.82684,17.1947,17.1947,1.0,1.0,1
73900,31.05.2024 02:30:50.210000,564.505,609.741,7.13435,7.175,6.943,60.4932,3.70348,3.78445,16.0221,22.2225,443.6,445.06,5.52352,4.97553,1.77402,8.05157,6.8286,17.1947,17.1947,1.0,1.0,1
73901,31.05.2024 02:30:50.220000,561.209,609.741,7.13435,7.175,6.882,61.4706,3.70379,3.78594,16.0221,22.2225,443.6,445.06,5.52352,4.97553,1.77402,8.05157,6.8286,17.1947,17.1947,1.0,1.0,1
73902,31.05.2024 02:30:50.230000,561.209,609.741,7.13435,7.175,6.882,61.4706,3.70379,3.78594,16.0221,22.2225,443.6,445.06,5.52352,4.97553,1.77402,8.05157,6.8286,17.1947,17.1947,1.0,1.0,1
73903,31.05.2024 02:30:50.240000,551.404,601.336,7.08233,7.176,6.977,62.5868,3.69691,3.78635,18.0292,25.165,443.555,445.145,5.66851,5.19886,1.82383,7.83096,6.83059,17.7879,17.7879,1.0,1.0,1
73904,31.05.2024 02:30:50.250000,568.789,620.947,6.95188,7.133,6.935,63.837,3.67324,3.78541,16.7954,25.624,443.54,445.165,5.86852,5.75336,1.76088,7.6308,6.83192,18.2364,18.2364,1.0,1.0,1
73905,31.05.2024 02:30:50.260000,565.658,607.928,6.95188,7.039,6.868,63.837,3.65822,3.77848,14.1143,24.8583,443.51,445.1,6.22491,6.18577,1.82398,7.58732,6.83271,18.2364,18.2364,1.0,1.0,1
73906,31.05.2024 02:30:50.270000,565.658,607.928,6.93795,7.039,6.868,64.9994,3.60977,3.77648,14.1143,24.8583,443.51,445.1,6.22491,6.18577,1.82398,7.58732,6.83271,18.1568,18.1568,1.0,1.0,1
73907,31.05.2024 02:30:50.280000,567.554,605.704,6.93795,7.022,6.755,66.1311,3.58767,3.77445,15.8584,24.8051,443.455,445.02,6.56925,6.25373,1.90269,7.46122,6.83406,18.1568,18.1568,1.0,1.0,1
73908,31.05.2024 02:30:50.290000,567.554,605.704,6.93795,7.022,6.755,66.1311,3.58767,3.77445,15.8584,24.8051,443.455,445.02,6.56925,6.25373,1.90269,7.46122,6.83406,18.1568,18.1568,1.0,1.0,1
73909,31.05.2024 02:30:50.300000,567.554,610.483,6.93795,7.046,6.755,66.1311,3.56877,3.77219,13.2496,23.9925,443.4,444.985,6.91805,5.8602,1.92909,7.38442,6.83518,17.9109,17.9109,1.0,1.0,1
73910,31.05.2024 02:30:50.310000,552.969,616.498,6.86194,6.989,6.784,68.4927,3.54866,3.77199,12.1885,22.8236,443.29,444.99,6.93843,5.7394,1.99534,7.35171,6.83572,17.4696,17.4696,1.0,1.0,1
73911,31.05.2024 02:30:50.320000,552.969,616.498,6.7724,6.989,6.784,68.4927,3.56721,3.77069,9.66624,23.3029,443.275,444.95,6.67924,5.95287,2.03653,7.36662,6.83615,17.4696,17.4696,1.0,1.0,1
73912,31.05.2024 02:30:50.330000,561.291,607.763,6.7724,6.947,6.788,69.5148,3.58861,3.77474,9.66624,23.3029,443.275,444.95,6.67924,5.95287,2.03653,7.36662,6.83615,17.4696,17.4696,1.0,1.0,1
73913,31.05.2024 02:30:50.340000,561.291,607.763,6.7724,6.947,6.788,69.5148,3.58861,3.77474,9.66624,23.3029,443.275,444.95,6.67924,5.95287,2.03653,7.36662,6.83615,17.4696,17.4696,1.0,1.0,1
73914,31.05.2024 02:30:50.350000,569.366,610.73,6.7872,6.93,6.775,69.5148,3.60766,3.77335,12.7278,24.3586,443.24,444.915,6.79346,5.78364,2.0294,7.33877,6.83693,17.2743,17.2743,1.0,1.0,1
73915,31.05.2024 02:30:50.360000,564.258,617.816,6.82338,6.891,6.718,71.6322,3.66676,3.74249,16.3126,22.7613,443.165,444.92,6.7564,5.64861,2.11647,7.2933,6.83679,17.2743,17.2743,1.0,1.0,1
73916,31.05.2024 02:30:50.370000,564.258,617.816,6.82338,6.891,6.718,71.6322,3.66676,3.74249,16.3126,22.7613,443.165,444.92,6.7564,5.64861,2.11647,7.2933,6.83679,17.2743,17.2743,1.0,1.0,1
73917,31.05.2024 02:30:50.380000,564.258,610.812,6.79818,6.836,6.718,71.6322,3.67248,3.74624,16.0524,19.2965,443.11,444.92,6.60397,5.89114,2.13324,7.22268,6.83647,17.2598,17.2598,1.0,1.0,1
73918,31.05.2024 02:30:50.390000,564.258,610.812,6.79818,6.836,6.718,71.6322,3.67248,3.74624,16.0524,19.2965,443.11,444.92,6.60397,5.89114,2.13324,7.22268,6.83647,17.2598,17.2598,1.0,1.0,1
73919,31.05.2024 02:30:50.400000,566.482,614.767,6.78359,6.774,6.723,73.7436,3.66124,3.73689,18.5223,20.926,443.12,444.875,6.4648,6.05297,2.13906,7.19,6.83656,17.1658,17.1658,1.0,1.0,1
73920,31.05.2024 02:30:50.410000,563.598,606.528,6.77384,6.793,6.726,74.8563,3.62062,3.70927,18.4675,20.9658,443.125,444.82,6.7339,5.86768,2.08506,7.09284,6.83607,17.3611,17.3611,1.0,1.0,1
73921,31.05.2024 02:30:50.420000,556.759,605.292,6.77384,6.845,6.735,74.8563,3.5875,3.699,14.4574,14.9558,443.095,444.835,6.98487,5.76363,2.18676,7.18432,6.83578,17.3611,17.3611,1.0,1.0,1
73922,31.05.2024 02:30:50.430000,556.759,605.292,6.79432,6.845,6.735,75.8683,3.53175,3.7151,14.4574,14.9558,443.095,444.835,6.98487,5.76363,2.18676,7.18432,6.83578,17.5637,17.5637,1.0,1.0,1
73923,31.05.2024 02:30:50.440000,556.759,605.292,6.79432,6.845,6.735,75.8683,3.53175,3.7151,14.4574,14.9558,443.095,444.835,6.98487,5.76363,2.18676,7.18432,6.83578,17.5637,17.5637,1.0,1.0,1
73924,31.05.2024 02:30:50.450000,564.587,608.67,6.79432,6.859,6.769,76.838,3.52307,3.71019,11.8075,17.0452,443.03,444.83,7.18209,5.84405,2.10303,7.18393,6.8349,17.7083,17.7083,1.0,1.0,1
73925,31.05.2024 02:30:50.460000,564.587,608.67,6.79432,6.859,6.769,76.838,3.52307,3.71019,11.8075,17.0452,443.03,444.83,7.18209,5.84405,2.10303,7.18393,6.8349,17.7083,17.7083,1.0,1.0,1
73926,31.05.2024 02:30:50.470000,557.336,614.355,6.7974,6.824,6.728,77.7376,3.53207,3.70281,11.5898,22.9388,442.98,444.82,7.08131,6.05885,2.13822,7.1125,6.83463,17.7156,17.7156,1.0,1.0,1
73927,31.05.2024 02:30:50.480000,564.422,608.752,6.83993,6.835,6.736,78.5419,3.58842,3.70171,13.3566,14.8538,442.96,444.755,6.85756,6.11538,2.32112,7.13506,6.8341,17.8024,17.8024,1.0,1.0,1
73928,31.05.2024 02:30:50.490000,564.422,608.752,6.83993,6.835,6.736,78.5419,3.58842,3.70171,13.3566,14.8538,442.96,444.755,6.85756,6.11538,2.32112,7.13506,6.8341,17.8024,17.8024,1.0,1.0,1
73929,31.05.2024 02:30:50.500000,559.808,611.636,6.83993,6.849,6.698,79.2945,3.60599,3.70774,13.3566,14.8538,442.96,444.755,6.85756,6.11538,2.32112,7.13506,6.8341,17.8602,17.8602,1.0,1.0,1
73930,31.05.2024 02:30:50.510000,559.808,611.636,6.83993,6.849,6.698,79.2945,3.60599,3.70774,13.3566,14.8538,442.96,444.755,6.85756,6.11538,2.32112,7.13506,6.8341,17.8602,17.8602,1.0,1.0,1
73931,31.05.2024 02:30:50.520000,558.325,595.651,6.89153,6.887,6.754,79.9194,3.62754,3.69198,14.7597,16.7713,442.955,444.725,6.9063,6.06998,2.32864,7.22819,6.83323,17.8602,17.8602,1.0,1.0,1
73932,31.05.2024 02:30:50.530000,558.325,595.651,6.89153,6.887,6.754,79.9194,3.62754,3.69198,14.7597,16.7713,442.955,444.725,6.9063,6.06998,2.32864,7.22819,6.83323,17.8602,17.8602,1.0,1.0,1
73933,31.05.2024 02:30:50.540000,556.347,589.801,6.90489,6.883,6.76,80.462,3.62099,3.68857,16.5732,15.2258,442.92,444.73,7.11974,5.957,2.43048,7.25047,6.83324,17.9615,17.9615,1.0,1.0,1
73934,31.05.2024 02:30:50.550000,556.347,589.801,6.90489,6.883,6.76,80.462,3.62099,3.68857,16.5732,15.2258,442.92,444.73,7.11974,5.957,2.43048,7.25047,6.83324,17.9615,17.9615,1.0,1.0,1
73935,31.05.2024 02:30:50.560000,519.433,554.205,6.89403,6.987,6.887,81.806,3.70212,3.71825,18.4959,19.3201,442.9,444.715,7.24499,6.17541,2.44767,7.07652,6.83297,16.7245,16.7245,1.0,1.0,1
73936,31.05.2024 02:30:50.570000,521.576,496.197,6.89827,7.053,6.827,82.355,3.75866,3.70977,21.7443,25.2416,442.875,444.685,7.40095,6.19595,2.40012,7.04879,6.83257,16.7607,16.7607,1.0,1.0,1
73937,31.05.2024 02:30:50.580000,528.003,496.857,6.89827,6.944,6.8,82.355,3.77551,3.70376,23.9134,16.4163,442.835,444.68,7.32062,6.05295,2.39202,7.0084,6.83278,16.7607,16.7607,1.0,1.0,1
73938,31.05.2024 02:30:50.590000,528.003,496.857,7.00952,6.944,6.8,82.7956,3.73999,3.71184,23.9134,16.4163,442.835,444.68,7.32062,6.05295,2.39202,7.0084,6.83278,17.7951,17.7951,1.0,1.0,1
73939,31.05.2024 02:30:50.600000,523.306,548.602,7.00952,6.854,6.871,83.2041,3.70357,3.71527,23.8884,14.4836,442.785,444.68,7.31193,6.25057,2.52097,6.87894,6.83279,17.5564,17.5564,1.0,1.0,1
73940,31.05.2024 02:30:50.610000,523.306,567.389,7.00952,6.862,6.871,83.2041,3.65721,3.71055,22.6803,22.4659,442.755,444.62,7.04208,6.24325,2.67005,6.93486,6.83267,17.5564,17.5564,1.0,1.0,1
73941,31.05.2024 02:30:50.620000,508.557,567.389,6.99172,6.862,6.843,83.5034,3.6201,3.69519,22.6803,22.4659,442.755,444.62,7.04208,6.24325,2.67005,6.93486,6.83267,17.5564,17.5564,1.0,1.0,1
73942,31.05.2024 02:30:50.630000,508.557,567.389,6.99172,6.862,6.843,83.5034,3.6201,3.69519,22.6803,22.4659,442.755,444.62,7.04208,6.24325,2.67005,6.93486,6.83267,17.5564,17.5564,1.0,1.0,1
73943,31.05.2024 02:30:50.640000,502.295,515.478,6.95752,6.951,6.844,83.6434,3.57788,3.68218,16.6661,18.8309,442.765,444.62,6.75501,6.0009,2.75233,7.01455,6.83281,17.0211,17.0211,1.0,1.0,1
73944,31.05.2024 02:30:50.650000,487.875,480.295,6.98003,6.902,6.843,83.8785,3.51003,3.66859,12.4336,10.8738,442.79,444.63,6.80128,5.95028,2.64322,7.07261,6.83307,16.1965,16.1965,1.0,1.0,1
73945,31.05.2024 02:30:50.660000,502.295,515.478,6.98003,6.951,6.844,83.6434,3.57788,3.68218,16.6661,18.8309,442.765,444.62,6.75501,6.0009,2.75233,7.01455,6.83281,16.1965,16.1965,1.0,1.0,1
73946,31.05.2024 02:30:50.670000,487.875,480.295,7.03371,6.902,6.843,84.052,3.52971,3.65883,16.6661,18.8309,442.765,444.62,6.75501,6.0009,2.75233,7.01455,6.83338,16.1892,16.1892,1.0,1.0,1
73947,31.05.2024 02:30:50.680000,487.875,480.295,7.03371,6.902,6.843,84.052,3.52971,3.65883,16.6661,18.8309,442.765,444.62,6.75501,6.0009,2.75233,7.01455,6.83338,16.1892,16.1892,1.0,1.0,1
73948,31.05.2024 02:30:50.690000,475.598,485.238,7.03371,6.944,6.891,84.1807,3.55576,3.6438,12.7122,19.2179,442.715,444.585,7.17569,6.0598,2.59304,7.24863,6.83336,17.2092,17.2092,1.0,1.0,1
73949,31.05.2024 02:30:50.700000,462.579,443.051,7.02056,7.028,6.912,84.3972,3.60063,3.64753,11.3212,11.3549,442.72,444.61,7.12466,5.88967,2.64534,7.30448,6.83419,18.4968,18.4968,1.0,1.0,1
73950,31.05.2024 02:30:50.710000,449.972,377.71,7.02056,7.1,6.915,84.5979,3.6036,3.63966,15.5265,10.5964,442.725,444.595,7.20091,6.07489,2.71705,7.32313,6.83444,18.4968,18.4968,1.0,1.0,1
73951,31.05.2024 02:30:50.720000,449.972,377.71,7.02056,7.1,6.915,84.5979,3.6036,3.63966,15.5265,10.5964,442.725,444.595,7.20091,6.07489,2.71705,7.32313,6.83444,18.4968,18.4968,1.0,1.0,1
73952,31.05.2024 02:30:50.730000,449.972,377.71,6.96314,7.1,6.915,84.5979,3.62591,3.63288,18.0895,17.6447,442.69,444.595,7.39806,6.21256,2.74809,7.48994,6.83476,18.8874,18.8874,1.0,1.0,1
73953,31.05.2024 02:30:50.740000,449.972,377.71,6.96314,7.1,6.915,84.5979,3.62591,3.63288,18.0895,17.6447,442.69,444.595,7.39806,6.21256,2.74809,7.48994,6.83476,18.8874,18.8874,1.0,1.0,1
73954,31.05.2024 02:30:50.750000,401.605,374.744,6.97538,6.984,6.944,84.8161,3.59427,3.65628,18.7702,13.9171,442.69,444.575,7.42632,6.20294,2.84181,7.59335,6.83511,18.5547,18.5547,1.0,1.0,1
73955,31.05.2024 02:30:50.760000,418.744,351.837,7.05228,7.055,6.887,85.0878,3.52802,3.69194,14.3207,14.6057,442.66,444.575,7.49664,6.27841,2.91039,7.54136,6.83526,18.5909,18.5909,1.0,1.0,1
73956,31.05.2024 02:30:50.770000,418.744,329.837,7.05228,7.066,6.887,85.0878,3.49311,3.6999,14.8474,21.3181,442.69,444.585,7.45631,6.18974,2.96548,7.3712,6.83627,18.5909,18.5909,1.0,1.0,1
73957,31.05.2024 02:30:50.780000,428.384,329.837,7.0599,7.066,6.87,85.2227,3.45714,3.70754,14.8474,21.3181,442.69,444.585,7.45631,6.18974,2.96548,7.3712,6.83627,18.6126,18.6126,1.0,1.0,1
73958,31.05.2024 02:30:50.790000,387.762,342.773,7.0599,6.949,6.942,85.3432,3.43732,3.70883,8.98071,13.5421,442.685,444.595,7.83137,6.29544,3.04161,7.33045,6.83662,18.6126,18.6126,1.0,1.0,1
73959,31.05.2024 02:30:50.800000,387.762,342.773,6.94455,6.949,6.942,85.3432,3.41787,3.66813,8.08465,13.004,442.665,444.6,8.09421,6.53846,3.11452,7.44447,6.83716,18.6126,18.6126,1.0,1.0,1
73960,31.05.2024 02:30:50.810000,387.762,342.773,6.94455,6.949,6.942,85.3432,3.41787,3.66813,8.08465,13.004,442.665,444.6,8.09421,6.53846,3.11452,7.44447,6.83716,18.6126,18.6126,1.0,1.0,1
73961,31.05.2024 02:30:50.820000,371.036,333.215,6.94455,7.011,6.959,85.4797,3.42714,3.66454,8.08465,13.004,442.665,444.6,8.09421,6.53846,3.11452,7.44447,6.83716,19.0032,19.0032,1.0,1.0,1
73962,31.05.2024 02:30:50.830000,349.612,271.17,7.00408,7.093,6.944,85.5043,3.53162,3.66296,8.0074,12.1141,442.665,444.565,8.05911,6.59905,3.14109,7.45718,6.83793,19.9291,19.9291,1.0,1.0,1
73963,31.05.2024 02:30:50.840000,356.534,219.26,7.00408,7.122,6.891,85.5759,3.57218,3.67282,8.65296,15.1581,442.64,444.55,8.19798,6.52707,3.24776,7.48426,6.83899,19.9291,19.9291,1.0,1.0,1
73964,31.05.2024 02:30:50.850000,356.534,235.327,7.00408,7.016,6.891,85.5759,3.60104,3.69019,18.0248,14.0407,442.55,444.525,8.06652,6.30704,3.40267,7.52646,6.83938,19.9291,19.9291,1.0,1.0,1
73965,31.05.2024 02:30:50.860000,353.732,235.327,6.99375,7.016,6.895,85.5587,3.63046,3.69209,18.0248,14.0407,442.55,444.525,8.06652,6.30704,3.40267,7.52646,6.83938,19.9798,19.9798,1.0,1.0,1
73966,31.05.2024 02:30:50.870000,353.732,235.327,6.99375,7.016,6.895,85.5587,3.63046,3.69209,18.0248,14.0407,442.55,444.525,8.06652,6.30704,3.40267,7.52646,6.83938,19.9798,19.9798,1.0,1.0,1
73967,31.05.2024 02:30:50.880000,342.691,259.058,6.96848,6.918,6.882,85.639,3.64368,3.68635,18.0374,16.797,442.525,444.53,7.61314,6.19713,3.23772,7.59095,6.83976,20.0014,20.0014,1.0,1.0,1
73968,31.05.2024 02:30:50.890000,328.024,255.514,6.97034,6.934,6.913,85.6456,3.59547,3.68922,17.9425,14.2362,442.565,444.53,7.22668,6.00954,3.1668,7.67133,6.84085,20.0014,20.0014,1.0,1.0,1
73969,31.05.2024 02:30:50.900000,313.852,216.293,6.97034,7.011,6.878,85.6456,3.56813,3.68727,18.0118,16.025,442.635,444.57,7.22602,5.9312,3.21537,7.80115,6.84163,20.0014,20.0014,1.0,1.0,1
73970,31.05.2024 02:30:50.910000,313.852,216.293,6.97034,7.011,6.878,85.6456,3.56813,3.68727,18.0118,16.025,442.635,444.57,7.22602,5.9312,3.21537,7.80115,6.84163,20.0014,20.0014,1.0,1.0,1
73971,31.05.2024 02:30:50.920000,313.852,216.293,6.95491,7.011,6.878,85.6256,3.5201,3.68592,15.046,18.0031,442.6,444.58,7.83855,6.1377,3.22387,7.9445,6.84163,19.6108,19.6108,1.0,1.0,1
73972,31.05.2024 02:30:50.930000,313.852,216.293,6.95491,7.011,6.878,85.6256,3.5201,3.68592,15.046,18.0031,442.6,444.58,7.83855,6.1377,3.22387,7.9445,6.84163,19.6108,19.6108,1.0,1.0,1
73973,31.05.2024 02:30:50.940000,303.964,160.428,6.94744,6.933,6.865,85.7553,3.47969,3.70573,12.6251,13.4084,442.55,444.545,7.90722,6.31801,3.18609,7.94291,6.84273,20.5874,20.5874,1.0,1.0,1
73974,31.05.2024 02:30:50.950000,262.601,174.188,6.94798,6.89,6.883,85.817,3.49517,3.71389,9.71911,15.2268,442.535,444.5,7.79118,6.01266,3.26293,8.06035,6.84338,20.3487,20.3487,1.0,1.0,1
73975,31.05.2024 02:30:50.960000,262.601,174.188,6.94798,6.89,6.883,85.817,3.49517,3.71389,9.71911,15.2268,442.535,444.5,7.79118,6.01266,3.26293,8.06035,6.84338,20.3487,20.3487,1.0,1.0,1
73976,31.05.2024 02:30:50.970000,262.601,174.188,6.94121,6.89,6.883,85.817,3.51008,3.71086,13.0222,17.404,442.585,444.54,7.79902,5.47428,3.25731,8.0796,6.84408,20.3487,20.3487,1.0,1.0,1
73977,31.05.2024 02:30:50.980000,262.601,174.188,6.94121,6.89,6.883,85.817,3.51008,3.71086,13.0222,17.404,442.585,444.54,7.79902,5.47428,3.25731,8.0796,6.84408,20.3487,20.3487,1.0,1.0,1
73978,31.05.2024 02:30:50.990000,257.904,134.555,6.94327,6.939,6.834,85.8261,3.54383,3.70581,14.5332,16.4072,442.595,444.62,8.05567,5.60602,3.25673,8.17858,6.8444,20.3487,20.3487,1.0,1.0,1
73979,31.05.2024 02:30:51.000000,257.904,134.555,6.94327,6.939,6.834,85.8261,3.54383,3.70581,14.5332,16.4072,442.595,444.62,8.05567,5.60602,3.25673,8.17858,6.8444,20.3487,20.3487,1.0,1.0,1
73980,31.05.2024 02:30:51.010000,248.016,98.8769,6.9602,6.984,6.816,85.8047,3.56265,3.71231,13.6341,12.9572,442.56,444.62,8.29786,6.19606,3.32021,8.23935,6.84484,20.0159,20.0159,1.0,1.0,1
73981,31.05.2024 02:30:51.020000,235.986,101.431,6.94925,6.923,6.835,85.7728,3.55298,3.70754,14.7143,15.8436,442.515,444.575,8.06925,6.20622,3.28759,8.29371,6.84602,20.2474,20.2474,1.0,1.0,1
73982,31.05.2024 02:30:51.030000,235.986,101.431,6.94925,6.923,6.835,85.7728,3.55298,3.70754,14.7143,15.8436,442.515,444.575,8.06925,6.20622,3.28759,8.29371,6.84602,20.2474,20.2474,1.0,1.0,1
73983,31.05.2024 02:30:51.040000,202.368,101.926,6.94836,6.847,6.873,85.7528,3.54896,3.70552,17.1066,16.6952,442.58,444.585,7.76294,5.94408,3.34831,8.38004,6.84634,20.1027,20.1027,1.0,1.0,1
73984,31.05.2024 02:30:51.050000,160.016,97.1466,6.91356,6.855,6.866,85.7436,3.53234,3.68724,16.9117,15.698,442.605,444.595,8.11326,5.98356,3.48539,8.39062,6.84671,19.4734,19.4734,1.0,1.0,1
73985,31.05.2024 02:30:51.060000,147.244,37.326,6.91356,6.896,6.862,85.7436,3.53231,3.69412,15.2463,13.3927,442.575,444.595,8.50739,6.0559,3.53509,8.39726,6.84725,19.4734,19.4734,1.0,1.0,1
73986,31.05.2024 02:30:51.070000,147.244,37.326,6.91356,6.896,6.862,85.7436,3.53231,3.69412,15.2463,13.3927,442.575,444.595,8.50739,6.0559,3.53509,8.39726,6.84725,19.4734,19.4734,1.0,1.0,1
73987,31.05.2024 02:30:51.080000,147.244,37.326,6.94308,6.896,6.862,85.6627,3.53751,3.68593,13.8347,15.1782,442.55,444.625,8.57167,5.90341,3.57265,8.45946,6.84725,19.4734,19.4734,1.0,1.0,1
73988,31.05.2024 02:30:51.090000,147.244,37.326,6.94308,6.896,6.862,85.6627,3.53751,3.68593,13.8347,15.1782,442.55,444.625,8.57167,5.90341,3.57265,8.45946,6.84725,19.4734,19.4734,1.0,1.0,1
73989,31.05.2024 02:30:51.100000,112.967,-109.259,6.92594,6.959,6.929,85.6923,3.5373,3.69097,16.9433,11.4152,442.59,444.645,8.52295,5.97044,3.68527,8.48678,6.84808,19.0321,19.0321,1.0,1.0,1
73990,31.05.2024 02:30:51.110000,112.967,-109.259,6.92594,6.959,6.929,85.6923,3.5373,3.69097,16.9433,11.4152,442.59,444.645,8.52295,5.97044,3.68527,8.48678,6.84808,19.0321,19.0321,1.0,1.0,1
73991,31.05.2024 02:30:51.120000,112.143,-104.727,6.92701,6.931,6.864,85.7166,3.50961,3.68795,12.488,13.8534,442.605,444.675,8.7191,6.22098,3.70573,8.5156,6.84784,18.6198,18.6198,1.0,1.0,1
73992,31.05.2024 02:30:51.130000,112.143,-104.727,6.92701,6.931,6.864,85.7166,3.50961,3.68795,12.488,13.8534,442.605,444.675,8.7191,6.22098,3.70573,8.5156,6.84784,18.6198,18.6198,1.0,1.0,1
73993,31.05.2024 02:30:51.140000,102.585,-102.173,6.94938,6.865,6.85,85.7267,3.47092,3.68353,12.0007,11.4358,442.56,444.66,8.98863,6.39615,3.7507,8.57851,6.84877,18.6198,18.6198,1.0,1.0,1
73994,31.05.2024 02:30:51.150000,100.69,-97.0642,6.95356,6.822,6.827,85.7473,3.4138,3.65214,9.34333,12.2172,442.545,444.615,8.62861,6.25175,3.79429,8.73719,6.84932,18.0338,18.0338,1.0,1.0,1
73995,31.05.2024 02:30:51.160000,57.5958,-102.255,6.95356,6.859,6.858,85.75,3.4088,3.64747,9.70156,10.3545,442.585,444.625,8.48343,5.93065,3.81857,8.7396,6.84942,17.6288,17.6288,1.0,1.0,1
73996,31.05.2024 02:30:51.170000,57.5958,-142.795,6.95356,6.951,6.858,85.75,3.41318,3.64038,10.5418,10.3502,442.605,444.69,8.46519,5.88102,3.81905,8.78295,6.8498,17.6288,17.6288,1.0,1.0,1
73997,31.05.2024 02:30:51.180000,57.5958,-142.795,6.95356,6.951,6.858,85.75,3.41318,3.64038,10.5418,10.3502,442.605,444.69,8.46519,5.88102,3.81905,8.78295,6.8498,17.6288,17.6288,1.0,1.0,1
73998,31.05.2024 02:30:51.190000,3.1311,-142.795,6.94418,6.951,6.875,85.7321,3.42502,3.62988,8.72865,9.84926,442.59,444.71,8.64389,6.1848,3.87387,8.89984,6.8498,17.6288,17.6288,1.0,1.0,1
73999,31.05.2024 02:30:51.200000,3.1311,-142.795,6.94418,6.951,6.875,85.7321,3.42502,3.62988,8.72865,9.84926,442.59,444.71,8.64389,6.1848,3.87387,8.89984,6.8498,17.6288,17.6288,1.0,1.0,1
74000,31.05.2024 02:30:51.210000,-30.5694,-199.649,6.94924,6.951,6.877,85.7428,3.49558,3.6173,11.1915,7.20982,442.545,444.7,8.55806,6.20578,3.88643,9.03449,6.85094,17.5637,17.5637,1.0,1.0,1
74001,31.05.2024 02:30:51.220000,-65.8355,-229.806,6.95602,6.904,6.863,85.6674,3.53941,3.62134,14.3847,8.55254,442.57,444.69,8.26756,6.00706,3.81067,9.04957,6.85117,17.9543,17.9543,0.0,1.0,1
74002,31.05.2024 02:30:51.230000,-65.8355,-229.806,6.95245,6.904,6.863,85.7098,3.551,3.63128,14.3847,8.55254,442.57,444.69,8.26756,6.00706,3.81067,9.04957,6.85117,17.9543,17.9543,0.0,1.0,1
74003,31.05.2024 02:30:51.240000,-108.517,-266.638,6.95245,6.932,6.892,85.7108,3.54147,3.63964,15.8046,9.32856,442.61,444.745,8.22196,5.93002,3.90496,9.17565,6.85175,17.3756,17.3756,0.0,1.0,1
74004,31.05.2024 02:30:51.250000,-108.517,-266.638,6.95245,6.932,6.892,85.7108,3.54147,3.63964,15.8046,9.32856,442.61,444.745,8.22196,5.93002,3.90496,9.17565,6.85175,17.3756,17.3756,0.0,1.0,1
74005,31.05.2024 02:30:51.260000,-108.517,-306.271,6.95245,6.993,6.892,85.7108,3.52674,3.64758,14.9735,9.61442,442.61,444.785,8.44328,6.05583,3.8501,9.2281,6.8521,16.9777,16.9777,0.0,1.0,1
74006,31.05.2024 02:30:51.270000,-108.517,-306.271,6.95245,6.993,6.892,85.7108,3.52674,3.64758,14.9735,9.61442,442.61,444.785,8.44328,6.05583,3.8501,9.2281,6.8521,16.9777,16.9777,0.0,1.0,1
74007,31.05.2024 02:30:51.280000,-112.39,-339.395,6.97035,6.964,6.854,85.7627,3.46033,3.65953,12.0674,12.5771,442.59,444.775,8.64232,6.33348,3.85857,9.26095,6.85249,16.985,16.985,0.0,1.0,1
74008,31.05.2024 02:30:51.290000,-112.39,-339.395,6.97035,6.964,6.854,85.7627,3.46033,3.65953,12.0674,12.5771,442.59,444.775,8.64232,6.33348,3.85857,9.26095,6.85249,16.985,16.985,0.0,1.0,1
74009,31.05.2024 02:30:51.300000,-114.368,-334.534,6.97506,6.91,6.864,85.7608,3.4165,3.65991,11.8155,12.6618,442.575,444.76,8.46737,6.1599,3.82047,9.32111,6.85285,17.8096,17.8096,0.0,1.0,1
74010,31.05.2024 02:30:51.310000,-134.72,-344.668,6.97401,6.918,6.878,85.7427,3.40196,3.65825,10.7338,11.6425,442.57,444.755,8.27571,5.99313,3.81284,9.39111,6.85322,18.4534,18.4534,0.0,1.0,1
74011,31.05.2024 02:30:51.320000,-152.353,-384.384,6.97401,6.941,6.871,85.7429,3.41467,3.65671,8.8179,10.9377,442.58,444.775,8.04157,5.76445,3.87431,9.20094,6.85355,17.853,17.853,0.0,1.0,1
74012,31.05.2024 02:30:51.330000,-152.353,-398.804,6.97401,6.92,6.871,85.7429,3.43763,3.65695,8.34709,11.7494,442.64,444.855,8.0152,5.48536,3.82184,9.03955,6.85417,17.853,17.853,0.0,1.0,1
74013,31.05.2024 02:30:51.340000,-169.327,-398.804,6.9708,6.92,6.896,85.6716,3.46885,3.65853,8.34709,11.7494,442.64,444.855,8.0152,5.48536,3.82184,9.03955,6.85417,17.4696,17.4696,0.0,1.0,1
74014,31.05.2024 02:30:51.350000,-182.263,-403.583,6.9708,6.927,6.869,85.7015,3.50036,3.66022,12.8008,10.9272,442.61,444.905,8.28815,5.69569,3.80676,9.1459,6.85415,17.4696,17.4696,0.0,1.0,1
74015,31.05.2024 02:30:51.360000,-182.263,-403.583,6.9708,6.927,6.869,85.7015,3.50036,3.66022,12.8008,10.9272,442.61,444.905,8.28815,5.69569,3.80676,9.1459,6.85415,17.4696,17.4696,0.0,1.0,1
74016,31.05.2024 02:30:51.370000,-182.263,-403.583,6.99119,6.927,6.869,85.7015,3.55277,3.65658,17.7597,9.85593,442.59,444.9,8.28555,6.15711,3.91379,9.13385,6.85495,17.6577,17.6577,0.0,1.0,1
74017,31.05.2024 02:30:51.380000,-182.263,-403.583,6.99119,6.927,6.869,85.7015,3.55277,3.65658,17.7597,9.85593,442.59,444.9,8.28555,6.15711,3.91379,9.13385,6.85495,17.6577,17.6577,0.0,1.0,1
74018,31.05.2024 02:30:51.390000,-223.544,-406.055,6.99699,6.93,6.877,85.7506,3.574,3.65925,15.3745,10.0562,442.6,444.86,8.12598,6.03621,3.94189,8.97972,6.8554,17.6577,17.6577,0.0,1.0,1
74019,31.05.2024 02:30:51.400000,-239.365,-401.44,6.98777,6.967,6.926,85.7317,3.55635,3.664,15.9788,11.818,442.625,444.88,7.95313,5.56138,3.9249,8.92461,6.85627,17.7662,17.7662,0.0,1.0,1
74020,31.05.2024 02:30:51.410000,-239.365,-401.44,6.98777,6.967,6.926,85.7317,3.55635,3.664,15.9788,11.818,442.625,444.88,7.95313,5.56138,3.9249,8.92461,6.85627,17.7662,17.7662,0.0,1.0,1
74021,31.05.2024 02:30:51.420000,-239.365,-402.264,6.97506,6.987,6.926,85.7317,3.53747,3.66925,14.8597,11.557,442.64,444.915,8.06797,5.5335,3.89848,8.82074,6.8567,17.7662,17.7662,0.0,1.0,1
74022,31.05.2024 02:30:51.430000,-287.402,-397.32,6.97621,7.035,6.96,85.67,3.48929,3.67883,14.4151,12.4094,442.59,444.915,8.07247,5.68765,3.73604,8.74732,6.85758,17.5202,17.5202,0.0,1.0,1
74023,31.05.2024 02:30:51.440000,-287.402,-397.32,6.9836,7.035,6.96,85.67,3.47547,3.6817,13.0911,11.2426,442.555,444.915,7.7434,5.59518,3.50783,8.78474,6.85793,17.5202,17.5202,0.0,1.0,1
74024,31.05.2024 02:30:51.450000,-301.904,-402.099,6.9836,7.032,6.898,85.7541,3.46411,3.68188,13.0911,11.2426,442.555,444.915,7.7434,5.59518,3.50783,8.78474,6.85793,17.1586,17.1586,0.0,1.0,1
74025,31.05.2024 02:30:51.460000,-300.503,-397.897,6.9836,6.993,6.914,85.7541,3.45536,3.68043,9.56885,11.7087,442.61,444.925,7.21178,5.19322,3.49704,8.78267,6.85773,17.1586,17.1586,0.0,1.0,1
74026,31.05.2024 02:30:51.470000,-300.503,-397.897,6.9836,6.993,6.914,85.7541,3.45536,3.68043,9.56885,11.7087,442.61,444.925,7.21178,5.19322,3.49704,8.78267,6.85773,17.1586,17.1586,0.0,1.0,1
74027,31.05.2024 02:30:51.480000,-300.503,-397.897,6.99716,6.993,6.914,85.7669,3.44564,3.6808,11.3377,14.096,442.65,444.97,7.31862,5.092,3.48328,8.61521,6.85773,18.099,18.099,0.0,1.0,1
74028,31.05.2024 02:30:51.490000,-300.503,-397.897,6.99716,6.993,6.914,85.7669,3.44564,3.6808,11.3377,14.096,442.65,444.97,7.31862,5.092,3.48328,8.61521,6.85773,18.099,18.099,0.0,1.0,1
74029,31.05.2024 02:30:51.500000,-323.163,-404.983,7.00135,6.976,6.909,85.7247,3.44354,3.67684,11.9269,12.8903,442.635,444.99,7.37877,5.16463,3.2745,8.59584,6.85949,18.2509,18.2509,0.0,1.0,1
74030,31.05.2024 02:30:51.510000,-323.163,-404.983,7.00135,6.976,6.909,85.7247,3.44354,3.67684,11.9269,12.8903,442.635,444.99,7.37877,5.16463,3.2745,8.59584,6.85949,18.2509,18.2509,0.0,1.0,1
74031,31.05.2024 02:30:51.520000,-346.069,-399.628,6.98438,6.979,6.917,85.7737,3.45648,3.66056,9.47866,8.83511,442.64,445.015,7.39556,5.10144,3.18306,8.46063,6.86008,17.3249,17.3249,0.0,1.0,1
74032,31.05.2024 02:30:51.530000,-354.144,-400.781,6.97735,6.964,6.928,85.7822,3.47576,3.65311,9.24575,9.26141,442.64,445.055,7.38419,5.05829,3.22675,8.4425,6.86046,17.4624,17.4624,0.0,1.0,1
74033,31.05.2024 02:30:51.540000,-365.515,-406.714,6.97735,6.967,6.911,85.7822,3.48697,3.65025,11.4073,9.14893,442.64,445.07,7.38823,5.1548,3.11256,8.50062,6.86098,17.4624,17.4624,0.0,1.0,1
74034,31.05.2024 02:30:51.550000,-365.515,-406.714,6.98747,6.967,6.911,85.7575,3.49994,3.64773,11.4073,9.14893,442.64,445.07,7.38823,5.1548,3.11256,8.50062,6.86098,18.6921,18.6921,0.0,1.0,1
74035,31.05.2024 02:30:51.560000,-364.444,-400.616,6.98747,6.963,6.913,85.7949,3.50175,3.64951,13.439,8.16722,442.63,445.05,7.45074,5.22866,3.03993,8.53439,6.86166,18.6921,18.6921,0.0,1.0,1
74036,31.05.2024 02:30:51.570000,-364.444,-396.249,6.98747,7.008,6.913,85.7949,3.50058,3.65244,12.3558,6.4519,442.595,445.05,7.28662,4.96777,2.8955,8.57754,6.8621,18.6921,18.6921,0.0,1.0,1
74037,31.05.2024 02:30:51.580000,-362.878,-396.249,6.98445,7.008,6.903,85.7889,3.49459,3.65528,12.3558,6.4519,442.595,445.05,7.28662,4.96777,2.8955,8.57754,6.8621,18.6921,18.6921,0.0,1.0,1
74038,31.05.2024 02:30:51.590000,-362.878,-396.249,6.98445,7.008,6.903,85.7889,3.49459,3.65528,12.3558,6.4519,442.595,445.05,7.28662,4.96777,2.8955,8.57754,6.8621,18.6921,18.6921,0.0,1.0,1
74039,31.05.2024 02:30:51.600000,-363.373,-402.923,6.97943,7.01,6.876,85.8071,3.48521,3.65673,10.9726,7.66968,442.605,445.07,6.93022,4.78132,2.79199,8.54172,6.8623,18.3087,18.3087,0.0,1.0,1
74040,31.05.2024 02:30:51.610000,-362.302,-396.002,6.99692,6.99,6.906,85.7876,3.44248,3.65697,10.5611,10.7279,442.66,445.12,6.85686,4.77777,2.77604,8.49909,6.86268,17.5637,17.5637,0.0,1.0,1
74041,31.05.2024 02:30:51.620000,-362.302,-396.002,6.99692,6.99,6.906,85.7876,3.44248,3.65697,10.5611,10.7279,442.66,445.12,6.85686,4.77777,2.77604,8.49909,6.86268,17.5637,17.5637,0.0,1.0,1
74042,31.05.2024 02:30:51.630000,-359.912,-405.89,6.99955,6.958,6.898,85.7876,3.42537,3.65749,10.9683,10.1844,442.66,445.145,7.13642,4.83739,2.77315,8.4073,6.86341,17.5637,17.5637,0.0,1.0,1
74043,31.05.2024 02:30:51.640000,-361.23,-407.867,6.99522,6.971,6.912,85.8339,3.38091,3.65502,10.8014,10.2055,442.645,445.16,7.13161,4.97066,2.76615,8.44228,6.86408,17.9253,17.9253,0.0,1.0,1
74044,31.05.2024 02:30:51.650000,-361.23,-407.867,6.99522,6.971,6.912,85.8339,3.38091,3.65502,10.8014,10.2055,442.645,445.16,7.13161,4.97066,2.76615,8.44228,6.86408,17.9253,17.9253,0.0,1.0,1
74045,31.05.2024 02:30:51.660000,-361.23,-402.759,6.99472,6.984,6.912,85.8339,3.37676,3.6514,7.8628,9.11001,442.65,445.185,7.10462,5.05353,2.77479,8.45991,6.86453,18.07,18.07,0.0,1.0,1
74046,31.05.2024 02:30:51.670000,-361.23,-402.759,6.99472,6.984,6.912,85.8339,3.37676,3.6514,7.8628,9.11001,442.65,445.185,7.10462,5.05353,2.77479,8.45991,6.86453,18.07,18.07,0.0,1.0,1
74047,31.05.2024 02:30:51.680000,-354.721,-401.028,7.01205,7.004,6.941,85.887,3.40939,3.6466,8.30607,9.61033,442.645,445.185,7.14401,5.0804,2.79476,8.43809,6.8651,17.8096,17.8096,0.0,1.0,1
74048,31.05.2024 02:30:51.690000,-355.957,-406.549,7.00821,6.969,6.902,85.8222,3.46306,3.64551,9.72712,7.89296,442.625,445.135,7.13916,5.01425,2.71166,8.38414,6.86601,17.8096,17.8096,0.0,1.0,1
74049,31.05.2024 02:30:51.700000,-361.066,-402.511,7.00821,6.96,6.92,85.8222,3.49026,3.64684,11.3127,6.66229,442.625,445.14,6.87307,4.70788,2.78559,8.42406,6.86625,17.8096,17.8096,0.0,1.0,1
74050,31.05.2024 02:30:51.710000,-361.066,-402.511,7.00821,6.96,6.92,85.8222,3.49026,3.64684,11.3127,6.66229,442.625,445.14,6.87307,4.70788,2.78559,8.42406,6.86625,17.8096,17.8096,0.0,1.0,1
74051,31.05.2024 02:30:51.720000,-361.066,-402.511,7.0194,6.96,6.92,85.889,3.53347,3.65141,13.542,7.44641,442.62,445.195,6.76654,4.3412,2.75551,8.2783,6.86625,18.1568,18.1568,0.0,1.0,1
74052,31.05.2024 02:30:51.730000,-356.122,-399.71,7.02927,6.976,6.923,85.9116,3.53527,3.65387,15.3037,7.88004,442.63,445.265,6.71979,4.54482,2.77273,8.21099,6.86749,18.5619,18.5619,0.0,1.0,1
74053,31.05.2024 02:30:51.740000,-363.867,-399.71,7.02927,6.976,6.917,85.8919,3.52368,3.66057,15.3037,7.88004,442.63,445.265,6.71979,4.54482,2.77273,8.21099,6.86749,18.5619,18.5619,0.0,1.0,1
74054,31.05.2024 02:30:51.750000,-360.406,-400.452,7.02927,6.963,6.962,85.832,3.50899,3.66593,16.0569,9.72611,442.655,445.265,6.72968,4.94222,2.72197,8.04693,6.86826,18.5619,18.5619,0.0,1.0,1
74055,31.05.2024 02:30:51.760000,-360.406,-400.452,6.99733,6.963,6.962,85.832,3.47498,3.66831,12.9585,11.0394,442.66,445.26,6.691,4.95527,2.76119,7.88298,6.86879,18.6126,18.6126,0.0,1.0,1
74056,31.05.2024 02:30:51.770000,-360.406,-400.452,7.02927,6.963,6.962,85.832,3.50899,3.66593,12.9585,11.0394,442.66,445.26,6.691,4.95527,2.76119,7.88298,6.86826,18.5619,18.5619,0.0,1.0,1
74057,31.05.2024 02:30:51.780000,-356.204,-399.298,7.02927,7.068,6.979,85.7782,3.44376,3.68374,12.2624,9.30142,442.7,445.275,6.80314,4.91318,2.73961,7.72155,6.86957,18.5619,18.5619,0.0,1.0,1
74058,31.05.2024 02:30:51.790000,-356.204,-399.298,7.00192,7.068,6.979,85.7577,3.43525,3.69279,12.2624,9.30142,442.7,445.275,6.80314,4.91318,2.73961,7.72155,6.86957,18.5113,18.5113,0.0,1.0,1
74059,31.05.2024 02:30:51.800000,-353.155,-397.98,7.00192,7.085,6.937,85.7589,3.43612,3.70246,12.2614,12.7854,442.7,445.28,7.2312,4.99164,2.73591,7.57772,6.87035,18.5113,18.5113,0.0,1.0,1
74060,31.05.2024 02:30:51.810000,-353.155,-398.639,7.00192,7.044,6.937,85.7589,3.44432,3.71208,14.0637,13.2225,442.69,445.275,7.38487,4.86255,2.75611,7.51543,6.87069,18.5113,18.5113,0.0,1.0,1
74061,31.05.2024 02:30:51.820000,-365.597,-398.639,7.00926,7.044,6.941,85.6788,3.45818,3.71288,14.0637,13.2225,442.69,445.275,7.38487,4.86255,2.75611,7.51543,6.87069,18.7645,18.7645,0.0,1.0,1
74062,31.05.2024 02:30:51.830000,-352.743,-396.826,7.00926,7.049,6.945,85.6851,3.47612,3.70982,10.2344,12.1731,442.685,445.275,7.4693,4.67607,2.76822,7.42351,6.87116,18.7645,18.7645,0.0,1.0,1
74063,31.05.2024 02:30:51.840000,-352.743,-396.826,7.0147,7.049,6.945,85.6851,3.50404,3.71489,12.8017,12.2792,442.68,445.335,7.53478,4.63238,2.81931,7.38068,6.87217,19.3576,19.3576,0.0,1.0,1
74064,31.05.2024 02:30:51.850000,-352.743,-396.826,7.0147,7.049,6.945,85.6851,3.50404,3.71489,12.8017,12.2792,442.68,445.335,7.53478,4.63238,2.81931,7.38068,6.87217,19.3576,19.3576,0.0,1.0,1
74065,31.05.2024 02:30:51.860000,-359.253,-403.006,7.0147,6.992,6.911,85.7297,3.52043,3.70989,12.8017,12.2792,442.68,445.335,7.53478,4.63238,2.81931,7.38068,6.87217,19.3576,19.3576,0.0,1.0,1
74066,31.05.2024 02:30:51.870000,-359.253,-403.006,7.0147,6.992,6.911,85.7297,3.52043,3.70989,12.8017,12.2792,442.68,445.335,7.53478,4.63238,2.81931,7.38068,6.87217,19.3576,19.3576,0.0,1.0,1
74067,31.05.2024 02:30:51.880000,-355.545,-398.474,6.98408,6.992,6.897,85.5938,3.52573,3.69345,13.9214,11.2867,442.695,445.365,7.53588,4.83218,2.8438,7.40235,6.87283,18.7717,18.7717,0.0,1.0,1
74068,31.05.2024 02:30:51.890000,-355.545,-398.474,6.98408,6.992,6.897,85.5938,3.52573,3.69345,13.9214,11.2867,442.695,445.365,7.53588,4.83218,2.8438,7.40235,6.87283,18.7717,18.7717,0.0,1.0,1
74069,31.05.2024 02:30:51.900000,-363.208,-399.792,6.97368,7.003,6.911,85.6111,3.50981,3.6932,13.8104,12.3265,442.645,445.33,7.35006,4.88206,2.57927,7.11834,6.87376,19.1551,19.1551,0.0,1.0,1
74070,31.05.2024 02:30:51.910000,-358.182,-398.721,6.97033,6.987,6.901,85.6272,3.47505,3.69439,13.3524,11.5587,442.655,445.37,7.10644,4.64907,2.60661,6.85872,6.87442,19.1551,19.1551,0.0,1.0,1
74071,31.05.2024 02:30:51.920000,-358.182,-398.721,6.97033,6.987,6.901,85.6272,3.47505,3.69439,13.3524,11.5587,442.655,445.37,7.10644,4.64907,2.60661,6.85872,6.87442,19.1551,19.1551,0.0,1.0,1
74072,31.05.2024 02:30:51.930000,-358.182,-398.721,6.97599,6.987,6.901,85.6579,3.46429,3.69397,13.6627,10.2682,442.66,445.405,6.926,4.61893,2.56659,6.70786,6.87522,19.4155,19.4155,0.0,1.0,1
74073,31.05.2024 02:30:51.940000,-358.182,-398.721,6.97599,6.987,6.901,85.6579,3.46429,3.69397,13.6627,10.2682,442.66,445.405,6.926,4.61893,2.56659,6.70786,6.87522,19.4155,19.4155,0.0,1.0,1
74074,31.05.2024 02:30:51.950000,-360.406,-402.182,6.96902,6.956,6.919,85.6579,3.44477,3.69475,14.4639,9.36072,442.675,445.41,6.94963,4.81016,2.33631,6.63159,6.87584,20.0883,20.0883,0.0,1.0,1
74075,31.05.2024 02:30:51.960000,-360.406,-402.182,6.96902,6.956,6.919,85.6579,3.44477,3.69475,14.4639,9.36072,442.675,445.41,6.94963,4.81016,2.33631,6.63159,6.87584,20.0883,20.0883,0.0,1.0,1
74076,31.05.2024 02:30:51.970000,-361.313,-401.605,6.97703,6.972,6.925,85.6357,3.4188,3.68865,10.2451,10.1538,442.68,445.405,6.84187,4.68976,2.39737,6.63499,6.87639,20.0883,20.0883,0.0,1.0,1
74077,31.05.2024 02:30:51.980000,-361.478,-401.852,6.98605,6.957,6.919,85.6606,3.41138,3.67891,9.13326,10.7032,442.675,445.41,6.88537,4.55219,2.43062,6.51479,6.87716,20.8406,20.8406,0.0,1.0,1
74078,31.05.2024 02:30:51.990000,-363.29,-402.511,6.98605,6.986,6.925,85.6439,3.41104,3.67528,10.0088,7.36429,442.69,445.43,6.84815,4.44094,2.32794,6.51936,6.87768,20.8406,20.8406,0.0,1.0,1
74079,31.05.2024 02:30:52.000000,-363.29,-402.511,6.98605,6.986,6.925,85.6439,3.41104,3.67528,10.0088,7.36429,442.69,445.43,6.84815,4.44094,2.32794,6.51936,6.87768,20.8406,20.8406,0.0,1.0,1
74080,31.05.2024 02:30:52.010000,-363.29,-402.511,6.97051,6.986,6.925,85.6439,3.42437,3.66645,10.9454,7.44251,442.745,445.44,6.88521,4.39182,2.33926,6.51265,6.87799,20.6019,20.6019,0.0,1.0,1
74081,31.05.2024 02:30:52.020000,-363.29,-402.511,6.97051,6.986,6.925,85.6439,3.42437,3.66645,10.9454,7.44251,442.745,445.44,6.88521,4.39182,2.33926,6.51265,6.87799,20.6019,20.6019,0.0,1.0,1
74082,31.05.2024 02:30:52.030000,-360.901,-403.583,6.98721,6.93,6.905,85.6016,3.45162,3.66189,10.6983,5.99086,442.745,445.46,7.16022,4.38994,2.44673,6.5956,6.87814,20.6019,20.6019,0.0,1.0,1
74083,31.05.2024 02:30:52.040000,-359.006,-404.077,6.98369,6.92,6.893,85.6239,3.49467,3.66187,11.276,7.44601,442.75,445.485,7.48509,4.37813,2.40627,6.58886,6.87856,20.5946,20.5946,0.0,1.0,1
74084,31.05.2024 02:30:52.050000,-359.006,-403.583,6.98369,6.957,6.893,85.6239,3.50111,3.6658,14.3632,8.20151,442.735,445.49,7.66652,4.49461,2.55647,6.63515,6.87906,20.5946,20.5946,0.0,1.0,1
74085,31.05.2024 02:30:52.060000,-359.006,-403.583,6.98369,6.957,6.893,85.6239,3.50111,3.6658,14.3632,8.20151,442.735,445.49,7.66652,4.49461,2.55647,6.63515,6.87906,20.5946,20.5946,0.0,1.0,1
74086,31.05.2024 02:30:52.070000,-361.23,-403.583,6.97804,6.957,6.902,85.6782,3.50211,3.66996,15.045,8.35476,442.73,445.5,7.62312,4.46358,2.52423,6.62044,6.87906,21.3325,21.3325,0.0,1.0,1
74087,31.05.2024 02:30:52.080000,-357.358,-397.32,6.99363,6.984,6.898,85.6574,3.47606,3.68355,14.0997,8.62265,442.775,445.545,7.6662,4.49829,2.5786,6.65397,6.87992,21.3397,21.3397,0.0,1.0,1
74088,31.05.2024 02:30:52.090000,-357.358,-397.32,6.99363,6.984,6.898,85.6574,3.47606,3.68355,14.0997,8.62265,442.775,445.545,7.6662,4.49829,2.5786,6.65397,6.87992,21.3397,21.3397,0.0,1.0,1
74089,31.05.2024 02:30:52.100000,-357.275,-402.594,6.99363,6.975,6.899,85.6587,3.45857,3.68333,14.0997,8.62265,442.775,445.545,7.6662,4.49829,2.5786,6.65397,6.87992,20.8984,20.8984,0.0,1.0,1
74090,31.05.2024 02:30:52.110000,-359.747,-400.122,6.99966,6.982,6.899,85.6522,3.40673,3.69091,10.7488,7.99089,442.78,445.595,7.9254,4.60259,2.55107,6.74683,6.88035,20.7321,20.7321,0.0,1.0,1
74091,31.05.2024 02:30:52.120000,-355.133,-408.856,6.99966,6.983,6.948,85.6242,3.396,3.68781,10.258,8.84975,442.78,445.61,8.13759,4.89366,2.58133,6.77152,6.88101,20.6163,20.6163,0.0,1.0,1
74092,31.05.2024 02:30:52.130000,-355.133,-408.856,6.99966,6.983,6.948,85.6242,3.396,3.68781,10.258,8.84975,442.78,445.61,8.13759,4.89366,2.58133,6.77152,6.88101,20.6163,20.6163,0.0,1.0,1
74093,31.05.2024 02:30:52.140000,-355.133,-402.099,6.99966,7.006,6.948,85.6242,3.38672,3.68659,9.01281,8.07906,442.745,445.595,8.20951,5.02104,2.54844,6.76979,6.88101,20.2619,20.2619,0.0,1.0,1
74094,31.05.2024 02:30:52.150000,-356.946,-400.616,6.98279,7.029,6.958,85.724,3.41965,3.6876,6.26649,7.763,442.73,445.585,8.02061,4.89274,2.56863,6.8265,6.88147,20.1027,20.1027,0.0,1.0,1
74095,31.05.2024 02:30:52.160000,-356.946,-400.616,6.98353,7.029,6.958,85.724,3.4466,3.69009,10.2084,8.77299,442.74,445.59,7.80189,4.64604,2.55097,6.91173,6.88139,20.1027,20.1027,0.0,1.0,1
74096,31.05.2024 02:30:52.170000,-356.369,-396.579,6.98353,7.031,6.948,85.7341,3.47603,3.6928,10.2084,8.77299,442.74,445.59,7.80189,4.64604,2.55097,6.91173,6.88139,19.8568,19.8568,0.0,1.0,1
74097,31.05.2024 02:30:52.180000,-360.818,-398.062,6.98353,7.044,6.952,85.7341,3.5081,3.69292,14.2903,10.1934,442.75,445.595,7.58837,4.46929,2.52374,6.92874,6.88092,19.8568,19.8568,0.0,1.0,1
74098,31.05.2024 02:30:52.190000,-360.818,-398.062,6.99119,7.044,6.952,85.8013,3.56093,3.69444,14.2903,10.1934,442.75,445.595,7.58837,4.46929,2.52374,6.92874,6.88092,19.8568,19.8568,0.0,1.0,1
74099,31.05.2024 02:30:52.200000,-355.545,-399.957,6.99119,7.012,6.903,85.6755,3.57328,3.70576,15.1023,8.67524,442.77,445.63,7.45492,4.27381,2.53421,7.00048,6.88148,19.8568,19.8568,0.0,1.0,1
