,time,Pinceur Inf Mesure de courant,Pinceur Sup Mesure de courant,Mandrin - Vitesse Actuelle,Pinceur Sup Mesure vitesse lineaire,Pinceur Inf Mesure vitesse lineaire,Mandrin - Mesure Expansion,Pinceur Nord Position entrefer estimee,Pinceur Sud Position entrefer estimee,Pinceur Nord Force entrefer calibree,Pinceur Sud Force entrefer calibree,Guides Nord Entree Position mesuree,Guides Nord Sortie Position mesuree,Guides Nord Entree Force pour regulateur PI,Guides Nord Sortie Force pour regulateur PI,Guides Sud Entree Force pour regulateur PI,Guides Sud Sortie Force pour regulateur PI,Mandrin - Vitesse Actuelle F10,_Excentrage largeur bande jauge bob,_Excentrage largeur bande jauge bob.1,TDB pinceur,Fenetre,Declancheur
72600,31.05.2024 02:16:22.850000,145.761,43.5058,8.08463,8.391,8.126,40.0364,5.15246,3.66189,57.7117,21.1369,514.035,514.99,4.11342,7.6901,0.082315,0.452294,7.03097,35.8724,35.8724,1.0,1.0,1
72601,31.05.2024 02:16:22.860000,145.761,43.5058,8.08463,8.391,8.126,40.0364,5.15246,3.66189,57.7117,21.1369,514.035,514.99,4.11342,7.6901,0.082315,0.452294,7.03097,35.8724,35.8724,1.0,1.0,1
72602,31.05.2024 02:16:22.870000,251.807,154.413,8.08477,8.037,7.751,39.9702,5.09038,3.5745,71.3831,13.9818,512.3,513.255,4.03602,7.68409,0.0231223,0.405774,7.03185,35.9158,35.9158,1.0,1.0,1
72603,31.05.2024 02:16:22.880000,398.804,218.353,8.07628,8.025,7.6,40.0272,4.42416,3.67183,54.9163,19.9836,510.58,511.485,3.9675,7.6441,-0.00928354,0.361588,7.03207,36.6392,36.6392,1.0,1.0,1
72604,31.05.2024 02:16:22.890000,398.804,229.147,8.08384,8.074,7.6,39.9913,4.1591,3.73496,37.4991,27.6491,508.915,509.765,3.97091,7.3918,-0.020102,0.387715,7.03303,36.6392,36.6392,1.0,1.0,1
72605,31.05.2024 02:16:22.900000,398.804,229.147,8.08384,8.074,7.6,39.9913,4.1591,3.73496,37.4991,27.6491,508.915,509.765,3.97091,7.3918,-0.020102,0.387715,7.03303,36.6392,36.6392,1.0,1.0,1
72606,31.05.2024 02:16:22.910000,473.703,229.147,8.08384,8.074,7.515,40.0443,3.94942,3.78908,16.8041,38.4502,507.265,508.075,4.20724,7.34634,-0.0261369,0.477319,7.03303,36.6392,36.6392,1.0,1.0,1
72607,31.05.2024 02:16:22.920000,473.703,229.147,8.08384,8.074,7.515,40.0443,3.94942,3.78908,16.8041,38.4502,507.265,508.075,4.20724,7.34634,-0.0261369,0.477319,7.03303,36.6392,36.6392,1.0,1.0,1
72608,31.05.2024 02:16:22.930000,564.917,250.818,8.08767,8.014,7.266,40.0756,3.59065,3.8478,1.18991,27.9112,505.615,506.36,4.56389,7.26964,-0.10858,0.447804,7.03577,38.1366,38.1366,1.0,1.0,1
72609,31.05.2024 02:16:22.940000,669.891,501.471,8.0895,7.546,7.214,40.0702,3.73768,3.77529,3.08034,37.8617,503.935,504.67,5.02266,7.20109,-0.145308,0.334672,7.03625,38.9685,38.9685,1.0,1.0,1
72610,31.05.2024 02:16:22.950000,669.891,501.471,8.08917,7.546,7.214,40.065,4.04526,3.68312,3.08034,37.8617,503.935,504.67,5.02266,7.20109,-0.145308,0.334672,7.03625,38.9685,38.9685,1.0,1.0,1
72611,31.05.2024 02:16:22.960000,703.921,570.19,8.08917,7.571,7.22,40.065,4.20571,3.64548,18.9741,28.7461,502.27,502.99,5.30286,7.1068,-0.212637,0.375596,7.03709,38.9395,38.9395,1.0,1.0,1
72612,31.05.2024 02:16:22.970000,703.921,570.19,8.08917,7.571,7.22,40.065,4.20571,3.64548,18.9741,28.7461,502.27,502.99,5.30286,7.1068,-0.212637,0.375596,7.03709,38.9395,38.9395,1.0,1.0,1
72613,31.05.2024 02:16:22.980000,703.921,591.202,8.08667,7.567,7.22,40.0814,4.3207,3.60014,29.9902,17.2705,500.635,501.31,5.54768,7.0743,-0.273905,0.399758,7.0383,39.4748,39.4748,1.0,1.0,1
72614,31.05.2024 02:16:22.990000,709.03,685.547,8.07867,7.349,7.068,40.1135,4.45124,3.57547,41.1589,18.6711,498.99,499.585,5.83624,7.19006,-0.363833,0.422769,7.03873,39.4748,39.4748,1.0,1.0,1
72615,31.05.2024 02:16:23.000000,709.03,685.547,8.08878,7.349,7.068,40.047,4.43111,3.5574,43.4793,22.661,497.305,497.895,6.17157,7.35099,-0.40116,0.394582,7.03907,40.2271,40.2271,1.0,1.0,1
72616,31.05.2024 02:16:23.010000,703.18,697.494,8.08878,7.138,7.01,40.047,4.40026,3.53714,43.4793,22.661,497.305,497.895,6.17157,7.35099,-0.40116,0.394582,7.03907,40.2271,40.2271,1.0,1.0,1
72617,31.05.2024 02:16:23.020000,702.521,691.726,8.08828,7.205,6.986,40.0119,4.34394,3.52448,39.8559,14.962,495.6,496.195,6.29917,7.33027,-0.37472,0.445737,7.03989,40.2271,40.2271,1.0,1.0,1
72618,31.05.2024 02:16:23.030000,702.521,691.726,8.09272,7.205,6.986,39.9159,4.15796,3.53201,39.8559,14.962,495.6,496.195,6.29917,7.33027,-0.37472,0.445737,7.03989,40.748,40.748,1.0,1.0,1
72619,31.05.2024 02:16:23.040000,696.835,703.015,8.09272,7.211,6.931,39.9159,4.04762,3.55381,32.4737,6.69554,493.895,494.49,6.33265,7.35805,-0.417758,0.409585,7.04056,40.4224,40.4224,1.0,1.0,1
72620,31.05.2024 02:16:23.050000,696.835,697.165,8.08746,7.089,6.931,39.8845,3.94187,3.57823,23.3224,17.3032,492.18,492.79,6.23256,7.59403,-0.441882,0.410199,7.04114,40.4224,40.4224,1.0,1.0,1
72621,31.05.2024 02:16:23.060000,690.243,697.165,8.08746,7.089,6.917,39.9525,3.85474,3.60179,23.3224,17.3032,492.18,492.79,6.23256,7.59403,-0.441882,0.410199,7.04114,40.4224,40.4224,1.0,1.0,1
72622,31.05.2024 02:16:23.070000,687.689,691.15,8.08746,6.956,6.998,39.9525,3.7692,3.62914,16.9146,26.4308,490.445,491.08,6.02733,7.56838,-0.409022,0.404317,7.04114,40.4224,40.4224,1.0,1.0,1
72623,31.05.2024 02:16:23.080000,687.689,691.15,8.09049,6.956,6.998,39.9838,3.68341,3.68187,9.27374,20.7834,488.715,489.325,5.69202,7.50107,-0.340827,0.408032,7.04176,39.9667,39.9667,1.0,1.0,1
72624,31.05.2024 02:16:23.090000,687.689,691.15,8.09049,6.956,6.998,39.9838,3.68341,3.68187,9.27374,20.7834,488.715,489.325,5.69202,7.50107,-0.340827,0.408032,7.04176,39.9667,39.9667,1.0,1.0,1
72625,31.05.2024 02:16:23.100000,699.06,684.723,8.09049,7.016,6.988,39.9838,3.67329,3.69201,9.27374,20.7834,488.715,489.325,5.69202,7.50107,-0.340827,0.408032,7.04176,40.1765,40.1765,1.0,1.0,1
72626,31.05.2024 02:16:23.110000,699.06,684.723,8.09049,7.016,6.988,39.9838,3.67329,3.69201,9.27374,20.7834,488.715,489.325,5.69202,7.50107,-0.340827,0.408032,7.04176,40.1765,40.1765,1.0,1.0,1
72627,31.05.2024 02:16:23.120000,693.704,689.502,8.0891,7.122,7.055,39.987,3.77317,3.68668,7.92516,23.525,486.995,487.62,5.3077,7.38377,-0.308447,0.355527,7.04207,40.1259,40.1259,1.0,1.0,1
72628,31.05.2024 02:16:23.130000,690.902,698.895,8.0925,7.031,7.06,39.944,3.87895,3.63245,17.2156,25.8183,483.58,484.235,4.76768,7.15546,-0.275595,0.405278,7.04189,40.1259,40.1259,1.0,1.0,1
72629,31.05.2024 02:16:23.140000,691.479,698.895,8.0925,7.031,7.062,39.9519,3.90912,3.61637,17.2156,25.8183,483.58,484.235,4.76768,7.15546,-0.275595,0.405278,7.04189,41.6233,41.6233,1.0,1.0,1
72630,31.05.2024 02:16:23.150000,689.419,678.79,8.0925,7.091,7.071,39.9519,3.92752,3.60978,20.2844,17.3296,481.87,482.54,4.61743,7.1803,-0.298533,0.414479,7.04243,41.6233,41.6233,1.0,1.0,1
72631,31.05.2024 02:16:23.160000,689.419,678.79,8.0925,7.091,7.071,39.9519,3.92752,3.60978,20.2844,17.3296,481.87,482.54,4.61743,7.1803,-0.298533,0.414479,7.04243,41.6233,41.6233,1.0,1.0,1
72632,31.05.2024 02:16:23.170000,689.419,678.79,8.09748,7.091,7.071,39.8747,3.91661,3.60354,19.325,16.6819,480.165,480.835,4.4891,7.24048,-0.257769,0.441388,7.04278,41.7245,41.7245,1.0,1.0,1
72633,31.05.2024 02:16:23.180000,689.419,678.79,8.09748,7.091,7.071,39.8747,3.91661,3.60354,19.325,16.6819,480.165,480.835,4.4891,7.24048,-0.257769,0.441388,7.04278,41.7245,41.7245,1.0,1.0,1
72634,31.05.2024 02:16:23.190000,690.985,688.843,8.09892,7.13,7.096,39.9236,3.87796,3.60091,18.4313,19.3783,478.475,479.13,4.36779,7.13043,-0.20753,0.40112,7.0426,41.522,41.522,1.0,1.0,1
72635,31.05.2024 02:16:23.200000,690.985,688.843,8.09892,7.13,7.096,39.9236,3.87796,3.60091,18.4313,19.3783,478.475,479.13,4.36779,7.13043,-0.20753,0.40112,7.0426,41.522,41.522,1.0,1.0,1
72636,31.05.2024 02:16:23.210000,687.607,692.55,8.09768,7.076,7.09,39.9466,3.8226,3.58278,17.5803,16.0483,476.795,477.38,4.3383,7.01634,-0.16968,0.412313,7.04283,41.4352,41.4352,1.0,1.0,1
72637,31.05.2024 02:16:23.220000,687.607,692.55,8.09768,7.076,7.09,39.9466,3.8226,3.58278,17.5803,16.0483,476.795,477.38,4.3383,7.01634,-0.16968,0.412313,7.04283,41.4352,41.4352,1.0,1.0,1
72638,31.05.2024 02:16:23.230000,688.266,684.228,8.09424,7.078,7.122,39.9697,3.7947,3.58333,16.6883,16.747,475.11,475.685,4.47038,6.92945,-0.190367,0.317822,7.04307,41.5365,41.5365,1.0,1.0,1
72639,31.05.2024 02:16:23.240000,688.266,684.228,8.09424,7.078,7.122,39.9697,3.7947,3.58333,16.6883,16.747,475.11,475.685,4.47038,6.92945,-0.190367,0.317822,7.04307,41.5365,41.5365,1.0,1.0,1
72640,31.05.2024 02:16:23.250000,691.479,690.902,8.0999,7.118,7.128,40.0903,3.75512,3.59341,13.4375,16.023,471.785,472.31,4.76961,6.67614,-0.173155,0.321939,7.04351,41.1892,41.1892,1.0,1.0,1
72641,31.05.2024 02:16:23.260000,691.479,690.902,8.0999,7.118,7.128,40.0903,3.75512,3.59341,13.4375,16.023,471.785,472.31,4.76961,6.67614,-0.173155,0.321939,7.04351,41.1892,41.1892,1.0,1.0,1
72642,31.05.2024 02:16:23.270000,685.299,694.693,8.09969,7.123,7.168,40.0124,3.73249,3.59268,13.4202,18.3168,470.115,470.65,5.05469,6.72622,-0.166255,0.403455,7.04381,41.1892,41.1892,1.0,1.0,1
72643,31.05.2024 02:16:23.280000,692.303,686.371,8.10065,7.139,7.159,40.0259,3.64102,3.55174,13.2595,16.7999,468.475,468.975,5.38077,6.95291,-0.193041,0.395185,7.04455,40.6322,40.6322,1.0,1.0,1
72644,31.05.2024 02:16:23.290000,692.303,683.569,8.10412,7.217,7.159,40.0571,3.61436,3.55018,9.16803,11.2407,466.82,467.225,5.84556,7.23576,-0.181582,0.450791,7.04486,40.6322,40.6322,1.0,1.0,1
72645,31.05.2024 02:16:23.300000,695.27,683.569,8.10412,7.217,7.185,40.0396,3.59958,3.55066,9.16803,11.2407,466.82,467.225,5.84556,7.23576,-0.181582,0.450791,7.04486,40.7841,40.7841,1.0,1.0,1
72646,31.05.2024 02:16:23.310000,696.67,691.562,8.10412,7.239,7.165,40.0396,3.60018,3.55437,8.80691,14.282,465.12,465.535,6.33544,7.19856,-0.21517,0.459302,7.04523,40.7841,40.7841,1.0,1.0,1
72647,31.05.2024 02:16:23.320000,696.67,691.562,8.07744,7.239,7.165,40.0462,3.65987,3.57405,11.1102,18.0742,463.515,463.895,6.52967,7.24774,-0.198,0.46758,7.04598,41.1386,41.1386,1.0,1.0,1
72648,31.05.2024 02:16:23.330000,696.67,691.562,8.07744,7.239,7.165,40.0462,3.65987,3.57405,11.1102,18.0742,463.515,463.895,6.52967,7.24774,-0.198,0.46758,7.04598,41.1386,41.1386,1.0,1.0,1
72649,31.05.2024 02:16:23.340000,692.633,702.026,8.07744,7.207,7.139,40.0462,3.70018,3.57531,11.1102,18.0742,463.515,463.895,6.52967,7.24774,-0.198,0.46758,7.04598,41.4279,41.4279,1.0,1.0,1
72650,31.05.2024 02:16:23.350000,692.633,702.026,8.07744,7.207,7.139,40.0462,3.70018,3.57531,11.1102,18.0742,463.515,463.895,6.52967,7.24774,-0.198,0.46758,7.04598,41.4279,41.4279,1.0,1.0,1
72651,31.05.2024 02:16:23.360000,690.985,686.865,8.09895,7.158,7.114,40.1228,3.7599,3.59983,13.9946,12.6299,460.27,460.635,7.67789,7.87646,-0.24742,0.379296,7.04581,41.4279,41.4279,1.0,1.0,1
72652,31.05.2024 02:16:23.370000,690.985,686.865,8.09895,7.158,7.114,40.1228,3.7599,3.59983,13.9946,12.6299,460.27,460.635,7.67789,7.87646,-0.24742,0.379296,7.04581,41.4279,41.4279,1.0,1.0,1
72653,31.05.2024 02:16:23.380000,684.887,688.513,8.11094,7.174,7.131,40.1612,3.76551,3.63001,15.8308,21.307,458.62,459.01,8.04809,8.17904,-0.268038,0.396886,7.04648,41.1748,41.1748,1.0,1.0,1
72654,31.05.2024 02:16:23.390000,684.887,688.513,8.11094,7.174,7.131,40.1612,3.76551,3.63001,15.8308,21.307,458.62,459.01,8.04809,8.17904,-0.268038,0.396886,7.04648,41.1748,41.1748,1.0,1.0,1
72655,31.05.2024 02:16:23.400000,693.127,691.644,8.12506,7.186,7.087,40.1408,3.75287,3.66329,16.7274,24.598,456.975,457.36,8.34363,8.59284,-0.215987,0.43152,7.04686,39.388,39.388,1.0,1.0,1
72656,31.05.2024 02:16:23.410000,693.127,691.644,8.12506,7.186,7.087,40.1408,3.75287,3.66329,16.7274,24.598,456.975,457.36,8.34363,8.59284,-0.215987,0.43152,7.04686,39.388,39.388,1.0,1.0,1
72657,31.05.2024 02:16:23.420000,685.464,682.168,8.10445,7.154,7.058,40.1146,3.71523,3.67813,14.8184,22.6912,455.315,455.685,8.59101,8.97197,-0.222125,0.611169,7.04744,39.388,39.388,1.0,1.0,1
72658,31.05.2024 02:16:23.430000,685.464,682.168,8.10445,7.154,7.058,40.1146,3.71523,3.67813,14.8184,22.6912,455.315,455.685,8.59101,8.97197,-0.222125,0.611169,7.04744,39.388,39.388,1.0,1.0,1
72659,31.05.2024 02:16:23.440000,689.337,699.719,8.09615,7.114,7.048,40.174,3.63414,3.67077,13.9444,24.2847,453.595,454.075,8.62401,9.23003,-0.177783,1.38812,7.04738,37.3409,37.3409,1.0,1.0,1
72660,31.05.2024 02:16:23.450000,692.468,696.835,8.11297,7.158,7.066,40.1148,3.59487,3.62785,11.1297,22.2076,450.43,451.0,8.36714,10.4804,-0.120516,2.95512,7.04855,34.8524,34.8524,1.0,1.0,1
72661,31.05.2024 02:16:23.460000,688.266,696.835,8.11297,7.158,7.067,40.0869,3.57439,3.61268,11.1297,22.2076,450.43,451.0,8.36714,10.4804,-0.120516,2.95512,7.04855,34.8524,34.8524,1.0,1.0,1
72662,31.05.2024 02:16:23.470000,686.865,690.902,8.11297,7.121,7.061,40.0869,3.55714,3.59907,9.67827,16.0026,448.875,449.465,8.88109,11.6286,-0.0382104,3.70959,7.04876,34.8524,34.8524,1.0,1.0,1
72663,31.05.2024 02:16:23.480000,686.865,690.902,8.11297,7.121,7.061,40.0869,3.55714,3.59907,9.67827,16.0026,448.875,449.465,8.88109,11.6286,-0.0382104,3.70959,7.04876,34.8524,34.8524,1.0,1.0,1
72664,31.05.2024 02:16:23.490000,686.865,690.902,8.1437,7.121,7.061,40.0659,3.54168,3.58978,7.1916,17.4823,447.3,447.91,9.49058,12.6243,0.214906,5.12883,7.04909,29.3186,29.3186,1.0,1.0,1
72665,31.05.2024 02:16:23.500000,686.865,690.902,8.1437,7.121,7.061,40.0659,3.54168,3.58978,7.1916,17.4823,447.3,447.91,9.49058,12.6243,0.214906,5.12883,7.04909,29.3186,29.3186,1.0,1.0,1
72666,31.05.2024 02:16:23.510000,693.21,685.794,8.11446,7.155,7.097,40.163,3.57754,3.58982,9.09061,15.4464,445.725,446.33,10.1997,13.5131,0.392709,6.47009,7.04965,26.8808,26.8808,1.0,1.0,1
72667,31.05.2024 02:16:23.520000,693.21,685.794,8.11446,7.155,7.097,40.163,3.57754,3.58982,9.09061,15.4464,445.725,446.33,10.1997,13.5131,0.392709,6.47009,7.04965,26.8808,26.8808,1.0,1.0,1
72668,31.05.2024 02:16:23.530000,689.007,691.726,8.09169,7.214,7.07,40.5102,3.69909,3.58918,11.8335,15.5558,444.2,444.815,10.9955,14.5643,0.595132,7.20612,7.05025,24.9132,24.9132,1.0,1.0,1
72669,31.05.2024 02:16:23.540000,689.007,691.726,8.09169,7.214,7.07,40.5102,3.69909,3.58918,11.8335,15.5558,444.2,444.815,10.9955,14.5643,0.595132,7.20612,7.05025,24.9132,24.9132,1.0,1.0,1
72670,31.05.2024 02:16:23.550000,692.386,697.412,8.09918,7.17,7.045,41.7465,3.7393,3.60427,13.8784,16.6304,442.71,443.27,12.1053,15.6891,1.21425,7.78562,7.0502,22.7286,22.7286,1.0,1.0,1
72671,31.05.2024 02:16:23.560000,692.386,697.412,8.09918,7.17,7.045,41.7465,3.7393,3.60427,13.8784,16.6304,442.71,443.27,12.1053,15.6891,1.21425,7.78562,7.0502,22.7286,22.7286,1.0,1.0,1
72672,31.05.2024 02:16:23.570000,689.419,697.906,8.13044,7.111,7.08,42.5576,3.67219,3.62811,14.3792,19.2268,441.765,442.635,5.02601,-0.0768907,3.12979,10.5402,7.05093,19.9725,19.9725,1.0,1.0,1
72673,31.05.2024 02:16:23.580000,669.15,687.607,8.13722,7.19,7.109,43.3925,3.56855,3.63068,10.7868,17.9448,441.58,443.325,3.91188,4.231,4.14768,12.236,7.05106,19.9725,19.9725,1.0,1.0,1
72674,31.05.2024 02:16:23.590000,669.15,687.607,8.09956,7.19,7.109,44.3375,3.45804,3.61791,10.7868,17.9448,441.58,443.325,3.91188,4.231,4.14768,12.236,7.05106,16.8837,16.8837,1.0,1.0,1
72675,31.05.2024 02:16:23.600000,653.494,694.198,8.09956,7.222,7.177,44.3375,3.40391,3.6093,6.98966,21.4086,442.1,443.175,1.92782,8.43988,5.07639,13.3769,7.05141,14.2289,14.2289,1.0,1.0,1
72676,31.05.2024 02:16:23.610000,653.494,685.052,8.09034,7.227,7.177,45.517,3.37532,3.59842,1.30469,17.8441,442.265,443.07,4.29908,7.4159,5.48865,13.5074,7.05174,14.2289,14.2289,1.0,1.0,1
72677,31.05.2024 02:16:23.620000,621.689,685.052,8.09034,7.227,7.244,46.5771,3.36777,3.588,1.30469,17.8441,442.265,443.07,4.29908,7.4159,5.48865,13.5074,7.05174,12.2323,12.2323,1.0,1.0,1
72678,31.05.2024 02:16:23.630000,596.145,668.243,8.09034,7.293,7.227,46.5771,3.36873,3.57008,0.131127,13.2732,442.39,443.365,6.07905,7.65615,5.70354,12.9692,7.0526,12.2323,12.2323,1.0,1.0,1
72679,31.05.2024 02:16:23.640000,596.145,668.243,8.09034,7.293,7.227,46.5771,3.36873,3.57008,0.131127,13.2732,442.39,443.365,6.07905,7.65615,5.70354,12.9692,7.0526,12.2323,12.2323,1.0,1.0,1
72680,31.05.2024 02:16:23.650000,596.145,668.243,8.03179,7.293,7.227,47.7616,3.42443,3.5054,3.52829,10.4899,442.485,443.525,8.43209,10.4987,5.90106,12.7021,7.05317,12.1889,12.1889,1.0,1.0,1
72681,31.05.2024 02:16:23.660000,545.471,618.063,7.9913,7.446,7.346,48.7406,3.49199,3.48593,5.31999,6.98604,442.28,443.305,9.98049,11.8595,5.85527,12.711,7.05342,10.3226,10.3226,1.0,1.0,1
72682,31.05.2024 02:16:23.670000,545.471,618.063,7.9913,7.446,7.346,48.7406,3.49199,3.48593,5.31999,6.98604,442.28,443.305,9.98049,11.8595,5.85527,12.711,7.05342,10.3226,10.3226,1.0,1.0,1
72683,31.05.2024 02:16:23.680000,545.471,618.063,7.90869,7.446,7.346,49.7625,3.54613,3.45773,8.91946,8.06472,441.985,443.105,10.1221,11.1453,5.72662,12.5756,7.05342,8.71672,8.71672,1.0,1.0,1
72684,31.05.2024 02:16:23.690000,545.471,618.063,7.90869,7.446,7.346,49.7625,3.54613,3.45773,8.91946,8.06472,441.985,443.105,10.1221,11.1453,5.72662,12.5756,7.05342,8.71672,8.71672,1.0,1.0,1
72685,31.05.2024 02:16:23.700000,560.055,605.868,7.82357,7.57,7.44,50.912,3.57031,3.4839,9.93598,8.50143,441.79,443.02,8.66872,9.88754,5.75483,12.3263,7.05418,8.38397,8.38397,1.0,1.0,1
72686,31.05.2024 02:16:23.710000,561.621,577.771,7.73589,7.676,7.527,52.1915,3.57991,3.55388,11.9797,11.071,441.845,443.08,6.86494,8.51829,5.5746,11.9546,7.05425,9.12181,9.12181,1.0,1.0,1
72687,31.05.2024 02:16:23.720000,561.621,577.771,7.68756,7.676,7.527,53.3627,3.56345,3.58538,14.2614,16.6812,442.015,443.27,6.16249,7.93723,5.38067,11.7818,7.05503,9.96093,9.96093,1.0,1.0,1
72688,31.05.2024 02:16:23.730000,564.505,573.651,7.68756,7.687,7.42,53.3627,3.5467,3.60759,14.2614,16.6812,442.015,443.27,6.16249,7.93723,5.38067,11.7818,7.05503,9.94647,9.94647,1.0,1.0,1
72689,31.05.2024 02:16:23.740000,555.853,604.056,7.67407,7.596,7.404,54.4942,3.53459,3.62797,11.9609,21.5392,442.12,443.45,6.56112,8.72495,5.51723,11.6505,7.05585,9.94647,9.94647,1.0,1.0,1
72690,31.05.2024 02:16:23.750000,555.853,604.056,7.67407,7.596,7.404,54.4942,3.53459,3.62797,11.9609,21.5392,442.12,443.45,6.56112,8.72495,5.51723,11.6505,7.05585,9.94647,9.94647,1.0,1.0,1
72691,31.05.2024 02:16:23.760000,555.853,604.056,7.59595,7.596,7.404,55.6413,3.50968,3.67066,11.7966,24.2763,442.165,443.54,7.23337,9.85163,5.60837,11.5228,7.05585,9.94647,9.94647,1.0,1.0,1
72692,31.05.2024 02:16:23.770000,555.853,604.056,7.59595,7.596,7.404,55.6413,3.50968,3.67066,11.7966,24.2763,442.165,443.54,7.23337,9.85163,5.60837,11.5228,7.05585,9.94647,9.94647,1.0,1.0,1
72693,31.05.2024 02:16:23.780000,558.325,607.763,7.45463,7.582,7.452,56.8619,3.51813,3.67846,13.2726,22.1579,442.13,443.555,8.06231,10.4134,5.39028,11.3075,7.05806,10.489,10.489,1.0,1.0,1
72694,31.05.2024 02:16:23.790000,568.213,616.25,7.38721,7.634,7.377,58.1151,3.57538,3.64517,12.599,24.1851,442.05,443.505,8.13228,10.7113,5.42949,10.869,7.05994,10.3154,10.3154,1.0,1.0,1
72695,31.05.2024 02:16:23.800000,568.213,616.25,7.38721,7.634,7.377,58.1151,3.57538,3.64517,12.599,24.1851,442.05,443.505,8.13228,10.7113,5.42949,10.869,7.05994,10.3154,10.3154,1.0,1.0,1
72696,31.05.2024 02:16:23.810000,568.213,616.25,7.40723,7.634,7.377,59.3591,3.58904,3.6345,13.9594,19.5516,442.0,443.37,7.70374,10.5944,5.38807,10.3834,7.06137,10.3154,10.3154,1.0,1.0,1
72697,31.05.2024 02:16:23.820000,568.213,616.25,7.40723,7.634,7.377,59.3591,3.58904,3.6345,13.9594,19.5516,442.0,443.37,7.70374,10.5944,5.38807,10.3834,7.06137,10.3154,10.3154,1.0,1.0,1
72698,31.05.2024 02:16:23.830000,557.995,602.49,7.36184,7.452,7.012,60.3705,3.615,3.62115,14.8995,18.8812,441.97,443.325,7.16531,9.32276,5.28114,10.1034,7.06278,10.7784,10.7784,1.0,1.0,1
72699,31.05.2024 02:16:23.840000,549.344,606.363,7.26772,7.489,7.142,61.4573,3.63053,3.60621,15.4479,18.5892,442.015,443.46,6.62318,7.92134,5.23099,9.84874,7.06412,10.6915,10.6915,1.0,1.0,1
72700,31.05.2024 02:16:23.850000,549.344,614.108,7.19332,7.483,7.142,62.603,3.6204,3.60677,17.1267,15.4028,442.065,443.68,6.63582,8.07332,5.2359,9.58862,7.06555,10.6915,10.6915,1.0,1.0,1
72701,31.05.2024 02:16:23.860000,565.576,614.108,7.19332,7.483,7.169,63.6832,3.61655,3.61,17.1267,15.4028,442.065,443.68,6.63582,8.07332,5.2359,9.58862,7.06555,10.7784,10.7784,1.0,1.0,1
72702,31.05.2024 02:16:23.870000,569.449,619.052,7.19332,7.388,7.135,63.6832,3.6051,3.61474,18.1164,16.3048,442.095,443.73,6.89061,8.88911,5.17224,9.42293,7.06682,10.7784,10.7784,1.0,1.0,1
72703,31.05.2024 02:16:23.880000,569.449,619.052,7.19332,7.388,7.135,63.6832,3.6051,3.61474,18.1164,16.3048,442.095,443.73,6.89061,8.88911,5.17224,9.42293,7.06682,10.7784,10.7784,1.0,1.0,1
72704,31.05.2024 02:16:23.890000,569.449,619.052,7.12439,7.388,7.135,64.8917,3.5823,3.61645,15.5814,20.7844,442.085,443.69,7.27456,9.08626,5.16599,9.30707,7.06742,10.7784,10.7784,1.0,1.0,1
72705,31.05.2024 02:16:23.900000,558.819,610.73,7.13237,7.319,6.953,65.9826,3.55011,3.63765,15.931,20.5648,442.04,443.645,7.52727,8.64264,5.12392,9.2754,7.06788,10.4384,10.4384,1.0,1.0,1
72706,31.05.2024 02:16:23.910000,558.819,610.73,7.11068,7.319,6.953,67.1077,3.53486,3.63588,15.931,20.5648,442.04,443.645,7.52727,8.64264,5.12392,9.2754,7.06788,10.3443,10.3443,1.0,1.0,1
72707,31.05.2024 02:16:23.920000,558.819,610.73,7.11068,7.319,6.953,67.1077,3.53486,3.63588,15.931,20.5648,442.04,443.645,7.52727,8.64264,5.12392,9.2754,7.06788,10.3443,10.3443,1.0,1.0,1
72708,31.05.2024 02:16:23.930000,562.857,610.071,7.11068,7.308,6.965,67.1077,3.52259,3.63212,12.3334,19.4506,441.97,443.645,7.35653,7.94868,5.09434,9.12427,7.06827,9.9537,9.9537,1.0,1.0,1
72709,31.05.2024 02:16:23.940000,562.857,610.071,7.11068,7.308,6.965,67.1077,3.52259,3.63212,12.3334,19.4506,441.97,443.645,7.35653,7.94868,5.09434,9.12427,7.06827,9.9537,9.9537,1.0,1.0,1
72710,31.05.2024 02:16:23.950000,574.145,614.767,7.03578,7.187,7.068,69.3062,3.49554,3.6396,14.6862,20.4002,441.98,443.71,6.78005,7.30659,5.07124,8.99741,7.06801,10.026,10.026,1.0,1.0,1
72711,31.05.2024 02:16:23.960000,560.303,607.022,7.03792,7.186,7.04,70.2869,3.49918,3.62261,12.3337,17.0209,442.11,443.89,6.80301,7.02247,5.04279,8.98375,7.06787,10.0911,10.0911,1.0,1.0,1
72712,31.05.2024 02:16:23.970000,564.093,607.269,7.03792,7.216,7.003,70.2869,3.49841,3.63303,12.3337,17.0209,442.11,443.89,6.80301,7.02247,5.04279,8.98375,7.06787,10.055,10.055,1.0,1.0,1
72713,31.05.2024 02:16:23.980000,563.928,605.786,7.10398,7.208,6.964,71.3549,3.52177,3.64011,11.3591,18.6383,442.11,443.975,7.37969,7.53841,5.11743,8.89575,7.0678,10.055,10.055,1.0,1.0,1
72714,31.05.2024 02:16:23.990000,563.928,605.786,7.09652,7.208,6.964,72.4157,3.53673,3.65012,11.3591,18.6383,442.11,443.975,7.37969,7.53841,5.11743,8.89575,7.0678,10.1201,10.1201,1.0,1.0,1
72715,31.05.2024 02:16:24.000000,566.235,610.4,7.09652,7.143,6.883,72.4157,3.53202,3.65637,13.3755,18.3125,442.105,443.99,7.68835,7.89586,5.14223,8.55816,7.06776,10.3805,10.3805,1.0,1.0,1
72716,31.05.2024 02:16:24.010000,566.235,603.891,7.04906,7.027,6.883,73.4066,3.53399,3.65802,13.8914,19.309,442.1,443.975,7.86415,7.84891,5.1824,8.26726,7.06708,10.3805,10.3805,1.0,1.0,1
72717,31.05.2024 02:16:24.020000,566.235,603.891,7.04906,7.027,6.883,73.4066,3.53399,3.65802,13.8914,19.309,442.1,443.975,7.86415,7.84891,5.1824,8.26726,7.06708,10.3805,10.3805,1.0,1.0,1
72718,31.05.2024 02:16:24.030000,550.085,603.891,7.04906,7.027,6.921,74.3713,3.51445,3.6505,10.7824,19.2444,442.085,443.96,7.89838,7.64107,5.316,8.25632,7.06708,10.2286,10.2286,1.0,1.0,1
72719,31.05.2024 02:16:24.040000,569.201,609.741,7.03473,7.068,7.031,75.2303,3.48488,3.63737,12.8846,21.5427,442.07,443.97,7.81597,7.30801,5.41836,8.24774,7.06626,10.2286,10.2286,1.0,1.0,1
72720,31.05.2024 02:16:24.050000,552.228,601.584,7.03473,7.163,6.967,75.2303,3.48255,3.63823,12.8846,21.5427,442.07,443.97,7.81597,7.30801,5.41836,8.24774,7.06626,10.0477,10.0477,1.0,1.0,1
72721,31.05.2024 02:16:24.060000,563.516,606.363,7.08462,7.185,7.01,75.2303,3.48397,3.635,12.0885,22.8185,442.075,444.035,7.60739,6.76568,5.48897,8.18584,7.06527,10.0477,10.0477,1.0,1.0,1
72722,31.05.2024 02:16:24.070000,563.516,606.363,7.09983,7.185,7.01,76.8297,3.49075,3.63719,12.0885,22.8185,442.075,444.035,7.60739,6.76568,5.48897,8.18584,7.06527,10.0477,10.0477,1.0,1.0,1
72723,31.05.2024 02:16:24.080000,562.61,610.647,7.09983,7.063,6.927,76.8297,3.48432,3.64088,13.2652,20.1941,442.095,444.105,7.5944,6.66906,5.59334,8.10263,7.06511,9.79456,9.79456,1.0,1.0,1
72724,31.05.2024 02:16:24.090000,562.61,615.097,7.12756,7.041,6.927,77.4956,3.47627,3.63829,13.5926,18.5135,442.155,444.16,7.70074,6.79511,5.65464,8.01383,7.06461,9.79456,9.79456,1.0,1.0,1
72725,31.05.2024 02:16:24.100000,549.838,615.097,7.12756,7.041,6.967,78.0671,3.47166,3.62675,13.5926,18.5135,442.155,444.16,7.70074,6.79511,5.65464,8.01383,7.06461,10.2792,10.2792,1.0,1.0,1
72726,31.05.2024 02:16:24.110000,564.67,609.494,7.12756,7.069,7.029,78.0671,3.45838,3.61558,12.1795,18.0521,442.165,444.185,8.0677,7.05593,5.70339,8.0675,7.06418,10.2792,10.2792,1.0,1.0,1
72727,31.05.2024 02:16:24.120000,564.67,609.494,7.12756,7.069,7.029,78.0671,3.45838,3.61558,12.1795,18.0521,442.165,444.185,8.0677,7.05593,5.70339,8.0675,7.06418,10.2792,10.2792,1.0,1.0,1
72728,31.05.2024 02:16:24.130000,564.67,609.494,7.14731,7.069,7.029,78.7361,3.4597,3.61128,10.3148,16.5176,442.17,444.185,8.35479,6.99461,5.7179,8.05537,7.06365,10.4962,10.4962,1.0,1.0,1
72729,31.05.2024 02:16:24.140000,564.67,609.494,7.14731,7.069,7.029,78.7361,3.4597,3.61128,10.3148,16.5176,442.17,444.185,8.35479,6.99461,5.7179,8.05537,7.06365,10.4962,10.4962,1.0,1.0,1
72730,31.05.2024 02:16:24.150000,530.722,557.666,7.157,7.164,7.129,79.3608,3.50818,3.61442,11.2431,18.7223,442.14,444.19,8.56649,6.78478,5.86319,8.07622,7.06347,10.4962,10.4962,1.0,1.0,1
72731,31.05.2024 02:16:24.160000,528.497,555.029,7.15774,7.154,7.047,79.8944,3.601,3.61377,15.5188,17.6288,442.14,444.225,8.53497,6.55447,5.95221,7.97979,7.06309,10.2286,10.2286,1.0,1.0,1
72732,31.05.2024 02:16:24.170000,528.497,555.029,7.15774,7.154,7.047,79.8944,3.601,3.61377,15.5188,17.6288,442.14,444.225,8.53497,6.55447,5.95221,7.97979,7.06309,10.2286,10.2286,1.0,1.0,1
72733,31.05.2024 02:16:24.180000,528.497,550.744,7.20322,7.169,7.047,80.5754,3.6241,3.61102,16.5297,16.4185,442.16,444.25,8.30975,6.58365,6.04465,7.94246,7.06255,10.2286,10.2286,1.0,1.0,1
72734,31.05.2024 02:16:24.190000,511.853,537.89,7.24178,7.184,7.136,81.3369,3.63344,3.63064,18.8694,14.6256,442.17,444.275,8.41357,6.36051,6.15329,7.95567,7.06236,10.2286,10.2286,1.0,1.0,1
72735,31.05.2024 02:16:24.200000,511.853,537.89,7.24178,7.184,7.136,81.3369,3.63344,3.63064,18.8694,14.6256,442.17,444.275,8.41357,6.36051,6.15329,7.95567,7.06236,10.2286,10.2286,1.0,1.0,1
72736,31.05.2024 02:16:24.210000,511.853,537.89,7.20739,7.184,7.136,82.0921,3.61239,3.62132,20.9697,21.4498,442.19,444.345,8.45213,6.13588,6.16244,7.93489,7.06254,10.3805,10.3805,1.0,1.0,1
72737,31.05.2024 02:16:24.220000,511.853,537.89,7.20739,7.184,7.136,82.0921,3.61239,3.62132,20.9697,21.4498,442.19,444.345,8.45213,6.13588,6.16244,7.93489,7.06254,10.3805,10.3805,1.0,1.0,1
72738,31.05.2024 02:16:24.230000,514.407,508.227,7.24188,7.18,7.07,82.6401,3.51667,3.62669,16.501,17.2873,442.255,444.45,8.53784,6.38201,6.19663,7.91131,7.06257,10.4384,10.4384,1.0,1.0,1
72739,31.05.2024 02:16:24.240000,507.239,517.291,7.25207,7.149,7.135,83.0538,3.34779,3.63346,11.372,13.5524,442.265,444.45,8.85689,7.03937,6.30275,7.96053,7.06259,10.5469,10.5469,1.0,1.0,1
72740,31.05.2024 02:16:24.250000,507.239,509.628,7.26351,7.185,7.135,83.3676,3.30756,3.62439,8.3873,20.1617,442.26,444.425,9.04429,7.00548,6.56989,8.04747,7.06253,10.5469,10.5469,1.0,1.0,1
72741,31.05.2024 02:16:24.260000,493.973,509.628,7.26351,7.185,7.134,83.6756,3.29975,3.61362,8.3873,20.1617,442.26,444.425,9.04429,7.00548,6.56989,8.04747,7.06253,10.5324,10.5324,1.0,1.0,1
72742,31.05.2024 02:16:24.270000,456.235,483.838,7.26351,7.237,7.213,83.6756,3.30654,3.60844,4.61263,18.8059,442.255,444.505,9.14359,6.80604,6.70993,8.00017,7.06288,10.5324,10.5324,1.0,1.0,1
72743,31.05.2024 02:16:24.280000,456.235,483.838,7.22966,7.237,7.213,83.8862,3.37224,3.60407,7.56048,13.786,442.265,444.55,9.05252,7.0809,6.76496,7.96542,7.06255,10.829,10.829,1.0,1.0,1
72744,31.05.2024 02:16:24.290000,448.984,447.83,7.22966,7.248,7.153,83.8862,3.41838,3.59136,7.56048,13.786,442.265,444.55,9.05252,7.0809,6.76496,7.96542,7.06255,11.0388,11.0388,1.0,1.0,1
72745,31.05.2024 02:16:24.300000,448.984,447.83,7.22966,7.248,7.153,83.8862,3.41838,3.59136,7.56048,13.786,442.265,444.55,9.05252,7.0809,6.76496,7.96542,7.06255,11.0388,11.0388,1.0,1.0,1
72746,31.05.2024 02:16:24.310000,445.358,446.759,7.23611,7.198,7.18,84.0446,3.46683,3.58132,10.0153,13.5587,442.27,444.545,8.9933,7.40465,6.8709,7.6938,7.06287,11.2847,11.2847,1.0,1.0,1
72747,31.05.2024 02:16:24.320000,445.358,446.759,7.23611,7.198,7.18,84.0446,3.46683,3.58132,10.0153,13.5587,442.27,444.545,8.9933,7.40465,6.8709,7.6938,7.06287,11.2847,11.2847,1.0,1.0,1
72748,31.05.2024 02:16:24.330000,421.051,440.085,7.24622,7.212,7.233,84.2087,3.56641,3.57103,13.3446,11.882,442.325,444.54,8.8382,7.09871,6.95492,7.60193,7.06324,11.6319,11.6319,1.0,1.0,1
72749,31.05.2024 02:16:24.340000,421.051,440.085,7.24622,7.212,7.233,84.2087,3.56641,3.57103,13.3446,11.882,442.325,444.54,8.8382,7.09871,6.95492,7.60193,7.06324,11.6319,11.6319,1.0,1.0,1
72750,31.05.2024 02:16:24.350000,420.227,409.598,7.23288,7.273,7.173,84.4795,3.56182,3.5895,16.6316,12.3076,442.34,444.65,8.96933,7.03581,6.95891,7.61527,7.0636,11.8851,11.8851,1.0,1.0,1
72751,31.05.2024 02:16:24.360000,431.927,362.054,7.25598,7.277,7.088,84.5162,3.44783,3.61046,14.7967,16.4535,442.405,444.725,9.34935,7.71853,7.07189,7.59846,7.06493,11.8851,11.8851,1.0,1.0,1
72752,31.05.2024 02:16:24.370000,422.616,375.897,7.25598,7.2,7.217,84.5162,3.39993,3.62315,14.7967,16.4535,442.405,444.725,9.34935,7.71853,7.07189,7.59846,7.06493,11.8924,11.8924,1.0,1.0,1
72753,31.05.2024 02:16:24.380000,422.616,375.897,7.25598,7.2,7.217,84.5162,3.39993,3.62315,14.7967,16.4535,442.405,444.725,9.34935,7.71853,7.07189,7.59846,7.06493,11.8924,11.8924,1.0,1.0,1
72754,31.05.2024 02:16:24.390000,384.714,372.601,7.21466,7.209,7.196,84.5399,3.33053,3.61884,9.9961,13.2099,442.395,444.705,9.29079,7.5924,7.11774,7.66673,7.06538,12.1455,12.1455,1.0,1.0,1
72755,31.05.2024 02:16:24.400000,379.028,346.316,7.1766,7.288,7.171,84.5413,3.32271,3.63094,8.44555,17.4124,442.43,444.72,9.0793,7.34838,7.15472,7.80855,7.06595,12.1455,12.1455,1.0,1.0,1
72756,31.05.2024 02:16:24.410000,379.028,291.275,7.23899,7.321,7.171,84.6316,3.33659,3.62196,6.36376,17.8436,442.455,444.775,8.97699,6.90279,7.27276,7.85713,7.066,12.1455,12.1455,1.0,1.0,1
72757,31.05.2024 02:16:24.420000,368.729,291.275,7.23899,7.321,7.147,84.7409,3.36945,3.61051,6.36376,17.8436,442.455,444.775,8.97699,6.90279,7.27276,7.85713,7.066,12.0587,12.0587,1.0,1.0,1
72758,31.05.2024 02:16:24.430000,374.908,295.972,7.23899,7.222,7.147,84.7409,3.4012,3.6077,8.43859,14.1683,442.46,444.875,8.94497,6.6971,7.25652,7.85589,7.06691,12.0587,12.0587,1.0,1.0,1
72759,31.05.2024 02:16:24.440000,374.908,295.972,7.23899,7.222,7.147,84.7409,3.4012,3.6077,8.43859,14.1683,442.46,444.875,8.94497,6.6971,7.25652,7.85589,7.06691,12.0587,12.0587,1.0,1.0,1
72760,31.05.2024 02:16:24.450000,374.908,295.972,7.21517,7.222,7.147,84.7971,3.45992,3.59998,11.4645,11.6247,442.495,444.91,8.66636,6.93205,7.30046,7.7244,7.06749,11.5017,11.5017,1.0,1.0,1
72761,31.05.2024 02:16:24.460000,374.908,295.972,7.21517,7.222,7.147,84.7971,3.45992,3.59998,11.4645,11.6247,442.495,444.91,8.66636,6.93205,7.30046,7.7244,7.06749,11.5017,11.5017,1.0,1.0,1
72762,31.05.2024 02:16:24.470000,347.964,327.612,7.19538,7.161,7.15,84.8523,3.49765,3.57632,13.3892,13.1833,442.55,444.95,8.48364,6.89425,7.29351,7.74381,7.06797,11.7477,11.7477,1.0,1.0,1
72763,31.05.2024 02:16:24.480000,336.182,291.44,7.20369,7.229,7.125,84.8667,3.50101,3.58476,15.7707,13.4163,442.585,445.025,8.59326,6.65006,7.25451,7.78876,7.06846,11.1979,11.1979,1.0,1.0,1
72764,31.05.2024 02:16:24.490000,336.182,238.623,7.21396,7.203,7.125,84.8993,3.49564,3.59149,14.7235,13.6095,442.605,445.065,8.5623,6.70606,7.31926,7.80172,7.06903,11.1979,11.1979,1.0,1.0,1
72765,31.05.2024 02:16:24.500000,336.182,238.623,7.21396,7.203,7.125,84.8993,3.49564,3.59149,14.7235,13.6095,442.605,445.065,8.5623,6.70606,7.31926,7.80172,7.06903,11.1979,11.1979,1.0,1.0,1
72766,31.05.2024 02:16:24.510000,321.844,238.623,7.21396,7.203,7.134,84.9583,3.48943,3.59836,13.906,13.5369,442.63,445.075,8.59883,6.52062,7.28101,7.83533,7.06903,11.1979,11.1979,1.0,1.0,1
72767,31.05.2024 02:16:24.520000,321.844,238.623,7.21396,7.203,7.134,84.9583,3.48943,3.59836,13.906,13.5369,442.63,445.075,8.59883,6.52062,7.28101,7.83533,7.06903,11.1979,11.1979,1.0,1.0,1
72768,31.05.2024 02:16:24.530000,312.781,259.634,7.2095,7.144,7.139,84.9749,3.44472,3.60856,14.3646,13.1782,442.665,445.125,8.39719,6.04197,7.37119,7.93798,7.06992,10.9447,10.9447,1.0,1.0,1
72769,31.05.2024 02:16:24.540000,301.245,210.937,7.21485,7.192,7.111,84.9777,3.421,3.60928,11.5871,15.8109,442.68,445.235,8.18571,5.92391,7.44863,8.06541,7.07036,10.9013,10.9013,1.0,1.0,1
72770,31.05.2024 02:16:24.550000,301.245,210.937,7.21208,7.192,7.111,84.9429,3.401,3.60335,11.5871,15.8109,442.68,445.235,8.18571,5.92391,7.44863,8.06541,7.07036,11.0026,11.0026,1.0,1.0,1
72771,31.05.2024 02:16:24.560000,288.144,177.978,7.21208,7.218,7.083,84.9429,3.39913,3.60416,12.4546,16.2239,442.76,445.32,7.97716,6.21288,7.55405,8.18851,7.07098,11.0026,11.0026,1.0,1.0,1
72772,31.05.2024 02:16:24.570000,288.144,177.978,7.21208,7.218,7.083,84.9429,3.39913,3.60416,12.4546,16.2239,442.76,445.32,7.97716,6.21288,7.55405,8.18851,7.07098,11.0026,11.0026,1.0,1.0,1
72773,31.05.2024 02:16:24.580000,288.144,160.098,7.21576,7.167,7.083,84.9665,3.39606,3.59957,9.84844,11.5128,442.82,445.325,8.10055,6.52347,7.57909,8.21389,7.07151,10.5035,10.5035,1.0,1.0,1
72774,31.05.2024 02:16:24.590000,263.26,170.563,7.21827,7.117,7.106,84.9894,3.38567,3.59097,11.5714,10.6163,442.845,445.345,7.98085,6.1813,7.57424,8.29194,7.07182,10.5035,10.5035,1.0,1.0,1
72775,31.05.2024 02:16:24.600000,263.26,170.563,7.20999,7.117,7.106,84.9804,3.39264,3.58303,9.08817,10.1246,442.905,445.425,7.92874,5.79017,7.54892,8.46753,7.07194,10.0622,10.0622,1.0,1.0,1
72776,31.05.2024 02:16:24.610000,232.031,152.435,7.20999,7.117,7.157,84.9804,3.40385,3.56488,9.08817,10.1246,442.905,445.425,7.92874,5.79017,7.54892,8.46753,7.07194,9.75116,9.75116,1.0,1.0,1
72777,31.05.2024 02:16:24.620000,232.031,152.435,7.20999,7.117,7.157,84.9804,3.40385,3.56488,9.08817,10.1246,442.905,445.425,7.92874,5.79017,7.54892,8.46753,7.07194,9.75116,9.75116,1.0,1.0,1
72778,31.05.2024 02:16:24.630000,182.346,106.046,7.18878,7.18,7.136,84.9602,3.40715,3.55887,10.7052,11.0077,442.93,445.535,8.04188,5.96978,7.52285,8.46054,7.07242,9.80179,9.80179,1.0,1.0,1
72779,31.05.2024 02:16:24.640000,182.346,106.046,7.18878,7.18,7.136,84.9602,3.40715,3.55887,10.7052,11.0077,442.93,445.535,8.04188,5.96978,7.52285,8.46054,7.07242,9.80179,9.80179,1.0,1.0,1
72780,31.05.2024 02:16:24.650000,167.349,64.5172,7.20063,7.244,7.146,84.9377,3.44692,3.57289,11.5869,8.58697,442.965,445.575,8.01778,6.3081,7.40552,8.57776,7.0724,9.70052,9.70052,1.0,1.0,1
72781,31.05.2024 02:16:24.660000,167.349,64.5172,7.20063,7.244,7.146,84.9377,3.44692,3.57289,11.5869,8.58697,442.965,445.575,8.01778,6.3081,7.40552,8.57776,7.0724,9.70052,9.70052,1.0,1.0,1
72782,31.05.2024 02:16:24.670000,156.308,6.26221,7.20718,7.257,7.124,85.0507,3.45905,3.58983,13.1233,13.1308,442.98,445.605,8.01501,6.30458,7.38284,8.64853,7.07258,9.70052,9.70052,1.0,1.0,1
72783,31.05.2024 02:16:24.680000,137.521,-9.31091,7.21077,7.218,7.121,85.1327,3.44204,3.6035,14.4153,13.0915,443.12,445.72,7.81628,6.02365,7.4028,8.80864,7.07348,9.54138,9.54138,1.0,1.0,1
72784,31.05.2024 02:16:24.690000,126.068,0.0,7.21077,7.16,7.116,85.1327,3.42666,3.61152,14.4153,13.0915,443.12,445.72,7.81628,6.02365,7.4028,8.80864,7.07348,9.54138,9.54138,1.0,1.0,1
72785,31.05.2024 02:16:24.700000,116.016,4.77905,7.20021,7.128,7.103,85.0182,3.40813,3.61934,13.6454,14.0574,443.13,445.77,7.82672,6.13648,7.28265,8.97957,7.07414,9.54138,9.54138,1.0,1.0,1
72786,31.05.2024 02:16:24.710000,116.016,4.77905,7.21258,7.128,7.103,85.0524,3.369,3.6159,13.6454,14.0574,443.13,445.77,7.82672,6.13648,7.28265,8.97957,7.07414,9.74393,9.74393,1.0,1.0,1
72787,31.05.2024 02:16:24.720000,116.016,4.77905,7.21258,7.128,7.103,85.0524,3.369,3.6159,13.6454,14.0574,443.13,445.77,7.82672,6.13648,7.28265,8.97957,7.07414,9.74393,9.74393,1.0,1.0,1
72788,31.05.2024 02:16:24.730000,113.214,-18.869,7.21258,7.118,7.069,85.0524,3.34869,3.60804,11.659,12.8116,443.15,445.795,7.78704,6.12745,7.30305,9.08506,7.07477,9.49798,9.49798,1.0,1.0,1
72789,31.05.2024 02:16:24.740000,104.81,-86.8469,7.20297,7.124,7.103,85.0755,3.32328,3.59355,9.48813,12.596,443.15,445.835,7.5064,5.98343,7.25632,9.17202,7.07474,9.75116,9.75116,1.0,1.0,1
72790,31.05.2024 02:16:24.750000,79.6783,-105.469,7.20297,7.146,7.12,85.0755,3.32325,3.58622,8.15495,12.2934,443.195,445.9,7.13678,5.75607,7.16341,9.24367,7.07508,9.75116,9.75116,1.0,1.0,1
72791,31.05.2024 02:16:24.760000,79.6783,-105.469,7.20297,7.146,7.12,85.0755,3.32325,3.58622,8.15495,12.2934,443.195,445.9,7.13678,5.75607,7.16341,9.24367,7.07508,9.75116,9.75116,1.0,1.0,1
72792,31.05.2024 02:16:24.770000,79.6783,-105.469,7.19704,7.146,7.12,85.1338,3.34839,3.57248,7.08823,10.4718,443.25,445.955,6.91422,5.91486,7.06916,9.27284,7.07511,9.75116,9.75116,1.0,1.0,1
72793,31.05.2024 02:16:24.780000,79.6783,-105.469,7.19704,7.146,7.12,85.1338,3.34839,3.57248,7.08823,10.4718,443.25,445.955,6.91422,5.91486,7.06916,9.27284,7.07511,9.75116,9.75116,1.0,1.0,1
72794,31.05.2024 02:16:24.790000,7.41577,-157.462,7.19718,7.199,7.091,85.1511,3.39811,3.5547,9.4049,9.21117,443.295,445.975,6.84861,5.84517,7.04957,9.27543,7.07542,9.94647,9.94647,1.0,1.0,1
72795,31.05.2024 02:16:24.800000,0.0,-195.612,7.19924,7.193,7.101,85.1364,3.44607,3.55516,10.3408,6.14818,443.335,446.025,6.82769,5.59114,7.0052,9.31909,7.07573,10.1852,10.1852,1.0,1.0,1
72796,31.05.2024 02:16:24.810000,0.0,-201.05,7.20258,7.167,7.101,85.1276,3.44705,3.5577,14.6155,10.2377,443.38,446.13,6.68126,5.45755,6.82598,9.33105,7.07572,10.1852,10.1852,1.0,1.0,1
72797,31.05.2024 02:16:24.820000,-45.8954,-201.05,7.20258,7.167,7.092,85.0783,3.44562,3.55865,14.6155,10.2377,443.38,446.13,6.68126,5.45755,6.82598,9.33105,7.07572,9.98987,9.98987,1.0,1.0,1
72798,31.05.2024 02:16:24.830000,-64.682,-222.555,7.20258,7.144,7.09,85.0783,3.43659,3.56086,12.9633,9.914,443.425,446.215,6.72425,5.60127,6.74978,9.17857,7.07646,9.98987,9.98987,1.0,1.0,1
72799,31.05.2024 02:16:24.840000,-64.682,-222.555,7.20258,7.144,7.09,85.0783,3.43659,3.56086,12.9633,9.914,443.425,446.215,6.72425,5.60127,6.74978,9.17857,7.07646,9.98987,9.98987,1.0,1.0,1
72800,31.05.2024 02:16:24.850000,-64.682,-222.555,7.2021,7.144,7.09,85.0392,3.41081,3.56583,12.2043,10.5,443.47,446.25,6.55165,5.80806,6.77445,9.14667,7.07685,9.79456,9.79456,0.0,1.0,1
72801,31.05.2024 02:16:24.860000,-110.248,-277.515,7.20886,7.162,7.086,85.0276,3.37961,3.56887,12.6798,10.0579,443.52,446.285,6.53088,5.71968,6.72883,9.0977,7.07701,9.99711,9.99711,0.0,1.0,1
72802,31.05.2024 02:16:24.870000,-110.248,-277.515,7.20975,7.162,7.086,85.0447,3.35519,3.5702,12.6798,10.0579,443.52,446.285,6.53088,5.71968,6.72883,9.0977,7.07701,9.99711,9.99711,0.0,1.0,1
72803,31.05.2024 02:16:24.880000,-107.611,-300.174,7.20975,7.151,7.095,85.0447,3.35054,3.56958,11.1298,9.89706,443.545,446.33,6.43635,5.66613,6.84872,9.14661,7.07699,10.1779,10.1779,0.0,1.0,1
72804,31.05.2024 02:16:24.890000,-107.611,-320.444,7.20753,7.147,7.095,85.1354,3.34971,3.56842,9.65264,8.84242,443.565,446.36,6.33189,5.49806,6.72968,9.07567,7.07751,10.1779,10.1779,0.0,1.0,1
72805,31.05.2024 02:16:24.900000,-107.611,-320.444,7.20753,7.147,7.095,85.1354,3.34971,3.56842,9.65264,8.84242,443.565,446.36,6.33189,5.49806,6.72968,9.07567,7.07751,10.1779,10.1779,0.0,1.0,1
72806,31.05.2024 02:16:24.910000,-123.349,-320.444,7.20753,7.147,7.109,85.2159,3.35644,3.56751,9.54819,5.45531,443.585,446.415,6.13998,5.28292,6.75726,9.071,7.07751,10.3299,10.3299,0.0,1.0,1
72807,31.05.2024 02:16:24.920000,-135.214,-357.358,7.21744,7.186,7.101,85.1852,3.38787,3.56104,10.6079,7.99853,443.625,446.465,5.91726,5.20078,6.75089,9.03743,7.07827,10.2358,10.2358,0.0,1.0,1
72808,31.05.2024 02:16:24.930000,-154.001,-378.699,7.21744,7.166,7.098,85.1852,3.39752,3.56121,10.6079,7.99853,443.625,446.465,5.91726,5.20078,6.75089,9.03743,7.07827,10.1201,10.1201,0.0,1.0,1
72809,31.05.2024 02:16:24.940000,-177.814,-388.586,7.23959,7.136,7.115,85.1571,3.40317,3.56349,10.8135,8.57171,443.675,446.545,5.85941,5.10003,6.62724,9.0169,7.07856,10.1201,10.1201,0.0,1.0,1
72810,31.05.2024 02:16:24.950000,-177.814,-388.586,7.227,7.136,7.115,85.1479,3.41313,3.56116,10.8135,8.57171,443.675,446.545,5.85941,5.10003,6.62724,9.0169,7.07856,9.99711,9.99711,0.0,1.0,1
72811,31.05.2024 02:16:24.960000,-204.758,-415.53,7.227,7.154,7.136,85.1479,3.40856,3.56316,13.1609,9.30947,443.685,446.605,5.8038,5.33146,6.61432,8.99777,7.07904,9.99711,9.99711,0.0,1.0,1
72812,31.05.2024 02:16:24.970000,-204.758,-410.504,7.20684,7.183,7.136,85.1767,3.40388,3.56584,11.7136,7.99742,443.72,446.63,5.72284,5.39447,6.56331,9.00863,7.07936,9.99711,9.99711,0.0,1.0,1
72813,31.05.2024 02:16:24.980000,-226.016,-410.504,7.20684,7.183,7.136,85.1712,3.39907,3.56852,11.7136,7.99742,443.72,446.63,5.72284,5.39447,6.56331,9.00863,7.07936,9.99711,9.99711,0.0,1.0,1
72814,31.05.2024 02:16:24.990000,-226.016,-410.504,7.20684,7.183,7.136,85.1712,3.39907,3.56852,11.7136,7.99742,443.72,446.63,5.72284,5.39447,6.56331,9.00863,7.07936,9.99711,9.99711,0.0,1.0,1
72815,31.05.2024 02:16:25.000000,-239.529,-400.781,7.20499,7.227,7.151,85.1712,3.39207,3.57238,11.5307,8.52199,443.755,446.665,5.64021,5.14081,6.22661,8.80662,7.07955,9.60648,9.60648,0.0,1.0,1
72816,31.05.2024 02:16:25.010000,-275.784,-405.89,7.20707,7.21,7.165,85.1499,3.37007,3.58196,12.6225,11.9916,443.815,446.7,5.49688,4.93292,6.0835,8.74447,7.07979,9.59925,9.59925,0.0,1.0,1
72817,31.05.2024 02:16:25.020000,-275.784,-405.89,7.20707,7.21,7.165,85.1499,3.37007,3.58196,12.6225,11.9916,443.815,446.7,5.49688,4.93292,6.0835,8.74447,7.07979,9.59925,9.59925,0.0,1.0,1
72818,31.05.2024 02:16:25.030000,-278.256,-402.429,7.22606,7.192,7.164,85.0662,3.36346,3.58288,9.89717,11.2938,443.83,446.755,5.5537,4.89342,6.25712,8.7194,7.08047,9.59925,9.59925,0.0,1.0,1
72819,31.05.2024 02:16:25.040000,-278.256,-402.429,7.22606,7.192,7.164,85.0662,3.36346,3.58288,9.89717,11.2938,443.83,446.755,5.5537,4.89342,6.25712,8.7194,7.08047,9.59925,9.59925,0.0,1.0,1
72820,31.05.2024 02:16:25.050000,-292.346,-410.669,7.22212,7.205,7.117,85.1087,3.34527,3.59111,9.89436,11.7353,443.84,446.81,5.35125,4.72983,6.02127,8.6511,7.08113,9.59201,9.59201,0.0,1.0,1
72821,31.05.2024 02:16:25.060000,-296.548,-405.148,7.2339,7.204,7.117,85.1254,3.33573,3.58906,9.60628,8.69762,443.86,446.88,5.14648,4.64458,5.79229,8.55772,7.08137,9.69329,9.69329,0.0,1.0,1
72822,31.05.2024 02:16:25.070000,-313.357,-401.523,7.2339,7.188,7.111,85.1254,3.33591,3.58457,10.0581,10.4133,443.9,446.955,4.99039,4.83893,5.7772,8.51631,7.08199,9.69329,9.69329,0.0,1.0,1
72823,31.05.2024 02:16:25.080000,-313.357,-401.523,7.2339,7.188,7.111,85.1254,3.33591,3.58457,10.0581,10.4133,443.9,446.955,4.99039,4.83893,5.7772,8.51631,7.08199,9.69329,9.69329,0.0,1.0,1
72824,31.05.2024 02:16:25.090000,-313.357,-401.523,7.22931,7.188,7.111,85.0936,3.34084,3.57892,9.91875,10.9402,443.915,446.99,4.97331,4.98587,5.77915,8.45192,7.08194,9.83073,9.83073,0.0,1.0,1
72825,31.05.2024 02:16:25.100000,-313.357,-401.523,7.22931,7.188,7.111,85.0936,3.34084,3.57892,9.91875,10.9402,443.915,446.99,4.97331,4.98587,5.77915,8.45192,7.08194,9.83073,9.83073,0.0,1.0,1
72826,31.05.2024 02:16:25.110000,-348.129,-406.961,7.23028,7.187,7.127,85.1274,3.36292,3.57137,9.69095,6.87072,443.95,447.025,4.78437,4.94474,5.6265,8.39805,7.082,9.83073,9.83073,0.0,1.0,1
72827,31.05.2024 02:16:25.120000,-362.961,-405.56,7.22302,7.214,7.153,85.0987,3.39256,3.56913,11.5875,6.64869,443.995,447.055,4.73065,4.91944,5.52892,8.3383,7.08206,9.3533,9.3533,0.0,1.0,1
72828,31.05.2024 02:16:25.130000,-362.961,-402.017,7.22769,7.227,7.153,85.0953,3.39659,3.56924,11.0545,8.08658,444.035,447.115,4.77534,4.82191,5.50896,8.32789,7.08221,9.3533,9.3533,0.0,1.0,1
72829,31.05.2024 02:16:25.140000,-366.669,-402.017,7.22769,7.227,7.158,85.1048,3.39709,3.56969,11.0545,8.08658,444.035,447.115,4.77534,4.82191,5.50896,8.32789,7.08221,9.38947,9.38947,0.0,1.0,1
72830,31.05.2024 02:16:25.150000,-365.185,-401.523,7.22769,7.196,7.161,85.1048,3.39326,3.57069,12.2812,7.91798,444.045,447.17,4.98389,4.8643,5.58125,8.26228,7.08268,9.38947,9.38947,0.0,1.0,1
72831,31.05.2024 02:16:25.160000,-365.185,-401.523,7.22769,7.196,7.161,85.1048,3.39326,3.57069,12.2812,7.91798,444.045,447.17,4.98389,4.8643,5.58125,8.26228,7.08268,9.38947,9.38947,0.0,1.0,1
72832,31.05.2024 02:16:25.170000,-365.185,-401.523,7.23354,7.196,7.161,85.1867,3.36957,3.57063,12.3123,7.5648,444.05,447.19,5.02056,4.93125,5.58409,8.21795,7.0827,9.49798,9.49798,0.0,1.0,1
72833,31.05.2024 02:16:25.180000,-353.32,-400.122,7.23423,7.204,7.148,85.2392,3.34095,3.57069,10.4778,4.68129,444.06,447.225,4.93518,4.71583,5.62949,8.11231,7.08341,9.4835,9.4835,0.0,1.0,1
72834,31.05.2024 02:16:25.190000,-353.32,-400.122,7.24125,7.204,7.148,85.2085,3.31331,3.57141,10.4778,4.68129,444.06,447.225,4.93518,4.71583,5.62949,8.11231,7.08341,9.49074,9.49074,0.0,1.0,1
72835,31.05.2024 02:16:25.200000,-356.534,-400.04,7.24125,7.223,7.146,85.2085,3.30351,3.5705,10.1337,7.64061,444.075,447.295,4.78792,4.5164,5.67106,7.9546,7.0841,9.43287,9.43287,0.0,1.0,1
72836,31.05.2024 02:16:25.210000,-356.534,-398.556,7.25456,7.224,7.146,85.1888,3.3017,3.5684,8.01305,7.31559,444.12,447.34,4.72585,4.52098,5.74422,7.77462,7.08442,9.43287,9.43287,0.0,1.0,1
72837,31.05.2024 02:16:25.220000,-359.253,-398.556,7.25456,7.224,7.119,85.1145,3.30304,3.5675,8.01305,7.31559,444.12,447.34,4.72585,4.52098,5.74422,7.77462,7.08442,9.32436,9.32436,0.0,1.0,1
72838,31.05.2024 02:16:25.230000,-359.665,-403.583,7.25456,7.204,7.128,85.1145,3.31466,3.56722,7.66653,6.0401,444.135,447.37,4.7983,4.65493,5.67855,7.70326,7.08485,9.32436,9.32436,0.0,1.0,1
72839,31.05.2024 02:16:25.240000,-359.665,-403.583,7.25524,7.204,7.128,85.0966,3.35395,3.56496,8.61703,6.24875,444.15,447.4,4.65458,4.35807,5.53579,7.72944,7.08528,9.34607,9.34607,0.0,1.0,1
72840,31.05.2024 02:16:25.250000,-355.545,-398.721,7.25524,7.2,7.134,85.0966,3.37937,3.56491,8.61703,6.24875,444.15,447.4,4.65458,4.35807,5.53579,7.72944,7.08528,9.4835,9.4835,0.0,1.0,1
72841,31.05.2024 02:16:25.260000,-360.571,-406.631,7.25637,7.227,7.129,85.0733,3.40505,3.56393,11.1356,6.89334,444.16,447.455,4.57978,4.10447,5.53231,7.64844,7.08599,9.4835,9.4835,0.0,1.0,1
72842,31.05.2024 02:16:25.270000,-360.571,-406.631,7.25637,7.227,7.129,85.0733,3.40505,3.56393,11.1356,6.89334,444.16,447.455,4.57978,4.10447,5.53231,7.64844,7.08599,9.4835,9.4835,0.0,1.0,1
72843,31.05.2024 02:16:25.280000,-360.571,-406.631,7.2559,7.227,7.129,84.9817,3.43108,3.55851,13.2373,9.07183,444.185,447.495,4.41602,4.20887,5.46774,7.50381,7.08599,9.49074,9.49074,0.0,1.0,1
72844,31.05.2024 02:16:25.290000,-360.571,-406.631,7.2559,7.227,7.129,84.9817,3.43108,3.55851,13.2373,9.07183,444.185,447.495,4.41602,4.20887,5.46774,7.50381,7.08599,9.49074,9.49074,0.0,1.0,1
72845,31.05.2024 02:16:25.300000,-356.039,-403.583,7.26734,7.198,7.11,85.0208,3.4235,3.5691,13.3323,7.79479,444.215,447.515,4.30833,4.21654,5.47897,7.41255,7.0866,9.49074,9.49074,0.0,1.0,1
72846,31.05.2024 02:16:25.310000,-359.582,-405.231,7.25587,7.217,7.167,84.929,3.36865,3.5763,13.8721,7.84562,444.215,447.565,4.19793,4.08024,5.5097,7.30262,7.08706,9.28819,9.28819,0.0,1.0,1
72847,31.05.2024 02:16:25.320000,-359.582,-405.231,7.25372,7.217,7.167,84.9623,3.34899,3.58151,12.5522,7.08085,444.24,447.65,4.17332,3.94983,5.45157,7.17186,7.08738,9.28819,9.28819,0.0,1.0,1
72848,31.05.2024 02:16:25.330000,-359.582,-405.231,7.25372,7.217,7.167,84.9623,3.34899,3.58151,12.5522,7.08085,444.24,447.65,4.17332,3.94983,5.45157,7.17186,7.08738,9.28819,9.28819,0.0,1.0,1
72849,31.05.2024 02:16:25.340000,-362.219,-399.298,7.25372,7.26,7.197,84.9623,3.33087,3.58369,12.5522,7.08085,444.24,447.65,4.17332,3.94983,5.45157,7.17186,7.08738,9.3316,9.3316,0.0,1.0,1
72850,31.05.2024 02:16:25.350000,-362.219,-399.298,7.25372,7.26,7.197,84.9623,3.33087,3.58369,12.5522,7.08085,444.24,447.65,4.17332,3.94983,5.45157,7.17186,7.08738,9.3316,9.3316,0.0,1.0,1
72851,31.05.2024 02:16:25.360000,-352.414,-394.189,7.25238,7.259,7.171,84.9631,3.30004,3.59294,8.78576,6.57259,444.25,447.725,4.06627,4.2956,5.32308,7.03845,7.08776,9.52691,9.52691,0.0,1.0,1
72852,31.05.2024 02:16:25.370000,-364.197,-401.028,7.25512,7.203,7.165,84.9646,3.30879,3.59346,7.42346,6.53302,444.315,447.74,3.98858,4.48083,5.23232,6.89358,7.08884,9.52691,9.52691,0.0,1.0,1
72853,31.05.2024 02:16:25.380000,-364.197,-401.028,7.25512,7.203,7.165,84.9646,3.30879,3.59346,7.42346,6.53302,444.315,447.74,3.98858,4.48083,5.23232,6.89358,7.08884,9.52691,9.52691,0.0,1.0,1
72854,31.05.2024 02:16:25.390000,-357.77,-401.028,7.25512,7.203,7.184,84.9694,3.32068,3.59501,9.72459,7.88076,444.325,447.795,4.13885,4.27555,5.26404,6.84771,7.08884,9.4401,9.4401,0.0,1.0,1
72855,31.05.2024 02:16:25.400000,-357.77,-401.028,7.25512,7.203,7.184,84.9694,3.32068,3.59501,9.72459,7.88076,444.325,447.795,4.13885,4.27555,5.26404,6.84771,7.08884,9.4401,9.4401,0.0,1.0,1
72856,31.05.2024 02:16:25.410000,-359.912,-403.418,7.24901,7.218,7.188,84.9352,3.36867,3.59419,9.84335,6.95129,444.35,447.835,4.12525,4.49059,5.31385,6.95055,7.08979,9.8452,9.8452,0.0,1.0,1
72857,31.05.2024 02:16:25.420000,-359.912,-403.418,7.24901,7.218,7.188,84.9352,3.36867,3.59419,9.84335,6.95129,444.35,447.835,4.12525,4.49059,5.31385,6.95055,7.08979,9.8452,9.8452,0.0,1.0,1
72858,31.05.2024 02:16:25.430000,-361.23,-397.815,7.24003,7.194,7.138,84.9232,3.39631,3.59122,10.2751,9.52857,444.365,447.86,4.20108,4.38367,5.26239,6.92178,7.09058,10.2213,10.2213,0.0,1.0,1
72859,31.05.2024 02:16:25.440000,-357.275,-400.369,7.2257,7.203,7.154,84.9492,3.40234,3.59126,12.7622,7.25369,444.395,447.92,4.15417,4.29055,5.27712,6.94059,7.09104,10.3299,10.3299,0.0,1.0,1
72860,31.05.2024 02:16:25.450000,-357.275,-401.605,7.21965,7.217,7.154,84.9365,3.39497,3.59257,13.2951,7.95908,444.4,447.945,4.18098,4.41204,5.27336,7.00653,7.09099,10.3299,10.3299,0.0,1.0,1
72861,31.05.2024 02:16:25.460000,-361.066,-401.605,7.21965,7.217,7.138,84.8943,3.3842,3.59377,13.2951,7.95908,444.4,447.945,4.18098,4.41204,5.27336,7.00653,7.09099,10.3226,10.3226,0.0,1.0,1
72862,31.05.2024 02:16:25.470000,-361.313,-400.287,7.21965,7.228,7.153,84.8943,3.37189,3.59432,13.6341,9.88316,444.4,447.96,4.16309,4.38655,5.29223,7.04434,7.09108,10.3226,10.3226,0.0,1.0,1
72863,31.05.2024 02:16:25.480000,-361.313,-400.287,7.21965,7.228,7.153,84.8943,3.37189,3.59432,13.6341,9.88316,444.4,447.96,4.16309,4.38655,5.29223,7.04434,7.09108,10.3226,10.3226,0.0,1.0,1
72864,31.05.2024 02:16:25.490000,-361.313,-400.287,7.21886,7.228,7.153,84.9389,3.33868,3.5936,11.8796,8.49613,444.455,448.02,4.06119,4.04584,5.13294,6.87286,7.09161,10.4167,10.4167,0.0,1.0,1
72865,31.05.2024 02:16:25.500000,-356.946,-396.496,7.21417,7.169,7.149,84.9533,3.30358,3.59225,10.7311,7.02366,444.47,448.07,4.18811,4.06969,5.1223,6.73664,7.09169,10.4818,10.4818,0.0,1.0,1
72866,31.05.2024 02:16:25.510000,-356.946,-396.496,7.21622,7.169,7.149,84.9909,3.27469,3.59322,10.7311,7.02366,444.47,448.07,4.18811,4.06969,5.1223,6.73664,7.09169,10.583,10.583,0.0,1.0,1
72867,31.05.2024 02:16:25.520000,-359.253,-399.133,7.21622,7.163,7.138,84.9909,3.27041,3.59342,7.61475,4.78277,444.45,448.085,4.19944,4.17139,5.08762,6.61504,7.09197,10.4818,10.4818,0.0,1.0,1
72868,31.05.2024 02:16:25.530000,-359.253,-399.133,7.21622,7.163,7.138,84.9909,3.27041,3.59342,7.61475,4.78277,444.45,448.085,4.19944,4.17139,5.08762,6.61504,7.09197,10.4818,10.4818,0.0,1.0,1
72869,31.05.2024 02:16:25.540000,-359.253,-399.957,7.21424,7.18,7.138,84.989,3.26984,3.59221,6.93969,7.4367,444.455,448.1,4.09297,3.9094,4.89874,6.48823,7.09201,10.4456,10.4456,0.0,1.0,1
72870,31.05.2024 02:16:25.550000,-358.182,-395.837,7.20593,7.184,7.104,85.0419,3.30751,3.58689,7.3091,5.81741,444.47,448.155,4.00813,3.67538,4.881,6.40697,7.09274,10.4456,10.4456,0.0,1.0,1
72871,31.05.2024 02:16:25.560000,-358.182,-395.837,7.21822,7.184,7.104,85.0183,3.32757,3.58486,7.88347,5.28483,444.47,448.205,3.91635,3.68734,4.92716,6.39125,7.09265,10.583,10.583,0.0,1.0,1
72872,31.05.2024 02:16:25.570000,-358.182,-395.837,7.21822,7.184,7.104,85.0183,3.32757,3.58486,7.88347,5.28483,444.47,448.205,3.91635,3.68734,4.92716,6.39125,7.09265,10.583,10.583,0.0,1.0,1
72873,31.05.2024 02:16:25.580000,-361.725,-401.77,7.21822,7.186,7.132,85.0183,3.34898,3.58476,7.88347,5.28483,444.47,448.205,3.91635,3.68734,4.92716,6.39125,7.09265,10.6554,10.6554,0.0,1.0,1
72874,31.05.2024 02:16:25.590000,-361.725,-401.77,7.21822,7.186,7.132,85.0183,3.34898,3.58476,7.88347,5.28483,444.47,448.205,3.91635,3.68734,4.92716,6.39125,7.09265,10.6554,10.6554,0.0,1.0,1
72875,31.05.2024 02:16:25.600000,-353.155,-400.616,7.22791,7.188,7.125,85.1209,3.40364,3.58402,10.7836,5.9637,444.49,448.22,3.68709,3.6125,4.8144,6.40836,7.09304,10.6554,10.6554,0.0,1.0,1
72876,31.05.2024 02:16:25.610000,-353.155,-400.616,7.22791,7.188,7.125,85.1209,3.40364,3.58402,10.7836,5.9637,444.49,448.22,3.68709,3.6125,4.8144,6.40836,7.09304,10.6554,10.6554,0.0,1.0,1
72877,31.05.2024 02:16:25.620000,-360.901,-397.815,7.2326,7.204,7.107,85.0936,3.41707,3.58464,14.7061,8.7369,444.525,448.305,3.61519,3.38258,4.71571,6.36637,7.09394,10.9375,10.9375,0.0,1.0,1
72878,31.05.2024 02:16:25.630000,-360.901,-397.815,7.2326,7.204,7.107,85.0936,3.41707,3.58464,14.7061,8.7369,444.525,448.305,3.61519,3.38258,4.71571,6.36637,7.09394,10.9375,10.9375,0.0,1.0,1
72879,31.05.2024 02:16:25.640000,-362.054,-402.264,7.23738,7.199,7.135,85.073,3.37357,3.58694,14.395,5.85529,444.545,448.36,3.55241,3.4906,4.71551,6.42439,7.09387,10.9375,10.9375,0.0,1.0,1
72880,31.05.2024 02:16:25.650000,-362.054,-402.264,7.23738,7.199,7.135,85.073,3.37357,3.58694,14.395,5.85529,444.545,448.36,3.55241,3.4906,4.71551,6.42439,7.09387,10.9375,10.9375,0.0,1.0,1
72881,31.05.2024 02:16:25.660000,-356.534,-396.744,7.24677,7.187,7.187,85.0693,3.32582,3.58643,11.4644,4.01389,444.535,448.38,3.5497,3.65156,4.68328,6.41776,7.09408,10.8001,10.8001,0.0,1.0,1
72882,31.05.2024 02:16:25.670000,-356.534,-396.744,7.24677,7.187,7.187,85.0693,3.32582,3.58643,11.4644,4.01389,444.535,448.38,3.5497,3.65156,4.68328,6.41776,7.09408,10.8001,10.8001,0.0,1.0,1
72883,31.05.2024 02:16:25.680000,-350.601,-403.5,7.21695,7.204,7.159,85.0615,3.26932,3.58573,9.42659,4.58344,444.56,448.395,3.49376,3.72756,4.55826,6.34535,7.09443,10.5469,10.5469,0.0,1.0,1
72884,31.05.2024 02:16:25.690000,-351.425,-398.639,7.22399,7.233,7.162,85.0374,3.27042,3.58679,8.26779,7.59068,444.625,448.485,3.59903,3.64864,4.43867,6.33672,7.09495,10.3805,10.3805,0.0,1.0,1
72885,31.05.2024 02:16:25.700000,-360.077,-398.639,7.22399,7.233,7.137,85.0229,3.28366,3.58687,8.26779,7.59068,444.625,448.485,3.59903,3.64864,4.43867,6.33672,7.09495,10.3805,10.3805,0.0,1.0,1
72886,31.05.2024 02:16:25.710000,-364.609,-397.732,7.22399,7.214,7.17,85.0229,3.30274,3.58635,8.13761,6.72346,444.62,448.495,3.89734,3.8518,4.43732,6.39856,7.09574,10.3805,10.3805,0.0,1.0,1
72887,31.05.2024 02:16:25.720000,-364.609,-397.732,7.22399,7.214,7.17,85.0229,3.30274,3.58635,8.13761,6.72346,444.62,448.495,3.89734,3.8518,4.43732,6.39856,7.09574,10.3805,10.3805,0.0,1.0,1
72888,31.05.2024 02:16:25.730000,-364.609,-397.732,7.24043,7.214,7.17,85.0508,3.35977,3.58638,10.1624,6.34929,444.63,448.49,3.94814,3.72784,4.4343,6.41539,7.09597,10.4311,10.4311,0.0,1.0,1
72889,31.05.2024 02:16:25.740000,-364.609,-397.732,7.24043,7.214,7.17,85.0508,3.35977,3.58638,10.1624,6.34929,444.63,448.49,3.94814,3.72784,4.4343,6.41539,7.09597,10.4311,10.4311,0.0,1.0,1
72890,31.05.2024 02:16:25.750000,-358.841,-397.815,7.23378,7.211,7.163,85.064,3.41209,3.58876,14.4389,5.48756,444.635,448.525,3.90308,3.52549,4.43582,6.37484,7.09639,10.1346,10.1346,0.0,1.0,1
72891,31.05.2024 02:16:25.760000,-358.841,-397.815,7.23378,7.211,7.163,85.064,3.41209,3.58876,14.4389,5.48756,444.635,448.525,3.90308,3.52549,4.43582,6.37484,7.09639,10.1346,10.1346,0.0,1.0,1
72892,31.05.2024 02:16:25.770000,-361.066,-400.946,7.24077,7.224,7.16,85.1644,3.43585,3.59214,15.2527,6.00139,444.64,448.57,3.76233,3.54194,4.43211,6.40554,7.097,10.1346,10.1346,0.0,1.0,1
72893,31.05.2024 02:16:25.780000,-361.066,-400.946,7.24077,7.224,7.16,85.1644,3.43585,3.59214,15.2527,6.00139,444.64,448.57,3.76233,3.54194,4.43211,6.40554,7.097,10.1346,10.1346,0.0,1.0,1
72894,31.05.2024 02:16:25.790000,-356.286,-397.485,7.24171,7.214,7.118,85.0706,3.40213,3.59845,16.6916,7.28888,444.64,448.595,3.73294,3.60576,4.32327,6.38178,7.09679,10.0043,10.0043,0.0,1.0,1
72895,31.05.2024 02:16:25.800000,-356.286,-397.485,7.24171,7.214,7.118,85.0706,3.40213,3.59845,16.6916,7.28888,444.64,448.595,3.73294,3.60576,4.32327,6.38178,7.09679,10.0043,10.0043,0.0,1.0,1
72896,31.05.2024 02:16:25.810000,-357.934,-401.523,7.23012,7.199,7.142,85.0764,3.32461,3.60513,12.0718,8.05186,444.645,448.63,3.4855,3.4574,4.1805,6.42011,7.09736,9.99711,9.99711,0.0,1.0,1
72897,31.05.2024 02:16:25.820000,-356.204,-395.508,7.2276,7.233,7.154,85.0585,3.28454,3.61037,11.0563,8.76624,444.655,448.685,3.3239,3.41224,4.17619,6.35701,7.0974,9.64265,9.64265,0.0,1.0,1
72898,31.05.2024 02:16:25.830000,-356.204,-395.508,7.22434,7.233,7.154,85.1078,3.26446,3.61089,11.0563,8.76624,444.655,448.685,3.3239,3.41224,4.17619,6.35701,7.0974,9.60648,9.60648,0.0,1.0,1
72899,31.05.2024 02:16:25.840000,-356.616,-401.852,7.22434,7.215,7.147,85.1078,3.26224,3.6101,7.62637,5.82947,444.675,448.7,3.16128,3.5395,4.12628,6.29168,7.09807,9.59201,9.59201,0.0,1.0,1
