,time,Pinceur Inf Mesure de courant,Pinceur Sup Mesure de courant,Mandrin - Vitesse Actuelle,Pinceur Sup Mesure vitesse lineaire,Pinceur Inf Mesure vitesse lineaire,Mandrin - Mesure Expansion,Pinceur Nord Position entrefer estimee,Pinceur Sud Position entrefer estimee,Pinceur Nord Force entrefer calibree,Pinceur Sud Force entrefer calibree,Guides Nord Entree Position mesuree,Guides Nord Sortie Position mesuree,Guides Nord Entree Force pour regulateur PI,Guides Nord Sortie Force pour regulateur PI,Guides Sud Entree Force pour regulateur PI,Guides Sud Sortie Force pour regulateur PI,Mandrin - Vitesse Actuelle F10,_Excentrage largeur bande jauge bob,_Excentrage largeur bande jauge bob.1,TDB pinceur,Fenetre,Declancheur
66600,31.05.2024 01:15:42.930000,116.675,69.873,8.4632,8.713,8.483,39.5742,4.62395,3.29514,5.46373,33.9081,549.73,550.415,5.34264,6.82432,0.045754,0.433717,7.36598,36.4077,36.4077,1.0,1.0,1
66601,31.05.2024 01:15:42.940000,116.675,69.873,8.4632,8.713,8.483,39.5742,4.62395,3.29514,5.46373,33.9081,549.73,550.415,5.34264,6.82432,0.045754,0.433717,7.36598,36.4077,36.4077,1.0,1.0,1
66602,31.05.2024 01:15:42.950000,159.109,89.4836,8.46577,8.575,8.323,39.5742,4.53729,3.28434,60.2274,15.0439,544.575,545.21,5.12657,5.95382,0.015389,0.349168,7.36704,37.3047,37.3047,1.0,1.0,1
66603,31.05.2024 01:15:42.960000,242.825,102.997,8.4597,8.529,8.244,39.5943,3.94787,3.35558,46.7016,24.324,543.075,543.685,4.31211,4.2927,0.0124555,0.227701,7.3681,37.3047,37.3047,1.0,1.0,1
66604,31.05.2024 01:15:42.970000,320.608,125.903,8.46056,8.498,8.097,39.5429,3.73195,3.39086,26.9432,25.1283,541.725,542.365,3.61791,3.18269,0.0715375,0.14414,7.36911,38.3247,38.3247,1.0,1.0,1
66605,31.05.2024 01:15:42.980000,320.608,125.903,8.4628,8.498,8.097,39.3819,3.5262,3.42597,26.9432,25.1283,541.725,542.365,3.61791,3.18269,0.0715375,0.14414,7.36911,38.3247,38.3247,1.0,1.0,1
66606,31.05.2024 01:15:42.990000,397.568,133.319,8.4628,8.503,8.006,39.3819,3.23978,3.47065,9.97965,30.6383,540.42,541.09,3.24232,3.00389,-0.0135455,0.148798,7.37034,38.3247,38.3247,1.0,1.0,1
66607,31.05.2024 01:15:43.000000,397.568,245.956,8.46725,8.28,8.006,39.3837,3.22829,3.50582,-3.55345,29.1333,539.19,539.825,3.24022,3.13607,-0.0564952,-0.00282145,7.3713,37.84,37.84,1.0,1.0,1
66608,31.05.2024 01:15:43.010000,397.568,245.956,8.46725,8.28,8.006,39.3837,3.22829,3.50582,-3.55345,29.1333,539.19,539.825,3.24022,3.13607,-0.0564952,-0.00282145,7.3713,37.84,37.84,1.0,1.0,1
66609,31.05.2024 01:15:43.020000,497.351,245.956,8.46725,8.28,7.813,39.3915,3.30166,3.50437,1.88446,39.1539,537.975,538.53,3.86309,3.97218,-0.0354533,0.0450187,7.3713,39.7208,39.7208,1.0,1.0,1
66610,31.05.2024 01:15:43.030000,606.198,374.826,8.47031,8.101,7.63,39.4733,3.80648,3.41783,1.88446,39.1539,537.975,538.53,3.86309,3.97218,-0.0354533,0.0450187,7.37353,39.6774,39.6774,1.0,1.0,1
66611,31.05.2024 01:15:43.040000,673.846,458.212,8.47031,8.081,7.582,39.4733,3.98038,3.38602,16.7559,30.5181,536.635,537.145,5.03795,5.16585,-0.0855174,0.0794082,7.37353,39.6774,39.6774,1.0,1.0,1
66612,31.05.2024 01:15:43.050000,702.932,524.13,8.46274,7.971,7.45,39.3985,4.12428,3.35387,32.2064,22.5653,535.185,535.605,6.11493,6.08458,-0.0431018,0.0682807,7.37479,39.6774,39.6774,1.0,1.0,1
66613,31.05.2024 01:15:43.060000,702.932,524.13,8.46641,7.971,7.45,39.3772,4.22965,3.33369,32.2064,22.5653,535.185,535.605,6.11493,6.08458,-0.0431018,0.0682807,7.37479,39.8365,39.8365,1.0,1.0,1
66614,31.05.2024 01:15:43.070000,707.959,617.734,8.46641,7.85,7.34,39.3772,4.25169,3.3171,43.7281,23.2262,533.67,534.095,6.73092,6.78042,-0.0451541,0.0286307,7.37609,39.8365,39.8365,1.0,1.0,1
66615,31.05.2024 01:15:43.080000,707.959,668.738,8.47143,7.675,7.34,39.3671,4.2011,3.2896,45.7227,25.9988,532.085,532.515,6.90004,7.10086,-0.0444942,-0.0149789,7.37739,39.8437,39.8437,1.0,1.0,1
66616,31.05.2024 01:15:43.090000,705.816,668.738,8.47143,7.675,7.264,39.3937,4.10338,3.2606,45.7227,25.9988,532.085,532.515,6.90004,7.10086,-0.0444942,-0.0149789,7.37739,39.5544,39.5544,1.0,1.0,1
66617,31.05.2024 01:15:43.100000,706.558,692.138,8.4693,7.652,7.213,39.3937,3.97512,3.2448,38.8568,16.8258,530.5,530.95,6.64206,7.10744,-0.081058,-0.0857911,7.37839,39.5544,39.5544,1.0,1.0,1
66618,31.05.2024 01:15:43.110000,706.558,692.138,8.47084,7.652,7.213,39.3961,3.666,3.22638,38.8568,16.8258,530.5,530.95,6.64206,7.10744,-0.081058,-0.0857911,7.3797,38.1076,38.1076,1.0,1.0,1
66619,31.05.2024 01:15:43.120000,698.401,687.524,8.47084,7.7,7.164,39.3961,3.52129,3.22258,25.867,12.6124,528.935,529.39,6.14548,7.18427,-0.0349917,-0.0161462,7.3797,38.1076,38.1076,1.0,1.0,1
66620,31.05.2024 01:15:43.130000,691.726,700.708,8.47877,7.592,7.143,39.4798,3.39817,3.23028,11.3799,17.9983,527.38,527.775,5.89252,7.24988,-0.0964465,0.101659,7.3808,37.3047,37.3047,1.0,1.0,1
66621,31.05.2024 01:15:43.140000,691.726,700.708,8.47032,7.592,7.143,39.4781,3.31125,3.25238,11.3799,17.9983,527.38,527.775,5.89252,7.24988,-0.0964465,0.101659,7.3808,36.4149,36.4149,1.0,1.0,1
66622,31.05.2024 01:15:43.150000,695.105,685.217,8.47032,7.515,7.211,39.4781,3.27472,3.30046,4.21634,20.5185,525.81,526.115,5.94612,7.05481,-0.11565,0.0326095,7.38169,36.4149,36.4149,1.0,1.0,1
66623,31.05.2024 01:15:43.160000,695.105,685.217,8.47032,7.515,7.211,39.4781,3.27472,3.30046,4.21634,20.5185,525.81,526.115,5.94612,7.05481,-0.11565,0.0326095,7.38169,36.4149,36.4149,1.0,1.0,1
66624,31.05.2024 01:15:43.170000,695.105,688.019,8.47017,7.493,7.211,39.4945,3.31586,3.31634,2.59417,21.7578,524.21,524.515,6.13333,7.01297,-0.123607,-0.0677781,7.38214,35.9086,35.9086,1.0,1.0,1
66625,31.05.2024 01:15:43.180000,695.105,688.019,8.47017,7.493,7.211,39.4945,3.31586,3.31634,2.59417,21.7578,524.21,524.515,6.13333,7.01297,-0.123607,-0.0677781,7.38214,35.9086,35.9086,1.0,1.0,1
66626,31.05.2024 01:15:43.190000,698.813,693.539,8.47579,7.478,7.39,39.5005,3.4798,3.35557,7.78574,24.273,522.58,522.9,6.21739,7.02125,-0.165531,-0.128672,7.38298,35.8941,35.8941,1.0,1.0,1
66627,31.05.2024 01:15:43.200000,698.813,693.539,8.47579,7.478,7.39,39.5005,3.4798,3.35557,7.78574,24.273,522.58,522.9,6.21739,7.02125,-0.165531,-0.128672,7.38298,35.8941,35.8941,1.0,1.0,1
66628,31.05.2024 01:15:43.210000,694.528,683.487,8.4867,7.445,7.421,39.5254,3.77137,3.36204,18.1579,24.575,520.935,521.3,6.31928,6.96803,-0.151027,-0.104296,7.38324,34.7077,34.7077,1.0,1.0,1
66629,31.05.2024 01:15:43.220000,694.528,683.487,8.4867,7.445,7.421,39.5254,3.77137,3.36204,18.1579,24.575,520.935,521.3,6.31928,6.96803,-0.151027,-0.104296,7.38324,34.7077,34.7077,1.0,1.0,1
66630,31.05.2024 01:15:43.230000,692.633,687.03,8.48019,7.419,7.441,39.4817,3.86485,3.33684,25.082,26.9863,519.285,519.67,6.4049,7.1797,-0.18293,-0.153395,7.38388,34.6065,34.6065,1.0,1.0,1
66631,31.05.2024 01:15:43.240000,692.633,687.03,8.48019,7.419,7.441,39.4817,3.86485,3.33684,25.082,26.9863,519.285,519.67,6.4049,7.1797,-0.18293,-0.153395,7.38388,34.6065,34.6065,1.0,1.0,1
66632,31.05.2024 01:15:43.250000,694.94,693.045,8.48567,7.448,7.439,39.4853,3.75041,3.31504,28.2457,20.0856,515.93,516.34,6.30391,7.1785,-0.110969,-0.0766625,7.38474,33.6154,33.6154,1.0,1.0,1
66633,31.05.2024 01:15:43.260000,692.633,693.374,8.47855,7.43,7.456,39.5611,3.56148,3.30007,20.5047,21.3772,514.24,514.65,6.24552,7.08131,-0.139865,-0.133835,7.38499,32.6895,32.6895,1.0,1.0,1
66634,31.05.2024 01:15:43.270000,694.94,693.045,8.48567,7.448,7.439,39.4853,3.75041,3.31504,20.5047,21.3772,514.24,514.65,6.24552,7.08131,-0.139865,-0.133835,7.38474,33.6154,33.6154,1.0,1.0,1
66635,31.05.2024 01:15:43.280000,687.771,694.858,8.47862,7.422,7.439,39.57,3.30878,3.27776,13.8391,19.0489,512.56,512.995,6.05781,7.1811,-0.141197,-0.0930543,7.38545,33.6154,33.6154,1.0,1.0,1
66636,31.05.2024 01:15:43.290000,691.726,684.805,8.48476,7.429,7.424,39.5392,3.26822,3.27021,5.65646,18.1371,510.875,511.34,6.01443,7.11581,-0.201843,-0.0681176,7.38596,32.6895,32.6895,1.0,1.0,1
66637,31.05.2024 01:15:43.300000,691.726,684.805,8.48677,7.429,7.424,39.5108,3.25176,3.26344,5.65646,18.1371,510.875,511.34,6.01443,7.11581,-0.201843,-0.0681176,7.38596,31.807,31.807,1.0,1.0,1
66638,31.05.2024 01:15:43.310000,688.266,687.607,8.48677,7.436,7.41,39.5108,3.30214,3.26508,4.33106,17.6936,509.195,509.68,5.93868,7.23486,-0.189643,-0.0367665,7.38628,31.807,31.807,1.0,1.0,1
66639,31.05.2024 01:15:43.320000,688.266,689.831,8.49265,7.428,7.41,39.5242,3.36103,3.26287,6.3764,21.784,507.515,508.0,5.90629,7.33088,-0.0863032,0.0222411,7.38702,31.807,31.807,1.0,1.0,1
66640,31.05.2024 01:15:43.330000,688.843,689.831,8.49265,7.428,7.398,39.5769,3.43072,3.2578,6.3764,21.784,507.515,508.0,5.90629,7.33088,-0.0863032,0.0222411,7.38702,31.7853,31.7853,1.0,1.0,1
66641,31.05.2024 01:15:43.340000,689.996,693.457,8.48886,7.428,7.386,39.5769,3.49903,3.25541,11.2675,19.1531,505.82,506.31,6.01288,7.30227,-0.101749,0.0435195,7.38746,31.7853,31.7853,1.0,1.0,1
66642,31.05.2024 01:15:43.350000,689.996,693.457,8.49223,7.428,7.386,39.5777,3.61612,3.25767,11.2675,19.1531,505.82,506.31,6.01288,7.30227,-0.101749,0.0435195,7.3876,31.7781,31.7781,1.0,1.0,1
66643,31.05.2024 01:15:43.360000,689.996,693.457,8.49223,7.428,7.386,39.5777,3.61612,3.25767,11.2675,19.1531,505.82,506.31,6.01288,7.30227,-0.101749,0.0435195,7.3876,31.7781,31.7781,1.0,1.0,1
66644,31.05.2024 01:15:43.370000,685.629,680.108,8.49223,7.448,7.413,39.5777,3.65226,3.25784,17.325,19.4132,504.125,504.59,5.89344,7.27768,-0.103813,0.0704017,7.3876,32.0747,32.0747,1.0,1.0,1
66645,31.05.2024 01:15:43.380000,693.539,694.775,8.48976,7.471,7.405,39.5811,3.65588,3.25459,20.7784,18.7794,502.44,502.92,5.82373,7.19924,-0.227867,0.0390372,7.38813,32.0891,32.0891,1.0,1.0,1
66646,31.05.2024 01:15:43.390000,690.161,686.535,8.48976,7.45,7.412,39.5811,3.56409,3.241,21.8376,17.2905,500.77,501.25,5.7637,7.29848,-0.162395,0.0534186,7.3888,32.0891,32.0891,1.0,1.0,1
66647,31.05.2024 01:15:43.400000,690.161,691.15,8.49501,7.419,7.412,39.5782,3.48369,3.23933,16.9022,15.8833,499.135,499.585,5.81873,7.30701,-0.207309,0.0450797,7.38953,32.6606,32.6606,1.0,1.0,1
66648,31.05.2024 01:15:43.410000,690.161,691.15,8.49501,7.419,7.412,39.5782,3.48369,3.23933,16.9022,15.8833,499.135,499.585,5.81873,7.30701,-0.207309,0.0450797,7.38953,32.6606,32.6606,1.0,1.0,1
66649,31.05.2024 01:15:43.420000,681.674,687.03,8.49501,7.43,7.423,39.5383,3.39398,3.23944,10.8891,16.7745,497.48,497.915,5.94408,7.47642,-0.297054,0.0234561,7.38991,33.2176,33.2176,1.0,1.0,1
66650,31.05.2024 01:15:43.430000,681.674,687.03,8.50626,7.43,7.423,39.5275,3.17364,3.26371,10.8891,16.7745,497.48,497.915,5.94408,7.47642,-0.297054,0.0234561,7.39073,33.6154,33.6154,1.0,1.0,1
66651,31.05.2024 01:15:43.440000,692.798,691.809,8.50626,7.513,7.456,39.5275,3.1622,3.27458,3.77142,18.4175,495.805,496.24,6.13696,7.47885,-0.284618,0.0764213,7.39073,33.6154,33.6154,1.0,1.0,1
66652,31.05.2024 01:15:43.450000,689.502,685.876,8.49694,7.557,7.458,39.4666,3.17621,3.28158,1.74518,22.1145,494.145,494.67,6.35969,7.50519,-0.292362,0.0936294,7.39174,33.7095,33.7095,1.0,1.0,1
66653,31.05.2024 01:15:43.460000,689.502,685.876,8.49672,7.557,7.458,39.3908,3.22072,3.29132,1.74518,22.1145,494.145,494.67,6.35969,7.50519,-0.292362,0.0936294,7.39174,33.1308,33.1308,1.0,1.0,1
66654,31.05.2024 01:15:43.470000,687.607,696.011,8.49672,7.527,7.467,39.3908,3.38011,3.29902,6.02077,19.5479,492.545,493.135,6.71243,8.18698,-0.283062,0.0645633,7.39242,33.1308,33.1308,1.0,1.0,1
66655,31.05.2024 01:15:43.480000,687.607,696.011,8.49672,7.527,7.467,39.3908,3.38011,3.29902,6.02077,19.5479,492.545,493.135,6.71243,8.18698,-0.283062,0.0645633,7.39242,33.1308,33.1308,1.0,1.0,1
66656,31.05.2024 01:15:43.490000,687.607,694.116,8.49454,7.487,7.467,39.3904,3.45966,3.2962,9.99432,20.4702,491.005,491.55,7.41374,9.40509,-0.194705,0.191123,7.39296,33.0874,33.0874,1.0,1.0,1
66657,31.05.2024 01:15:43.500000,687.607,694.116,8.49454,7.487,7.467,39.3904,3.45966,3.2962,9.99432,20.4702,491.005,491.55,7.41374,9.40509,-0.194705,0.191123,7.39296,33.0874,33.0874,1.0,1.0,1
66658,31.05.2024 01:15:43.510000,695.27,692.88,8.50859,7.475,7.451,39.4038,3.59627,3.28449,19.5623,22.779,489.51,489.945,8.52446,10.5838,-0.151367,0.530954,7.39365,33.0802,33.0802,1.0,1.0,1
66659,31.05.2024 01:15:43.520000,695.27,692.88,8.50859,7.475,7.451,39.4038,3.59627,3.28449,19.5623,22.779,489.51,489.945,8.52446,10.5838,-0.151367,0.530954,7.39365,33.0802,33.0802,1.0,1.0,1
66660,31.05.2024 01:15:43.530000,692.55,694.775,8.52997,7.5,7.406,39.3724,3.61265,3.2768,23.6795,19.8451,488.065,488.38,9.96374,11.2947,0.379117,1.34937,7.39458,33.0802,33.0802,1.0,1.0,1
66661,31.05.2024 01:15:43.540000,695.434,688.925,8.5272,7.473,7.393,39.3221,3.49498,3.27837,23.3913,19.5531,486.665,486.845,11.8457,12.2073,2.00689,3.08795,7.39549,31.1415,31.1415,1.0,1.0,1
66662,31.05.2024 01:15:43.550000,692.303,685.711,8.5272,7.442,7.391,39.3221,3.3337,3.28478,16.4174,21.0287,485.24,485.32,13.8036,13.2476,3.93066,5.51217,7.39596,31.1415,31.1415,1.0,1.0,1
66663,31.05.2024 01:15:43.560000,692.303,683.157,8.51325,7.439,7.391,39.3525,3.2636,3.28654,9.44227,19.0993,483.81,483.775,14.3179,10.7137,6.03206,7.91789,7.39677,29.8394,29.8394,1.0,1.0,1
66664,31.05.2024 01:15:43.570000,691.397,683.157,8.51325,7.439,7.364,39.4029,3.2119,3.28805,9.44227,19.0993,483.81,483.775,14.3179,10.7137,6.03206,7.91789,7.39677,27.5608,27.5608,1.0,1.0,1
66665,31.05.2024 01:15:43.580000,690.902,692.468,8.51533,7.455,7.367,39.4029,3.18252,3.28671,4.58649,20.7876,483.62,483.49,9.44507,1.08078,8.46748,9.68518,7.39765,27.5608,27.5608,1.0,1.0,1
66666,31.05.2024 01:15:43.590000,690.902,692.468,8.51732,7.455,7.367,39.4277,3.18967,3.2853,4.58649,20.7876,483.62,483.49,9.44507,1.08078,8.46748,9.68518,7.39855,25.1881,25.1881,1.0,1.0,1
66667,31.05.2024 01:15:43.600000,690.902,692.468,8.51732,7.455,7.367,39.4277,3.18967,3.2853,4.58649,20.7876,483.62,483.49,9.44507,1.08078,8.46748,9.68518,7.39855,25.1881,25.1881,1.0,1.0,1
66668,31.05.2024 01:15:43.610000,688.925,692.715,8.51732,7.442,7.346,39.4277,3.21962,3.2852,3.56584,18.4091,483.465,484.345,9.83382,-0.217073,10.8093,10.885,7.39855,25.1881,25.1881,1.0,1.0,1
66669,31.05.2024 01:15:43.620000,688.925,692.715,8.51732,7.442,7.346,39.4277,3.21962,3.2852,3.56584,18.4091,483.465,484.345,9.83382,-0.217073,10.8093,10.885,7.39855,25.1881,25.1881,1.0,1.0,1
66670,31.05.2024 01:15:43.630000,689.667,691.15,8.55737,7.389,7.349,39.495,3.29561,3.27443,6.38006,19.3005,483.66,484.51,7.43897,5.57765,12.4309,11.6668,7.39925,22.8154,22.8154,1.0,1.0,1
66671,31.05.2024 01:15:43.640000,693.21,689.09,8.54919,7.44,7.323,39.5478,3.37866,3.26496,12.5843,18.1028,484.145,484.38,9.93011,5.64649,13.3829,12.2497,7.40098,18.3449,18.3449,1.0,1.0,1
66672,31.05.2024 01:15:43.650000,680.603,689.09,8.54919,7.44,7.411,39.8972,3.38633,3.24988,12.5843,18.1028,484.145,484.38,9.93011,5.64649,13.3829,12.2497,7.40098,18.3449,18.3449,1.0,1.0,1
66673,31.05.2024 01:15:43.660000,651.929,686.865,8.53806,7.497,7.404,39.8972,3.37042,3.24045,14.4098,18.4978,484.33,484.67,11.7044,7.56229,13.2179,12.419,7.40171,18.3449,18.3449,1.0,1.0,1
66674,31.05.2024 01:15:43.670000,651.929,686.865,8.53687,7.497,7.404,40.3627,3.31222,3.23919,14.4098,18.4978,484.33,484.67,11.7044,7.56229,13.2179,12.419,7.40233,18.3449,18.3449,1.0,1.0,1
66675,31.05.2024 01:15:43.680000,651.929,686.865,8.53687,7.497,7.404,40.3627,3.31222,3.23919,14.4098,18.4978,484.33,484.67,11.7044,7.56229,13.2179,12.419,7.40233,18.3449,18.3449,1.0,1.0,1
66676,31.05.2024 01:15:43.690000,627.539,697.824,8.53687,7.508,7.484,40.3627,3.27267,3.22999,12.3043,16.1424,484.19,484.54,13.6398,10.3262,12.2106,12.4157,7.40233,16.985,16.985,1.0,1.0,1
66677,31.05.2024 01:15:43.700000,598.947,670.221,8.50926,7.554,7.537,41.6661,3.19121,3.22223,8.64023,15.639,484.055,484.24,13.8201,10.4091,10.4095,12.1924,7.40227,15.7263,15.7263,1.0,1.0,1
66678,31.05.2024 01:15:43.710000,569.778,656.543,8.50926,7.591,7.506,41.6661,3.13339,3.21402,6.21272,16.4197,483.905,484.08,13.4586,8.74025,9.91637,11.9376,7.40277,15.7263,15.7263,1.0,1.0,1
66679,31.05.2024 01:15:43.720000,569.778,620.617,8.49944,7.657,7.506,42.4553,3.1202,3.19494,3.80481,14.791,483.865,484.1,12.2568,7.39424,10.2399,11.8173,7.40338,15.7118,15.7118,1.0,1.0,1
66680,31.05.2024 01:15:43.730000,550.497,620.617,8.49944,7.657,7.578,43.4648,3.09856,3.19539,3.80481,14.791,483.865,484.1,12.2568,7.39424,10.2399,11.8173,7.40338,16.2977,16.2977,1.0,1.0,1
66681,31.05.2024 01:15:43.740000,553.958,613.779,8.46658,7.649,7.587,43.4648,3.08858,3.20979,2.54042,10.1577,483.975,484.155,11.3061,6.61281,10.5757,11.6432,7.40425,16.2977,16.2977,1.0,1.0,1
66682,31.05.2024 01:15:43.750000,553.958,613.779,8.43931,7.649,7.587,44.4325,3.11914,3.19156,2.54042,10.1577,483.975,484.155,11.3061,6.61281,10.5757,11.6432,7.40483,16.6233,16.6233,1.0,1.0,1
66683,31.05.2024 01:15:43.760000,546.377,600.265,8.43931,7.708,7.73,44.4325,3.14164,3.18834,1.66928,13.8701,484.04,484.285,10.9258,6.40524,11.0704,11.4782,7.40483,16.6233,16.6233,1.0,1.0,1
66684,31.05.2024 01:15:43.770000,546.377,600.265,8.43931,7.708,7.73,44.4325,3.14164,3.18834,1.66928,13.8701,484.04,484.285,10.9258,6.40524,11.0704,11.4782,7.40483,16.6233,16.6233,1.0,1.0,1
66685,31.05.2024 01:15:43.780000,554.37,594.992,8.36035,7.861,7.804,45.522,3.17867,3.19461,5.98721,14.8055,484.1,484.395,10.86,6.89438,11.3563,11.2545,7.406,16.6667,16.6667,1.0,1.0,1
66686,31.05.2024 01:15:43.790000,547.201,598.865,8.27001,8.055,7.962,46.7013,3.27989,3.21569,7.50859,12.7663,484.1,484.38,10.8437,7.94445,11.2275,10.9397,7.40703,16.6594,16.6594,1.0,1.0,1
66687,31.05.2024 01:15:43.800000,547.201,554.535,8.19681,8.138,7.962,47.9396,3.30025,3.24031,12.4787,14.8663,483.985,484.28,10.4916,8.15488,10.6059,10.568,7.40822,16.182,16.182,1.0,1.0,1
66688,31.05.2024 01:15:43.810000,533.441,554.535,8.19681,8.138,8.006,49.1516,3.3167,3.26468,12.4787,14.8663,483.985,484.28,10.4916,8.15488,10.6059,10.568,7.40822,15.6901,15.6901,1.0,1.0,1
66689,31.05.2024 01:15:43.820000,535.583,543.246,8.12378,8.129,8.006,49.1516,3.32917,3.28328,14.6558,20.7977,483.96,484.165,9.23058,7.45185,9.337,10.3343,7.40887,15.6901,15.6901,1.0,1.0,1
66690,31.05.2024 01:15:43.830000,535.583,543.246,8.09073,8.129,8.006,50.5043,3.30463,3.32322,14.6558,20.7977,483.96,484.165,9.23058,7.45185,9.337,10.3343,7.41066,15.6901,15.6901,1.0,1.0,1
66691,31.05.2024 01:15:43.840000,535.583,543.246,8.09073,8.129,8.006,50.5043,3.30463,3.32322,14.6558,20.7977,483.96,484.165,9.23058,7.45185,9.337,10.3343,7.41066,15.6901,15.6901,1.0,1.0,1
66692,31.05.2024 01:15:43.850000,557.089,544.317,8.09073,8.161,7.93,50.5043,3.28357,3.34264,13.5525,22.7029,483.975,484.11,7.98018,6.6839,7.83261,10.184,7.41066,15.3429,15.3429,1.0,1.0,1
66693,31.05.2024 01:15:43.860000,569.037,534.677,7.97472,8.138,7.856,52.81,3.22686,3.35759,12.5895,23.5288,484.005,484.14,6.90634,5.90021,7.17491,9.83032,7.41201,15.0318,15.0318,1.0,1.0,1
66694,31.05.2024 01:15:43.870000,558.49,563.681,7.97472,8.117,7.729,52.81,3.19177,3.356,11.7139,26.0941,484.05,484.27,6.08186,5.45218,6.7631,9.68966,7.4137,15.0318,15.0318,1.0,1.0,1
66695,31.05.2024 01:15:43.880000,558.49,605.951,7.92623,8.037,7.729,53.8615,3.19083,3.34415,10.6314,26.0849,484.19,484.395,5.73096,6.04603,6.15243,9.51038,7.41516,14.9161,14.9161,1.0,1.0,1
66696,31.05.2024 01:15:43.890000,555.112,605.951,7.92623,8.037,7.768,54.8713,3.20459,3.32684,10.6314,26.0849,484.19,484.395,5.73096,6.04603,6.15243,9.51038,7.41516,14.9161,14.9161,1.0,1.0,1
66697,31.05.2024 01:15:43.900000,564.34,609.329,7.81605,7.991,7.706,54.8713,3.2263,3.31139,10.6338,23.0098,484.265,484.42,6.04645,7.18342,5.93259,9.30624,7.41742,14.9161,14.9161,1.0,1.0,1
66698,31.05.2024 01:15:43.910000,564.34,609.329,7.81605,7.991,7.706,54.8713,3.2263,3.31139,10.6338,23.0098,484.265,484.42,6.04645,7.18342,5.93259,9.30624,7.41742,14.9161,14.9161,1.0,1.0,1
66699,31.05.2024 01:15:43.920000,564.34,609.329,7.71823,7.991,7.706,55.969,3.28258,3.29064,11.8371,18.8556,484.27,484.36,6.31059,7.6521,6.13827,9.21705,7.4192,14.9161,14.9161,1.0,1.0,1
66700,31.05.2024 01:15:43.930000,564.34,609.329,7.71823,7.991,7.706,55.969,3.28258,3.29064,11.8371,18.8556,484.27,484.36,6.31059,7.6521,6.13827,9.21705,7.4192,14.9161,14.9161,1.0,1.0,1
66701,31.05.2024 01:15:43.940000,560.797,611.801,7.67209,7.909,7.51,57.1248,3.34321,3.2576,15.8626,19.0236,484.275,484.275,6.4776,7.45535,6.13358,9.1067,7.42121,14.7642,14.7642,1.0,1.0,1
66702,31.05.2024 01:15:43.950000,560.797,611.801,7.67209,7.909,7.51,57.1248,3.34321,3.2576,15.8626,19.0236,484.275,484.275,6.4776,7.45535,6.13358,9.1067,7.42121,14.7642,14.7642,1.0,1.0,1
66703,31.05.2024 01:15:43.960000,558.243,611.224,7.61818,7.832,7.49,58.1256,3.37902,3.23647,18.8388,16.4918,484.235,484.24,6.3408,7.07406,6.231,9.07283,7.42291,14.7642,14.7642,1.0,1.0,1
66704,31.05.2024 01:15:43.970000,558.243,611.224,7.61818,7.832,7.49,58.1256,3.37902,3.23647,18.8388,16.4918,484.235,484.24,6.3408,7.07406,6.231,9.07283,7.42291,14.7642,14.7642,1.0,1.0,1
66705,31.05.2024 01:15:43.980000,561.703,610.235,7.55215,7.82,7.471,60.3709,3.35804,3.23461,18.5698,16.3291,484.21,484.25,5.91675,6.61274,6.38601,8.93077,7.42446,14.7569,14.7569,1.0,1.0,1
66706,31.05.2024 01:15:43.990000,559.726,610.73,7.42865,7.825,7.452,61.3517,3.22899,3.22709,19.1842,17.8598,484.235,484.33,5.59839,6.55237,6.53885,8.8807,7.42772,14.7425,14.7425,1.0,1.0,1
66707,31.05.2024 01:15:44.000000,564.917,616.415,7.42865,7.751,7.384,61.3517,3.18329,3.22859,15.116,14.6436,484.305,484.375,5.29338,6.88008,6.60672,8.8695,7.42772,14.7425,14.7425,1.0,1.0,1
66708,31.05.2024 01:15:44.010000,560.22,611.059,7.38006,7.674,7.352,62.3909,3.1453,3.2292,10.3671,14.3132,484.37,484.41,5.38364,7.35876,6.62573,8.81974,7.4284,14.7425,14.7425,1.0,1.0,1
66709,31.05.2024 01:15:44.020000,560.22,611.059,7.35458,7.674,7.352,63.5417,3.11083,3.23355,10.3671,14.3132,484.37,484.41,5.38364,7.35876,6.62573,8.81974,7.4284,15.162,15.162,1.0,1.0,1
66710,31.05.2024 01:15:44.030000,567.554,613.531,7.35458,7.692,7.295,63.5417,3.13152,3.25376,8.53084,17.8086,484.39,484.42,5.74756,7.53321,6.59465,8.8244,7.42911,15.162,15.162,1.0,1.0,1
66711,31.05.2024 01:15:44.040000,567.554,613.531,7.35458,7.692,7.295,63.5417,3.13152,3.25376,8.53084,17.8086,484.39,484.42,5.74756,7.53321,6.59465,8.8244,7.42911,15.162,15.162,1.0,1.0,1
66712,31.05.2024 01:15:44.050000,567.554,615.509,7.37021,7.695,7.295,64.5558,3.15747,3.25208,8.28542,18.3736,484.375,484.42,6.04057,7.8027,6.78646,8.71907,7.42922,15.3067,15.3067,1.0,1.0,1
66713,31.05.2024 01:15:44.060000,563.516,613.531,7.31446,7.592,7.323,65.7007,3.24918,3.25793,10.821,14.8522,484.38,484.405,6.01271,7.80281,6.92138,8.68333,7.42999,15.3067,15.3067,1.0,1.0,1
66714,31.05.2024 01:15:44.070000,563.516,613.531,7.28727,7.592,7.323,66.7067,3.33378,3.28211,10.821,14.8522,484.38,484.405,6.01271,7.80281,6.92138,8.68333,7.42987,15.4008,15.4008,1.0,1.0,1
66715,31.05.2024 01:15:44.080000,568.13,614.355,7.28727,7.51,7.288,66.7067,3.36999,3.2814,17.1692,17.5117,484.39,484.42,6.11323,7.81902,7.05341,8.65554,7.42987,15.4008,15.4008,1.0,1.0,1
66716,31.05.2024 01:15:44.090000,553.052,604.715,7.32032,7.491,7.236,67.7734,3.40546,3.28374,19.7227,22.137,484.415,484.415,6.17953,7.80501,7.2829,8.55399,7.42964,15.6395,15.6395,1.0,1.0,1
66717,31.05.2024 01:15:44.100000,553.052,604.715,7.36865,7.491,7.236,68.7885,3.41124,3.29219,19.7227,22.137,484.415,484.415,6.17953,7.80501,7.2829,8.55399,7.42964,15.3067,15.3067,1.0,1.0,1
66718,31.05.2024 01:15:44.110000,557.831,607.187,7.36865,7.521,7.235,68.7885,3.41136,3.30099,23.1738,20.7126,484.45,484.41,6.18614,7.69312,7.38414,8.55205,7.4295,15.3067,15.3067,1.0,1.0,1
66719,31.05.2024 01:15:44.120000,557.831,615.921,7.35743,7.486,7.235,69.8664,3.38106,3.30628,21.9445,21.2912,484.47,484.435,6.40712,7.39797,7.48911,8.53247,7.42972,15.3501,15.3501,1.0,1.0,1
66720,31.05.2024 01:15:44.130000,559.314,615.921,7.35743,7.486,7.267,70.9713,3.34156,3.31721,21.9445,21.2912,484.47,484.435,6.40712,7.39797,7.48911,8.53247,7.42972,15.3501,15.3501,1.0,1.0,1
66721,31.05.2024 01:15:44.140000,553.628,617.157,7.32027,7.388,7.298,70.9713,3.30527,3.31962,20.6795,22.1215,484.475,484.545,6.5861,7.27362,7.65677,8.46605,7.42939,15.3501,15.3501,1.0,1.0,1
66722,31.05.2024 01:15:44.150000,553.628,617.157,7.32475,7.388,7.298,71.988,3.22304,3.30408,20.6795,22.1215,484.475,484.545,6.5861,7.27362,7.65677,8.46605,7.4291,15.1186,15.1186,1.0,1.0,1
66723,31.05.2024 01:15:44.160000,566.482,608.011,7.32475,7.341,7.387,71.988,3.18369,3.29565,15.2566,22.8055,484.485,484.63,6.55887,7.75894,7.88627,8.46537,7.4291,15.1186,15.1186,1.0,1.0,1
66724,31.05.2024 01:15:44.170000,566.482,608.011,7.32475,7.341,7.387,71.988,3.18369,3.29565,15.2566,22.8055,484.485,484.63,6.55887,7.75894,7.88627,8.46537,7.4291,15.1186,15.1186,1.0,1.0,1
66725,31.05.2024 01:15:44.180000,561.209,613.037,7.3741,7.446,7.29,72.9217,3.14662,3.29313,12.4185,18.6198,484.515,484.61,6.56771,8.3822,8.02186,8.51489,7.4288,15.0608,15.0608,1.0,1.0,1
66726,31.05.2024 01:15:44.190000,561.209,613.037,7.3741,7.446,7.29,72.9217,3.14662,3.29313,12.4185,18.6198,484.515,484.61,6.56771,8.3822,8.02186,8.51489,7.4288,15.0608,15.0608,1.0,1.0,1
66727,31.05.2024 01:15:44.200000,556.018,611.719,7.42253,7.409,7.316,73.7602,3.09286,3.30884,7.15008,21.2064,484.51,484.58,6.67496,8.27362,8.20076,8.51663,7.42876,15.0246,15.0246,1.0,1.0,1
66728,31.05.2024 01:15:44.210000,564.34,614.19,7.42112,7.284,7.301,75.4371,3.10886,3.3048,8.29074,25.3982,484.5,484.615,6.70948,7.98493,8.28947,8.49858,7.42838,15.0101,15.0101,1.0,1.0,1
66729,31.05.2024 01:15:44.220000,556.677,608.011,7.42112,7.267,7.322,75.4371,3.10886,3.3048,8.29074,25.3982,484.5,484.615,6.70948,7.98493,8.28947,8.49858,7.428,15.0101,15.0101,1.0,1.0,1
66730,31.05.2024 01:15:44.230000,556.018,611.719,7.39833,7.409,7.316,73.7602,3.1393,3.29355,8.95714,21.1665,484.51,484.66,6.49983,7.76011,8.26876,8.59546,7.42876,15.0101,15.0101,1.0,1.0,1
66731,31.05.2024 01:15:44.240000,558.078,608.67,7.4191,7.399,7.357,76.0182,3.2417,3.27399,11.0536,16.9892,484.53,484.71,6.37277,7.76569,8.35287,8.77085,7.428,15.0101,15.0101,1.0,1.0,1
66732,31.05.2024 01:15:44.250000,561.703,572.168,7.47365,7.479,7.324,76.4573,3.26171,3.26757,15.6758,20.2263,484.59,484.75,6.42709,7.76101,8.46245,8.73271,7.42798,14.8148,14.8148,1.0,1.0,1
66733,31.05.2024 01:15:44.260000,561.703,572.168,7.50641,7.479,7.324,76.8865,3.26708,3.26175,15.6758,20.2263,484.59,484.75,6.42709,7.76101,8.46245,8.73271,7.42798,14.2795,14.2795,1.0,1.0,1
66734,31.05.2024 01:15:44.270000,561.703,572.168,7.50641,7.479,7.324,76.8865,3.26708,3.26175,15.6758,20.2263,484.59,484.75,6.42709,7.76101,8.46245,8.73271,7.42798,14.2795,14.2795,1.0,1.0,1
66735,31.05.2024 01:15:44.280000,549.179,574.145,7.50641,7.429,7.341,76.8865,3.27418,3.25869,15.3083,17.3127,484.645,484.765,6.73714,7.78526,8.67206,8.76307,7.42811,14.2795,14.2795,1.0,1.0,1
66736,31.05.2024 01:15:44.290000,513.995,597.629,7.48904,7.388,7.454,77.7524,3.24853,3.27149,17.2468,16.1768,484.675,484.805,7.14943,7.70387,8.75219,8.70592,7.42819,14.2795,14.2795,1.0,1.0,1
66737,31.05.2024 01:15:44.300000,501.636,575.793,7.46457,7.463,7.421,77.7524,3.2346,3.26823,16.4207,19.5829,484.72,484.845,7.48119,7.50978,8.90732,8.69118,7.42848,14.2795,14.2795,1.0,1.0,1
66738,31.05.2024 01:15:44.310000,501.636,575.793,7.47622,7.463,7.421,78.153,3.18559,3.27271,16.4207,19.5829,484.72,484.845,7.48119,7.50978,8.90732,8.69118,7.4287,14.3663,14.3663,1.0,1.0,1
66739,31.05.2024 01:15:44.320000,507.403,509.216,7.47622,7.552,7.436,78.153,3.15593,3.28098,12.8069,17.0039,484.695,484.9,7.84676,7.46693,9.2352,8.65285,7.4287,14.3663,14.3663,1.0,1.0,1
66740,31.05.2024 01:15:44.330000,480.212,506.827,7.54499,7.486,7.458,78.4696,3.14024,3.28177,10.8456,16.6296,484.655,484.95,7.73435,7.39938,9.38998,8.69639,7.42901,14.4531,14.4531,1.0,1.0,1
66741,31.05.2024 01:15:44.340000,480.212,506.827,7.5517,7.486,7.458,78.7418,3.12616,3.27472,10.8456,16.6296,484.655,484.95,7.73435,7.39938,9.38998,8.69639,7.42901,14.4531,14.4531,1.0,1.0,1
66742,31.05.2024 01:15:44.350000,471.643,522.729,7.5517,7.461,7.456,78.7418,3.0829,3.27006,10.2288,18.2514,484.635,485.035,7.407,7.25436,9.18312,8.78379,7.42906,14.4531,14.4531,1.0,1.0,1
66743,31.05.2024 01:15:44.360000,471.643,500.07,7.57034,7.524,7.456,79.0101,3.09064,3.27511,7.47106,16.4786,484.705,485.1,6.93009,7.45396,9.03014,8.77787,7.42927,13.9757,13.9757,1.0,1.0,1
66744,31.05.2024 01:15:44.370000,471.643,500.07,7.57034,7.524,7.456,79.0101,3.09064,3.27511,7.47106,16.4786,484.705,485.1,6.93009,7.45396,9.03014,8.77787,7.42927,13.9757,13.9757,1.0,1.0,1
66745,31.05.2024 01:15:44.380000,470.654,500.07,7.57034,7.524,7.473,79.1685,3.09722,3.28293,7.47106,16.4786,484.705,485.1,6.89849,7.55895,9.03325,8.8462,7.42927,14.1059,14.1059,1.0,1.0,1
66746,31.05.2024 01:15:44.390000,470.654,500.07,7.57034,7.524,7.473,79.1685,3.09722,3.28293,7.47106,16.4786,484.705,485.1,6.89849,7.55895,9.03325,8.8462,7.42927,14.1059,14.1059,1.0,1.0,1
66747,31.05.2024 01:15:44.400000,456.482,450.879,7.55005,7.608,7.517,79.3394,3.14389,3.25762,8.36654,17.3431,484.745,485.115,6.89849,7.55895,9.03325,8.8462,7.43035,14.1059,14.1059,1.0,1.0,1
66748,31.05.2024 01:15:44.410000,431.927,456.152,7.60291,7.49,7.519,79.4718,3.18636,3.26733,9.74004,14.6606,484.795,485.17,7.1844,7.24762,8.31362,8.90543,7.43069,13.9685,13.9685,1.0,1.0,1
66749,31.05.2024 01:15:44.420000,431.927,456.152,7.60291,7.49,7.519,79.4718,3.18636,3.26733,9.74004,14.6606,484.795,485.17,7.1844,7.24762,8.31362,8.90543,7.43069,13.9685,13.9685,1.0,1.0,1
66750,31.05.2024 01:15:44.430000,431.927,456.152,7.61028,7.49,7.519,79.5926,3.19391,3.26244,12.8449,16.5098,484.81,485.19,7.14063,7.07672,8.25115,8.93492,7.43069,13.8021,13.8021,1.0,1.0,1
66751,31.05.2024 01:15:44.440000,425.006,398.227,7.58235,7.614,7.47,79.682,3.18697,3.26156,13.6214,16.5806,484.885,485.255,7.03275,6.56581,8.23885,8.98129,7.43155,13.7514,13.7514,1.0,1.0,1
66752,31.05.2024 01:15:44.450000,425.006,398.227,7.58235,7.614,7.47,79.682,3.18697,3.26156,13.6214,16.5806,484.885,485.255,7.03275,6.56581,8.23885,8.98129,7.43155,13.7514,13.7514,1.0,1.0,1
66753,31.05.2024 01:15:44.460000,430.279,398.227,7.58235,7.614,7.486,79.7656,3.17307,3.25929,12.1343,15.3825,484.91,485.325,7.20242,6.59395,8.34379,9.04127,7.43155,13.7514,13.7514,1.0,1.0,1
66754,31.05.2024 01:15:44.470000,430.279,398.227,7.58235,7.614,7.486,79.7656,3.17307,3.25929,12.1343,15.3825,484.91,485.325,7.20242,6.59395,8.34379,9.04127,7.43155,13.7514,13.7514,1.0,1.0,1
66755,31.05.2024 01:15:44.480000,412.152,387.598,7.60779,7.548,7.477,80.0402,3.09265,3.26099,11.6561,13.0261,484.91,485.33,7.41087,6.69988,8.35671,9.08669,7.43287,13.6068,13.6068,1.0,1.0,1
66756,31.05.2024 01:15:44.490000,412.152,387.598,7.60779,7.548,7.477,80.0402,3.09265,3.26099,11.6561,13.0261,484.91,485.33,7.41087,6.69988,8.35671,9.08669,7.43287,13.6068,13.6068,1.0,1.0,1
66757,31.05.2024 01:15:44.500000,386.114,377.051,7.62015,7.582,7.49,80.3588,3.08022,3.27953,10.1279,18.0217,484.925,485.355,7.32606,6.30075,8.40744,9.1313,7.43369,13.397,13.397,1.0,1.0,1
66758,31.05.2024 01:15:44.510000,386.114,377.051,7.62015,7.582,7.49,80.3588,3.08022,3.27953,10.1279,18.0217,484.925,485.355,7.32606,6.30075,8.40744,9.1313,7.43369,13.397,13.397,1.0,1.0,1
66759,31.05.2024 01:15:44.520000,387.68,318.548,7.61207,7.651,7.463,80.6538,3.11538,3.27567,8.22446,16.7912,484.935,485.41,7.29674,5.91186,8.51703,9.09919,7.4346,13.0281,13.0281,1.0,1.0,1
66760,31.05.2024 01:15:44.530000,367.657,288.309,7.62227,7.611,7.542,81.0151,3.16508,3.27705,10.5472,13.6799,484.965,485.48,7.16513,5.93008,8.47651,9.08476,7.43556,12.8689,12.8689,1.0,1.0,1
66761,31.05.2024 01:15:44.540000,387.68,318.548,7.61207,7.651,7.463,80.6538,3.11538,3.27567,8.22446,16.7912,484.935,485.41,7.29674,5.91186,8.51703,9.09919,7.4346,12.8689,12.8689,1.0,1.0,1
66762,31.05.2024 01:15:44.550000,387.68,318.548,7.61207,7.651,7.463,80.6538,3.11538,3.27567,8.22446,16.7912,484.935,485.41,7.29674,5.91186,8.51703,9.09919,7.4346,12.8689,12.8689,1.0,1.0,1
66763,31.05.2024 01:15:44.560000,347.14,306.683,7.62568,7.524,7.498,81.0972,3.21169,3.27849,14.8383,18.435,485.035,485.62,6.87139,5.88476,8.02742,9.27183,7.43699,12.0153,12.0153,1.0,1.0,1
66764,31.05.2024 01:15:44.570000,319.125,275.537,7.60538,7.592,7.504,81.2271,3.20945,3.28557,14.4303,15.8674,485.065,485.65,6.72954,6.17432,8.07997,9.33668,7.43788,12.0153,12.0153,1.0,1.0,1
66765,31.05.2024 01:15:44.580000,319.125,275.537,7.60538,7.592,7.504,81.2271,3.20945,3.28557,14.4303,15.8674,485.065,485.65,6.72954,6.17432,8.07997,9.33668,7.43788,12.0153,12.0153,1.0,1.0,1
66766,31.05.2024 01:15:44.590000,319.125,275.537,7.61537,7.592,7.504,81.322,3.19774,3.28982,14.8239,17.4841,485.115,485.645,6.71075,6.11185,7.87826,9.28869,7.43788,11.7188,11.7188,1.0,1.0,1
66767,31.05.2024 01:15:44.600000,305.694,226.511,7.59875,7.548,7.512,81.4161,3.1343,3.29614,10.5855,21.3168,485.165,485.685,6.62959,5.7431,7.79351,9.35691,7.44008,11.6175,11.6175,1.0,1.0,1
66768,31.05.2024 01:15:44.610000,293.252,226.511,7.59875,7.548,7.526,81.437,3.11053,3.2864,10.5855,21.3168,485.165,485.685,6.62959,5.7431,7.79351,9.35691,7.44008,11.603,11.603,1.0,1.0,1
66769,31.05.2024 01:15:44.620000,293.252,226.511,7.59875,7.548,7.526,81.437,3.11053,3.2864,10.5855,21.3168,485.165,485.685,6.62959,5.7431,7.79351,9.35691,7.44008,11.603,11.603,1.0,1.0,1
66770,31.05.2024 01:15:44.630000,289.05,214.563,7.58435,7.57,7.487,81.437,3.09372,3.28856,9.41224,15.6694,485.2,485.735,6.64624,5.49142,7.5967,9.46607,7.44124,11.603,11.603,1.0,1.0,1
66771,31.05.2024 01:15:44.640000,289.05,214.563,7.58435,7.57,7.487,81.437,3.09372,3.28856,9.41224,15.6694,485.2,485.735,6.64624,5.49142,7.5967,9.46607,7.44124,11.603,11.603,1.0,1.0,1
66772,31.05.2024 01:15:44.650000,258.234,182.181,7.57433,7.62,7.562,81.5542,3.08991,3.282,10.7594,16.2703,485.22,485.805,6.63094,5.42624,7.47228,9.54485,7.44268,11.603,11.603,1.0,1.0,1
66773,31.05.2024 01:15:44.660000,258.234,182.181,7.57433,7.62,7.562,81.5542,3.08991,3.282,10.7594,16.2703,485.22,485.805,6.63094,5.42624,7.47228,9.54485,7.44268,11.603,11.603,1.0,1.0,1
66774,31.05.2024 01:15:44.670000,235.904,126.562,7.55706,7.687,7.536,81.5243,3.12017,3.28492,10.4265,16.4318,485.235,485.84,6.54615,5.43692,7.52357,9.60617,7.44388,10.735,10.735,1.0,1.0,1
66775,31.05.2024 01:15:44.680000,235.904,126.562,7.55706,7.687,7.536,81.5243,3.12017,3.28492,10.4265,16.4318,485.235,485.84,6.54615,5.43692,7.52357,9.60617,7.44388,10.735,10.735,1.0,1.0,1
66776,31.05.2024 01:15:44.690000,235.327,115.109,7.5405,7.543,7.51,81.4886,3.18061,3.27364,13.3696,13.5084,485.32,485.92,6.29833,5.66633,7.55237,9.66966,7.44542,10.735,10.735,1.0,1.0,1
66777,31.05.2024 01:15:44.700000,211.926,119.311,7.53362,7.501,7.454,81.5046,3.19708,3.27487,15.2468,15.4819,485.355,485.99,6.3076,5.67874,7.56627,9.50197,7.44642,10.5975,10.5975,1.0,1.0,1
66778,31.05.2024 01:15:44.710000,211.926,119.311,7.54829,7.501,7.454,81.5168,3.17529,3.27048,15.2468,15.4819,485.355,485.99,6.3076,5.67874,7.56627,9.50197,7.44732,10.5903,10.5903,1.0,1.0,1
66779,31.05.2024 01:15:44.720000,211.926,119.311,7.54829,7.501,7.454,81.5168,3.17529,3.27048,15.2468,15.4819,485.355,485.99,6.3076,5.67874,7.56627,9.50197,7.44732,10.5903,10.5903,1.0,1.0,1
66780,31.05.2024 01:15:44.730000,204.428,101.678,7.54829,7.521,7.421,81.5168,3.1518,3.26774,16.1294,16.6523,485.42,486.015,6.26807,5.84721,7.66151,9.45567,7.44732,10.3805,10.3805,1.0,1.0,1
66781,31.05.2024 01:15:44.740000,204.428,101.678,7.54829,7.521,7.421,81.5168,3.1518,3.26774,16.1294,16.6523,485.42,486.015,6.26807,5.84721,7.66151,9.45567,7.44732,10.3805,10.3805,1.0,1.0,1
66782,31.05.2024 01:15:44.750000,201.297,93.1091,7.51846,7.528,7.398,81.5904,3.09921,3.26936,13.3774,13.2477,485.48,486.08,6.40712,5.97124,7.62353,9.51296,7.44832,10.4673,10.4673,1.0,1.0,1
66783,31.05.2024 01:15:44.760000,185.889,58.667,7.5087,7.476,7.415,81.6513,3.03754,3.26657,8.33381,16.1249,485.48,486.135,6.60322,5.89219,7.75896,9.49259,7.44958,10.4673,10.4673,1.0,1.0,1
66784,31.05.2024 01:15:44.770000,161.169,58.667,7.5087,7.476,7.409,81.5944,3.02925,3.2642,8.33381,16.1249,485.48,486.135,6.60322,5.89219,7.75896,9.49259,7.44958,10.395,10.395,1.0,1.0,1
66785,31.05.2024 01:15:44.780000,133.072,38.4796,7.51671,7.469,7.448,81.5944,3.02814,3.25972,6.42076,14.0654,485.495,486.225,6.35862,5.84498,7.80496,9.377,7.45028,10.395,10.395,1.0,1.0,1
66786,31.05.2024 01:15:44.790000,133.072,38.4796,7.52692,7.469,7.448,81.5706,3.03085,3.25208,6.42076,14.0654,485.495,486.225,6.35862,5.84498,7.80496,9.377,7.4506,10.4745,10.4745,1.0,1.0,1
66787,31.05.2024 01:15:44.800000,121.948,0.32959,7.52692,7.466,7.438,81.5706,3.03721,3.25059,7.64794,12.7622,485.535,486.285,5.90836,6.01869,7.82131,9.48562,7.4506,10.4745,10.4745,1.0,1.0,1
66788,31.05.2024 01:15:44.810000,121.948,0.32959,7.52692,7.466,7.438,81.5706,3.03721,3.25059,7.64794,12.7622,485.535,486.285,5.90836,6.01869,7.82131,9.48562,7.4506,10.4745,10.4745,1.0,1.0,1
66789,31.05.2024 01:15:44.820000,120.3,-35.8429,7.52806,7.454,7.384,81.5939,3.04502,3.2483,8.56746,11.666,485.625,486.3,5.79816,6.18105,7.65231,9.42466,7.45138,10.6337,10.6337,1.0,1.0,1
66790,31.05.2024 01:15:44.830000,109.424,-58.7494,7.52168,7.425,7.397,81.8013,3.09244,3.24559,9.87045,11.6902,485.675,486.325,5.91285,6.00954,7.69004,9.42706,7.45184,10.6265,10.6265,1.0,1.0,1
66791,31.05.2024 01:15:44.840000,109.424,-58.7494,7.52168,7.425,7.397,81.8013,3.09244,3.24559,9.87045,11.6902,485.675,486.325,5.91285,6.00954,7.69004,9.42706,7.45184,10.6265,10.6265,1.0,1.0,1
66792,31.05.2024 01:15:44.850000,109.424,-70.5322,7.52495,7.397,7.397,81.7669,3.11091,3.24553,12.0502,11.0238,485.72,486.4,5.99035,5.79715,7.73653,9.36876,7.45285,10.6843,10.6843,1.0,1.0,1
66793,31.05.2024 01:15:44.860000,74.8993,-100.278,7.52798,7.402,7.411,81.8594,3.14325,3.24636,11.4106,11.9272,485.74,486.515,6.07199,5.93499,7.75049,8.99742,7.4534,10.6409,10.6409,1.0,1.0,1
66794,31.05.2024 01:15:44.870000,74.8993,-100.278,7.54877,7.402,7.411,81.7198,3.15484,3.2563,11.4106,11.9272,485.74,486.515,6.07199,5.93499,7.75049,8.99742,7.45399,10.583,10.583,1.0,1.0,1
66795,31.05.2024 01:15:44.880000,29.0863,-123.431,7.54877,7.472,7.418,81.7198,3.1552,3.26042,13.2212,12.1335,485.755,486.565,5.90744,6.39676,7.83553,8.7341,7.45399,10.583,10.583,1.0,1.0,1
66796,31.05.2024 01:15:44.890000,0.494385,-166.69,7.55908,7.52,7.427,81.8931,3.14758,3.26323,12.7593,12.934,485.79,486.625,5.66299,6.61949,7.88193,8.67599,7.4542,11.3354,11.3354,1.0,1.0,1
66797,31.05.2024 01:15:44.900000,0.494385,-166.69,7.56149,7.52,7.427,81.8404,3.13463,3.26316,12.7593,12.934,485.79,486.625,5.66299,6.61949,7.88193,8.67599,7.4542,11.3354,11.3354,1.0,1.0,1
66798,31.05.2024 01:15:44.910000,0.494385,-166.69,7.56149,7.52,7.427,81.8404,3.13463,3.26316,12.7593,12.934,485.79,486.625,5.66299,6.61949,7.88193,8.67599,7.4542,11.3354,11.3354,1.0,1.0,1
66799,31.05.2024 01:15:44.920000,-25.296,-214.151,7.56149,7.52,7.434,81.8404,3.09686,3.26958,12.8037,14.8605,485.83,486.705,5.52742,6.66042,7.87909,8.68695,7.45437,11.3354,11.3354,0.0,1.0,1
66800,31.05.2024 01:15:44.930000,-52.4048,-222.555,7.56464,7.489,7.398,81.7993,3.05104,3.27241,10.7363,11.1951,485.88,486.765,5.43821,6.88427,7.79013,8.55722,7.45461,11.5813,11.5813,0.0,1.0,1
66801,31.05.2024 01:15:44.940000,-112.884,-248.346,7.55576,7.502,7.478,81.7993,3.0277,3.27058,9.24176,12.1317,485.905,486.85,5.47016,7.12513,7.66181,8.37165,7.4549,11.5813,11.5813,0.0,1.0,1
66802,31.05.2024 01:15:44.950000,-112.884,-248.346,7.5536,7.502,7.478,81.7192,3.00345,3.27107,9.24176,12.1317,485.905,486.85,5.47016,7.12513,7.66181,8.37165,7.45523,11.4366,11.4366,0.0,1.0,1
66803,31.05.2024 01:15:44.960000,-113.214,-288.391,7.5536,7.567,7.451,81.7192,3.01121,3.27016,6.42387,12.4783,485.925,486.92,5.38573,7.14352,7.62564,8.17094,7.45523,11.4366,11.4366,0.0,1.0,1
66804,31.05.2024 01:15:44.970000,-124.667,-352.331,7.56116,7.591,7.52,81.7508,3.02452,3.27192,7.91813,11.4602,485.945,486.955,5.27758,7.14693,7.61398,8.00252,7.45567,11.4366,11.4366,0.0,1.0,1
66805,31.05.2024 01:15:44.980000,-124.667,-352.331,7.55782,7.591,7.52,81.6851,3.04888,3.27302,7.91813,11.4602,485.945,486.955,5.27758,7.14693,7.61398,8.00252,7.45567,11.7839,11.7839,0.0,1.0,1
66806,31.05.2024 01:15:44.990000,-124.667,-352.331,7.55782,7.591,7.52,81.6851,3.04888,3.27302,7.91813,11.4602,485.945,486.955,5.27758,7.14693,7.61398,8.00252,7.45567,11.7839,11.7839,0.0,1.0,1
66807,31.05.2024 01:15:45.000000,-160.675,-368.317,7.55782,7.554,7.51,81.6851,3.12122,3.26863,10.0314,12.8526,485.94,487.01,5.01766,6.91372,7.58853,8.01518,7.45634,11.4873,11.4873,0.0,1.0,1
66808,31.05.2024 01:15:45.010000,-177.814,-386.938,7.55668,7.546,7.495,81.589,3.18222,3.27295,12.5303,11.9796,485.95,487.08,4.61446,6.46225,7.629,7.9773,7.45673,11.4873,11.4873,0.0,1.0,1
66809,31.05.2024 01:15:45.020000,-180.45,-404.736,7.56219,7.568,7.483,81.589,3.19826,3.27623,14.7905,11.1867,486.03,487.2,4.28902,6.31655,7.68041,7.91676,7.45727,11.4873,11.4873,0.0,1.0,1
66810,31.05.2024 01:15:45.030000,-180.45,-404.736,7.56219,7.568,7.483,81.589,3.19826,3.27623,14.7905,11.1867,486.03,487.2,4.28902,6.31655,7.68041,7.91676,7.45727,11.4873,11.4873,0.0,1.0,1
66811,31.05.2024 01:15:45.040000,-180.45,-404.736,7.57697,7.568,7.483,81.5688,3.20412,3.27831,16.6393,12.2052,486.12,487.325,4.33408,6.24411,7.60845,7.8443,7.45789,11.386,11.386,0.0,1.0,1
66812,31.05.2024 01:15:45.050000,-211.597,-405.231,7.57689,7.527,7.45,81.5725,3.15962,3.27892,15.982,12.2255,486.18,487.43,4.60553,6.31005,7.60436,7.69671,7.45889,10.9447,10.9447,0.0,1.0,1
66813,31.05.2024 01:15:45.060000,-211.597,-405.231,7.56868,7.527,7.45,81.5948,3.12362,3.27931,15.982,12.2255,486.18,487.43,4.60553,6.31005,7.60436,7.69671,7.45889,10.9447,10.9447,0.0,1.0,1
66814,31.05.2024 01:15:45.070000,-211.597,-405.231,7.56868,7.527,7.45,81.5948,3.12362,3.27931,15.982,12.2255,486.18,487.43,4.60553,6.31005,7.60436,7.69671,7.45889,10.9447,10.9447,0.0,1.0,1
66815,31.05.2024 01:15:45.080000,-229.394,-400.699,7.56868,7.507,7.478,81.5948,3.03914,3.27639,12.63,11.3189,486.22,487.54,4.93556,6.492,7.62432,7.56718,7.45941,10.6915,10.6915,0.0,1.0,1
66816,31.05.2024 01:15:45.090000,-249.417,-404.159,7.5666,7.514,7.472,81.5487,2.96877,3.27118,9.20194,12.1102,486.235,487.655,5.08182,6.57825,7.71455,7.53455,7.45982,10.4384,10.4384,0.0,1.0,1
66817,31.05.2024 01:15:45.100000,-249.417,-404.159,7.5666,7.514,7.472,81.5487,2.96877,3.27118,9.20194,12.1102,486.235,487.655,5.08182,6.57825,7.71455,7.53455,7.45982,10.4384,10.4384,0.0,1.0,1
66818,31.05.2024 01:15:45.110000,-266.968,-406.467,7.57101,7.532,7.475,81.5487,2.94943,3.26462,5.60927,11.9645,486.275,487.71,5.13174,6.81254,7.74207,7.52976,7.46016,10.0477,10.0477,0.0,1.0,1
66819,31.05.2024 01:15:45.120000,-266.968,-406.467,7.57101,7.532,7.475,81.5487,2.94943,3.26462,5.60927,11.9645,486.275,487.71,5.13174,6.81254,7.74207,7.52976,7.46016,10.0477,10.0477,0.0,1.0,1
66820,31.05.2024 01:15:45.130000,-286.084,-403.418,7.58001,7.532,7.463,81.4602,2.96544,3.24371,3.27843,10.4141,486.3,487.74,5.26819,6.61511,7.72549,7.526,7.461,10.0477,10.0477,0.0,1.0,1
66821,31.05.2024 01:15:45.140000,-294.488,-400.699,7.58822,7.507,7.477,81.5489,3.01712,3.22518,5.17466,8.34198,486.305,487.835,5.26788,6.13704,7.88095,7.63396,7.46164,9.80179,9.80179,0.0,1.0,1
66822,31.05.2024 01:15:45.150000,-325.14,-406.467,7.58822,7.501,7.474,81.5489,3.07532,3.21968,8.80884,8.34458,486.355,487.95,5.28083,5.65335,7.91211,7.71233,7.46194,9.80179,9.80179,0.0,1.0,1
66823,31.05.2024 01:15:45.160000,-325.14,-400.287,7.59223,7.526,7.474,81.5522,3.09805,3.21926,12.4672,8.85981,486.385,488.06,5.39935,5.53337,7.99025,7.72806,7.46298,9.38947,9.38947,0.0,1.0,1
66824,31.05.2024 01:15:45.170000,-324.975,-400.287,7.59223,7.526,7.501,81.5673,3.11173,3.21985,12.4672,8.85981,486.385,488.06,5.39935,5.53337,7.99025,7.72806,7.46298,8.89033,8.89033,0.0,1.0,1
66825,31.05.2024 01:15:45.180000,-335.605,-401.852,7.59204,7.528,7.45,81.5673,3.11939,3.22137,12.6916,7.17757,486.395,488.145,5.37896,5.54941,7.9092,7.71636,7.46374,8.89033,8.89033,0.0,1.0,1
66826,31.05.2024 01:15:45.190000,-335.605,-401.852,7.59464,7.528,7.45,81.5782,3.10567,3.23509,12.6916,7.17757,486.395,488.145,5.37896,5.54941,7.9092,7.71636,7.46473,8.1742,8.1742,0.0,1.0,1
66827,31.05.2024 01:15:45.200000,-344.256,-399.71,7.59464,7.533,7.462,81.5782,3.09103,3.24252,11.3917,5.05206,486.43,488.225,5.29067,5.3138,7.8152,7.71632,7.46473,8.1742,8.1742,0.0,1.0,1
66828,31.05.2024 01:15:45.210000,-363.62,-405.066,7.59582,7.526,7.485,81.5393,3.07197,3.24885,11.7021,7.61589,486.475,488.3,5.22525,5.09458,7.70825,7.61395,7.46511,7.58102,7.58102,0.0,1.0,1
66829,31.05.2024 01:15:45.220000,-363.62,-405.066,7.59548,7.526,7.485,81.5292,3.04865,3.25409,11.7021,7.61589,486.475,488.3,5.22525,5.09458,7.70825,7.61395,7.46511,7.27721,7.27721,0.0,1.0,1
66830,31.05.2024 01:15:45.230000,-362.384,-395.92,7.59548,7.564,7.526,81.5292,3.00956,3.26016,11.0136,11.884,486.525,488.4,5.19322,4.86922,7.63958,7.65758,7.46593,7.27721,7.27721,0.0,1.0,1
66831,31.05.2024 01:15:45.240000,-362.384,-401.028,7.60438,7.578,7.526,81.587,2.99392,3.26315,8.66579,10.3647,486.585,488.51,5.22888,4.4914,7.23368,7.79426,7.46628,7.27721,7.27721,0.0,1.0,1
66832,31.05.2024 01:15:45.250000,-362.384,-401.028,7.60438,7.578,7.526,81.587,2.99392,3.26315,8.66579,10.3647,486.585,488.51,5.22888,4.4914,7.23368,7.79426,7.46628,7.27721,7.27721,0.0,1.0,1
66833,31.05.2024 01:15:45.260000,-366.257,-401.028,7.60438,7.578,7.502,81.583,2.98382,3.26518,5.68458,10.5352,486.625,488.645,5.51116,4.42243,7.12649,7.79017,7.46628,7.26996,7.26996,0.0,1.0,1
66834,31.05.2024 01:15:45.270000,-365.927,-402.511,7.59331,7.567,7.519,81.543,3.00128,3.26003,5.68458,10.5352,486.625,488.645,5.51116,4.42243,7.12649,7.79017,7.46798,6.22831,6.22831,0.0,1.0,1
66835,31.05.2024 01:15:45.280000,-356.946,-397.485,7.59331,7.56,7.51,81.543,3.02043,3.26064,6.61625,8.49317,486.645,488.755,5.60067,4.71286,7.07341,7.81231,7.46798,6.22831,6.22831,0.0,1.0,1
66836,31.05.2024 01:15:45.290000,-362.961,-398.968,7.59193,7.628,7.529,81.5404,3.0463,3.26234,9.12871,9.27243,486.665,488.8,5.59921,4.96744,6.97683,7.81284,7.469,5.96788,5.96788,0.0,1.0,1
66837,31.05.2024 01:15:45.300000,-362.961,-398.968,7.59188,7.628,7.529,81.5796,3.07146,3.26342,9.12871,9.27243,486.665,488.8,5.59921,4.96744,6.97683,7.81284,7.469,5.96788,5.96788,0.0,1.0,1
66838,31.05.2024 01:15:45.310000,-359.912,-400.452,7.59188,7.65,7.507,81.5796,3.12405,3.26814,11.4901,9.27757,486.675,488.845,5.47191,4.91189,6.92692,7.78886,7.46999,5.96788,5.96788,0.0,1.0,1
66839,31.05.2024 01:15:45.320000,-359.912,-400.452,7.59188,7.65,7.507,81.5796,3.12405,3.26814,11.4901,9.27757,486.675,488.845,5.47191,4.91189,6.92692,7.78886,7.46999,5.96788,5.96788,0.0,1.0,1
66840,31.05.2024 01:15:45.330000,-359.912,-397.073,7.5806,7.627,7.507,81.6462,3.14326,3.2717,15.0962,11.3724,486.72,488.905,5.13668,4.70274,6.80104,7.84038,7.47053,5.45428,5.45428,0.0,1.0,1
66841,31.05.2024 01:15:45.340000,-359.335,-394.272,7.57195,7.606,7.53,81.6552,3.16031,3.28262,16.2714,11.6985,486.76,488.97,4.95944,4.40984,6.57267,7.84145,7.47115,5.45428,5.45428,0.0,1.0,1
66842,31.05.2024 01:15:45.350000,-359.335,-394.272,7.58095,7.606,7.53,81.6366,3.14318,3.29553,16.2714,11.6985,486.76,488.97,4.95944,4.40984,6.57267,7.84145,7.47158,5.45428,5.45428,0.0,1.0,1
66843,31.05.2024 01:15:45.360000,-359.335,-394.272,7.58095,7.606,7.53,81.6366,3.14318,3.29553,16.2714,11.6985,486.76,488.97,4.95944,4.40984,6.57267,7.84145,7.47158,5.45428,5.45428,0.0,1.0,1
66844,31.05.2024 01:15:45.370000,-359.253,-397.403,7.58095,7.581,7.507,81.6366,3.12708,3.29929,16.2452,12.4032,486.79,489.045,4.77779,4.21799,6.54344,7.88049,7.47158,4.80324,4.80324,0.0,1.0,1
66845,31.05.2024 01:15:45.380000,-359.253,-397.403,7.58095,7.581,7.507,81.6366,3.12708,3.29929,16.2452,12.4032,486.79,489.045,4.77779,4.21799,6.54344,7.88049,7.47158,4.80324,4.80324,0.0,1.0,1
66846,31.05.2024 01:15:45.390000,-361.23,-395.837,7.58725,7.587,7.49,81.5829,3.07931,3.30201,14.5908,12.4923,486.825,489.13,4.69709,4.14244,6.41835,7.81999,7.47257,4.80324,4.80324,0.0,1.0,1
66847,31.05.2024 01:15:45.400000,-354.803,-402.347,7.58039,7.521,7.476,81.6107,3.01257,3.30118,9.10074,10.3347,486.905,489.305,4.31797,4.38251,6.33661,7.76422,7.47388,4.65133,4.65133,0.0,1.0,1
66848,31.05.2024 01:15:45.410000,-360.489,-402.347,7.58039,7.521,7.501,81.5973,3.00276,3.29647,9.10074,10.3347,486.905,489.305,4.31797,4.38251,6.33661,7.76422,7.47388,4.39814,4.39814,0.0,1.0,1
66849,31.05.2024 01:15:45.420000,-360.324,-401.523,7.57911,7.524,7.488,81.5973,3.00098,3.29142,9.37547,12.5672,486.955,489.35,4.38239,4.5295,6.3318,7.66275,7.47421,4.39814,4.39814,0.0,1.0,1
66850,31.05.2024 01:15:45.430000,-360.324,-401.523,7.57165,7.524,7.488,81.603,3.02102,3.28481,9.37547,12.5672,486.955,489.35,4.38239,4.5295,6.3318,7.66275,7.47519,4.36921,4.36921,0.0,1.0,1
66851,31.05.2024 01:15:45.440000,-363.455,-401.276,7.57165,7.572,7.484,81.603,3.03816,3.28106,9.14277,9.36323,487.005,489.39,4.36884,4.46716,6.2436,7.71844,7.47519,4.36921,4.36921,0.0,1.0,1
66852,31.05.2024 01:15:45.450000,-363.455,-401.276,7.57165,7.572,7.484,81.603,3.03816,3.28106,9.14277,9.36323,487.005,489.39,4.36884,4.46716,6.2436,7.71844,7.47519,4.36921,4.36921,0.0,1.0,1
66853,31.05.2024 01:15:45.460000,-354.639,-400.534,7.57385,7.564,7.491,81.5521,3.05683,3.2771,10.4349,9.70711,487.035,489.46,4.48786,4.32164,6.09458,7.71384,7.47612,4.38368,4.38368,0.0,1.0,1
66854,31.05.2024 01:15:45.470000,-361.972,-401.44,7.57669,7.532,7.499,81.5195,3.08955,3.27423,11.0912,8.55192,487.05,489.52,4.36647,4.28441,6.10929,7.6649,7.4766,4.38368,4.38368,0.0,1.0,1
66855,31.05.2024 01:15:45.480000,-361.972,-396.826,7.58192,7.507,7.499,81.5147,3.08858,3.27297,13.3202,9.30251,487.07,489.58,4.27045,4.15625,6.02915,7.60224,7.4773,4.18113,4.18113,0.0,1.0,1
66856,31.05.2024 01:15:45.490000,-361.972,-396.826,7.58192,7.507,7.499,81.5147,3.08858,3.27297,13.3202,9.30251,487.07,489.58,4.27045,4.15625,6.02915,7.60224,7.4773,4.18113,4.18113,0.0,1.0,1
66857,31.05.2024 01:15:45.500000,-360.159,-396.826,7.58192,7.507,7.485,81.5828,3.08176,3.27353,11.7976,8.71444,487.07,489.675,3.99808,4.0565,5.75901,7.43472,7.4773,4.14497,4.14497,0.0,1.0,1
66858,31.05.2024 01:15:45.510000,-360.406,-398.474,7.59343,7.531,7.464,81.5821,3.03269,3.27374,11.7976,8.71444,487.07,489.675,3.99808,4.0565,5.75901,7.43472,7.47881,3.78327,3.78327,0.0,1.0,1
66859,31.05.2024 01:15:45.520000,-358.594,-400.204,7.59343,7.561,7.483,81.5821,3.01588,3.27401,13.1371,7.77339,487.145,489.735,3.72834,4.29925,5.52855,7.35239,7.47881,3.78327,3.78327,0.0,1.0,1
66860,31.05.2024 01:15:45.530000,-360.077,-395.508,7.58769,7.545,7.498,81.6141,2.99962,3.2741,8.98466,7.47026,487.21,489.775,3.74466,4.29488,5.52516,7.34583,7.47896,3.46498,3.46498,0.0,1.0,1
66861,31.05.2024 01:15:45.540000,-360.077,-395.508,7.58769,7.545,7.498,81.6141,2.99962,3.2741,8.98466,7.47026,487.21,489.775,3.74466,4.29488,5.52516,7.34583,7.47896,3.46498,3.46498,0.0,1.0,1
66862,31.05.2024 01:15:45.550000,-360.077,-395.508,7.59282,7.545,7.498,81.5841,2.9864,3.27466,6.68581,8.23646,487.23,489.81,3.82908,4.09761,5.41642,7.42365,7.47896,3.46498,3.46498,0.0,1.0,1
66863,31.05.2024 01:15:45.560000,-353.897,-403.995,7.59755,7.54,7.498,81.5939,2.97308,3.26769,7.61185,8.01518,487.24,489.86,3.78774,3.86459,5.35214,7.45682,7.48012,3.29862,3.29862,0.0,1.0,1
66864,31.05.2024 01:15:45.570000,-361.478,-403.995,7.59755,7.54,7.497,81.5614,2.97955,3.26607,7.61185,8.01518,487.24,489.86,3.78774,3.86459,5.35214,7.45682,7.48012,3.29862,3.29862,0.0,1.0,1
66865,31.05.2024 01:15:45.580000,-362.302,-400.781,7.60556,7.584,7.535,81.5614,2.98937,3.2678,6.37269,6.72587,487.225,489.915,3.56604,3.73656,5.3685,7.50045,7.48087,3.29862,3.29862,0.0,1.0,1
66866,31.05.2024 01:15:45.590000,-362.302,-400.781,7.59173,7.584,7.535,81.5062,3.02238,3.26622,6.37269,6.72587,487.225,489.915,3.56604,3.73656,5.3685,7.50045,7.4815,3.25521,3.25521,0.0,1.0,1
66867,31.05.2024 01:15:45.600000,-354.227,-396.167,7.59173,7.572,7.563,81.5062,3.04056,3.2653,9.32888,6.89659,487.245,489.975,3.25686,3.52745,5.35301,7.41916,7.4815,3.25521,3.25521,0.0,1.0,1
66868,31.05.2024 01:15:45.610000,-361.89,-402.759,7.58138,7.601,7.541,81.5101,3.05549,3.26628,10.0258,8.34629,487.275,490.06,2.9744,3.39887,5.2233,7.3419,7.48221,2.79947,2.79947,0.0,1.0,1
66869,31.05.2024 01:15:45.620000,-361.89,-402.759,7.58138,7.601,7.541,81.5101,3.05549,3.26628,10.0258,8.34629,487.275,490.06,2.9744,3.39887,5.2233,7.3419,7.48221,2.79947,2.79947,0.0,1.0,1
66870,31.05.2024 01:15:45.630000,-361.89,-402.759,7.58263,7.601,7.541,81.4927,3.07308,3.26864,12.7635,6.08658,487.335,490.13,2.92353,3.56976,5.1051,7.21417,7.48221,2.79947,2.79947,0.0,1.0,1
66871,31.05.2024 01:15:45.640000,-361.89,-402.759,7.58263,7.601,7.541,81.4927,3.07308,3.26864,12.7635,6.08658,487.335,490.13,2.92353,3.56976,5.1051,7.21417,7.48221,2.79947,2.79947,0.0,1.0,1
66872,31.05.2024 01:15:45.650000,-356.286,-399.792,7.59259,7.62,7.548,81.4615,3.09003,3.28444,11.8862,8.05007,487.385,490.19,2.93366,3.66412,5.02556,7.1799,7.4836,2.49566,2.49566,0.0,1.0,1
66873,31.05.2024 01:15:45.660000,-351.26,-395.508,7.57603,7.634,7.558,81.5295,3.08309,3.29476,13.115,9.47109,487.41,490.245,3.04524,3.77568,4.96112,7.12475,7.48412,2.35822,2.35822,0.0,1.0,1
66874,31.05.2024 01:15:45.670000,-351.26,-395.508,7.58271,7.634,7.558,81.5051,3.06456,3.30564,13.115,9.47109,487.41,490.245,3.04524,3.77568,4.96112,7.12475,7.48432,2.011,2.011,0.0,1.0,1
66875,31.05.2024 01:15:45.680000,-360.983,-401.193,7.58271,7.594,7.531,81.5051,3.05435,3.30915,12.1354,10.0548,487.395,490.28,3.1736,3.96714,4.97783,7.01077,7.48432,2.011,2.011,0.0,1.0,1
66876,31.05.2024 01:15:45.690000,-360.983,-401.193,7.58271,7.594,7.531,81.5051,3.05435,3.30915,12.1354,10.0548,487.395,490.28,3.1736,3.96714,4.97783,7.01077,7.48432,2.011,2.011,0.0,1.0,1
66877,31.05.2024 01:15:45.700000,-352.661,-400.122,7.58997,7.589,7.535,81.4675,3.04359,3.31027,12.5364,11.4292,487.405,490.27,3.17411,3.95754,5.03953,6.7914,7.48502,2.011,2.011,0.0,1.0,1
66878,31.05.2024 01:15:45.710000,-362.302,-400.534,7.59337,7.581,7.524,81.49,3.02765,3.30826,11.2038,10.2433,487.415,490.3,3.06284,3.56358,4.93098,6.60985,7.48538,1.72164,1.72164,0.0,1.0,1
66879,31.05.2024 01:15:45.720000,-362.302,-400.204,7.5791,7.564,7.524,81.5417,3.03031,3.30879,10.479,9.9313,487.435,490.38,2.82911,3.35463,5.00686,6.55502,7.4864,1.85908,1.85908,0.0,1.0,1
66880,31.05.2024 01:15:45.730000,-362.302,-400.204,7.5791,7.564,7.524,81.5417,3.03031,3.30879,10.479,9.9313,487.435,490.38,2.82911,3.35463,5.00686,6.55502,7.4864,1.85908,1.85908,0.0,1.0,1
66881,31.05.2024 01:15:45.740000,-363.043,-400.204,7.5791,7.564,7.503,81.4974,3.04079,3.30769,12.056,11.0955,487.485,490.46,2.74244,3.29749,5.05429,6.43873,7.4864,2.00377,2.00377,0.0,1.0,1
66882,31.05.2024 01:15:45.750000,-359.5,-398.062,7.57961,7.537,7.508,81.4757,3.09309,3.30719,12.056,11.0955,487.485,490.46,2.74244,3.29749,5.05429,6.43873,7.48769,1.96759,1.96759,0.0,1.0,1
66883,31.05.2024 01:15:45.760000,-355.957,-395.425,7.57961,7.54,7.524,81.4757,3.10978,3.30568,13.371,9.55133,487.51,490.51,2.88539,3.61063,5.11676,6.29223,7.48769,1.96759,1.96759,0.0,1.0,1
66884,31.05.2024 01:15:45.770000,-358.511,-402.429,7.58358,7.549,7.469,81.4819,3.11995,3.30519,15.8354,10.432,487.5,490.54,2.92143,3.58038,5.04806,6.10406,7.48841,2.04717,2.04717,0.0,1.0,1
66885,31.05.2024 01:15:45.780000,-358.511,-402.429,7.59093,7.549,7.469,81.5527,3.12339,3.30504,15.8354,10.432,487.5,490.54,2.92143,3.58038,5.04806,6.10406,7.48841,2.04717,2.04717,0.0,1.0,1
66886,31.05.2024 01:15:45.790000,-354.227,-396.826,7.59093,7.548,7.468,81.5527,3.10663,3.3074,15.162,8.0175,487.54,490.59,2.99585,3.51691,5.05325,5.94117,7.48896,2.04717,2.04717,0.0,1.0,1
66887,31.05.2024 01:15:45.800000,-354.227,-401.852,7.60435,7.524,7.468,81.5723,3.0884,3.30779,13.9818,10.2599,487.55,490.625,2.91073,3.59416,5.10956,5.81809,7.48953,2.15568,2.15568,0.0,1.0,1
66888,31.05.2024 01:15:45.810000,-354.886,-401.852,7.60435,7.524,7.508,81.552,3.06244,3.30737,13.9818,10.2599,487.55,490.625,2.91073,3.59416,5.10956,5.81809,7.48953,2.39439,2.39439,0.0,1.0,1
66889,31.05.2024 01:15:45.820000,-359.335,-398.639,7.61074,7.527,7.491,81.552,3.03552,3.30724,11.8933,9.37073,487.55,490.67,2.89666,3.42641,5.11055,5.71129,7.49003,2.39439,2.39439,0.0,1.0,1
66890,31.05.2024 01:15:45.830000,-359.335,-398.639,7.60397,7.527,7.491,81.6032,2.9847,3.30233,11.8933,9.37073,487.55,490.67,2.89666,3.42641,5.11055,5.71129,7.4909,2.48118,2.48118,0.0,1.0,1
66891,31.05.2024 01:15:45.840000,-360.654,-399.71,7.60397,7.585,7.514,81.6032,2.96447,3.29985,10.2822,9.56009,487.58,490.72,2.85968,3.41184,4.98366,5.56524,7.4909,2.48118,2.48118,0.0,1.0,1
66892,31.05.2024 01:15:45.850000,-355.545,-401.688,7.5955,7.594,7.483,81.6449,2.95096,3.29787,9.72853,10.1978,487.63,490.8,2.78281,3.38073,4.96367,5.35505,7.49131,2.40885,2.40885,0.0,1.0,1
66893,31.05.2024 01:15:45.860000,-355.545,-401.688,7.59835,7.594,7.483,81.5821,2.94536,3.29423,9.72853,10.1978,487.63,490.8,2.78281,3.38073,4.96367,5.35505,7.49131,2.40885,2.40885,0.0,1.0,1
66894,31.05.2024 01:15:45.870000,-361.56,-400.699,7.59835,7.572,7.528,81.5821,2.95979,3.2885,7.06413,7.44589,487.655,490.865,3.03041,3.56772,4.89993,5.18293,7.49184,2.40885,2.40885,0.0,1.0,1
66895,31.05.2024 01:15:45.880000,-361.56,-397.238,7.61069,7.554,7.528,81.582,2.97795,3.2847,6.99499,5.99829,487.64,490.87,3.1477,3.85201,4.93421,5.01782,7.49207,2.68374,2.68374,0.0,1.0,1
66896,31.05.2024 01:15:45.890000,-353.073,-397.238,7.61069,7.554,7.527,81.6181,2.9967,3.28145,6.99499,5.99829,487.64,490.87,3.1477,3.85201,4.93421,5.01782,7.49207,3.14669,3.14669,0.0,1.0,1
66897,31.05.2024 01:15:45.900000,-361.56,-396.414,7.60869,7.577,7.523,81.6181,3.01922,3.27819,7.47481,5.52483,487.655,490.875,3.17619,3.74979,4.96368,4.75057,7.4927,3.14669,3.14669,0.0,1.0,1
66898,31.05.2024 01:15:45.910000,-361.56,-396.414,7.61971,7.577,7.523,81.6414,3.05764,3.27732,7.47481,5.52483,487.655,490.875,3.17619,3.74979,4.96368,4.75057,7.49331,3.14669,3.14669,0.0,1.0,1
66899,31.05.2024 01:15:45.920000,-360.489,-399.875,7.61971,7.564,7.518,81.6414,3.06851,3.27815,12.2805,7.03757,487.65,490.91,3.13044,3.50639,5.03489,4.67409,7.49331,3.14669,3.14669,0.0,1.0,1
