,time,Pinceur Inf Mesure de courant,Pinceur Sup Mesure de courant,Mandrin - Vitesse Actuelle,Pinceur Sup Mesure vitesse lineaire,Pinceur Inf Mesure vitesse lineaire,Mandrin - Mesure Expansion,Pinceur Nord Position entrefer estimee,Pinceur Sud Position entrefer estimee,Pinceur Nord Force entrefer calibree,Pinceur Sud Force entrefer calibree,Guides Nord Entree Position mesuree,Guides Nord Sortie Position mesuree,Guides Nord Entree Force pour regulateur PI,Guides Nord Sortie Force pour regulateur PI,Guides Sud Entree Force pour regulateur PI,Guides Sud Sortie Force pour regulateur PI,Mandrin - Vitesse Actuelle F10,_Excentrage largeur bande jauge bob,_Excentrage largeur bande jauge bob.1,TDB pinceur,Fenetre,Declancheur
72000,31.05.2024 02:11:22.760000,45.0714,16.0675,7.31332,7.644,7.482,40.9081,4.86137,3.7496,48.6934,24.7179,514.185,515.145,4.34829,7.61232,1.22072,-0.444607,6.36412,46.2095,46.2095,1.0,1.0,1
72001,31.05.2024 02:11:22.770000,283.447,107.941,7.31725,7.318,6.993,40.8466,5.24713,3.68535,66.5551,27.1391,512.425,513.41,4.21263,7.76898,1.22389,-0.396906,6.36456,47.0052,47.0052,1.0,1.0,1
72002,31.05.2024 02:11:22.780000,283.447,107.941,7.31901,7.318,6.993,40.8836,5.06275,3.6541,66.5551,27.1391,512.425,513.41,4.21263,7.76898,1.22389,-0.396906,6.36456,47.0052,47.0052,1.0,1.0,1
72003,31.05.2024 02:11:22.790000,322.256,158.038,7.31901,7.222,6.932,40.8836,4.85085,3.69454,69.3702,15.7367,510.7,511.665,4.00542,7.57861,1.18915,-0.33943,6.36471,47.4031,47.4031,1.0,1.0,1
72004,31.05.2024 02:11:22.800000,322.256,211.679,7.31238,7.2,6.932,40.8928,4.54325,3.70645,52.6651,26.0072,509.055,509.95,3.60878,6.70707,1.19684,-0.35092,6.36512,47.4031,47.4031,1.0,1.0,1
72005,31.05.2024 02:11:22.810000,444.617,211.679,7.31238,7.2,6.739,40.7763,4.22416,3.74215,52.6651,26.0072,509.055,509.95,3.60878,6.70707,1.19684,-0.35092,6.36512,47.2656,47.2656,1.0,1.0,1
72006,31.05.2024 02:11:22.820000,520.422,210.855,7.31072,7.22,6.593,40.7763,3.97243,3.81888,28.4817,33.5141,507.505,508.415,3.33626,5.70661,1.16551,-0.356508,6.36572,47.2656,47.2656,1.0,1.0,1
72007,31.05.2024 02:11:22.830000,520.422,210.855,7.31726,7.22,6.593,40.765,3.57582,3.89901,7.63109,38.6292,506.02,506.87,3.26095,5.43685,1.11618,-0.412174,6.3667,47.772,47.772,1.0,1.0,1
72008,31.05.2024 02:11:22.840000,520.422,210.855,7.31726,7.22,6.593,40.765,3.57582,3.89901,7.63109,38.6292,506.02,506.87,3.26095,5.43685,1.11618,-0.412174,6.3667,47.772,47.772,1.0,1.0,1
72009,31.05.2024 02:11:22.850000,615.838,278.174,7.31726,7.077,6.44,40.765,3.5105,3.92615,7.63109,38.6292,506.02,506.87,3.26095,5.43685,1.11618,-0.412174,6.3667,47.7648,47.7648,1.0,1.0,1
72010,31.05.2024 02:11:22.860000,615.838,278.174,7.31726,7.077,6.44,40.765,3.5105,3.92615,7.63109,38.6292,506.02,506.87,3.26095,5.43685,1.11618,-0.412174,6.3667,47.7648,47.7648,1.0,1.0,1
72011,31.05.2024 02:11:22.870000,659.591,400.204,7.32366,6.842,6.412,40.8519,3.83331,3.82445,-2.56992,36.4408,504.575,505.355,3.34424,5.3438,1.05491,-0.457409,6.36786,48.792,48.792,1.0,1.0,1
72012,31.05.2024 02:11:22.880000,659.591,400.204,7.32366,6.842,6.412,40.8519,3.83331,3.82445,-2.56992,36.4408,504.575,505.355,3.34424,5.3438,1.05491,-0.457409,6.36786,48.792,48.792,1.0,1.0,1
72013,31.05.2024 02:11:22.890000,661.569,581.973,7.32102,6.725,6.522,40.7857,4.23643,3.71624,25.6071,27.0971,501.68,502.36,4.55289,5.88095,1.04671,-0.451369,6.36895,48.4954,48.4954,1.0,1.0,1
72014,31.05.2024 02:11:22.900000,697.082,624.243,7.32336,6.679,6.451,40.8659,4.56259,3.55829,39.5551,13.7565,500.17,500.785,5.22852,6.53982,1.09205,-0.452807,6.36923,47.8371,47.8371,1.0,1.0,1
72015,31.05.2024 02:11:22.910000,697.082,624.243,7.3212,6.679,6.451,40.9072,4.57285,3.55115,48.2917,16.3752,498.605,499.19,5.83222,6.92682,1.05177,-0.431134,6.37005,46.9039,46.9039,1.0,1.0,1
72016,31.05.2024 02:11:22.920000,697.824,688.183,7.3212,6.405,6.397,40.9072,4.51452,3.53205,48.2917,16.3752,498.605,499.19,5.83222,6.92682,1.05177,-0.431134,6.37005,46.3686,46.3686,1.0,1.0,1
72017,31.05.2024 02:11:22.930000,697.824,688.183,7.3212,6.405,6.397,40.9072,4.51452,3.53205,48.2917,16.3752,498.605,499.19,5.83222,6.92682,1.05177,-0.431134,6.37005,46.3686,46.3686,1.0,1.0,1
72018,31.05.2024 02:11:22.940000,699.307,686.123,7.31162,6.391,6.365,41.0009,4.42672,3.50667,45.3178,17.1314,497.0,497.575,6.36011,7.28038,1.10421,-0.479409,6.37032,46.7737,46.7737,1.0,1.0,1
72019,31.05.2024 02:11:22.950000,702.685,690.161,7.31589,6.439,6.301,40.8421,4.01045,3.49571,34.1744,6.06311,495.35,495.895,6.42698,7.45823,1.13172,-0.432614,6.37058,46.7737,46.7737,1.0,1.0,1
72020,31.05.2024 02:11:22.960000,702.685,702.109,7.3187,6.45,6.301,40.8724,3.8672,3.51276,20.9324,4.30776,493.72,494.25,6.32071,7.49851,1.15736,-0.469445,6.37158,46.7737,46.7737,1.0,1.0,1
72021,31.05.2024 02:11:22.970000,699.307,702.109,7.3187,6.45,6.296,40.7774,3.72588,3.53677,20.9324,4.30776,493.72,494.25,6.32071,7.49851,1.15736,-0.469445,6.37158,46.8461,46.8461,1.0,1.0,1
72022,31.05.2024 02:11:22.980000,693.127,691.809,7.32069,6.33,6.285,40.7774,3.6171,3.56618,9.59371,17.0431,492.085,492.615,6.10713,7.40193,1.15396,-0.437037,6.37195,46.8461,46.8461,1.0,1.0,1
72023,31.05.2024 02:11:22.990000,693.127,691.809,7.32069,6.33,6.285,40.7774,3.6171,3.56618,9.59371,17.0431,492.085,492.615,6.10713,7.40193,1.15396,-0.437037,6.37195,46.8461,46.8461,1.0,1.0,1
72024,31.05.2024 02:11:23.000000,693.127,691.809,7.31542,6.33,6.285,40.801,3.52504,3.64028,3.51715,22.3165,490.425,490.975,5.97125,7.41279,1.17599,-0.425305,6.37226,47.5839,47.5839,1.0,1.0,1
72025,31.05.2024 02:11:23.010000,693.127,691.809,7.31542,6.33,6.285,40.801,3.52504,3.64028,3.51715,22.3165,490.425,490.975,5.97125,7.41279,1.17599,-0.425305,6.37226,47.5839,47.5839,1.0,1.0,1
72026,31.05.2024 02:11:23.020000,689.337,679.12,7.31604,6.328,6.346,40.8624,3.60065,3.70865,2.50244,21.4883,488.765,489.305,5.72649,7.43171,1.15412,-0.379894,6.37207,47.5839,47.5839,1.0,1.0,1
72027,31.05.2024 02:11:23.030000,689.337,679.12,7.31604,6.328,6.346,40.8624,3.60065,3.70865,2.50244,21.4883,488.765,489.305,5.72649,7.43171,1.15412,-0.379894,6.37207,47.5839,47.5839,1.0,1.0,1
72028,31.05.2024 02:11:23.040000,693.539,701.532,7.32791,6.424,6.36,40.7994,3.90251,3.73256,9.68078,25.6449,487.085,487.63,5.54043,7.42921,1.14052,-0.380265,6.37199,48.2639,48.2639,1.0,1.0,1
72029,31.05.2024 02:11:23.050000,693.539,701.532,7.32791,6.424,6.36,40.7994,3.90251,3.73256,9.68078,25.6449,487.085,487.63,5.54043,7.42921,1.14052,-0.380265,6.37199,48.2639,48.2639,1.0,1.0,1
72030,31.05.2024 02:11:23.060000,688.925,696.753,7.32256,6.388,6.384,40.777,4.07887,3.69257,21.8586,27.85,485.395,485.905,5.24025,7.21027,1.21125,-0.343374,6.37187,48.6617,48.6617,1.0,1.0,1
72031,31.05.2024 02:11:23.070000,688.925,696.753,7.32256,6.388,6.384,40.777,4.07887,3.69257,21.8586,27.85,485.395,485.905,5.24025,7.21027,1.21125,-0.343374,6.37187,48.6617,48.6617,1.0,1.0,1
72032,31.05.2024 02:11:23.080000,692.138,689.419,7.32107,6.341,6.428,40.974,4.11985,3.63607,28.8247,18.6864,482.02,482.57,4.90999,7.00935,1.24516,-0.366356,6.37173,48.6617,48.6617,1.0,1.0,1
72033,31.05.2024 02:11:23.090000,690.161,690.326,7.32245,6.494,6.443,40.7754,4.00396,3.6326,25.5231,19.6626,480.345,480.895,4.68422,7.07508,1.35587,-0.300078,6.37155,49.3056,49.3056,1.0,1.0,1
72034,31.05.2024 02:11:23.100000,690.161,690.326,7.32064,6.494,6.443,40.7524,3.85845,3.62658,25.5231,19.6626,480.345,480.895,4.68422,7.07508,1.35587,-0.300078,6.37155,49.3056,49.3056,1.0,1.0,1
72035,31.05.2024 02:11:23.110000,692.88,693.704,7.32064,6.463,6.442,40.7524,3.79035,3.62584,21.2217,19.7778,478.665,479.205,4.62145,7.00043,1.34255,-0.345059,6.37163,49.8409,49.8409,1.0,1.0,1
72036,31.05.2024 02:11:23.120000,692.88,696.341,7.32996,6.415,6.442,40.8246,3.72801,3.62633,16.3674,16.9982,476.98,477.5,4.59342,6.93715,1.342,-0.345112,6.37153,49.8409,49.8409,1.0,1.0,1
72037,31.05.2024 02:11:23.130000,692.88,696.341,7.32996,6.415,6.442,40.8246,3.72801,3.62633,16.3674,16.9982,476.98,477.5,4.59342,6.93715,1.342,-0.345112,6.37153,49.8409,49.8409,1.0,1.0,1
72038,31.05.2024 02:11:23.140000,689.749,696.341,7.32996,6.415,6.463,40.8034,3.67901,3.62776,10.0495,18.4567,475.295,475.825,4.53303,6.83222,1.50653,-0.329273,6.37153,50.2026,50.2026,1.0,1.0,1
72039,31.05.2024 02:11:23.150000,683.899,679.202,7.32983,6.412,6.457,40.7412,3.60953,3.6466,7.62852,20.5466,473.61,474.115,4.53425,6.78483,1.45881,-0.372029,6.37189,50.217,50.217,1.0,1.0,1
72040,31.05.2024 02:11:23.160000,683.899,679.202,7.32983,6.412,6.457,40.7412,3.60953,3.6466,7.62852,20.5466,473.61,474.115,4.53425,6.78483,1.45881,-0.372029,6.37189,50.217,50.217,1.0,1.0,1
72041,31.05.2024 02:11:23.170000,686.535,683.404,7.32983,6.485,6.43,40.7412,3.62038,3.65471,7.62852,20.5466,473.61,474.115,4.53425,6.78483,1.45881,-0.372029,6.37189,50.8174,50.8174,1.0,1.0,1
72042,31.05.2024 02:11:23.180000,686.535,683.404,7.32983,6.485,6.43,40.7412,3.62038,3.65471,7.62852,20.5466,473.61,474.115,4.53425,6.78483,1.45881,-0.372029,6.37189,50.8174,50.8174,1.0,1.0,1
72043,31.05.2024 02:11:23.190000,689.996,683.569,7.33113,6.503,6.429,40.8426,3.73363,3.65043,8.71871,21.3965,471.94,472.455,4.71207,6.85369,1.37818,-0.415364,6.37193,51.548,51.548,1.0,1.0,1
72044,31.05.2024 02:11:23.200000,689.996,683.569,7.33113,6.503,6.429,40.8426,3.73363,3.65043,8.71871,21.3965,471.94,472.455,4.71207,6.85369,1.37818,-0.415364,6.37193,51.548,51.548,1.0,1.0,1
72045,31.05.2024 02:11:23.210000,686.618,688.843,7.32659,6.433,6.456,40.8688,3.80536,3.60883,14.8135,18.2104,468.7,469.115,5.29899,7.18219,1.27947,-0.338925,6.37238,52.0906,52.0906,1.0,1.0,1
72046,31.05.2024 02:11:23.220000,686.123,683.404,7.32722,6.467,6.455,40.8783,3.82705,3.56957,16.9858,10.4009,467.085,467.43,5.90245,7.36674,1.25839,-0.307276,6.37287,51.794,51.794,1.0,1.0,1
72047,31.05.2024 02:11:23.230000,686.123,683.404,7.32331,6.467,6.455,40.9766,3.81583,3.56135,17.8816,15.664,465.475,465.78,6.71903,7.40409,1.24772,-0.365584,6.37329,51.2298,51.2298,1.0,1.0,1
72048,31.05.2024 02:11:23.240000,692.303,684.475,7.32331,6.474,6.436,40.9766,3.79446,3.55799,17.8816,15.664,465.475,465.78,6.71903,7.40409,1.24772,-0.365584,6.37329,50.3906,50.3906,1.0,1.0,1
72049,31.05.2024 02:11:23.250000,692.633,689.419,7.33571,6.456,6.406,41.0516,3.76907,3.56828,15.7561,16.4801,463.84,464.115,7.51665,7.6147,1.33111,-0.344555,6.37385,50.3906,50.3906,1.0,1.0,1
72050,31.05.2024 02:11:23.260000,692.633,689.419,7.33518,6.456,6.406,41.0063,3.70438,3.60644,15.7561,16.4801,463.84,464.115,7.51665,7.6147,1.33111,-0.344555,6.37385,50.3906,50.3906,1.0,1.0,1
72051,31.05.2024 02:11:23.270000,686.865,681.592,7.33518,6.444,6.42,41.0063,3.67939,3.62705,13.6205,13.3679,462.17,462.47,8.1322,7.95762,1.37343,-0.255463,6.3741,49.349,49.349,1.0,1.0,1
72052,31.05.2024 02:11:23.280000,686.865,689.996,7.31749,6.491,6.42,40.9803,3.6605,3.64916,12.0376,17.8682,460.51,460.8,8.37232,8.24983,1.39447,-0.0553324,6.37469,49.349,49.349,1.0,1.0,1
72053,31.05.2024 02:11:23.290000,689.255,689.996,7.31749,6.491,6.431,40.9697,3.65955,3.66178,12.0376,17.8682,460.51,460.8,8.37232,8.24983,1.39447,-0.0553324,6.37469,49.349,49.349,1.0,1.0,1
72054,31.05.2024 02:11:23.300000,688.925,685.876,7.32026,6.494,6.42,40.9697,3.6632,3.66449,11.83,22.7293,458.89,459.125,8.47993,8.52407,1.3559,0.228586,6.37503,49.349,49.349,1.0,1.0,1
72055,31.05.2024 02:11:23.310000,688.925,685.876,7.32026,6.494,6.42,40.9697,3.6632,3.66449,11.83,22.7293,458.89,459.125,8.47993,8.52407,1.3559,0.228586,6.37503,49.349,49.349,1.0,1.0,1
72056,31.05.2024 02:11:23.320000,688.925,685.876,7.31447,6.494,6.42,40.9497,3.66369,3.65937,10.8796,20.2874,457.27,457.445,8.80217,8.58147,1.39029,0.44124,6.37569,47.5912,47.5912,1.0,1.0,1
72057,31.05.2024 02:11:23.330000,688.925,685.876,7.31447,6.494,6.42,40.9497,3.66369,3.65937,10.8796,20.2874,457.27,457.445,8.80217,8.58147,1.39029,0.44124,6.37569,47.5912,47.5912,1.0,1.0,1
72058,31.05.2024 02:11:23.340000,682.004,690.078,7.32376,6.427,6.411,40.8608,3.63562,3.65672,10.9099,17.5398,455.61,455.81,9.0718,8.47666,1.38201,0.676653,6.37615,41.3773,41.3773,1.0,1.0,1
72059,31.05.2024 02:11:23.350000,691.15,689.255,7.33611,6.492,6.419,40.8203,3.60522,3.64831,11.0301,22.6134,453.975,454.225,9.23916,8.60823,1.34779,0.969026,6.37598,37.9847,37.9847,1.0,1.0,1
72060,31.05.2024 02:11:23.360000,691.15,696.341,7.33064,6.537,6.419,40.8258,3.61732,3.62713,10.4752,23.4564,452.325,452.62,9.38709,9.17043,1.41738,1.51948,6.37665,37.9847,37.9847,1.0,1.0,1
72061,31.05.2024 02:11:23.370000,691.15,696.341,7.33064,6.537,6.419,40.8258,3.61732,3.62713,10.4752,23.4564,452.325,452.62,9.38709,9.17043,1.41738,1.51948,6.37665,37.9847,37.9847,1.0,1.0,1
72062,31.05.2024 02:11:23.380000,694.94,696.341,7.33064,6.537,6.423,40.865,3.62946,3.6104,10.0985,14.7526,450.79,451.085,9.67049,9.91623,1.41608,2.54831,6.37665,34.9465,34.9465,1.0,1.0,1
72063,31.05.2024 02:11:23.390000,694.94,696.341,7.33064,6.537,6.423,40.865,3.62946,3.6104,10.0985,14.7526,450.79,451.085,9.67049,9.91623,1.41608,2.54831,6.37665,34.9465,34.9465,1.0,1.0,1
72064,31.05.2024 02:11:23.400000,688.431,695.846,7.32345,6.555,6.431,40.986,3.7066,3.60212,12.9016,17.17,449.305,449.57,10.4586,10.8768,1.74797,4.16709,6.37696,34.9465,34.9465,1.0,1.0,1
72065,31.05.2024 02:11:23.410000,697.0,687.524,7.32944,6.427,6.406,41.0467,3.75609,3.61384,16.4954,20.9883,447.775,448.01,11.6792,12.1721,2.52741,6.02289,6.37693,30.9389,30.9389,1.0,1.0,1
72066,31.05.2024 02:11:23.420000,697.0,687.524,7.32944,6.427,6.406,41.0467,3.75609,3.61384,16.4954,20.9883,447.775,448.01,11.6792,12.1721,2.52741,6.02289,6.37693,30.9389,30.9389,1.0,1.0,1
72067,31.05.2024 02:11:23.430000,697.0,687.524,7.34559,6.427,6.406,41.0086,3.78772,3.63044,18.1323,17.2171,446.275,446.485,12.8431,13.1995,3.8493,7.72807,6.37693,26.8736,26.8736,1.0,1.0,1
72068,31.05.2024 02:11:23.440000,697.0,687.524,7.34559,6.427,6.406,41.0086,3.78772,3.63044,18.1323,17.2171,446.275,446.485,12.8431,13.1995,3.8493,7.72807,6.37693,26.8736,26.8736,1.0,1.0,1
72069,31.05.2024 02:11:23.450000,692.88,689.419,7.35798,6.455,6.385,40.9591,3.76548,3.66067,18.7641,19.8104,444.775,445.035,13.7613,13.1089,5.59619,9.21033,6.37719,23.3435,23.3435,1.0,1.0,1
72070,31.05.2024 02:11:23.460000,692.88,689.419,7.35798,6.455,6.385,40.9591,3.76548,3.66067,18.7641,19.8104,444.775,445.035,13.7613,13.1089,5.59619,9.21033,6.37719,23.3435,23.3435,1.0,1.0,1
72071,31.05.2024 02:11:23.470000,694.116,693.292,7.36468,6.379,6.382,41.2079,3.64182,3.68294,16.8393,23.9688,444.16,444.165,8.01576,4.29469,7.19541,10.2406,6.37756,20.6742,20.6742,1.0,1.0,1
72072,31.05.2024 02:11:23.480000,689.09,681.344,7.3187,6.386,6.393,41.6826,3.54044,3.68222,13.876,24.0758,444.135,444.915,6.66775,-0.0811509,8.21227,10.8555,6.37786,17.6288,17.6288,1.0,1.0,1
72073,31.05.2024 02:11:23.490000,685.876,686.865,7.30921,6.487,6.389,42.235,3.49547,3.67784,8.75916,20.4304,444.105,445.295,4.37024,5.21775,8.79242,11.2815,6.37804,17.6288,17.6288,1.0,1.0,1
72074,31.05.2024 02:11:23.500000,685.876,686.865,7.32324,6.487,6.389,42.94,3.4401,3.67277,8.75916,20.4304,444.105,445.295,4.37024,5.21775,8.79242,11.2815,6.37804,14.5472,14.5472,1.0,1.0,1
72075,31.05.2024 02:11:23.510000,685.876,686.865,7.32324,6.487,6.389,42.94,3.4401,3.67277,8.75916,20.4304,444.105,445.295,4.37024,5.21775,8.79242,11.2815,6.37804,14.5472,14.5472,1.0,1.0,1
72076,31.05.2024 02:11:23.520000,686.453,688.019,7.32324,6.496,6.341,42.94,3.43098,3.66549,4.47223,21.3156,444.66,445.085,3.3863,7.67747,9.27196,11.644,6.37865,12.0515,12.0515,1.0,1.0,1
72077,31.05.2024 02:11:23.530000,692.138,690.738,7.34655,6.449,6.405,44.7748,3.46011,3.63096,3.74966,21.7271,444.815,445.145,5.76703,6.52443,9.52558,11.8519,6.37885,9.83073,9.83073,1.0,1.0,1
72078,31.05.2024 02:11:23.540000,685.299,680.85,7.32499,6.446,6.428,44.7748,3.49009,3.61014,4.89755,15.1448,444.95,445.435,7.63181,7.81926,9.48494,11.8934,6.37905,9.83073,9.83073,1.0,1.0,1
72079,31.05.2024 02:11:23.550000,685.299,680.85,7.29908,6.446,6.428,45.9467,3.56714,3.56584,8.82531,13.876,444.89,445.435,9.87828,10.6322,9.25974,11.9178,6.37922,7.68952,7.68952,1.0,1.0,1
72080,31.05.2024 02:11:23.560000,685.299,680.85,7.29908,6.446,6.428,45.9467,3.56714,3.56584,8.82531,13.876,444.89,445.435,9.87828,10.6322,9.25974,11.9178,6.37922,7.68952,7.68952,1.0,1.0,1
72081,31.05.2024 02:11:23.570000,692.633,690.326,7.29908,6.557,6.477,45.9467,3.59588,3.55711,8.82531,13.876,444.89,445.435,9.87828,10.6322,9.25974,11.9178,6.37922,7.68952,7.68952,1.0,1.0,1
72082,31.05.2024 02:11:23.580000,692.633,690.326,7.29908,6.557,6.477,45.9467,3.59588,3.55711,8.82531,13.876,444.89,445.435,9.87828,10.6322,9.25974,11.9178,6.37922,7.68952,7.68952,1.0,1.0,1
72083,31.05.2024 02:11:23.590000,681.592,696.753,7.31166,6.636,6.5,48.2159,3.59705,3.53393,12.0274,16.8438,444.735,445.17,10.6153,11.4095,8.88178,11.9124,6.37962,7.74016,7.74016,1.0,1.0,1
72084,31.05.2024 02:11:23.600000,681.592,696.753,7.31166,6.636,6.5,48.2159,3.59705,3.53393,12.0274,16.8438,444.735,445.17,10.6153,11.4095,8.88178,11.9124,6.37962,7.74016,7.74016,1.0,1.0,1
72085,31.05.2024 02:11:23.610000,633.06,684.887,7.25136,6.654,6.562,49.2729,3.55967,3.56957,11.7831,14.0909,444.545,444.985,9.88562,9.02841,8.59074,11.7837,6.37981,5.93895,5.93895,1.0,1.0,1
72086,31.05.2024 02:11:23.620000,600.924,653.164,7.16394,6.798,6.661,50.467,3.51515,3.63096,11.0712,18.7916,444.595,445.005,9.13815,8.18599,8.34874,11.7658,6.38014,6.11256,6.11256,1.0,1.0,1
72087,31.05.2024 02:11:23.630000,600.924,653.164,7.17641,6.798,6.661,51.7201,3.5114,3.64977,9.13398,18.9415,444.685,445.155,8.83052,7.42392,8.38186,11.7032,6.38043,6.11256,6.11256,1.0,1.0,1
72088,31.05.2024 02:11:23.640000,600.924,653.164,7.17641,6.798,6.661,51.7201,3.5114,3.64977,9.13398,18.9415,444.685,445.155,8.83052,7.42392,8.38186,11.7032,6.38043,6.11256,6.11256,1.0,1.0,1
72089,31.05.2024 02:11:23.650000,559.149,599.606,7.17641,6.895,6.663,51.7201,3.52071,3.65648,9.13398,18.9415,444.685,445.155,9.17444,7.73811,8.39744,11.5198,6.38043,6.79253,6.79253,1.0,1.0,1
72090,31.05.2024 02:11:23.660000,559.149,599.606,7.17641,6.895,6.663,51.7201,3.52071,3.65648,9.13398,18.9415,444.685,445.155,9.17444,7.73811,8.39744,11.5198,6.38043,6.79253,6.79253,1.0,1.0,1
72091,31.05.2024 02:11:23.670000,555.359,611.059,7.1035,6.847,6.678,54.0831,3.55235,3.67764,9.34691,18.9367,444.845,445.38,10.0711,9.42193,8.16009,11.4831,6.381,6.17043,6.17043,1.0,1.0,1
72092,31.05.2024 02:11:23.680000,552.475,596.64,6.99402,6.724,6.643,55.1254,3.57873,3.63739,11.8335,19.6264,444.89,445.41,11.1156,10.5999,8.19466,11.3098,6.3825,6.17043,6.17043,1.0,1.0,1
72093,31.05.2024 02:11:23.690000,558.243,596.64,6.99402,6.724,6.674,56.2281,3.58754,3.62601,11.8335,19.6264,444.89,445.41,11.1156,10.5999,8.19466,11.3098,6.3825,5.62066,5.62066,1.0,1.0,1
72094,31.05.2024 02:11:23.700000,555.029,602.572,6.95671,6.822,6.655,56.2281,3.5916,3.62712,14.1356,15.3578,444.815,445.27,11.3267,10.2818,8.205,11.1808,6.38355,5.62066,5.62066,1.0,1.0,1
72095,31.05.2024 02:11:23.710000,555.029,602.572,6.95671,6.822,6.655,56.2281,3.5916,3.62712,14.1356,15.3578,444.815,445.27,11.3267,10.2818,8.205,11.1808,6.38355,5.62066,5.62066,1.0,1.0,1
72096,31.05.2024 02:11:23.720000,555.029,602.572,6.96692,6.822,6.655,57.4424,3.60378,3.60744,13.9201,17.7825,444.72,445.22,11.0605,9.4511,8.10329,10.9439,6.38452,5.41811,5.41811,1.0,1.0,1
72097,31.05.2024 02:11:23.730000,555.029,602.572,6.96692,6.822,6.655,57.4424,3.60378,3.60744,13.9201,17.7825,444.72,445.22,11.0605,9.4511,8.10329,10.9439,6.38452,5.41811,5.41811,1.0,1.0,1
72098,31.05.2024 02:11:23.740000,556.43,612.543,6.94578,6.666,6.504,58.5522,3.58119,3.58952,14.694,18.2088,444.72,445.28,10.1699,8.60688,8.20419,10.8701,6.38584,5.41811,5.41811,1.0,1.0,1
72099,31.05.2024 02:11:23.750000,551.898,600.183,6.87258,6.681,6.558,59.6268,3.49288,3.58803,13.7415,12.9219,444.78,445.41,9.39749,8.23215,8.26754,10.7368,6.38673,5.15769,5.15769,1.0,1.0,1
72100,31.05.2024 02:11:23.760000,551.898,610.483,6.78384,6.762,6.558,60.5852,3.46697,3.60228,10.5089,15.501,444.845,445.52,9.18436,8.53427,8.24052,10.5912,6.38806,5.15769,5.15769,1.0,1.0,1
72101,31.05.2024 02:11:23.770000,559.067,610.483,6.78384,6.762,6.651,61.7844,3.45453,3.61112,10.5089,15.501,444.845,445.52,9.18436,8.53427,8.24052,10.5912,6.38806,5.15046,5.15046,1.0,1.0,1
72102,31.05.2024 02:11:23.780000,566.894,608.917,6.69134,6.774,6.621,61.7844,3.45712,3.60858,9.56478,20.0085,444.89,445.585,9.25297,9.09314,8.2999,10.5083,6.389,5.15046,5.15046,1.0,1.0,1
72103,31.05.2024 02:11:23.790000,566.894,608.917,6.64706,6.774,6.621,62.9707,3.47734,3.63498,10.8317,15.0372,444.94,445.585,9.42566,9.49777,8.31239,10.3915,6.38937,5.35301,5.35301,1.0,1.0,1
72104,31.05.2024 02:11:23.800000,566.482,609.741,6.64706,6.714,6.519,62.9707,3.52292,3.65985,10.8317,15.0372,444.94,445.585,9.42566,9.49777,8.31239,10.3915,6.38937,5.30237,5.30237,1.0,1.0,1
72105,31.05.2024 02:11:23.810000,566.482,609.741,6.64706,6.714,6.519,62.9707,3.52292,3.65985,10.8317,15.0372,444.94,445.585,9.42566,9.49777,8.31239,10.3915,6.38937,5.30237,5.30237,1.0,1.0,1
72106,31.05.2024 02:11:23.820000,562.198,606.28,6.65163,6.676,6.483,64.1741,3.56684,3.66925,12.4407,21.6904,444.915,445.53,9.7022,9.46325,8.33012,10.3277,6.39022,5.16494,5.16494,1.0,1.0,1
72107,31.05.2024 02:11:23.830000,562.198,606.28,6.65163,6.676,6.483,64.1741,3.56684,3.66925,12.4407,21.6904,444.915,445.53,9.7022,9.46325,8.33012,10.3277,6.39022,5.16494,5.16494,1.0,1.0,1
72108,31.05.2024 02:11:23.840000,565.906,609.082,6.63953,6.683,6.411,65.2582,3.65933,3.66677,17.4127,24.451,444.875,445.53,9.40743,8.87222,8.31351,10.2269,6.3911,4.94792,4.94792,1.0,1.0,1
72109,31.05.2024 02:11:23.850000,565.906,609.082,6.63953,6.683,6.411,65.2582,3.65933,3.66677,17.4127,24.451,444.875,445.53,9.40743,8.87222,8.31351,10.2269,6.3911,4.94792,4.94792,1.0,1.0,1
72110,31.05.2024 02:11:23.860000,552.228,618.97,6.57743,6.658,6.467,67.4851,3.64742,3.61318,17.6772,18.6455,444.825,445.6,8.73043,8.28247,8.41102,10.0379,6.39188,5.09982,5.09982,1.0,1.0,1
72111,31.05.2024 02:11:23.870000,571.261,608.175,6.46897,6.569,6.471,68.627,3.55693,3.6195,17.8042,20.2668,444.965,445.775,7.20607,8.37195,8.52363,9.62699,6.3929,5.0926,5.0926,1.0,1.0,1
72112,31.05.2024 02:11:23.880000,561.539,605.209,6.46897,6.578,6.428,68.627,3.53323,3.61776,17.8042,20.2668,444.965,445.775,7.20607,8.37195,8.52363,9.62699,6.3929,5.0926,5.0926,1.0,1.0,1
72113,31.05.2024 02:11:23.890000,564.093,610.4,6.49722,6.616,6.38,69.6867,3.50961,3.62411,16.5399,23.1917,445.06,445.85,7.36449,8.51591,8.58232,9.49954,6.39334,5.0926,5.0926,1.0,1.0,1
72114,31.05.2024 02:11:23.900000,564.093,610.4,6.48161,6.616,6.38,70.7916,3.46883,3.66412,16.5399,23.1917,445.06,445.85,7.36449,8.51591,8.58232,9.49954,6.39334,5.34578,5.34578,1.0,1.0,1
72115,31.05.2024 02:11:23.910000,564.093,610.4,6.48161,6.616,6.38,70.7916,3.46883,3.66412,16.5399,23.1917,445.06,445.85,7.36449,8.51591,8.58232,9.49954,6.39334,5.34578,5.34578,1.0,1.0,1
72116,31.05.2024 02:11:23.920000,558.325,616.992,6.48161,6.597,6.343,70.7916,3.45949,3.68366,12.6113,15.0583,445.095,445.89,7.85301,8.73626,8.60986,9.34592,6.39382,5.34578,5.34578,1.0,1.0,1
72117,31.05.2024 02:11:23.930000,560.138,612.625,6.42861,6.44,6.316,73.0298,3.45008,3.70499,8.7873,22.1593,445.105,445.905,8.16247,8.88238,8.56706,9.30047,6.3937,5.36025,5.36025,1.0,1.0,1
72118,31.05.2024 02:11:23.940000,560.303,603.314,6.41307,6.411,6.369,73.0298,3.45445,3.70302,11.8306,26.1143,445.1,445.925,8.28235,8.66491,8.71465,9.1013,6.39358,5.36025,5.36025,1.0,1.0,1
72119,31.05.2024 02:11:23.950000,560.303,603.314,6.41307,6.411,6.369,73.0298,3.45445,3.70302,11.8306,26.1143,445.1,445.925,8.28235,8.66491,8.71465,9.1013,6.39358,5.36025,5.36025,1.0,1.0,1
72120,31.05.2024 02:11:23.960000,560.303,603.314,6.39918,6.411,6.369,74.0869,3.48927,3.67938,10.1215,20.0751,445.1,445.975,8.24114,8.35733,8.7374,8.89378,6.39342,5.70023,5.70023,1.0,1.0,1
72121,31.05.2024 02:11:23.970000,560.303,603.314,6.39918,6.411,6.369,74.0869,3.48927,3.67938,10.1215,20.0751,445.1,445.975,8.24114,8.35733,8.7374,8.89378,6.39342,5.70023,5.70023,1.0,1.0,1
72122,31.05.2024 02:11:23.980000,567.636,612.213,6.36649,6.474,6.376,75.1063,3.52373,3.68139,12.8548,20.0394,445.14,446.015,8.03434,8.20749,8.6899,8.80797,6.39315,5.70023,5.70023,1.0,1.0,1
72123,31.05.2024 02:11:23.990000,558.49,611.636,6.36892,6.423,6.294,75.9437,3.52717,3.66738,14.7592,24.321,445.195,446.065,7.9648,7.97803,8.86565,8.73763,6.39276,6.25,6.25,1.0,1.0,1
72124,31.05.2024 02:11:24.000000,558.49,611.636,6.36892,6.423,6.294,75.9437,3.52717,3.66738,14.7592,24.321,445.195,446.065,7.9648,7.97803,8.86565,8.73763,6.39276,6.25,6.25,1.0,1.0,1
72125,31.05.2024 02:11:24.010000,558.49,610.235,6.38329,6.383,6.294,76.8938,3.51142,3.67141,14.8279,20.6565,445.275,446.14,8.11273,7.77211,8.98228,8.71879,6.39243,6.25,6.25,1.0,1.0,1
72126,31.05.2024 02:11:24.020000,561.868,607.763,6.38882,6.408,6.295,77.6659,3.45023,3.66856,14.3627,19.111,445.315,446.23,8.51211,7.88956,9.13722,8.65755,6.39239,6.25,6.25,1.0,1.0,1
72127,31.05.2024 02:11:24.030000,561.868,607.763,6.38882,6.408,6.295,77.6659,3.45023,3.66856,14.3627,19.111,445.315,446.23,8.51211,7.88956,9.13722,8.65755,6.39239,6.25,6.25,1.0,1.0,1
72128,31.05.2024 02:11:24.040000,561.868,607.763,6.39317,6.408,6.295,78.4924,3.43367,3.67497,11.6164,20.6827,445.34,446.275,8.91293,8.05675,9.19319,8.54096,6.39227,5.95342,5.95342,1.0,1.0,1
72129,31.05.2024 02:11:24.050000,563.681,593.426,6.38994,6.427,6.332,79.3159,3.42514,3.64755,11.2649,18.1658,445.34,446.3,9.12436,8.05049,9.22377,8.50817,6.39167,5.85214,5.85214,1.0,1.0,1
72130,31.05.2024 02:11:24.060000,563.681,593.426,6.41277,6.427,6.332,79.9332,3.43267,3.6339,11.2649,18.1658,445.34,446.3,9.12436,8.05049,9.22377,8.50817,6.39167,5.64237,5.64237,1.0,1.0,1
72131,31.05.2024 02:11:24.070000,551.404,610.318,6.41277,6.364,6.353,79.9332,3.44417,3.63284,9.90289,13.1673,445.37,446.325,9.07743,7.81188,9.2606,8.4757,6.39123,5.75811,5.75811,1.0,1.0,1
72132,31.05.2024 02:11:24.080000,551.404,595.898,6.42253,6.406,6.353,80.5842,3.45741,3.62298,10.7027,15.9902,445.435,446.365,8.9989,7.57972,9.35693,8.37897,6.39089,5.75811,5.75811,1.0,1.0,1
72133,31.05.2024 02:11:24.090000,539.703,595.898,6.42253,6.406,6.374,81.1991,3.47612,3.61599,10.7027,15.9902,445.435,446.365,8.9989,7.57972,9.35693,8.37897,6.39089,5.36748,5.36748,1.0,1.0,1
72134,31.05.2024 02:11:24.100000,534.924,559.643,6.40433,6.476,6.383,81.1991,3.49534,3.62125,13.4043,17.1721,445.45,446.42,9.18117,7.29819,9.49242,8.27582,6.39112,5.36748,5.36748,1.0,1.0,1
72135,31.05.2024 02:11:24.110000,534.924,559.643,6.40611,6.476,6.383,81.6867,3.52691,3.62562,15.0867,12.6986,445.485,446.465,9.14917,7.08084,9.59173,8.08971,6.39007,5.31684,5.31684,1.0,1.0,1
72136,31.05.2024 02:11:24.120000,536.654,517.291,6.40611,6.49,6.325,81.6867,3.53705,3.62326,15.0867,12.6986,445.485,446.465,9.14917,7.08084,9.59173,8.08971,6.39007,4.95515,4.95515,1.0,1.0,1
72137,31.05.2024 02:11:24.130000,548.108,542.752,6.44846,6.42,6.343,82.1681,3.53757,3.62958,16.1276,18.1534,445.49,446.515,9.10544,6.91259,9.80309,8.15436,6.39006,4.95515,4.95515,1.0,1.0,1
72138,31.05.2024 02:11:24.140000,548.108,542.752,6.44846,6.42,6.343,82.1681,3.53757,3.62958,16.1276,18.1534,445.49,446.515,9.10544,6.91259,9.80309,8.15436,6.39006,4.95515,4.95515,1.0,1.0,1
72139,31.05.2024 02:11:24.150000,548.108,542.752,6.50226,6.42,6.343,82.4015,3.50429,3.6459,15.7718,18.6391,445.56,446.55,8.8538,6.53824,9.84061,8.12042,6.39006,4.75983,4.75983,1.0,1.0,1
72140,31.05.2024 02:11:24.160000,548.108,542.752,6.50226,6.42,6.343,82.4015,3.50429,3.6459,15.7718,18.6391,445.56,446.55,8.8538,6.53824,9.84061,8.12042,6.39006,4.75983,4.75983,1.0,1.0,1
72141,31.05.2024 02:11:24.170000,541.434,540.362,6.50363,6.457,6.351,82.7134,3.44451,3.63631,12.5109,15.8109,445.58,446.6,8.93072,6.4585,9.9005,8.04761,6.3899,4.49942,4.49942,1.0,1.0,1
72142,31.05.2024 02:11:24.180000,506.744,515.643,6.47875,6.47,6.439,83.018,3.38132,3.63707,11.1329,12.3879,445.615,446.645,8.6959,6.35162,9.96134,7.97711,6.38957,4.48495,4.48495,1.0,1.0,1
72143,31.05.2024 02:11:24.190000,506.744,515.643,6.47875,6.47,6.439,83.018,3.38132,3.63707,11.1329,12.3879,445.615,446.645,8.6959,6.35162,9.96134,7.97711,6.38957,4.48495,4.48495,1.0,1.0,1
72144,31.05.2024 02:11:24.200000,506.744,515.643,6.47703,6.47,6.439,83.3682,3.39817,3.64621,11.9343,19.333,445.69,446.705,8.73687,6.26678,10.008,7.7322,6.38913,4.48495,4.48495,1.0,1.0,1
72145,31.05.2024 02:11:24.210000,506.744,515.643,6.47703,6.47,6.439,83.3682,3.39817,3.64621,11.9343,19.333,445.69,446.705,8.73687,6.26678,10.008,7.7322,6.38913,4.48495,4.48495,1.0,1.0,1
72146,31.05.2024 02:11:24.220000,474.692,480.377,6.47526,6.503,6.435,83.6642,3.4975,3.65192,14.4093,20.2437,445.69,446.83,8.79328,6.22931,10.0561,7.55594,6.38873,4.39814,4.39814,1.0,1.0,1
72147,31.05.2024 02:11:24.230000,474.692,480.377,6.47526,6.503,6.435,83.6642,3.4975,3.65192,14.4093,20.2437,445.69,446.83,8.79328,6.22931,10.0561,7.55594,6.38873,4.39814,4.39814,1.0,1.0,1
72148,31.05.2024 02:11:24.240000,496.609,455.493,6.54163,6.558,6.35,83.8797,3.64429,3.63339,17.2729,18.5732,445.74,446.91,8.62183,6.64482,10.0787,7.43194,6.38863,4.59345,4.59345,1.0,1.0,1
72149,31.05.2024 02:11:24.250000,488.122,479.223,6.59647,6.402,6.435,84.3514,3.67721,3.63033,19.819,11.5105,445.77,446.915,8.43617,7.17218,10.1517,7.4442,6.38835,4.59345,4.59345,1.0,1.0,1
72150,31.05.2024 02:11:24.260000,479.059,489.77,6.53569,6.431,6.416,84.3514,3.67278,3.61066,23.6097,16.8137,445.825,446.915,8.19163,6.91994,10.1965,7.42663,6.38819,4.59345,4.59345,1.0,1.0,1
72151,31.05.2024 02:11:24.270000,479.059,489.77,6.53569,6.431,6.416,84.3514,3.67278,3.61066,23.6097,16.8137,445.825,446.915,8.19163,6.91994,10.1965,7.42663,6.38819,4.59345,4.59345,1.0,1.0,1
72152,31.05.2024 02:11:24.280000,479.059,489.77,6.49086,6.431,6.416,84.5695,3.59513,3.57582,20.841,12.1201,445.855,446.985,8.11314,6.71278,10.325,7.44517,6.38832,4.60069,4.60069,1.0,1.0,1
72153,31.05.2024 02:11:24.290000,479.059,489.77,6.49086,6.431,6.416,84.5695,3.59513,3.57582,20.841,12.1201,445.855,446.985,8.11314,6.71278,10.325,7.44517,6.38832,4.60069,4.60069,1.0,1.0,1
72154,31.05.2024 02:11:24.300000,444.287,370.294,6.52989,6.597,6.444,84.7679,3.48139,3.62022,16.0249,12.4096,445.88,447.045,7.82771,7.00236,10.4768,7.51715,6.38853,4.39092,4.39092,1.0,1.0,1
72155,31.05.2024 02:11:24.310000,444.287,370.294,6.52989,6.597,6.444,84.7679,3.48139,3.62022,16.0249,12.4096,445.88,447.045,7.82771,7.00236,10.4768,7.51715,6.38853,4.39092,4.39092,1.0,1.0,1
72156,31.05.2024 02:11:24.320000,431.186,374.414,6.5682,6.515,6.435,84.9025,3.33437,3.6594,14.819,19.7132,445.92,447.075,7.59304,7.13405,10.631,7.47545,6.38844,4.38368,4.38368,1.0,1.0,1
72157,31.05.2024 02:11:24.330000,431.186,374.414,6.5682,6.515,6.435,84.9025,3.33437,3.6594,14.819,19.7132,445.92,447.075,7.59304,7.13405,10.631,7.47545,6.38844,4.38368,4.38368,1.0,1.0,1
72158,31.05.2024 02:11:24.340000,424.594,415.613,6.58379,6.418,6.455,85.0342,3.28392,3.6751,7.53458,18.8807,445.99,447.135,7.34007,7.08198,10.6876,7.41113,6.38853,4.88281,4.88281,1.0,1.0,1
72159,31.05.2024 02:11:24.350000,424.594,415.613,6.58379,6.418,6.455,85.0342,3.28392,3.6751,7.53458,18.8807,445.99,447.135,7.34007,7.08198,10.6876,7.41113,6.38853,4.88281,4.88281,1.0,1.0,1
72160,31.05.2024 02:11:24.360000,396.991,418.085,6.54366,6.422,6.504,85.1075,3.31355,3.65078,7.00557,16.1336,446.175,447.305,7.53563,7.59017,10.8832,7.48758,6.38941,4.88281,4.88281,1.0,1.0,1
72161,31.05.2024 02:11:24.370000,371.118,267.627,6.53897,6.676,6.506,85.122,3.4035,3.6215,8.43571,15.4824,446.195,447.31,7.82139,7.80806,10.914,7.48375,6.38948,5.38194,5.38194,1.0,1.0,1
72162,31.05.2024 02:11:24.380000,371.118,267.627,6.53246,6.676,6.506,85.2826,3.48653,3.6192,8.43571,15.4824,446.195,447.31,7.82139,7.80806,10.914,7.48375,6.38948,5.38194,5.38194,1.0,1.0,1
72163,31.05.2024 02:11:24.390000,348.871,261.117,6.53246,6.539,6.454,85.2826,3.51543,3.62194,13.0774,12.8915,446.19,447.315,7.89234,7.58411,10.9599,7.40101,6.3898,5.33853,5.33853,1.0,1.0,1
72164,31.05.2024 02:11:24.400000,348.871,261.117,6.53246,6.539,6.454,85.2826,3.51543,3.62194,13.0774,12.8915,446.19,447.315,7.89234,7.58411,10.9599,7.40101,6.3898,5.33853,5.33853,1.0,1.0,1
72165,31.05.2024 02:11:24.410000,348.871,287.073,6.53166,6.506,6.454,85.2562,3.52804,3.61876,16.3717,12.001,446.19,447.39,7.61607,7.15666,11.0128,7.42203,6.39004,5.28067,5.28067,1.0,1.0,1
72166,31.05.2024 02:11:24.420000,333.792,257.08,6.54543,6.543,6.449,85.2967,3.50891,3.62698,17.0959,15.3104,446.24,447.455,7.11967,7.03755,10.9371,7.53576,6.39025,5.28067,5.28067,1.0,1.0,1
72167,31.05.2024 02:11:24.430000,333.792,257.08,6.53944,6.543,6.449,85.3307,3.48956,3.63271,16.9007,13.3143,446.285,447.5,6.70974,6.93527,10.5997,7.39959,6.3906,5.53385,5.53385,1.0,1.0,1
72168,31.05.2024 02:11:24.440000,325.882,215.881,6.53944,6.592,6.454,85.3307,3.46204,3.63453,16.9007,13.3143,446.285,447.5,6.70974,6.93527,10.5997,7.39959,6.3906,5.58449,5.58449,1.0,1.0,1
72169,31.05.2024 02:11:24.450000,325.882,215.881,6.53944,6.592,6.454,85.3307,3.46204,3.63453,16.9007,13.3143,446.285,447.5,6.70974,6.93527,10.5997,7.39959,6.3906,5.58449,5.58449,1.0,1.0,1
72170,31.05.2024 02:11:24.460000,316.571,202.78,6.50914,6.536,6.444,85.3981,3.43485,3.63493,15.1659,14.2134,446.365,447.545,6.43975,6.61672,10.6102,7.31623,6.39083,5.54832,5.54832,1.0,1.0,1
72171,31.05.2024 02:11:24.470000,316.571,202.78,6.50914,6.536,6.444,85.3981,3.43485,3.63493,15.1659,14.2134,446.365,447.545,6.43975,6.61672,10.6102,7.31623,6.39083,5.54832,5.54832,1.0,1.0,1
72172,31.05.2024 02:11:24.480000,296.631,214.233,6.51162,6.462,6.445,85.4173,3.38163,3.64222,12.471,18.668,446.4,447.63,6.37673,6.36059,10.4482,7.20666,6.39202,5.54832,5.54832,1.0,1.0,1
72173,31.05.2024 02:11:24.490000,284.601,202.615,6.51981,6.472,6.457,85.479,3.37855,3.62366,10.4021,15.3494,446.405,447.72,6.21681,6.24109,10.2435,7.14697,6.3924,4.89005,4.89005,1.0,1.0,1
72174,31.05.2024 02:11:24.500000,275.125,156.226,6.50162,6.552,6.42,85.479,3.38028,3.61866,11.1032,13.8672,446.445,447.805,5.87114,6.17908,10.1219,7.08396,6.39334,4.89005,4.89005,1.0,1.0,1
72175,31.05.2024 02:11:24.510000,275.125,156.226,6.48076,6.552,6.42,85.5131,3.39403,3.61783,11.1494,12.9193,446.515,447.875,5.57456,6.2818,10.0482,7.12004,6.39382,4.89005,4.89005,1.0,1.0,1
72176,31.05.2024 02:11:24.520000,262.436,119.559,6.48076,6.566,6.448,85.5131,3.399,3.6165,11.1494,12.9193,446.515,447.875,5.57456,6.2818,10.0482,7.12004,6.39382,4.83941,4.83941,1.0,1.0,1
72177,31.05.2024 02:11:24.530000,243.896,114.862,6.46984,6.492,6.4,85.4708,3.40365,3.61767,12.2998,13.6593,446.525,447.91,5.55538,6.27834,10.0318,6.95925,6.39455,4.83941,4.83941,1.0,1.0,1
72178,31.05.2024 02:11:24.540000,243.896,114.862,6.46984,6.492,6.4,85.4708,3.40365,3.61767,12.2998,13.6593,446.525,447.91,5.55538,6.27834,10.0318,6.95925,6.39455,4.83941,4.83941,1.0,1.0,1
72179,31.05.2024 02:11:24.550000,243.896,114.862,6.48215,6.492,6.4,85.5229,3.40991,3.62043,12.2655,14.8917,446.525,447.975,5.21545,6.06558,9.71464,6.95523,6.39455,4.98408,4.98408,1.0,1.0,1
72180,31.05.2024 02:11:24.560000,243.896,114.862,6.48215,6.492,6.4,85.5229,3.40991,3.62043,12.2655,14.8917,446.525,447.975,5.21545,6.06558,9.71464,6.95523,6.39455,4.98408,4.98408,1.0,1.0,1
72181,31.05.2024 02:11:24.570000,229.23,113.379,6.47063,6.449,6.409,85.545,3.41528,3.61938,10.8799,11.816,446.53,448.06,4.87711,5.85768,9.32081,6.91181,6.39531,5.34578,5.34578,1.0,1.0,1
72182,31.05.2024 02:11:24.580000,229.23,113.379,6.47063,6.449,6.409,85.545,3.41528,3.61938,10.8799,11.816,446.53,448.06,4.87711,5.85768,9.32081,6.91181,6.39531,5.34578,5.34578,1.0,1.0,1
72183,31.05.2024 02:11:24.590000,206.076,96.8994,6.455,6.472,6.385,85.584,3.42479,3.60824,12.9727,13.5245,446.565,448.145,4.36519,5.97443,9.06279,6.95033,6.39522,5.52662,5.52662,1.0,1.0,1
72184,31.05.2024 02:11:24.600000,206.076,96.8994,6.455,6.472,6.385,85.584,3.42479,3.60824,12.9727,13.5245,446.565,448.145,4.36519,5.97443,9.06279,6.95033,6.39522,5.52662,5.52662,1.0,1.0,1
72185,31.05.2024 02:11:24.610000,198.743,62.2101,6.47509,6.472,6.362,85.6039,3.45072,3.60195,13.2721,11.8229,446.66,448.21,4.08186,6.12305,8.76775,6.97183,6.39563,5.54832,5.54832,1.0,1.0,1
72186,31.05.2024 02:11:24.620000,174.847,47.2961,6.47602,6.438,6.397,85.5595,3.48697,3.60018,14.677,12.4731,446.755,448.295,4.32376,6.17439,8.65025,6.8172,6.39608,5.35301,5.35301,1.0,1.0,1
72187,31.05.2024 02:11:24.630000,151.364,39.3036,6.47602,6.395,6.419,85.5595,3.49162,3.60142,15.4883,12.1297,446.785,448.385,4.75697,6.29732,8.61901,6.75782,6.39625,5.35301,5.35301,1.0,1.0,1
72188,31.05.2024 02:11:24.640000,151.364,10.1349,6.47904,6.413,6.419,85.5867,3.49117,3.60451,14.7674,10.6955,446.79,448.445,5.0491,6.51379,8.66934,6.82784,6.39613,5.35301,5.35301,1.0,1.0,1
72189,31.05.2024 02:11:24.650000,151.364,10.1349,6.47904,6.413,6.419,85.5867,3.49117,3.60451,14.7674,10.6955,446.79,448.445,5.0491,6.51379,8.66934,6.82784,6.39613,5.35301,5.35301,1.0,1.0,1
72190,31.05.2024 02:11:24.660000,126.727,10.1349,6.47904,6.413,6.399,85.5944,3.48286,3.60699,16.5219,12.4292,446.78,448.465,5.1169,6.66446,8.68531,6.80617,6.39613,5.49044,5.49044,1.0,1.0,1
72191,31.05.2024 02:11:24.670000,126.727,10.1349,6.47904,6.413,6.399,85.5944,3.48286,3.60699,16.5219,12.4292,446.78,448.465,5.1169,6.66446,8.68531,6.80617,6.39613,5.49044,5.49044,1.0,1.0,1
72192,31.05.2024 02:11:24.680000,115.356,-26.7792,6.50295,6.379,6.396,85.4955,3.42624,3.6052,14.1919,11.2505,446.79,448.49,4.96687,6.37398,8.79478,6.81308,6.39667,5.44705,5.44705,1.0,1.0,1
72193,31.05.2024 02:11:24.690000,100.195,-109.753,6.51316,6.396,6.395,85.4733,3.37611,3.60141,11.3768,9.33607,446.79,448.55,4.68616,5.90761,8.87166,6.86075,6.397,5.38918,5.38918,1.0,1.0,1
72194,31.05.2024 02:11:24.700000,100.195,-109.753,6.52115,6.396,6.395,85.4222,3.32577,3.60166,11.3768,9.33607,446.79,448.55,4.68616,5.90761,8.87166,6.86075,6.397,5.38918,5.38918,1.0,1.0,1
72195,31.05.2024 02:11:24.710000,100.195,-109.753,6.52115,6.396,6.395,85.4222,3.32577,3.60166,11.3768,9.33607,446.79,448.55,4.68616,5.90761,8.87166,6.86075,6.397,5.38918,5.38918,1.0,1.0,1
72196,31.05.2024 02:11:24.720000,59.4909,-111.813,6.52115,6.41,6.407,85.4222,3.31112,3.59813,10.0392,11.6336,446.84,448.63,4.48837,5.77532,8.59537,6.73345,6.39692,5.2011,5.2011,1.0,1.0,1
72197,31.05.2024 02:11:24.730000,59.4909,-111.813,6.52115,6.41,6.407,85.4222,3.31112,3.59813,10.0392,11.6336,446.84,448.63,4.48837,5.77532,8.59537,6.73345,6.39692,5.2011,5.2011,1.0,1.0,1
72198,31.05.2024 02:11:24.740000,41.6931,-135.626,6.50914,6.454,6.408,85.4236,3.30157,3.57987,7.54122,11.0455,446.875,448.7,4.62872,5.65703,8.55006,6.64939,6.39697,5.00579,5.00579,1.0,1.0,1
72199,31.05.2024 02:11:24.750000,3.79028,-164.877,6.51119,6.503,6.428,85.4053,3.35999,3.5806,7.83815,9.85337,446.87,448.82,4.44041,5.48013,8.1728,6.52481,6.39697,4.94792,4.94792,0.0,1.0,1
72200,31.05.2024 02:11:24.760000,-43.2587,-201.791,6.51119,6.52,6.468,85.4053,3.38985,3.58041,7.83815,9.85337,446.87,448.82,4.44041,5.48013,8.1728,6.52481,6.39697,4.80324,4.80324,0.0,1.0,1
72201,31.05.2024 02:11:24.770000,-63.1164,-231.784,6.51528,6.481,6.431,85.3836,3.42339,3.58439,12.0314,8.19481,446.885,448.855,4.27555,5.32285,8.04063,6.49418,6.39708,4.80324,4.80324,0.0,1.0,1
72202,31.05.2024 02:11:24.780000,-63.1164,-231.784,6.51528,6.481,6.431,85.3836,3.42339,3.58439,12.0314,8.19481,446.885,448.855,4.27555,5.32285,8.04063,6.49418,6.39708,4.80324,4.80324,0.0,1.0,1
72203,31.05.2024 02:11:24.790000,-63.1164,-231.784,6.51367,6.481,6.431,85.4791,3.47798,3.58498,15.2437,9.85799,446.905,448.895,4.18668,5.05058,8.10062,6.51645,6.39708,4.66581,4.66581,0.0,1.0,1
72204,31.05.2024 02:11:24.800000,-63.1164,-231.784,6.51367,6.481,6.431,85.4791,3.47798,3.58498,15.2437,9.85799,446.905,448.895,4.18668,5.05058,8.10062,6.51645,6.39708,4.66581,4.66581,0.0,1.0,1
72205,31.05.2024 02:11:24.810000,-108.023,-276.691,6.52952,6.484,6.47,85.4479,3.48971,3.60282,15.5287,9.25391,446.925,448.965,4.21369,4.66637,7.98518,6.55375,6.39767,4.44154,4.44154,0.0,1.0,1
72206,31.05.2024 02:11:24.820000,-110.001,-276.855,6.51609,6.481,6.438,85.47,3.43753,3.61645,15.3676,13.0701,446.945,449.07,4.26972,4.51114,7.97527,6.32174,6.39746,4.44154,4.44154,0.0,1.0,1
72207,31.05.2024 02:11:24.830000,-110.001,-276.855,6.51609,6.481,6.438,85.47,3.43753,3.61645,15.3676,13.0701,446.945,449.07,4.26972,4.51114,7.97527,6.32174,6.39746,4.44154,4.44154,0.0,1.0,1
72208,31.05.2024 02:11:24.840000,-110.001,-276.855,6.50623,6.481,6.438,85.4197,3.40769,3.62314,14.062,12.4809,446.96,449.145,4.1696,4.6952,8.10058,6.23391,6.39772,4.20283,4.20283,0.0,1.0,1
72209,31.05.2024 02:11:24.850000,-110.001,-276.855,6.50623,6.481,6.438,85.4197,3.40769,3.62314,14.062,12.4809,446.96,449.145,4.1696,4.6952,8.10058,6.23391,6.39772,4.20283,4.20283,0.0,1.0,1
72210,31.05.2024 02:11:24.860000,-115.192,-338.159,6.50945,6.495,6.429,85.4448,3.34672,3.63018,9.55612,11.5969,446.995,449.175,4.06914,4.83075,8.08424,6.18972,6.39803,4.39814,4.39814,0.0,1.0,1
72211,31.05.2024 02:11:24.870000,-115.192,-338.159,6.50945,6.495,6.429,85.4448,3.34672,3.63018,9.55612,11.5969,446.995,449.175,4.06914,4.83075,8.08424,6.18972,6.39803,4.39814,4.39814,0.0,1.0,1
72212,31.05.2024 02:11:24.880000,-129.364,-348.624,6.49831,6.509,6.445,85.4371,3.28931,3.62522,8.09035,12.3652,447.04,449.185,4.14027,4.7192,8.0412,6.21623,6.39871,3.89178,3.89178,0.0,1.0,1
72213,31.05.2024 02:11:24.890000,-129.364,-348.624,6.49831,6.509,6.445,85.4371,3.28931,3.62522,8.09035,12.3652,447.04,449.185,4.14027,4.7192,8.0412,6.21623,6.39871,3.89178,3.89178,0.0,1.0,1
72214,31.05.2024 02:11:24.900000,-131.836,-363.867,6.48503,6.508,6.413,85.4949,3.29,3.61867,6.08858,11.5883,447.055,449.235,4.26302,4.36307,8.138,6.2168,6.39908,3.73987,3.73987,0.0,1.0,1
72215,31.05.2024 02:11:24.910000,-131.836,-363.867,6.48503,6.508,6.413,85.4949,3.29,3.61867,6.08858,11.5883,447.055,449.235,4.26302,4.36307,8.138,6.2168,6.39908,3.73987,3.73987,0.0,1.0,1
72216,31.05.2024 02:11:24.920000,-150.293,-395.755,6.48685,6.51,6.434,85.5019,3.32898,3.60648,9.5938,10.7323,447.05,449.36,4.38636,4.28425,8.10918,6.27593,6.39988,3.74711,3.74711,0.0,1.0,1
72217,31.05.2024 02:11:24.930000,-150.293,-395.755,6.48685,6.51,6.434,85.5019,3.32898,3.60648,9.5938,10.7323,447.05,449.36,4.38636,4.28425,8.10918,6.27593,6.39988,3.74711,3.74711,0.0,1.0,1
72218,31.05.2024 02:11:24.940000,-167.514,-412.564,6.49843,6.482,6.381,85.5068,3.36144,3.59323,8.86631,8.50204,447.055,449.395,4.24106,4.31397,8.13568,6.34064,6.40025,3.73987,3.73987,0.0,1.0,1
72219,31.05.2024 02:11:24.950000,-187.042,-409.186,6.48867,6.499,6.424,85.5796,3.40746,3.5857,10.6888,6.80553,447.075,449.415,4.13261,4.44489,8.0746,6.30599,6.40039,3.67477,3.67477,0.0,1.0,1
72220,31.05.2024 02:11:24.960000,-187.042,-404.654,6.49765,6.5,6.424,85.5442,3.42512,3.58447,12.0377,7.17582,447.11,449.44,4.12226,4.25738,8.10447,6.22135,6.40052,3.67477,3.67477,0.0,1.0,1
72221,31.05.2024 02:11:24.970000,-197.754,-404.654,6.49765,6.5,6.408,85.5459,3.43559,3.58409,12.0377,7.17582,447.11,449.44,4.12226,4.25738,8.10447,6.22135,6.40052,3.67477,3.67477,0.0,1.0,1
72222,31.05.2024 02:11:24.980000,-208.383,-403.088,6.49345,6.505,6.389,85.5459,3.44534,3.58506,13.6574,9.27158,447.12,449.485,4.09592,4.01812,8.15262,6.12041,6.40069,3.67477,3.67477,0.0,1.0,1
72223,31.05.2024 02:11:24.990000,-208.383,-403.088,6.49345,6.505,6.389,85.5459,3.44534,3.58506,13.6574,9.27158,447.12,449.485,4.09592,4.01812,8.15262,6.12041,6.40069,3.67477,3.67477,0.0,1.0,1
72224,31.05.2024 02:11:25.000000,-208.383,-403.088,6.51122,6.505,6.389,85.5047,3.45112,3.59195,12.5732,6.12099,447.115,449.55,4.04658,4.12218,8.09418,6.01015,6.40102,3.67477,3.67477,0.0,1.0,1
72225,31.05.2024 02:11:25.010000,-237.387,-405.148,6.51809,6.473,6.413,85.4906,3.43598,3.59504,14.6904,7.95872,447.15,449.6,4.06231,4.21445,8.12992,5.92937,6.40118,3.73987,3.73987,0.0,1.0,1
72226,31.05.2024 02:11:25.020000,-237.387,-405.148,6.51809,6.473,6.413,85.4906,3.43598,3.59504,14.6904,7.95872,447.15,449.6,4.06231,4.21445,8.12992,5.92937,6.40118,3.73987,3.73987,0.0,1.0,1
72227,31.05.2024 02:11:25.030000,-237.387,-405.148,6.51115,6.473,6.413,85.4787,3.41103,3.59763,15.3944,11.7841,447.195,449.64,3.96242,4.28269,8.19025,5.99457,6.40118,3.44329,3.44329,0.0,1.0,1
72228,31.05.2024 02:11:25.040000,-237.387,-405.148,6.51115,6.473,6.413,85.4787,3.41103,3.59763,15.3944,11.7841,447.195,449.64,3.96242,4.28269,8.19025,5.99457,6.40118,3.44329,3.44329,0.0,1.0,1
72229,31.05.2024 02:11:25.050000,-241.342,-399.792,6.52653,6.482,6.389,85.4675,3.37691,3.59958,12.7983,8.50427,447.22,449.65,4.16548,4.39422,8.16265,5.84366,6.40152,3.44329,3.44329,0.0,1.0,1
72230,31.05.2024 02:11:25.060000,-241.342,-399.792,6.52653,6.482,6.389,85.4675,3.37691,3.59958,12.7983,8.50427,447.22,449.65,4.16548,4.39422,8.16265,5.84366,6.40152,3.44329,3.44329,0.0,1.0,1
72231,31.05.2024 02:11:25.070000,-278.339,-397.403,6.54473,6.511,6.412,85.4789,3.32438,3.59953,10.1335,9.59198,447.24,449.655,4.34008,4.3144,8.15258,5.74476,6.40201,3.25521,3.25521,0.0,1.0,1
72232,31.05.2024 02:11:25.080000,-278.339,-397.403,6.54473,6.511,6.412,85.4789,3.32438,3.59953,10.1335,9.59198,447.24,449.655,4.34008,4.3144,8.15258,5.74476,6.40201,3.25521,3.25521,0.0,1.0,1
72233,31.05.2024 02:11:25.090000,-286.99,-400.122,6.55783,6.511,6.419,85.4181,3.29642,3.59618,8.35647,8.43715,447.25,449.7,4.43256,4.02767,8.23491,5.66295,6.40214,3.29862,3.29862,0.0,1.0,1
72234,31.05.2024 02:11:25.100000,-286.99,-400.122,6.55783,6.511,6.419,85.4181,3.29642,3.59618,8.35647,8.43715,447.25,449.7,4.43256,4.02767,8.23491,5.66295,6.40214,3.29862,3.29862,0.0,1.0,1
72235,31.05.2024 02:11:25.110000,-321.35,-398.556,6.55455,6.497,6.457,85.489,3.30292,3.58924,7.41216,5.12361,447.28,449.75,4.48584,3.97028,8.32945,5.60311,6.4022,3.39265,3.39265,0.0,1.0,1
72236,31.05.2024 02:11:25.120000,-321.35,-398.556,6.55455,6.497,6.457,85.489,3.30292,3.58924,7.41216,5.12361,447.28,449.75,4.48584,3.97028,8.32945,5.60311,6.4022,3.39265,3.39265,0.0,1.0,1
72237,31.05.2024 02:11:25.130000,-330.826,-397.485,6.5466,6.513,6.47,85.4711,3.34259,3.58769,9.18076,5.88485,447.315,449.77,4.92907,3.90248,8.54339,5.50432,6.40281,3.35648,3.35648,0.0,1.0,1
72238,31.05.2024 02:11:25.140000,-358.594,-397.403,6.55414,6.563,6.498,85.4948,3.42643,3.59186,10.1424,6.97877,447.33,449.795,5.02181,3.70158,8.51012,5.31392,6.40321,3.35648,3.35648,0.0,1.0,1
72239,31.05.2024 02:11:25.150000,-358.594,-397.403,6.56758,6.563,6.498,85.478,3.446,3.59632,13.6282,9.57828,447.385,449.845,5.05303,3.64542,8.57679,5.18918,6.40332,3.39265,3.39265,0.0,1.0,1
72240,31.05.2024 02:11:25.160000,-366.009,-400.534,6.56758,6.565,6.479,85.478,3.45807,3.59892,13.6282,9.57828,447.385,449.845,5.05303,3.64542,8.57679,5.18918,6.40332,3.34924,3.34924,0.0,1.0,1
72241,31.05.2024 02:11:25.170000,-359.912,-401.77,6.5733,6.539,6.472,85.5466,3.46147,3.6003,14.981,9.41351,447.395,449.865,5.4201,3.61431,8.65893,5.22398,6.40363,3.34924,3.34924,0.0,1.0,1
72242,31.05.2024 02:11:25.180000,-359.912,-401.77,6.56533,6.539,6.472,85.5686,3.43549,3.61722,14.981,9.41351,447.395,449.865,5.4201,3.61431,8.65893,5.22398,6.40363,3.33478,3.33478,0.0,1.0,1
72243,31.05.2024 02:11:25.190000,-365.021,-399.792,6.56533,6.535,6.476,85.5686,3.41188,3.62282,14.6679,9.46505,447.39,449.89,5.48826,3.64657,8.79372,5.269,6.40422,3.34201,3.34201,0.0,1.0,1
72244,31.05.2024 02:11:25.200000,-365.021,-399.792,6.56533,6.535,6.476,85.5686,3.41188,3.62282,14.6679,9.46505,447.39,449.89,5.48826,3.64657,8.79372,5.269,6.40422,3.34201,3.34201,0.0,1.0,1
72245,31.05.2024 02:11:25.210000,-365.021,-401.688,6.5594,6.56,6.476,85.545,3.38301,3.6241,13.4015,9.44245,447.425,449.925,5.52099,3.568,8.85856,5.22541,6.40451,3.34924,3.34924,0.0,1.0,1
72246,31.05.2024 02:11:25.220000,-362.219,-398.227,6.55258,6.522,6.474,85.5503,3.29178,3.62562,10.1024,9.37373,447.435,449.99,5.53336,3.6222,8.90757,5.13452,6.40501,3.34924,3.34924,0.0,1.0,1
72247,31.05.2024 02:11:25.230000,-362.219,-398.227,6.55258,6.522,6.474,85.5503,3.29178,3.62562,10.1024,9.37373,447.435,449.99,5.53336,3.6222,8.90757,5.13452,6.40501,3.34924,3.34924,0.0,1.0,1
72248,31.05.2024 02:11:25.240000,-362.219,-398.227,6.54794,6.522,6.474,85.5768,3.26855,3.62499,8.64012,9.75794,447.45,450.0,5.57919,3.80168,8.99408,5.05084,6.40526,3.28414,3.28414,0.0,1.0,1
72249,31.05.2024 02:11:25.250000,-362.219,-398.227,6.54794,6.522,6.474,85.5768,3.26855,3.62499,8.64012,9.75794,447.45,450.0,5.57919,3.80168,8.99408,5.05084,6.40526,3.28414,3.28414,0.0,1.0,1
72250,31.05.2024 02:11:25.260000,-364.032,-397.897,6.54956,6.551,6.483,85.5211,3.24708,3.61781,3.93433,8.1256,447.495,450.005,5.43744,3.8434,8.94013,5.00478,6.40636,3.30584,3.30584,0.0,1.0,1
72251,31.05.2024 02:11:25.270000,-363.867,-401.44,6.52689,6.544,6.479,85.4973,3.27197,3.60605,4.71352,7.19181,447.55,450.045,5.50482,3.77477,8.94121,4.93739,6.4064,3.24074,3.24074,0.0,1.0,1
72252,31.05.2024 02:11:25.280000,-363.867,-399.133,6.53508,6.552,6.479,85.465,3.29001,3.60223,6.44517,7.4904,447.56,450.115,5.55299,3.77667,8.87863,5.00664,6.40728,3.24074,3.24074,0.0,1.0,1
72253,31.05.2024 02:11:25.290000,-363.867,-399.133,6.53508,6.552,6.479,85.465,3.29001,3.60223,6.44517,7.4904,447.56,450.115,5.55299,3.77667,8.87863,5.00664,6.40728,3.24074,3.24074,0.0,1.0,1
72254,31.05.2024 02:11:25.300000,-361.89,-399.133,6.53508,6.552,6.48,85.444,3.31475,3.59929,9.65411,7.98986,447.565,450.12,5.55876,4.09406,8.88975,4.92935,6.40728,3.24074,3.24074,0.0,1.0,1
72255,31.05.2024 02:11:25.310000,-361.89,-399.133,6.53508,6.552,6.48,85.444,3.31475,3.59929,9.65411,7.98986,447.565,450.12,5.55876,4.09406,8.88975,4.92935,6.40728,3.24074,3.24074,0.0,1.0,1
72256,31.05.2024 02:11:25.320000,-359.582,-398.474,6.5272,6.539,6.457,85.48,3.37838,3.59852,11.287,7.18296,447.57,450.105,5.30281,4.11094,8.87918,4.91805,6.40804,3.20457,3.20457,0.0,1.0,1
72257,31.05.2024 02:11:25.330000,-358.182,-403.006,6.52229,6.533,6.45,85.4675,3.40354,3.60347,13.6295,6.75319,447.615,450.15,5.01737,3.88632,8.9073,4.91288,6.40856,3.20457,3.20457,0.0,1.0,1
72258,31.05.2024 02:11:25.340000,-358.182,-403.006,6.52377,6.533,6.45,85.4394,3.41116,3.61,13.6295,6.75319,447.615,450.15,5.01737,3.88632,8.9073,4.91288,6.40856,3.25521,3.25521,0.0,1.0,1
72259,31.05.2024 02:11:25.350000,-354.886,-400.369,6.52377,6.521,6.456,85.4394,3.40794,3.61078,14.1494,6.18026,447.695,450.215,4.90554,3.98656,8.98353,4.91379,6.40871,3.49393,3.49393,0.0,1.0,1
72260,31.05.2024 02:11:25.360000,-354.886,-400.369,6.52377,6.521,6.456,85.4394,3.40794,3.61078,14.1494,6.18026,447.695,450.215,4.90554,3.98656,8.98353,4.91379,6.40871,3.49393,3.49393,0.0,1.0,1
72261,31.05.2024 02:11:25.370000,-354.886,-402.099,6.53109,6.525,6.456,85.4333,3.39788,3.61017,15.3182,9.68995,447.72,450.235,5.11159,4.42852,8.96751,4.92103,6.40895,3.49393,3.49393,0.0,1.0,1
72262,31.05.2024 02:11:25.380000,-353.815,-396.744,6.54349,6.502,6.433,85.3788,3.35305,3.609,11.2252,6.67434,447.73,450.235,5.02641,4.45271,9.04814,4.84081,6.40949,3.49393,3.49393,0.0,1.0,1
72263,31.05.2024 02:11:25.390000,-353.815,-396.744,6.54389,6.502,6.433,85.387,3.33503,3.60992,9.90703,6.56513,447.75,450.235,4.93881,4.20939,9.01505,4.80211,6.40981,3.15393,3.15393,0.0,1.0,1
72264,31.05.2024 02:11:25.400000,-360.324,-403.418,6.54389,6.457,6.441,85.387,3.31838,3.61075,9.90703,6.56513,447.75,450.235,4.93881,4.20939,9.01505,4.80211,6.40981,2.90799,2.90799,0.0,1.0,1
72265,31.05.2024 02:11:25.410000,-363.373,-403.253,6.54129,6.482,6.422,85.6032,3.30298,3.61047,9.66436,6.96544,447.815,450.28,4.75154,4.12351,9.01508,4.8053,6.4101,2.90799,2.90799,0.0,1.0,1
72266,31.05.2024 02:11:25.420000,-363.373,-403.253,6.54129,6.482,6.422,85.6032,3.30298,3.61047,9.66436,6.96544,447.815,450.28,4.75154,4.12351,9.01508,4.8053,6.4101,2.90799,2.90799,0.0,1.0,1
72267,31.05.2024 02:11:25.430000,-363.373,-403.253,6.54582,6.482,6.422,85.525,3.28541,3.61196,9.30591,8.11187,447.875,450.34,4.83114,4.09369,9.02413,4.68491,6.4101,2.90799,2.90799,0.0,1.0,1
72268,31.05.2024 02:11:25.440000,-363.373,-403.253,6.54582,6.482,6.422,85.525,3.28541,3.61196,9.30591,8.11187,447.875,450.34,4.83114,4.09369,9.02413,4.68491,6.4101,2.90799,2.90799,0.0,1.0,1
72269,31.05.2024 02:11:25.450000,-364.526,-397.156,6.55018,6.517,6.431,85.5578,3.28352,3.61147,9.75446,6.35285,447.895,450.385,4.95585,4.23978,9.11341,4.61483,6.4108,3.14669,3.14669,0.0,1.0,1
72270,31.05.2024 02:11:25.460000,-357.605,-394.437,6.55071,6.531,6.432,85.5252,3.3039,3.59584,8.53333,6.40427,447.895,450.395,4.99482,4.37172,9.13462,4.62538,6.41081,3.15393,3.15393,0.0,1.0,1
72271,31.05.2024 02:11:25.470000,-357.605,-394.437,6.55121,6.531,6.432,85.5107,3.31498,3.59425,9.21938,6.00911,447.915,450.415,4.79415,4.39774,9.18617,4.64945,6.41111,3.21181,3.21181,0.0,1.0,1
72272,31.05.2024 02:11:25.480000,-360.654,-404.901,6.55121,6.506,6.466,85.5107,3.3339,3.59138,9.21938,6.00911,447.915,450.415,4.79415,4.39774,9.18617,4.64945,6.41111,3.20457,3.20457,0.0,1.0,1
72273,31.05.2024 02:11:25.490000,-360.654,-404.901,6.55121,6.506,6.466,85.5107,3.3339,3.59138,9.21938,6.00911,447.915,450.415,4.79415,4.39774,9.18617,4.64945,6.41111,3.20457,3.20457,0.0,1.0,1
72274,31.05.2024 02:11:25.500000,-357.193,-402.923,6.54297,6.508,6.464,85.4792,3.35216,3.58499,11.2212,7.26562,447.945,450.455,4.67857,4.24518,9.18828,4.60785,6.41104,3.15393,3.15393,0.0,1.0,1
72275,31.05.2024 02:11:25.510000,-364.444,-400.452,6.53396,6.565,6.48,85.4682,3.39399,3.5875,12.0378,5.38112,447.995,450.49,4.4659,4.24864,9.26775,4.54261,6.41156,3.11776,3.11776,0.0,1.0,1
72276,31.05.2024 02:11:25.520000,-364.444,-402.182,6.54607,6.575,6.48,85.4435,3.40133,3.59107,12.8768,5.78757,448.06,450.51,4.43847,4.15432,9.19249,4.49018,6.41171,3.11776,3.11776,0.0,1.0,1
72277,31.05.2024 02:11:25.530000,-354.474,-402.182,6.54607,6.575,6.506,85.5433,3.40739,3.59553,12.8768,5.78757,448.06,450.51,4.43847,4.15432,9.19249,4.49018,6.41171,3.13947,3.13947,0.0,1.0,1
72278,31.05.2024 02:11:25.540000,-354.474,-396.744,6.54207,6.555,6.471,85.5433,3.40816,3.60168,14.3717,6.44132,448.095,450.57,4.55374,4.01334,9.22695,4.50921,6.41196,3.13947,3.13947,0.0,1.0,1
72279,31.05.2024 02:11:25.550000,-354.474,-396.744,6.54207,6.555,6.471,85.5433,3.40816,3.60168,14.3717,6.44132,448.095,450.57,4.55374,4.01334,9.22695,4.50921,6.41196,3.13947,3.13947,0.0,1.0,1
72280,31.05.2024 02:11:25.560000,-354.474,-396.744,6.53763,6.555,6.471,85.5462,3.39786,3.6075,14.6973,7.82798,448.09,450.6,4.61404,4.09501,9.23411,4.52991,6.41222,3.04542,3.04542,0.0,1.0,1
72281,31.05.2024 02:11:25.570000,-354.474,-396.744,6.53763,6.555,6.471,85.5462,3.39786,3.6075,14.6973,7.82798,448.09,450.6,4.61404,4.09501,9.23411,4.52991,6.41222,3.04542,3.04542,0.0,1.0,1
72282,31.05.2024 02:11:25.580000,-357.44,-396.249,6.5458,6.52,6.455,85.4432,3.36911,3.61698,13.2267,9.1274,448.125,450.61,4.4022,4.09356,9.11564,4.57377,6.41265,3.15393,3.15393,0.0,1.0,1
72283,31.05.2024 02:11:25.590000,-358.346,-403.747,6.55412,6.507,6.458,85.3936,3.30123,3.62192,12.9455,6.36988,448.165,450.62,4.46275,3.79678,9.03565,4.54577,6.41309,3.20457,3.20457,0.0,1.0,1
72284,31.05.2024 02:11:25.600000,-358.346,-405.478,6.53722,6.532,6.458,85.4164,3.2767,3.62057,10.4566,8.39184,448.18,450.675,4.49575,3.64147,9.08726,4.52993,6.41313,3.20457,3.20457,0.0,1.0,1
72285,31.05.2024 02:11:25.610000,-363.29,-405.478,6.53722,6.532,6.451,85.4287,3.2568,3.61832,10.4566,8.39184,448.18,450.675,4.49575,3.64147,9.08726,4.52993,6.41313,3.1033,3.1033,0.0,1.0,1
72286,31.05.2024 02:11:25.620000,-363.29,-405.478,6.53722,6.532,6.451,85.4287,3.2568,3.61832,10.4566,8.39184,448.18,450.675,4.49575,3.64147,9.08726,4.52993,6.41313,3.1033,3.1033,0.0,1.0,1
72287,31.05.2024 02:11:25.630000,-360.077,-399.38,6.52824,6.522,6.472,85.4287,3.2434,3.61587,8.02566,6.59859,448.19,450.735,4.4734,3.64087,8.98252,4.50026,6.4139,3.13947,3.13947,0.0,1.0,1
72288,31.05.2024 02:11:25.640000,-356.781,-401.935,6.51616,6.525,6.471,85.4735,3.25905,3.61206,5.96692,6.36321,448.22,450.785,4.34008,3.76766,8.91831,4.52675,6.41408,3.13947,3.13947,0.0,1.0,1
72289,31.05.2024 02:11:25.650000,-362.466,-400.452,6.51417,6.521,6.48,85.4868,3.28039,3.61143,7.44211,6.61929,448.255,450.8,4.18401,3.87634,8.92633,4.52603,6.41436,3.13947,3.13947,0.0,1.0,1
72290,31.05.2024 02:11:25.660000,-362.466,-400.452,6.52313,6.521,6.48,85.4254,3.34121,3.61069,7.44211,6.61929,448.255,450.8,4.18401,3.87634,8.92633,4.52603,6.41436,3.04542,3.04542,0.0,1.0,1
72291,31.05.2024 02:11:25.670000,-362.466,-400.452,6.52313,6.521,6.48,85.4254,3.34121,3.61069,7.44211,6.61929,448.255,450.8,4.18401,3.87634,8.92633,4.52603,6.41436,3.04542,3.04542,0.0,1.0,1
72292,31.05.2024 02:11:25.680000,-361.89,-396.496,6.52313,6.521,6.453,85.4254,3.36762,3.61172,9.60675,4.62543,448.26,450.82,4.14645,3.92933,8.87269,4.52745,6.41505,3.08883,3.08883,0.0,1.0,1
72293,31.05.2024 02:11:25.690000,-361.89,-396.496,6.52313,6.521,6.453,85.4254,3.36762,3.61172,9.60675,4.62543,448.26,450.82,4.14645,3.92933,8.87269,4.52745,6.41505,3.08883,3.08883,0.0,1.0,1
72294,31.05.2024 02:11:25.700000,-354.639,-398.804,6.53113,6.517,6.46,85.4458,3.40139,3.61373,12.4981,7.21732,448.255,450.825,3.91773,3.83814,8.74494,4.58118,6.41517,2.99479,2.99479,0.0,1.0,1
72295,31.05.2024 02:11:25.710000,-361.972,-394.601,6.52396,6.505,6.471,85.4794,3.38936,3.62219,13.1093,7.90085,448.31,450.965,3.40978,3.7074,8.60299,4.44338,6.4159,2.99479,2.99479,0.0,1.0,1
72296,31.05.2024 02:11:25.720000,-356.616,-397.897,6.52396,6.517,6.442,85.4794,3.37417,3.62495,13.1093,7.90085,448.31,450.965,3.40978,3.7074,8.60299,4.44338,6.4159,3.24798,3.24798,0.0,1.0,1
72297,31.05.2024 02:11:25.730000,-358.346,-402.759,6.5248,6.504,6.437,85.5314,3.35707,3.62852,13.4883,9.7714,448.355,451.035,3.29704,4.12144,8.48577,4.40859,6.41576,3.24798,3.24798,0.0,1.0,1
72298,31.05.2024 02:11:25.740000,-358.346,-402.759,6.52922,6.504,6.437,85.513,3.32168,3.63428,13.4883,9.7714,448.355,451.035,3.29704,4.12144,8.48577,4.40859,6.41576,3.39265,3.39265,0.0,1.0,1
72299,31.05.2024 02:11:25.750000,-359.582,-399.216,6.52922,6.496,6.419,85.513,3.30662,3.63503,12.6042,9.05361,448.375,451.03,3.37373,4.6065,8.44107,4.26475,6.41586,3.39265,3.39265,0.0,1.0,1
