,time,Pinceur Inf Mesure de courant,Pinceur Sup Mesure de courant,Mandrin - Vitesse Actuelle,Pinceur Sup Mesure vitesse lineaire,Pinceur Inf Mesure vitesse lineaire,Mandrin - Mesure Expansion,Pinceur Nord Position entrefer estimee,Pinceur Sud Position entrefer estimee,Pinceur Nord Force entrefer calibree,Pinceur Sud Force entrefer calibree,Guides Nord Entree Position mesuree,Guides Nord Sortie Position mesuree,Guides Nord Entree Force pour regulateur PI,Guides Nord Sortie Force pour regulateur PI,Guides Sud Entree Force pour regulateur PI,Guides Sud Sortie Force pour regulateur PI,Mandrin - Vitesse Actuelle F10,_Excentrage largeur bande jauge bob,_Excentrage largeur bande jauge bob.1,TDB pinceur,Fenetre,Declancheur
77400,31.05.2024 03:44:57.660000,123.761,80.4199,7.41256,6.752,6.575,39.2643,5.49917,4.4024,50.4307,20.8295,499.72,500.295,9.79111,8.01036,0.920404,0.455972,5.70612,37.3336,37.3336,1.0,1.0,1
77401,31.05.2024 03:44:57.670000,297.043,204.263,7.4114,6.403,6.125,39.1836,5.54873,4.32652,63.7955,18.6216,497.945,498.575,9.45092,7.8812,0.990839,0.494321,5.70654,37.2107,37.2107,1.0,1.0,1
77402,31.05.2024 03:44:57.680000,297.043,204.263,7.4165,6.403,6.125,39.2592,5.40555,4.34876,63.7955,18.6216,497.945,498.575,9.45092,7.8812,0.990839,0.494321,5.70654,37.2107,37.2107,1.0,1.0,1
77403,31.05.2024 03:44:57.690000,414.212,266.309,7.42225,6.379,5.968,39.2573,5.16954,4.34471,59.6263,22.5325,496.255,496.92,8.74235,7.03061,1.01146,0.411836,5.70685,37.2107,37.2107,1.0,1.0,1
77404,31.05.2024 03:44:57.700000,414.212,266.309,7.42225,6.379,5.968,39.2573,5.16954,4.34471,59.6263,22.5325,496.255,496.92,8.74235,7.03061,1.01146,0.411836,5.70685,37.2107,37.2107,1.0,1.0,1
77405,31.05.2024 03:44:57.710000,414.212,283.447,7.42225,6.426,5.968,39.2573,4.93039,4.35947,43.6827,29.2823,494.75,495.465,7.73457,5.63349,1.02791,0.378797,5.7076,35.8073,35.8073,1.0,1.0,1
77406,31.05.2024 03:44:57.720000,600.677,287.567,7.42012,6.398,5.646,39.2646,4.29593,4.45819,24.3448,30.3854,493.365,494.17,6.90307,4.92656,1.01739,0.39544,5.70851,35.7928,35.7928,1.0,1.0,1
77407,31.05.2024 03:44:57.730000,600.677,287.567,7.41992,6.398,5.646,39.2646,4.20446,4.48769,6.1702,25.8632,492.025,492.855,6.44641,5.46783,1.00241,0.382203,5.70891,35.7928,35.7928,1.0,1.0,1
77408,31.05.2024 03:44:57.740000,600.677,287.567,7.41992,6.398,5.646,39.2646,4.20446,4.48769,6.1702,25.8632,492.025,492.855,6.44641,5.46783,1.00241,0.382203,5.70891,35.7928,35.7928,1.0,1.0,1
77409,31.05.2024 03:44:57.750000,624.243,442.721,7.42075,6.055,5.743,39.1615,4.19228,4.49573,6.1702,25.8632,492.025,492.855,6.44641,5.46783,1.00241,0.382203,5.70891,35.9086,35.9086,1.0,1.0,1
77410,31.05.2024 03:44:57.760000,624.243,442.721,7.42075,6.055,5.743,39.1615,4.19228,4.49573,6.1702,25.8632,492.025,492.855,6.44641,5.46783,1.00241,0.382203,5.70891,35.9086,35.9086,1.0,1.0,1
77411,31.05.2024 03:44:57.770000,601.666,542.34,7.41952,5.941,5.898,39.1728,4.5078,4.42237,4.5126,37.968,490.735,491.475,6.0426,5.81295,1.10486,0.416814,5.70899,35.9086,35.9086,1.0,1.0,1
77412,31.05.2024 03:44:57.780000,601.666,542.34,7.41952,5.941,5.898,39.1728,4.5078,4.42237,4.5126,37.968,490.735,491.475,6.0426,5.81295,1.10486,0.416814,5.70899,35.9086,35.9086,1.0,1.0,1
77413,31.05.2024 03:44:57.790000,603.891,574.228,7.41531,6.001,5.832,39.234,4.80497,4.39471,24.7807,24.4981,488.09,488.675,6.7108,6.48766,0.945024,0.294091,5.70933,34.6716,34.6716,1.0,1.0,1
77414,31.05.2024 03:44:57.800000,660.333,666.595,7.41199,5.822,5.751,39.2819,4.99951,4.39688,37.0383,28.3754,486.735,487.23,7.58209,7.02257,0.904833,0.243451,5.70919,33.7674,33.7674,1.0,1.0,1
77415,31.05.2024 03:44:57.810000,660.333,666.595,7.41199,5.822,5.751,39.2819,4.99951,4.39688,37.0383,28.3754,486.735,487.23,7.58209,7.02257,0.904833,0.243451,5.70919,33.7674,33.7674,1.0,1.0,1
77416,31.05.2024 03:44:57.820000,660.333,666.595,7.4123,5.822,5.751,39.2819,4.99476,4.38491,40.9949,31.5491,485.295,485.76,8.71175,7.64857,0.847273,0.152021,5.70923,33.6154,33.6154,1.0,1.0,1
77417,31.05.2024 03:44:57.830000,660.333,666.595,7.4123,5.822,5.751,39.2819,4.99476,4.38491,40.9949,31.5491,485.295,485.76,8.71175,7.64857,0.847273,0.152021,5.70923,33.6154,33.6154,1.0,1.0,1
77418,31.05.2024 03:44:57.840000,699.719,700.543,7.4177,5.709,5.669,39.2433,4.907,4.32441,39.3392,23.6937,483.775,484.15,9.58371,8.15625,0.867582,0.220407,5.70923,32.6606,32.6606,1.0,1.0,1
77419,31.05.2024 03:44:57.850000,699.719,700.543,7.4177,5.709,5.669,39.2433,4.907,4.32441,39.3392,23.6937,483.775,484.15,9.58371,8.15625,0.867582,0.220407,5.70923,32.6606,32.6606,1.0,1.0,1
77420,31.05.2024 03:44:57.860000,700.955,702.273,7.42028,5.771,5.628,39.2101,4.64953,4.21712,33.2601,16.3084,482.205,482.52,10.1196,8.36571,0.820097,0.291883,5.70948,32.6534,32.6534,1.0,1.0,1
77421,31.05.2024 03:44:57.870000,700.049,710.595,7.42133,5.676,5.64,39.1953,4.45079,4.18284,25.7893,17.9608,480.61,480.92,10.2525,7.9867,0.790384,0.274892,5.7098,31.5611,31.5611,1.0,1.0,1
77422,31.05.2024 03:44:57.880000,700.049,710.595,7.42133,5.676,5.64,39.1953,4.45079,4.18284,25.7893,17.9608,480.61,480.92,10.2525,7.9867,0.790384,0.274892,5.7098,31.5611,31.5611,1.0,1.0,1
77423,31.05.2024 03:44:57.890000,700.461,695.434,7.42133,5.584,5.66,39.083,4.28072,4.19575,18.1599,11.8053,479.01,479.275,10.152,7.61419,0.72479,0.231332,5.70972,30.9534,30.9534,1.0,1.0,1
77424,31.05.2024 03:44:57.900000,700.461,695.434,7.42133,5.584,5.66,39.083,4.28072,4.19575,18.1599,11.8053,479.01,479.275,10.152,7.61419,0.72479,0.231332,5.70972,30.9534,30.9534,1.0,1.0,1
77425,31.05.2024 03:44:57.910000,697.412,696.753,7.41872,5.681,5.657,39.1179,4.2044,4.25352,8.24842,11.7942,477.43,477.63,9.93767,7.34004,0.661646,0.251027,5.70965,30.1939,30.1939,1.0,1.0,1
77426,31.05.2024 03:44:57.920000,694.775,694.775,7.42045,5.758,5.676,39.1415,4.30144,4.29056,6.62042,19.0202,475.845,475.985,9.95305,6.9972,0.647283,0.231038,5.70979,30.1939,30.1939,1.0,1.0,1
77427,31.05.2024 03:44:57.930000,694.775,694.775,7.42045,5.758,5.676,39.1415,4.30144,4.29056,6.62042,19.0202,475.845,475.985,9.95305,6.9972,0.647283,0.231038,5.70979,30.1939,30.1939,1.0,1.0,1
77428,31.05.2024 03:44:57.940000,686.783,695.187,7.42013,5.701,5.686,39.1716,4.3768,4.29288,9.12153,21.7733,474.265,474.36,10.0348,6.60265,0.695081,0.273874,5.70978,29.5356,29.5356,1.0,1.0,1
77429,31.05.2024 03:44:57.950000,686.783,695.187,7.42013,5.701,5.686,39.1716,4.3768,4.29288,9.12153,21.7733,474.265,474.36,10.0348,6.60265,0.695081,0.273874,5.70978,29.5356,29.5356,1.0,1.0,1
77430,31.05.2024 03:44:57.960000,692.056,688.348,7.41951,5.643,5.734,39.1958,4.5367,4.27726,13.6313,17.8308,472.63,472.785,10.3583,6.77946,0.737242,0.31764,5.70952,28.7833,28.7833,1.0,1.0,1
77431,31.05.2024 03:44:57.970000,692.056,688.348,7.41951,5.643,5.734,39.1958,4.5367,4.27726,13.6313,17.8308,472.63,472.785,10.3583,6.77946,0.737242,0.31764,5.70952,28.7833,28.7833,1.0,1.0,1
77432,31.05.2024 03:44:57.980000,690.82,686.371,7.42183,5.689,5.744,39.2362,4.67336,4.26862,27.6172,17.8314,469.295,469.535,10.5047,7.41556,0.86112,0.366697,5.70945,28.2841,28.2841,1.0,1.0,1
77433,31.05.2024 03:44:57.990000,690.161,689.831,7.41744,5.818,5.742,39.2729,4.64199,4.26809,28.3135,17.6809,467.61,467.905,10.4056,7.74286,0.743608,0.310235,5.70946,27.4812,27.4812,1.0,1.0,1
77434,31.05.2024 03:44:58.000000,690.161,689.831,7.4146,5.818,5.742,39.2736,4.60425,4.26794,28.3135,17.6809,467.61,467.905,10.4056,7.74286,0.743608,0.310235,5.70946,27.4812,27.4812,1.0,1.0,1
77435,31.05.2024 03:44:58.010000,690.161,689.831,7.4146,5.818,5.742,39.2736,4.60425,4.26794,28.3135,17.6809,467.61,467.905,10.4056,7.74286,0.743608,0.310235,5.70946,27.4812,27.4812,1.0,1.0,1
77436,31.05.2024 03:44:58.020000,693.127,684.393,7.41163,5.679,5.767,39.2037,4.56273,4.26766,27.3456,17.292,465.905,466.265,10.181,7.9424,0.766954,0.289605,5.70917,27.1918,27.1918,1.0,1.0,1
77437,31.05.2024 03:44:58.030000,693.127,684.393,7.41163,5.679,5.767,39.2037,4.56273,4.26766,27.3456,17.292,465.905,466.265,10.181,7.9424,0.766954,0.289605,5.70917,27.1918,27.1918,1.0,1.0,1
77438,31.05.2024 03:44:58.040000,693.786,684.228,7.422,5.692,5.763,39.1769,4.47111,4.26754,23.3825,17.9133,464.205,464.585,9.91001,8.21195,0.77004,0.350202,5.70915,27.1918,27.1918,1.0,1.0,1
77439,31.05.2024 03:44:58.050000,690.985,693.292,7.42464,5.767,5.757,39.1813,4.36419,4.27411,16.7638,16.4768,460.78,461.27,9.31727,8.64367,0.819025,0.292447,5.70926,26.6927,26.6927,1.0,1.0,1
77440,31.05.2024 03:44:58.060000,688.183,695.105,7.4268,5.765,5.728,39.1939,4.34037,4.28016,16.7638,16.4768,460.78,461.27,9.31727,8.64367,0.819025,0.292447,5.70926,26.6927,26.6927,1.0,1.0,1
77441,31.05.2024 03:44:58.070000,688.183,688.513,7.4268,5.697,5.737,39.1939,4.32381,4.28882,14.0739,21.7267,459.115,459.66,8.99069,8.74352,0.778795,0.22952,5.70915,26.3889,26.3889,1.0,1.0,1
77442,31.05.2024 03:44:58.080000,688.183,688.513,7.42446,5.697,5.737,39.2539,4.31425,4.29541,14.0739,21.7267,459.115,459.66,8.99069,8.74352,0.778795,0.22952,5.70915,26.3889,26.3889,1.0,1.0,1
77443,31.05.2024 03:44:58.090000,689.419,686.7,7.42463,5.702,5.719,39.2112,4.32016,4.29218,13.1702,21.3153,457.44,458.1,8.97231,9.05983,0.76079,0.265928,5.70935,25.6655,25.6655,1.0,1.0,1
77444,31.05.2024 03:44:58.100000,689.419,682.333,7.42463,5.755,5.719,39.2112,4.32998,4.28695,12.9046,19.1418,455.755,456.51,8.96408,9.838,0.764154,0.279691,5.70949,25.0579,25.0579,1.0,1.0,1
77445,31.05.2024 03:44:58.110000,687.524,682.333,7.42711,5.755,5.711,39.1245,4.34212,4.28047,12.9046,19.1418,455.755,456.51,8.96408,9.838,0.764154,0.279691,5.70949,25.0579,25.0579,1.0,1.0,1
77446,31.05.2024 03:44:58.120000,694.034,697.741,7.42711,5.772,5.709,38.9963,4.36779,4.2638,14.6431,16.1411,454.08,454.84,9.06797,10.5311,0.703493,0.29683,5.70952,24.1175,24.1175,1.0,1.0,1
77447,31.05.2024 03:44:58.130000,694.034,697.741,7.4197,5.772,5.709,38.9963,4.37967,4.25508,17.7205,18.7841,452.38,453.115,9.34144,10.9219,0.73459,0.294458,5.70961,23.6256,23.6256,1.0,1.0,1
77448,31.05.2024 03:44:58.140000,684.805,693.786,7.42017,5.704,5.72,39.0585,4.38325,4.2478,17.7205,18.7841,452.38,453.115,9.34144,10.9219,0.73459,0.294458,5.70961,23.6256,23.6256,1.0,1.0,1
77449,31.05.2024 03:44:58.150000,684.805,693.786,7.42017,5.704,5.72,39.0585,4.38325,4.2478,17.7205,18.7841,452.38,453.115,9.34144,10.9219,0.73459,0.294458,5.70961,23.6256,23.6256,1.0,1.0,1
77450,31.05.2024 03:44:58.160000,688.019,684.887,7.42017,5.673,5.716,39.0585,4.38063,4.23644,17.5677,17.4054,450.71,451.46,9.3876,10.9371,0.779787,0.311639,5.70963,23.6183,23.6183,1.0,1.0,1
77451,31.05.2024 03:44:58.170000,688.019,684.887,7.42017,5.673,5.716,39.0585,4.38063,4.23644,17.5677,17.4054,450.71,451.46,9.3876,10.9371,0.779787,0.311639,5.70963,23.6183,23.6183,1.0,1.0,1
77452,31.05.2024 03:44:58.180000,688.513,673.681,7.42334,5.734,5.735,39.1943,4.33714,4.2189,16.1975,14.5532,449.065,449.84,9.64126,11.1104,0.750261,0.270444,5.70949,23.0613,23.0613,1.0,1.0,1
77453,31.05.2024 03:44:58.190000,687.277,687.277,7.42145,5.793,5.732,39.2102,4.29992,4.21351,14.2339,14.8346,447.455,448.215,10.0447,11.3218,0.73459,0.208638,5.7094,21.1589,21.1589,1.0,1.0,1
77454,31.05.2024 03:44:58.200000,688.678,687.524,7.42145,5.801,5.74,39.2233,4.26575,4.22615,12.5756,15.9583,445.88,446.61,10.5196,11.6403,0.772295,0.295392,5.70936,21.1589,21.1589,1.0,1.0,1
77455,31.05.2024 03:44:58.210000,688.678,687.524,7.42145,5.801,5.74,39.2233,4.26575,4.22615,12.5756,15.9583,445.88,446.61,10.5196,11.6403,0.772295,0.295392,5.70936,21.1589,21.1589,1.0,1.0,1
77456,31.05.2024 03:44:58.220000,688.678,687.524,7.41736,5.801,5.74,39.2233,4.26041,4.23312,11.464,16.868,444.265,445.08,11.1239,12.0678,0.874735,0.3182,5.70934,19.3287,19.3287,1.0,1.0,1
77457,31.05.2024 03:44:58.230000,688.678,687.524,7.41736,5.801,5.74,39.2233,4.26041,4.23312,11.464,16.868,444.265,445.08,11.1239,12.0678,0.874735,0.3182,5.70934,19.3287,19.3287,1.0,1.0,1
77458,31.05.2024 03:44:58.240000,693.045,687.442,7.41626,5.758,5.737,39.192,4.27762,4.2655,12.7037,17.2469,442.74,443.485,11.8479,12.9974,1.27852,0.255304,5.70932,15.2127,15.2127,1.0,1.0,1
77459,31.05.2024 03:44:58.250000,696.176,685.959,7.39045,5.814,5.717,39.2809,4.31394,4.26467,12.9791,20.054,441.375,441.955,13.0542,13.9169,2.74679,0.249208,5.70945,15.2127,15.2127,1.0,1.0,1
77460,31.05.2024 03:44:58.260000,696.176,690.655,7.39045,5.759,5.717,39.2809,4.31261,4.25814,14.8131,19.8129,440.06,440.43,15.2715,14.9782,4.63154,0.304281,5.70953,15.1765,15.1765,1.0,1.0,1
77461,31.05.2024 03:44:58.270000,692.303,690.655,7.40388,5.759,5.691,39.4666,4.3017,4.2583,14.8131,19.8129,440.06,440.43,15.2715,14.9782,4.63154,0.304281,5.70953,15.1765,15.1765,1.0,1.0,1
77462,31.05.2024 03:44:58.280000,692.303,690.655,7.40388,5.759,5.691,39.4666,4.3017,4.2583,14.8131,19.8129,440.06,440.43,15.2715,14.9782,4.63154,0.304281,5.70953,15.1765,15.1765,1.0,1.0,1
77463,31.05.2024 03:44:58.290000,693.951,699.06,7.40388,5.695,5.711,39.907,4.24831,4.25249,14.5932,17.3444,438.615,438.94,17.7183,16.2229,6.01819,0.548452,5.70958,10.2286,10.2286,1.0,1.0,1
77464,31.05.2024 03:44:58.300000,694.61,696.505,7.41954,5.741,5.717,40.6338,4.1861,4.25379,11.5829,17.9181,437.13,437.39,19.8547,17.5476,7.19816,0.818677,5.70983,10.2286,10.2286,1.0,1.0,1
77465,31.05.2024 03:44:58.310000,692.798,687.936,7.41954,5.846,5.735,40.6338,4.16744,4.25112,12.1145,20.7737,435.52,435.82,21.7501,18.6333,8.79902,1.0952,5.70992,8.57206,8.57206,1.0,1.0,1
77466,31.05.2024 03:44:58.320000,692.798,687.936,7.40329,5.846,5.735,41.3714,4.14898,4.22201,12.1145,20.7737,435.52,435.82,21.7501,18.6333,8.79902,1.0952,5.70992,8.57206,8.57206,1.0,1.0,1
77467,31.05.2024 03:44:58.330000,692.798,687.936,7.40329,5.846,5.735,41.3714,4.14898,4.22201,12.1145,20.7737,435.52,435.82,21.7501,18.6333,8.79902,1.0952,5.70992,8.57206,8.57206,1.0,1.0,1
77468,31.05.2024 03:44:58.340000,687.524,688.925,7.38864,5.85,5.758,42.2425,4.14956,4.2196,9.29544,17.0558,433.765,434.345,22.3799,18.4497,10.7765,1.21833,5.70994,6.58999,6.58999,1.0,1.0,1
77469,31.05.2024 03:44:58.350000,687.524,688.925,7.38864,5.85,5.758,42.2425,4.14956,4.2196,9.29544,17.0558,433.765,434.345,22.3799,18.4497,10.7765,1.21833,5.70994,6.58999,6.58999,1.0,1.0,1
77470,31.05.2024 03:44:58.360000,687.524,684.146,7.39423,5.771,5.754,43.1179,4.19376,4.23612,8.59776,13.587,433.095,433.475,14.7903,9.46145,11.7755,1.56944,5.70979,6.58999,6.58999,1.0,1.0,1
77471,31.05.2024 03:44:58.370000,687.524,684.146,7.39423,5.771,5.754,43.1179,4.19376,4.23612,8.59776,13.587,433.095,433.475,14.7903,9.46145,11.7755,1.56944,5.70979,6.58999,6.58999,1.0,1.0,1
77472,31.05.2024 03:44:58.380000,693.045,687.936,7.39729,5.787,5.726,44.0887,4.34676,4.24318,17.1659,22.993,433.08,434.6,9.45413,9.98214,13.1112,3.32884,5.70997,5.44705,5.44705,1.0,1.0,1
77473,31.05.2024 03:44:58.390000,693.045,687.936,7.39729,5.787,5.726,44.0887,4.34676,4.24318,17.1659,22.993,433.08,434.6,9.45413,9.98214,13.1112,3.32884,5.70997,5.44705,5.44705,1.0,1.0,1
77474,31.05.2024 03:44:58.400000,689.007,692.88,7.4046,5.754,5.651,44.9909,4.38672,4.24879,20.336,13.7802,433.655,434.52,7.28648,12.1743,13.4766,3.78318,5.70989,4.6875,4.6875,1.0,1.0,1
77475,31.05.2024 03:44:58.410000,692.138,683.652,7.40002,5.696,5.678,47.1876,4.28287,4.24194,18.786,15.0313,433.88,434.735,8.76805,12.0977,13.5229,4.01798,5.7102,4.28964,4.28964,1.0,1.0,1
77476,31.05.2024 03:44:58.420000,689.007,692.88,7.4046,5.754,5.651,44.9909,4.38672,4.24879,20.336,13.7802,433.655,434.52,7.28648,12.1743,13.4766,3.78318,5.70989,4.6875,4.6875,1.0,1.0,1
77477,31.05.2024 03:44:58.430000,689.255,680.108,7.40392,5.782,5.741,48.2773,4.14552,4.21688,20.336,13.7802,433.655,434.52,7.28648,12.1743,13.4766,3.78318,5.71043,4.6875,4.6875,1.0,1.0,1
77478,31.05.2024 03:44:58.440000,688.183,683.157,7.40392,5.879,5.784,49.6261,4.01557,4.19619,8.86492,15.2168,433.98,434.69,12.3487,16.2203,13.4239,4.34433,5.71054,5.3096,5.3096,1.0,1.0,1
77479,31.05.2024 03:44:58.450000,688.183,683.157,7.37722,5.879,5.784,49.6261,3.96611,4.19645,5.07872,10.6541,433.815,434.455,12.3754,15.0042,13.0988,4.37115,5.71078,5.36025,5.36025,1.0,1.0,1
77480,31.05.2024 03:44:58.460000,685.135,680.932,7.37878,5.92,5.823,50.7918,3.93984,4.18256,5.07872,10.6541,433.815,434.455,12.3754,15.0042,13.0988,4.37115,5.71078,5.36025,5.36025,1.0,1.0,1
77481,31.05.2024 03:44:58.470000,677.472,681.097,7.37878,5.927,5.861,50.7918,3.92551,4.15906,1.33465,13.816,433.755,434.435,11.4235,12.7461,12.8503,4.36206,5.7107,5.44705,5.44705,1.0,1.0,1
77482,31.05.2024 03:44:58.480000,677.472,681.097,7.37878,5.927,5.861,50.7918,3.92551,4.15906,1.33465,13.816,433.755,434.435,11.4235,12.7461,12.8503,4.36206,5.7107,5.44705,5.44705,1.0,1.0,1
77483,31.05.2024 03:44:58.490000,677.472,681.097,7.35834,5.927,5.861,52.0448,3.94713,4.13286,0.203071,8.91239,433.785,434.565,10.0993,11.4589,12.6289,4.34108,5.7107,5.45428,5.45428,1.0,1.0,1
77484,31.05.2024 03:44:58.500000,653.164,654.4,7.30279,6.077,5.986,53.1611,4.03628,4.1167,3.48151,3.07778,433.99,434.795,9.22721,10.4587,12.3726,4.34836,5.71115,5.5628,5.5628,1.0,1.0,1
77485,31.05.2024 03:44:58.510000,639.981,654.4,7.20001,6.077,5.987,54.2963,4.09814,4.12148,3.48151,3.07778,433.99,434.795,9.22721,10.4587,12.3726,4.34836,5.71115,5.5628,5.5628,1.0,1.0,1
77486,31.05.2024 03:44:58.520000,658.438,595.898,7.20001,6.177,5.984,55.5236,4.21859,4.14474,9.05595,11.0415,434.185,435.125,9.72688,10.6635,12.4064,4.2157,5.71154,5.5628,5.5628,1.0,1.0,1
77487,31.05.2024 03:44:58.530000,658.438,595.898,7.20001,6.177,5.984,55.5236,4.21859,4.14474,9.05595,11.0415,434.185,435.125,9.72688,10.6635,12.4064,4.2157,5.71154,5.5628,5.5628,1.0,1.0,1
77488,31.05.2024 03:44:58.540000,658.438,595.898,7.16927,6.177,5.984,55.5236,4.26458,4.15897,14.9209,12.6015,434.295,435.255,10.7915,12.4427,12.4459,4.18408,5.71191,6.51041,6.51041,1.0,1.0,1
77489,31.05.2024 03:44:58.550000,658.438,595.898,7.16927,6.177,5.984,55.5236,4.26458,4.15897,14.9209,12.6015,434.295,435.255,10.7915,12.4427,12.4459,4.18408,5.71191,6.51041,6.51041,1.0,1.0,1
77490,31.05.2024 03:44:58.560000,682.58,668.985,7.18549,6.028,5.802,56.7776,4.307,4.21018,17.07,11.9087,434.29,435.085,11.8667,13.278,12.2802,4.14056,5.71249,6.99508,6.99508,1.0,1.0,1
77491,31.05.2024 03:44:58.570000,682.58,668.985,7.18549,6.028,5.802,56.7776,4.307,4.21018,17.07,11.9087,434.29,435.085,11.8667,13.278,12.2802,4.14056,5.71249,6.99508,6.99508,1.0,1.0,1
77492,31.05.2024 03:44:58.580000,681.839,668.243,7.10445,6.111,5.798,59.085,4.2796,4.26568,20.1185,16.9887,434.23,434.96,12.1762,11.8926,12.1896,4.0855,5.71339,7.05294,7.05294,1.0,1.0,1
77493,31.05.2024 03:44:58.590000,681.839,668.243,7.10445,6.111,5.798,59.085,4.2796,4.26568,20.1185,16.9887,434.23,434.96,12.1762,11.8926,12.1896,4.0855,5.71339,7.05294,7.05294,1.0,1.0,1
77494,31.05.2024 03:44:58.600000,655.801,671.622,7.08516,6.123,5.686,60.3633,4.26389,4.29567,20.0752,22.8159,434.225,435.1,11.8056,9.96032,12.1475,3.93229,5.71419,7.05294,7.05294,1.0,1.0,1
77495,31.05.2024 03:44:58.610000,655.801,671.622,7.08516,6.123,5.686,60.3633,4.26389,4.29567,20.0752,22.8159,434.225,435.1,11.8056,9.96032,12.1475,3.93229,5.71419,7.05294,7.05294,1.0,1.0,1
77496,31.05.2024 03:44:58.620000,623.501,699.472,7.12751,6.001,5.644,61.6901,4.28202,4.28286,18.9606,22.3624,434.315,435.375,10.8448,10.0536,12.0047,3.8067,5.71536,7.86314,7.86314,1.0,1.0,1
77497,31.05.2024 03:44:58.630000,623.501,699.472,7.12751,6.001,5.644,61.6901,4.28202,4.28286,18.9606,22.3624,434.315,435.375,10.8448,10.0536,12.0047,3.8067,5.71536,7.86314,7.86314,1.0,1.0,1
77498,31.05.2024 03:44:58.640000,592.438,659.509,7.11364,5.93,5.591,62.9221,4.25761,4.22023,18.9752,20.0375,434.395,435.495,10.6475,9.84053,12.0396,3.70032,5.71626,7.86314,7.86314,1.0,1.0,1
77499,31.05.2024 03:44:58.650000,592.438,659.509,7.11364,5.93,5.591,62.9221,4.25761,4.22023,18.9752,20.0375,434.395,435.495,10.6475,9.84053,12.0396,3.70032,5.71626,7.86314,7.86314,1.0,1.0,1
77500,31.05.2024 03:44:58.660000,555.688,630.176,7.08537,5.936,5.817,65.2102,4.21394,4.17346,16.1931,15.1825,434.49,435.59,10.5351,10.0132,12.0259,3.68105,5.71657,8.3695,8.3695,1.0,1.0,1
77501,31.05.2024 03:44:58.670000,555.688,630.176,7.08537,5.936,5.817,65.2102,4.21394,4.17346,16.1931,15.1825,434.49,435.59,10.5351,10.0132,12.0259,3.68105,5.71657,8.3695,8.3695,1.0,1.0,1
77502,31.05.2024 03:44:58.680000,563.681,622.76,7.04655,5.875,5.761,66.3057,4.14929,4.14491,16.4576,14.7276,434.52,435.595,10.7626,10.2639,11.9902,3.691,5.71689,8.76737,8.76737,1.0,1.0,1
77503,31.05.2024 03:44:58.690000,562.61,606.61,7.0198,5.823,5.667,67.4696,4.042,4.13272,8.64511,10.0851,434.51,435.585,10.3539,9.39541,11.9969,3.56505,5.71696,8.77459,8.77459,1.0,1.0,1
77504,31.05.2024 03:44:58.700000,553.711,609.741,7.04535,5.869,5.73,68.527,4.007,4.12905,8.64511,10.0851,434.51,435.585,10.3539,9.39541,11.9969,3.56505,5.71696,8.77459,8.77459,1.0,1.0,1
77505,31.05.2024 03:44:58.710000,573.733,607.928,7.04535,5.914,5.791,68.527,3.97449,4.1279,6.8022,11.2951,434.56,435.735,9.72914,8.87897,11.9871,3.47402,5.71696,9.67882,9.67882,1.0,1.0,1
77506,31.05.2024 03:44:58.720000,573.733,607.928,7.05589,5.914,5.791,69.577,3.94877,4.1366,6.8022,11.2951,434.56,435.735,9.72914,8.87897,11.9871,3.47402,5.71696,9.67882,9.67882,1.0,1.0,1
77507,31.05.2024 03:44:58.730000,558.325,602.408,6.98478,5.902,5.828,70.7447,3.96769,4.13049,4.59747,11.2217,434.665,435.89,9.17704,9.0205,12.1124,3.46058,5.71716,10.026,10.026,1.0,1.0,1
77508,31.05.2024 03:44:58.740000,558.325,602.408,6.98478,5.902,5.828,70.7447,3.9989,4.12958,5.89694,11.3313,434.77,435.96,9.2223,9.79512,12.0979,3.44619,5.71695,10.1779,10.1779,1.0,1.0,1
77509,31.05.2024 03:44:58.750000,574.228,605.786,6.88776,5.94,5.912,71.8248,4.04128,4.13354,5.89694,11.3313,434.77,435.96,9.2223,9.79512,12.0979,3.44619,5.71695,10.1779,10.1779,1.0,1.0,1
77510,31.05.2024 03:44:58.760000,571.591,608.835,6.88776,6.023,5.883,72.901,4.14216,4.13581,10.1789,13.1954,434.815,435.9,9.37408,10.0824,12.1995,3.46119,5.71673,10.2792,10.2792,1.0,1.0,1
77511,31.05.2024 03:44:58.770000,571.591,608.835,6.89198,6.023,5.883,72.901,4.17811,4.1325,13.6591,12.8752,434.785,435.91,9.33496,9.5238,12.3555,3.49302,5.71639,10.2792,10.2792,1.0,1.0,1
77512,31.05.2024 03:44:58.780000,567.718,612.625,6.90254,6.059,5.895,74.1378,4.19879,4.13503,13.6591,12.8752,434.785,435.91,9.33496,9.5238,12.3555,3.49302,5.71639,10.2792,10.2792,1.0,1.0,1
77513,31.05.2024 03:44:58.790000,564.999,610.4,6.90254,5.983,5.912,74.1378,4.19864,4.1428,17.7258,10.2925,434.785,435.955,8.72484,8.97981,12.2072,3.44171,5.71652,10.4311,10.4311,1.0,1.0,1
77514,31.05.2024 03:44:58.800000,564.999,610.4,6.90254,5.983,5.912,74.1378,4.19864,4.1428,17.7258,10.2925,434.785,435.955,8.72484,8.97981,12.2072,3.44171,5.71652,10.4311,10.4311,1.0,1.0,1
77515,31.05.2024 03:44:58.810000,564.999,610.4,6.80599,5.983,5.912,75.2658,4.14165,4.15309,16.2942,13.0052,434.86,436.005,7.97372,8.72012,11.7207,3.42541,5.71652,10.5975,10.5975,1.0,1.0,1
77516,31.05.2024 03:44:58.820000,565.411,613.037,6.71397,6.084,5.941,76.2546,4.04613,4.15753,13.2395,13.8356,434.97,436.095,7.65883,8.62728,11.5776,3.49701,5.7167,10.5975,10.5975,1.0,1.0,1
77517,31.05.2024 03:44:58.830000,562.527,613.037,6.6741,6.084,6.003,77.2329,3.99599,4.17309,13.2395,13.8356,434.97,436.095,7.65883,8.62728,11.5776,3.49701,5.7167,10.5975,10.5975,1.0,1.0,1
77518,31.05.2024 03:44:58.840000,589.883,611.636,6.6741,6.138,5.943,78.3124,3.93256,4.18663,8.16886,13.0107,435.02,436.175,7.79776,8.65163,11.5057,3.47594,5.71707,10.6843,10.6843,1.0,1.0,1
77519,31.05.2024 03:44:58.850000,589.883,611.636,6.54596,6.138,5.943,78.3124,3.91711,4.1855,4.69304,14.4808,435.05,436.2,7.88848,9.05181,11.4112,3.41731,5.71746,10.9447,10.9447,1.0,1.0,1
77520,31.05.2024 03:44:58.860000,567.718,617.651,6.45395,6.092,5.893,79.294,3.92047,4.18937,4.69304,14.4808,435.05,436.2,7.88848,9.05181,11.4112,3.41731,5.71746,10.9447,10.9447,1.0,1.0,1
77521,31.05.2024 03:44:58.870000,559.396,607.434,6.45395,6.035,5.963,79.294,3.92976,4.18439,4.69278,13.8191,435.05,436.17,7.79959,9.18683,11.3792,3.51167,5.7182,11.1328,11.1328,1.0,1.0,1
77522,31.05.2024 03:44:58.880000,559.396,607.434,6.44036,6.035,5.963,80.2006,3.97515,4.14196,4.69278,13.8191,435.05,436.17,7.79959,9.18683,11.3792,3.51167,5.7182,11.1328,11.1328,1.0,1.0,1
77523,31.05.2024 03:44:58.890000,569.037,604.797,6.30761,6.05,6.022,81.1404,4.00891,4.13293,6.62385,12.5843,435.04,436.135,7.55118,8.74634,11.3051,3.55226,5.71871,11.0894,11.0894,1.0,1.0,1
77524,31.05.2024 03:44:58.900000,569.037,597.958,6.30761,6.131,6.022,81.1404,4.04013,4.11846,10.0235,11.7541,435.07,436.18,7.19935,7.96381,10.9636,3.51898,5.71932,11.046,11.046,1.0,1.0,1
77525,31.05.2024 03:44:58.910000,561.044,597.958,6.12312,6.131,6.052,82.1257,4.07219,4.09397,10.0235,11.7541,435.07,436.18,7.19935,7.96381,10.9636,3.51898,5.71932,11.046,11.046,1.0,1.0,1
77526,31.05.2024 03:44:58.920000,578.183,554.452,6.12312,6.193,5.981,83.0594,4.1257,4.09025,12.6585,8.39087,435.13,436.275,6.81443,7.65444,10.6889,3.63706,5.72014,11.14,11.14,1.0,1.0,1
77527,31.05.2024 03:44:58.930000,578.183,554.452,6.12312,6.193,5.981,83.0594,4.1257,4.09025,12.6585,8.39087,435.13,436.275,6.81443,7.65444,10.6889,3.63706,5.72014,11.14,11.14,1.0,1.0,1
77528,31.05.2024 03:44:58.940000,578.183,554.452,6.01566,6.193,5.981,83.0594,4.14118,4.11161,15.7065,9.56155,435.19,436.36,6.7154,7.91651,10.5735,3.63856,5.72099,11.0388,11.0388,1.0,1.0,1
77529,31.05.2024 03:44:58.950000,570.19,581.067,6.00257,6.065,5.729,84.0581,4.10766,4.17059,16.6125,10.9873,435.22,436.365,6.76723,8.30004,10.5273,3.6959,5.72204,11.5451,11.5451,1.0,1.0,1
77530,31.05.2024 03:44:58.960000,570.19,581.067,5.92126,6.065,5.729,85.0201,4.07966,4.19328,16.6125,10.9873,435.22,436.365,6.76723,8.30004,10.5273,3.6959,5.72204,11.5451,11.5451,1.0,1.0,1
77531,31.05.2024 03:44:58.970000,562.939,576.123,5.8194,6.088,5.72,85.804,4.0495,4.21625,13.2484,15.5326,435.25,436.335,6.8771,8.1317,10.1124,3.67235,5.72253,11.5451,11.5451,1.0,1.0,1
77532,31.05.2024 03:44:58.980000,562.939,576.123,5.8194,6.088,5.72,85.804,4.0495,4.21625,13.2484,15.5326,435.25,436.335,6.8771,8.1317,10.1124,3.67235,5.72253,11.5451,11.5451,1.0,1.0,1
77533,31.05.2024 03:44:58.990000,562.939,568.542,5.8194,6.092,5.72,85.804,4.03303,4.23501,13.6541,16.4061,435.265,436.34,6.8983,7.74819,9.8315,3.69319,5.7234,11.5451,11.5451,1.0,1.0,1
77534,31.05.2024 03:44:59.000000,562.939,568.542,5.8194,6.092,5.72,85.804,4.03303,4.23501,13.6541,16.4061,435.265,436.34,6.8983,7.74819,9.8315,3.69319,5.7234,11.5451,11.5451,1.0,1.0,1
77535,31.05.2024 03:44:59.010000,573.733,583.868,5.7043,6.009,5.666,87.2417,4.04831,4.24625,10.6991,21.9434,435.27,436.365,6.74801,7.40932,9.87754,3.74388,5.72399,11.4945,11.4945,1.0,1.0,1
77536,31.05.2024 03:44:59.020000,569.449,616.498,5.57697,5.932,5.522,87.9666,4.07123,4.26294,13.1234,18.7934,435.265,436.385,6.49032,7.30967,9.79845,3.73746,5.72421,11.7043,11.7043,1.0,1.0,1
77537,31.05.2024 03:44:59.030000,556.677,606.198,5.57697,5.942,5.551,87.9666,4.10744,4.25039,15.193,20.4688,435.29,436.41,6.10885,7.04459,9.56119,3.82573,5.72449,11.7043,11.7043,1.0,1.0,1
77538,31.05.2024 03:44:59.040000,556.677,606.198,5.57369,5.942,5.551,88.5817,4.1352,4.25116,15.193,20.4688,435.29,436.41,6.10885,7.04459,9.56119,3.82573,5.72449,11.7043,11.7043,1.0,1.0,1
77539,31.05.2024 03:44:59.050000,556.677,606.198,5.57369,5.942,5.551,88.5817,4.1352,4.25116,15.193,20.4688,435.29,436.41,6.10885,7.04459,9.56119,3.82573,5.72449,11.7043,11.7043,1.0,1.0,1
77540,31.05.2024 03:44:59.060000,579.666,612.213,5.5541,5.928,5.51,89.1227,4.15642,4.24567,17.8462,21.6296,435.36,436.47,6.00775,6.89565,9.35613,3.70456,5.72437,11.8056,11.8056,1.0,1.0,1
77541,31.05.2024 03:44:59.070000,557.007,616.498,5.49065,5.849,5.527,89.5653,4.1731,4.17901,18.0088,21.7036,435.405,436.495,6.14264,7.15359,9.20223,3.74346,5.7246,11.7983,11.7983,1.0,1.0,1
77542,31.05.2024 03:44:59.080000,573.157,610.153,5.49065,5.761,5.502,89.8559,4.15284,4.1681,19.9065,12.9492,435.38,436.465,6.26819,7.12677,8.98167,3.67013,5.72385,11.7983,11.7983,1.0,1.0,1
77543,31.05.2024 03:44:59.090000,573.157,610.153,5.49065,5.761,5.502,89.8559,4.15284,4.1681,19.9065,12.9492,435.38,436.465,6.26819,7.12677,8.98167,3.67013,5.72385,11.7983,11.7983,1.0,1.0,1
77544,31.05.2024 03:44:59.100000,573.157,610.153,5.48275,5.761,5.502,89.8559,4.14068,4.1575,16.9398,12.9589,435.39,436.465,6.12242,6.79524,8.93117,3.74099,5.72333,12.0515,12.0515,1.0,1.0,1
77545,31.05.2024 03:44:59.110000,573.157,610.153,5.48275,5.761,5.502,89.8559,4.14068,4.1575,16.9398,12.9589,435.39,436.465,6.12242,6.79524,8.93117,3.74099,5.72333,12.0515,12.0515,1.0,1.0,1
77546,31.05.2024 03:44:59.120000,553.464,610.812,5.49491,5.761,5.479,90.1368,4.13718,4.16539,16.9678,15.9145,435.4,436.48,5.83272,6.59051,8.69183,3.87335,5.72244,12.254,12.254,1.0,1.0,1
77547,31.05.2024 03:44:59.130000,553.464,610.812,5.49491,5.761,5.479,90.1368,4.13718,4.16539,16.9678,15.9145,435.4,436.48,5.83272,6.59051,8.69183,3.87335,5.72244,12.254,12.254,1.0,1.0,1
77548,31.05.2024 03:44:59.140000,577.359,612.79,5.53457,5.699,5.561,90.8359,4.16054,4.18415,19.119,18.4475,435.44,436.51,5.61671,6.49661,8.4642,3.8197,5.72134,12.3626,12.3626,1.0,1.0,1
77549,31.05.2024 03:44:59.150000,577.359,612.79,5.53457,5.699,5.561,90.8359,4.16054,4.18415,19.119,18.4475,435.44,436.51,5.61671,6.49661,8.4642,3.8197,5.72134,12.3626,12.3626,1.0,1.0,1
77550,31.05.2024 03:44:59.160000,554.37,607.928,5.55363,5.637,5.523,91.0845,4.18764,4.21738,17.466,16.3126,435.465,436.51,5.69276,6.51411,8.55105,3.84228,5.72036,12.3626,12.3626,1.0,1.0,1
77551,31.05.2024 03:44:59.170000,554.37,607.928,5.55363,5.637,5.523,91.0845,4.18764,4.21738,17.466,16.3126,435.465,436.51,5.69276,6.51411,8.55105,3.84228,5.72036,12.3626,12.3626,1.0,1.0,1
77552,31.05.2024 03:44:59.180000,574.145,611.307,5.61743,5.582,5.575,91.1734,4.18357,4.2308,20.4738,20.3155,435.505,436.52,5.57903,6.40194,8.3456,3.90714,5.71775,12.4638,12.4638,1.0,1.0,1
77553,31.05.2024 03:44:59.190000,574.145,611.307,5.61743,5.582,5.575,91.1734,4.18357,4.2308,20.4738,20.3155,435.505,436.52,5.57903,6.40194,8.3456,3.90714,5.71775,12.4638,12.4638,1.0,1.0,1
77554,31.05.2024 03:44:59.200000,562.28,613.696,5.66429,5.611,5.563,91.3926,4.09224,4.2,19.9677,18.3604,435.485,436.515,5.58785,6.39497,8.42246,3.94803,5.71638,12.3481,12.3481,1.0,1.0,1
77555,31.05.2024 03:44:59.210000,562.28,613.696,5.66429,5.611,5.563,91.3926,4.09224,4.2,19.9677,18.3604,435.485,436.515,5.58785,6.39497,8.42246,3.94803,5.71638,12.3481,12.3481,1.0,1.0,1
77556,31.05.2024 03:44:59.220000,533.276,607.104,5.70693,5.624,5.648,91.6216,4.01482,4.18669,16.6644,16.066,435.5,436.51,5.47332,6.42821,8.20299,3.9522,5.71512,12.3698,12.3698,1.0,1.0,1
77557,31.05.2024 03:44:59.230000,533.276,607.104,5.70693,5.624,5.648,91.6216,4.01482,4.18669,16.6644,16.066,435.5,436.51,5.47332,6.42821,8.20299,3.9522,5.71512,12.3698,12.3698,1.0,1.0,1
77558,31.05.2024 03:44:59.240000,504.52,568.048,5.72578,5.719,5.66,91.7415,3.97124,4.16548,12.6651,16.9837,435.515,436.505,5.30144,6.3977,8.03455,4.03249,5.71415,12.16,12.16,1.0,1.0,1
77559,31.05.2024 03:44:59.250000,504.52,568.048,5.72578,5.719,5.66,91.7415,3.97124,4.16548,12.6651,16.9837,435.515,436.505,5.30144,6.3977,8.03455,4.03249,5.71415,12.16,12.16,1.0,1.0,1
77560,31.05.2024 03:44:59.260000,481.283,509.134,5.78093,5.798,5.7,91.7907,3.99908,4.15209,10.3447,11.5499,435.53,436.52,5.04262,6.39274,7.94746,4.15373,5.7119,11.9575,11.9575,1.0,1.0,1
77561,31.05.2024 03:44:59.270000,456.235,455.081,5.83423,5.781,5.722,91.8985,4.04551,4.16497,12.6748,13.3134,435.525,436.505,4.86999,6.31506,7.93381,4.19373,5.7111,12.1745,12.1745,1.0,1.0,1
77562,31.05.2024 03:44:59.280000,456.235,455.081,5.87228,5.781,5.722,91.9437,4.0511,4.17089,12.6748,13.3134,435.525,436.505,4.86999,6.31506,7.93381,4.19373,5.7111,12.1745,12.1745,1.0,1.0,1
77563,31.05.2024 03:44:59.290000,456.235,455.081,5.87228,5.781,5.722,91.9437,4.0511,4.17089,12.6748,13.3134,435.525,436.505,4.86999,6.31506,7.93381,4.19373,5.7111,12.1745,12.1745,1.0,1.0,1
77564,31.05.2024 03:44:59.300000,442.309,463.486,5.89144,5.752,5.729,91.9864,4.0452,4.17649,14.6511,13.2037,435.54,436.49,4.69013,6.15844,7.83677,4.2004,5.71027,12.1673,12.1673,1.0,1.0,1
77565,31.05.2024 03:44:59.310000,442.309,463.486,5.89144,5.752,5.729,91.9864,4.0452,4.17649,14.6511,13.2037,435.54,436.49,4.69013,6.15844,7.83677,4.2004,5.71027,12.1673,12.1673,1.0,1.0,1
77566,31.05.2024 03:44:59.320000,418.332,399.051,5.90887,5.857,5.769,92.0072,4.0303,4.17458,12.7963,11.6922,435.55,436.495,4.5912,6.05319,7.69924,4.27333,5.70976,12.3698,12.3698,1.0,1.0,1
77567,31.05.2024 03:44:59.330000,388.01,363.373,5.94118,5.889,5.791,92.0369,4.00462,4.18141,12.5544,15.8788,435.585,436.51,4.4511,6.04254,7.62574,4.25947,5.70885,12.4638,12.4638,1.0,1.0,1
77568,31.05.2024 03:44:59.340000,388.01,363.373,5.94118,5.889,5.791,92.0369,4.00462,4.18141,12.5544,15.8788,435.585,436.51,4.4511,6.04254,7.62574,4.25947,5.70885,12.4638,12.4638,1.0,1.0,1
77569,31.05.2024 03:44:59.350000,372.272,347.305,5.96685,5.886,5.796,92.0526,4.00324,4.17854,12.5544,15.8788,435.585,436.51,4.4511,6.04254,7.62574,4.25947,5.70885,12.6519,12.6519,1.0,1.0,1
77570,31.05.2024 03:44:59.360000,372.272,347.305,5.96685,5.886,5.796,92.0526,4.00324,4.17854,12.5544,15.8788,435.585,436.51,4.4511,6.04254,7.62574,4.25947,5.70885,12.6519,12.6519,1.0,1.0,1
77571,31.05.2024 03:44:59.370000,363.867,319.372,5.93938,5.895,5.774,92.0708,4.02189,4.16295,12.3552,16.3372,435.62,436.51,4.37651,6.10745,7.44139,4.3454,5.70856,12.6519,12.6519,1.0,1.0,1
77572,31.05.2024 03:44:59.380000,363.867,319.372,5.93938,5.895,5.774,92.0708,4.02189,4.16295,12.3552,16.3372,435.62,436.51,4.37651,6.10745,7.44139,4.3454,5.70856,12.6519,12.6519,1.0,1.0,1
77573,31.05.2024 03:44:59.390000,348.706,303.964,5.94327,5.896,5.784,92.146,4.02931,4.15646,12.4453,13.0576,435.62,436.475,4.34642,6.11358,7.50577,4.42828,5.70872,12.6808,12.6808,1.0,1.0,1
77574,31.05.2024 03:44:59.400000,318.466,255.432,5.967,5.888,5.812,92.1627,4.00975,4.1515,12.8605,15.4539,435.605,436.465,4.28704,5.98666,7.40107,4.48072,5.70889,12.8183,12.8183,1.0,1.0,1
77575,31.05.2024 03:44:59.410000,318.466,255.432,5.95952,5.888,5.812,92.1627,3.99507,4.15723,11.8661,13.1483,435.615,436.46,4.21333,5.85895,7.33167,4.51077,5.70941,12.9702,12.9702,1.0,1.0,1
77576,31.05.2024 03:44:59.420000,291.605,240.683,5.93564,5.872,5.833,92.14,3.98299,4.15812,11.8661,13.1483,435.615,436.46,4.21333,5.85895,7.33167,4.51077,5.70941,12.9702,12.9702,1.0,1.0,1
77577,31.05.2024 03:44:59.430000,274.136,219.012,5.93564,5.896,5.818,92.14,3.97131,4.15515,11.3974,13.0924,435.65,436.47,4.19802,5.93888,7.29078,4.47907,5.71007,12.9268,12.9268,1.0,1.0,1
77578,31.05.2024 03:44:59.440000,274.136,219.012,5.88085,5.896,5.818,92.1377,3.94443,4.16641,11.3974,13.0924,435.65,436.47,4.19802,5.93888,7.29078,4.47907,5.71007,12.9268,12.9268,1.0,1.0,1
77579,31.05.2024 03:44:59.450000,253.043,165.784,5.86999,5.939,5.823,92.1447,3.94307,4.17174,9.70565,12.5093,435.65,436.475,4.29862,6.02347,7.24887,4.48419,5.71028,12.9268,12.9268,1.0,1.0,1
77580,31.05.2024 03:44:59.460000,253.043,139.334,5.86999,5.914,5.823,92.1447,3.94468,4.16946,9.24801,12.6439,435.655,436.445,4.20326,6.04977,7.33797,4.55019,5.71072,13.1221,13.1221,1.0,1.0,1
77581,31.05.2024 03:44:59.470000,245.627,139.334,5.85374,5.914,5.795,92.1227,3.94931,4.16779,9.24801,12.6439,435.655,436.445,4.20326,6.04977,7.33797,4.55019,5.71072,13.1221,13.1221,1.0,1.0,1
77582,31.05.2024 03:44:59.480000,237.14,126.974,5.85374,5.886,5.773,92.113,3.96771,4.17723,10.6463,13.6989,435.655,436.44,4.16117,5.94553,7.46501,4.56799,5.7113,13.2162,13.2162,1.0,1.0,1
77583,31.05.2024 03:44:59.490000,237.14,126.974,5.82052,5.886,5.773,92.113,3.98142,4.17594,11.199,15.1157,435.665,436.435,4.21914,5.84902,7.51912,4.50129,5.71216,13.2234,13.2234,1.0,1.0,1
77584,31.05.2024 03:44:59.500000,224.203,120.959,5.78068,5.85,5.763,92.0589,3.99351,4.17103,11.199,15.1157,435.665,436.435,4.21914,5.84902,7.51912,4.50129,5.71216,13.2234,13.2234,1.0,1.0,1
77585,31.05.2024 03:44:59.510000,224.203,119.394,5.78068,5.816,5.71,92.0589,3.99724,4.16838,13.119,15.1367,435.67,436.435,4.29723,5.88053,7.63101,4.47345,5.71248,13.2306,13.2306,1.0,1.0,1
77586,31.05.2024 03:44:59.520000,224.203,119.394,5.76451,5.816,5.71,92.0433,4.00366,4.16642,13.119,15.1367,435.67,436.435,4.29723,5.88053,7.63101,4.47345,5.71248,13.2306,13.2306,1.0,1.0,1
77587,31.05.2024 03:44:59.530000,224.203,119.394,5.76451,5.816,5.71,92.0433,4.00366,4.16642,13.119,15.1367,435.67,436.435,4.29723,5.88053,7.63101,4.47345,5.71248,13.2306,13.2306,1.0,1.0,1
77588,31.05.2024 03:44:59.540000,214.233,117.416,5.74337,5.802,5.721,92.074,4.00475,4.16597,12.3057,13.025,435.665,436.435,4.25151,5.82761,7.61976,4.51719,5.71329,13.2523,13.2523,1.0,1.0,1
77589,31.05.2024 03:44:59.550000,214.233,117.416,5.74337,5.802,5.721,92.074,4.00475,4.16597,12.3057,13.025,435.665,436.435,4.25151,5.82761,7.61976,4.51719,5.71329,13.2523,13.2523,1.0,1.0,1
77590,31.05.2024 03:44:59.560000,206.488,111.154,5.72558,5.772,5.676,92.1066,4.00176,4.16269,13.0082,11.6713,435.68,436.425,4.20179,5.80279,7.53481,4.53438,5.71377,13.5417,13.5417,1.0,1.0,1
77591,31.05.2024 03:44:59.570000,206.488,111.154,5.72558,5.772,5.676,92.1066,4.00176,4.16269,13.0082,11.6713,435.68,436.425,4.20179,5.80279,7.53481,4.53438,5.71377,13.5417,13.5417,1.0,1.0,1
77592,31.05.2024 03:44:59.580000,196.106,108.929,5.70484,5.714,5.682,92.1224,3.9911,4.16056,11.4194,12.8193,435.695,436.42,4.21706,5.88087,7.69153,4.68886,5.7149,13.8672,13.8672,1.0,1.0,1
77593,31.05.2024 03:44:59.590000,168.832,66.5771,5.6991,5.756,5.652,92.0463,3.98855,4.15682,13.666,11.6675,435.69,436.4,4.2381,5.86895,7.64416,4.74946,5.71541,13.8744,13.8744,1.0,1.0,1
77594,31.05.2024 03:44:59.600000,168.832,66.5771,5.70372,5.756,5.652,92.0777,3.99426,4.15443,13.666,11.6675,435.69,436.4,4.2381,5.86895,7.64416,4.74946,5.71541,13.8744,13.8744,1.0,1.0,1
77595,31.05.2024 03:44:59.610000,168.832,66.5771,5.70372,5.756,5.652,92.0777,3.99426,4.15443,13.666,11.6675,435.69,436.4,4.2381,5.86895,7.64416,4.74946,5.71541,13.8744,13.8744,1.0,1.0,1
77596,31.05.2024 03:44:59.620000,147.656,29.2511,5.69552,5.737,5.66,92.0853,3.99725,4.15194,11.4298,12.2135,435.69,436.395,4.24335,5.85556,7.72342,4.73674,5.71563,13.8744,13.8744,1.0,1.0,1
77597,31.05.2024 03:44:59.630000,147.656,29.2511,5.69552,5.737,5.66,92.0853,3.99725,4.15194,11.4298,12.2135,435.69,436.395,4.24335,5.85556,7.72342,4.73674,5.71563,13.8744,13.8744,1.0,1.0,1
77598,31.05.2024 03:44:59.640000,141.559,34.7717,5.70225,5.707,5.633,92.1249,4.00077,4.15385,12.1235,11.5585,435.7,436.39,4.30316,5.87687,7.73126,4.7303,5.71579,14.0046,14.0046,1.0,1.0,1
77599,31.05.2024 03:44:59.650000,124.091,27.7679,5.70399,5.695,5.639,92.0119,3.98384,4.15726,10.6277,13.2861,435.7,436.34,4.15905,5.87013,7.738,4.69773,5.71593,14.0697,14.0697,0.0,1.0,1
77600,31.05.2024 03:44:59.660000,124.091,27.7679,5.70399,5.695,5.639,92.0119,3.98384,4.15726,10.6277,13.2861,435.7,436.34,4.15905,5.87013,7.738,4.69773,5.71593,14.0697,14.0697,0.0,1.0,1
77601,31.05.2024 03:44:59.670000,119.806,13.8428,5.71494,5.667,5.622,92.0483,3.97309,4.15735,10.6277,13.2861,435.7,436.34,4.15905,5.87013,7.738,4.69773,5.71593,14.3085,14.3085,0.0,1.0,1
77602,31.05.2024 03:44:59.680000,119.806,13.8428,5.71494,5.667,5.622,92.0483,3.97309,4.15735,10.6277,13.2861,435.7,436.34,4.15905,5.87013,7.738,4.69773,5.71593,14.3085,14.3085,0.0,1.0,1
77603,31.05.2024 03:44:59.690000,114.944,-29.4159,5.73045,5.688,5.629,92.0741,3.94247,4.15233,10.2432,11.2524,435.71,436.34,4.02394,5.79911,7.67288,4.77334,5.71596,14.3085,14.3085,0.0,1.0,1
77604,31.05.2024 03:44:59.700000,114.944,-29.4159,5.73045,5.688,5.629,92.0741,3.94247,4.15233,10.2432,11.2524,435.71,436.34,4.02394,5.79911,7.67288,4.77334,5.71596,14.3085,14.3085,0.0,1.0,1
77605,31.05.2024 03:44:59.710000,107.941,-43.2587,5.73069,5.657,5.638,92.0733,3.93777,4.15008,9.97833,11.3465,435.715,436.325,3.92461,5.77111,7.59725,4.79355,5.71563,14.3157,14.3157,0.0,1.0,1
77606,31.05.2024 03:44:59.720000,60.7269,-83.0566,5.75043,5.645,5.656,92.1458,3.96134,4.14627,9.35232,10.8992,435.725,436.325,3.99801,5.71255,7.57701,4.79018,5.71537,14.4604,14.4604,0.0,1.0,1
77607,31.05.2024 03:44:59.730000,60.7269,-83.0566,5.76126,5.645,5.656,92.1458,3.97474,4.14484,9.61747,10.2594,435.73,436.335,4.09649,5.67353,7.55162,4.77145,5.7153,14.4676,14.4676,0.0,1.0,1
77608,31.05.2024 03:44:59.740000,47.3785,-112.884,5.78428,5.681,5.652,92.2036,3.98652,4.14439,9.61747,10.2594,435.73,436.335,4.09649,5.67353,7.55162,4.77145,5.7153,14.4676,14.4676,0.0,1.0,1
77609,31.05.2024 03:44:59.750000,47.3785,-112.884,5.78428,5.681,5.652,92.2036,3.98652,4.14439,9.61747,10.2594,435.73,436.335,4.09649,5.67353,7.55162,4.77145,5.7153,14.4676,14.4676,0.0,1.0,1
77610,31.05.2024 03:44:59.760000,31.2286,-112.555,5.78428,5.717,5.655,92.2036,3.99704,4.1437,11.0142,8.82711,435.735,436.325,4.16032,5.80302,7.59506,4.81829,5.71473,14.4314,14.4314,0.0,1.0,1
77611,31.05.2024 03:44:59.770000,31.2286,-112.555,5.78428,5.717,5.655,92.2036,3.99704,4.1437,11.0142,8.82711,435.735,436.325,4.16032,5.80302,7.59506,4.81829,5.71473,14.4314,14.4314,0.0,1.0,1
77612,31.05.2024 03:44:59.780000,7.08618,-125.162,5.8176,5.738,5.661,92.1559,4.01249,4.1421,12.7521,11.7978,435.74,436.305,4.15068,5.84903,7.57115,4.88656,5.71461,14.4314,14.4314,0.0,1.0,1
77613,31.05.2024 03:44:59.790000,-10.7117,-144.443,5.82868,5.741,5.661,92.1558,4.00818,4.14199,14.9439,11.4675,435.74,436.3,4.12062,5.66002,7.56008,4.90744,5.71424,14.3736,14.3736,0.0,1.0,1
77614,31.05.2024 03:44:59.800000,-32.8766,-158.121,5.82868,5.761,5.67,92.2516,3.99825,4.14366,14.4954,14.1245,435.745,436.305,4.08774,5.70186,7.53159,4.98616,5.71416,14.3736,14.3736,0.0,1.0,1
77615,31.05.2024 03:44:59.810000,-32.8766,-158.121,5.84596,5.761,5.67,92.2516,3.99225,4.14401,13.5856,11.0238,435.755,436.315,4.07411,5.85363,7.59097,4.98076,5.71399,14.3663,14.3663,0.0,1.0,1
77616,31.05.2024 03:44:59.820000,-32.8766,-158.121,5.84596,5.761,5.67,92.2516,3.99225,4.14401,13.5856,11.0238,435.755,436.315,4.07411,5.85363,7.59097,4.98076,5.71399,14.3663,14.3663,0.0,1.0,1
77617,31.05.2024 03:44:59.830000,-69.5434,-174.023,5.84569,5.755,5.69,92.2345,3.98352,4.14381,13.5856,11.0238,435.755,436.315,4.07411,5.85363,7.59097,4.98076,5.71399,14.3808,14.3808,0.0,1.0,1
77618,31.05.2024 03:44:59.840000,-103.244,-201.297,5.85325,5.791,5.709,92.2023,3.95486,4.15021,12.3332,10.5863,435.76,436.315,4.04925,5.89059,7.63821,5.00529,5.7137,14.3808,14.3808,0.0,1.0,1
77619,31.05.2024 03:44:59.850000,-111.154,-249.829,5.85508,5.814,5.737,92.3058,3.94683,4.15211,11.6088,10.5736,435.765,436.305,4.05115,6.00251,7.65055,5.06258,5.71392,14.2072,14.2072,0.0,1.0,1
77620,31.05.2024 03:44:59.860000,-111.154,-249.829,5.85508,5.814,5.737,92.3058,3.94683,4.15211,11.6088,10.5736,435.765,436.305,4.05115,6.00251,7.65055,5.06258,5.71392,14.2072,14.2072,0.0,1.0,1
77621,31.05.2024 03:44:59.870000,-111.154,-274.383,5.85508,5.84,5.737,92.3058,3.93688,4.14897,10.9896,12.0783,435.76,436.285,4.09823,6.16519,7.6932,5.13699,5.7139,14.1204,14.1204,0.0,1.0,1
77622,31.05.2024 03:44:59.880000,-120.218,-305.859,5.83139,5.865,5.782,92.2872,3.9132,4.15313,8.90964,9.89845,435.755,436.295,4.14644,6.02648,7.74129,5.1534,5.71361,14.171,14.171,0.0,1.0,1
77623,31.05.2024 03:44:59.890000,-120.218,-305.859,5.83139,5.865,5.782,92.2872,3.9132,4.15313,8.90964,9.89845,435.755,436.295,4.14644,6.02648,7.74129,5.1534,5.71361,14.171,14.171,0.0,1.0,1
77624,31.05.2024 03:44:59.900000,-120.218,-305.859,5.8398,5.865,5.782,92.2872,3.91534,4.1508,8.44389,9.83049,435.75,436.3,4.08082,6.06422,7.66769,5.19912,5.71349,14.171,14.171,0.0,1.0,1
77625,31.05.2024 03:44:59.910000,-123.019,-329.013,5.84602,5.854,5.736,92.2772,3.93423,4.14594,9.91081,8.6993,435.745,436.3,4.06219,6.15593,7.70751,5.19924,5.71357,14.2867,14.2867,0.0,1.0,1
77626,31.05.2024 03:44:59.920000,-123.019,-329.013,5.82899,5.854,5.736,92.2909,3.94641,4.14291,9.91081,8.6993,435.745,436.3,4.06219,6.15593,7.70751,5.19924,5.71357,14.2867,14.2867,0.0,1.0,1
77627,31.05.2024 03:44:59.930000,-123.019,-329.013,5.82899,5.854,5.736,92.2909,3.94641,4.14291,9.91081,8.6993,435.745,436.3,4.06219,6.15593,7.70751,5.19924,5.71357,14.2867,14.2867,0.0,1.0,1
77628,31.05.2024 03:44:59.940000,-140.982,-350.024,5.81049,5.846,5.761,92.2966,3.95908,4.14282,9.91305,9.46844,435.755,436.29,4.08011,6.19021,7.71435,5.21531,5.71377,14.3736,14.3736,0.0,1.0,1
77629,31.05.2024 03:44:59.950000,-140.982,-350.024,5.81049,5.846,5.761,92.2966,3.95908,4.14282,9.91305,9.46844,435.755,436.29,4.08011,6.19021,7.71435,5.21531,5.71377,14.3736,14.3736,0.0,1.0,1
77630,31.05.2024 03:44:59.960000,-151.282,-355.463,5.79904,5.825,5.76,92.3162,3.98353,4.14555,12.0882,8.67879,435.75,436.29,4.06306,6.27274,7.76953,5.21708,5.71403,14.3736,14.3736,0.0,1.0,1
77631,31.05.2024 03:44:59.970000,-161.169,-355.875,5.79122,5.818,5.738,92.2709,3.99801,4.14455,13.704,9.01464,435.76,436.275,4.07542,6.32242,7.82961,5.24616,5.71482,14.7569,14.7569,0.0,1.0,1
77632,31.05.2024 03:44:59.980000,-161.169,-355.875,5.79122,5.818,5.738,92.2709,3.99801,4.14455,13.704,9.01464,435.76,436.275,4.07542,6.32242,7.82961,5.24616,5.71482,14.7569,14.7569,0.0,1.0,1
77633,31.05.2024 03:44:59.990000,-164.96,-363.785,5.78549,5.792,5.733,92.2584,3.99264,4.14526,13.704,9.01464,435.76,436.275,4.07542,6.32242,7.82961,5.24616,5.71482,14.7569,14.7569,0.0,1.0,1
77634,31.05.2024 03:45:00.000000,-174.353,-379.852,5.79016,5.769,5.711,92.222,3.97157,4.14875,13.8499,7.47284,435.77,436.28,3.97968,6.21242,7.93434,5.33545,5.71508,14.7569,14.7569,0.0,1.0,1
77635,31.05.2024 03:45:00.010000,-174.353,-379.852,5.79016,5.769,5.711,92.222,3.97157,4.14875,13.8499,7.47284,435.77,436.28,3.97968,6.21242,7.93434,5.33545,5.71508,14.7569,14.7569,0.0,1.0,1
77636,31.05.2024 03:45:00.020000,-177.814,-391.965,5.78696,5.784,5.693,92.2095,3.96192,4.14864,11.8651,10.053,435.77,436.295,4.05128,6.09195,7.86985,5.27038,5.71548,14.728,14.728,0.0,1.0,1
77637,31.05.2024 03:45:00.030000,-185.312,-412.976,5.77096,5.818,5.673,92.1524,3.94605,4.14867,10.5983,9.85714,435.775,436.305,3.9866,6.22149,7.9061,5.27337,5.71595,14.6774,14.6774,0.0,1.0,1
77638,31.05.2024 03:45:00.040000,-189.844,-406.714,5.77096,5.833,5.695,92.1632,3.93413,4.14842,11.3624,7.75023,435.785,436.275,3.95796,6.21505,7.94532,5.28516,5.71632,14.6774,14.6774,0.0,1.0,1
77639,31.05.2024 03:45:00.050000,-189.844,-406.714,5.77112,5.833,5.695,92.1632,3.93004,4.14884,10.2252,6.19281,435.79,436.27,3.93981,6.02014,7.95151,5.30355,5.71664,14.6629,14.6629,0.0,1.0,1
77640,31.05.2024 03:45:00.060000,-189.844,-406.714,5.77112,5.833,5.695,92.1632,3.93004,4.14884,10.2252,6.19281,435.79,436.27,3.93981,6.02014,7.95151,5.30355,5.71664,14.6629,14.6629,0.0,1.0,1
77641,31.05.2024 03:45:00.070000,-204.181,-409.268,5.76723,5.785,5.69,92.1688,3.92748,4.14812,10.2252,6.19281,435.79,436.27,4.01247,5.93783,7.90409,5.279,5.71664,14.6629,14.6629,0.0,1.0,1
77642,31.05.2024 03:45:00.080000,-216.87,-398.474,5.77078,5.783,5.703,92.257,3.91853,4.13971,9.88641,9.09268,435.79,436.29,4.01247,5.93783,7.90409,5.279,5.7168,14.6629,14.6629,0.0,1.0,1
77643,31.05.2024 03:45:00.090000,-225.439,-408.691,5.77448,5.787,5.675,92.2077,3.91621,4.13975,10.9382,8.41285,435.795,436.315,4.13973,5.97,7.88043,5.24339,5.71723,14.8148,14.8148,0.0,1.0,1
77644,31.05.2024 03:45:00.100000,-225.439,-401.028,5.77448,5.757,5.675,92.2077,3.91781,4.13825,10.4309,9.40989,435.79,436.315,4.13649,6.08129,7.89643,5.21467,5.71735,14.8437,14.8437,0.0,1.0,1
77645,31.05.2024 03:45:00.110000,-233.597,-401.028,5.78215,5.757,5.699,92.1996,3.92379,4.13253,10.4309,9.40989,435.79,436.315,4.13649,6.08129,7.89643,5.21467,5.71735,14.8437,14.8437,0.0,1.0,1
77646,31.05.2024 03:45:00.120000,-237.305,-399.133,5.78215,5.744,5.673,92.2505,3.93487,4.12517,9.72356,7.73562,435.81,436.31,4.07852,6.0684,7.93575,5.15247,5.71755,14.6267,14.6267,0.0,1.0,1
77647,31.05.2024 03:45:00.130000,-237.305,-399.133,5.78249,5.744,5.673,92.2505,3.94488,4.12334,10.1089,7.4739,435.835,436.31,4.18713,6.13661,7.94436,5.16197,5.71766,14.6267,14.6267,0.0,1.0,1
77648,31.05.2024 03:45:00.140000,-237.305,-399.133,5.78249,5.744,5.673,92.2505,3.94488,4.12334,10.1089,7.4739,435.835,436.31,4.18713,6.13661,7.94436,5.16197,5.71766,14.6267,14.6267,0.0,1.0,1
77649,31.05.2024 03:45:00.150000,-249.911,-402.429,5.79052,5.783,5.715,92.2425,3.95375,4.12198,10.1089,7.4739,435.835,436.31,4.18713,6.13661,7.94436,5.16197,5.71766,14.6774,14.6774,0.0,1.0,1
77650,31.05.2024 03:45:00.160000,-267.627,-403.995,5.79882,5.773,5.691,92.3189,3.97226,4.12376,10.4825,4.70572,435.85,436.295,4.3601,6.18919,8.02478,5.19137,5.71791,14.6774,14.6774,0.0,1.0,1
77651,31.05.2024 03:45:00.170000,-267.627,-403.995,5.79882,5.773,5.691,92.3189,3.97226,4.12376,10.4825,4.70572,435.85,436.295,4.3601,6.18919,8.02478,5.19137,5.71791,14.6774,14.6774,0.0,1.0,1
77652,31.05.2024 03:45:00.180000,-276.855,-405.807,5.79983,5.783,5.699,92.1783,3.97468,4.12417,11.8353,7.21959,435.845,436.295,4.46116,6.19086,8.03942,5.22995,5.71805,14.6629,14.6629,0.0,1.0,1
77653,31.05.2024 03:45:00.190000,-276.855,-405.807,5.79983,5.783,5.699,92.1783,3.97468,4.12417,11.8353,7.21959,435.845,436.295,4.46116,6.19086,8.03942,5.22995,5.71805,14.6629,14.6629,0.0,1.0,1
77654,31.05.2024 03:45:00.200000,-291.852,-404.407,5.81559,5.748,5.697,92.2338,3.97171,4.12584,12.2672,7.03346,435.835,436.285,4.51682,5.94315,8.10893,5.21198,5.7178,14.5761,14.5761,0.0,1.0,1
77655,31.05.2024 03:45:00.210000,-291.852,-404.407,5.81559,5.748,5.697,92.2338,3.97171,4.12584,12.2672,7.03346,435.835,436.285,4.51682,5.94315,8.10893,5.21198,5.7178,14.5761,14.5761,0.0,1.0,1
77656,31.05.2024 03:45:00.220000,-301.575,-397.568,5.8406,5.738,5.693,92.3835,3.94826,4.12596,11.1693,4.62258,435.845,436.325,4.60559,5.97359,8.13433,5.31741,5.71788,14.5182,14.5182,0.0,1.0,1
77657,31.05.2024 03:45:00.230000,-326.129,-401.77,5.85514,5.776,5.712,92.2908,3.91888,4.12452,11.1282,7.24501,435.855,436.33,4.62132,6.015,8.21301,5.39124,5.71816,14.5182,14.5182,0.0,1.0,1
77658,31.05.2024 03:45:00.240000,-326.129,-401.77,5.84804,5.776,5.712,92.2489,3.88716,4.12565,11.1282,7.24501,435.855,436.33,4.62132,6.015,8.21301,5.39124,5.71816,14.5182,14.5182,0.0,1.0,1
77659,31.05.2024 03:45:00.250000,-326.129,-401.77,5.84804,5.776,5.712,92.2489,3.88716,4.12565,11.1282,7.24501,435.855,436.33,4.62132,6.015,8.21301,5.39124,5.71816,14.5182,14.5182,0.0,1.0,1
77660,31.05.2024 03:45:00.260000,-336.758,-398.062,5.85307,5.779,5.73,92.1856,3.87096,4.1253,9.55981,6.99086,435.845,436.33,4.64621,5.93588,8.2238,5.47611,5.71808,14.3157,14.3157,0.0,1.0,1
77661,31.05.2024 03:45:00.270000,-352.661,-397.815,5.86597,5.806,5.723,92.1833,3.84557,4.12309,8.79327,6.1433,435.84,436.33,4.55665,5.90878,8.18331,5.50472,5.71826,14.2723,14.2723,0.0,1.0,1
77662,31.05.2024 03:45:00.280000,-352.661,-397.815,5.86597,5.806,5.723,92.1833,3.84557,4.12309,8.79327,6.1433,435.84,436.33,4.55665,5.90878,8.18331,5.50472,5.71826,14.2723,14.2723,0.0,1.0,1
77663,31.05.2024 03:45:00.290000,-362.878,-404.736,5.86597,5.825,5.806,92.1436,3.8422,4.12278,5.99559,6.31578,435.845,436.35,4.52869,5.71844,8.08261,5.44048,5.71838,14.2723,14.2723,0.0,1.0,1
77664,31.05.2024 03:45:00.300000,-355.957,-407.043,5.8637,5.842,5.778,92.1622,3.86335,4.11842,5.36474,4.25142,435.865,436.375,4.48981,5.6938,7.9894,5.47007,5.7186,14.4242,14.4242,0.0,1.0,1
77665,31.05.2024 03:45:00.310000,-355.957,-407.043,5.8637,5.842,5.778,92.1622,3.86335,4.11842,5.36474,4.25142,435.865,436.375,4.48981,5.6938,7.9894,5.47007,5.7186,14.4242,14.4242,0.0,1.0,1
77666,31.05.2024 03:45:00.320000,-366.504,-404.242,5.8637,5.872,5.798,92.1622,3.88042,4.11947,8.06797,6.06254,435.875,436.39,4.47472,5.89652,7.92991,5.53735,5.71846,14.4242,14.4242,0.0,1.0,1
77667,31.05.2024 03:45:00.330000,-366.504,-404.242,5.8637,5.872,5.798,92.1622,3.88042,4.11947,8.06797,6.06254,435.875,436.39,4.47472,5.89652,7.92991,5.53735,5.71846,14.4242,14.4242,0.0,1.0,1
77668,31.05.2024 03:45:00.340000,-356.204,-408.197,5.85352,5.878,5.793,92.1591,3.94573,4.11695,8.6065,5.81887,435.885,436.39,4.525,5.95382,7.8859,5.48492,5.71832,14.4242,14.4242,0.0,1.0,1
77669,31.05.2024 03:45:00.350000,-371.2,-403.253,5.8405,5.865,5.748,92.1949,3.9679,4.12632,11.8122,6.50827,435.895,436.39,4.60738,5.99284,7.86143,5.51955,5.71839,14.3301,14.3301,0.0,1.0,1
77670,31.05.2024 03:45:00.360000,-359.83,-398.392,5.8405,5.881,5.799,92.2094,3.96779,4.13248,12.9411,7.15946,435.895,436.39,4.4833,6.04896,7.8767,5.54841,5.71855,14.3663,14.3663,0.0,1.0,1
77671,31.05.2024 03:45:00.370000,-359.83,-398.392,5.8396,5.881,5.799,92.2094,3.96186,4.13779,12.2718,9.77645,435.915,436.39,4.47818,6.03632,7.88102,5.65529,5.71867,14.3663,14.3663,0.0,1.0,1
77672,31.05.2024 03:45:00.380000,-367.657,-400.864,5.82948,5.858,5.765,92.1909,3.95204,4.14494,12.2718,9.77645,435.915,436.39,4.47818,6.03632,7.88102,5.65529,5.71867,14.3663,14.3663,0.0,1.0,1
77673,31.05.2024 03:45:00.390000,-356.781,-398.392,5.82948,5.829,5.753,92.1909,3.94141,4.1499,12.9293,8.75832,435.96,436.41,4.48563,5.85974,7.83406,5.72352,5.7191,14.2216,14.2216,0.0,1.0,1
77674,31.05.2024 03:45:00.400000,-356.781,-398.392,5.81943,5.829,5.753,92.2338,3.92223,4.15197,12.9293,8.75832,435.96,436.41,4.48563,5.85974,7.83406,5.72352,5.7191,14.2216,14.2216,0.0,1.0,1
77675,31.05.2024 03:45:00.410000,-359.253,-395.013,5.79965,5.817,5.716,92.2048,3.90865,4.15267,11.763,9.50517,435.95,436.455,4.82143,5.83224,7.76974,5.66546,5.71928,14.0119,14.0119,0.0,1.0,1
77676,31.05.2024 03:45:00.420000,-359.253,-401.605,5.79965,5.801,5.716,92.2048,3.89638,4.15385,8.75669,10.208,435.945,436.455,4.94769,6.08533,7.90263,5.71216,5.71983,14.0119,14.0119,0.0,1.0,1
77677,31.05.2024 03:45:00.430000,-364.197,-401.605,5.79993,5.801,5.735,92.2541,3.88725,4.15326,8.75669,10.208,435.945,436.455,4.94769,6.08533,7.90263,5.71216,5.71983,14.0119,14.0119,0.0,1.0,1
77678,31.05.2024 03:45:00.440000,-359.912,-402.676,5.79993,5.792,5.701,92.1659,3.87274,4.15103,8.73737,7.50748,435.94,436.435,5.02744,6.16699,7.88474,5.73198,5.72008,13.9251,13.9251,0.0,1.0,1
77679,31.05.2024 03:45:00.450000,-359.912,-402.676,5.79993,5.792,5.701,92.1659,3.87274,4.15103,8.73737,7.50748,435.94,436.435,5.02744,6.16699,7.88474,5.73198,5.72008,13.9251,13.9251,0.0,1.0,1
77680,31.05.2024 03:45:00.460000,-359.912,-402.676,5.7836,5.792,5.701,92.1659,3.86749,4.15031,9.29201,8.94266,435.935,436.445,5.01258,6.03964,7.87002,5.71738,5.72068,13.86,13.86,0.0,1.0,1
77681,31.05.2024 03:45:00.470000,-359.912,-402.676,5.7836,5.792,5.701,92.1659,3.86749,4.15031,9.29201,8.94266,435.935,436.445,5.01258,6.03964,7.87002,5.71738,5.72068,13.86,13.86,0.0,1.0,1
77682,31.05.2024 03:45:00.480000,-358.429,-400.864,5.77494,5.833,5.708,92.1077,3.86631,4.14089,8.6032,8.83099,435.94,436.465,4.84292,5.89687,7.75636,5.81997,5.72102,13.8238,13.8238,0.0,1.0,1
77683,31.05.2024 03:45:00.490000,-359.088,-397.65,5.75982,5.814,5.712,92.1212,3.87553,4.13679,8.7689,9.40163,435.955,436.49,4.71655,6.08236,7.66967,5.88385,5.72112,13.6863,13.6863,0.0,1.0,1
77684,31.05.2024 03:45:00.500000,-359.088,-402.099,5.75982,5.814,5.712,92.1212,3.88331,4.13582,9.89614,8.43748,435.965,436.49,4.71563,6.17379,7.60925,5.90492,5.7216,13.4693,13.4693,0.0,1.0,1
77685,31.05.2024 03:45:00.510000,-358.182,-402.099,5.76089,5.776,5.695,92.1377,3.89339,4.13551,9.89614,8.43748,435.965,436.49,4.71563,6.17379,7.60925,5.90492,5.7216,13.4693,13.4693,0.0,1.0,1
77686,31.05.2024 03:45:00.520000,-358.182,-402.099,5.76089,5.776,5.695,92.1377,3.89339,4.13551,9.89614,8.43748,435.965,436.49,4.71563,6.17379,7.60925,5.90492,5.7216,13.4693,13.4693,0.0,1.0,1
77687,31.05.2024 03:45:00.530000,-354.309,-405.231,5.76089,5.781,5.68,92.1721,3.91994,4.13214,10.0098,8.36299,435.96,436.47,4.72943,6.00593,7.50846,6.01058,5.72186,13.4259,13.4259,0.0,1.0,1
77688,31.05.2024 03:45:00.540000,-358.676,-397.65,5.78251,5.792,5.689,92.211,3.94257,4.13319,11.7983,6.21107,435.965,436.455,4.65291,5.83624,7.38668,6.03978,5.72212,13.4693,13.4693,0.0,1.0,1
77689,31.05.2024 03:45:00.550000,-355.875,-397.897,5.78251,5.777,5.67,92.211,3.95014,4.13294,13.4945,7.30878,435.97,436.455,4.49409,5.56688,7.36497,6.03878,5.72226,13.4693,13.4693,0.0,1.0,1
77690,31.05.2024 03:45:00.560000,-355.875,-397.897,5.78251,5.777,5.67,92.211,3.95014,4.13294,13.4945,7.30878,435.97,436.455,4.49409,5.56688,7.36497,6.03878,5.72226,13.4693,13.4693,0.0,1.0,1
77691,31.05.2024 03:45:00.570000,-355.875,-397.897,5.78419,5.777,5.67,92.2967,3.95198,4.13307,14.7729,7.97983,435.98,436.475,4.37884,5.41565,7.24211,6.03893,5.72226,13.3174,13.3174,0.0,1.0,1
77692,31.05.2024 03:45:00.580000,-355.875,-397.897,5.78419,5.777,5.67,92.2967,3.95198,4.13307,14.7729,7.97983,435.98,436.475,4.37884,5.41565,7.24211,6.03893,5.72226,13.3174,13.3174,0.0,1.0,1
77693,31.05.2024 03:45:00.590000,-362.384,-400.122,5.78637,5.785,5.708,92.2424,3.94257,4.13275,13.3029,7.68461,436.015,436.52,4.16532,5.31534,7.12062,6.11744,5.72269,13.0425,13.0425,0.0,1.0,1
77694,31.05.2024 03:45:00.600000,-362.384,-400.122,5.78637,5.785,5.708,92.2424,3.94257,4.13275,13.3029,7.68461,436.015,436.52,4.16532,5.31534,7.12062,6.11744,5.72269,13.0425,13.0425,0.0,1.0,1
77695,31.05.2024 03:45:00.610000,-359.582,-402.759,5.79076,5.803,5.703,92.4148,3.92284,4.13523,12.5184,6.69196,436.035,436.535,4.20482,5.41432,6.95856,6.1138,5.72278,13.0425,13.0425,0.0,1.0,1
77696,31.05.2024 03:45:00.620000,-359.253,-397.32,5.80865,5.786,5.701,92.393,3.91151,4.13536,13.7116,6.80259,436.035,436.53,4.2839,5.59359,6.90796,6.13371,5.72265,12.934,12.934,0.0,1.0,1
77697,31.05.2024 03:45:00.630000,-360.818,-400.287,5.80865,5.749,5.677,92.393,3.90281,4.13536,12.2534,6.63427,436.03,436.515,4.24152,5.49327,6.78005,6.09512,5.72271,12.7821,12.7821,0.0,1.0,1
77698,31.05.2024 03:45:00.640000,-360.818,-400.287,5.82454,5.749,5.677,92.3292,3.88407,4.13537,12.2534,6.63427,436.03,436.515,4.24152,5.49327,6.78005,6.09512,5.72271,12.7821,12.7821,0.0,1.0,1
77699,31.05.2024 03:45:00.650000,-360.818,-400.287,5.82454,5.749,5.677,92.3292,3.88407,4.13537,12.2534,6.63427,436.03,436.515,4.24152,5.49327,6.78005,6.09512,5.72271,12.7821,12.7821,0.0,1.0,1
