,time,Pinceur Inf Mesure de courant,Pinceur Sup Mesure de courant,Mandrin - Vitesse Actuelle,Pinceur Sup Mesure vitesse lineaire,Pinceur Inf Mesure vitesse lineaire,Mandrin - Mesure Expansion,Pinceur Nord Position entrefer estimee,Pinceur Sud Position entrefer estimee,Pinceur Nord Force entrefer calibree,Pinceur Sud Force entrefer calibree,Guides Nord Entree Position mesuree,Guides Nord Sortie Position mesuree,Guides Nord Entree Force pour regulateur PI,Guides Nord Sortie Force pour regulateur PI,Guides Sud Entree Force pour regulateur PI,Guides Sud Sortie Force pour regulateur PI,Mandrin - Vitesse Actuelle F10,_Excentrage largeur bande jauge bob,_Excentrage largeur bande jauge bob.1,TDB pinceur,Fenetre,Declancheur
89400,31.05.2024 07:48:07.480000,71.8506,47.1313,11.7168,13.018,12.774,29.9908,2.88673,2.77894,18.1704,40.3871,690.6,692.065,6.37523,4.44848,0.0553585,-0.380617,11.0346,22.1788,22.1788,1.0,1.0,1
89401,31.05.2024 07:48:07.490000,71.8506,70.2026,11.7168,13.018,12.693,29.9908,2.93051,2.85642,28.6817,50.8647,689.775,691.225,6.27215,4.36312,0.0686794,-0.338759,11.0349,22.1788,22.1788,1.0,1.0,1
89402,31.05.2024 07:48:07.500000,81.7383,70.2026,11.6498,12.998,12.693,29.9993,2.93051,2.85642,28.6817,50.8647,688.11,689.515,6.28092,4.44993,0.0378624,-0.400839,11.0361,24.4936,24.4936,1.0,1.0,1
89403,31.05.2024 07:48:07.510000,81.7383,70.2026,11.6498,12.998,12.693,29.9993,2.93051,2.85642,28.6817,50.8647,688.11,689.515,6.28092,4.44993,0.0378624,-0.400839,11.0361,24.4936,24.4936,1.0,1.0,1
89404,31.05.2024 07:48:07.520000,86.1053,111.401,11.6937,12.851,12.569,29.9519,2.86252,2.90004,30.0184,47.4655,687.215,688.665,6.09344,4.49098,0.0158363,-0.462973,11.0361,24.4936,24.4936,1.0,1.0,1
89405,31.05.2024 07:48:07.530000,98.2177,129.199,11.6908,12.816,12.613,29.9363,2.65181,2.7012,32.4512,45.6315,685.525,687.02,5.95637,4.32067,0.0587803,-0.476668,11.0368,24.5081,24.5081,1.0,1.0,1
89406,31.05.2024 07:48:07.540000,104.15,132.989,11.696,12.785,12.489,29.9363,2.47941,2.53825,24.7776,31.0201,683.875,685.335,5.86171,4.20931,0.0897575,-0.502962,11.0376,24.5081,24.5081,1.0,1.0,1
89407,31.05.2024 07:48:07.550000,104.15,132.989,11.696,12.785,12.489,29.9774,2.47941,2.53825,24.7776,31.0201,683.045,684.55,6.04062,4.42666,0.0143982,-0.522955,11.0387,24.226,24.226,1.0,1.0,1
89408,31.05.2024 07:48:07.560000,104.15,132.989,11.696,12.785,12.489,29.9774,2.47941,2.53825,24.7776,31.0201,683.045,684.55,6.04062,4.42666,0.0143982,-0.522955,11.0387,24.226,24.226,1.0,1.0,1
89409,31.05.2024 07:48:07.570000,118.735,134.802,11.7208,12.843,12.47,30.0339,2.35086,2.27495,11.2449,15.7785,682.235,683.715,6.13132,4.9167,0.115739,-0.361017,11.0387,24.226,24.226,1.0,1.0,1
89410,31.05.2024 07:48:07.580000,127.716,116.675,11.7009,12.857,12.459,30.0116,2.28963,2.14909,7.54185,0.918715,679.665,681.165,6.59906,5.00217,0.0966774,-0.353216,11.0413,26.3383,26.3383,1.0,1.0,1
89411,31.05.2024 07:48:07.590000,127.716,116.675,11.7009,12.857,12.459,30.0116,2.28963,2.14909,7.54185,0.918715,679.665,681.165,6.59906,5.00217,0.0966774,-0.353216,11.0413,26.3383,26.3383,1.0,1.0,1
89412,31.05.2024 07:48:07.600000,165.536,195.776,11.7375,12.687,12.353,29.9707,2.28694,2.0819,3.72105,-0.164285,678.79,680.36,6.52188,4.54396,0.143188,-0.403002,11.0428,28.899,28.899,1.0,1.0,1
89413,31.05.2024 07:48:07.610000,219.424,239.694,11.6935,12.67,12.253,29.9863,2.35059,2.14275,4.88692,1.74236,677.135,678.665,6.01737,4.70316,0.14985,-0.332533,11.0428,29.1667,29.1667,1.0,1.0,1
89414,31.05.2024 07:48:07.620000,254.443,258.069,11.6628,12.632,12.173,29.9863,2.43042,2.24618,6.07456,6.25706,675.485,676.965,6.10742,4.67862,0.186023,-0.367491,11.0445,29.1667,29.1667,1.0,1.0,1
89415,31.05.2024 07:48:07.630000,254.443,258.069,11.6628,12.632,12.173,30.0501,2.43042,2.24618,6.07456,6.25706,674.68,676.12,6.29952,4.3962,0.219333,-0.357485,11.0456,29.1667,29.1667,1.0,1.0,1
89416,31.05.2024 07:48:07.640000,287.402,290.286,11.6885,12.625,12.152,30.0158,2.48115,2.39549,7.52233,15.5959,673.83,675.33,6.60757,4.29526,0.177974,-0.302042,11.0456,27.6114,27.6114,1.0,1.0,1
89417,31.05.2024 07:48:07.650000,287.402,334.534,11.6885,12.625,12.117,30.0158,2.49025,2.48664,11.8718,23.0642,672.975,674.48,6.36933,4.1194,0.253534,-0.420729,11.0462,27.6114,27.6114,1.0,1.0,1
89418,31.05.2024 07:48:07.660000,313.357,334.534,11.6668,12.565,12.117,30.0487,2.49025,2.48664,11.8718,23.0642,671.245,672.72,6.18636,4.1198,0.236734,-0.448229,11.048,27.6693,27.6693,1.0,1.0,1
89419,31.05.2024 07:48:07.670000,353.732,395.672,11.7447,12.481,12.052,29.9818,2.47748,2.53979,12.6715,26.0765,670.415,671.88,6.13473,4.0316,0.276367,-0.52202,11.048,27.2714,27.2714,1.0,1.0,1
89420,31.05.2024 07:48:07.680000,353.732,422.534,11.7447,12.481,12.109,29.9818,2.47748,2.53979,12.6715,26.0765,669.55,671.04,5.49309,4.34633,0.241779,-0.451445,11.0487,27.2714,27.2714,1.0,1.0,1
89421,31.05.2024 07:48:07.690000,373.178,422.534,11.6651,12.489,12.109,29.9562,2.47237,2.51579,13.7452,27.3379,668.72,670.27,5.40759,4.37899,0.166406,-0.398348,11.0487,30.3458,30.3458,1.0,1.0,1
89422,31.05.2024 07:48:07.700000,373.178,422.534,11.6651,12.489,12.109,29.9562,2.47237,2.51579,13.7452,27.3379,668.72,670.27,5.40759,4.37899,0.166406,-0.398348,11.0487,30.3458,30.3458,1.0,1.0,1
89423,31.05.2024 07:48:07.710000,383.642,407.455,11.6651,12.538,12.089,29.9562,2.47325,2.46709,12.4425,24.1515,667.065,668.655,5.53609,4.38815,0.111469,-0.40081,11.0501,31.4887,31.4887,1.0,1.0,1
89424,31.05.2024 07:48:07.720000,383.642,407.455,11.6651,12.538,12.089,29.9562,2.47325,2.46709,12.4425,24.1515,667.065,668.655,5.53609,4.38815,0.111469,-0.40081,11.0501,31.4887,31.4887,1.0,1.0,1
89425,31.05.2024 07:48:07.730000,394.272,430.691,11.6918,12.456,12.109,30.0616,2.46153,2.38873,12.1214,17.2885,665.39,666.875,5.27391,4.35113,0.0547062,-0.474959,11.0517,31.6045,31.6045,1.0,1.0,1
89426,31.05.2024 07:48:07.740000,412.07,474.197,11.7122,12.439,12.041,30.0164,2.45467,2.33787,12.4117,13.9372,662.915,664.405,5.82669,4.36091,-0.0134339,-0.565088,11.0535,31.6045,31.6045,1.0,1.0,1
89427,31.05.2024 07:48:07.750000,425.83,478.482,11.6773,12.518,12.063,29.9826,2.44376,2.30697,11.5792,11.8106,662.11,663.625,6.03875,4.14736,0.0129982,-0.468969,11.0535,31.6117,31.6117,1.0,1.0,1
89428,31.05.2024 07:48:07.760000,425.83,473.785,11.6773,12.518,12.04,29.9826,2.44376,2.30697,11.5792,11.8106,661.255,662.76,6.24458,4.52038,-0.149689,-0.433787,11.0541,31.6117,31.6117,1.0,1.0,1
89429,31.05.2024 07:48:07.770000,425.83,473.785,11.6773,12.518,12.04,29.9826,2.44376,2.30697,11.5792,11.8106,661.255,662.76,6.24458,4.52038,-0.149689,-0.433787,11.0541,31.6117,31.6117,1.0,1.0,1
89430,31.05.2024 07:48:07.780000,440.249,473.785,11.7489,12.501,12.04,29.9562,2.42672,2.30493,11.4387,10.3603,660.435,661.92,6.05874,4.29077,-0.0803227,-0.432055,11.0541,31.8142,31.8142,1.0,1.0,1
89431,31.05.2024 07:48:07.790000,455.658,491.501,11.7565,12.44,12.102,29.862,2.39996,2.307,10.0389,9.79615,657.955,659.37,6.13239,4.0172,-0.0581555,-0.378761,11.0562,33.8035,33.8035,1.0,1.0,1
89432,31.05.2024 07:48:07.800000,442.145,541.269,11.6746,12.423,12.1,29.8719,2.38137,2.32379,10.2017,12.3311,657.105,658.565,6.06416,3.83449,-0.0535855,-0.381052,11.0562,33.8035,33.8035,1.0,1.0,1
89433,31.05.2024 07:48:07.810000,442.145,543.823,11.6746,12.423,12.125,29.8719,2.37378,2.33005,8.83029,13.2632,656.29,657.72,6.37177,4.12991,-0.107224,-0.440807,11.0566,33.8035,33.8035,1.0,1.0,1
89434,31.05.2024 07:48:07.820000,459.86,543.823,11.7285,12.431,12.125,29.922,2.37378,2.33005,8.83029,13.2632,654.59,656.07,6.22106,4.082,-0.0276722,-0.526949,11.0579,35.7422,35.7422,1.0,1.0,1
89435,31.05.2024 07:48:07.830000,459.86,543.823,11.7285,12.431,12.125,29.922,2.37378,2.33005,8.83029,13.2632,654.59,656.07,6.22106,4.082,-0.0276722,-0.526949,11.0579,35.7422,35.7422,1.0,1.0,1
89436,31.05.2024 07:48:07.840000,462.744,556.759,11.7728,12.489,12.15,29.8762,2.38188,2.336,8.23493,11.9533,653.75,655.27,5.87654,4.03943,-0.0198216,-0.530094,11.0579,38.6502,38.6502,1.0,1.0,1
89437,31.05.2024 07:48:07.850000,462.744,556.759,11.7728,12.489,12.15,29.8762,2.38188,2.336,8.23493,11.9533,653.75,655.27,5.87654,4.03943,-0.0198216,-0.530094,11.0579,38.6502,38.6502,1.0,1.0,1
89438,31.05.2024 07:48:07.860000,468.677,547.119,11.7817,12.425,12.246,29.8898,2.39111,2.3455,8.95445,13.9048,652.09,653.6,5.84564,4.25205,-0.0721535,-0.484278,11.0589,38.6502,38.6502,1.0,1.0,1
89439,31.05.2024 07:48:07.870000,459.448,513.336,11.7454,12.447,12.232,29.8766,2.39541,2.34762,9.43408,15.5699,649.615,651.055,5.48818,4.13243,0.00429684,-0.355406,11.0609,41.2182,41.2182,1.0,1.0,1
89440,31.05.2024 07:48:07.880000,458.789,501.8,11.7094,12.56,12.247,29.925,2.40508,2.35466,10.2604,15.2128,648.85,650.26,6.23309,3.7968,0.0106521,-0.420639,11.0609,44.5891,44.5891,1.0,1.0,1
89441,31.05.2024 07:48:07.890000,458.789,475.433,11.7094,12.56,12.275,29.925,2.40742,2.35852,9.91753,14.0885,647.985,649.425,6.38521,4.00092,-0.0286984,-0.48122,11.0611,44.5891,44.5891,1.0,1.0,1
89442,31.05.2024 07:48:07.900000,459.448,475.433,11.7239,12.58,12.275,29.8385,2.40742,2.35852,9.91753,14.0885,646.335,647.76,6.21666,4.12099,-0.00138515,-0.594303,11.0632,44.5891,44.5891,1.0,1.0,1
89443,31.05.2024 07:48:07.910000,460.272,444.452,11.7641,12.478,12.296,29.891,2.40772,2.35981,9.69933,15.1597,645.485,646.925,5.87858,4.37928,-0.0845646,-0.658762,11.0632,44.5891,44.5891,1.0,1.0,1
89444,31.05.2024 07:48:07.920000,460.272,424.512,11.7641,12.478,12.291,29.891,2.40772,2.35981,9.69933,15.1597,644.705,646.085,5.66397,4.11707,-0.130598,-0.590298,11.0641,44.5891,44.5891,1.0,1.0,1
89445,31.05.2024 07:48:07.930000,460.272,424.512,11.7641,12.478,12.291,29.891,2.40772,2.35981,9.69933,15.1597,644.705,646.085,5.66397,4.11707,-0.130598,-0.590298,11.0641,44.5891,44.5891,1.0,1.0,1
89446,31.05.2024 07:48:07.940000,473.95,424.512,11.8123,12.513,12.291,29.9198,2.40198,2.3569,10.1447,14.2946,643.845,645.27,5.93883,4.0344,-0.11801,-0.584797,11.0641,46.8316,46.8316,1.0,1.0,1
89447,31.05.2024 07:48:07.950000,473.95,424.512,11.8123,12.513,12.291,29.9198,2.40198,2.3569,10.1447,14.2946,643.845,645.27,5.93883,4.0344,-0.11801,-0.584797,11.0641,46.8316,46.8316,1.0,1.0,1
89448,31.05.2024 07:48:07.960000,463.403,387.35,11.8163,12.561,12.289,29.9169,2.39853,2.35168,9.46306,13.3458,641.375,642.785,5.89767,3.88882,-0.177994,-0.569719,11.0656,47.092,47.092,1.0,1.0,1
89449,31.05.2024 07:48:07.970000,463.403,387.35,11.8163,12.561,12.289,29.9169,2.39853,2.35168,9.46306,13.3458,641.375,642.785,5.89767,3.88882,-0.177994,-0.569719,11.0656,47.092,47.092,1.0,1.0,1
89450,31.05.2024 07:48:07.980000,428.879,351.178,11.7781,12.555,12.352,29.9578,2.39468,2.34321,9.79764,12.1683,638.87,640.335,6.47179,4.16575,-0.23687,-0.591948,11.0663,48.5243,48.5243,1.0,1.0,1
89451,31.05.2024 07:48:07.990000,374.496,315.994,11.7994,12.453,12.361,29.9495,2.39028,2.34294,9.12797,12.4119,637.24,638.695,5.9591,4.1883,-0.212819,-0.619461,11.0671,51.7072,51.7072,1.0,1.0,1
89452,31.05.2024 07:48:08.000000,374.496,297.949,11.7994,12.453,12.381,29.9495,2.39028,2.34294,9.12797,12.4119,636.39,637.89,6.09354,4.27595,-0.189017,-0.6332,11.0681,51.7072,51.7072,1.0,1.0,1
89453,31.05.2024 07:48:08.010000,334.863,297.949,11.8049,12.503,12.381,29.9681,2.38588,2.34134,9.8241,13.3358,635.565,637.04,5.89678,4.24332,-0.0857605,-0.617569,11.0681,52.2063,52.2063,1.0,1.0,1
89454,31.05.2024 07:48:08.020000,319.208,305.612,11.8035,12.459,12.368,29.9681,2.38409,2.34214,10.7643,13.0418,633.965,635.385,5.84451,4.16512,-0.0766339,-0.581261,11.0689,52.2063,52.2063,1.0,1.0,1
89455,31.05.2024 07:48:08.030000,319.208,305.612,11.8035,12.459,12.368,29.9681,2.38409,2.34214,10.7643,13.0418,633.965,635.385,5.84451,4.16512,-0.0766339,-0.581261,11.0689,52.2063,52.2063,1.0,1.0,1
89456,31.05.2024 07:48:08.040000,319.208,305.612,11.8035,12.459,12.368,29.9949,2.38303,2.3415,10.1259,12.8845,633.185,634.6,5.75216,3.98212,-0.0458741,-0.689789,11.0709,52.1701,52.1701,1.0,1.0,1
89457,31.05.2024 07:48:08.050000,322.256,300.833,11.7717,12.41,12.383,29.9673,2.38447,2.34195,10.1973,13.8536,631.54,632.95,5.98103,3.55913,0.137376,-0.401108,11.0719,53.3348,53.3348,1.0,1.0,1
89458,31.05.2024 07:48:08.060000,316.077,300.833,11.7905,12.424,12.383,29.9578,2.38447,2.34195,10.1973,13.8536,629.88,631.315,5.99032,3.91224,0.0928245,-0.40161,11.0736,53.3348,53.3348,1.0,1.0,1
89459,31.05.2024 07:48:08.070000,316.077,300.833,11.7905,12.424,12.383,29.9578,2.38447,2.34195,10.1973,13.8536,629.88,631.315,5.99032,3.91224,0.0928245,-0.40161,11.0736,53.3348,53.3348,1.0,1.0,1
89460,31.05.2024 07:48:08.080000,312.533,303.47,11.7902,12.418,12.382,29.97,2.38003,2.34141,10.2083,13.9064,629.105,630.49,5.84497,4.03985,0.0716606,-0.383848,11.0736,54.5211,54.5211,1.0,1.0,1
89461,31.05.2024 07:48:08.090000,312.533,303.47,11.7902,12.418,12.382,29.97,2.38003,2.34141,10.2083,13.9064,629.105,630.49,5.84497,4.03985,0.0716606,-0.383848,11.0736,54.5211,54.5211,1.0,1.0,1
89462,31.05.2024 07:48:08.100000,305.777,296.384,11.8027,12.471,12.403,29.9612,2.37515,2.33494,10.7276,13.3369,627.46,628.875,7.20621,5.24101,-0.0258126,-0.565445,11.0751,55.5556,55.5556,1.0,1.0,1
89463,31.05.2024 07:48:08.110000,322.751,305.2,11.7979,12.424,12.398,30.0089,2.36248,2.32899,10.2838,12.325,624.995,626.415,7.05907,5.64554,-0.113129,-0.63986,11.0771,57.0096,57.0096,1.0,1.0,1
89464,31.05.2024 07:48:08.120000,322.751,305.2,11.7979,12.424,12.398,30.0089,2.36248,2.32899,10.2838,12.325,624.995,626.415,7.05907,5.64554,-0.113129,-0.63986,11.0771,57.0096,57.0096,1.0,1.0,1
89465,31.05.2024 07:48:08.130000,313.193,308.826,11.8059,12.411,12.392,30.2688,2.35428,2.32281,9.51487,12.5585,624.125,625.575,6.8434,5.21868,0.027948,-0.652584,11.0771,59.5775,59.5775,1.0,1.0,1
89466,31.05.2024 07:48:08.140000,313.193,308.826,11.8059,12.411,12.392,30.2688,2.35428,2.32281,9.51487,12.5585,624.125,625.575,6.8434,5.21868,0.027948,-0.652584,11.0771,59.5775,59.5775,1.0,1.0,1
89467,31.05.2024 07:48:08.150000,320.361,301.739,11.8632,12.387,12.396,30.7884,2.34992,2.31823,8.87831,11.6037,621.735,623.165,6.66249,5.11591,-0.116917,-0.571903,11.0786,59.5775,59.5775,1.0,1.0,1
89468,31.05.2024 07:48:08.160000,320.361,301.739,11.8632,12.387,12.396,30.7884,2.34992,2.31823,8.87831,11.6037,621.735,623.165,6.66249,5.11591,-0.116917,-0.571903,11.0786,59.5775,59.5775,1.0,1.0,1
89469,31.05.2024 07:48:08.170000,314.429,303.058,11.8163,12.426,12.393,31.6217,2.35344,2.31369,8.02783,10.496,620.045,621.54,6.87802,5.59013,-0.0774102,-0.521622,11.0791,61.6826,61.6826,1.0,1.0,1
89470,31.05.2024 07:48:08.180000,319.208,305.859,11.8924,12.361,12.397,32.6683,2.35078,2.31676,8.03987,10.1947,617.55,619.245,6.65038,5.63225,-0.0604538,-0.487105,11.0801,65.068,65.068,1.0,1.0,1
89471,31.05.2024 07:48:08.190000,319.208,305.859,11.8924,12.361,12.397,33.7872,2.35078,2.31676,8.03987,10.1947,616.7,618.54,6.47112,6.77984,-0.0838608,-0.528483,11.0815,65.068,65.068,1.0,1.0,1
89472,31.05.2024 07:48:08.200000,320.773,305.118,11.8261,12.389,12.374,34.9365,2.34541,2.31597,7.97449,10.629,615.88,617.765,5.51484,8.7318,0.0179554,-0.430624,11.0815,66.7824,66.7824,1.0,1.0,1
89473,31.05.2024 07:48:08.210000,320.773,304.459,11.8261,12.389,12.356,34.9365,2.33674,2.31437,7.80348,9.66032,615.045,617.015,5.4377,10.1345,0.0106979,-0.452471,11.0826,66.7824,66.7824,1.0,1.0,1
89474,31.05.2024 07:48:08.220000,320.773,304.459,11.8261,12.389,12.356,34.9365,2.33674,2.31437,7.80348,9.66032,615.045,617.015,5.4377,10.1345,0.0106979,-0.452471,11.0826,66.7824,66.7824,1.0,1.0,1
89475,31.05.2024 07:48:08.230000,322.833,304.459,11.8294,12.451,12.356,36.1603,2.33674,2.31437,7.80348,9.66032,613.38,615.46,5.46575,11.2996,0.00512081,-0.458349,11.0835,67.3394,67.3394,1.0,1.0,1
89476,31.05.2024 07:48:08.240000,321.762,316.571,11.8487,12.439,12.298,37.5447,2.31868,2.31198,8.19475,10.8736,611.7,613.9,4.97561,12.7642,0.0505634,-0.398165,11.0847,67.3611,67.3611,1.0,1.0,1
89477,31.05.2024 07:48:08.250000,322.092,316.571,11.7967,12.381,12.298,38.9546,2.31868,2.31198,8.19475,10.8736,610.825,613.18,4.86674,13.1931,0.0441776,-0.393143,11.0847,68.2798,68.2798,1.0,1.0,1
89478,31.05.2024 07:48:08.260000,318.384,301.163,11.7967,12.395,12.274,38.9546,2.31281,2.31145,7.57788,10.9833,609.16,611.835,4.44236,14.161,0.213939,-0.354628,11.0861,68.2798,68.2798,1.0,1.0,1
89479,31.05.2024 07:48:08.270000,318.384,301.163,11.7765,12.395,12.274,40.3559,2.31281,2.31145,7.57788,10.9833,608.35,611.135,4.34077,15.9095,0.841497,-0.0528661,11.0884,68.8874,68.8874,1.0,1.0,1
89480,31.05.2024 07:48:08.280000,324.811,301.327,11.7793,12.391,12.209,41.813,2.31341,2.30807,7.29026,10.379,607.56,610.44,4.15423,19.3348,2.30911,1.68792,11.0884,68.0122,68.0122,1.0,1.0,1
89481,31.05.2024 07:48:08.290000,324.811,309.485,11.7793,12.391,12.105,41.813,2.30774,2.30184,7.14535,9.71199,606.765,609.74,4.23801,21.0228,3.03934,2.86209,11.0895,68.0122,68.0122,1.0,1.0,1
89482,31.05.2024 07:48:08.300000,320.279,309.485,11.7501,12.426,12.105,43.3091,2.30774,2.30184,7.14535,9.71199,605.51,608.37,1.6097,19.6017,3.85037,4.06439,11.0899,68.4534,68.4534,1.0,1.0,1
89483,31.05.2024 07:48:08.310000,326.294,303.882,11.7232,12.381,12.06,44.7942,2.30324,2.29455,7.48411,10.6164,605.89,608.62,-6.81648,10.7106,4.94804,5.06131,11.0899,68.1785,68.1785,1.0,1.0,1
89484,31.05.2024 07:48:08.320000,326.294,308.414,11.7232,12.381,11.964,44.7942,2.30324,2.29455,7.48411,10.6164,606.255,609.09,-4.40272,8.07555,7.9496,7.0604,11.093,68.1785,68.1785,1.0,1.0,1
89485,31.05.2024 07:48:08.330000,318.219,308.414,11.7003,12.407,11.964,46.2381,2.29412,2.28765,6.89235,9.84071,606.16,609.14,3.15068,14.7678,9.41069,8.36279,11.093,68.1858,68.1858,1.0,1.0,1
89486,31.05.2024 07:48:08.340000,318.219,308.414,11.7003,12.407,11.964,46.2381,2.29412,2.28765,6.89235,9.84071,606.16,609.14,3.15068,14.7678,9.41069,8.36279,11.093,68.1858,68.1858,1.0,1.0,1
89487,31.05.2024 07:48:08.350000,321.597,307.425,11.7003,12.41,11.892,46.2381,2.28828,2.28523,6.76889,9.585,605.84,608.635,3.74507,16.6974,10.4471,9.46311,11.094,67.1224,67.1224,1.0,1.0,1
89488,31.05.2024 07:48:08.360000,321.597,307.425,11.7003,12.41,11.892,46.2381,2.28828,2.28523,6.76889,9.585,605.84,608.635,3.74507,16.6974,10.4471,9.46311,11.094,67.1224,67.1224,1.0,1.0,1
89489,31.05.2024 07:48:08.370000,320.196,303.882,11.589,12.421,11.792,49.1354,2.29282,2.29216,6.76699,7.63908,606.015,609.1,4.86341,13.1495,11.7537,10.0772,11.0966,67.1224,67.1224,1.0,1.0,1
89490,31.05.2024 07:48:08.380000,320.196,303.882,11.589,12.421,11.792,49.1354,2.29282,2.29216,6.76699,7.63908,606.015,609.1,4.86341,13.1495,11.7537,10.0772,11.0966,67.1224,67.1224,1.0,1.0,1
89491,31.05.2024 07:48:08.390000,318.301,310.062,11.6061,12.416,11.717,50.6597,2.29376,2.2933,6.39761,9.8582,605.86,608.885,5.16492,16.4321,11.4644,9.29514,11.1007,65.408,65.408,1.0,1.0,1
89492,31.05.2024 07:48:08.400000,318.301,310.062,11.6061,12.416,11.717,50.6597,2.29376,2.2933,6.39761,9.8582,605.86,608.885,5.16492,16.4321,11.4644,9.29514,11.1007,65.408,65.408,1.0,1.0,1
89493,31.05.2024 07:48:08.410000,323.657,305.365,11.6066,12.367,11.518,52.1589,2.31576,2.3232,7.63753,10.547,605.875,609.08,7.81798,15.5487,9.29964,8.66365,11.1033,64.3229,64.3229,1.0,1.0,1
89494,31.05.2024 07:48:08.420000,323.657,305.365,11.6066,12.367,11.518,52.1589,2.31576,2.3232,7.63753,10.547,605.875,609.08,7.81798,15.5487,9.29964,8.66365,11.1033,64.3229,64.3229,1.0,1.0,1
89495,31.05.2024 07:48:08.430000,314.841,309.32,11.5405,12.407,11.408,53.7685,2.32467,2.3319,8.32538,13.1654,605.815,608.915,8.18063,16.2763,8.94496,8.09245,11.1056,62.5145,62.5145,1.0,1.0,1
89496,31.05.2024 07:48:08.440000,304.047,310.062,11.4619,12.379,11.307,56.7065,2.32443,2.33241,7.99072,11.085,605.675,608.99,8.79263,13.8616,8.3598,7.76042,11.1081,62.5,62.5,1.0,1.0,1
89497,31.05.2024 07:48:08.450000,304.047,303.717,11.4619,12.379,11.327,56.7065,2.2972,2.31992,7.44531,9.6828,605.665,609.035,8.03408,13.9205,8.73938,7.99936,11.1107,62.5,62.5,1.0,1.0,1
89498,31.05.2024 07:48:08.460000,316.489,303.717,11.4608,12.377,11.327,58.1357,2.2972,2.31992,7.44531,9.6828,605.59,608.99,7.30206,14.4985,9.24312,8.23691,11.1133,61.8273,61.8273,1.0,1.0,1
89499,31.05.2024 07:48:08.470000,316.489,303.717,11.4608,12.377,11.327,58.1357,2.2972,2.31992,7.44531,9.6828,605.59,608.99,7.30206,14.4985,9.24312,8.23691,11.1133,61.8273,61.8273,1.0,1.0,1
89500,31.05.2024 07:48:08.480000,321.02,308.002,11.4088,12.377,11.225,59.522,2.26933,2.30092,8.61385,11.4116,605.56,608.985,7.27106,14.2316,9.90667,8.60086,11.1133,61.8273,61.8273,1.0,1.0,1
89501,31.05.2024 07:48:08.490000,321.02,308.002,11.4088,12.377,11.225,59.522,2.26933,2.30092,8.61385,11.4116,605.56,608.985,7.27106,14.2316,9.90667,8.60086,11.1133,61.8273,61.8273,1.0,1.0,1
89502,31.05.2024 07:48:08.500000,314.346,306.436,11.4206,12.391,11.225,60.9616,2.25846,2.26577,6.81793,9.10901,605.62,608.965,6.98195,12.8112,10.5258,8.89498,11.117,61.9141,61.9141,1.0,1.0,1
89503,31.05.2024 07:48:08.510000,304.623,307.013,11.3878,12.336,11.239,62.2918,2.26231,2.26231,5.70585,5.69765,605.66,608.94,7.61375,12.4358,10.8626,9.18406,11.1222,63.6212,63.6212,1.0,1.0,1
89504,31.05.2024 07:48:08.520000,328.024,310.803,11.3385,12.358,11.204,63.6074,2.26318,2.24836,5.97181,6.03074,605.64,608.915,8.25623,11.4998,10.5367,9.26384,11.1222,63.6212,63.6212,1.0,1.0,1
89505,31.05.2024 07:48:08.530000,328.024,305.694,11.3385,12.358,11.093,63.6074,2.26612,2.2691,7.05832,7.54556,605.64,608.91,8.75138,11.019,10.1128,9.22852,11.1258,63.6212,63.6212,1.0,1.0,1
89506,31.05.2024 07:48:08.540000,315.335,305.694,11.3332,12.327,11.093,64.9715,2.26612,2.2691,7.05832,7.54556,605.575,608.955,8.55646,10.3837,9.67743,9.23446,11.1278,63.6212,63.6212,1.0,1.0,1
89507,31.05.2024 07:48:08.550000,314.181,301.987,11.3471,12.356,11.113,66.327,2.28039,2.30052,6.83378,9.30139,605.55,608.96,8.67385,10.0936,9.19086,9.31808,11.1278,64.6123,64.6123,1.0,1.0,1
89508,31.05.2024 07:48:08.560000,314.181,285.26,11.3471,12.356,11.173,66.327,2.28039,2.30052,6.83378,9.30139,605.505,608.955,8.48342,10.3337,8.53966,8.86928,11.132,64.6123,64.6123,1.0,1.0,1
89509,31.05.2024 07:48:08.570000,314.181,285.26,11.3471,12.356,11.173,66.327,2.28039,2.30052,6.83378,9.30139,605.505,608.955,8.48342,10.3337,8.53966,8.86928,11.132,64.6123,64.6123,1.0,1.0,1
89510,31.05.2024 07:48:08.580000,311.133,285.26,11.2469,12.346,11.173,67.6244,2.2955,2.33358,7.85331,11.9452,605.48,608.94,8.18912,10.15,8.43243,8.47585,11.132,65.6539,65.6539,1.0,1.0,1
89511,31.05.2024 07:48:08.590000,311.133,285.26,11.2469,12.346,11.173,67.6244,2.2955,2.33358,7.85331,11.9452,605.48,608.94,8.18912,10.15,8.43243,8.47585,11.132,65.6539,65.6539,1.0,1.0,1
89512,31.05.2024 07:48:08.600000,315.665,274.631,11.3221,12.32,11.092,68.9893,2.30263,2.35007,8.17876,13.3672,605.415,608.93,8.02367,9.41836,7.91013,8.41187,11.1369,65.6756,65.6756,1.0,1.0,1
89513,31.05.2024 07:48:08.610000,315.665,274.631,11.3221,12.32,11.092,68.9893,2.30263,2.35007,8.17876,13.3672,605.415,608.93,8.02367,9.41836,7.91013,8.41187,11.1369,65.6756,65.6756,1.0,1.0,1
89514,31.05.2024 07:48:08.620000,319.29,262.765,11.2737,12.277,11.139,70.4386,2.28427,2.33671,9.18019,13.0101,605.39,608.95,6.92994,9.2495,7.5878,8.37175,11.1396,66.2254,66.2254,1.0,1.0,1
89515,31.05.2024 07:48:08.630000,322.174,230.63,11.254,12.326,11.077,73.23,2.28433,2.30348,8.20578,10.5566,605.39,608.965,7.47245,9.33723,7.59885,8.34116,11.1425,66.2905,66.2905,1.0,1.0,1
89516,31.05.2024 07:48:08.640000,322.174,220.496,11.254,12.326,11.083,73.23,2.28433,2.30348,8.20578,10.5566,605.4,609.0,7.94546,9.21695,7.76897,8.40743,11.1456,66.2905,66.2905,1.0,1.0,1
89517,31.05.2024 07:48:08.650000,319.043,220.496,11.2526,12.283,11.083,74.7761,2.28789,2.27803,8.15227,7.14979,605.425,609.025,8.10137,9.67252,8.11607,8.39864,11.1456,66.7318,66.7318,1.0,1.0,1
89518,31.05.2024 07:48:08.660000,323.657,209.454,11.2526,12.271,11.108,74.7761,2.28613,2.27023,8.0677,4.86552,605.475,609.01,8.81023,9.89874,8.14007,8.41385,11.1481,66.7318,66.7318,1.0,1.0,1
89519,31.05.2024 07:48:08.670000,323.657,209.454,11.2458,12.271,11.108,76.3579,2.28613,2.27023,8.0677,4.86552,605.45,608.965,9.3608,10.1976,8.19027,8.36291,11.1506,67.4045,67.4045,1.0,1.0,1
89520,31.05.2024 07:48:08.680000,323.657,209.454,11.2458,12.271,11.108,76.3579,2.28613,2.27023,8.0677,4.86552,605.45,608.965,9.3608,10.1976,8.19027,8.36291,11.1506,67.4045,67.4045,1.0,1.0,1
89521,31.05.2024 07:48:08.690000,320.444,183.993,11.2766,12.294,11.055,77.8331,2.28536,2.26348,8.08191,7.23794,605.455,608.935,10.5933,9.48351,8.40248,8.42487,11.1506,67.4045,67.4045,1.0,1.0,1
89522,31.05.2024 07:48:08.700000,321.432,156.638,11.2904,12.282,11.051,79.1849,2.29437,2.28967,8.22375,7.92852,605.355,608.985,11.0059,8.55558,8.27887,8.34449,11.1569,68.4028,68.4028,1.0,1.0,1
89523,31.05.2024 07:48:08.710000,317.807,156.555,11.2413,12.242,11.055,80.5704,2.29515,2.32098,7.88941,8.24215,605.285,608.945,10.7876,8.69162,8.30902,8.35915,11.1569,69.3287,69.3287,1.0,1.0,1
89524,31.05.2024 07:48:08.720000,321.432,156.638,11.2904,12.282,11.051,79.1849,2.29515,2.32098,7.88941,8.24215,605.355,608.985,11.0059,8.55558,8.27887,8.34449,11.1569,69.3287,69.3287,1.0,1.0,1
89525,31.05.2024 07:48:08.730000,315.747,170.645,11.2644,12.178,11.079,82.0606,2.31665,2.36193,8.72932,11.7899,605.175,608.815,8.19334,7.35521,8.29716,8.4068,11.1595,70.0593,70.0593,1.0,1.0,1
89526,31.05.2024 07:48:08.740000,315.747,163.229,11.2644,12.187,11.141,82.0606,2.31321,2.3641,9.33222,13.8763,605.19,608.815,7.03981,6.67001,8.16346,8.1731,11.162,70.0593,70.0593,1.0,1.0,1
89527,31.05.2024 07:48:08.750000,315.747,163.229,11.2644,12.187,11.141,82.0606,2.31321,2.3641,9.33222,13.8763,605.19,608.815,7.03981,6.67001,8.16346,8.1731,11.162,70.0593,70.0593,1.0,1.0,1
89528,31.05.2024 07:48:08.760000,315.747,163.229,11.2719,12.187,11.141,83.6564,2.31585,2.36301,9.95854,13.1442,605.175,608.795,6.86029,6.22019,8.17104,7.8544,11.1651,70.9491,70.9491,1.0,1.0,1
89529,31.05.2024 07:48:08.770000,315.747,163.229,11.2719,12.187,11.141,83.6564,2.31585,2.36301,9.95854,13.1442,605.175,608.795,6.86029,6.22019,8.17104,7.8544,11.1651,70.9491,70.9491,1.0,1.0,1
89530,31.05.2024 07:48:08.780000,320.032,128.705,11.3075,12.192,11.142,85.243,2.31477,2.35311,10.1409,11.536,605.2,608.83,7.07831,5.61077,7.57247,6.83931,11.1675,70.9491,70.9491,1.0,1.0,1
89531,31.05.2024 07:48:08.790000,320.032,128.705,11.3075,12.192,11.142,85.243,2.31477,2.35311,10.1409,11.536,605.2,608.83,7.07831,5.61077,7.57247,6.83931,11.1675,70.9491,70.9491,1.0,1.0,1
89532,31.05.2024 07:48:08.800000,321.103,122.525,11.3709,12.129,11.164,87.5591,2.32023,2.34229,11.9238,12.5031,605.17,608.895,7.73491,5.70389,7.38984,6.64676,11.1718,71.4627,71.4627,1.0,1.0,1
89533,31.05.2024 07:48:08.810000,319.949,112.225,11.3376,12.088,11.138,88.6093,2.31645,2.3143,10.3424,10.6589,605.165,608.865,8.09594,7.02439,6.82718,7.1485,11.1745,71.4627,71.4627,1.0,1.0,1
89534,31.05.2024 07:48:08.820000,317.807,111.731,11.3651,12.083,11.17,88.6093,2.31291,2.31447,10.7656,8.25062,605.165,608.875,8.30107,7.01429,6.70099,7.22275,11.1775,71.4627,71.4627,1.0,1.0,1
89535,31.05.2024 07:48:08.830000,317.807,111.731,11.3651,12.083,11.17,89.5479,2.31291,2.31447,10.7656,8.25062,605.16,608.865,8.48521,7.09628,6.70316,7.38703,11.1808,71.5278,71.5278,1.0,1.0,1
89536,31.05.2024 07:48:08.840000,314.511,102.585,11.3995,12.048,11.212,90.4749,2.31522,2.32556,10.9007,11.0154,605.155,608.81,8.73308,7.45234,6.61558,7.28666,11.1808,70.4065,70.4065,1.0,1.0,1
89537,31.05.2024 07:48:08.850000,314.511,117.334,11.3995,12.048,11.229,90.4749,2.32348,2.32288,11.1569,13.0112,605.165,608.735,9.04249,6.4214,6.53943,7.0307,11.1844,70.4065,70.4065,1.0,1.0,1
89538,31.05.2024 07:48:08.860000,314.511,117.334,11.3995,12.048,11.229,90.4749,2.32348,2.32288,11.1569,13.0112,605.165,608.735,9.04249,6.4214,6.53943,7.0307,11.1844,70.4065,70.4065,1.0,1.0,1
89539,31.05.2024 07:48:08.870000,319.372,117.334,11.3568,11.958,11.229,91.3699,2.32348,2.32288,11.1569,13.0112,605.115,608.795,9.06425,5.39125,6.57189,6.87799,11.1878,70.421,70.421,1.0,1.0,1
89540,31.05.2024 07:48:08.880000,317.148,105.222,11.399,11.952,11.24,92.2665,2.34159,2.38446,9.93423,12.8238,604.975,608.835,8.29029,6.3721,6.70013,7.0789,11.1911,70.421,70.421,1.0,1.0,1
89541,31.05.2024 07:48:08.890000,316.324,105.222,11.4358,11.96,11.24,93.0384,2.34159,2.38446,9.93423,12.8238,604.95,608.78,7.42221,6.63538,6.79264,7.02264,11.1911,68.2219,68.2219,1.0,1.0,1
89542,31.05.2024 07:48:08.900000,318.548,104.068,11.4575,11.944,11.273,93.0384,2.34833,2.40786,10.6286,16.8474,604.93,608.75,6.75831,6.14885,6.8345,6.88673,11.1946,68.2219,68.2219,1.0,1.0,1
89543,31.05.2024 07:48:08.910000,318.548,104.068,11.4575,11.944,11.273,93.6493,2.34833,2.40786,10.6286,16.8474,604.91,608.81,6.51056,5.31375,6.76463,6.93373,11.1991,67.8747,67.8747,1.0,1.0,1
89544,31.05.2024 07:48:08.920000,327.53,103.903,11.489,11.833,11.26,94.1117,2.35519,2.40138,11.8207,15.743,604.92,608.89,5.82533,5.79195,5.8201,7.17641,11.1991,67.8747,67.8747,1.0,1.0,1
89545,31.05.2024 07:48:08.930000,327.53,108.847,11.489,11.833,11.298,94.1117,2.3384,2.38377,10.8032,9.63636,604.935,608.915,6.36338,6.90874,5.6206,7.19321,11.2024,67.8747,67.8747,1.0,1.0,1
89546,31.05.2024 07:48:08.940000,319.702,108.847,11.5002,11.794,11.298,94.5591,2.3384,2.38377,10.8032,9.63636,604.93,608.89,6.938,7.74135,5.56647,7.08417,11.2061,65.8348,65.8348,1.0,1.0,1
89547,31.05.2024 07:48:08.950000,321.515,100.03,11.5067,11.862,11.276,94.8661,2.30939,2.35796,10.5308,10.3945,604.935,608.85,7.2281,7.94972,5.58935,7.01303,11.2061,65.7046,65.7046,1.0,1.0,1
89548,31.05.2024 07:48:08.960000,321.515,50.3448,11.5067,11.862,11.309,94.8661,2.30939,2.35796,10.5308,10.3945,604.945,608.865,7.46146,8.13937,5.49381,6.91547,11.2102,65.7046,65.7046,1.0,1.0,1
89549,31.05.2024 07:48:08.970000,317.313,50.3448,11.5083,11.828,11.309,95.1961,2.29909,2.31278,9.83269,9.8946,604.92,608.88,7.52148,7.97911,5.42438,6.93243,11.2102,64.0336,64.0336,1.0,1.0,1
89550,31.05.2024 07:48:08.980000,320.608,106.54,11.5083,11.744,11.281,95.1961,2.30248,2.33334,9.4544,5.67738,604.95,608.95,7.81451,8.24914,5.44682,6.95022,11.2136,64.0336,64.0336,1.0,1.0,1
89551,31.05.2024 07:48:08.990000,320.608,106.54,11.5325,11.744,11.281,95.4932,2.30248,2.33334,9.4544,5.67738,604.93,608.95,8.01448,8.71302,5.45795,6.81268,11.2176,64.0336,64.0336,1.0,1.0,1
89552,31.05.2024 07:48:09.000000,315.088,70.5322,11.5054,11.731,11.317,95.7132,2.32869,2.33166,9.13248,9.00055,604.9,608.9,8.56923,9.84517,5.7489,6.76818,11.2176,62.5217,62.5217,1.0,1.0,1
89553,31.05.2024 07:48:09.010000,315.088,94.4275,11.5054,11.731,11.309,95.7132,2.3217,2.36862,11.4831,11.2152,604.82,608.89,8.31534,9.32345,5.93517,6.83801,11.2213,62.5217,62.5217,1.0,1.0,1
89554,31.05.2024 07:48:09.020000,315.335,94.4275,11.5921,11.679,11.309,95.9253,2.3217,2.36862,11.4831,11.2152,604.785,608.89,7.64446,8.56977,6.01551,6.90433,11.2247,61.5668,61.5668,1.0,1.0,1
89555,31.05.2024 07:48:09.030000,315.335,94.4275,11.5921,11.679,11.309,95.9253,2.3217,2.36862,11.4831,11.2152,604.785,608.89,7.64446,8.56977,6.01551,6.90433,11.2247,61.5668,61.5668,1.0,1.0,1
89556,31.05.2024 07:48:09.040000,313.44,100.278,11.5364,11.623,11.36,96.0527,2.32138,2.36349,10.3811,10.7795,604.8,608.95,7.40743,8.43493,5.98481,7.16174,11.2247,60.612,60.612,1.0,1.0,1
89557,31.05.2024 07:48:09.050000,313.44,100.278,11.5364,11.623,11.36,96.0527,2.32138,2.36349,10.3811,10.7795,604.8,608.95,7.40743,8.43493,5.98481,7.16174,11.2247,60.612,60.612,1.0,1.0,1
89558,31.05.2024 07:48:09.060000,294.159,76.8768,11.5384,11.613,11.402,96.1571,2.30425,2.36973,10.0823,11.5018,604.765,608.975,7.64416,9.96337,6.38786,7.75877,11.2288,59.6427,59.6427,1.0,1.0,1
89559,31.05.2024 07:48:09.070000,290.369,79.3487,11.563,11.612,11.423,96.3055,2.30121,2.35837,10.5812,12.435,604.66,608.92,7.0484,9.61627,6.24066,7.74876,11.2374,59.6354,59.6354,1.0,1.0,1
89560,31.05.2024 07:48:09.080000,290.369,79.3487,11.563,11.612,11.423,96.3055,2.30121,2.35837,10.5812,12.435,604.66,608.92,7.0484,9.61627,6.24066,7.74876,11.2374,59.6354,59.6354,1.0,1.0,1
89561,31.05.2024 07:48:09.090000,272.324,67.8955,11.5856,11.582,11.396,96.3637,2.30555,2.33725,8.99377,10.8536,604.685,608.945,6.32346,8.89504,5.5989,7.75224,11.2374,58.9554,58.9554,1.0,1.0,1
89562,31.05.2024 07:48:09.100000,261.694,6.17981,11.6272,11.635,11.424,96.3898,2.30049,2.32773,9.98726,8.1622,604.71,608.985,6.62795,9.6855,5.71888,8.00913,11.2462,57.3351,57.3351,1.0,1.0,1
89563,31.05.2024 07:48:09.110000,248.84,-18.7042,11.6467,11.554,11.409,96.4128,2.29719,2.31788,7.94479,7.73834,604.705,608.955,7.2136,10.174,5.8242,8.04344,11.2462,56.5032,56.5032,1.0,1.0,1
89564,31.05.2024 07:48:09.120000,248.84,25.296,11.6467,11.554,11.386,96.4128,2.29719,2.31788,7.94479,7.73834,604.68,608.945,7.48346,9.15761,6.01532,8.17119,11.2506,56.5032,56.5032,1.0,1.0,1
89565,31.05.2024 07:48:09.130000,244.391,25.296,11.592,11.465,11.386,96.4254,2.29056,2.31782,8.44775,7.75627,604.67,609.02,7.41274,8.91963,6.02799,8.24092,11.2506,55.7002,55.7002,1.0,1.0,1
89566,31.05.2024 07:48:09.140000,236.151,51.6632,11.6391,11.432,11.394,96.4254,2.28008,2.32035,8.05173,6.25419,604.64,609.045,7.1967,9.21842,6.04887,8.35693,11.2556,55.7002,55.7002,1.0,1.0,1
89567,31.05.2024 07:48:09.150000,236.151,51.6632,11.6391,11.432,11.394,96.4233,2.28008,2.32035,8.05173,6.25419,604.64,608.975,7.26748,10.2006,5.90202,8.52602,11.2591,55.7002,55.7002,1.0,1.0,1
89568,31.05.2024 07:48:09.160000,224.368,3.2135,11.6309,11.489,11.422,96.4394,2.27716,2.3236,6.76535,6.6927,604.63,608.945,7.41464,9.07153,5.93418,8.60128,11.2591,54.6586,54.6586,1.0,1.0,1
89569,31.05.2024 07:48:09.170000,224.368,3.2135,11.6309,11.489,11.422,96.4394,2.27716,2.3236,6.76535,6.6927,604.63,608.945,7.41464,9.07153,5.93418,8.60128,11.2591,54.6586,54.6586,1.0,1.0,1
89570,31.05.2024 07:48:09.180000,224.368,-86.3525,11.6309,11.489,11.394,96.4394,2.2657,2.32173,6.5871,7.66827,604.62,608.945,7.5167,8.22296,6.01076,8.70287,11.2621,53.1684,53.1684,1.0,1.0,1
89571,31.05.2024 07:48:09.190000,200.061,-77.0416,11.6058,11.48,11.424,96.4649,2.26502,2.319,6.88707,6.35517,604.62,608.99,7.53813,8.09123,6.08592,8.93117,11.2672,51.9314,51.9314,1.0,1.0,1
89572,31.05.2024 07:48:09.200000,200.061,-77.0416,11.6058,11.48,11.424,96.4649,2.26502,2.319,6.88707,6.35517,604.62,608.99,7.53813,8.09123,6.08592,8.93117,11.2672,51.9314,51.9314,1.0,1.0,1
89573,31.05.2024 07:48:09.210000,200.061,-34.1949,11.6058,11.48,11.424,96.4649,2.26868,2.32023,5.57768,6.86888,604.62,609.0,8.08921,8.29024,6.16961,9.08648,11.27,51.9314,51.9314,1.0,1.0,1
89574,31.05.2024 07:48:09.220000,172.046,0.247192,11.6781,11.307,11.379,96.483,2.26396,2.3241,6.28675,6.72185,604.595,609.08,8.13964,8.99616,6.23185,9.29824,11.274,51.9314,51.9314,1.0,1.0,1
89575,31.05.2024 07:48:09.230000,172.046,0.247192,11.6781,11.307,11.379,96.483,2.26396,2.3241,6.28675,6.72185,604.595,609.08,8.13964,8.99616,6.23185,9.29824,11.274,51.9314,51.9314,1.0,1.0,1
89576,31.05.2024 07:48:09.240000,172.046,0.247192,11.6781,11.307,11.379,96.4373,2.26493,2.32299,6.41365,7.65302,604.6,609.095,8.05295,9.4111,6.22736,9.44688,11.2781,49.3417,49.3417,1.0,1.0,1
89577,31.05.2024 07:48:09.250000,172.046,0.247192,11.6781,11.307,11.379,96.4373,2.26493,2.32299,6.41365,7.65302,604.6,609.095,8.05295,9.4111,6.22736,9.44688,11.2781,49.3417,49.3417,1.0,1.0,1
89578,31.05.2024 07:48:09.260000,169.409,-87.0117,11.6099,11.307,11.401,96.4104,2.26287,2.32581,6.24504,6.77939,604.59,609.135,8.29638,10.3773,6.25787,9.8347,11.2822,48.5388,48.5388,1.0,1.0,1
89579,31.05.2024 07:48:09.270000,149.469,-68.3899,11.553,11.258,11.39,96.3715,2.26539,2.32509,6.00628,7.41301,604.555,609.095,8.33412,10.8844,6.28447,9.97588,11.2865,47.8009,47.8009,1.0,1.0,1
89580,31.05.2024 07:48:09.280000,149.469,-60.2325,11.553,11.258,11.437,96.3715,2.26539,2.32509,6.00628,7.41301,604.525,609.085,8.57804,10.2895,6.30679,10.0868,11.2907,47.8009,47.8009,1.0,1.0,1
89581,31.05.2024 07:48:09.290000,113.708,-60.2325,11.5769,11.2,11.437,96.4005,2.27014,2.32593,6.30285,6.75227,604.53,609.085,8.0267,9.18625,6.28273,10.0213,11.2907,46.7954,46.7954,1.0,1.0,1
89582,31.05.2024 07:48:09.300000,113.708,-60.2325,11.5769,11.2,11.437,96.4005,2.27014,2.32593,6.30285,6.75227,604.53,609.085,8.0267,9.18625,6.28273,10.0213,11.2907,46.7954,46.7954,1.0,1.0,1
89583,31.05.2024 07:48:09.310000,112.72,-64.5172,11.5769,11.214,11.429,96.4005,2.26631,2.32688,6.303,7.10372,604.525,609.085,7.89518,9.1133,6.28391,9.93341,11.2961,46.7954,46.7954,1.0,1.0,1
89584,31.05.2024 07:48:09.320000,112.72,-64.5172,11.5769,11.214,11.429,96.4005,2.26631,2.32688,6.303,7.10372,604.525,609.085,7.89518,9.1133,6.28391,9.93341,11.2961,46.7954,46.7954,1.0,1.0,1
89585,31.05.2024 07:48:09.330000,111.566,-143.948,11.57,11.406,11.394,96.505,2.25929,2.32511,6.8666,6.88163,604.56,609.13,8.34703,8.52366,6.52243,9.75996,11.3002,45.9129,45.9129,1.0,1.0,1
89586,31.05.2024 07:48:09.340000,107.281,-234.668,11.5376,11.567,11.351,96.4546,2.25487,2.32633,6.60203,6.93016,604.575,609.165,9.2026,9.34466,6.64975,9.85031,11.3097,45.2691,45.2691,1.0,1.0,1
89587,31.05.2024 07:48:09.350000,108.27,-245.874,11.5696,11.59,11.349,96.5152,2.25534,2.32857,5.89798,7.1054,604.555,609.17,9.18158,9.36718,6.74042,9.8508,11.3097,44.9219,44.9219,1.0,1.0,1
89588,31.05.2024 07:48:09.360000,108.27,-254.278,11.5696,11.59,11.356,96.5152,2.25534,2.32857,5.89798,7.1054,604.52,609.18,8.66432,9.20969,6.87773,9.6286,11.3145,44.9219,44.9219,1.0,1.0,1
89589,31.05.2024 07:48:09.370000,102.502,-254.278,11.5531,11.538,11.356,96.3438,2.25716,2.33232,6.48045,6.84089,604.51,609.195,8.37898,9.24615,6.97605,9.61146,11.3145,44.6253,44.6253,1.0,1.0,1
89590,31.05.2024 07:48:09.380000,95.0042,-255.597,11.5252,11.369,11.343,96.3438,2.26417,2.33277,7.01967,6.81063,604.55,609.205,8.3063,9.41654,7.01557,9.53032,11.3185,44.6253,44.6253,1.0,1.0,1
89591,31.05.2024 07:48:09.390000,95.0042,-255.597,11.5252,11.369,11.343,96.3306,2.26417,2.33277,7.01967,6.81063,604.6,609.205,8.20317,9.03532,7.17156,9.39507,11.3206,44.647,44.647,1.0,1.0,1
89592,31.05.2024 07:48:09.400000,69.2138,-262.106,11.5728,11.362,11.352,96.4159,2.25734,2.33143,5.95872,6.31576,604.63,609.225,9.07804,9.16471,7.27979,9.10582,11.3206,43.9453,43.9453,1.0,1.0,1
89593,31.05.2024 07:48:09.410000,69.2138,-267.956,11.5728,11.362,11.353,96.4159,2.25138,2.32047,6.44744,6.09721,604.675,609.215,10.0891,9.27195,7.45327,9.12086,11.3257,43.9453,43.9453,1.0,1.0,1
89594,31.05.2024 07:48:09.420000,69.2138,-267.956,11.5728,11.362,11.353,96.4159,2.25138,2.32047,6.44744,6.09721,604.675,609.215,10.0891,9.27195,7.45327,9.12086,11.3257,43.9453,43.9453,1.0,1.0,1
89595,31.05.2024 07:48:09.430000,48.1201,-267.956,11.5693,11.445,11.353,96.4007,2.25138,2.32047,6.44744,6.09721,604.6,609.165,10.5487,9.08428,7.60543,9.12733,11.3298,43.5113,43.5113,1.0,1.0,1
89596,31.05.2024 07:48:09.440000,48.1201,-267.956,11.5693,11.445,11.353,96.4007,2.25138,2.32047,6.44744,6.09721,604.6,609.165,10.5487,9.08428,7.60543,9.12733,11.3298,43.5113,43.5113,1.0,1.0,1
89597,31.05.2024 07:48:09.450000,32.6294,-252.301,11.5512,11.533,11.312,96.3864,2.24019,2.31984,4.4241,7.50804,604.535,609.155,9.27657,7.42196,7.63807,8.71242,11.3333,42.9109,42.9109,1.0,1.0,1
89598,31.05.2024 07:48:09.460000,-12.442,-249.499,11.6029,11.393,11.361,96.3705,2.23992,2.32096,4.55263,7.35629,604.54,609.17,8.14634,6.93694,7.63613,8.64578,11.337,41.7896,41.7896,1.0,1.0,1
89599,31.05.2024 07:48:09.470000,-12.442,-249.499,11.6029,11.393,11.361,96.407,2.23992,2.32096,4.55263,7.35629,604.55,609.175,7.89257,6.61253,7.50261,8.57752,11.3411,40.7986,40.7986,1.0,1.0,1
89600,31.05.2024 07:48:09.480000,-12.442,-249.499,11.6029,11.393,11.361,96.407,2.23992,2.32096,4.55263,7.35629,604.55,609.175,7.89257,6.61253,7.50261,8.57752,11.3411,40.7986,40.7986,1.0,1.0,1
89601,31.05.2024 07:48:09.490000,-66.9891,-265.732,11.5523,11.392,11.386,96.4462,2.23923,2.32028,4.98511,6.35678,604.55,609.195,8.01372,6.69709,7.47586,8.16697,11.3411,40.7986,40.7986,0.0,1.0,1
89602,31.05.2024 07:48:09.500000,-84.6222,-271.335,11.5182,11.439,11.373,96.4182,2.23914,2.32219,4.77416,6.74762,604.515,609.175,8.00193,6.58507,7.3759,7.97368,11.3492,40.7697,40.7697,0.0,1.0,1
89603,31.05.2024 07:48:09.510000,-84.6222,-271.335,11.5182,11.439,11.373,96.4182,2.23914,2.32219,4.77416,6.74762,604.515,609.175,8.00193,6.58507,7.3759,7.97368,11.3492,40.7697,40.7697,0.0,1.0,1
89604,31.05.2024 07:48:09.520000,-98.3825,-255.102,11.5713,11.561,11.34,96.3993,2.23917,2.31999,5.00767,7.12177,604.53,609.185,7.43415,6.36318,7.13847,7.81566,11.3492,39.1565,39.1565,0.0,1.0,1
89605,31.05.2024 07:48:09.530000,-102.75,-251.807,11.557,11.461,11.378,96.3992,2.24524,2.32313,5.16478,6.59231,604.6,609.245,7.4576,6.31542,6.74846,7.69747,11.3536,38.8165,38.8165,0.0,1.0,1
89606,31.05.2024 07:48:09.540000,-106.622,-256.75,11.5693,11.393,11.373,96.3992,2.24599,2.32423,5.59357,6.75933,604.6,609.265,8.16567,6.85434,6.77079,7.71542,11.3576,38.8165,38.8165,0.0,1.0,1
89607,31.05.2024 07:48:09.550000,-106.622,-256.75,11.5693,11.393,11.373,96.4057,2.24599,2.32423,5.59357,6.75933,604.565,609.255,8.1834,7.4737,6.55893,7.6652,11.3627,38.8165,38.8165,0.0,1.0,1
89608,31.05.2024 07:48:09.560000,-106.622,-256.75,11.5693,11.393,11.373,96.4057,2.24599,2.32423,5.59357,6.75933,604.565,609.255,8.1834,7.4737,6.55893,7.6652,11.3627,38.8165,38.8165,0.0,1.0,1
89609,31.05.2024 07:48:09.570000,-118.158,-265.897,11.6176,11.454,11.336,96.4429,2.2437,2.3218,5.85286,5.67885,604.58,609.25,7.89736,7.34336,6.31032,7.25191,11.3627,37.6302,37.6302,0.0,1.0,1
89610,31.05.2024 07:48:09.580000,-123.926,-265.649,11.5809,11.555,11.353,96.4416,2.24267,2.32187,6.08139,6.00008,604.56,609.245,7.93597,7.25943,6.17506,7.43963,11.3701,37.6302,37.6302,0.0,1.0,1
89611,31.05.2024 07:48:09.590000,-142.3,-251.889,11.5818,11.514,11.365,96.4786,2.24271,2.32386,6.10996,7.00781,604.55,609.215,7.78178,7.12116,6.13088,7.86432,11.3701,37.6302,37.6302,0.0,1.0,1
89612,31.05.2024 07:48:09.600000,-142.3,-251.065,11.5818,11.514,11.36,96.4786,2.24271,2.32386,6.10996,7.00781,604.555,609.165,7.52156,6.7229,6.15375,8.02208,11.3744,37.6302,37.6302,0.0,1.0,1
89613,31.05.2024 07:48:09.610000,-142.3,-251.065,11.5818,11.514,11.36,96.4786,2.24271,2.32386,6.10996,7.00781,604.555,609.165,7.52156,6.7229,6.15375,8.02208,11.3744,37.6302,37.6302,0.0,1.0,1
89614,31.05.2024 07:48:09.620000,-161.664,-251.065,11.5873,11.434,11.36,96.4719,2.24962,2.32432,5.92968,7.31339,604.585,609.155,7.44957,5.94499,6.11209,7.80503,11.3744,36.7839,36.7839,0.0,1.0,1
89615,31.05.2024 07:48:09.630000,-161.664,-251.065,11.5873,11.434,11.36,96.4719,2.24962,2.32432,5.92968,7.31339,604.585,609.155,7.44957,5.94499,6.11209,7.80503,11.3744,36.7839,36.7839,0.0,1.0,1
89616,31.05.2024 07:48:09.640000,-190.338,-258.398,11.5643,11.319,11.376,96.4581,2.24796,2.32793,6.07787,6.68002,604.64,609.275,7.72075,5.25126,6.11437,7.61557,11.3824,36.3281,36.3281,0.0,1.0,1
89617,31.05.2024 07:48:09.650000,-213.821,-258.069,11.6462,11.458,11.376,96.424,2.16475,2.32324,5.45471,6.0551,604.655,609.25,8.58607,6.50391,6.13484,7.7886,11.3865,36.0605,36.0605,0.0,1.0,1
89618,31.05.2024 07:48:09.660000,-236.645,-258.069,11.6061,11.47,11.376,96.4631,2.16475,2.32324,5.45471,6.0551,604.685,609.21,8.63824,6.30322,6.11603,7.61079,11.39,34.932,34.932,0.0,1.0,1
89619,31.05.2024 07:48:09.670000,-270.346,-248.923,11.6115,11.488,11.416,96.421,2.15899,2.32152,4.8283,6.53022,604.7,609.195,8.86229,6.15287,6.07329,7.60746,11.39,34.1869,34.1869,0.0,1.0,1
89620,31.05.2024 07:48:09.680000,-236.645,-258.069,11.6061,11.47,11.376,96.4631,2.15899,2.32152,4.8283,6.53022,604.685,609.21,8.63824,6.30322,6.11603,7.61079,11.39,34.1869,34.1869,0.0,1.0,1
89621,31.05.2024 07:48:09.690000,-270.676,-253.29,11.5753,11.427,11.419,96.3891,2.16096,2.31992,5.82406,7.06507,604.72,609.27,10.1574,5.30715,6.27035,8.30202,11.394,34.1725,34.1725,0.0,1.0,1
89622,31.05.2024 07:48:09.700000,-270.923,-263.013,11.5753,11.433,11.408,96.3891,2.15996,2.32109,5.07435,6.11832,604.685,609.285,9.95958,6.00137,6.2472,8.39069,11.398,34.1725,34.1725,0.0,1.0,1
89623,31.05.2024 07:48:09.710000,-270.923,-263.013,11.6188,11.433,11.408,96.365,2.15996,2.32109,5.07435,6.11832,604.71,609.26,9.71059,6.61517,6.19998,8.39224,11.4024,33.7818,33.7818,0.0,1.0,1
89624,31.05.2024 07:48:09.720000,-270.84,-257.739,11.6405,11.571,11.432,96.3864,2.16231,2.32029,5.56138,5.79892,604.73,609.22,9.39067,6.09733,6.17019,8.60289,11.4024,33.7674,33.7674,0.0,1.0,1
89625,31.05.2024 07:48:09.730000,-270.84,-251.23,11.6405,11.571,11.443,96.3864,2.16087,2.32155,6.04863,6.93785,604.775,609.22,9.5719,5.91995,6.09517,8.67716,11.4066,33.7674,33.7674,0.0,1.0,1
89626,31.05.2024 07:48:09.740000,-274.301,-251.23,11.6388,11.541,11.443,96.4098,2.16087,2.32155,6.04863,6.93785,604.82,609.255,9.60323,5.39215,6.18468,8.89837,11.4108,34.2448,34.2448,0.0,1.0,1
89627,31.05.2024 07:48:09.750000,-274.301,-251.23,11.6388,11.541,11.443,96.4098,2.16087,2.32155,6.04863,6.93785,604.82,609.255,9.60323,5.39215,6.18468,8.89837,11.4108,34.2448,34.2448,0.0,1.0,1
89628,31.05.2024 07:48:09.760000,-273.23,-249.664,11.6369,11.418,11.449,96.5063,2.16036,2.3186,6.44252,7.31584,604.8,609.265,9.94447,4.99965,6.38666,9.23358,11.4108,34.1218,34.1218,0.0,1.0,1
89629,31.05.2024 07:48:09.770000,-276.196,-261.694,11.6582,11.399,11.421,96.5789,2.16106,2.31748,6.39227,7.28569,604.765,609.225,8.80879,5.09732,6.51981,9.84625,11.4156,34.1218,34.1218,0.0,1.0,1
89630,31.05.2024 07:48:09.780000,-272.324,-259.058,11.6458,11.479,11.417,96.5789,2.16151,2.31922,6.81419,7.01435,604.88,609.25,8.11674,4.61174,6.53642,9.72641,11.4196,34.1218,34.1218,0.0,1.0,1
89631,31.05.2024 07:48:09.790000,-272.324,-259.058,11.6458,11.479,11.417,96.5234,2.16151,2.31922,6.81419,7.01435,604.935,609.275,8.53032,4.88817,6.47183,9.48738,11.4243,33.4563,33.4563,0.0,1.0,1
89632,31.05.2024 07:48:09.800000,-271.417,-256.421,11.6994,11.489,11.409,96.5071,2.15807,2.31963,6.02339,7.42508,604.965,609.28,9.8762,5.12024,6.57418,9.47523,11.4243,32.3712,32.3712,0.0,1.0,1
89633,31.05.2024 07:48:09.810000,-271.417,-256.421,11.6994,11.489,11.409,96.5071,2.15807,2.31963,6.02339,7.42508,604.965,609.28,9.8762,5.12024,6.57418,9.47523,11.4243,32.3712,32.3712,0.0,1.0,1
89634,31.05.2024 07:48:09.820000,-271.417,-250.9,11.6994,11.489,11.43,96.5071,2.15935,2.31925,6.59618,7.56026,604.965,609.295,10.6371,5.13845,6.66168,9.66967,11.4285,32.3712,32.3712,0.0,1.0,1
89635,31.05.2024 07:48:09.830000,-267.215,-259.47,11.6682,11.438,11.422,96.4972,2.15617,2.32274,5.97209,7.73008,604.98,609.315,10.1305,5.7879,6.67604,9.73702,11.432,31.6262,31.6262,0.0,1.0,1
89636,31.05.2024 07:48:09.840000,-271.417,-250.9,11.6994,11.489,11.43,96.5071,2.15617,2.32274,5.97209,7.73008,604.965,609.295,10.6371,5.13845,6.66168,9.66967,11.4285,31.6262,31.6262,0.0,1.0,1
89637,31.05.2024 07:48:09.850000,-268.533,-262.436,11.6803,11.472,11.453,96.4625,2.15648,2.3226,6.43793,7.82929,605.02,609.425,9.79962,6.56402,6.87979,9.94488,11.4378,30.4977,30.4977,0.0,1.0,1
89638,31.05.2024 07:48:09.860000,-275.619,-254.938,11.6886,11.484,11.449,96.4625,2.15667,2.31948,6.57156,7.40625,605.065,609.455,10.172,7.6795,6.86875,9.91987,11.4414,30.4977,30.4977,0.0,1.0,1
89639,31.05.2024 07:48:09.870000,-275.619,-254.938,11.6886,11.484,11.449,96.4189,2.15667,2.31948,6.57156,7.40625,605.07,609.42,10.1958,8.37446,6.84937,9.95917,11.4459,29.3403,29.3403,0.0,1.0,1
89640,31.05.2024 07:48:09.880000,-273.724,-254.938,11.6935,11.437,11.45,96.4415,2.15247,2.3161,5.96399,6.05262,605.075,609.41,10.205,8.21213,6.96823,10.0465,11.4459,29.3403,29.3403,0.0,1.0,1
89641,31.05.2024 07:48:09.890000,-273.724,-254.938,11.6935,11.437,11.45,96.4415,2.15247,2.3161,5.96399,6.05262,605.075,609.41,10.205,8.21213,6.96823,10.0465,11.4459,29.3403,29.3403,0.0,1.0,1
89642,31.05.2024 07:48:09.900000,-273.724,-260.953,11.6935,11.437,11.507,96.4415,2.15001,2.31304,6.08735,6.93694,605.09,609.4,9.70101,7.92034,6.95681,10.0633,11.4496,28.3058,28.3058,0.0,1.0,1
89643,31.05.2024 07:48:09.910000,-268.286,-260.376,11.6947,11.48,11.487,96.4182,2.14443,2.31052,6.0273,6.41221,605.13,609.425,9.13562,7.75152,7.07624,10.0477,11.4535,26.9748,26.9748,0.0,1.0,1
89644,31.05.2024 07:48:09.920000,-268.286,-256.668,11.6947,11.48,11.529,96.4182,2.14443,2.31052,6.0273,6.41221,605.175,609.475,8.74388,7.3433,7.25938,9.95275,11.4578,26.9748,26.9748,0.0,1.0,1
89645,31.05.2024 07:48:09.930000,-270.676,-256.668,11.7103,11.506,11.529,96.4047,2.14395,2.30624,5.62325,6.21294,605.2,609.505,8.86409,7.91214,7.24826,10.0184,11.4578,26.9748,26.9748,0.0,1.0,1
89646,31.05.2024 07:48:09.940000,-266.803,-254.938,11.7103,11.524,11.517,96.4047,2.14346,2.30787,5.8237,6.42177,605.23,609.51,9.09977,8.62033,7.18988,10.0081,11.4614,26.9748,26.9748,0.0,1.0,1
89647,31.05.2024 07:48:09.950000,-266.803,-254.938,11.7103,11.524,11.517,96.4047,2.14346,2.30787,5.8237,6.42177,605.23,609.51,9.09977,8.62033,7.18988,10.0081,11.4614,26.9748,26.9748,0.0,1.0,1
89648,31.05.2024 07:48:09.960000,-266.803,-254.938,11.7112,11.524,11.517,96.4555,2.14061,2.30725,6.37903,6.91314,605.245,609.485,9.11152,8.99872,7.19091,10.0168,11.466,25.8391,25.8391,0.0,1.0,1
89649,31.05.2024 07:48:09.970000,-274.383,-262.353,11.6745,11.482,11.564,96.5074,2.14024,2.30541,6.45078,6.7021,605.24,609.485,8.4324,7.76715,7.03344,8.78013,11.4702,25.9693,25.9693,0.0,1.0,1
89650,31.05.2024 07:48:09.980000,-271.5,-262.353,11.7287,11.496,11.564,96.4807,2.14024,2.30541,6.45078,6.7021,605.26,609.475,8.07845,7.45815,6.93486,8.56524,11.4752,25.9259,25.9259,0.0,1.0,1
89651,31.05.2024 07:48:09.990000,-271.252,-256.998,11.734,11.543,11.549,96.4162,2.13608,2.30498,6.89516,7.394,605.275,609.45,7.81907,7.31962,6.83714,8.60867,11.4752,25.9187,25.9187,0.0,1.0,1
89652,31.05.2024 07:48:10.000000,-271.5,-262.353,11.7287,11.496,11.564,96.4807,2.13608,2.30498,6.89516,7.394,605.26,609.475,8.07845,7.45815,6.93486,8.56524,11.4752,25.9187,25.9187,0.0,1.0,1
89653,31.05.2024 07:48:10.010000,-270.428,-253.949,11.7465,11.573,11.512,96.3998,2.13719,2.30497,7.03379,8.41961,605.37,609.45,7.36305,6.20479,6.56743,8.03671,11.4799,24.877,24.877,0.0,1.0,1
89654,31.05.2024 07:48:10.020000,-262.106,-255.102,11.7465,11.559,11.498,96.3998,2.13347,2.30467,6.96653,7.38106,605.49,609.455,8.06237,5.98617,6.63518,7.40267,11.4826,24.877,24.877,0.0,1.0,1
89655,31.05.2024 07:48:10.030000,-262.106,-255.102,11.7059,11.559,11.498,96.4154,2.13347,2.30467,6.96653,7.38106,605.515,609.475,8.88437,5.78371,6.68233,6.87845,11.4871,24.0741,24.0741,0.0,1.0,1
89656,31.05.2024 07:48:10.040000,-271.582,-264.578,11.7309,11.553,11.47,96.3762,2.13292,2.30431,6.64024,7.8723,605.46,609.5,9.75028,5.94062,6.71187,6.7211,11.4871,23.2277,23.2277,0.0,1.0,1
89657,31.05.2024 07:48:10.050000,-271.582,-254.196,11.7309,11.553,11.566,96.3762,2.13125,2.30456,7.10418,7.96825,605.44,609.53,9.24413,5.85851,6.76617,6.73871,11.4926,23.2277,23.2277,0.0,1.0,1
89658,31.05.2024 07:48:10.060000,-266.968,-254.196,11.7881,11.644,11.566,96.3276,2.13125,2.30456,7.10418,7.96825,605.405,609.59,8.47224,5.94847,6.711,6.78317,11.4963,22.3018,22.3018,0.0,1.0,1
89659,31.05.2024 07:48:10.070000,-266.968,-254.196,11.7881,11.644,11.566,96.3276,2.13125,2.30456,7.10418,7.96825,605.405,609.59,8.47224,5.94847,6.711,6.78317,11.4963,22.3018,22.3018,0.0,1.0,1
89660,31.05.2024 07:48:10.080000,-268.286,-254.526,11.7557,11.645,11.551,96.4002,2.13114,2.30469,7.4285,8.03848,605.375,609.6,7.57275,6.27855,6.74262,6.66812,11.4963,21.9473,21.9473,0.0,1.0,1
89661,31.05.2024 07:48:10.090000,-268.286,-254.526,11.7557,11.645,11.551,96.4002,2.13114,2.30469,7.4285,8.03848,605.375,609.6,7.57275,6.27855,6.74262,6.66812,11.4963,21.9473,21.9473,0.0,1.0,1
89662,31.05.2024 07:48:10.100000,-264.084,-254.526,11.768,11.613,11.552,96.4466,2.13567,2.30296,6.68623,7.83877,605.38,609.6,5.62691,7.17613,6.65914,6.65838,11.501,21.9329,21.9329,0.0,1.0,1
89663,31.05.2024 07:48:10.110000,-272.324,-256.421,11.7706,11.583,11.547,96.4488,2.13271,2.30375,6.14654,6.93928,605.475,609.61,5.0397,7.25079,6.50591,6.43126,11.5098,21.9329,21.9329,0.0,1.0,1
89664,31.05.2024 07:48:10.120000,-269.11,-257.327,11.7865,11.573,11.586,96.4549,2.12934,2.30323,6.55212,6.92553,605.52,609.615,5.41294,6.67193,6.46857,6.11793,11.5098,21.8244,21.8244,0.0,1.0,1
89665,31.05.2024 07:48:10.130000,-269.11,-257.41,11.7865,11.573,11.622,96.4549,2.12509,2.3012,6.44252,7.10369,605.545,609.65,6.11676,6.79913,6.42451,5.95461,11.5145,21.8244,21.8244,0.0,1.0,1
89666,31.05.2024 07:48:10.140000,-270.84,-257.41,11.7677,11.596,11.622,96.4954,2.12509,2.3012,6.44252,7.10369,605.55,609.65,6.18224,6.94428,6.47992,5.84317,11.5183,21.0287,21.0287,0.0,1.0,1
89667,31.05.2024 07:48:10.150000,-272.241,-248.84,11.7913,11.551,11.556,96.4604,2.12459,2.30023,7.41312,6.31232,605.535,609.64,6.50154,6.74559,6.40367,5.83934,11.5183,21.0287,21.0287,0.0,1.0,1
89668,31.05.2024 07:48:10.160000,-272.241,-256.998,11.7913,11.551,11.56,96.4604,2.12459,2.30023,7.41312,6.31232,605.52,609.675,6.38763,6.72612,6.43479,5.68675,11.5232,21.0287,21.0287,0.0,1.0,1
89669,31.05.2024 07:48:10.170000,-269.687,-256.998,11.7803,11.58,11.56,96.5562,2.12416,2.29871,6.25976,6.99085,605.53,609.72,6.08763,6.88497,6.45843,5.57029,11.5232,20.2474,20.2474,0.0,1.0,1
89670,31.05.2024 07:48:10.180000,-269.687,-256.998,11.7803,11.58,11.56,96.5562,2.12416,2.29871,6.25976,6.99085,605.53,609.72,6.08763,6.88497,6.45843,5.57029,11.5232,20.2474,20.2474,0.0,1.0,1
89671,31.05.2024 07:48:10.190000,-270.264,-258.728,11.7408,11.64,11.547,96.5562,2.12202,2.29709,6.50294,6.82201,605.555,609.805,5.88766,7.5085,6.39261,5.43806,11.5272,19.8857,19.8857,0.0,1.0,1
89672,31.05.2024 07:48:10.200000,-268.533,-259.882,11.787,11.672,11.528,96.5155,2.12089,2.29451,6.51075,6.99192,605.62,609.815,6.21655,8.53352,6.38541,5.41561,11.5327,19.4444,19.4444,0.0,1.0,1
89673,31.05.2024 07:48:10.210000,-268.533,-259.882,11.787,11.672,11.528,96.5155,2.12089,2.29451,6.51075,6.99192,605.62,609.815,6.21655,8.53352,6.38541,5.41561,11.5327,19.4444,19.4444,0.0,1.0,1
89674,31.05.2024 07:48:10.220000,-268.533,-251.312,11.787,11.672,11.522,96.5155,2.12012,2.29415,6.48028,6.91136,605.585,609.835,6.29418,8.69678,6.39276,5.43729,11.5369,19.4444,19.4444,0.0,1.0,1
89675,31.05.2024 07:48:10.230000,-270.758,-257.657,11.7652,11.539,11.534,96.4217,2.11759,2.2937,5.87932,7.34698,605.6,609.87,5.78871,8.53593,6.49869,5.40177,11.5396,18.6921,18.6921,0.0,1.0,1
89676,31.05.2024 07:48:10.240000,-270.758,-257.657,11.7652,11.539,11.534,96.4217,2.11759,2.2937,5.87932,7.34698,605.6,609.87,5.78871,8.53593,6.49869,5.40177,11.5396,18.6921,18.6921,0.0,1.0,1
89677,31.05.2024 07:48:10.250000,-270.758,-259.799,11.7652,11.539,11.538,96.4217,2.11788,2.29544,7.03447,7.91347,605.63,609.905,6.13797,8.67937,6.80101,5.61991,11.5445,18.2943,18.2943,0.0,1.0,1
89678,31.05.2024 07:48:10.260000,-275.455,-261.859,11.8056,11.573,11.543,96.4696,2.11778,2.2936,6.95713,8.17245,605.64,609.945,6.34591,9.63752,6.82433,5.77785,11.5488,18.2943,18.2943,0.0,1.0,1
89679,31.05.2024 07:48:10.270000,-275.455,-261.859,11.8434,11.573,11.543,96.4495,2.11778,2.2936,6.95713,8.17245,605.64,609.93,6.3338,9.83381,6.81795,5.71187,11.5528,17.9904,17.9904,0.0,1.0,1
89680,31.05.2024 07:48:10.280000,-275.455,-261.859,11.8434,11.573,11.543,96.4495,2.11778,2.2936,6.95713,8.17245,605.64,609.93,6.3338,9.83381,6.81795,5.71187,11.5528,17.9904,17.9904,0.0,1.0,1
89681,31.05.2024 07:48:10.290000,-265.073,-259.387,11.8079,11.646,11.575,96.5001,2.11927,2.29375,7.08468,6.98446,605.645,609.885,5.92113,8.77942,6.86642,5.55747,11.5528,17.4479,17.4479,0.0,1.0,1
89682,31.05.2024 07:48:10.300000,-274.054,-252.466,11.8124,11.654,11.543,96.5053,2.11823,2.29438,7.74732,7.6208,605.685,609.86,5.85821,7.09036,6.69581,5.45303,11.561,17.4262,17.4262,0.0,1.0,1
89683,31.05.2024 07:48:10.310000,-274.054,-252.466,11.8124,11.654,11.543,96.5053,2.11823,2.29438,7.74732,7.6208,605.685,609.86,5.85821,7.09036,6.69581,5.45303,11.561,17.4262,17.4262,0.0,1.0,1
89684,31.05.2024 07:48:10.320000,-275.043,-260.129,11.8335,11.535,11.565,96.4558,2.11872,2.29284,8.18813,7.51287,605.7,609.875,5.87819,6.18482,6.74164,5.54568,11.561,17.1947,17.1947,0.0,1.0,1
89685,31.05.2024 07:48:10.330000,-275.043,-260.129,11.8335,11.535,11.565,96.4558,2.11872,2.29284,8.18813,7.51287,605.7,609.875,5.87819,6.18482,6.74164,5.54568,11.561,17.1947,17.1947,0.0,1.0,1
89686,31.05.2024 07:48:10.340000,-268.204,-255.35,11.817,11.583,11.619,96.4943,2.1196,2.29193,7.90033,7.71814,605.77,609.985,5.78666,5.23396,6.84964,5.37634,11.565,17.1803,17.1803,0.0,1.0,1
89687,31.05.2024 07:48:10.350000,-264.99,-252.96,11.8171,11.696,11.659,96.4591,2.11712,2.29311,7.43381,7.99575,605.76,610.045,6.31517,6.21647,6.80682,5.33377,11.5729,16.4931,16.4931,0.0,1.0,1
89688,31.05.2024 07:48:10.360000,-264.99,-252.96,11.8171,11.696,11.659,96.4591,2.11712,2.29311,7.43381,7.99575,605.76,610.045,6.31517,6.21647,6.80682,5.33377,11.5729,16.4931,16.4931,0.0,1.0,1
89689,31.05.2024 07:48:10.370000,-270.923,-257.739,11.8222,11.663,11.698,96.4473,2.11452,2.2914,7.37446,8.14058,605.77,610.025,5.86413,6.91482,6.90426,5.32337,11.5729,16.1024,16.1024,0.0,1.0,1
89690,31.05.2024 07:48:10.380000,-267.544,-255.267,11.7999,11.632,11.655,96.4103,2.11247,2.2868,7.61842,7.97381,605.855,610.04,6.0076,6.59059,6.94144,5.24993,11.581,15.6178,15.6178,0.0,1.0,1
89691,31.05.2024 07:48:10.390000,-263.754,-255.185,11.84,11.675,11.653,96.3866,2.11201,2.28713,7.76899,7.76788,605.9,610.105,6.58829,6.10306,7.03764,5.33695,11.581,15.6178,15.6178,0.0,1.0,1
89692,31.05.2024 07:48:10.400000,-263.754,-256.915,11.84,11.675,11.639,96.3866,2.11201,2.28713,7.76899,7.76788,605.94,610.165,7.18315,6.814,7.1816,5.52065,11.5863,15.6178,15.6178,0.0,1.0,1
89693,31.05.2024 07:48:10.410000,-264.496,-256.915,11.8422,11.693,11.639,96.4093,2.10969,2.28661,7.48189,8.14287,605.96,610.215,7.88604,7.61471,7.1618,5.91201,11.5863,15.6973,15.6973,0.0,1.0,1
89694,31.05.2024 07:48:10.420000,-270.593,-249.499,11.8399,11.715,11.621,96.4093,2.10695,2.28495,7.21939,6.87724,606.0,610.28,7.88326,8.25889,7.24573,6.31923,11.5904,15.6973,15.6973,0.0,1.0,1
89695,31.05.2024 07:48:10.430000,-270.593,-249.499,11.8399,11.715,11.621,96.4093,2.10695,2.28495,7.21939,6.87724,606.0,610.28,7.88326,8.25889,7.24573,6.31923,11.5904,15.6973,15.6973,0.0,1.0,1
89696,31.05.2024 07:48:10.440000,-270.593,-249.499,11.8399,11.715,11.621,96.4364,2.10572,2.28646,6.60024,6.68404,606.02,610.325,8.57563,9.19365,7.40076,6.57524,11.5937,15.3429,15.3429,0.0,1.0,1
89697,31.05.2024 07:48:10.450000,-270.593,-249.499,11.8399,11.715,11.621,96.4364,2.10572,2.28646,6.60024,6.68404,606.02,610.325,8.57563,9.19365,7.40076,6.57524,11.5937,15.3429,15.3429,0.0,1.0,1
89698,31.05.2024 07:48:10.460000,-266.061,-254.114,11.8423,11.658,11.636,96.4114,2.10228,2.28473,6.79673,8.00495,606.01,610.33,8.67855,10.189,8.43709,7.0382,11.5985,15.3429,15.3429,0.0,1.0,1
89699,31.05.2024 07:48:10.470000,-266.061,-254.114,11.8423,11.658,11.636,96.4114,2.10228,2.28473,6.79673,8.00495,606.01,610.33,8.67855,10.189,8.43709,7.0382,11.5985,15.3429,15.3429,0.0,1.0,1
