,time,Pinceur Inf Mesure de courant,Pinceur Sup Mesure de courant,Mandrin - Vitesse Actuelle,Pinceur Sup Mesure vitesse lineaire,Pinceur Inf Mesure vitesse lineaire,Mandrin - Mesure Expansion,Pinceur Nord Position entrefer estimee,Pinceur Sud Position entrefer estimee,Pinceur Nord Force entrefer calibree,Pinceur Sud Force entrefer calibree,Guides Nord Entree Position mesuree,Guides Nord Sortie Position mesuree,Guides Nord Entree Force pour regulateur PI,Guides Nord Sortie Force pour regulateur PI,Guides Sud Entree Force pour regulateur PI,Guides Sud Sortie Force pour regulateur PI,Mandrin - Vitesse Actuelle F10,_Excentrage largeur bande jauge bob,_Excentrage largeur bande jauge bob.1,TDB pinceur,Fenetre,Declancheur
93600,31.05.2024 09:02:29.000000,83.7982,64.7644,9.37166,10.232,10.245,29.4248,3.14073,3.22342,45.9856,55.544,621.075,622.49,6.83772,4.82359,-0.215148,-0.361142,8.81505,100.239,100.239,1.0,1.0,1
93601,31.05.2024 09:02:29.010000,83.7982,104.15,9.37166,10.232,10.075,29.3828,3.05561,3.26144,43.6748,51.6748,620.26,621.67,6.99755,4.80093,-0.251611,-0.441357,8.81613,100.231,100.231,1.0,1.0,1
93602,31.05.2024 09:02:29.020000,91.7083,117.911,9.29848,10.152,10.003,29.3828,3.05561,3.26144,43.6748,51.6748,618.58,620.04,7.01783,4.94969,-0.21589,-0.41463,8.81743,100.231,100.231,1.0,1.0,1
93603,31.05.2024 09:02:29.030000,97.8882,117.911,9.35958,10.242,10.003,29.4093,2.84701,3.10913,38.5245,49.2498,617.795,619.22,6.9782,5.8355,-0.321569,-0.420701,8.81743,100.246,100.246,1.0,1.0,1
93604,31.05.2024 09:02:29.040000,97.8882,117.911,9.35958,10.242,10.003,29.4093,2.84701,3.10913,38.5245,49.2498,617.795,619.22,6.9782,5.8355,-0.321569,-0.420701,8.81743,100.246,100.246,1.0,1.0,1
93605,31.05.2024 09:02:29.050000,97.8882,102.173,9.35958,10.242,10.05,29.4221,2.6471,2.94012,32.8218,37.8935,616.985,618.345,7.27257,5.52601,-0.257487,-0.459567,8.81884,100.188,100.188,1.0,1.0,1
93606,31.05.2024 09:02:29.060000,116.84,128.54,9.3286,10.18,9.857,29.4557,2.56451,2.71144,17.403,24.4361,614.555,615.875,8.13413,5.00184,-0.240255,-0.552762,8.82008,100.231,100.231,1.0,1.0,1
93607,31.05.2024 09:02:29.070000,116.84,146.75,9.3286,10.18,9.829,29.4607,2.56451,2.71144,17.403,24.4361,613.705,614.995,8.51946,5.37327,-0.287921,-0.539347,8.82151,100.231,100.231,1.0,1.0,1
93608,31.05.2024 09:02:29.080000,144.525,146.75,9.37069,10.115,9.829,29.4607,2.53816,2.55246,15.7094,9.66494,612.885,614.16,8.99818,5.1182,-0.23241,-0.485776,8.82151,100.231,100.231,1.0,1.0,1
93609,31.05.2024 09:02:29.090000,144.525,187.619,9.37069,10.115,9.739,29.4551,2.5213,2.45735,10.3602,-0.430994,612.01,613.295,8.94911,4.76626,-0.295119,-0.485257,8.82344,100.231,100.231,1.0,1.0,1
93610,31.05.2024 09:02:29.100000,212.915,261.694,9.34309,9.951,9.602,29.4551,2.5213,2.45735,10.3602,-0.430994,610.37,611.645,8.58239,4.7284,-0.288911,-0.419034,8.82494,100.231,100.231,1.0,1.0,1
93611,31.05.2024 09:02:29.110000,264.084,261.694,9.31185,9.894,9.602,29.4911,2.55546,2.47661,14.1337,4.68328,609.58,610.805,8.25871,4.61541,-0.265041,-0.410821,8.82494,100.224,100.224,1.0,1.0,1
93612,31.05.2024 09:02:29.120000,264.084,315.829,9.31185,9.894,9.506,29.5199,2.61034,2.55281,17.036,7.99715,608.765,609.94,8.7953,4.82502,-0.330714,-0.450196,8.82695,100.275,100.275,1.0,1.0,1
93613,31.05.2024 09:02:29.130000,315.5,360.983,9.34501,9.884,9.404,29.5199,2.61034,2.55281,17.036,7.99715,607.1,608.26,9.20155,4.59772,-0.249251,-0.439204,8.82695,100.275,100.275,1.0,1.0,1
93614,31.05.2024 09:02:29.140000,315.5,360.983,9.34501,9.884,9.404,29.5199,2.61034,2.55281,17.036,7.99715,607.1,608.26,9.20155,4.59772,-0.249251,-0.439204,8.82695,100.275,100.275,1.0,1.0,1
93615,31.05.2024 09:02:29.150000,353.32,360.983,9.34501,9.828,9.404,29.5358,2.70215,2.71683,16.5316,15.47,606.275,607.46,9.32985,4.43275,-0.211385,-0.457753,8.82827,100.275,100.275,1.0,1.0,1
93616,31.05.2024 09:02:29.160000,353.32,360.983,9.34501,9.828,9.404,29.5358,2.70215,2.71683,16.5316,15.47,606.275,607.46,9.32985,4.43275,-0.211385,-0.457753,8.82827,100.275,100.275,1.0,1.0,1
93617,31.05.2024 09:02:29.170000,379.111,406.879,9.36465,9.746,9.357,29.5907,2.72911,2.82941,22.8541,26.0461,604.575,605.77,9.07071,4.20024,-0.219949,-0.333129,8.82956,100.275,100.275,1.0,1.0,1
93618,31.05.2024 09:02:29.180000,379.111,406.879,9.36465,9.746,9.357,29.5907,2.72911,2.82941,22.8541,26.0461,604.575,605.77,9.07071,4.20024,-0.219949,-0.333129,8.82956,100.275,100.275,1.0,1.0,1
93619,31.05.2024 09:02:29.190000,439.261,518.28,9.32093,9.716,9.164,29.5657,2.72352,2.90507,21.9165,30.407,602.045,603.23,8.42204,4.22581,-0.227536,-0.364592,8.83259,100.239,100.239,1.0,1.0,1
93620,31.05.2024 09:02:29.200000,439.261,518.28,9.32093,9.716,9.164,29.5657,2.72352,2.90507,21.9165,30.407,602.045,603.23,8.42204,4.22581,-0.227536,-0.364592,8.83259,100.239,100.239,1.0,1.0,1
93621,31.05.2024 09:02:29.210000,455.823,526.272,9.3201,9.726,9.163,29.4642,2.69314,2.85393,23.0116,31.1755,600.34,601.575,8.32272,4.4739,-0.233365,-0.356358,8.83373,100.246,100.246,1.0,1.0,1
93622,31.05.2024 09:02:29.220000,455.823,526.272,9.3201,9.726,9.163,29.4642,2.69314,2.85393,23.0116,31.1755,600.34,601.575,8.32272,4.4739,-0.233365,-0.356358,8.83373,100.246,100.246,1.0,1.0,1
93623,31.05.2024 09:02:29.230000,510.864,559.643,9.35056,9.66,9.069,29.5276,2.68432,2.75933,20.3186,25.6828,597.77,599.075,7.50808,4.3873,-0.17928,-0.517239,8.83602,100.246,100.246,1.0,1.0,1
93624,31.05.2024 09:02:29.240000,531.216,588.4,9.35146,9.68,9.097,29.5888,2.64451,2.66653,21.7857,15.3305,596.13,597.46,7.05642,4.55625,-0.18391,-0.486605,8.83705,100.239,100.239,1.0,1.0,1
93625,31.05.2024 09:02:29.250000,531.216,608.835,9.35146,9.68,9.088,29.5788,2.59618,2.58003,17.125,10.3995,595.31,596.61,7.15411,5.10802,-0.241387,-0.539834,8.83835,100.231,100.231,1.0,1.0,1
93626,31.05.2024 09:02:29.260000,540.857,598.7,9.35476,9.716,9.101,29.5788,2.59618,2.58003,17.125,10.3995,593.66,594.975,7.44958,5.47331,-0.220412,-0.515202,8.83957,100.231,100.231,1.0,1.0,1
93627,31.05.2024 09:02:29.270000,554.7,598.7,9.38281,9.685,9.101,29.5892,2.56444,2.54361,18.3001,10.3684,592.84,594.275,7.81375,5.99459,-0.28124,-0.554921,8.83957,100.224,100.224,1.0,1.0,1
93628,31.05.2024 09:02:29.280000,554.7,608.67,9.38281,9.685,9.077,29.5966,2.57393,2.55022,15.1828,9.44326,591.965,593.435,8.00052,6.98788,-0.295589,-0.568562,8.84019,100.239,100.239,1.0,1.0,1
93629,31.05.2024 09:02:29.290000,573.321,591.531,9.38779,9.595,9.124,29.5966,2.57393,2.55022,15.1828,9.44326,590.3,591.9,7.81409,7.74655,-0.330552,-0.479577,8.84019,100.239,100.239,1.0,1.0,1
93630,31.05.2024 09:02:29.300000,589.306,591.531,9.36089,9.609,9.124,29.5323,2.59241,2.60766,15.2349,9.51706,589.49,591.12,7.61836,8.2488,-0.336625,-0.459824,8.84141,100.246,100.246,1.0,1.0,1
93631,31.05.2024 09:02:29.310000,589.306,607.681,9.36089,9.609,9.074,29.5133,2.59241,2.60766,15.2349,9.51706,588.615,590.285,7.58823,8.93735,-0.300422,-0.451516,8.84249,100.246,100.246,1.0,1.0,1
93632,31.05.2024 09:02:29.320000,609.823,607.681,9.33562,9.644,9.074,29.5133,2.60057,2.6592,17.6154,15.1731,587.725,589.465,7.30689,9.79695,-0.254693,-0.352271,8.84249,100.246,100.246,1.0,1.0,1
93633,31.05.2024 09:02:29.330000,609.823,599.277,9.33562,9.644,9.145,29.5671,2.60424,2.69654,15.9564,17.2107,586.91,588.58,7.24567,9.67907,-0.265758,-0.410063,8.8436,97.7575,97.7575,1.0,1.0,1
93634,31.05.2024 09:02:29.340000,610.4,613.037,9.34164,9.656,9.064,29.5671,2.60424,2.69654,15.9564,17.2107,585.24,586.93,7.13328,9.46892,-0.360557,-0.462855,8.84461,97.7575,97.7575,1.0,1.0,1
93635,31.05.2024 09:02:29.350000,627.539,613.037,9.35913,9.572,9.064,29.5871,2.60701,2.71285,18.0777,18.475,584.375,586.105,6.55098,8.74257,-0.292234,-0.457806,8.84461,97.7358,97.7358,1.0,1.0,1
93636,31.05.2024 09:02:29.360000,627.539,613.037,9.35913,9.572,9.064,29.5871,2.60701,2.71285,18.0777,18.475,584.375,586.105,6.55098,8.74257,-0.292234,-0.457806,8.84461,97.7358,97.7358,1.0,1.0,1
93637,31.05.2024 09:02:29.370000,627.539,594.827,9.35913,9.572,9.09,29.5672,2.62134,2.71353,17.2072,20.4104,583.52,585.26,6.44472,8.20884,-0.287831,-0.437102,8.8467,94.524,94.524,1.0,1.0,1
93638,31.05.2024 09:02:29.380000,635.861,593.838,9.40719,9.645,9.133,29.6069,2.63065,2.70642,18.5814,19.2142,581.005,582.91,6.14215,8.47952,-0.387393,-0.533351,8.84778,90.5744,90.5744,1.0,1.0,1
93639,31.05.2024 09:02:29.390000,635.861,593.838,9.40719,9.645,9.133,29.6069,2.63065,2.70642,18.5814,19.2142,581.005,582.91,6.14215,8.47952,-0.387393,-0.533351,8.84778,90.5744,90.5744,1.0,1.0,1
93640,31.05.2024 09:02:29.400000,635.861,597.876,9.40719,9.645,9.126,29.5266,2.6288,2.68548,19.2208,17.5205,580.16,582.075,5.97928,8.4828,-0.398664,-0.472865,8.84945,86.8924,86.8924,1.0,1.0,1
93641,31.05.2024 09:02:29.410000,621.606,600.76,9.40391,9.621,9.186,29.5311,2.61585,2.66469,18.5486,16.6266,578.52,580.5,5.98751,10.0015,-0.355886,-0.426983,8.85018,79.8973,79.8973,1.0,1.0,1
93642,31.05.2024 09:02:29.420000,621.606,600.76,9.40391,9.621,9.186,29.5311,2.61585,2.66469,18.5486,16.6266,578.52,580.5,5.98751,10.0015,-0.355886,-0.426983,8.85018,79.8973,79.8973,1.0,1.0,1
93643,31.05.2024 09:02:29.430000,629.846,577.688,9.3832,9.573,9.162,29.5311,2.59916,2.64137,18.5578,15.1382,576.895,578.895,6.08875,10.422,-0.404595,-0.392342,8.85137,79.8973,79.8973,1.0,1.0,1
93644,31.05.2024 09:02:29.440000,616.745,561.539,9.35964,9.539,9.18,29.5933,2.58474,2.62951,17.3436,13.6958,575.23,577.275,6.22601,10.9901,-0.298349,-0.319483,8.8527,79.8539,79.8539,1.0,1.0,1
93645,31.05.2024 09:02:29.450000,586.093,538.138,9.39778,9.593,9.177,29.5933,2.58474,2.62951,17.3436,13.6958,574.405,576.44,6.19221,11.1913,-0.344487,-0.352854,8.8527,79.8539,79.8539,1.0,1.0,1
93646,31.05.2024 09:02:29.460000,572.827,538.138,9.39778,9.603,9.177,29.5762,2.57873,2.625,17.6114,14.3021,572.785,574.785,6.41934,11.1431,-0.311881,-0.32182,8.85401,76.208,76.208,1.0,1.0,1
93647,31.05.2024 09:02:29.470000,572.827,534.595,9.43252,9.603,9.175,29.5762,2.57873,2.625,17.6114,14.3021,571.915,573.99,6.57537,11.2529,-0.323114,-0.320794,8.85511,76.208,76.208,1.0,1.0,1
93648,31.05.2024 09:02:29.480000,538.714,534.595,9.4024,9.539,9.175,29.5996,2.57621,2.62511,16.7156,14.7772,571.115,573.145,6.74851,11.2782,-0.427796,-0.429608,8.85511,73.7269,73.7269,1.0,1.0,1
93649,31.05.2024 09:02:29.490000,538.714,506.909,9.4024,9.539,9.147,29.5958,2.57644,2.62576,16.4821,13.5723,570.255,572.405,6.35921,11.1841,-0.412776,-0.488551,8.85685,73.7269,73.7269,1.0,1.0,1
93650,31.05.2024 09:02:29.500000,538.714,506.909,9.4024,9.539,9.147,29.5958,2.57644,2.62576,16.4821,13.5723,570.255,572.405,6.35921,11.1841,-0.412776,-0.488551,8.85685,73.7269,73.7269,1.0,1.0,1
93651,31.05.2024 09:02:29.510000,525.531,485.238,9.38186,9.523,9.167,29.5958,2.5754,2.62287,16.7943,13.2503,568.6,570.735,6.00982,11.5031,-0.433511,-0.49977,8.85781,65.4152,65.4152,1.0,1.0,1
93652,31.05.2024 09:02:29.520000,525.531,485.238,9.38186,9.523,9.167,29.5958,2.5754,2.62287,16.7943,13.2503,568.6,570.735,6.00982,11.5031,-0.433511,-0.49977,8.85781,65.4152,65.4152,1.0,1.0,1
93653,31.05.2024 09:02:29.530000,503.366,464.557,9.43616,9.552,9.154,29.5692,2.57438,2.62038,16.578,13.7004,566.89,569.045,5.00874,11.8354,-0.470309,-0.544245,8.85941,62.1889,62.1889,1.0,1.0,1
93654,31.05.2024 09:02:29.540000,503.366,464.557,9.43616,9.552,9.154,29.5692,2.57438,2.62038,16.578,13.7004,566.89,569.045,5.00874,11.8354,-0.470309,-0.544245,8.85941,62.1889,62.1889,1.0,1.0,1
93655,31.05.2024 09:02:29.550000,461.673,443.628,9.38593,9.506,9.162,29.5628,2.57277,2.61759,17.3249,14.4217,564.395,566.595,4.58469,10.8905,-0.464418,-0.454489,8.86092,62.1889,62.1889,1.0,1.0,1
93656,31.05.2024 09:02:29.560000,438.107,414.542,9.3912,9.467,9.185,29.5501,2.56324,2.61462,16.5243,13.5608,562.74,565.06,4.39714,12.2888,-0.391315,-0.528819,8.86237,57.8921,57.8921,1.0,1.0,1
93657,31.05.2024 09:02:29.570000,438.107,405.643,9.3912,9.467,9.136,29.4701,2.55548,2.61084,16.3816,12.8725,561.9,564.235,4.75758,13.0431,-0.426246,-0.517325,8.86374,53.9858,53.9858,1.0,1.0,1
93658,31.05.2024 09:02:29.580000,426.736,385.373,9.42926,9.474,9.147,29.4701,2.55548,2.61084,16.3816,12.8725,560.25,562.605,4.74406,13.1943,-0.432815,-0.502177,8.86533,53.9858,53.9858,1.0,1.0,1
93659,31.05.2024 09:02:29.590000,403.583,385.373,9.46482,9.501,9.147,29.4545,2.55185,2.60705,16.6044,13.2963,559.45,561.78,4.98633,13.5327,-0.466741,-0.645375,8.86533,49.9494,49.9494,1.0,1.0,1
93660,31.05.2024 09:02:29.600000,403.583,369.47,9.46482,9.501,9.109,29.4109,2.55443,2.6066,16.5542,14.4435,558.595,561.015,4.97348,13.4213,-0.42723,-0.63029,8.86683,46.2674,46.2674,1.0,1.0,1
93661,31.05.2024 09:02:29.610000,387.598,361.395,9.39942,9.44,9.121,29.4109,2.55443,2.6066,16.5542,14.4435,556.945,559.49,4.65649,13.7554,-0.414329,-0.597325,8.86683,46.2674,46.2674,1.0,1.0,1
93662,31.05.2024 09:02:29.620000,387.598,361.395,9.39942,9.44,9.121,29.4109,2.55443,2.6066,16.5542,14.4435,556.945,559.49,4.65649,13.7554,-0.414329,-0.597325,8.86683,46.2674,46.2674,1.0,1.0,1
93663,31.05.2024 09:02:29.630000,366.669,361.395,9.43785,9.374,9.121,29.4845,2.56118,2.60949,16.3184,13.9047,556.1,558.735,4.49995,14.1508,-0.383052,-0.568198,8.86804,46.2674,46.2674,1.0,1.0,1
93664,31.05.2024 09:02:29.640000,341.455,325.964,9.47479,9.393,9.048,29.5382,2.56263,2.61261,17.1656,13.5352,554.615,557.32,4.68988,17.6292,-0.0484096,-0.497046,8.86968,42.5709,42.5709,1.0,1.0,1
93665,31.05.2024 09:02:29.650000,341.455,325.964,9.47479,9.393,9.048,29.5382,2.56263,2.61261,17.1656,13.5352,554.615,557.32,4.68988,17.6292,-0.0484096,-0.497046,8.86968,42.5709,42.5709,1.0,1.0,1
93666,31.05.2024 09:02:29.660000,341.455,299.762,9.47479,9.393,9.007,29.4902,2.5647,2.61437,17.2793,13.6684,553.91,556.62,5.84321,19.0264,0.466029,-0.374583,8.87064,42.4986,42.4986,1.0,1.0,1
93667,31.05.2024 09:02:29.670000,341.455,299.762,9.47479,9.393,9.007,29.4902,2.5647,2.61437,17.2793,13.6684,553.91,556.62,5.84321,19.0264,0.466029,-0.374583,8.87064,42.4986,42.4986,1.0,1.0,1
93668,31.05.2024 09:02:29.680000,314.923,297.208,9.40628,9.394,8.977,29.5734,2.56831,2.61622,17.9212,14.4593,551.745,554.32,10.3517,22.5183,3.43122,0.56846,8.87252,39.605,39.605,1.0,1.0,1
93669,31.05.2024 09:02:29.690000,305.859,303.635,9.44085,9.32,8.921,29.9156,2.57175,2.6175,18.0292,15.0028,549.515,552.2,12.8247,23.6798,6.01647,0.65027,8.87344,35.9954,35.9954,1.0,1.0,1
93670,31.05.2024 09:02:29.700000,309.402,303.635,9.41815,9.314,8.921,30.4264,2.57299,2.61755,17.6683,14.7479,548.76,551.56,13.9282,24.6578,7.50256,0.792024,8.87448,33.1308,33.1308,1.0,1.0,1
93671,31.05.2024 09:02:29.710000,309.402,303.635,9.41815,9.314,8.921,30.4264,2.57299,2.61755,17.6683,14.7479,548.76,551.56,13.9282,24.6578,7.50256,0.792024,8.87448,33.1308,33.1308,1.0,1.0,1
93672,31.05.2024 09:02:29.720000,309.402,294.983,9.41815,9.314,8.871,31.2666,2.57508,2.61763,19.2497,15.1235,548.0,550.86,14.696,26.3136,8.97926,1.52903,8.87527,31.156,31.156,1.0,1.0,1
93673,31.05.2024 09:02:29.730000,317.889,303.305,9.4465,9.32,8.84,32.2902,2.57441,2.61352,18.8059,15.0975,546.615,549.405,8.20286,22.3838,12.6206,6.3333,8.87658,30.2228,30.2228,1.0,1.0,1
93674,31.05.2024 09:02:29.740000,312.616,306.518,9.45532,9.228,8.799,32.2902,2.57441,2.61352,18.8059,15.0975,546.89,549.72,0.898367,12.6809,13.7824,7.96729,8.87794,30.2228,30.2228,1.0,1.0,1
93675,31.05.2024 09:02:29.750000,312.533,306.518,9.46056,9.222,8.799,33.2949,2.57079,2.60835,18.188,15.5355,546.945,549.97,9.30526,19.0084,16.8081,10.6073,8.87794,29.919,29.919,1.0,1.0,1
93676,31.05.2024 09:02:29.760000,312.533,304.129,9.46056,9.222,8.817,34.3279,2.53914,2.59601,17.9633,14.2033,546.72,549.74,11.0833,23.5905,18.1462,11.78,8.8794,29.919,29.919,1.0,1.0,1
93677,31.05.2024 09:02:29.770000,311.215,300.009,9.45838,9.213,8.896,34.3279,2.53914,2.59601,17.9633,14.2033,546.805,549.43,7.60142,20.3509,18.7558,12.5623,8.8794,29.919,29.919,1.0,1.0,1
93678,31.05.2024 09:02:29.780000,318.384,300.009,9.45838,9.238,8.896,35.4755,2.48593,2.57778,15.8413,12.7188,546.92,549.61,7.61092,15.6035,18.5194,12.5888,8.88059,29.919,29.919,1.0,1.0,1
93679,31.05.2024 09:02:29.790000,318.384,300.256,9.38501,9.238,9.118,35.4755,2.48593,2.57778,15.8413,12.7188,546.86,549.56,10.8082,15.8762,17.727,11.5772,8.88213,29.919,29.919,1.0,1.0,1
93680,31.05.2024 09:02:29.800000,323.08,300.256,9.37843,9.239,9.118,36.7026,2.44161,2.54618,14.1799,11.7564,546.92,549.415,11.6246,17.645,16.805,8.32992,8.88213,29.7092,29.7092,1.0,1.0,1
93681,31.05.2024 09:02:29.810000,323.08,300.256,9.37843,9.239,9.118,36.7026,2.44161,2.54618,14.1799,11.7564,546.92,549.415,11.6246,17.645,16.805,8.32992,8.88213,29.7092,29.7092,1.0,1.0,1
93682,31.05.2024 09:02:29.820000,323.08,300.586,9.37843,9.239,9.153,37.9554,2.42406,2.52829,12.6468,10.1488,547.085,549.36,12.5916,14.6283,16.786,6.7929,8.88319,30.2807,30.2807,1.0,1.0,1
93683,31.05.2024 09:02:29.830000,322.174,305.283,9.34428,9.345,9.156,39.1579,2.43644,2.50458,11.2742,8.24576,547.215,549.525,16.4563,15.805,15.8304,4.86927,8.8845,30.2807,30.2807,1.0,1.0,1
93684,31.05.2024 09:02:29.840000,322.174,306.766,9.34428,9.345,9.154,40.4976,2.47054,2.52492,12.617,7.59495,547.225,549.4,16.5987,15.2341,15.2977,4.51732,8.88585,30.8738,30.8738,1.0,1.0,1
93685,31.05.2024 09:02:29.850000,318.878,307.095,9.32373,9.301,9.155,40.4976,2.47054,2.52492,12.617,7.59495,547.195,549.47,17.6396,13.449,14.769,4.26583,8.88585,30.8738,30.8738,1.0,1.0,1
93686,31.05.2024 09:02:29.860000,317.395,307.095,9.26014,9.237,9.155,41.9272,2.50381,2.53219,14.329,10.8144,547.135,549.48,17.7003,13.3156,14.447,4.14068,8.88736,30.8738,30.8738,1.0,1.0,1
93687,31.05.2024 09:02:29.870000,317.395,302.563,9.26014,9.237,9.135,43.3512,2.50381,2.53219,14.329,10.8144,547.14,549.41,16.8863,13.9097,14.4743,4.24217,8.889,30.8738,30.8738,1.0,1.0,1
93688,31.05.2024 09:02:29.880000,319.949,302.563,9.25986,9.246,9.135,43.3512,2.52117,2.55905,15.4751,11.2524,547.125,549.39,16.6472,12.4528,15.5677,5.2861,8.889,30.8738,30.8738,1.0,1.0,1
93689,31.05.2024 09:02:29.890000,319.949,305.694,9.25986,9.246,9.19,44.7655,2.51859,2.55626,16.326,11.5578,547.105,549.39,16.3341,11.5393,16.1692,5.85928,8.89059,30.3313,30.3313,1.0,1.0,1
93690,31.05.2024 09:02:29.900000,318.384,300.586,9.23159,9.283,9.124,44.7655,2.51859,2.55626,16.326,11.5578,547.07,549.42,15.6424,11.4798,16.6926,6.19946,8.8929,30.3313,30.3313,1.0,1.0,1
93691,31.05.2024 09:02:29.910000,327.53,300.586,9.21394,9.295,9.124,46.1461,2.48569,2.55265,16.2131,11.7735,547.11,549.43,14.1347,11.0534,17.0412,6.5099,8.8929,29.6658,29.6658,1.0,1.0,1
93692,31.05.2024 09:02:29.920000,327.53,300.586,9.21394,9.295,9.124,46.1461,2.48569,2.55265,16.2131,11.7735,547.11,549.43,14.1347,11.0534,17.0412,6.5099,8.8929,29.6658,29.6658,1.0,1.0,1
93693,31.05.2024 09:02:29.930000,327.53,303.964,9.21394,9.295,9.086,47.5935,2.44149,2.52923,14.9442,11.5443,547.145,549.455,13.8198,11.3622,16.9927,6.49701,8.89469,29.6658,29.6658,1.0,1.0,1
93694,31.05.2024 09:02:29.940000,327.53,303.964,9.21394,9.295,9.086,47.5935,2.44149,2.52923,14.9442,11.5443,547.145,549.455,13.8198,11.3622,16.9927,6.49701,8.89469,29.6658,29.6658,1.0,1.0,1
93695,31.05.2024 09:02:29.950000,325.882,306.848,9.16544,9.325,9.066,49.0608,2.41588,2.5099,13.428,10.26,547.3,549.54,14.4723,11.9798,16.8477,7.43009,8.89704,29.2318,29.2318,1.0,1.0,1
93696,31.05.2024 09:02:29.960000,323.904,303.14,9.14117,9.322,9.034,50.4903,2.42986,2.5192,11.9179,9.72853,547.405,549.605,15.4979,13.5681,16.1408,8.47588,8.89854,29.362,29.362,1.0,1.0,1
93697,31.05.2024 09:02:29.970000,323.904,305.53,9.14117,9.322,9.052,51.9361,2.47646,2.53694,12.9611,11.0409,547.43,549.605,15.9184,13.8031,15.8111,8.34034,8.9001,29.3548,29.3548,1.0,1.0,1
93698,31.05.2024 09:02:29.980000,323.904,305.53,9.14117,9.322,9.052,51.9361,2.47646,2.53694,12.9611,11.0409,547.43,549.605,15.9184,13.8031,15.8111,8.34034,8.9001,29.3548,29.3548,1.0,1.0,1
93699,31.05.2024 09:02:29.990000,323.822,309.32,9.09901,9.274,9.009,51.9361,2.47646,2.53694,12.9611,11.0409,547.48,549.65,16.4207,13.7817,15.4382,8.03796,8.90178,29.5139,29.5139,1.0,1.0,1
93700,31.05.2024 09:02:30.000000,323.822,309.32,9.09901,9.274,9.009,51.9361,2.47646,2.53694,12.9611,11.0409,547.48,549.65,16.4207,13.7817,15.4382,8.03796,8.90178,29.5139,29.5139,1.0,1.0,1
93701,31.05.2024 09:02:30.010000,315.17,308.99,9.08072,9.25,8.987,54.712,2.52853,2.58602,17.1658,14.8275,547.49,549.74,16.3008,15.0307,14.783,8.71762,8.90394,29.702,29.702,1.0,1.0,1
93702,31.05.2024 09:02:30.020000,321.103,307.095,9.03724,9.191,8.95,56.1238,2.51711,2.57911,17.451,15.1744,547.5,549.75,15.9173,16.0348,14.4963,8.94192,8.90592,29.7526,29.7526,1.0,1.0,1
93703,31.05.2024 09:02:30.030000,321.103,304.129,9.03724,9.191,8.884,57.498,2.51711,2.57911,17.451,15.1744,547.495,549.76,15.3664,16.0742,14.5113,9.11391,8.90818,29.7526,29.7526,1.0,1.0,1
93704,31.05.2024 09:02:30.040000,317.23,304.129,8.99856,9.168,8.884,57.498,2.48812,2.55128,17.1085,13.083,547.51,549.74,13.9561,16.0323,14.7011,9.76701,8.90818,29.5067,29.5067,1.0,1.0,1
93705,31.05.2024 09:02:30.050000,317.23,307.178,8.99856,9.168,8.843,58.7847,2.46512,2.51989,14.7827,10.2427,547.52,549.68,13.6215,15.5484,14.7041,9.98446,8.90991,29.6079,29.6079,1.0,1.0,1
93706,31.05.2024 09:02:30.060000,319.043,312.451,8.97524,9.146,8.854,58.7847,2.46512,2.51989,14.7827,10.2427,547.485,549.67,13.4581,14.6829,14.7313,10.1179,8.91145,29.6079,29.6079,1.0,1.0,1
93707,31.05.2024 09:02:30.070000,323.74,312.451,8.9586,9.144,8.854,60.1566,2.45566,2.4905,14.3176,9.34396,547.425,549.705,11.7848,13.1541,14.3459,9.99477,8.91145,29.6007,29.6007,1.0,1.0,1
93708,31.05.2024 09:02:30.080000,323.74,308.414,8.9586,9.144,8.812,61.4512,2.46078,2.50771,13.1389,8.02702,547.375,549.755,10.4078,13.5447,13.5958,10.004,8.91309,29.4488,29.4488,1.0,1.0,1
93709,31.05.2024 09:02:30.090000,317.395,307.26,8.9714,9.144,8.771,61.4512,2.46078,2.50771,13.1389,8.02702,547.215,549.725,8.94672,13.7022,12.4268,10.1136,8.91309,29.4488,29.4488,1.0,1.0,1
93710,31.05.2024 09:02:30.100000,310.309,307.26,8.9714,9.097,8.771,62.7461,2.48262,2.52171,15.1659,11.8914,547.17,549.705,7.25077,13.4897,11.0046,10.194,8.91445,29.4488,29.4488,1.0,1.0,1
93711,31.05.2024 09:02:30.110000,310.309,307.26,8.9714,9.097,8.771,62.7461,2.48262,2.52171,15.1659,11.8914,547.17,549.705,7.25077,13.4897,11.0046,10.194,8.91445,29.4488,29.4488,1.0,1.0,1
93712,31.05.2024 09:02:30.120000,310.309,301.822,8.89093,9.097,8.848,62.7461,2.49542,2.5551,14.7287,12.3178,547.18,549.72,5.24165,13.2145,9.45028,9.77437,8.91586,29.6586,29.6586,1.0,1.0,1
93713,31.05.2024 09:02:30.130000,325.552,313.522,8.96747,9.118,8.805,65.3746,2.48887,2.56944,15.077,12.9304,547.345,549.795,3.86123,12.7134,6.49836,7.54444,8.91731,29.362,29.362,1.0,1.0,1
93714,31.05.2024 09:02:30.140000,316.159,302.893,8.90659,9.091,8.794,65.3746,2.48887,2.56944,15.077,12.9304,547.385,549.715,5.0137,13.2391,5.79413,7.54909,8.91871,29.362,29.362,1.0,1.0,1
93715,31.05.2024 09:02:30.150000,321.432,302.893,8.88143,9.041,8.794,66.721,2.48587,2.56209,16.2742,13.1783,547.34,549.635,6.13783,12.2514,5.26911,8.00023,8.91871,29.0726,29.0726,1.0,1.0,1
93716,31.05.2024 09:02:30.160000,321.432,304.623,8.88143,9.041,8.771,68.113,2.47614,2.54265,14.939,12.0826,547.315,549.6,6.07016,10.4862,5.33914,7.83491,8.91977,29.0726,29.0726,1.0,1.0,1
93717,31.05.2024 09:02:30.170000,321.432,304.623,8.88143,9.041,8.771,68.113,2.47614,2.54265,14.939,12.0826,547.315,549.6,6.07016,10.4862,5.33914,7.83491,8.91977,29.0726,29.0726,1.0,1.0,1
93718,31.05.2024 09:02:30.180000,320.196,304.459,8.93631,9.02,8.782,68.113,2.47614,2.54265,14.939,12.0826,547.22,549.635,5.84166,9.48645,5.29651,7.55929,8.91977,28.8628,28.8628,1.0,1.0,1
93719,31.05.2024 09:02:30.190000,320.196,304.459,8.93631,9.02,8.782,68.113,2.47614,2.54265,14.939,12.0826,547.22,549.635,5.84166,9.48645,5.29651,7.55929,8.91977,28.8628,28.8628,1.0,1.0,1
93720,31.05.2024 09:02:30.200000,317.477,298.773,8.88845,9.001,8.775,70.8779,2.46308,2.5068,12.8399,10.3805,547.185,549.65,4.65892,8.54203,4.80278,7.95357,8.92262,28.2335,28.2335,1.0,1.0,1
93721,31.05.2024 09:02:30.210000,326.129,308.99,8.89191,8.991,8.743,72.1471,2.46189,2.48628,13.6522,7.60528,547.19,549.625,4.70868,8.33065,4.56085,8.02039,8.92388,28.2335,28.2335,1.0,1.0,1
93722,31.05.2024 09:02:30.220000,312.781,302.234,8.96395,9.034,8.835,72.1471,2.46189,2.48628,13.6522,7.60528,547.2,549.6,5.13509,8.59131,4.21597,7.66624,8.92464,28.2335,28.2335,1.0,1.0,1
93723,31.05.2024 09:02:30.230000,331.238,302.234,8.90708,9.044,8.835,73.484,2.50574,2.5027,14.4541,9.48434,547.165,549.63,5.68661,7.02057,3.77806,7.70036,8.92464,28.5735,28.5735,1.0,1.0,1
93724,31.05.2024 09:02:30.240000,331.238,301.822,8.90708,9.044,8.84,74.7799,2.53094,2.54468,14.7365,12.5677,547.15,549.655,5.79182,7.06669,3.68383,7.81267,8.92491,28.5735,28.5735,1.0,1.0,1
93725,31.05.2024 09:02:30.250000,321.185,308.743,8.88887,9.068,8.788,74.7799,2.53094,2.54468,14.7365,12.5677,547.045,549.71,5.90252,7.48936,3.4452,7.78916,8.92491,28.5735,28.5735,1.0,1.0,1
93726,31.05.2024 09:02:30.260000,324.234,308.743,8.96268,9.042,8.788,76.0899,2.54813,2.58086,16.5523,15.3147,547.025,549.745,5.39083,7.53453,3.31947,7.90786,8.92622,28.1756,28.1756,1.0,1.0,1
93727,31.05.2024 09:02:30.270000,324.234,308.578,8.96268,9.042,8.781,77.3411,2.54813,2.58086,16.5523,15.3147,547.065,549.775,4.6413,8.24082,3.18271,7.91919,8.92687,28.1756,28.1756,1.0,1.0,1
93728,31.05.2024 09:02:30.280000,315.912,308.578,8.92378,8.957,8.781,77.3411,2.54906,2.60192,17.1678,15.2577,547.05,549.785,4.96144,9.56137,3.20863,7.7999,8.92687,28.1829,28.1829,1.0,1.0,1
93729,31.05.2024 09:02:30.290000,315.912,298.773,8.92378,8.957,8.792,78.5169,2.53796,2.60376,17.3555,16.4878,547.055,549.79,5.34323,9.80397,3.28281,7.67696,8.92815,27.9225,27.9225,1.0,1.0,1
93730,31.05.2024 09:02:30.300000,323.41,306.189,8.94979,8.996,8.781,78.5169,2.53796,2.60376,17.3555,16.4878,547.025,549.76,5.51577,10.1793,3.42373,7.59562,8.92888,27.9225,27.9225,1.0,1.0,1
93731,31.05.2024 09:02:30.310000,318.796,306.189,8.93649,8.974,8.781,79.7436,2.54169,2.58731,16.8847,16.7771,546.965,549.75,6.15973,10.0577,3.64247,7.22085,8.92888,27.6765,27.6765,1.0,1.0,1
93732,31.05.2024 09:02:30.320000,318.796,304.623,8.93649,8.974,8.799,80.9072,2.5161,2.56076,16.6064,14.3957,546.885,549.755,5.55726,9.64877,3.75312,6.91161,8.93002,28.1322,28.1322,1.0,1.0,1
93733,31.05.2024 09:02:30.330000,317.725,307.919,8.96258,8.978,8.748,80.9072,2.5161,2.56076,16.6064,14.3957,546.82,549.77,4.60357,9.54848,3.62464,6.81535,8.93002,28.1322,28.1322,1.0,1.0,1
93734,31.05.2024 09:02:30.340000,312.863,307.919,8.98208,8.95,8.748,82.0672,2.49121,2.52113,14.2725,10.6881,546.78,549.76,3.90046,9.72282,3.55155,6.8703,8.9313,27.8284,27.8284,1.0,1.0,1
93735,31.05.2024 09:02:30.350000,312.863,305.2,8.98208,8.95,8.794,83.1148,2.49121,2.52113,14.2725,10.6881,546.765,549.745,3.66388,9.79437,3.34506,6.95109,8.93213,27.8284,27.8284,1.0,1.0,1
93736,31.05.2024 09:02:30.360000,321.762,305.2,9.0487,8.93,8.794,83.1148,2.45032,2.5068,14.3083,8.40402,546.765,549.75,3.32252,9.53513,2.95433,7.40045,8.93213,27.8284,27.8284,1.0,1.0,1
93737,31.05.2024 09:02:30.370000,321.762,298.691,9.0487,8.93,8.802,83.9584,2.45247,2.48921,12.6956,10.4257,546.78,549.745,3.52539,9.19293,3.04947,7.57912,8.9333,28.559,28.559,1.0,1.0,1
93738,31.05.2024 09:02:30.380000,321.432,305.777,9.01306,9.051,8.848,83.9584,2.45247,2.48921,12.6956,10.4257,546.745,549.775,3.95164,8.90577,3.09281,7.58662,8.93451,28.559,28.559,1.0,1.0,1
93739,31.05.2024 09:02:30.390000,321.432,305.777,9.01306,9.051,8.848,83.9584,2.45247,2.48921,12.6956,10.4257,546.745,549.775,3.95164,8.90577,3.09281,7.58662,8.93451,28.559,28.559,1.0,1.0,1
93740,31.05.2024 09:02:30.400000,325.14,305.777,9.00461,9.073,8.848,84.9544,2.46028,2.50444,11.7957,9.20722,546.715,549.785,4.38509,8.53356,3.23768,7.64058,8.93451,28.5735,28.5735,1.0,1.0,1
93741,31.05.2024 09:02:30.410000,325.14,305.777,9.00461,9.073,8.848,84.9544,2.46028,2.50444,11.7957,9.20722,546.715,549.785,4.38509,8.53356,3.23768,7.64058,8.93451,28.5735,28.5735,1.0,1.0,1
93742,31.05.2024 09:02:30.420000,317.725,304.541,9.00138,9.02,8.864,85.809,2.46238,2.50011,11.8576,8.16115,546.67,549.775,4.38244,8.76427,3.43495,7.53752,8.93586,28.5735,28.5735,1.0,1.0,1
93743,31.05.2024 09:02:30.430000,317.725,304.541,9.00138,9.02,8.864,85.809,2.46238,2.50011,11.8576,8.16115,546.67,549.775,4.38244,8.76427,3.43495,7.53752,8.93586,28.5735,28.5735,1.0,1.0,1
93744,31.05.2024 09:02:30.440000,317.477,306.436,9.07965,9.044,8.956,86.5005,2.45414,2.51306,12.4577,8.20478,546.735,549.655,5.49195,7.95636,3.79175,9.2644,8.93851,28.0237,28.0237,1.0,1.0,1
93745,31.05.2024 09:02:30.450000,317.477,306.436,9.07965,9.044,8.956,86.5005,2.45414,2.51306,12.4577,8.20478,546.735,549.655,5.49195,7.95636,3.79175,9.2644,8.93851,28.0237,28.0237,1.0,1.0,1
93746,31.05.2024 09:02:30.460000,318.548,300.503,8.99632,9.018,8.948,87.6512,2.47719,2.52681,12.8321,10.6731,546.605,549.555,6.9679,5.83094,4.17334,8.98686,8.94012,27.8863,27.8863,1.0,1.0,1
93747,31.05.2024 09:02:30.470000,318.301,303.14,9.02776,9.083,8.899,88.2029,2.50765,2.5346,13.6578,11.943,546.55,549.635,4.99754,3.9966,4.65884,7.99725,8.94188,26.7795,26.7795,1.0,1.0,1
93748,31.05.2024 09:02:30.480000,318.301,306.518,9.02776,9.083,8.885,88.6645,2.51191,2.5579,15.3474,12.4162,546.6,549.72,5.38683,4.6065,4.5308,8.31024,8.9431,26.7795,26.7795,1.0,1.0,1
93749,31.05.2024 09:02:30.490000,321.35,301.575,9.05763,8.952,8.927,88.6645,2.51191,2.5579,15.3474,12.4162,546.61,549.805,6.28185,6.19818,4.52331,8.75366,8.9431,26.7795,26.7795,1.0,1.0,1
93750,31.05.2024 09:02:30.500000,321.35,301.575,9.05763,8.952,8.927,88.6645,2.51191,2.5579,15.3474,12.4162,546.61,549.805,6.28185,6.19818,4.52331,8.75366,8.9431,26.7795,26.7795,1.0,1.0,1
93751,31.05.2024 09:02:30.510000,322.421,301.575,9.11474,8.997,8.927,89.0433,2.52905,2.56892,15.3825,13.6219,546.615,549.75,6.80016,7.4052,4.85029,8.73722,8.94497,27.0327,27.0327,1.0,1.0,1
93752,31.05.2024 09:02:30.520000,325.305,300.256,9.08129,9.056,8.944,89.4153,2.54278,2.56512,16.5671,15.7375,546.555,549.685,6.89709,7.03574,6.21775,6.53978,8.94556,25.7596,25.7596,1.0,1.0,1
93753,31.05.2024 09:02:30.530000,325.305,303.14,9.08129,9.056,8.915,89.6065,2.53476,2.56251,16.2759,14.5515,546.465,549.65,6.55121,7.18522,6.2978,6.14901,8.94662,24.566,24.566,1.0,1.0,1
93754,31.05.2024 09:02:30.540000,325.305,303.14,9.08129,9.056,8.915,89.6065,2.53476,2.56251,16.2759,14.5515,546.465,549.65,6.55121,7.18522,6.2978,6.14901,8.94662,24.566,24.566,1.0,1.0,1
93755,31.05.2024 09:02:30.550000,325.223,290.945,9.07737,9.058,8.929,89.6065,2.53476,2.56251,16.2759,14.5515,546.44,549.695,5.97907,6.22105,6.24427,6.18865,8.94813,24.566,24.566,1.0,1.0,1
93756,31.05.2024 09:02:30.560000,325.223,290.945,9.07737,9.058,8.929,89.6065,2.53476,2.56251,16.2759,14.5515,546.44,549.695,5.97907,6.22105,6.24427,6.18865,8.94813,24.566,24.566,1.0,1.0,1
93757,31.05.2024 09:02:30.570000,320.361,278.009,9.12022,9.046,8.997,90.1836,2.50312,2.54509,16.1716,13.6501,546.37,549.76,5.11056,7.13734,5.72768,6.90912,8.9493,23.8788,23.8788,1.0,1.0,1
93758,31.05.2024 09:02:30.580000,316.653,256.75,9.14203,9.109,8.942,90.3621,2.47386,2.53472,14.3185,11.5176,546.295,549.715,3.71275,7.04458,5.88426,5.59744,8.9502,23.4375,23.4375,1.0,1.0,1
93759,31.05.2024 09:02:30.590000,316.653,226.923,9.14203,9.109,8.945,90.4085,2.47386,2.53472,14.3185,11.5176,546.29,549.725,3.81117,6.80337,5.88798,4.82979,8.95164,23.4375,23.4375,1.0,1.0,1
93760,31.05.2024 09:02:30.600000,318.548,226.923,9.16842,9.111,8.945,90.4085,2.47009,2.52425,14.6458,11.8471,546.28,549.735,3.34143,6.91372,5.77805,4.42885,8.95164,22.5043,22.5043,1.0,1.0,1
93761,31.05.2024 09:02:30.610000,318.548,184.57,9.16842,9.111,8.966,90.487,2.46384,2.52131,12.6705,9.68375,546.32,549.75,3.05718,6.96855,5.9249,4.30847,8.95303,21.6869,21.6869,1.0,1.0,1
93762,31.05.2024 09:02:30.620000,318.548,184.57,9.16842,9.111,8.966,90.487,2.46384,2.52131,12.6705,9.68375,546.32,549.75,3.05718,6.96855,5.9249,4.30847,8.95303,21.6869,21.6869,1.0,1.0,1
93763,31.05.2024 09:02:30.630000,301.327,178.638,9.14944,9.016,8.972,90.487,2.46384,2.52131,12.6705,9.68375,546.375,549.77,4.02415,7.10478,6.0946,4.36459,8.95458,20.9708,20.9708,1.0,1.0,1
93764,31.05.2024 09:02:30.640000,301.327,178.638,9.14944,9.016,8.972,90.487,2.46384,2.52131,12.6705,9.68375,546.375,549.77,4.02415,7.10478,6.0946,4.36459,8.95458,20.9708,20.9708,1.0,1.0,1
93765,31.05.2024 09:02:30.650000,307.672,198.413,9.15979,9.03,8.927,90.9071,2.48267,2.52233,14.3128,11.7875,546.3,549.745,6.06218,7.20063,6.88937,4.27355,8.95564,19.4734,19.4734,1.0,1.0,1
93766,31.05.2024 09:02:30.660000,277.927,175.095,9.14781,9.105,8.96,90.9027,2.47483,2.51867,12.6698,9.84346,546.26,549.735,5.65911,6.95494,6.9761,3.73692,8.95698,18.4317,18.4317,1.0,1.0,1
93767,31.05.2024 09:02:30.670000,277.927,136.45,9.14781,9.105,8.981,90.9039,2.47483,2.51867,12.6698,9.84346,546.255,549.75,5.82742,6.9053,6.88371,3.61334,8.95838,18.4317,18.4317,1.0,1.0,1
93768,31.05.2024 09:02:30.680000,271.17,136.45,9.13989,9.141,8.981,90.9039,2.45672,2.51982,13.5108,10.1642,546.275,549.795,6.18636,6.86724,7.1844,3.92029,8.95838,17.8096,17.8096,1.0,1.0,1
93769,31.05.2024 09:02:30.690000,271.17,110.66,9.13989,9.141,9.002,90.8782,2.45413,2.51913,12.9984,12.3787,546.26,549.835,6.44236,7.28339,7.4004,4.46149,8.95929,17.853,17.853,1.0,1.0,1
93770,31.05.2024 09:02:30.700000,253.784,70.7794,9.14137,9.166,9.002,90.8782,2.45413,2.51913,12.9984,12.3787,546.22,549.845,7.00583,8.08217,7.56842,4.6278,8.96077,17.853,17.853,1.0,1.0,1
93771,31.05.2024 09:02:30.710000,246.451,70.7794,9.19352,9.201,9.002,90.8846,2.46315,2.51994,12.5691,10.7009,546.17,549.81,6.98309,8.79925,7.82038,4.48943,8.96077,17.0501,17.0501,1.0,1.0,1
93772,31.05.2024 09:02:30.720000,246.451,14.7491,9.19352,9.201,9.014,90.923,2.47022,2.51931,12.7744,10.1626,546.105,549.78,6.1514,8.4688,7.88163,4.37745,8.96198,17.0501,17.0501,1.0,1.0,1
93773,31.05.2024 09:02:30.730000,240.848,-19.281,9.16772,9.138,8.99,90.923,2.47022,2.51931,12.7744,10.1626,546.065,549.77,5.66135,7.92469,7.94308,4.52229,8.96198,17.0501,17.0501,1.0,1.0,1
93774,31.05.2024 09:02:30.740000,228.241,-19.281,9.16772,9.158,8.99,90.8724,2.46911,2.51811,12.8774,11.2647,546.07,549.795,5.05098,7.64805,7.91271,4.65984,8.96366,16.7969,16.7969,1.0,1.0,1
93775,31.05.2024 09:02:30.750000,228.241,-34.8541,9.11269,9.158,8.965,90.8724,2.46911,2.51811,12.8774,11.2647,546.09,549.805,4.80588,7.21012,7.94505,4.83289,8.96453,16.7969,16.7969,1.0,1.0,1
93776,31.05.2024 09:02:30.760000,219.836,-34.8541,9.1567,9.101,8.965,90.8344,2.46168,2.51707,13.4517,11.2609,546.09,549.82,5.15694,7.41992,7.88232,4.92801,8.96453,16.0518,16.0518,1.0,1.0,1
93777,31.05.2024 09:02:30.770000,219.836,-34.6893,9.1567,9.101,8.974,90.8101,2.45618,2.51639,11.8588,10.688,546.115,549.825,5.3502,7.6137,7.89484,5.02316,8.96553,16.0518,16.0518,1.0,1.0,1
93778,31.05.2024 09:02:30.780000,217.941,-67.2363,9.11358,9.057,8.922,90.8101,2.45618,2.51639,11.8588,10.688,546.08,549.82,5.71604,7.45932,7.87403,5.04817,8.96659,16.0518,16.0518,1.0,1.0,1
93779,31.05.2024 09:02:30.790000,209.784,-67.2363,9.16742,8.959,8.922,90.7994,2.44748,2.51626,12.4832,11.2002,546.065,549.81,5.8764,6.93363,7.78524,5.09765,8.96659,15.9867,15.9867,1.0,1.0,1
93780,31.05.2024 09:02:30.800000,209.784,-1.40076,9.16742,8.959,8.931,90.8084,2.44171,2.51569,12.1618,10.4885,546.055,549.825,5.76616,7.06347,7.61646,5.19533,8.96762,15.8565,15.8565,1.0,1.0,1
93781,31.05.2024 09:02:30.810000,191.244,-10.1349,9.1069,8.912,8.937,90.8084,2.44171,2.51569,12.1618,10.4885,546.03,549.84,5.51734,6.97725,7.55845,5.32176,8.96762,15.8565,15.8565,1.0,1.0,1
93782,31.05.2024 09:02:30.820000,191.244,-10.1349,9.1069,8.912,8.937,90.8084,2.44171,2.51569,12.1618,10.4885,546.03,549.84,5.51734,6.97725,7.55845,5.32176,8.96762,15.8565,15.8565,1.0,1.0,1
93783,31.05.2024 09:02:30.830000,180.698,-10.1349,9.10872,8.9,8.937,90.8668,2.44452,2.51595,12.5347,11.0899,545.99,549.85,5.4765,7.11889,7.49436,5.36012,8.96867,15.8565,15.8565,1.0,1.0,1
93784,31.05.2024 09:02:30.840000,180.698,-10.1349,9.10872,8.9,8.937,90.8668,2.44452,2.51595,12.5347,11.0899,545.99,549.85,5.4765,7.11889,7.49436,5.36012,8.96867,15.8565,15.8565,1.0,1.0,1
93785,31.05.2024 09:02:30.850000,172.705,-12.442,9.12176,8.87,8.928,90.9019,2.44584,2.51661,11.8166,11.6293,545.975,549.875,5.14035,7.74268,7.26619,5.68519,8.96963,15.7407,15.7407,1.0,1.0,1
93786,31.05.2024 09:02:30.860000,165.454,-55.1239,9.12097,8.87,8.906,90.9251,2.45161,2.51652,11.6771,10.561,545.895,549.85,5.14647,7.90659,6.91671,5.34988,8.97174,15.9939,15.9939,1.0,1.0,1
93787,31.05.2024 09:02:30.870000,158.285,-55.1239,9.10589,8.865,8.906,90.9604,2.4545,2.51825,12.4615,10.21,545.91,549.87,4.40835,7.31685,6.75864,5.17966,8.97174,15.9939,15.9939,1.0,1.0,1
93788,31.05.2024 09:02:30.880000,158.285,-88.9068,9.10589,8.865,8.905,90.9872,2.45902,2.51746,12.3893,12.4686,545.92,549.88,4.77389,7.39003,6.68347,5.22624,8.97266,15.9867,15.9867,1.0,1.0,1
93789,31.05.2024 09:02:30.890000,138.51,-54.3823,9.10296,8.744,8.918,90.9872,2.45902,2.51746,12.3893,12.4686,545.94,549.905,5.089,7.43819,6.65168,5.38107,8.97266,15.9867,15.9867,1.0,1.0,1
93790,31.05.2024 09:02:30.900000,126.892,-54.3823,9.09614,8.721,8.918,90.9669,2.44982,2.51659,12.51,9.90203,545.92,549.915,5.43912,7.72123,6.65455,5.29878,8.97377,16.0952,16.0952,1.0,1.0,1
93791,31.05.2024 09:02:30.910000,126.892,-49.1913,9.09614,8.721,8.901,90.9435,2.44982,2.51659,12.51,9.90203,545.91,549.9,6.01634,7.63046,6.73077,5.26672,8.97481,16.0952,16.0952,1.0,1.0,1
93792,31.05.2024 09:02:30.920000,111.401,-49.1913,9.09634,8.681,8.901,90.9435,2.44541,2.51863,11.8879,10.4605,545.92,549.865,5.94017,7.37086,6.742,4.75375,8.97481,15.5382,15.5382,1.0,1.0,1
93793,31.05.2024 09:02:30.930000,111.401,-49.1913,9.09634,8.681,8.901,90.9435,2.44541,2.51863,11.8879,10.4605,545.92,549.865,5.94017,7.37086,6.742,4.75375,8.97481,15.5382,15.5382,1.0,1.0,1
93794,31.05.2024 09:02:30.940000,111.401,-63.1988,9.09634,8.681,8.87,90.8999,2.44417,2.52013,11.8723,10.3313,545.895,549.855,6.00719,7.04197,6.75375,4.65654,8.97599,15.7841,15.7841,1.0,1.0,1
93795,31.05.2024 09:02:30.950000,111.401,-63.1988,9.09634,8.681,8.87,90.8999,2.44417,2.52013,11.8723,10.3313,545.895,549.855,6.00719,7.04197,6.75375,4.65654,8.97599,15.7841,15.7841,1.0,1.0,1
93796,31.05.2024 09:02:30.960000,111.401,-62.5397,9.08977,8.787,8.889,90.9556,2.43363,2.51836,11.2627,10.3638,545.895,549.84,6.90012,6.08338,6.95083,4.73554,8.97731,15.5816,15.5816,1.0,1.0,1
93797,31.05.2024 09:02:30.970000,111.401,-62.5397,9.08977,8.787,8.889,90.9556,2.43363,2.51836,11.2627,10.3638,545.895,549.84,6.90012,6.08338,6.95083,4.73554,8.97731,15.5816,15.5816,1.0,1.0,1
93798,31.05.2024 09:02:30.980000,100.69,-235.657,9.07987,9.128,8.931,91.0249,2.42905,2.51326,11.4033,9.51972,545.825,549.89,6.97683,5.67286,6.97958,4.68833,8.97778,15.4514,15.4514,1.0,1.0,1
93799,31.05.2024 09:02:30.990000,84.9518,-249.17,9.07197,9.152,8.903,91.049,2.42411,2.51451,11.7465,9.03185,545.775,549.885,6.05224,6.21841,6.89785,4.84694,8.97972,15.4369,15.4369,1.0,1.0,1
93800,31.05.2024 09:02:31.000000,67.2363,-249.17,9.10118,9.091,8.903,91.049,2.44529,2.51606,10.7296,10.5226,545.76,549.89,5.72599,6.46392,6.89933,4.85441,8.97972,15.4442,15.4442,0.0,1.0,1
93801,31.05.2024 09:02:31.010000,67.2363,-249.17,9.10118,9.091,8.903,91.049,2.44529,2.51606,10.7296,10.5226,545.76,549.89,5.72599,6.46392,6.89933,4.85441,8.97972,15.4442,15.4442,0.0,1.0,1
93802,31.05.2024 09:02:31.020000,67.2363,-263.177,9.10118,9.091,8.907,91.0369,2.44991,2.51622,11.217,9.90229,545.745,549.9,5.52861,6.27371,6.83284,4.92022,8.98062,15.3429,15.3429,0.0,1.0,1
93803,31.05.2024 09:02:31.030000,16.1499,-264.661,9.07651,8.868,8.912,90.9986,2.44928,2.5157,11.9292,10.1255,545.765,549.895,5.10816,5.99545,6.51682,4.95755,8.98196,15.3429,15.3429,0.0,1.0,1
93804,31.05.2024 09:02:31.040000,16.1499,-263.837,9.07651,8.868,8.932,91.0052,2.43461,2.51396,11.1,9.90972,545.77,549.875,5.37681,5.91545,6.52996,4.89327,8.98247,15.2705,15.2705,0.0,1.0,1
93805,31.05.2024 09:02:31.050000,16.1499,-263.837,9.07651,8.868,8.932,91.0052,2.43461,2.51396,11.1,9.90972,545.77,549.875,5.37681,5.91545,6.52996,4.89327,8.98247,15.2705,15.2705,0.0,1.0,1
93806,31.05.2024 09:02:31.060000,-10.8765,-274.795,9.08467,8.968,8.878,91.0052,2.43461,2.51396,11.1,9.90972,545.8,549.875,5.69044,5.63548,6.51669,4.59644,8.98247,15.2705,15.2705,0.0,1.0,1
93807,31.05.2024 09:02:31.070000,-10.8765,-274.795,9.08467,8.968,8.878,91.0052,2.43461,2.51396,11.1,9.90972,545.8,549.875,5.69044,5.63548,6.51669,4.59644,8.98247,15.2705,15.2705,0.0,1.0,1
93808,31.05.2024 09:02:31.080000,-17.2211,-270.099,9.11348,9.094,8.845,90.9916,2.4138,2.51212,11.3618,10.3216,545.835,549.905,7.23965,5.13644,6.62027,4.73165,8.98365,15.2705,15.2705,0.0,1.0,1
93809,31.05.2024 09:02:31.090000,-17.2211,-270.099,9.11348,9.094,8.845,90.9916,2.4138,2.51212,11.3618,10.3216,545.835,549.905,7.23965,5.13644,6.62027,4.73165,8.98365,15.2705,15.2705,0.0,1.0,1
93810,31.05.2024 09:02:31.100000,-29.6631,-265.567,9.04025,9.073,8.852,90.987,2.41008,2.51043,9.43064,9.00494,545.765,549.915,6.93285,5.36285,6.69348,4.80283,8.98437,15.7697,15.7697,0.0,1.0,1
93811,31.05.2024 09:02:31.110000,-102.585,-264.99,9.0686,8.943,8.876,91.0154,2.42303,2.50814,9.973,9.91675,545.72,549.885,5.93133,5.63055,6.54393,5.00675,8.98497,15.7697,15.7697,0.0,1.0,1
93812,31.05.2024 09:02:31.120000,-102.585,-266.803,9.0686,8.943,8.897,91.0024,2.43338,2.50559,9.49999,9.22776,545.725,549.875,5.9932,5.14655,6.54132,5.04808,8.98544,15.7335,15.7335,0.0,1.0,1
93813,31.05.2024 09:02:31.130000,-103.491,-274.548,9.05256,8.966,8.892,91.0024,2.43338,2.50559,9.49999,9.22776,545.705,549.88,5.91199,5.14017,6.33728,4.95244,8.98544,15.7335,15.7335,0.0,1.0,1
93814,31.05.2024 09:02:31.140000,-106.046,-274.548,9.08592,9.09,8.892,90.9674,2.43751,2.50478,9.70546,9.79078,545.695,549.87,5.86407,4.95933,6.30023,5.18333,8.98613,15.0391,15.0391,0.0,1.0,1
93815,31.05.2024 09:02:31.150000,-106.046,-263.26,9.08592,9.09,8.868,90.9901,2.43751,2.50478,9.70546,9.79078,545.7,549.875,5.78443,4.43169,6.39631,5.34602,8.98697,15.0391,15.0391,0.0,1.0,1
93816,31.05.2024 09:02:31.160000,-109.671,-263.26,9.07887,9.108,8.868,90.9901,2.43186,2.50821,10.7488,8.72465,545.72,549.87,6.02044,4.47426,6.31116,5.79294,8.98697,15.0391,15.0391,0.0,1.0,1
93817,31.05.2024 09:02:31.170000,-109.671,-267.627,9.07887,9.108,8.889,91.0229,2.43102,2.51526,10.8293,10.267,545.7,549.85,6.06493,4.39758,6.26421,5.72842,8.98775,14.9378,14.9378,0.0,1.0,1
93818,31.05.2024 09:02:31.180000,-117.746,-269.934,9.0735,8.995,8.887,91.0229,2.43102,2.51526,10.8293,10.267,545.655,549.825,6.1579,4.44712,6.19874,5.62279,8.9883,14.9378,14.9378,0.0,1.0,1
93819,31.05.2024 09:02:31.190000,-131.177,-269.934,9.08148,8.989,8.887,90.9957,2.42052,2.51704,10.2724,9.68614,545.605,549.84,5.80932,4.05658,5.7481,5.30816,8.9883,14.9378,14.9378,0.0,1.0,1
93820,31.05.2024 09:02:31.200000,-131.177,-269.934,9.08148,8.989,8.887,90.9957,2.42052,2.51704,10.2724,9.68614,545.605,549.84,5.80932,4.05658,5.7481,5.30816,8.9883,14.9378,14.9378,0.0,1.0,1
93821,31.05.2024 09:02:31.210000,-131.177,-272.736,9.08148,8.989,8.878,90.9379,2.4212,2.51488,9.81178,9.65266,545.61,549.845,5.32247,3.78761,5.42828,5.44661,8.98913,14.9306,14.9306,0.0,1.0,1
93822,31.05.2024 09:02:31.220000,-131.177,-272.736,9.08148,8.989,8.878,90.9379,2.4212,2.51488,9.81178,9.65266,545.61,549.845,5.32247,3.78761,5.42828,5.44661,8.98913,14.9306,14.9306,0.0,1.0,1
93823,31.05.2024 09:02:31.230000,-171.139,-276.196,9.06656,9.122,8.89,90.9409,2.41986,2.51285,10.496,9.42792,545.665,549.89,5.06566,4.25508,4.67734,5.83069,8.98958,14.7859,14.7859,0.0,1.0,1
93824,31.05.2024 09:02:31.240000,-197.012,-267.792,9.07414,9.005,8.924,91.0513,2.42292,2.51053,10.0821,9.52991,545.67,549.845,6.1518,4.47515,4.65605,6.2594,8.99015,14.7787,14.7787,0.0,1.0,1
93825,31.05.2024 09:02:31.250000,-197.012,-267.792,9.07414,9.005,8.924,91.0513,2.42292,2.51053,10.0821,9.52991,545.67,549.845,6.1518,4.47515,4.65605,6.2594,8.99015,14.7787,14.7787,0.0,1.0,1
93826,31.05.2024 09:02:31.260000,-197.012,-261.859,9.07414,9.005,8.928,91.0078,2.43664,2.5116,9.95403,10.4075,545.675,549.835,6.66125,4.23866,4.72291,6.43343,8.991,14.6918,14.6918,0.0,1.0,1
93827,31.05.2024 09:02:31.270000,-197.012,-261.859,9.07414,9.005,8.928,91.0078,2.43664,2.5116,9.95403,10.4075,545.675,549.835,6.66125,4.23866,4.72291,6.43343,8.991,14.6918,14.6918,0.0,1.0,1
93828,31.05.2024 09:02:31.280000,-207.394,-272.736,9.08024,9.096,8.89,90.961,2.4358,2.51317,11.477,9.98935,545.64,549.84,6.6933,3.53903,4.73558,6.65837,8.9923,14.2289,14.2289,0.0,1.0,1
93829,31.05.2024 09:02:31.290000,-228.57,-264.001,9.05453,9.107,8.894,90.9672,2.43766,2.50998,11.1804,9.18412,545.66,549.89,6.84126,4.25473,4.83433,6.91931,8.99257,13.8238,13.8238,0.0,1.0,1
93830,31.05.2024 09:02:31.300000,-246.451,-264.001,9.11027,9.092,8.894,91.0044,2.42749,2.51045,11.6444,9.42433,545.635,549.87,7.02214,4.7805,4.86549,7.15107,8.99308,13.8166,13.8166,0.0,1.0,1
93831,31.05.2024 09:02:31.310000,-246.451,-267.627,9.11027,9.092,8.905,91.0492,2.42749,2.51045,11.6444,9.42433,545.605,549.845,6.8921,4.6377,4.92243,7.28086,8.99419,13.8166,13.8166,0.0,1.0,1
93832,31.05.2024 09:02:31.320000,-264.825,-267.627,9.07442,8.992,8.905,91.0492,2.43257,2.51169,10.7343,10.3667,545.6,549.835,6.0584,4.13112,4.92722,6.95472,8.99419,13.4693,13.4693,0.0,1.0,1
93833,31.05.2024 09:02:31.330000,-264.825,-271.17,9.07442,8.992,8.899,91.0221,2.43377,2.51046,11.2168,10.5436,545.615,549.825,5.99124,3.50056,5.02358,6.83228,8.99444,13.4693,13.4693,0.0,1.0,1
93834,31.05.2024 09:02:31.340000,-270.593,-275.702,9.07816,8.982,8.871,91.0221,2.43377,2.51046,11.2168,10.5436,545.625,549.85,6.05512,3.46051,5.00212,6.785,8.99535,13.4693,13.4693,0.0,1.0,1
93835,31.05.2024 09:02:31.350000,-282.706,-275.702,9.06112,9.074,8.871,91.0352,2.43016,2.50741,11.1106,9.59729,545.615,549.87,6.22505,3.79564,5.01468,7.11577,8.99535,13.0498,13.0498,0.0,1.0,1
93836,31.05.2024 09:02:31.360000,-282.706,-275.702,9.06112,9.074,8.871,91.0352,2.43016,2.50741,11.1106,9.59729,545.615,549.87,6.22505,3.79564,5.01468,7.11577,8.99535,13.0498,13.0498,0.0,1.0,1
93837,31.05.2024 09:02:31.370000,-282.706,-271.582,9.06112,9.074,8.878,91.0334,2.4221,2.50417,10.5562,9.89517,545.605,549.87,6.00439,3.93371,5.09337,7.06428,8.99604,12.5362,12.5362,0.0,1.0,1
93838,31.05.2024 09:02:31.380000,-282.706,-271.582,9.06112,9.074,8.878,91.0334,2.4221,2.50417,10.5562,9.89517,545.605,549.87,6.00439,3.93371,5.09337,7.06428,8.99604,12.5362,12.5362,0.0,1.0,1
93839,31.05.2024 09:02:31.390000,-280.81,-265.649,9.11835,9.037,8.884,91.0207,2.41742,2.50502,10.7644,10.0339,545.61,549.835,6.01539,4.12029,5.15252,6.82339,8.99637,12.8255,12.8255,0.0,1.0,1
93840,31.05.2024 09:02:31.400000,-280.81,-265.649,9.11835,9.037,8.884,91.0207,2.41742,2.50502,10.7644,10.0339,545.61,549.835,6.01539,4.12029,5.15252,6.82339,8.99637,12.8255,12.8255,0.0,1.0,1
93841,31.05.2024 09:02:31.410000,-286.743,-267.297,9.06373,9.053,8.908,90.9994,2.42267,2.50449,10.1593,10.4913,545.62,549.835,6.15952,3.65693,5.26035,6.68383,8.99702,12.8255,12.8255,0.0,1.0,1
93842,31.05.2024 09:02:31.420000,-286.908,-268.78,9.10023,9.098,8.905,90.9693,2.42471,2.50443,11.0559,9.69759,545.58,549.84,5.98435,3.52137,5.16169,6.28017,8.99792,12.8183,12.8183,0.0,1.0,1
93843,31.05.2024 09:02:31.430000,-286.908,-268.78,9.10023,9.098,8.905,90.9693,2.42471,2.50443,11.0559,9.69759,545.58,549.84,5.98435,3.52137,5.16169,6.28017,8.99792,12.8183,12.8183,0.0,1.0,1
93844,31.05.2024 09:02:31.440000,-282.376,-268.78,9.09774,9.087,8.905,90.9588,2.42221,2.50316,10.0196,9.12815,545.585,549.835,5.70923,3.90713,4.94747,6.08108,8.99792,12.1383,12.1383,0.0,1.0,1
93845,31.05.2024 09:02:31.450000,-282.376,-268.78,9.09774,9.087,8.905,90.9588,2.42221,2.50316,10.0196,9.12815,545.585,549.835,5.70923,3.90713,4.94747,6.08108,8.99792,12.1383,12.1383,0.0,1.0,1
93846,31.05.2024 09:02:31.460000,-281.882,-268.286,9.06373,9.018,8.931,90.9508,2.41999,2.50502,10.3465,10.9113,545.61,549.84,5.92034,3.89516,5.00121,6.05931,8.99814,12.1383,12.1383,0.0,1.0,1
93847,31.05.2024 09:02:31.470000,-281.882,-268.286,9.06373,9.018,8.931,90.9508,2.41999,2.50502,10.3465,10.9113,545.61,549.84,5.92034,3.89516,5.00121,6.05931,8.99814,12.1383,12.1383,0.0,1.0,1
93848,31.05.2024 09:02:31.480000,-283.365,-274.878,9.09786,9.0,8.899,91.0701,2.42476,2.50522,10.6309,10.3627,545.58,549.815,6.03871,3.84404,4.98696,5.68271,8.9993,12.4277,12.4277,0.0,1.0,1
93849,31.05.2024 09:02:31.490000,-283.035,-269.275,9.10139,9.063,8.88,91.0887,2.42563,2.50522,10.6501,10.2155,545.57,549.845,5.79507,3.66964,5.10433,5.5099,8.99982,12.1166,12.1166,0.0,1.0,1
93850,31.05.2024 09:02:31.500000,-283.035,-269.275,9.10139,9.063,8.88,91.0887,2.42563,2.50522,10.6501,10.2155,545.57,549.845,5.79507,3.66964,5.10433,5.5099,8.99982,12.1166,12.1166,0.0,1.0,1
93851,31.05.2024 09:02:31.510000,-286.331,-267.215,9.12196,9.064,8.91,91.0887,2.42563,2.50522,10.6501,10.2155,545.56,549.87,5.69336,3.71428,5.193,5.37569,9.00031,12.2251,12.2251,0.0,1.0,1
93852,31.05.2024 09:02:31.520000,-286.331,-267.215,9.12196,9.064,8.91,91.0887,2.42563,2.50522,10.6501,10.2155,545.56,549.87,5.69336,3.71428,5.193,5.37569,9.00031,12.2251,12.2251,0.0,1.0,1
93853,31.05.2024 09:02:31.530000,-283.447,-267.874,9.06342,9.09,8.934,91.037,2.42801,2.50522,11.3151,11.2731,545.575,549.86,5.61694,4.24531,5.22049,5.2032,9.00123,11.7622,11.7622,0.0,1.0,1
93854,31.05.2024 09:02:31.540000,-283.447,-267.874,9.06342,9.09,8.934,91.037,2.42801,2.50522,11.3151,11.2731,545.575,549.86,5.61694,4.24531,5.22049,5.2032,9.00123,11.7622,11.7622,0.0,1.0,1
93855,31.05.2024 09:02:31.550000,-275.949,-267.792,9.12452,9.134,8.928,91.0149,2.43928,2.50522,11.0164,10.8789,545.57,549.845,6.11596,4.32402,5.05054,4.91134,9.00187,12.1383,12.1383,0.0,1.0,1
93856,31.05.2024 09:02:31.560000,-282.623,-274.383,9.06147,9.113,8.915,91.0627,2.44493,2.50522,11.7414,10.577,545.57,549.865,5.91274,3.7402,5.30979,4.82043,9.00326,12.1021,12.1021,0.0,1.0,1
93857,31.05.2024 09:02:31.570000,-282.623,-274.383,9.06147,9.113,8.915,91.0627,2.44493,2.50522,11.7414,10.577,545.57,549.865,5.91274,3.7402,5.30979,4.82043,9.00326,12.1021,12.1021,0.0,1.0,1
93858,31.05.2024 09:02:31.580000,-282.623,-262.271,9.06147,9.113,8.955,91.0697,2.44563,2.50522,11.5433,10.9514,545.56,549.88,6.02677,4.05426,5.31188,4.71936,9.00369,11.3209,11.3209,0.0,1.0,1
93859,31.05.2024 09:02:31.590000,-282.623,-262.271,9.06147,9.113,8.955,91.0697,2.44563,2.50522,11.5433,10.9514,545.56,549.88,6.02677,4.05426,5.31188,4.71936,9.00369,11.3209,11.3209,0.0,1.0,1
93860,31.05.2024 09:02:31.600000,-281.634,-269.192,9.09741,9.047,8.934,91.0674,2.44293,2.50522,11.1232,10.4423,545.555,549.835,5.71087,4.3529,5.34362,4.44361,9.00407,10.9664,10.9664,0.0,1.0,1
93861,31.05.2024 09:02:31.610000,-282.294,-270.428,9.12781,9.103,8.904,91.0303,2.44298,2.5069,11.4454,11.3298,545.59,549.81,6.00469,3.93329,5.34846,4.53771,9.00484,10.952,10.952,0.0,1.0,1
93862,31.05.2024 09:02:31.620000,-281.799,-270.428,9.10423,9.133,8.904,91.0116,2.44463,2.5072,10.9581,11.671,545.59,549.815,6.05307,3.22652,5.35565,4.66271,9.00575,10.9086,10.9086,0.0,1.0,1
93863,31.05.2024 09:02:31.630000,-281.799,-268.039,9.10423,9.133,8.916,91.068,2.44463,2.5072,10.9581,11.671,545.595,549.815,5.91083,3.17689,5.36274,4.65111,9.00614,10.9086,10.9086,0.0,1.0,1
93864,31.05.2024 09:02:31.640000,-279.574,-268.039,9.07689,9.118,8.916,91.068,2.43965,2.50573,12.0059,11.6551,545.57,549.825,6.39898,3.33998,5.39205,4.63547,9.00614,10.8073,10.8073,0.0,1.0,1
93865,31.05.2024 09:02:31.650000,-279.574,-265.649,9.07689,9.118,8.904,91.1095,2.434,2.50527,11.5447,10.6512,545.545,549.83,6.15674,3.44802,5.36548,4.64327,9.00683,10.8073,10.8073,0.0,1.0,1
93866,31.05.2024 09:02:31.660000,-279.574,-265.649,9.07689,9.118,8.904,91.1095,2.434,2.50527,11.5447,10.6512,545.545,549.83,6.15674,3.44802,5.36548,4.64327,9.00683,10.8073,10.8073,0.0,1.0,1
93867,31.05.2024 09:02:31.670000,-284.436,-271.582,9.09618,9.092,8.89,91.1095,2.431,2.50523,11.7116,10.9931,545.525,549.86,5.84206,3.46413,5.3773,4.73888,9.00706,10.4962,10.4962,0.0,1.0,1
93868,31.05.2024 09:02:31.680000,-284.518,-275.372,9.12328,9.153,8.892,91.0894,2.43312,2.50431,10.7108,10.0676,545.555,549.87,5.29894,4.25201,5.40463,5.00712,9.00768,10.4962,10.4962,0.0,1.0,1
93869,31.05.2024 09:02:31.690000,-280.151,-263.589,9.08872,9.094,8.89,91.0894,2.43312,2.50431,10.7108,10.0676,545.595,549.875,5.58013,4.25906,5.45618,5.02702,9.00768,10.4962,10.4962,0.0,1.0,1
93870,31.05.2024 09:02:31.700000,-280.151,-263.589,9.08872,9.094,8.89,91.0894,2.43312,2.50431,10.7108,10.0676,545.595,549.875,5.58013,4.25906,5.45618,5.02702,9.00768,10.4962,10.4962,0.0,1.0,1
93871,31.05.2024 09:02:31.710000,-285.013,-263.589,9.08872,9.054,8.89,91.0653,2.43297,2.50315,10.215,10.9431,545.605,549.84,5.95706,4.30515,5.49234,5.10606,9.00786,10.6988,10.6988,0.0,1.0,1
93872,31.05.2024 09:02:31.720000,-277.432,-267.297,9.07654,8.992,8.906,91.0608,2.43315,2.50303,10.8621,10.5866,545.605,549.82,6.2607,3.49187,5.4661,5.21126,9.00855,10.2431,10.2431,0.0,1.0,1
93873,31.05.2024 09:02:31.730000,-277.432,-267.297,9.07654,8.992,8.906,91.0608,2.43315,2.50303,10.8621,10.5866,545.605,549.82,6.2607,3.49187,5.4661,5.21126,9.00855,10.2431,10.2431,0.0,1.0,1
93874,31.05.2024 09:02:31.740000,-277.432,-267.38,9.07654,8.992,8.907,91.0341,2.42938,2.50257,9.99758,10.4506,545.59,549.82,6.28005,3.28082,5.48865,5.2773,9.00937,10.2431,10.2431,0.0,1.0,1
93875,31.05.2024 09:02:31.750000,-283.53,-274.631,9.13403,9.093,8.926,91.0922,2.42754,2.50105,10.0954,10.2273,545.59,549.825,6.01139,3.68952,5.29378,5.31177,9.01017,10.1997,10.1997,0.0,1.0,1
93876,31.05.2024 09:02:31.760000,-283.53,-267.462,9.13403,9.093,8.937,91.0811,2.42661,2.50125,10.0272,11.0869,545.58,549.825,5.71651,3.79746,5.19514,5.30632,9.01106,10.1924,10.1924,0.0,1.0,1
93877,31.05.2024 09:02:31.770000,-277.927,-258.975,9.13534,9.085,8.943,91.0811,2.42661,2.50125,10.0272,11.0869,545.575,549.81,5.53047,3.33424,5.25663,5.32472,9.01106,10.1924,10.1924,0.0,1.0,1
93878,31.05.2024 09:02:31.780000,-285.59,-258.975,9.07568,9.004,8.943,91.1647,2.42904,2.50096,9.69818,10.9117,545.59,549.815,5.33324,3.02663,5.28545,5.42455,9.01129,10.1924,10.1924,0.0,1.0,1
93879,31.05.2024 09:02:31.790000,-285.59,-271.5,9.07568,9.004,8.938,91.101,2.42904,2.50096,9.69818,10.9117,545.59,549.815,5.32456,3.26824,5.24673,5.42968,9.01219,10.1924,10.1924,0.0,1.0,1
93880,31.05.2024 09:02:31.800000,-274.631,-271.5,9.13084,8.995,8.938,91.101,2.43127,2.50264,9.35848,9.9763,545.59,549.855,5.58648,3.46016,5.16193,5.37985,9.01219,10.1418,10.1418,0.0,1.0,1
93881,31.05.2024 09:02:31.810000,-274.631,-268.78,9.13084,8.995,8.962,91.1165,2.43912,2.50298,10.2847,10.2461,545.6,549.855,5.6238,3.87425,5.15568,5.40448,9.01347,10.1346,10.1346,0.0,1.0,1
93882,31.05.2024 09:02:31.820000,-278.421,-269.028,9.10477,9.062,8.941,91.1165,2.43912,2.50298,10.2847,10.2461,545.625,549.855,5.5321,4.01549,5.19984,5.52123,9.01389,10.1346,10.1346,0.0,1.0,1
93883,31.05.2024 09:02:31.830000,-285.425,-269.028,9.08071,9.072,8.941,91.0788,2.44636,2.50278,9.57183,10.9938,545.67,549.86,6.11943,4.39297,5.16106,5.62035,9.01389,10.3299,10.3299,0.0,1.0,1
93884,31.05.2024 09:02:31.840000,-285.425,-266.638,9.08071,9.072,8.933,91.0445,2.44957,2.50341,10.4573,10.7405,545.7,549.855,6.5395,4.32039,5.27963,5.65791,9.0148,10.4962,10.4962,0.0,1.0,1
93885,31.05.2024 09:02:31.850000,-280.151,-265.897,9.1085,9.022,8.96,91.0445,2.44957,2.50341,10.4573,10.7405,545.72,549.835,7.03839,4.09733,5.42058,5.56962,9.0148,10.4962,10.4962,0.0,1.0,1
93886,31.05.2024 09:02:31.860000,-278.833,-265.897,9.13218,9.015,8.96,90.9623,2.44871,2.50346,10.407,11.0968,545.685,549.825,7.5005,3.95462,5.48407,5.51195,9.01449,10.2286,10.2286,0.0,1.0,1
93887,31.05.2024 09:02:31.870000,-278.833,-265.897,9.13218,9.015,8.93,90.9727,2.44871,2.50346,10.407,11.0968,545.68,549.84,7.63031,3.92238,5.56759,5.51307,9.01475,10.2286,10.2286,0.0,1.0,1
93888,31.05.2024 09:02:31.880000,-281.47,-265.897,9.06933,9.066,8.93,90.9727,2.53063,2.51176,10.1423,10.9738,545.655,549.83,7.0164,3.79221,5.60563,5.57264,9.01475,10.0984,10.0984,0.0,1.0,1
93889,31.05.2024 09:02:31.890000,-281.47,-270.923,9.06933,9.066,8.944,90.9724,2.53298,2.51234,10.1489,11.4135,545.645,549.84,6.07911,3.55218,5.72904,5.51776,9.01556,9.96818,9.96818,0.0,1.0,1
93890,31.05.2024 09:02:31.900000,-280.069,-269.028,9.10454,9.097,8.917,90.9724,2.53298,2.51234,10.1489,11.4135,545.61,549.81,5.95283,3.46105,5.82655,5.52132,9.0161,9.96818,9.96818,0.0,1.0,1
93891,31.05.2024 09:02:31.910000,-278.915,-269.028,9.13952,9.074,8.917,90.9654,2.53673,2.51198,10.8447,10.8301,545.61,549.805,4.92774,3.16923,5.84034,5.09329,9.0161,9.9537,9.9537,0.0,1.0,1
93892,31.05.2024 09:02:31.920000,-278.915,-269.028,9.13952,9.074,8.917,90.9654,2.53673,2.51198,10.8447,10.8301,545.61,549.805,4.92774,3.16923,5.84034,5.09329,9.0161,9.9537,9.9537,0.0,1.0,1
93893,31.05.2024 09:02:31.930000,-278.915,-269.275,9.13952,9.074,8.924,91.007,2.53701,2.51153,10.1341,10.4405,545.63,549.8,4.64999,2.98536,5.79671,4.92353,9.01628,9.9537,9.9537,0.0,1.0,1
93894,31.05.2024 09:02:31.940000,-279.08,-266.885,9.07159,9.104,8.937,91.0879,2.53632,2.51135,11.1605,10.5547,545.78,549.89,5.03664,2.93798,5.76714,4.90424,9.01667,9.9537,9.9537,0.0,1.0,1
93895,31.05.2024 09:02:31.950000,-279.08,-268.945,9.07159,9.104,8.912,91.0889,2.53632,2.51135,11.1605,10.5547,545.8,549.92,5.77631,3.11222,5.73961,4.79447,9.017,9.9537,9.9537,0.0,1.0,1
93896,31.05.2024 09:02:31.960000,-277.02,-268.945,9.08627,9.099,8.912,91.0889,2.53348,2.5102,10.242,10.8825,545.795,549.925,7.14384,4.6445,5.78899,4.63462,9.017,9.9537,9.9537,0.0,1.0,1
93897,31.05.2024 09:02:31.970000,-277.02,-265.649,9.08627,9.099,8.904,91.0645,2.53248,2.50979,9.79779,11.8561,545.785,549.895,7.12346,5.02506,5.75752,4.59462,9.01769,9.96093,9.96093,0.0,1.0,1
93898,31.05.2024 09:02:31.980000,-277.02,-265.649,9.08627,9.099,8.904,91.0645,2.53248,2.50979,9.79779,11.8561,545.785,549.895,7.12346,5.02506,5.75752,4.59462,9.01769,9.96093,9.96093,0.0,1.0,1
93899,31.05.2024 09:02:31.990000,-286.084,-263.837,9.14948,9.115,8.915,91.0645,2.52811,2.50902,10.1953,10.6696,545.69,549.82,7.34299,4.60427,5.83913,4.67145,9.01817,9.96093,9.96093,0.0,1.0,1
