,time,Pinceur Inf Mesure de courant,Pinceur Sup Mesure de courant,Mandrin - Vitesse Actuelle,Pinceur Sup Mesure vitesse lineaire,Pinceur Inf Mesure vitesse lineaire,Mandrin - Mesure Expansion,Pinceur Nord Position entrefer estimee,Pinceur Sud Position entrefer estimee,Pinceur Nord Force entrefer calibree,Pinceur Sud Force entrefer calibree,Guides Nord Entree Position mesuree,Guides Nord Sortie Position mesuree,Guides Nord Entree Force pour regulateur PI,Guides Nord Sortie Force pour regulateur PI,Guides Sud Entree Force pour regulateur PI,Guides Sud Sortie Force pour regulateur PI,Mandrin - Vitesse Actuelle F10,_Excentrage largeur bande jauge bob,_Excentrage largeur bande jauge bob.1,TDB pinceur,Fenetre,Declancheur
90300,31.05.2024 08:03:55.830000,103.409,56.8542,10.9996,12.228,11.947,31.4154,2.78306,2.2695,32.9782,9.27453,680.73,681.64,6.85784,8.272,0.946838,-0.147965,10.3871,-23.2856,-23.2856,1.0,1.0,1
90301,31.05.2024 08:03:55.840000,103.409,56.8542,10.9996,12.228,11.947,31.4154,2.78306,2.2695,32.9782,9.27453,680.73,681.64,6.85784,8.272,0.946838,-0.147965,10.3871,-23.2856,-23.2856,1.0,1.0,1
90302,31.05.2024 08:03:55.850000,112.884,63.3636,11.0037,12.204,11.973,31.4154,2.80729,2.289,37.8434,15.6658,678.955,679.89,6.86554,8.60897,0.748672,-0.201493,10.3886,-20.6091,-20.6091,1.0,1.0,1
90303,31.05.2024 08:03:55.860000,103.326,81.7383,11.007,12.106,11.992,31.3729,2.55639,2.42452,30.3204,24.8496,677.41,678.175,6.50905,7.98223,0.783897,-0.244546,10.3891,-14.0408,-14.0408,1.0,1.0,1
90304,31.05.2024 08:03:55.870000,103.326,81.5735,11.0119,12.112,11.981,31.4084,2.43721,2.44484,30.3204,24.8496,677.41,678.175,6.50905,7.98223,0.783897,-0.244546,10.3896,-14.0408,-14.0408,1.0,1.0,1
90305,31.05.2024 08:03:55.880000,103.326,81.5735,11.0112,12.112,11.981,31.4138,2.28553,2.46214,20.4311,28.1089,675.93,676.68,5.97005,6.64735,0.715351,-0.217908,10.3896,-14.0408,-14.0408,1.0,1.0,1
90306,31.05.2024 08:03:55.890000,124.915,89.3188,11.0112,12.07,11.942,31.4138,2.25225,2.49412,20.4311,28.1089,675.93,676.68,5.97005,6.64735,0.715351,-0.217908,10.3907,-10.9158,-10.9158,1.0,1.0,1
90307,31.05.2024 08:03:55.900000,124.915,98.7121,11.0016,12.048,11.942,31.3939,2.26663,2.49384,15.8623,23.2755,674.49,675.37,5.16132,5.57452,0.636371,-0.161286,10.391,-10.9158,-10.9158,1.0,1.0,1
90308,31.05.2024 08:03:55.910000,180.038,98.7121,11.0016,12.048,11.856,31.4191,2.3131,2.46789,16.3359,31.2586,673.135,674.335,4.60853,5.71646,0.59576,-0.168,10.391,-5.93895,-5.93895,1.0,1.0,1
90309,31.05.2024 08:03:55.920000,239.117,111.813,11.0062,11.996,11.689,31.4191,2.4039,2.43686,16.3359,31.2586,673.135,674.335,4.60853,5.71646,0.59576,-0.168,10.3931,-5.93895,-5.93895,1.0,1.0,1
90310,31.05.2024 08:03:55.930000,239.117,111.813,11.0062,11.996,11.689,31.4191,2.4039,2.43686,16.3359,31.2586,673.135,674.335,4.60853,5.71646,0.59576,-0.168,10.3931,-5.93895,-5.93895,1.0,1.0,1
90311,31.05.2024 08:03:55.940000,239.117,111.813,11.0098,11.996,11.689,31.5127,2.5932,2.39021,24.048,30.0941,671.84,673.09,4.35471,7.86812,0.54766,-0.146756,10.3934,-3.39989,-3.39989,1.0,1.0,1
90312,31.05.2024 08:03:55.950000,239.117,111.813,11.0098,11.996,11.689,31.5127,2.5932,2.39021,24.048,30.0941,671.84,673.09,4.35471,7.86812,0.54766,-0.146756,10.3934,-3.39989,-3.39989,1.0,1.0,1
90313,31.05.2024 08:03:55.960000,381.088,194.54,11.01,11.831,11.486,31.4935,2.72444,2.33953,31.5068,17.9294,670.545,671.67,4.42887,9.60651,0.571784,-0.143994,10.3945,-3.39989,-3.39989,1.0,1.0,1
90314,31.05.2024 08:03:55.970000,381.088,194.54,11.01,11.831,11.486,31.4935,2.72444,2.33953,31.5068,17.9294,670.545,671.67,4.42887,9.60651,0.571784,-0.143994,10.3945,-3.39989,-3.39989,1.0,1.0,1
90315,31.05.2024 08:03:55.980000,456.152,261.529,11.0168,11.766,11.383,31.4775,2.59383,2.30567,34.7221,17.6348,667.83,668.73,5.96293,11.2934,0.485343,-0.145654,10.3951,0.904225,0.904225,1.0,1.0,1
90316,31.05.2024 08:03:55.990000,488.782,316.901,11.003,11.713,11.347,31.4838,2.39379,2.30732,26.517,14.9369,666.245,667.115,6.84678,11.5455,0.527355,-0.107678,10.3965,7.28444,7.28444,1.0,1.0,1
90317,31.05.2024 08:03:56.000000,488.782,316.901,11.003,11.713,11.347,31.4838,2.39379,2.30732,26.517,14.9369,666.245,667.115,6.84678,11.5455,0.527355,-0.107678,10.3965,7.28444,7.28444,1.0,1.0,1
90318,31.05.2024 08:03:56.010000,534.018,365.845,11.01,11.656,11.306,31.4838,2.30717,2.31091,18.6899,17.3918,664.685,665.38,6.96014,11.1601,0.587863,-0.067891,10.398,15.0174,15.0174,1.0,1.0,1
90319,31.05.2024 08:03:56.020000,564.999,405.148,11.0147,11.62,11.282,31.4776,2.2095,2.32044,12.7068,19.0028,663.105,663.845,6.8539,10.1838,0.626129,-0.118508,10.3993,15.0897,15.0897,1.0,1.0,1
90320,31.05.2024 08:03:56.030000,601.254,454.257,11.0155,11.581,11.202,31.4113,2.23561,2.32132,12.7068,19.0028,663.105,663.845,6.8539,10.1838,0.626129,-0.118508,10.4006,15.0897,15.0897,1.0,1.0,1
90321,31.05.2024 08:03:56.040000,601.254,454.257,11.0217,11.581,11.202,31.4342,2.32081,2.31779,16.3016,17.9495,661.5,662.455,6.42954,9.73363,0.688083,-0.0615586,10.4006,23.4447,23.4447,1.0,1.0,1
90322,31.05.2024 08:03:56.050000,601.254,454.257,11.0217,11.581,11.202,31.4342,2.32081,2.31779,16.3016,17.9495,661.5,662.455,6.42954,9.73363,0.688083,-0.0615586,10.4006,23.4447,23.4447,1.0,1.0,1
90323,31.05.2024 08:03:56.060000,601.913,519.763,11.0217,11.5,11.104,31.4342,2.37294,2.3162,19.4632,17.2371,659.9,661.065,6.06641,10.446,0.790779,-0.0916756,10.4015,32.0674,32.0674,1.0,1.0,1
90324,31.05.2024 08:03:56.070000,601.913,519.763,11.0217,11.5,11.104,31.4342,2.37294,2.3162,19.4632,17.2371,659.9,661.065,6.06641,10.446,0.790779,-0.0916756,10.4015,32.0674,32.0674,1.0,1.0,1
90325,31.05.2024 08:03:56.080000,601.584,584.033,11.0117,11.435,11.08,31.3729,2.44041,2.31603,23.5301,18.6882,658.355,659.505,5.82102,11.6283,0.886558,-0.0151566,10.4028,36.5668,36.5668,1.0,1.0,1
90326,31.05.2024 08:03:56.090000,595.239,626.715,11.0197,11.423,11.048,31.3079,2.43265,2.33889,28.761,20.232,656.835,657.83,6.15137,12.4843,0.845973,-0.0673035,10.4041,41.8403,41.8403,1.0,1.0,1
90327,31.05.2024 08:03:56.100000,595.239,626.715,11.0197,11.423,11.048,31.3079,2.43265,2.33889,28.761,20.232,656.835,657.83,6.15137,12.4843,0.845973,-0.0673035,10.4041,41.8403,41.8403,1.0,1.0,1
90328,31.05.2024 08:03:56.110000,600.924,645.337,11.0197,11.422,11.023,31.3079,2.40279,2.34542,25.9824,21.0189,655.22,656.095,6.85205,12.7475,0.861358,-0.067582,10.4041,45.9201,45.9201,1.0,1.0,1
90329,31.05.2024 08:03:56.120000,600.924,645.337,11.0197,11.422,11.023,31.3079,2.40279,2.34542,25.9824,21.0189,655.22,656.095,6.85205,12.7475,0.861358,-0.067582,10.4041,45.9201,45.9201,1.0,1.0,1
90330,31.05.2024 08:03:56.130000,591.366,647.891,11.0247,11.395,11.006,31.2903,2.32121,2.35768,23.6167,23.2196,653.515,654.54,7.21497,12.217,0.808708,-0.00228965,10.4053,45.9201,45.9201,1.0,1.0,1
90331,31.05.2024 08:03:56.140000,591.366,647.891,11.0247,11.395,11.006,31.2903,2.32121,2.35768,23.6167,23.2196,653.515,654.54,7.21497,12.217,0.808708,-0.00228965,10.4053,45.9201,45.9201,1.0,1.0,1
90332,31.05.2024 08:03:56.150000,596.31,647.973,11.0166,11.327,10.976,31.339,2.29983,2.35315,21.2258,22.1444,651.85,652.93,7.13617,12.3682,0.835395,0.0651122,10.4066,45.9997,45.9997,1.0,1.0,1
90333,31.05.2024 08:03:56.160000,596.31,647.973,11.0166,11.327,10.976,31.339,2.29983,2.35315,21.2258,22.1444,651.85,652.93,7.13617,12.3682,0.835395,0.0651122,10.4066,45.9997,45.9997,1.0,1.0,1
90334,31.05.2024 08:03:56.170000,586.67,638.663,11.0084,11.316,10.96,31.4093,2.33071,2.34503,20.3072,20.3496,650.16,651.31,6.99159,12.6128,0.837692,0.0386573,10.4072,49.009,49.009,1.0,1.0,1
90335,31.05.2024 08:03:56.180000,589.389,634.46,11.0208,11.228,10.844,31.4642,2.37968,2.34317,22.2403,20.0915,646.85,648.1,6.58456,13.5583,0.791858,0.0317985,10.4082,53.0671,53.0671,1.0,1.0,1
90336,31.05.2024 08:03:56.190000,589.966,634.46,11.0319,11.148,10.846,31.4234,2.40874,2.34055,22.2403,20.0915,646.85,648.1,6.58456,13.5583,0.791858,0.0317985,10.4086,53.0671,53.0671,1.0,1.0,1
90337,31.05.2024 08:03:56.200000,589.966,634.46,11.0319,11.148,10.846,31.4234,2.40874,2.34055,22.2403,20.0915,646.85,648.1,6.58456,13.5583,0.791858,0.0317985,10.4086,53.0671,53.0671,1.0,1.0,1
90338,31.05.2024 08:03:56.210000,589.966,634.46,11.0423,11.148,10.846,31.4423,2.45509,2.33369,24.4753,19.7091,645.245,646.32,6.56917,13.7752,0.712932,0.00321496,10.4086,55.0058,55.0058,1.0,1.0,1
90339,31.05.2024 08:03:56.220000,585.516,631.659,11.0461,11.107,10.865,31.4353,2.46181,2.33005,27.2797,21.6329,643.57,644.63,6.95134,13.3128,0.726268,0.0232383,10.4104,55.0058,55.0058,1.0,1.0,1
90340,31.05.2024 08:03:56.230000,568.789,631.659,11.0461,11.107,10.874,31.4602,2.44874,2.32459,26.9854,16.9952,641.875,642.985,7.12753,12.982,0.728237,-0.0774926,10.4104,55.0275,55.0275,1.0,1.0,1
90341,31.05.2024 08:03:56.240000,544.482,612.46,11.0449,11.067,10.848,31.4602,2.42223,2.31834,26.9854,16.9952,641.875,642.985,7.12753,12.982,0.728237,-0.0774926,10.4109,55.0275,55.0275,1.0,1.0,1
90342,31.05.2024 08:03:56.250000,544.482,612.46,11.0593,11.067,10.848,31.3952,2.33869,2.30863,26.3145,20.0019,640.175,641.31,7.03524,12.9668,0.647628,-0.0231103,10.4113,55.0854,55.0854,1.0,1.0,1
90343,31.05.2024 08:03:56.260000,535.254,590.707,11.0593,11.015,10.779,31.3952,2.2973,2.30553,22.9918,19.159,638.475,639.575,6.91785,12.7395,0.659435,-0.0397576,10.4113,54.7815,54.7815,1.0,1.0,1
90344,31.05.2024 08:03:56.270000,535.254,590.707,11.0593,11.015,10.779,31.3952,2.2973,2.30553,22.9918,19.159,638.475,639.575,6.91785,12.7395,0.659435,-0.0397576,10.4113,54.7815,54.7815,1.0,1.0,1
90345,31.05.2024 08:03:56.280000,514.407,568.13,11.0601,10.995,10.771,31.3992,2.25542,2.30565,19.2252,17.7177,636.8,637.93,6.76531,12.2801,0.701362,-0.091916,10.4125,53.3782,53.3782,1.0,1.0,1
90346,31.05.2024 08:03:56.290000,472.632,533.935,11.0649,10.98,10.72,31.4392,2.19267,2.30152,19.2252,17.7177,636.8,637.93,6.76531,12.2801,0.701362,-0.091916,10.4131,53.0165,53.0165,1.0,1.0,1
90347,31.05.2024 08:03:56.300000,472.632,521.905,11.069,10.941,10.72,31.4599,2.19602,2.30083,18.9014,17.578,635.135,636.255,6.61746,12.0611,0.746307,-0.134786,10.4141,53.0165,53.0165,1.0,1.0,1
90348,31.05.2024 08:03:56.310000,472.632,521.905,11.069,10.941,10.72,31.4599,2.19602,2.30083,18.9014,17.578,635.135,636.255,6.61746,12.0611,0.746307,-0.134786,10.4141,53.0165,53.0165,1.0,1.0,1
90349,31.05.2024 08:03:56.320000,452.197,521.905,11.069,10.941,10.79,31.4382,2.20771,2.30156,17.8914,18.6957,633.46,634.55,6.73006,12.1867,0.806766,-0.183137,10.4141,51.8953,51.8953,1.0,1.0,1
90350,31.05.2024 08:03:56.330000,427.89,486.639,11.0661,10.87,10.769,31.419,2.25732,2.28709,18.5448,18.2029,631.79,632.88,6.70634,12.2738,0.820385,-0.162297,10.4154,51.888,51.888,1.0,1.0,1
90351,31.05.2024 08:03:56.340000,411.74,466.205,11.0661,10.896,10.749,31.419,2.26616,2.28603,21.092,16.3343,630.13,631.19,6.7781,12.4151,0.813838,-0.28069,10.4154,49.7106,49.7106,1.0,1.0,1
90352,31.05.2024 08:03:56.350000,385.62,440.991,11.0756,10.865,10.754,31.4035,2.27045,2.28387,21.092,16.3343,630.13,631.19,6.7781,12.4151,0.813838,-0.28069,10.4154,49.7106,49.7106,1.0,1.0,1
90353,31.05.2024 08:03:56.360000,385.62,440.991,11.0946,10.865,10.754,31.4383,2.25619,2.27787,20.9535,15.6284,628.47,629.48,6.92996,12.4837,0.75262,-0.273984,10.4154,48.4809,48.4809,1.0,1.0,1
90354,31.05.2024 08:03:56.370000,363.208,430.691,11.0946,10.854,10.753,31.4383,2.24064,2.2729,20.9535,15.6284,628.47,629.48,6.92996,12.4837,0.75262,-0.273984,10.4162,47.7069,47.7069,1.0,1.0,1
90355,31.05.2024 08:03:56.380000,363.208,400.287,11.0854,10.826,10.753,31.4365,2.21811,2.26767,20.7505,16.3497,626.8,627.74,7.05512,12.3434,0.796974,-0.242806,10.417,47.7069,47.7069,1.0,1.0,1
90356,31.05.2024 08:03:56.390000,343.68,400.287,11.0854,10.826,10.741,31.4154,2.19849,2.26173,18.1785,13.1954,625.14,626.01,7.1218,11.9504,0.682029,-0.300134,10.417,46.7376,46.7376,1.0,1.0,1
90357,31.05.2024 08:03:56.400000,343.68,400.287,11.0854,10.826,10.741,31.4154,2.19849,2.26173,18.1785,13.1954,625.14,626.01,7.1218,11.9504,0.682029,-0.300134,10.417,46.7376,46.7376,1.0,1.0,1
90358,31.05.2024 08:03:56.410000,342.856,375.485,11.0787,10.78,10.728,31.4154,2.18293,2.25908,16.332,13.8197,623.485,624.31,7.25638,11.3689,0.748821,-0.282899,10.418,46.7376,46.7376,1.0,1.0,1
90359,31.05.2024 08:03:56.420000,342.856,375.485,11.0787,10.78,10.728,31.4154,2.18293,2.25908,16.332,13.8197,623.485,624.31,7.25638,11.3689,0.748821,-0.282899,10.418,46.7376,46.7376,1.0,1.0,1
90360,31.05.2024 08:03:56.430000,319.949,345.987,11.0713,10.761,10.796,31.4377,2.16029,2.24226,15.0827,13.654,621.8,622.605,7.52947,11.2757,0.786899,-0.276967,10.4183,45.5512,45.5512,1.0,1.0,1
90361,31.05.2024 08:03:56.440000,294.324,330.084,11.0783,10.772,10.796,31.4817,2.18691,2.23086,14.9327,10.9384,620.105,620.955,7.46638,11.0609,0.736969,-0.239926,10.4193,44.6832,44.6832,1.0,1.0,1
90362,31.05.2024 08:03:56.450000,290.451,325.882,11.0783,10.753,10.787,31.4817,2.19323,2.23005,14.9327,10.9384,620.105,620.955,7.46638,11.0609,0.736969,-0.239926,10.4204,44.4589,44.4589,1.0,1.0,1
90363,31.05.2024 08:03:56.460000,290.451,323.657,11.0706,10.772,10.787,31.4306,2.19691,2.22765,18.0072,12.5514,618.52,619.31,7.23835,11.0144,0.766048,-0.14058,10.4212,44.4589,44.4589,1.0,1.0,1
90364,31.05.2024 08:03:56.470000,297.125,323.657,11.0706,10.772,10.748,31.408,2.19209,2.22014,16.5175,13.7874,616.855,617.605,7.65431,11.4053,0.798439,-0.125573,10.4212,42.3901,42.3901,1.0,1.0,1
90365,31.05.2024 08:03:56.480000,297.372,319.537,11.0719,10.794,10.761,31.408,2.17885,2.21333,16.5175,13.7874,616.855,617.605,7.65431,11.4053,0.798439,-0.125573,10.4221,42.3901,42.3901,1.0,1.0,1
90366,31.05.2024 08:03:56.490000,297.372,319.537,11.0623,10.794,10.761,31.4205,2.14748,2.20793,17.376,12.1689,615.155,615.845,7.72819,11.3382,0.771736,-0.0418442,10.4229,36.2992,36.2992,1.0,1.0,1
90367,31.05.2024 08:03:56.500000,298.114,323.74,11.0623,10.77,10.808,31.4205,2.13008,2.20537,16.8996,13.8772,613.605,614.18,7.60987,10.7696,0.805645,-0.0368203,10.4229,36.2992,36.2992,1.0,1.0,1
90368,31.05.2024 08:03:56.510000,300.009,322.421,11.0509,10.806,10.821,31.4054,2.11882,2.20082,16.8996,13.8772,613.605,614.18,7.60987,10.7696,0.805645,-0.0368203,10.4237,36.2992,36.2992,1.0,1.0,1
90369,31.05.2024 08:03:56.520000,300.009,322.421,11.0198,10.806,10.821,31.6913,2.11168,2.19133,13.9946,13.0702,612.115,612.58,8.20605,10.694,0.959705,0.127818,10.4237,33.1742,33.1742,1.0,1.0,1
90370,31.05.2024 08:03:56.530000,303.14,321.844,11.0198,10.817,10.84,31.6913,2.1108,2.18433,13.9946,13.0702,612.115,612.58,8.20605,10.694,0.959705,0.127818,10.4254,30.3675,30.3675,1.0,1.0,1
90371,31.05.2024 08:03:56.540000,303.14,321.432,11.0251,10.807,10.84,32.1464,2.11073,2.18158,16.3119,14.1644,610.64,611.125,9.4403,11.2517,1.11061,0.602496,10.4262,30.3675,30.3675,1.0,1.0,1
90372,31.05.2024 08:03:56.550000,302.811,321.432,11.0251,10.807,10.823,32.7737,2.11332,2.18005,14.3503,8.18891,609.135,609.615,11.1641,12.8792,2.17825,2.8268,10.4262,30.3675,30.3675,1.0,1.0,1
90373,31.05.2024 08:03:56.560000,302.811,321.432,11.0251,10.807,10.823,32.7737,2.11332,2.18005,14.3503,8.18891,609.135,609.615,11.1641,12.8792,2.17825,2.8268,10.4262,30.3675,30.3675,1.0,1.0,1
90374,31.05.2024 08:03:56.570000,307.178,328.848,11.0177,10.838,10.899,32.7737,2.11638,2.17292,16.1617,11.1693,608.08,608.105,8.35947,6.46516,4.31995,6.24044,10.4273,30.3675,30.3675,1.0,1.0,1
90375,31.05.2024 08:03:56.580000,307.178,328.848,11.0177,10.838,10.899,32.7737,2.11638,2.17292,16.1617,11.1693,608.08,608.105,8.35947,6.46516,4.31995,6.24044,10.4273,30.3675,30.3675,1.0,1.0,1
90376,31.05.2024 08:03:56.590000,302.234,325.635,11.0097,10.851,10.895,33.5248,2.09217,2.16059,15.6362,10.4337,608.4,608.73,5.08162,-2.27458,6.48804,9.40353,10.4281,24.1537,24.1537,1.0,1.0,1
90377,31.05.2024 08:03:56.600000,303.799,322.586,10.9239,10.87,10.868,35.2941,2.03956,2.15071,12.2676,7.33873,608.3,609.6,5.7483,1.46488,8.52238,11.2412,10.4284,21.1444,21.1444,1.0,1.0,1
90378,31.05.2024 08:03:56.610000,303.387,332.144,10.9239,10.896,10.882,35.2941,2.02692,2.14565,12.2676,7.33873,608.3,609.6,5.7483,1.46488,8.52238,11.2412,10.4301,21.1444,21.1444,1.0,1.0,1
90379,31.05.2024 08:03:56.620000,303.387,331.732,10.9173,10.909,10.882,36.1778,2.02008,2.14612,12.387,9.90888,608.66,609.465,4.82598,6.93536,10.0394,12.4576,10.4307,21.1444,21.1444,1.0,1.0,1
90380,31.05.2024 08:03:56.630000,303.387,331.732,10.9173,10.909,10.882,36.1778,2.02008,2.14612,12.387,9.90888,608.66,609.465,4.82598,6.93536,10.0394,12.4576,10.4307,21.1444,21.1444,1.0,1.0,1
90381,31.05.2024 08:03:56.640000,301.822,331.732,10.9173,10.909,10.925,37.0472,2.02192,2.15482,9.47597,10.452,608.675,609.26,6.97583,6.41351,10.3963,12.6755,10.4307,17.5637,17.5637,1.0,1.0,1
90382,31.05.2024 08:03:56.650000,307.59,327.612,10.7939,10.91,10.871,37.9749,2.08735,2.16224,11.6163,10.8356,608.82,609.425,7.7562,5.80629,9.93343,11.7424,10.4325,14.3953,14.3953,1.0,1.0,1
90383,31.05.2024 08:03:56.660000,308.496,329.755,10.7939,10.934,10.931,37.9749,2.11041,2.17015,16.3557,9.6313,608.845,609.545,9.73176,7.49985,9.55609,10.7455,10.4325,12.1673,12.1673,1.0,1.0,1
90384,31.05.2024 08:03:56.670000,301.245,329.343,10.7572,10.933,10.831,39.0381,2.13467,2.1701,16.3557,9.6313,608.845,609.545,9.73176,7.49985,9.55609,10.7455,10.4335,12.1673,12.1673,1.0,1.0,1
90385,31.05.2024 08:03:56.680000,301.245,329.343,10.7548,10.933,10.831,40.1499,2.15386,2.17463,16.5115,12.3436,608.74,609.42,10.6475,8.08575,8.84466,10.4242,10.4335,9.91753,9.91753,1.0,1.0,1
90386,31.05.2024 08:03:56.690000,301.245,329.343,10.7548,10.933,10.831,40.1499,2.15386,2.17463,16.5115,12.3436,608.74,609.42,10.6475,8.08575,8.84466,10.4242,10.4335,9.91753,9.91753,1.0,1.0,1
90387,31.05.2024 08:03:56.700000,310.226,327.365,10.7548,10.899,10.843,40.1499,2.15566,2.19472,19.3579,14.5138,608.75,609.355,10.566,7.31622,8.26597,10.6198,10.4349,8.64439,8.64439,1.0,1.0,1
90388,31.05.2024 08:03:56.710000,310.226,327.365,10.7548,10.899,10.843,40.1499,2.15566,2.19472,19.3579,14.5138,608.75,609.355,10.566,7.31622,8.26597,10.6198,10.4349,8.64439,8.64439,1.0,1.0,1
90389,31.05.2024 08:03:56.720000,307.672,330.249,10.7001,10.953,10.788,42.33,2.14798,2.20873,18.7084,17.0179,608.745,609.41,10.6066,6.34171,8.10886,11.0397,10.4358,7.81973,7.81973,1.0,1.0,1
90390,31.05.2024 08:03:56.730000,302.399,328.189,10.6362,10.899,10.722,43.5519,2.12776,2.21244,17.8809,15.0891,608.755,609.565,10.3789,6.2462,8.19175,11.3269,10.4383,7.81973,7.81973,1.0,1.0,1
90391,31.05.2024 08:03:56.740000,302.399,328.189,10.6362,10.899,10.722,43.5519,2.12776,2.21244,17.8809,15.0891,608.755,609.565,10.3789,6.2462,8.19175,11.3269,10.4383,7.81973,7.81973,1.0,1.0,1
90392,31.05.2024 08:03:56.750000,303.799,326.459,10.6362,10.828,10.773,43.5519,2.11282,2.21227,19.5116,14.0065,608.815,609.645,10.2139,6.68828,8.48267,11.1736,10.4383,7.24826,7.24826,1.0,1.0,1
90393,31.05.2024 08:03:56.760000,303.14,326.211,10.5259,10.817,10.65,46.0048,2.10478,2.20501,16.388,14.374,608.905,609.615,10.2561,7.29678,9.21514,10.9758,10.4395,7.21933,7.21933,1.0,1.0,1
90394,31.05.2024 08:03:56.770000,313.769,327.695,10.5259,10.758,10.649,46.0048,2.10583,2.19905,16.388,14.374,608.905,609.615,10.2561,7.29678,9.21514,10.9758,10.4417,6.77083,6.77083,1.0,1.0,1
90395,31.05.2024 08:03:56.780000,313.769,327.695,10.5259,10.758,10.649,46.0048,2.10583,2.19905,16.388,14.374,608.905,609.615,10.2561,7.29678,9.21514,10.9758,10.4417,6.77083,6.77083,1.0,1.0,1
90396,31.05.2024 08:03:56.790000,313.769,327.695,10.5098,10.71,10.649,47.1884,2.10441,2.18676,17.7066,14.9236,608.965,609.6,10.4871,7.04285,9.50551,10.8902,10.4425,6.51041,6.51041,1.0,1.0,1
90397,31.05.2024 08:03:56.800000,307.342,326.211,10.5094,10.685,10.579,48.428,2.05927,2.17433,16.7741,13.615,609.025,609.61,10.721,6.58347,9.5814,10.743,10.4437,6.51041,6.51041,1.0,1.0,1
90398,31.05.2024 08:03:56.810000,307.342,326.211,10.4871,10.685,10.579,49.6453,2.03919,2.17849,12.8544,10.3496,609.1,609.695,10.8271,6.27055,9.66854,10.6442,10.4435,5.70747,5.70747,1.0,1.0,1
90399,31.05.2024 08:03:56.820000,299.679,326.623,10.4871,10.642,10.607,49.6453,2.03406,2.18323,13.7158,11.1571,609.145,609.79,11.1216,6.17568,9.59,10.5393,10.4435,5.00579,5.00579,1.0,1.0,1
90400,31.05.2024 08:03:56.830000,305.859,334.451,10.3997,10.681,10.486,50.8345,2.03741,2.18193,13.7158,11.1571,609.145,609.79,11.1216,6.17568,9.59,10.5393,10.4444,5.00579,5.00579,1.0,1.0,1
90401,31.05.2024 08:03:56.840000,305.859,334.451,10.4013,10.681,10.486,52.0117,2.06529,2.16412,15.1358,14.4086,609.21,609.91,11.0844,6.47187,9.42948,10.413,10.4444,4.07986,4.07986,1.0,1.0,1
90402,31.05.2024 08:03:56.850000,307.754,324.975,10.4013,10.657,10.491,52.0117,2.07147,2.16998,15.1358,14.4086,609.21,609.91,11.0844,6.47187,9.42948,10.413,10.4447,4.14497,4.14497,1.0,1.0,1
90403,31.05.2024 08:03:56.860000,307.754,330.908,10.4266,10.623,10.491,53.1711,2.08615,2.17808,16.0103,12.5456,609.29,609.94,11.0094,7.06193,9.54135,10.3079,10.4452,4.14497,4.14497,1.0,1.0,1
90404,31.05.2024 08:03:56.870000,304.871,330.908,10.4266,10.623,10.451,54.3752,2.11298,2.18196,16.6256,13.4864,609.35,609.91,10.8816,7.15766,9.91109,10.1352,10.4452,3.81944,3.81944,1.0,1.0,1
90405,31.05.2024 08:03:56.880000,308.496,322.833,10.3984,10.583,10.536,54.3752,2.12307,2.1933,16.6256,13.4864,609.35,609.91,10.8816,7.15766,9.91109,10.1352,10.4449,3.81944,3.81944,1.0,1.0,1
90406,31.05.2024 08:03:56.890000,308.496,322.833,10.3802,10.583,10.536,55.6936,2.13964,2.21118,19.8449,16.3539,609.465,609.955,10.514,6.59195,10.0022,9.99372,10.4451,3.75434,3.75434,1.0,1.0,1
90407,31.05.2024 08:03:56.900000,305.118,326.623,10.3802,10.569,10.528,55.6936,2.14189,2.19504,19.0162,17.3803,609.555,610.07,10.337,6.45745,10.1248,9.84863,10.4451,3.75434,3.75434,1.0,1.0,1
90408,31.05.2024 08:03:56.910000,305.118,326.623,10.3802,10.569,10.528,55.6936,2.14189,2.19504,19.0162,17.3803,609.555,610.07,10.337,6.45745,10.1248,9.84863,10.4451,3.75434,3.75434,1.0,1.0,1
90409,31.05.2024 08:03:56.920000,308.578,327.612,10.3721,10.573,10.458,56.8594,2.13164,2.18249,17.1019,9.1732,609.7,610.15,9.99359,6.93918,10.3503,9.75773,10.4458,2.69821,2.69821,1.0,1.0,1
90410,31.05.2024 08:03:56.930000,299.432,326.953,10.4061,10.601,10.445,57.9172,2.06889,2.20329,17.1019,9.1732,609.7,610.15,9.99359,6.93918,10.3503,9.75773,10.4458,2.24248,2.24248,1.0,1.0,1
90411,31.05.2024 08:03:56.940000,299.432,321.68,10.385,10.533,10.445,59.1046,2.06339,2.2039,14.9252,14.3857,609.84,610.26,9.84424,7.09232,10.3045,9.67569,10.4459,2.24248,2.24248,1.0,1.0,1
90412,31.05.2024 08:03:56.950000,306.189,321.68,10.385,10.533,10.434,60.1744,2.05856,2.19789,15.6025,20.0228,609.945,610.31,9.54331,7.3782,10.2018,9.64438,10.4459,2.24248,2.24248,1.0,1.0,1
90413,31.05.2024 08:03:56.960000,303.223,329.507,10.3268,10.495,10.45,60.1744,2.06602,2.19068,15.6025,20.0228,609.945,610.31,9.54331,7.3782,10.2018,9.64438,10.4469,2.24248,2.24248,1.0,1.0,1
90414,31.05.2024 08:03:56.970000,303.223,329.507,10.4041,10.495,10.45,61.3678,2.07681,2.17867,16.7854,13.2761,610.04,610.385,9.16706,7.6244,9.92115,9.42114,10.447,2.33652,2.33652,1.0,1.0,1
90415,31.05.2024 08:03:56.980000,297.208,329.919,10.4041,10.525,10.459,61.3678,2.08414,2.17859,15.2457,10.805,610.19,610.43,8.50722,7.67038,9.53759,9.22997,10.447,2.42332,2.42332,1.0,1.0,1
90416,31.05.2024 08:03:56.990000,300.009,325.635,10.4051,10.503,10.449,62.5832,2.08287,2.18327,15.2457,10.805,610.19,610.43,8.50722,7.67038,9.53759,9.22997,10.4481,2.42332,2.42332,1.0,1.0,1
90417,31.05.2024 08:03:57.000000,300.009,325.635,10.3629,10.503,10.449,63.7461,2.09157,2.18417,17.5664,16.9239,610.28,610.495,7.90435,7.73371,9.50403,9.30958,10.4481,2.42332,2.42332,1.0,1.0,1
90418,31.05.2024 08:03:57.010000,303.14,328.683,10.3629,10.467,10.426,63.7461,2.08679,2.1785,17.5664,16.9239,610.28,610.495,7.90435,7.73371,9.50403,9.30958,10.4485,3.5518,3.5518,1.0,1.0,1
90419,31.05.2024 08:03:57.020000,303.14,327.283,10.4159,10.47,10.426,65.3618,2.07357,2.17251,17.7537,15.6664,610.39,610.54,7.13875,7.76001,9.14479,9.21078,10.4489,3.5518,3.5518,1.0,1.0,1
90420,31.05.2024 08:03:57.030000,303.14,327.283,10.4159,10.47,10.426,65.3618,2.07357,2.17251,17.7537,15.6664,610.39,610.54,7.13875,7.76001,9.14479,9.21078,10.4489,3.5518,3.5518,1.0,1.0,1
90421,31.05.2024 08:03:57.040000,297.29,327.283,10.4159,10.413,10.439,67.2326,2.03191,2.16527,16.9752,10.0536,610.49,610.625,6.63631,7.47016,8.86599,9.1271,10.4496,3.5518,3.5518,1.0,1.0,1
90422,31.05.2024 08:03:57.050000,297.29,327.283,10.4301,10.413,10.439,68.8556,2.00257,2.1814,13.8994,11.2112,610.575,610.725,6.14173,7.65927,8.86279,9.16701,10.4494,4.35475,4.35475,1.0,1.0,1
90423,31.05.2024 08:03:57.060000,297.29,327.283,10.4301,10.413,10.439,68.8556,2.00257,2.1814,13.8994,11.2112,610.575,610.725,6.14173,7.65927,8.86279,9.16701,10.4494,4.35475,4.35475,1.0,1.0,1
90424,31.05.2024 08:03:57.070000,308.496,330.414,10.4301,10.43,10.496,68.8556,1.99811,2.18157,13.8107,18.0369,610.64,610.79,5.8255,7.84399,8.27477,9.19535,10.4494,4.33304,4.33304,1.0,1.0,1
90425,31.05.2024 08:03:57.080000,301.904,330.084,10.4222,10.438,10.445,71.0915,2.04421,2.16384,13.6992,13.7462,610.67,610.815,5.46695,7.93863,7.69353,9.17557,10.4505,4.93345,4.93345,1.0,1.0,1
90426,31.05.2024 08:03:57.090000,305.2,328.271,10.4222,10.479,10.457,71.0915,2.05706,2.17089,13.6992,13.7462,610.67,610.815,5.46695,7.93863,7.69353,9.17557,10.4506,5.49044,5.49044,1.0,1.0,1
90427,31.05.2024 08:03:57.100000,305.2,325.635,10.4592,10.499,10.457,71.938,2.07409,2.16866,15.3806,8.40397,610.78,610.88,5.0369,7.46197,7.67041,9.07297,10.4511,5.49044,5.49044,1.0,1.0,1
90428,31.05.2024 08:03:57.110000,303.882,325.635,10.4592,10.499,10.459,72.7498,2.08042,2.17242,15.6161,15.7879,610.825,610.95,5.01868,7.25322,7.50054,9.11519,10.4511,6.43808,6.43808,1.0,1.0,1
90429,31.05.2024 08:03:57.120000,303.882,325.635,10.4592,10.499,10.459,72.7498,2.08042,2.17242,15.6161,15.7879,610.825,610.95,5.01868,7.25322,7.50054,9.11519,10.4511,6.43808,6.43808,1.0,1.0,1
90430,31.05.2024 08:03:57.130000,309.732,325.058,10.482,10.517,10.462,72.7498,2.07416,2.18506,17.6277,17.2062,610.855,611.005,4.76272,7.08175,7.1404,9.11788,10.4512,6.35127,6.35127,1.0,1.0,1
90431,31.05.2024 08:03:57.140000,303.964,328.519,10.4989,10.488,10.47,73.6234,2.04439,2.17225,15.0169,11.6809,610.91,611.06,4.57524,6.59894,7.07186,8.89855,10.4512,6.1849,6.1849,1.0,1.0,1
90432,31.05.2024 08:03:57.150000,305.777,322.998,10.5071,10.409,10.54,74.4851,2.02275,2.17483,15.0169,11.6809,610.91,611.06,4.57524,6.59894,7.07186,8.89855,10.4522,6.1849,6.1849,1.0,1.0,1
90433,31.05.2024 08:03:57.160000,305.777,322.998,10.4979,10.409,10.54,75.4348,2.00628,2.18178,14.313,10.3073,610.96,611.19,4.425,6.144,7.03972,8.7238,10.4522,6.26447,6.26447,1.0,1.0,1
90434,31.05.2024 08:03:57.170000,305.777,322.998,10.4979,10.409,10.54,75.4348,2.00628,2.18178,14.313,10.3073,610.96,611.19,4.425,6.144,7.03972,8.7238,10.4522,6.26447,6.26447,1.0,1.0,1
90435,31.05.2024 08:03:57.180000,304.541,329.59,10.4979,10.437,10.507,75.4348,2.00733,2.17733,13.0794,13.3847,611.005,611.3,4.34069,6.17899,7.03188,8.60949,10.4523,7.00232,7.00232,1.0,1.0,1
90436,31.05.2024 08:03:57.190000,304.541,329.59,10.4979,10.437,10.507,75.4348,2.00733,2.17733,13.0794,13.3847,611.005,611.3,4.34069,6.17899,7.03188,8.60949,10.4523,7.00232,7.00232,1.0,1.0,1
90437,31.05.2024 08:03:57.200000,301.327,319.208,10.4853,10.474,10.559,76.9633,2.0339,2.16503,14.7799,15.5816,611.06,611.335,4.43264,6.3589,6.99625,8.40111,10.453,7.00232,7.00232,1.0,1.0,1
90438,31.05.2024 08:03:57.210000,305.612,322.339,10.5632,10.507,10.536,77.8883,2.07534,2.17652,16.1924,10.8129,611.1,611.355,4.54051,6.03481,7.06263,8.29654,10.4543,8.15972,8.15972,1.0,1.0,1
90439,31.05.2024 08:03:57.220000,305.612,322.339,10.5632,10.507,10.536,77.8883,2.07534,2.17652,16.1924,10.8129,611.1,611.355,4.54051,6.03481,7.06263,8.29654,10.4543,8.15972,8.15972,1.0,1.0,1
90440,31.05.2024 08:03:57.230000,298.114,327.035,10.5632,10.554,10.518,77.8883,2.08393,2.17489,17.0008,15.5643,611.12,611.435,4.79494,5.3188,7.15653,8.2336,10.4543,7.52314,7.52314,1.0,1.0,1
90441,31.05.2024 08:03:57.240000,302.811,330.414,10.5951,10.549,10.544,79.7136,2.07107,2.16887,19.2438,15.9366,611.165,611.535,4.88433,5.11716,7.23592,8.20399,10.4551,7.52314,7.52314,1.0,1.0,1
90442,31.05.2024 08:03:57.250000,302.811,325.799,10.5951,10.597,10.556,79.7136,2.06001,2.17074,19.2438,15.9366,611.165,611.535,4.88433,5.11716,7.23592,8.20399,10.4562,7.95718,7.95718,1.0,1.0,1
90443,31.05.2024 08:03:57.260000,302.811,329.507,10.6348,10.588,10.556,80.3712,2.05689,2.17132,16.6786,11.7026,611.19,611.65,4.91433,5.05959,7.33085,8.16599,10.4573,7.95718,7.95718,1.0,1.0,1
90444,31.05.2024 08:03:57.270000,300.421,329.507,10.6348,10.588,10.566,80.967,2.05302,2.16832,16.5944,13.3823,611.23,611.725,5.02893,5.223,7.28891,8.04059,10.4573,7.96441,7.96441,1.0,1.0,1
90445,31.05.2024 08:03:57.280000,299.432,327.942,10.6502,10.589,10.586,80.967,2.04035,2.17335,16.5944,13.3823,611.23,611.725,5.02893,5.223,7.28891,8.04059,10.4572,7.96441,7.96441,1.0,1.0,1
90446,31.05.2024 08:03:57.290000,299.432,327.942,10.6682,10.589,10.586,81.4455,2.04431,2.17542,16.8405,15.6645,611.285,611.79,5.17909,5.25545,7.48519,8.01943,10.4575,7.96441,7.96441,1.0,1.0,1
90447,31.05.2024 08:03:57.300000,306.106,307.013,10.6682,10.662,10.589,81.4455,2.04016,2.16724,14.5775,13.913,611.315,611.82,5.38369,5.10491,7.59139,7.89582,10.4575,8.02229,8.02229,1.0,1.0,1
90448,31.05.2024 08:03:57.310000,287.649,291.028,10.681,10.661,10.612,81.7748,2.03783,2.16238,14.5775,13.913,611.315,611.82,5.38369,5.10491,7.59139,7.89582,10.4588,8.02229,8.02229,1.0,1.0,1
90449,31.05.2024 08:03:57.320000,287.649,291.028,10.7072,10.661,10.612,82.0164,2.02615,2.15783,15.4011,11.7157,611.325,611.895,5.51508,4.97184,7.68551,7.83221,10.4588,7.57378,7.57378,1.0,1.0,1
90450,31.05.2024 08:03:57.330000,264.661,265.402,10.7072,10.624,10.668,82.0164,2.02255,2.1547,15.4011,11.7157,611.325,611.895,5.51508,4.97184,7.68551,7.83221,10.4593,7.57378,7.57378,1.0,1.0,1
90451,31.05.2024 08:03:57.340000,264.661,245.792,10.7291,10.64,10.668,82.2201,2.01609,2.15143,13.96,14.3194,611.385,611.99,5.49449,4.62903,7.89097,7.86402,10.4598,7.57378,7.57378,1.0,1.0,1
90452,31.05.2024 08:03:57.350000,237.469,245.792,10.7291,10.64,10.653,82.3839,2.01088,2.14985,12.8539,14.1905,611.45,612.09,5.68197,4.73288,7.92381,7.77604,10.4598,7.37847,7.37847,1.0,1.0,1
90453,31.05.2024 08:03:57.360000,237.469,245.792,10.7291,10.64,10.653,82.3839,2.01088,2.14985,12.8539,14.1905,611.45,612.09,5.68197,4.73288,7.92381,7.77604,10.4598,7.37847,7.37847,1.0,1.0,1
90454,31.05.2024 08:03:57.370000,194.952,219.012,10.7299,10.649,10.708,82.3839,2.00973,2.14355,12.2322,10.6375,611.51,612.17,5.95259,4.84775,8.07095,7.78039,10.4608,7.3423,7.3423,1.0,1.0,1
90455,31.05.2024 08:03:57.380000,194.952,219.012,10.7299,10.649,10.708,82.3839,2.00973,2.14355,12.2322,10.6375,611.51,612.17,5.95259,4.84775,8.07095,7.78039,10.4608,7.3423,7.3423,1.0,1.0,1
90456,31.05.2024 08:03:57.390000,196.6,216.788,10.7355,10.654,10.693,82.5054,2.01713,2.13437,12.3296,8.91146,611.525,612.225,6.36104,5.14964,8.04098,7.74322,10.4617,7.08189,7.08189,1.0,1.0,1
90457,31.05.2024 08:03:57.400000,174.435,170.81,10.7969,10.687,10.692,82.6235,2.05053,2.14522,13.4568,10.8569,611.555,612.295,6.48242,5.09193,7.89766,7.62719,10.4626,7.37123,7.37123,1.0,1.0,1
90458,31.05.2024 08:03:57.410000,154.413,170.892,10.7969,10.653,10.724,82.6235,2.06188,2.14788,13.4568,10.8569,611.555,612.295,6.48242,5.09193,7.89766,7.62719,10.4633,7.07465,7.07465,1.0,1.0,1
90459,31.05.2024 08:03:57.420000,154.413,132.907,10.7748,10.686,10.724,82.7025,2.07332,2.14649,14.7711,11.4577,611.56,612.34,6.50912,5.21352,8.17937,7.66075,10.4645,7.07465,7.07465,1.0,1.0,1
90460,31.05.2024 08:03:57.430000,128.54,132.907,10.7748,10.686,10.751,82.7343,2.07201,2.14679,16.8195,11.6232,611.585,612.405,6.30279,5.13024,8.25013,7.67535,10.4645,7.66059,7.66059,1.0,1.0,1
90461,31.05.2024 08:03:57.440000,109.506,104.48,10.7893,10.772,10.746,82.7343,2.06289,2.14742,16.8195,11.6232,611.585,612.405,6.30279,5.13024,8.25013,7.67535,10.4655,7.66059,7.66059,1.0,1.0,1
90462,31.05.2024 08:03:57.450000,109.506,104.48,10.8108,10.772,10.746,82.7526,2.03435,2.14292,16.9821,12.6372,611.625,612.48,5.96965,5.05129,8.18664,7.63899,10.4671,7.77633,7.77633,1.0,1.0,1
90463,31.05.2024 08:03:57.460000,108.929,104.562,10.8108,10.697,10.733,82.7526,2.01451,2.14113,13.7749,10.9902,611.675,612.58,5.83648,5.17542,8.27432,7.54695,10.4671,7.64612,7.64612,1.0,1.0,1
90464,31.05.2024 08:03:57.470000,105.551,105.057,10.8091,10.681,10.728,82.7621,2.00189,2.1392,13.7749,10.9902,611.675,612.58,5.83648,5.17542,8.27432,7.54695,10.4688,7.64612,7.64612,1.0,1.0,1
90465,31.05.2024 08:03:57.480000,105.551,105.057,10.7734,10.681,10.728,82.7859,1.99611,2.13569,13.5467,14.4374,611.755,612.645,5.62745,5.25476,8.22157,7.67899,10.4688,8.12355,8.12355,1.0,1.0,1
90466,31.05.2024 08:03:57.490000,87.5885,66.0827,10.7734,10.689,10.731,82.7859,2.00671,2.13638,13.5467,14.4374,611.755,612.645,5.62745,5.25476,8.22157,7.67899,10.4696,7.92824,7.92824,1.0,1.0,1
90467,31.05.2024 08:03:57.500000,87.5885,66.0827,10.7734,10.689,10.731,82.7859,2.00671,2.13638,13.5467,14.4374,611.755,612.645,5.62745,5.25476,8.22157,7.67899,10.4696,7.92824,7.92824,1.0,1.0,1
90468,31.05.2024 08:03:57.510000,87.5885,36.2549,10.7714,10.736,10.731,82.81,2.02767,2.1351,12.8354,11.8078,611.8,612.685,5.55552,5.29628,7.95174,7.80793,10.4709,7.97888,7.97888,1.0,1.0,1
90469,31.05.2024 08:03:57.520000,87.5885,36.2549,10.7714,10.736,10.731,82.81,2.02767,2.1351,12.8354,11.8078,611.8,612.685,5.55552,5.29628,7.95174,7.80793,10.4709,7.97888,7.97888,1.0,1.0,1
90470,31.05.2024 08:03:57.530000,-8.73413,-25.708,10.7979,10.726,10.792,82.8297,2.09143,2.14004,14.2733,11.6252,611.845,612.735,5.46569,5.11229,7.8178,7.79093,10.4715,7.97888,7.97888,1.0,1.0,1
90471,31.05.2024 08:03:57.540000,-8.73413,-25.708,10.7979,10.726,10.792,82.8297,2.09143,2.14004,14.2733,11.6252,611.845,612.735,5.46569,5.11229,7.8178,7.79093,10.4715,7.97888,7.97888,1.0,1.0,1
90472,31.05.2024 08:03:57.550000,-3.37829,-93.1091,10.7802,10.733,10.753,82.8319,2.11023,2.13919,17.3692,12.2691,611.895,612.87,4.92611,4.97625,7.5271,7.92701,10.4732,8.47801,8.47801,1.0,1.0,1
90473,31.05.2024 08:03:57.560000,-6.17981,-85.0342,10.7546,10.693,10.746,82.8511,2.07198,2.14082,18.2865,11.4895,611.96,612.925,4.45869,4.61298,7.53671,7.99849,10.4744,8.66608,8.66608,1.0,1.0,1
90474,31.05.2024 08:03:57.570000,-39.0564,-93.0267,10.7546,10.658,10.742,82.8511,2.04955,2.14102,18.2865,11.4895,611.96,612.925,4.45869,4.61298,7.53671,7.99849,10.4761,8.66608,8.66608,1.0,1.0,1
90475,31.05.2024 08:03:57.580000,-39.0564,-100.195,10.76,10.69,10.742,82.8494,2.032,2.13957,15.6977,11.6231,611.975,613.015,4.1661,4.34135,7.3652,8.02565,10.4764,8.66608,8.66608,1.0,1.0,1
90476,31.05.2024 08:03:57.590000,-50.9216,-100.195,10.76,10.69,10.674,82.8313,2.01868,2.1376,13.5427,11.3679,612.025,613.08,3.79001,4.38728,7.2163,8.07007,10.4764,9.18692,9.18692,1.0,1.0,1
90477,31.05.2024 08:03:57.600000,-63.2812,-102.667,10.7354,10.656,10.681,82.8313,2.0132,2.13246,13.5427,11.3679,612.025,613.08,3.79001,4.38728,7.2163,8.07007,10.4775,9.18692,9.18692,1.0,1.0,1
90478,31.05.2024 08:03:57.610000,-63.2812,-102.667,10.7216,10.656,10.681,82.8199,2.02229,2.1259,12.9408,10.2061,612.065,613.11,3.55104,4.22562,7.05425,8.0193,10.4789,9.12905,9.12905,1.0,1.0,1
90479,31.05.2024 08:03:57.620000,-63.2812,-102.667,10.7216,10.656,10.681,82.8199,2.02229,2.1259,12.9408,10.2061,612.065,613.11,3.55104,4.22562,7.05425,8.0193,10.4789,9.12905,9.12905,1.0,1.0,1
90480,31.05.2024 08:03:57.630000,-52.9816,-109.918,10.7216,10.675,10.63,82.8199,2.03378,2.12576,12.7409,10.2389,612.11,613.18,3.27586,3.7769,6.90732,8.06672,10.4789,9.12905,9.12905,1.0,1.0,1
90481,31.05.2024 08:03:57.640000,-52.9816,-109.918,10.7216,10.675,10.63,82.8199,2.03378,2.12576,12.7409,10.2389,612.11,613.18,3.27586,3.7769,6.90732,8.06672,10.4789,9.12905,9.12905,1.0,1.0,1
90482,31.05.2024 08:03:57.650000,-91.6259,-109.424,10.709,10.591,10.636,82.8514,2.06438,2.12401,14.2256,11.9022,612.135,613.28,2.98066,3.50148,6.57007,8.0382,10.4796,9.24478,9.24478,1.0,1.0,1
90483,31.05.2024 08:03:57.660000,-91.6259,-109.424,10.709,10.591,10.636,82.8514,2.06438,2.12401,14.2256,11.9022,612.135,613.28,2.98066,3.50148,6.57007,8.0382,10.4796,9.24478,9.24478,1.0,1.0,1
90484,31.05.2024 08:03:57.670000,-109.424,-171.799,10.6731,10.616,10.646,82.9028,2.05859,2.12091,15.2084,11.3733,612.18,613.35,2.69417,3.58124,6.31546,7.91162,10.4816,9.24478,9.24478,1.0,1.0,1
90485,31.05.2024 08:03:57.680000,-104.81,-179.214,10.6667,10.612,10.566,82.9173,2.01179,2.12124,13.7278,9.95124,612.205,613.41,2.47685,3.48096,6.2745,7.90697,10.4825,9.24478,9.24478,1.0,1.0,1
90486,31.05.2024 08:03:57.690000,-104.81,-179.214,10.6667,10.612,10.566,82.9173,2.01179,2.12124,13.7278,9.95124,612.205,613.41,2.47685,3.48096,6.2745,7.90697,10.4825,9.24478,9.24478,1.0,1.0,1
90487,31.05.2024 08:03:57.700000,-104.81,-179.214,10.6874,10.612,10.566,82.9082,2.00176,2.12127,13.7697,10.1936,612.255,613.475,2.31782,3.41473,6.21553,7.94781,10.484,9.36053,9.36053,1.0,1.0,1
90488,31.05.2024 08:03:57.710000,-104.81,-179.214,10.6874,10.612,10.566,82.9082,2.00176,2.12127,13.7697,10.1936,612.255,613.475,2.31782,3.41473,6.21553,7.94781,10.484,9.36053,9.36053,1.0,1.0,1
90489,31.05.2024 08:03:57.720000,-143.454,-184.982,10.6685,10.576,10.589,82.9103,2.01467,2.12016,11.3767,11.1657,612.275,613.515,2.16726,3.38646,6.08595,7.8932,10.485,9.60648,9.60648,1.0,1.0,1
90490,31.05.2024 08:03:57.730000,-143.454,-184.982,10.6685,10.576,10.589,82.9103,2.01467,2.12016,11.3767,11.1657,612.275,613.515,2.16726,3.38646,6.08595,7.8932,10.485,9.60648,9.60648,1.0,1.0,1
90491,31.05.2024 08:03:57.740000,-150.54,-193.057,10.6125,10.612,10.571,82.8965,2.08155,2.12248,13.7829,10.3312,612.295,613.615,1.83136,3.00968,5.71932,7.83516,10.4858,9.64265,9.64265,1.0,1.0,1
90492,31.05.2024 08:03:57.750000,-156.226,-189.185,10.6034,10.621,10.55,82.9179,2.12078,2.12508,13.7179,9.67272,612.315,613.67,1.53806,2.97952,5.61492,7.83555,10.4865,9.54862,9.54862,1.0,1.0,1
90493,31.05.2024 08:03:57.760000,-169.739,-197.754,10.6275,10.59,10.549,82.9179,2.13033,2.12828,13.7179,9.67272,612.315,613.67,1.53806,2.97952,5.61492,7.83555,10.4874,9.54862,9.54862,1.0,1.0,1
90494,31.05.2024 08:03:57.770000,-169.739,-197.754,10.6275,10.59,10.549,82.9179,2.13033,2.12828,13.7179,9.67272,612.315,613.67,1.53806,2.97952,5.61492,7.83555,10.4874,9.54862,9.54862,1.0,1.0,1
90495,31.05.2024 08:03:57.780000,-169.739,-197.754,10.6027,10.59,10.549,82.9454,2.13017,2.12933,17.9618,11.822,612.33,613.715,1.33451,2.87607,5.59732,7.87403,10.4885,9.54862,9.54862,1.0,1.0,1
90496,31.05.2024 08:03:57.790000,-169.739,-197.754,10.6027,10.59,10.549,82.9454,2.13017,2.12933,17.9618,11.822,612.33,613.715,1.33451,2.87607,5.59732,7.87403,10.4885,9.54862,9.54862,1.0,1.0,1
90497,31.05.2024 08:03:57.800000,-169.327,-195.859,10.5712,10.626,10.518,82.9518,2.10878,2.13447,17.2129,12.9262,612.35,613.74,1.23333,2.71705,5.31871,7.86193,10.4887,9.83796,9.83796,1.0,1.0,1
90498,31.05.2024 08:03:57.810000,-170.975,-201.627,10.5858,10.594,10.522,82.9304,2.09037,2.13277,15.9238,13.2073,612.365,613.82,0.95797,2.49782,4.94188,7.91635,10.4897,10.055,10.055,1.0,1.0,1
90499,31.05.2024 08:03:57.820000,-170.975,-195.694,10.5992,10.569,10.522,82.9081,2.09306,2.13039,15.9238,13.2073,612.365,613.82,0.95797,2.49782,4.94188,7.91635,10.4903,10.055,10.055,1.0,1.0,1
90500,31.05.2024 08:03:57.830000,-166.772,-195.694,10.5992,10.569,10.527,82.9157,2.09706,2.12965,14.5261,11.8027,612.38,613.85,0.763623,2.33961,4.81972,7.98023,10.4903,10.2792,10.2792,0.0,1.0,1
90501,31.05.2024 08:03:57.840000,-166.772,-195.694,10.5992,10.569,10.527,82.9157,2.09706,2.12965,14.5261,11.8027,612.38,613.85,0.763623,2.33961,4.81972,7.98023,10.4903,10.2792,10.2792,0.0,1.0,1
90502,31.05.2024 08:03:57.850000,-175.507,-198.248,10.5804,10.501,10.552,82.9157,2.10229,2.13219,15.0873,11.0986,612.39,613.89,0.697194,2.20765,4.62968,7.93626,10.4911,10.3805,10.3805,0.0,1.0,1
90503,31.05.2024 08:03:57.860000,-175.507,-198.248,10.5804,10.501,10.552,82.9157,2.10229,2.13219,15.0873,11.0986,612.39,613.89,0.697194,2.20765,4.62968,7.93626,10.4911,10.3805,10.3805,0.0,1.0,1
90504,31.05.2024 08:03:57.870000,-171.799,-194.046,10.564,10.493,10.561,82.9326,2.10385,2.13496,15.8795,11.3353,612.39,613.93,0.690911,2.16031,4.59924,7.8838,10.492,10.3805,10.3805,0.0,1.0,1
90505,31.05.2024 08:03:57.880000,-171.799,-194.046,10.564,10.493,10.561,82.9326,2.10385,2.13496,15.8795,11.3353,612.39,613.93,0.690911,2.16031,4.59924,7.8838,10.492,10.3805,10.3805,0.0,1.0,1
90506,31.05.2024 08:03:57.890000,-176.248,-195.612,10.5948,10.568,10.509,82.9342,2.0734,2.12904,13.9795,11.0028,612.41,613.955,0.567525,2.05297,4.3783,7.91467,10.4926,10.3443,10.3443,0.0,1.0,1
90507,31.05.2024 08:03:57.900000,-176.248,-195.612,10.5948,10.568,10.509,82.9342,2.0734,2.12904,13.9795,11.0028,612.41,613.955,0.567525,2.05297,4.3783,7.91467,10.4926,10.3443,10.3443,0.0,1.0,1
90508,31.05.2024 08:03:57.910000,-175.671,-196.765,10.5886,10.518,10.486,82.9189,2.05967,2.13109,13.1505,11.8883,612.415,613.985,0.579717,2.07327,4.34893,7.93725,10.4943,10.6265,10.6265,0.0,1.0,1
90509,31.05.2024 08:03:57.920000,-175.671,-196.765,10.5886,10.518,10.486,82.9189,2.05967,2.13109,13.1505,11.8883,612.415,613.985,0.579717,2.07327,4.34893,7.93725,10.4943,10.6265,10.6265,0.0,1.0,1
90510,31.05.2024 08:03:57.930000,-171.387,-194.458,10.5712,10.521,10.505,82.9647,2.08099,2.129,10.6604,11.1392,612.425,613.99,0.58801,2.03319,4.20891,7.95267,10.4957,10.6265,10.6265,0.0,1.0,1
90511,31.05.2024 08:03:57.940000,-174.023,-193.634,10.5988,10.538,10.546,82.9679,2.11128,2.13006,13.7327,11.8088,612.445,614.05,0.515603,1.76119,4.02344,8.11461,10.4965,11.1907,11.1907,0.0,1.0,1
90512,31.05.2024 08:03:57.950000,-174.023,-193.634,10.5988,10.538,10.546,82.9679,2.11128,2.13006,13.7327,11.8088,612.445,614.05,0.515603,1.76119,4.02344,8.11461,10.4965,11.1907,11.1907,0.0,1.0,1
90513,31.05.2024 08:03:57.960000,-163.477,-192.151,10.6005,10.473,10.535,82.9361,2.125,2.13383,13.8932,10.7169,612.445,614.045,0.594781,1.76025,4.06609,8.2012,10.4969,11.1907,11.1907,0.0,1.0,1
90514,31.05.2024 08:03:57.970000,-171.799,-199.814,10.5871,10.446,10.535,82.9074,2.13268,2.14537,13.8932,10.7169,612.445,614.045,0.594781,1.76025,4.06609,8.2012,10.4981,11.1979,11.1979,0.0,1.0,1
90515,31.05.2024 08:03:57.980000,-171.799,-191.327,10.6095,10.494,10.535,82.9226,2.12309,2.14341,15.7756,15.4538,612.455,614.06,0.592065,1.69715,3.92533,8.16442,10.4982,11.1979,11.1979,0.0,1.0,1
90516,31.05.2024 08:03:57.990000,-171.057,-191.327,10.6095,10.494,10.551,82.9091,2.10636,2.1427,14.0161,12.2809,612.455,614.065,0.647736,1.43916,3.83692,8.06945,10.4982,11.1979,11.1979,0.0,1.0,1
90517,31.05.2024 08:03:58.000000,-171.799,-195.117,10.615,10.592,10.567,82.9091,2.09141,2.14312,14.0161,12.2809,612.455,614.065,0.647736,1.43916,3.83692,8.06945,10.499,11.1979,11.1979,0.0,1.0,1
90518,31.05.2024 08:03:58.010000,-171.799,-195.117,10.5979,10.592,10.567,82.8367,2.07958,2.1452,11.9725,11.7516,612.455,614.095,0.637597,1.36629,3.92916,8.15815,10.4999,11.3571,11.3571,0.0,1.0,1
90519,31.05.2024 08:03:58.020000,-165.866,-189.185,10.5979,10.562,10.615,82.8367,2.08545,2.1439,13.8435,12.8235,612.455,614.1,0.708623,1.35966,3.80481,8.10461,10.4999,11.7043,11.7043,0.0,1.0,1
90520,31.05.2024 08:03:58.030000,-165.866,-189.185,10.5979,10.562,10.615,82.8367,2.08545,2.1439,13.8435,12.8235,612.455,614.1,0.708623,1.35966,3.80481,8.10461,10.4999,11.7043,11.7043,0.0,1.0,1
90521,31.05.2024 08:03:58.040000,-175.424,-192.975,10.6077,10.554,10.609,82.8434,2.10071,2.14017,13.5615,10.7615,612.46,614.1,0.624596,1.25734,3.89803,8.22797,10.5005,12.1528,12.1528,0.0,1.0,1
90522,31.05.2024 08:03:58.050000,-171.881,-200.226,10.6281,10.564,10.642,82.9065,2.164,2.13272,13.5615,10.7615,612.46,614.1,0.624596,1.25734,3.89803,8.22797,10.5013,12.9051,12.9051,0.0,1.0,1
90523,31.05.2024 08:03:58.060000,-171.881,-200.226,10.6281,10.564,10.642,82.9065,2.164,2.13272,13.5615,10.7615,612.46,614.1,0.624596,1.25734,3.89803,8.22797,10.5013,12.9051,12.9051,0.0,1.0,1
90524,31.05.2024 08:03:58.070000,-172.54,-193.716,10.6387,10.546,10.62,82.9181,2.18014,2.13449,14.9933,9.34428,612.46,614.1,0.589738,1.2197,3.73935,8.31596,10.502,12.2323,12.2323,0.0,1.0,1
90525,31.05.2024 08:03:58.080000,-172.54,-193.716,10.6387,10.546,10.62,82.9181,2.18014,2.13449,14.9933,9.34428,612.46,614.1,0.589738,1.2197,3.73935,8.31596,10.502,12.2323,12.2323,0.0,1.0,1
90526,31.05.2024 08:03:58.090000,-169.904,-205.994,10.634,10.597,10.6,82.9182,2.17785,2.14289,16.6615,12.2828,612.465,614.105,0.570783,1.21002,3.52866,8.46434,10.5025,12.2179,12.2179,0.0,1.0,1
90527,31.05.2024 08:03:58.100000,-168.091,-189.514,10.6279,10.483,10.578,82.9233,2.12764,2.14232,13.5521,9.64379,612.46,614.115,0.56434,1.07778,3.5573,8.65361,10.5035,12.9557,12.9557,0.0,1.0,1
90528,31.05.2024 08:03:58.110000,-173.941,-197.095,10.6507,10.552,10.584,82.9347,2.10384,2.14172,13.5521,9.64379,612.46,614.115,0.56434,1.07778,3.5573,8.65361,10.5035,12.9557,12.9557,0.0,1.0,1
90529,31.05.2024 08:03:58.120000,-173.941,-197.095,10.6507,10.552,10.584,82.9347,2.10384,2.14172,13.5521,9.64379,612.46,614.115,0.56434,1.07778,3.5573,8.65361,10.5035,12.9557,12.9557,0.0,1.0,1
90530,31.05.2024 08:03:58.130000,-173.941,-197.095,10.6602,10.552,10.584,82.9066,2.07063,2.1414,10.8768,10.3883,612.46,614.125,0.518414,1.08702,3.49451,8.69954,10.5035,13.3102,13.3102,0.0,1.0,1
90531,31.05.2024 08:03:58.140000,-175.919,-199.731,10.6581,10.54,10.613,82.9031,2.08315,2.13907,10.0351,13.5069,612.46,614.11,0.543946,1.17423,3.54819,8.71157,10.5054,13.3102,13.3102,0.0,1.0,1
90532,31.05.2024 08:03:58.150000,-175.919,-199.731,10.6581,10.54,10.613,82.9031,2.08315,2.13907,10.0351,13.5069,612.46,614.11,0.543946,1.17423,3.54819,8.71157,10.5054,13.3102,13.3102,0.0,1.0,1
90533,31.05.2024 08:03:58.160000,-168.008,-199.731,10.6581,10.54,10.594,82.9379,2.09616,2.13498,10.175,12.3141,612.465,614.1,0.580621,1.11849,3.44649,8.69087,10.5054,13.3608,13.3608,0.0,1.0,1
90534,31.05.2024 08:03:58.170000,-171.469,-184.735,10.6921,10.604,10.627,82.9842,2.13445,2.1335,12.1417,9.50929,612.46,614.12,0.632863,1.05987,3.44722,8.74335,10.508,13.5489,13.5489,0.0,1.0,1
90535,31.05.2024 08:03:58.180000,-171.469,-184.735,10.6921,10.604,10.627,82.9842,2.13445,2.1335,12.1417,9.50929,612.46,614.12,0.632863,1.05987,3.44722,8.74335,10.508,13.5489,13.5489,0.0,1.0,1
90536,31.05.2024 08:03:58.190000,-173.199,-198.331,10.6921,10.569,10.631,82.9842,2.13651,2.13419,12.7172,10.5262,612.47,614.09,0.536466,1.11595,3.46519,8.8239,10.508,14.171,14.171,0.0,1.0,1
90537,31.05.2024 08:03:58.200000,-167.679,-189.267,10.6538,10.544,10.643,82.9146,2.10254,2.13035,12.417,13.2178,612.47,614.1,0.585912,0.998899,3.33803,8.82342,10.508,14.171,14.171,0.0,1.0,1
90538,31.05.2024 08:03:58.210000,-173.694,-197.589,10.6538,10.54,10.666,82.9146,2.08313,2.12922,12.417,13.2178,612.47,614.1,0.585912,0.998899,3.33803,8.82342,10.5098,15.2054,15.2054,0.0,1.0,1
90539,31.05.2024 08:03:58.220000,-173.694,-193.964,10.6788,10.613,10.666,82.9818,2.071,2.13078,11.7245,10.9411,612.47,614.09,0.623681,0.947633,3.27081,8.84252,10.5096,15.2054,15.2054,0.0,1.0,1
90540,31.05.2024 08:03:58.230000,-170.645,-193.964,10.6788,10.613,10.655,82.9359,2.06687,2.1347,10.4255,11.8409,612.47,614.09,0.682488,0.987325,3.27027,8.93635,10.5096,15.6178,15.6178,0.0,1.0,1
90541,31.05.2024 08:03:58.240000,-165.536,-194.458,10.6847,10.65,10.642,82.9359,2.07565,2.13813,10.4255,11.8409,612.47,614.09,0.682488,0.987325,3.27027,8.93635,10.5118,15.6178,15.6178,0.0,1.0,1
90542,31.05.2024 08:03:58.250000,-165.536,-194.458,10.6687,10.65,10.642,82.9456,2.12238,2.14041,9.15282,12.8837,612.46,614.075,0.722012,0.846082,3.21969,9.00111,10.5112,15.6178,15.6178,0.0,1.0,1
90543,31.05.2024 08:03:58.260000,-165.536,-194.458,10.6687,10.65,10.642,82.9456,2.12238,2.14041,9.15282,12.8837,612.46,614.075,0.722012,0.846082,3.21969,9.00111,10.5112,15.6178,15.6178,0.0,1.0,1
90544,31.05.2024 08:03:58.270000,-173.364,-195.694,10.6687,10.63,10.629,82.9456,2.15371,2.14144,11.6228,11.0179,612.465,614.075,0.756398,0.945169,3.19928,9.0275,10.5112,16.6016,16.6016,0.0,1.0,1
90545,31.05.2024 08:03:58.280000,-173.364,-195.694,10.6687,10.63,10.629,82.9456,2.15371,2.14144,11.6228,11.0179,612.465,614.075,0.756398,0.945169,3.19928,9.0275,10.5112,16.6016,16.6016,0.0,1.0,1
90546,31.05.2024 08:03:58.290000,-176.331,-194.705,10.6769,10.643,10.713,82.9183,2.21839,2.15551,14.1454,7.67562,612.46,614.05,0.755711,0.948896,3.27113,9.06893,10.5124,16.6016,16.6016,0.0,1.0,1
90547,31.05.2024 08:03:58.300000,-176.331,-194.705,10.6769,10.643,10.713,82.9183,2.21839,2.15551,14.1454,7.67562,612.46,614.05,0.755711,0.948896,3.27113,9.06893,10.5124,16.6016,16.6016,0.0,1.0,1
90548,31.05.2024 08:03:58.310000,-165.372,-197.177,10.6869,10.636,10.691,82.885,2.21398,2.15977,14.9145,9.61183,612.47,614.04,0.89475,0.892591,3.2565,9.03101,10.5137,16.6016,16.6016,0.0,1.0,1
90549,31.05.2024 08:03:58.320000,-168.091,-199.567,10.6849,10.623,10.584,82.8922,2.15397,2.16258,15.3016,15.1915,612.46,614.04,0.828034,0.809354,3.26134,8.96906,10.5147,16.1748,16.1748,0.0,1.0,1
90550,31.05.2024 08:03:58.330000,-168.091,-199.567,10.6864,10.623,10.584,82.8777,2.13542,2.16296,13.0272,11.5828,612.46,614.05,0.902421,0.853048,3.19057,8.87939,10.5157,16.4279,16.4279,0.0,1.0,1
90551,31.05.2024 08:03:58.340000,-168.091,-199.567,10.6864,10.623,10.584,82.8777,2.13542,2.16296,13.0272,11.5828,612.46,614.05,0.902421,0.853048,3.19057,8.87939,10.5157,16.4279,16.4279,0.0,1.0,1
90552,31.05.2024 08:03:58.350000,-176.083,-195.612,10.6864,10.636,10.61,82.8777,2.12478,2.16253,11.3655,13.4308,612.46,614.035,1.00023,0.997144,3.13265,8.75317,10.5157,16.9705,16.9705,0.0,1.0,1
90553,31.05.2024 08:03:58.360000,-173.859,-189.102,10.6937,10.586,10.643,82.9075,2.14653,2.15592,12.8643,13.8866,612.465,614.005,1.01487,1.03303,3.13072,8.72397,10.517,17.4117,17.4117,0.0,1.0,1
90554,31.05.2024 08:03:58.370000,-171.881,-193.057,10.6937,10.586,10.573,82.9075,2.16052,2.15483,12.8643,13.8866,612.465,614.005,1.01487,1.03303,3.13072,8.72397,10.5184,17.7011,17.7011,0.0,1.0,1
90555,31.05.2024 08:03:58.380000,-171.881,-193.057,10.6937,10.586,10.573,82.9075,2.16052,2.15483,12.8643,13.8866,612.465,614.005,1.01487,1.03303,3.13072,8.72397,10.5184,17.7011,17.7011,0.0,1.0,1
90556,31.05.2024 08:03:58.390000,-171.881,-195.941,10.6788,10.573,10.573,82.9384,2.16959,2.15448,12.9386,11.8352,612.465,613.985,1.07568,1.0075,3.10263,8.65827,10.5193,17.7011,17.7011,0.0,1.0,1
90557,31.05.2024 08:03:58.400000,-176.248,-196.847,10.7024,10.553,10.598,82.9527,2.15889,2.15754,13.0676,10.7038,612.465,613.985,1.13387,1.05564,3.02631,8.63458,10.5208,17.7011,17.7011,0.0,1.0,1
90558,31.05.2024 08:03:58.410000,-176.248,-196.847,10.6982,10.553,10.598,82.9385,2.13931,2.15557,12.7999,12.7251,612.465,613.98,1.12519,1.09512,3.01623,8.66762,10.5217,17.6505,17.6505,0.0,1.0,1
90559,31.05.2024 08:03:58.420000,-168.256,-191.409,10.6982,10.573,10.69,82.9385,2.11625,2.1517,11.5278,12.3691,612.475,613.975,1.19644,1.16516,2.97428,8.63027,10.5217,17.7156,17.7156,0.0,1.0,1
90560,31.05.2024 08:03:58.430000,-179.214,-200.803,10.6808,10.606,10.67,82.9333,2.09374,2.14674,11.5278,12.3691,612.475,613.975,1.19644,1.16516,2.97428,8.63027,10.5217,17.7156,17.7156,0.0,1.0,1
90561,31.05.2024 08:03:58.440000,-179.214,-200.803,10.6826,10.606,10.67,82.8922,2.06612,2.14197,7.6812,8.76818,612.475,613.955,1.21647,1.24135,2.95623,8.62939,10.5217,17.7156,17.7156,0.0,1.0,1
90562,31.05.2024 08:03:58.450000,-175.177,-195.282,10.6826,10.565,10.65,82.8922,2.06937,2.14234,7.6812,8.76818,612.475,613.955,1.21647,1.24135,2.95623,8.62939,10.5236,17.3249,17.3249,0.0,1.0,1
90563,31.05.2024 08:03:58.460000,-175.177,-195.282,10.6826,10.565,10.65,82.8922,2.06937,2.14234,7.6812,8.76818,612.475,613.955,1.21647,1.24135,2.95623,8.62939,10.5236,17.3249,17.3249,0.0,1.0,1
90564,31.05.2024 08:03:58.470000,-175.177,-195.117,10.6872,10.602,10.65,82.8837,2.08514,2.1415,6.98273,9.75611,612.47,613.935,1.27188,1.36242,3.00166,8.56553,10.5238,17.3249,17.3249,0.0,1.0,1
90565,31.05.2024 08:03:58.480000,-175.177,-195.117,10.6872,10.602,10.65,82.8837,2.08514,2.1415,6.98273,9.75611,612.47,613.935,1.27188,1.36242,3.00166,8.56553,10.5238,17.3249,17.3249,0.0,1.0,1
90566,31.05.2024 08:03:58.490000,-170.48,-191.08,10.6738,10.616,10.671,82.8955,2.17547,2.1474,7.92946,12.8252,612.47,613.915,1.32037,1.14246,2.90176,8.54307,10.525,17.3249,17.3249,0.0,1.0,1
90567,31.05.2024 08:03:58.500000,-170.48,-191.08,10.6738,10.616,10.671,82.8955,2.17547,2.1474,7.92946,12.8252,612.47,613.915,1.32037,1.14246,2.90176,8.54307,10.525,17.3249,17.3249,0.0,1.0,1
90568,31.05.2024 08:03:58.510000,-172.293,-196.518,10.6655,10.624,10.651,82.9451,2.21898,2.16309,13.233,10.8272,612.465,613.89,1.27721,1.02808,2.93713,8.6375,10.5248,17.4262,17.4262,0.0,1.0,1
90569,31.05.2024 08:03:58.520000,-171.634,-192.975,10.692,10.632,10.632,82.9347,2.19549,2.17042,14.6092,13.5292,612.45,613.89,1.37468,1.04047,2.97103,8.69334,10.5261,17.4262,17.4262,0.0,1.0,1
90570,31.05.2024 08:03:58.530000,-172.375,-195.117,10.692,10.623,10.665,82.9347,2.17173,2.17146,14.6092,13.5292,612.45,613.89,1.37468,1.04047,2.97103,8.69334,10.527,17.0645,17.0645,0.0,1.0,1
90571,31.05.2024 08:03:58.540000,-172.375,-194.211,10.6834,10.602,10.665,82.9308,2.14639,2.17179,11.6999,12.3026,612.47,613.88,1.41068,1.14547,2.88312,8.76937,10.5276,17.0645,17.0645,0.0,1.0,1
90572,31.05.2024 08:03:58.550000,-172.54,-194.211,10.6834,10.602,10.658,82.8936,2.12332,2.17244,11.6014,11.9642,612.47,613.83,1.47115,1.19676,2.89764,8.69818,10.5276,16.522,16.522,0.0,1.0,1
90573,31.05.2024 08:03:58.560000,-166.937,-195.859,10.6634,10.584,10.662,82.8936,2.11202,2.17155,11.6014,11.9642,612.47,613.83,1.47115,1.19676,2.89764,8.69818,10.5287,16.522,16.522,0.0,1.0,1
90574,31.05.2024 08:03:58.570000,-166.937,-195.859,10.6738,10.584,10.662,82.8964,2.12664,2.16301,9.63334,14.4214,612.47,613.82,1.5187,0.861356,2.90232,8.69178,10.5294,16.5003,16.5003,0.0,1.0,1
90575,31.05.2024 08:03:58.580000,-166.937,-195.859,10.6738,10.584,10.662,82.8964,2.12664,2.16301,9.63334,14.4214,612.47,613.82,1.5187,0.861356,2.90232,8.69178,10.5294,16.5003,16.5003,0.0,1.0,1
90576,31.05.2024 08:03:58.590000,-171.139,-198.413,10.6738,10.661,10.613,82.8964,2.14761,2.16008,10.275,12.1313,612.47,613.83,1.63138,0.865842,2.9357,8.58126,10.5294,16.5003,16.5003,0.0,1.0,1
90577,31.05.2024 08:03:58.600000,-171.139,-198.413,10.6738,10.661,10.613,82.8964,2.14761,2.16008,10.275,12.1313,612.47,613.83,1.63138,0.865842,2.9357,8.58126,10.5294,16.5003,16.5003,0.0,1.0,1
90578,31.05.2024 08:03:58.610000,-172.952,-198.825,10.6762,10.638,10.615,82.8456,2.231,2.16365,13.7172,11.0115,612.485,613.82,1.73368,0.972948,3.06087,8.61414,10.5306,16.4931,16.4931,0.0,1.0,1
90579,31.05.2024 08:03:58.620000,-172.952,-198.825,10.6762,10.638,10.615,82.8456,2.231,2.16365,13.7172,11.0115,612.485,613.82,1.73368,0.972948,3.06087,8.61414,10.5306,16.4931,16.4931,0.0,1.0,1
90580,31.05.2024 08:03:58.630000,-177.319,-191.739,10.6816,10.58,10.56,82.8869,2.23957,2.16328,13.5157,11.3172,612.495,613.785,1.88242,1.05212,3.00428,8.58868,10.5322,16.6305,16.6305,0.0,1.0,1
90581,31.05.2024 08:03:58.640000,-175.342,-191.656,10.6885,10.624,10.577,82.8256,2.16287,2.1627,14.1897,12.3866,612.495,613.8,1.85753,0.987146,3.01454,8.71317,10.5335,16.4497,16.4497,0.0,1.0,1
90582,31.05.2024 08:03:58.650000,-175.342,-191.656,10.6618,10.624,10.577,82.8332,2.12683,2.163,10.0133,10.6428,612.485,613.78,1.85596,1.20591,2.96946,8.72288,10.5342,16.4497,16.4497,0.0,1.0,1
90583,31.05.2024 08:03:58.660000,-175.342,-191.656,10.6618,10.624,10.577,82.8332,2.12683,2.163,10.0133,10.6428,612.485,613.78,1.85596,1.20591,2.96946,8.72288,10.5342,16.4497,16.4497,0.0,1.0,1
90584,31.05.2024 08:03:58.670000,-171.057,-196.683,10.6618,10.616,10.607,82.8332,2.10017,2.16213,8.42381,10.6085,612.49,613.76,1.83866,1.36893,2.99012,8.75886,10.5342,16.2905,16.2905,0.0,1.0,1
90585,31.05.2024 08:03:58.680000,-174.188,-201.379,10.6636,10.628,10.598,82.8623,2.08835,2.15097,6.38916,13.1165,612.5,613.75,1.81966,1.21962,2.93341,8.74479,10.534,15.7046,15.7046,0.0,1.0,1
90586,31.05.2024 08:03:58.690000,-171.469,-190.091,10.6636,10.658,10.652,82.8623,2.10662,2.15176,6.38916,13.1165,612.5,613.75,1.81966,1.21962,2.93341,8.74479,10.5364,15.6829,15.6829,0.0,1.0,1
90587,31.05.2024 08:03:58.700000,-171.469,-200.72,10.6715,10.602,10.652,82.9037,2.1338,2.15406,7.21722,9.55364,612.49,613.725,1.85843,1.25898,2.82297,8.64629,10.5359,15.6829,15.6829,0.0,1.0,1
90588,31.05.2024 08:03:58.710000,-173.447,-200.72,10.6715,10.602,10.668,82.9804,2.16237,2.15575,9.5167,11.5924,612.485,613.72,1.79118,1.26133,2.75365,8.68602,10.5359,15.6829,15.6829,0.0,1.0,1
90589,31.05.2024 08:03:58.720000,-164.3,-190.503,10.657,10.616,10.613,82.9804,2.18906,2.15875,9.5167,11.5924,612.485,613.72,1.79118,1.26133,2.75365,8.68602,10.5375,15.6829,15.6829,0.0,1.0,1
90590,31.05.2024 08:03:58.730000,-164.3,-190.503,10.6528,10.616,10.613,82.9858,2.21278,2.15921,12.4551,11.1935,612.485,613.685,1.81295,1.30129,2.67625,8.6521,10.5373,15.6901,15.6901,0.0,1.0,1
90591,31.05.2024 08:03:58.740000,-175.671,-194.623,10.6528,10.652,10.623,82.9858,2.20655,2.15943,12.7172,9.91971,612.485,613.695,1.72942,1.25649,2.59062,8.67785,10.5373,15.6467,15.6467,0.0,1.0,1
90592,31.05.2024 08:03:58.750000,-170.892,-196.518,10.6602,10.626,10.648,82.9238,2.18976,2.16324,12.7172,9.91971,612.485,613.695,1.72942,1.25649,2.59062,8.67785,10.5383,15.6467,15.6467,0.0,1.0,1
90593,31.05.2024 08:03:58.760000,-170.892,-196.518,10.6755,10.626,10.648,82.8451,2.15044,2.17317,12.41,10.4939,612.48,613.7,1.76401,1.30981,2.56832,8.55171,10.5383,15.6467,15.6467,0.0,1.0,1
90594,31.05.2024 08:03:58.770000,-172.046,-203.439,10.6755,10.634,10.627,82.8451,2.13802,2.17438,12.41,10.4939,612.48,613.7,1.76401,1.30981,2.56832,8.55171,10.5393,15.5454,15.5454,0.0,1.0,1
90595,31.05.2024 08:03:58.780000,-172.046,-195.612,10.6696,10.653,10.627,82.8369,2.13451,2.17216,9.94187,12.8358,612.485,613.7,1.7154,1.48562,2.46042,8.36986,10.5399,15.5454,15.5454,0.0,1.0,1
90596,31.05.2024 08:03:58.790000,-169.739,-195.612,10.6696,10.653,10.623,82.8626,2.13846,2.16955,8.54008,11.8666,612.49,613.68,1.67881,1.54833,2.47947,8.26196,10.5399,15.3501,15.3501,0.0,1.0,1
90597,31.05.2024 08:03:58.800000,-172.046,-203.027,10.6706,10.673,10.649,82.8626,2.14925,2.16968,8.54008,11.8666,612.49,613.68,1.67881,1.54833,2.47947,8.26196,10.5411,15.3501,15.3501,0.0,1.0,1
90598,31.05.2024 08:03:58.810000,-172.046,-203.027,10.6706,10.673,10.649,82.8626,2.14925,2.16968,8.54008,11.8666,612.49,613.68,1.67881,1.54833,2.47947,8.26196,10.5411,15.3501,15.3501,0.0,1.0,1
90599,31.05.2024 08:03:58.820000,-172.046,-203.027,10.6838,10.673,10.649,82.8817,2.18657,2.1707,9.27849,11.1655,612.485,613.67,1.57824,1.8016,2.47578,8.25624,10.542,15.3501,15.3501,0.0,1.0,1
