,time,Pinceur Inf Mesure de courant,Pinceur Sup Mesure de courant,Mandrin - Vitesse Actuelle,Pinceur Sup Mesure vitesse lineaire,Pinceur Inf Mesure vitesse lineaire,Mandrin - Mesure Expansion,Pinceur Nord Position entrefer estimee,Pinceur Sud Position entrefer estimee,Pinceur Nord Force entrefer calibree,Pinceur Sud Force entrefer calibree,Guides Nord Entree Position mesuree,Guides Nord Sortie Position mesuree,Guides Nord Entree Force pour regulateur PI,Guides Nord Sortie Force pour regulateur PI,Guides Sud Entree Force pour regulateur PI,Guides Sud Sortie Force pour regulateur PI,Mandrin - Vitesse Actuelle F10,_Excentrage largeur bande jauge bob,_Excentrage largeur bande jauge bob.1,TDB pinceur,Fenetre,Declancheur
82200,31.05.2024 05:41:39.010000,95.0866,92.9443,12.0026,13.265,13.153,30.9429,3.05674,3.03585,8.5655,17.2052,691.72,692.28,8.0644,6.94733,0.127709,0.827467,11.3322,77.3293,77.3293,1.0,1.0,1
82201,31.05.2024 05:41:39.020000,94.4275,92.9443,12.0026,13.265,13.194,30.9429,3.06009,3.08057,14.6884,22.3463,690.285,690.84,7.15862,4.79427,0.131825,0.869059,11.3322,77.3293,77.3293,1.0,1.0,1
82202,31.05.2024 05:41:39.030000,94.4275,92.9443,12.0026,13.265,13.194,30.9429,3.06009,3.08057,14.6884,22.3463,690.285,690.84,7.15862,4.79427,0.131825,0.869059,11.3322,77.3293,77.3293,1.0,1.0,1
82203,31.05.2024 05:41:39.040000,115.686,95.0042,12.0061,13.239,12.994,30.9208,3.05374,3.09735,14.7973,28.3972,688.98,689.64,6.23274,3.27968,0.147385,0.819685,11.3326,77.3293,77.3293,1.0,1.0,1
82204,31.05.2024 05:41:39.050000,145.019,108.6,12.012,13.126,12.961,30.9628,2.99351,3.07457,14.8594,27.5192,687.94,688.615,4.84028,2.18778,0.0379869,0.868559,11.3317,73.763,73.763,1.0,1.0,1
82205,31.05.2024 05:41:39.060000,145.019,108.6,12.012,13.126,12.961,30.9628,2.99351,3.07457,14.8594,27.5192,687.94,688.615,4.84028,2.18778,0.0379869,0.868559,11.3317,73.763,73.763,1.0,1.0,1
82206,31.05.2024 05:41:39.070000,201.215,135.049,12.0038,13.13,12.818,31.0429,2.97207,3.06333,13.1962,23.3997,687.075,687.785,3.82033,0.849883,-0.0082854,1.13793,11.3342,71.0431,71.0431,1.0,1.0,1
82207,31.05.2024 05:41:39.080000,280.81,189.185,12.006,12.974,12.81,31.0415,2.95414,2.99463,12.696,23.6626,686.255,687.075,3.29385,0.996316,0.188088,1.52292,11.3347,70.9925,70.9925,1.0,1.0,1
82208,31.05.2024 05:41:39.090000,280.81,225.687,12.0118,12.966,12.81,30.8796,2.9596,2.94443,12.696,23.6626,686.255,687.075,3.29385,0.996316,0.188088,1.52292,11.3359,70.9925,70.9925,1.0,1.0,1
82209,31.05.2024 05:41:39.100000,309.402,225.687,12.0118,12.966,12.752,30.8796,2.97097,2.90863,13.4392,20.6444,685.47,686.235,3.11736,2.53076,0.379692,1.6886,11.3359,70.9925,70.9925,1.0,1.0,1
82210,31.05.2024 05:41:39.110000,352.496,280.646,12.0172,12.922,12.709,30.9593,2.98081,2.86655,12.3382,14.8367,684.665,685.265,3.72226,4.05252,0.33881,1.37634,11.3368,64.1927,64.1927,1.0,1.0,1
82211,31.05.2024 05:41:39.120000,352.496,280.646,12.0172,12.922,12.709,30.9593,2.98081,2.86655,12.3382,14.8367,684.665,685.265,3.72226,4.05252,0.33881,1.37634,11.3368,64.1927,64.1927,1.0,1.0,1
82212,31.05.2024 05:41:39.130000,352.496,280.646,12.0065,12.922,12.709,30.9546,2.98264,2.84276,12.6485,9.91239,683.775,684.29,4.94753,6.08936,0.212731,0.854191,11.3378,59.8307,59.8307,1.0,1.0,1
82213,31.05.2024 05:41:39.140000,352.496,280.646,12.0065,12.922,12.709,30.9546,2.98264,2.84276,12.6485,9.91239,683.775,684.29,4.94753,6.08936,0.212731,0.854191,11.3378,59.8307,59.8307,1.0,1.0,1
82214,31.05.2024 05:41:39.150000,411.658,357.193,12.0034,12.813,12.604,30.933,2.96351,2.82694,14.0285,11.1468,682.75,683.145,6.79086,8.21072,0.161125,0.674456,11.3398,59.8307,59.8307,1.0,1.0,1
82215,31.05.2024 05:41:39.160000,429.62,410.916,12.0122,12.741,12.621,30.9119,2.95652,2.84808,13.0985,13.9728,681.52,681.8,8.48247,9.56262,0.106197,0.593205,11.341,51.8229,51.8229,1.0,1.0,1
82216,31.05.2024 05:41:39.170000,429.62,410.916,12.0122,12.741,12.621,30.9119,2.95652,2.84808,13.0985,13.9728,681.52,681.8,8.48247,9.56262,0.106197,0.593205,11.341,51.8229,51.8229,1.0,1.0,1
82217,31.05.2024 05:41:39.180000,429.62,454.834,12.0169,12.729,12.621,30.9834,2.96564,2.877,12.5689,13.2163,680.12,680.29,9.43026,9.63231,0.0715638,0.355606,11.342,51.4829,51.4829,1.0,1.0,1
82218,31.05.2024 05:41:39.190000,429.62,454.834,12.0169,12.729,12.621,30.9834,2.96564,2.877,12.5689,13.2163,680.12,680.29,9.43026,9.63231,0.0715638,0.355606,11.342,51.4829,51.4829,1.0,1.0,1
82219,31.05.2024 05:41:39.200000,501.141,506.744,12.0149,12.648,12.56,31.2187,2.98022,2.9084,12.3043,14.0844,678.715,678.765,9.81684,8.656,0.080021,0.185416,11.3429,48.7703,48.7703,1.0,1.0,1
82220,31.05.2024 05:41:39.210000,501.141,506.744,12.0149,12.648,12.56,31.2187,2.98022,2.9084,12.3043,14.0844,678.715,678.765,9.81684,8.656,0.080021,0.185416,11.3429,48.7703,48.7703,1.0,1.0,1
82221,31.05.2024 05:41:39.220000,530.475,532.287,12.0132,12.625,12.544,31.1736,2.98684,2.92951,14.0341,18.1003,677.44,677.345,9.71271,7.58676,0.129746,0.109774,11.3444,48.7703,48.7703,1.0,1.0,1
82222,31.05.2024 05:41:39.230000,569.943,585.104,12.0206,12.62,12.499,31.1439,2.97319,2.93122,14.5181,17.3613,676.08,675.935,9.87443,7.26497,0.287663,0.123438,11.3455,45.2908,45.2908,1.0,1.0,1
82223,31.05.2024 05:41:39.240000,579.996,603.561,12.0206,12.584,12.514,31.1439,2.96413,2.93418,13.6028,15.8647,674.64,674.49,10.3289,7.12259,0.432331,0.370404,11.3468,45.2908,45.2908,1.0,1.0,1
82224,31.05.2024 05:41:39.250000,579.996,603.561,12.0206,12.584,12.514,31.1439,2.96413,2.93418,13.6028,15.8647,674.64,674.49,10.3289,7.12259,0.432331,0.370404,11.3468,45.2908,45.2908,1.0,1.0,1
82225,31.05.2024 05:41:39.260000,579.996,652.093,12.0257,12.523,12.514,31.185,2.94867,2.93599,13.4202,17.316,673.185,673.055,11.1163,6.95742,0.385578,0.523226,11.3474,43.2075,43.2075,1.0,1.0,1
82226,31.05.2024 05:41:39.270000,579.996,652.093,12.0257,12.523,12.514,31.185,2.94867,2.93599,13.4202,17.316,673.185,673.055,11.1163,6.95742,0.385578,0.523226,11.3474,43.2075,43.2075,1.0,1.0,1
82227,31.05.2024 05:41:39.280000,614.355,688.595,12.0261,12.5,12.498,31.2003,2.93631,2.93973,12.22,18.6422,671.64,671.57,12.1809,7.54716,0.439781,0.447382,11.347,39.5833,39.5833,1.0,1.0,1
82228,31.05.2024 05:41:39.290000,636.767,717.105,12.0024,12.488,12.501,31.1471,2.92226,2.91631,13.7639,17.8049,670.03,670.005,12.4143,8.26572,0.377266,0.385432,11.3495,39.634,39.634,1.0,1.0,1
82229,31.05.2024 05:41:39.300000,653.906,714.386,12.0128,12.455,12.489,31.1471,2.91014,2.91343,13.7639,17.8049,670.03,670.005,12.4143,8.26572,0.377266,0.385432,11.3502,35.8724,35.8724,1.0,1.0,1
82230,31.05.2024 05:41:39.310000,653.906,714.386,12.021,12.455,12.489,31.1089,2.89918,2.90394,11.8582,14.676,668.355,668.375,12.197,8.56487,0.345966,0.394453,11.3502,31.8866,31.8866,1.0,1.0,1
82231,31.05.2024 05:41:39.320000,653.906,714.386,12.021,12.455,12.489,31.1089,2.89918,2.90394,11.8582,14.676,668.355,668.375,12.197,8.56487,0.345966,0.394453,11.3502,31.8866,31.8866,1.0,1.0,1
82232,31.05.2024 05:41:39.330000,658.356,712.326,12.021,12.419,12.502,31.1089,2.88143,2.89597,10.5758,16.68,666.705,666.69,11.7482,8.63241,0.298065,0.394047,11.3506,28.8267,28.8267,1.0,1.0,1
82233,31.05.2024 05:41:39.340000,671.786,703.756,12.0315,12.415,12.556,31.0701,2.86638,2.89262,10.9482,15.5754,665.015,665.01,11.4616,8.08307,0.240234,0.294747,11.3509,28.8267,28.8267,1.0,1.0,1
82234,31.05.2024 05:41:39.350000,639.404,704.416,12.0491,12.396,12.621,31.1272,2.87468,2.88938,8.6623,14.2204,663.365,663.35,10.9001,7.49617,0.180195,0.351708,11.3515,25.0651,25.0651,1.0,1.0,1
82235,31.05.2024 05:41:39.360000,639.404,704.416,12.0491,12.396,12.621,31.1272,2.87468,2.88938,8.6623,14.2204,663.365,663.35,10.9001,7.49617,0.180195,0.351708,11.3515,25.0651,25.0651,1.0,1.0,1
82236,31.05.2024 05:41:39.370000,639.404,704.416,12.0496,12.396,12.621,31.0861,2.88602,2.88835,10.8497,13.8261,661.755,661.775,10.4493,7.40762,0.073227,0.799345,11.3528,25.0651,25.0651,1.0,1.0,1
82237,31.05.2024 05:41:39.380000,639.404,704.416,12.0496,12.396,12.621,31.0861,2.88602,2.88835,10.8497,13.8261,661.755,661.775,10.4493,7.40762,0.073227,0.799345,11.3528,25.0651,25.0651,1.0,1.0,1
82238,31.05.2024 05:41:39.390000,600.513,697.412,12.0629,12.314,12.627,31.0623,2.9317,2.88489,12.5323,13.6874,660.035,660.19,10.4191,7.46578,0.130913,1.17384,11.3533,25.0651,25.0651,1.0,1.0,1
82239,31.05.2024 05:41:39.400000,600.513,697.412,12.0629,12.314,12.627,31.0623,2.9317,2.88489,12.5323,13.6874,660.035,660.19,10.4191,7.46578,0.130913,1.17384,11.3533,25.0651,25.0651,1.0,1.0,1
82240,31.05.2024 05:41:39.410000,566.07,648.385,12.0709,12.313,12.653,31.0228,2.94375,2.87774,13.3795,14.1335,658.35,658.505,10.3258,7.74099,0.18306,1.28279,11.3539,18.8585,18.8585,1.0,1.0,1
82241,31.05.2024 05:41:39.420000,546.46,628.528,12.0796,12.335,12.656,31.0697,2.9257,2.88408,12.1474,14.0117,656.67,656.82,10.1769,8.1884,0.278034,1.46738,11.3555,16.276,16.276,1.0,1.0,1
82242,31.05.2024 05:41:39.430000,508.887,596.557,12.0796,12.324,12.669,31.0697,2.91424,2.88366,12.5782,14.8663,655.01,655.21,10.0228,8.3326,0.320099,1.72291,11.3567,16.276,16.276,1.0,1.0,1
82243,31.05.2024 05:41:39.440000,508.887,596.557,12.0789,12.324,12.669,31.0242,2.90071,2.88601,12.5782,14.8663,655.01,655.21,10.0228,8.3326,0.320099,1.72291,11.357,11.0894,11.0894,1.0,1.0,1
82244,31.05.2024 05:41:39.450000,480.542,563.598,12.0789,12.274,12.635,31.0242,2.88071,2.88871,12.4799,13.4918,653.31,653.615,10.1116,8.5187,0.338516,1.86353,11.357,11.0894,11.0894,1.0,1.0,1
82245,31.05.2024 05:41:39.460000,466.452,519.269,12.0997,12.227,12.63,31.0242,2.87743,2.88687,12.4799,13.4918,653.31,653.615,10.2854,8.92091,0.363396,1.95102,11.3569,8.57928,8.57928,1.0,1.0,1
82246,31.05.2024 05:41:39.470000,466.452,519.269,12.0997,12.227,12.63,31.0242,2.87743,2.88687,12.4799,13.4918,653.31,653.615,10.2854,8.92091,0.363396,1.95102,11.3569,8.57928,8.57928,1.0,1.0,1
82247,31.05.2024 05:41:39.480000,466.452,519.269,12.1092,12.227,12.63,31.0376,2.87519,2.88661,9.94283,14.4384,651.6,651.935,10.3079,9.07944,0.261498,2.04352,11.3569,8.57928,8.57928,1.0,1.0,1
82248,31.05.2024 05:41:39.490000,425.83,467.193,12.1181,12.181,12.584,31.0264,2.87578,2.87462,11.2586,16.0548,649.935,650.23,10.3079,9.07944,0.261498,2.04352,11.3575,6.92274,6.92274,1.0,1.0,1
82249,31.05.2024 05:41:39.500000,425.83,467.193,12.1181,12.181,12.584,31.0264,2.87578,2.87462,11.2586,16.0548,649.935,650.23,10.3079,9.07944,0.261498,2.04352,11.3575,6.92274,6.92274,1.0,1.0,1
82250,31.05.2024 05:41:39.510000,396.744,467.193,12.1181,12.181,12.533,30.9218,2.8781,2.86767,11.1234,14.7353,648.315,648.63,10.4997,9.20317,0.42218,2.04747,11.3575,3.90625,3.90625,1.0,1.0,1
82251,31.05.2024 05:41:39.520000,396.744,467.193,12.1181,12.181,12.533,30.9218,2.8781,2.86767,11.1234,14.7353,648.315,648.63,10.4997,9.20317,0.42218,2.04747,11.3575,3.90625,3.90625,1.0,1.0,1
82252,31.05.2024 05:41:39.530000,363.29,422.534,12.1188,12.135,12.487,31.0294,2.87144,2.86423,11.1448,15.7979,646.735,647.12,11.1553,9.71431,0.988373,2.04524,11.3601,3.90625,3.90625,1.0,1.0,1
82253,31.05.2024 05:41:39.540000,324.728,369.223,12.1266,12.064,12.306,31.0531,2.86313,2.86163,10.3876,14.1308,643.615,643.99,13.4956,12.239,3.93421,2.11378,11.3608,0.998259,0.998259,1.0,1.0,1
82254,31.05.2024 05:41:39.550000,324.728,369.223,12.134,12.064,12.306,31.3432,2.85982,2.86302,10.3876,14.1308,643.615,643.99,13.4956,12.239,3.93421,2.11378,11.3608,-1.63484,-1.63484,1.0,1.0,1
82255,31.05.2024 05:41:39.560000,323.657,355.463,12.134,12.033,12.252,31.3432,2.85092,2.86647,11.2035,12.5161,642.1,642.425,14.8586,13.322,5.98604,2.77449,11.3615,-1.63484,-1.63484,1.0,1.0,1
82256,31.05.2024 05:41:39.570000,323.657,355.463,12.134,12.033,12.252,31.3432,2.85092,2.86647,11.2035,12.5161,642.1,642.425,14.8586,13.322,5.98604,2.77449,11.3615,-1.63484,-1.63484,1.0,1.0,1
82257,31.05.2024 05:41:39.580000,323.657,356.122,12.133,11.981,12.252,31.3413,2.82623,2.86669,11.1791,15.5442,640.65,640.93,16.4099,14.3044,7.48089,4.79582,11.3625,-2.69821,-2.69821,1.0,1.0,1
82258,31.05.2024 05:41:39.590000,323.657,356.122,12.133,11.981,12.252,31.3413,2.82623,2.86669,11.1791,15.5442,640.65,640.93,16.4099,14.3044,7.48089,4.79582,11.3625,-2.69821,-2.69821,1.0,1.0,1
82259,31.05.2024 05:41:39.600000,324.399,355.298,12.1203,11.955,12.082,31.5977,2.78692,2.85633,9.2338,12.6897,639.76,639.57,12.4257,7.4078,8.67731,7.06717,11.3642,-2.71991,-2.71991,1.0,1.0,1
82260,31.05.2024 05:41:39.610000,326.706,351.425,12.119,11.979,11.934,32.0739,2.74433,2.86044,6.87993,14.2885,640.015,640.115,9.95937,0.1363,9.94479,8.8096,11.3649,-3.50839,-3.50839,1.0,1.0,1
82261,31.05.2024 05:41:39.620000,323.987,357.275,12.113,11.946,11.929,32.0739,2.74052,2.84772,6.87993,14.2885,640.015,640.115,9.95937,0.1363,9.94479,8.8096,11.3656,-4.81771,-4.81771,1.0,1.0,1
82262,31.05.2024 05:41:39.630000,323.987,357.275,12.113,11.946,11.929,32.0739,2.74052,2.84772,6.87993,14.2885,640.015,640.115,9.95937,0.1363,9.94479,8.8096,11.3656,-4.81771,-4.81771,1.0,1.0,1
82263,31.05.2024 05:41:39.640000,323.987,357.275,12.1074,11.946,11.929,33.5896,2.73961,2.83703,6.1474,13.321,639.85,640.745,9.48274,3.47906,11.0697,9.7531,11.3656,-5.85938,-5.85938,1.0,1.0,1
82264,31.05.2024 05:41:39.650000,323.987,357.275,12.1074,11.946,11.929,33.5896,2.73961,2.83703,6.1474,13.321,639.85,640.745,9.48274,3.47906,11.0697,9.7531,11.3656,-5.85938,-5.85938,1.0,1.0,1
82265,31.05.2024 05:41:39.660000,334.616,354.886,12.0932,11.918,11.97,34.4983,2.74291,2.82263,6.37263,9.67001,640.185,640.595,7.9406,7.46031,11.882,10.4475,11.369,-5.85938,-5.85938,1.0,1.0,1
82266,31.05.2024 05:41:39.670000,332.638,361.725,12.0769,11.925,11.884,35.7087,2.75246,2.82198,7.07788,9.19127,640.425,640.645,9.52656,7.0151,10.6607,10.0867,11.3693,-6.00405,-6.00405,1.0,1.0,1
82267,31.05.2024 05:41:39.680000,332.638,361.725,12.0268,11.925,11.884,36.7992,2.76023,2.81551,7.07788,9.19127,640.425,640.645,9.52656,7.0151,10.6607,10.0867,11.3695,-6.01128,-6.01128,1.0,1.0,1
82268,31.05.2024 05:41:39.690000,332.638,361.725,12.0268,11.925,11.884,36.7992,2.76023,2.81551,7.07788,9.19127,640.425,640.645,9.52656,7.0151,10.6607,10.0867,11.3695,-6.01128,-6.01128,1.0,1.0,1
82269,31.05.2024 05:41:39.700000,334.369,360.242,12.0268,11.977,11.932,36.7992,2.76224,2.80902,7.56868,10.4146,640.475,640.735,11.4702,8.69222,9.91721,8.67304,11.3695,-5.03472,-5.03472,1.0,1.0,1
82270,31.05.2024 05:41:39.710000,334.369,360.242,12.0268,11.977,11.932,36.7992,2.76224,2.80902,7.56868,10.4146,640.475,640.735,11.4702,8.69222,9.91721,8.67304,11.3695,-5.03472,-5.03472,1.0,1.0,1
82271,31.05.2024 05:41:39.720000,329.095,366.751,11.9573,11.969,11.91,39.3632,2.76414,2.82035,6.81926,8.07754,640.345,640.595,12.3757,9.83676,9.37883,7.65852,11.3718,-5.03472,-5.03472,1.0,1.0,1
82272,31.05.2024 05:41:39.730000,338.983,361.066,11.9056,12.017,11.861,40.4739,2.78942,2.81562,9.37123,12.2814,640.315,640.44,12.2372,9.30854,8.61758,7.60983,11.373,-2.19907,-2.19907,1.0,1.0,1
82273,31.05.2024 05:41:39.740000,336.676,361.066,11.9056,12.017,11.776,40.4739,2.79829,2.82994,8.69454,11.0139,640.3,640.43,11.6584,8.35132,8.46405,8.09473,11.373,-2.19907,-2.19907,1.0,1.0,1
82274,31.05.2024 05:41:39.750000,336.676,361.066,11.9056,12.017,11.776,40.4739,2.79829,2.82994,8.69454,11.0139,640.3,640.43,11.6584,8.35132,8.46405,8.09473,11.373,-2.19907,-2.19907,1.0,1.0,1
82275,31.05.2024 05:41:39.760000,336.182,362.631,11.8521,11.917,11.792,41.8425,2.81603,2.83833,9.59551,11.2123,640.365,640.525,10.8158,7.60185,8.44258,8.39831,11.3734,-0.962093,-0.962093,1.0,1.0,1
82276,31.05.2024 05:41:39.770000,336.182,362.631,11.8521,11.917,11.792,41.8425,2.81603,2.83833,9.59551,11.2123,640.365,640.525,10.8158,7.60185,8.44258,8.39831,11.3734,-0.962093,-0.962093,1.0,1.0,1
82277,31.05.2024 05:41:39.780000,337.418,368.564,11.8496,11.88,11.795,43.1704,2.78221,2.83093,11.4472,11.7304,640.475,640.61,10.5472,7.70543,8.24829,8.3239,11.3745,-0.962093,-0.962093,1.0,1.0,1
82278,31.05.2024 05:41:39.790000,337.418,368.564,11.8496,11.88,11.795,43.1704,2.78221,2.83093,11.4472,11.7304,640.475,640.61,10.5472,7.70543,8.24829,8.3239,11.3745,-0.962093,-0.962093,1.0,1.0,1
82279,31.05.2024 05:41:39.800000,336.429,359.83,11.7683,11.917,11.782,45.4476,2.72835,2.81811,9.35371,13.2131,640.615,640.585,10.7117,8.01829,8.27839,8.16278,11.3758,1.93143,1.93143,1.0,1.0,1
82280,31.05.2024 05:41:39.810000,332.226,365.68,11.7369,11.822,11.673,46.4816,2.70779,2.82554,6.81707,8.74379,640.69,640.585,11.3791,7.96638,8.36202,8.023,11.3777,3.29862,3.29862,1.0,1.0,1
82281,31.05.2024 05:41:39.820000,335.687,365.68,11.7369,11.822,11.627,46.4816,2.72394,2.8234,6.42216,13.8366,640.77,640.61,12.0017,7.64413,8.20972,7.93143,11.3777,3.29862,3.29862,1.0,1.0,1
82282,31.05.2024 05:41:39.830000,335.275,361.725,11.6403,11.84,11.614,47.3832,2.74616,2.81928,7.42975,10.2973,640.81,640.54,12.5447,7.77858,8.18074,7.81846,11.3783,3.29862,3.29862,1.0,1.0,1
82283,31.05.2024 05:41:39.840000,335.275,361.725,11.615,11.84,11.614,48.5227,2.7761,2.80704,7.42975,10.2973,640.81,640.54,12.5447,7.77858,8.18074,7.81846,11.3787,3.89178,3.89178,1.0,1.0,1
82284,31.05.2024 05:41:39.850000,334.781,361.066,11.615,11.831,11.62,48.5227,2.81549,2.80346,9.17897,5.91268,640.8,640.485,12.8655,7.1813,8.1232,7.73221,11.3787,3.89178,3.89178,1.0,1.0,1
82285,31.05.2024 05:41:39.860000,337.747,367.74,11.615,11.826,11.638,48.5227,2.82934,2.81619,9.17897,5.91268,640.8,640.485,12.6181,6.32391,8.13429,7.75548,11.3807,5.24451,5.24451,1.0,1.0,1
82286,31.05.2024 05:41:39.870000,337.747,367.74,11.5852,11.826,11.638,50.7433,2.8462,2.81659,12.4889,8.08689,640.78,640.59,12.6181,6.32391,8.13429,7.75548,11.3807,6.41638,6.41638,1.0,1.0,1
82287,31.05.2024 05:41:39.880000,338.159,363.949,11.5852,11.893,11.675,50.7433,2.85358,2.81897,13.055,14.7838,640.875,640.745,11.8311,6.66883,8.27997,7.69282,11.3819,6.41638,6.41638,1.0,1.0,1
82288,31.05.2024 05:41:39.890000,338.159,369.141,11.5006,11.862,11.675,51.7966,2.84891,2.84674,13.055,14.7838,640.875,640.745,11.8311,6.66883,8.27997,7.69282,11.382,6.43808,6.43808,1.0,1.0,1
82289,31.05.2024 05:41:39.900000,333.545,369.141,11.5006,11.862,11.615,51.7966,2.84122,2.84607,15.3702,12.835,641.03,640.72,11.3751,7.41459,8.48806,7.72005,11.382,6.43808,6.43808,1.0,1.0,1
82290,31.05.2024 05:41:39.910000,339.642,363.125,11.464,11.794,11.57,52.9302,2.82919,2.84581,11.9781,9.74743,641.2,640.705,11.5097,7.43949,8.55463,7.65245,11.382,6.99508,6.99508,1.0,1.0,1
82291,31.05.2024 05:41:39.920000,339.642,363.125,11.47,11.794,11.57,54.1877,2.81436,2.854,11.9781,9.74743,641.2,640.705,11.5097,7.43949,8.55463,7.65245,11.3841,8.78906,8.78906,1.0,1.0,1
82292,31.05.2024 05:41:39.930000,328.519,368.893,11.47,11.777,11.591,54.1877,2.79534,2.86774,13.337,14.6873,641.325,640.775,11.9533,7.29192,8.79537,7.42877,11.3841,8.78906,8.78906,1.0,1.0,1
82293,31.05.2024 05:41:39.940000,343.432,365.845,11.4643,11.774,11.577,54.1877,2.80213,2.86645,13.337,14.6873,641.325,640.775,12.2193,7.7682,9.06639,7.37167,11.3842,9.24478,9.24478,1.0,1.0,1
82294,31.05.2024 05:41:39.950000,343.432,365.845,11.3955,11.774,11.577,56.5256,2.80373,2.86079,10.3757,15.8124,641.35,640.8,12.2193,7.7682,9.06639,7.37167,11.3842,9.75839,9.75839,1.0,1.0,1
82295,31.05.2024 05:41:39.960000,336.429,363.785,11.3955,11.713,11.565,56.5256,2.80333,2.85146,12.8419,12.0689,641.355,640.77,11.8956,7.82289,8.96888,7.30879,11.3849,9.75839,9.75839,1.0,1.0,1
82296,31.05.2024 05:41:39.970000,336.429,370.541,11.4224,11.582,11.565,57.6673,2.79378,2.84299,12.8419,12.0689,641.355,640.77,11.8956,7.82289,8.96888,7.30879,11.3849,10.7277,10.7277,1.0,1.0,1
82297,31.05.2024 05:41:39.980000,336.429,370.541,11.4224,11.582,11.565,57.6673,2.79378,2.84299,12.8419,12.0689,641.355,640.77,11.8956,7.82289,8.96888,7.30879,11.3849,10.7277,10.7277,1.0,1.0,1
82298,31.05.2024 05:41:39.990000,337.5,370.541,11.4224,11.582,11.54,59.1514,2.78143,2.85032,11.156,9.47272,641.465,640.775,10.8941,7.57308,8.56072,7.20142,11.3849,10.7277,10.7277,1.0,1.0,1
82299,31.05.2024 05:41:40.000000,343.762,365.597,11.2757,11.578,11.563,61.0751,2.76928,2.8612,10.8959,14.0808,641.625,640.835,10.0924,7.46176,8.24397,7.09419,11.3868,10.7277,10.7277,1.0,1.0,1
82300,31.05.2024 05:41:40.010000,335.77,364.856,11.2757,11.621,11.502,61.0751,2.76166,2.84751,11.5597,14.9408,641.78,640.845,9.68068,7.73038,8.27481,6.76439,11.3868,10.7277,10.7277,1.0,1.0,1
82301,31.05.2024 05:41:40.020000,335.77,370.459,11.3756,11.573,11.46,61.0751,2.76091,2.83824,11.5597,14.9408,641.78,640.845,9.68068,7.73038,8.27481,6.76439,11.3871,13.2234,13.2234,1.0,1.0,1
82302,31.05.2024 05:41:40.030000,335.77,370.459,11.3136,11.573,11.46,64.7699,2.75533,2.83841,9.71639,10.6453,641.935,640.855,9.47088,7.63126,8.22718,6.53864,11.3871,15.2778,15.2778,1.0,1.0,1
82303,31.05.2024 05:41:40.040000,333.133,360.571,11.3136,11.508,11.486,64.7699,2.75557,2.83855,8.13068,7.30483,642.035,640.805,9.25692,7.29586,7.93626,6.6328,11.388,15.2778,15.2778,1.0,1.0,1
82304,31.05.2024 05:41:40.050000,333.133,360.983,11.2884,11.538,11.486,66.1865,2.76627,2.83427,8.13068,7.30483,642.035,640.805,9.25692,7.29586,7.93626,6.6328,11.3894,15.2778,15.2778,1.0,1.0,1
82305,31.05.2024 05:41:40.060000,333.71,360.983,11.2884,11.538,11.464,66.1865,2.77386,2.83456,8.60577,8.85813,642.09,640.83,9.00866,7.08833,7.55342,6.47194,11.3894,15.2778,15.2778,1.0,1.0,1
82306,31.05.2024 05:41:40.070000,337.5,363.208,11.2842,11.556,11.459,67.2088,2.7761,2.83262,10.3842,10.7246,642.18,640.885,8.15157,6.49212,7.40753,5.86891,11.3902,17.6071,17.6071,1.0,1.0,1
82307,31.05.2024 05:41:40.080000,337.5,363.208,11.302,11.556,11.459,68.1193,2.77635,2.82256,10.3842,10.7246,642.18,640.885,8.15157,6.49212,7.40753,5.86891,11.3906,17.6215,17.6215,1.0,1.0,1
82308,31.05.2024 05:41:40.090000,337.5,363.208,11.302,11.556,11.459,68.1193,2.77635,2.82256,10.3842,10.7246,642.18,640.885,8.15157,6.49212,7.40753,5.86891,11.3906,17.6215,17.6215,1.0,1.0,1
82309,31.05.2024 05:41:40.100000,337.088,370.706,11.302,11.53,11.453,68.1193,2.76538,2.8368,9.80061,6.6349,642.275,640.94,7.55204,6.3517,7.44666,5.37405,11.3906,17.6215,17.6215,1.0,1.0,1
82310,31.05.2024 05:41:40.110000,337.088,370.706,11.302,11.53,11.453,68.1193,2.76538,2.8368,9.80061,6.6349,642.275,640.94,7.55204,6.3517,7.44666,5.37405,11.3906,17.6215,17.6215,1.0,1.0,1
82311,31.05.2024 05:41:40.120000,333.215,361.89,11.294,11.487,11.458,70.0163,2.75567,2.89346,10.3596,10.0918,642.46,640.985,6.80924,6.58712,7.26443,5.53465,11.3904,20.4138,20.4138,1.0,1.0,1
82312,31.05.2024 05:41:40.130000,331.567,367.905,11.3116,11.443,11.426,70.9976,2.77766,2.90311,9.8694,21.5292,642.615,641.05,6.85696,6.54099,7.00951,5.83699,11.3897,21.5205,21.5205,1.0,1.0,1
82313,31.05.2024 05:41:40.140000,329.919,367.905,11.3116,11.443,11.414,70.9976,2.78273,2.91324,11.2026,14.5864,642.725,641.04,7.09006,6.59366,6.98841,5.99946,11.3897,21.5205,21.5205,1.0,1.0,1
82314,31.05.2024 05:41:40.150000,341.455,364.032,11.2702,11.424,11.387,71.9975,2.78078,2.9153,9.32852,12.3881,642.765,641.035,7.37536,6.71083,6.88774,5.93596,11.3912,21.5205,21.5205,1.0,1.0,1
82315,31.05.2024 05:41:40.160000,341.455,364.032,11.2686,11.424,11.387,72.8817,2.77941,2.91874,9.32852,12.3881,642.765,641.035,7.37536,6.71083,6.88774,5.93596,11.3909,22.0197,22.0197,1.0,1.0,1
82316,31.05.2024 05:41:40.170000,341.455,364.032,11.2686,11.424,11.387,72.8817,2.77941,2.91874,9.32852,12.3881,642.765,641.035,7.37536,6.71083,6.88774,5.93596,11.3909,22.0197,22.0197,1.0,1.0,1
82317,31.05.2024 05:41:40.180000,336.676,366.586,11.2686,11.414,11.374,72.8817,2.77639,2.90778,11.0803,19.1731,642.79,641.05,7.29192,6.39082,6.78163,5.91717,11.3909,23.1843,23.1843,1.0,1.0,1
82318,31.05.2024 05:41:40.190000,336.676,366.586,11.2686,11.414,11.374,72.8817,2.77639,2.90778,11.0803,19.1731,642.79,641.05,7.29192,6.39082,6.78163,5.91717,11.3909,23.1843,23.1843,1.0,1.0,1
82319,31.05.2024 05:41:40.200000,339.642,360.983,11.3306,11.409,11.372,75.4947,2.75959,2.86808,10.1072,18.2643,642.825,641.07,6.96604,6.30016,6.84413,6.14466,11.391,23.206,23.206,1.0,1.0,1
82320,31.05.2024 05:41:40.210000,339.642,360.983,11.3306,11.409,11.372,75.4947,2.75959,2.86808,10.1072,18.2643,642.825,641.07,6.96604,6.30016,6.84413,6.14466,11.391,23.206,23.206,1.0,1.0,1
82321,31.05.2024 05:41:40.220000,333.627,362.549,11.2862,11.429,11.365,77.0331,2.75095,2.8416,9.53166,6.80172,642.88,641.125,6.36721,6.30561,6.91534,6.52075,11.3913,24.4068,24.4068,1.0,1.0,1
82322,31.05.2024 05:41:40.230000,333.627,362.549,11.2862,11.429,11.365,77.0331,2.75095,2.8416,9.53166,6.80172,642.88,641.125,6.36721,6.30561,6.91534,6.52075,11.3913,24.4068,24.4068,1.0,1.0,1
82323,31.05.2024 05:41:40.240000,330.249,361.972,11.3293,11.384,11.377,78.3715,2.76263,2.81507,10.4195,13.9617,643.04,641.13,5.80353,6.22791,6.67359,6.59205,11.3925,24.0813,24.0813,1.0,1.0,1
82324,31.05.2024 05:41:40.250000,334.698,354.886,11.3266,11.334,11.362,79.3689,2.78762,2.81074,8.97293,7.08526,643.055,641.135,5.74074,5.87888,6.65008,6.60076,11.3926,22.6852,22.6852,1.0,1.0,1
82325,31.05.2024 05:41:40.260000,336.017,358.841,11.3015,11.343,11.421,79.3689,2.78377,2.81079,8.97293,7.08526,643.055,641.135,5.74074,5.87888,6.65008,6.60076,11.393,23.3941,23.3941,1.0,1.0,1
82326,31.05.2024 05:41:40.270000,336.017,358.841,11.3328,11.343,11.421,81.0317,2.78284,2.82407,11.3238,5.99749,643.065,641.13,5.44689,5.57275,6.17898,6.66517,11.393,25.1591,25.1591,1.0,1.0,1
82327,31.05.2024 05:41:40.280000,336.182,359.088,11.3328,11.369,11.387,81.0317,2.77162,2.83186,9.9155,11.5855,643.075,641.105,4.98735,5.36997,5.47424,6.74518,11.3941,25.1591,25.1591,1.0,1.0,1
82328,31.05.2024 05:41:40.290000,336.182,364.279,11.3958,11.385,11.387,82.0806,2.74666,2.83167,9.9155,11.5855,643.075,641.105,4.98735,5.36997,5.47424,6.74518,11.3957,25.9621,25.9621,1.0,1.0,1
82329,31.05.2024 05:41:40.300000,336.182,364.279,11.3958,11.385,11.387,82.0806,2.74666,2.83167,9.9155,11.5855,643.075,641.105,4.98735,5.36997,5.47424,6.74518,11.3957,25.9621,25.9621,1.0,1.0,1
82330,31.05.2024 05:41:40.310000,334.534,364.279,11.3958,11.385,11.401,83.0806,2.74165,2.8347,8.85692,8.97122,643.12,641.11,4.49797,4.69697,4.91314,6.6972,11.3957,26.02,26.02,1.0,1.0,1
82331,31.05.2024 05:41:40.320000,334.781,361.313,11.3645,11.379,11.413,84.1215,2.71734,2.88075,8.78362,9.24518,643.175,641.155,4.23448,4.44077,4.49424,6.49583,11.3951,26.02,26.02,1.0,1.0,1
82332,31.05.2024 05:41:40.330000,334.781,361.313,11.3645,11.379,11.413,84.1215,2.71734,2.88075,8.78362,9.24518,643.175,641.155,4.23448,4.44077,4.49424,6.49583,11.3951,26.02,26.02,1.0,1.0,1
82333,31.05.2024 05:41:40.340000,335.687,368.976,11.3645,11.408,11.418,84.1215,2.74549,2.85999,7.9534,15.4218,643.235,641.2,4.21431,4.57435,4.43118,6.4374,11.3951,26.4612,26.4612,1.0,1.0,1
82334,31.05.2024 05:41:40.350000,335.687,368.976,11.3645,11.408,11.418,84.1215,2.74549,2.85999,7.9534,15.4218,643.235,641.2,4.21431,4.57435,4.43118,6.4374,11.3951,26.4612,26.4612,1.0,1.0,1
82335,31.05.2024 05:41:40.360000,336.676,362.054,11.4614,11.399,11.439,86.0415,2.75009,2.86603,9.09659,13.6489,643.27,641.225,4.47614,4.61234,4.51999,6.85211,11.3975,27.785,27.785,1.0,1.0,1
82336,31.05.2024 05:41:40.370000,336.676,362.054,11.4614,11.399,11.439,86.0415,2.75009,2.86603,9.09659,13.6489,643.27,641.225,4.47614,4.61234,4.51999,6.85211,11.3975,27.785,27.785,1.0,1.0,1
82337,31.05.2024 05:41:40.380000,338.241,365.021,11.5023,11.44,11.409,86.9588,2.76164,2.8441,9.76121,8.13614,643.26,641.23,4.34662,4.83902,4.62888,7.26741,11.399,27.568,27.568,1.0,1.0,1
82338,31.05.2024 05:41:40.390000,336.429,368.317,11.4921,11.509,11.434,87.8722,2.75003,2.84401,11.347,10.8401,643.26,641.15,3.57968,4.30699,4.71157,7.11075,11.3991,27.568,27.568,1.0,1.0,1
82339,31.05.2024 05:41:40.400000,336.429,368.317,11.4869,11.509,11.434,88.7383,2.74962,2.8353,11.347,10.8401,643.26,641.15,3.57968,4.30699,4.71157,7.11075,11.3998,27.228,27.228,1.0,1.0,1
82340,31.05.2024 05:41:40.410000,336.429,368.317,11.4869,11.509,11.434,88.7383,2.74962,2.8353,11.347,10.8401,643.26,641.15,3.57968,4.30699,4.71157,7.11075,11.3998,27.228,27.228,1.0,1.0,1
82341,31.05.2024 05:41:40.420000,336.511,366.092,11.4869,11.525,11.479,88.7383,2.74377,2.81378,7.31747,8.48394,643.285,641.16,3.2308,3.95341,4.59172,6.78919,11.3998,26.7868,26.7868,1.0,1.0,1
82342,31.05.2024 05:41:40.430000,336.511,366.092,11.4869,11.525,11.479,88.7383,2.74377,2.81378,7.31747,8.48394,643.285,641.16,3.2308,3.95341,4.59172,6.78919,11.3998,26.7868,26.7868,1.0,1.0,1
82343,31.05.2024 05:41:40.440000,333.627,364.526,11.5489,11.47,11.511,90.0726,2.74766,2.81599,8.99863,6.81848,643.345,641.17,2.89779,3.6516,4.02732,6.71568,11.401,26.7868,26.7868,1.0,1.0,1
82344,31.05.2024 05:41:40.450000,336.676,362.219,11.548,11.541,11.507,90.4643,2.77561,2.81393,8.59809,7.81363,643.365,641.175,2.99662,3.47516,3.5447,6.62461,11.4028,27.0833,27.0833,1.0,1.0,1
82345,31.05.2024 05:41:40.460000,340.466,362.219,11.548,11.541,11.53,90.7681,2.78372,2.81329,9.9518,7.53401,643.4,641.185,3.03906,3.41615,3.45979,6.49029,11.4028,27.0833,27.0833,1.0,1.0,1
82346,31.05.2024 05:41:40.470000,334.039,366.009,11.548,11.533,11.58,90.7681,2.7817,2.81308,9.86735,2.41428,643.4,641.14,3.18623,3.44756,3.29733,6.29156,11.4031,27.9152,27.9152,1.0,1.0,1
82347,31.05.2024 05:41:40.480000,334.039,366.009,11.6009,11.533,11.58,90.9837,2.77175,2.81731,9.86735,2.41428,643.4,641.14,3.18623,3.44756,3.29733,6.29156,11.4045,27.8139,27.8139,1.0,1.0,1
82348,31.05.2024 05:41:40.490000,337.5,365.515,11.6009,11.56,11.535,90.9837,2.74942,2.82642,9.07854,8.01192,643.37,641.13,3.19951,3.19119,3.10486,6.11029,11.4045,27.8139,27.8139,1.0,1.0,1
82349,31.05.2024 05:41:40.500000,336.511,365.927,11.5948,11.546,11.51,90.9837,2.73573,2.82586,9.07854,8.01192,643.37,641.13,2.91138,3.05353,3.15673,5.9381,11.4052,27.3727,27.3727,1.0,1.0,1
82350,31.05.2024 05:41:40.510000,336.511,365.927,11.5948,11.546,11.51,90.9837,2.73573,2.82586,9.07854,8.01192,643.37,641.13,2.91138,3.05353,3.15673,5.9381,11.4052,27.3727,27.3727,1.0,1.0,1
82351,31.05.2024 05:41:40.520000,336.511,365.927,11.5843,11.546,11.51,91.2975,2.72504,2.82555,9.53431,9.71892,643.37,641.115,2.91138,3.05353,3.15673,5.9381,11.4052,27.3727,27.3727,1.0,1.0,1
82352,31.05.2024 05:41:40.530000,336.511,365.927,11.5843,11.546,11.51,91.2975,2.72504,2.82555,9.53431,9.71892,643.37,641.115,2.91138,3.05353,3.15673,5.9381,11.4052,27.3727,27.3727,1.0,1.0,1
82353,31.05.2024 05:41:40.540000,336.923,328.519,11.6004,11.575,11.537,91.4363,2.70907,2.8228,7.92364,9.17331,643.365,641.11,2.50025,3.07247,2.82347,5.5381,11.4082,27.4306,27.4306,1.0,1.0,1
82354,31.05.2024 05:41:40.550000,336.923,328.519,11.6004,11.575,11.537,91.4363,2.70907,2.8228,7.92364,9.17331,643.365,641.11,2.50025,3.07247,2.82347,5.5381,11.4082,27.4306,27.4306,1.0,1.0,1
82355,31.05.2024 05:41:40.560000,335.605,283.035,11.6027,11.581,11.578,91.5687,2.71224,2.82308,6.76471,8.67138,643.365,641.075,1.76529,2.97018,2.22538,5.0344,11.4078,26.5408,26.5408,1.0,1.0,1
82356,31.05.2024 05:41:40.570000,334.204,274.136,11.5751,11.607,11.584,91.6056,2.72472,2.82082,7.8075,7.65546,643.395,641.075,1.52815,2.79328,1.99787,4.96272,11.4105,25.8681,25.8681,1.0,1.0,1
82357,31.05.2024 05:41:40.580000,329.59,254.938,11.5586,11.595,11.58,91.6056,2.72587,2.82341,7.8075,7.65546,643.395,641.075,1.52815,2.79328,1.99787,4.96272,11.4112,26.3238,26.3238,1.0,1.0,1
82358,31.05.2024 05:41:40.590000,329.59,254.938,11.5586,11.595,11.58,91.6056,2.72587,2.82341,7.8075,7.65546,643.395,641.075,1.52815,2.79328,1.99787,4.96272,11.4112,26.3238,26.3238,1.0,1.0,1
82359,31.05.2024 05:41:40.600000,329.59,254.938,11.5854,11.595,11.58,91.7027,2.73129,2.82587,8.26497,6.81308,643.435,641.095,1.53567,2.83538,2.00331,4.91538,11.4112,26.9459,26.9459,1.0,1.0,1
82360,31.05.2024 05:41:40.610000,329.59,254.938,11.5854,11.595,11.58,91.7027,2.73129,2.82587,8.26497,6.81308,643.435,641.095,1.53567,2.83538,2.00331,4.91538,11.4112,26.9459,26.9459,1.0,1.0,1
82361,31.05.2024 05:41:40.620000,337.5,233.844,11.5907,11.562,11.539,91.691,2.75143,2.83487,9.48681,8.79929,643.505,641.05,1.8225,3.23856,1.9468,4.80079,11.4124,26.9459,26.9459,1.0,1.0,1
82362,31.05.2024 05:41:40.630000,319.949,246.039,11.5698,11.561,11.575,91.7478,2.76475,2.83897,10.1533,8.49783,643.505,640.965,3.13637,2.91946,2.00658,4.57349,11.4131,26.9314,26.9314,1.0,1.0,1
82363,31.05.2024 05:41:40.640000,319.949,246.039,11.5703,11.561,11.575,91.7465,2.77142,2.84024,10.1533,8.49783,643.505,640.965,3.13637,2.91946,2.00658,4.57349,11.4149,26.6855,26.6855,1.0,1.0,1
82364,31.05.2024 05:41:40.650000,305.859,193.057,11.5703,11.61,11.573,91.7465,2.76874,2.84497,9.81959,7.82423,643.495,640.995,3.21736,3.04483,2.18238,4.68209,11.4149,26.6855,26.6855,1.0,1.0,1
82365,31.05.2024 05:41:40.660000,290.616,149.469,11.5712,11.624,11.534,91.7465,2.76799,2.84419,9.81959,7.82423,643.495,640.995,3.21736,3.04483,2.18238,4.68209,11.4156,26.6855,26.6855,1.0,1.0,1
82366,31.05.2024 05:41:40.670000,290.616,149.469,11.5692,11.624,11.534,91.6793,2.75989,2.84521,10.8469,9.11139,643.475,640.955,3.16435,3.37841,2.26479,4.72506,11.4156,25.4702,25.4702,1.0,1.0,1
82367,31.05.2024 05:41:40.680000,273.642,132.66,11.5692,11.609,11.539,91.6793,2.74908,2.84705,8.30062,7.48439,643.455,640.96,3.01348,3.28036,2.30162,4.64563,11.4165,25.4702,25.4702,1.0,1.0,1
82368,31.05.2024 05:41:40.690000,273.642,113.461,11.5617,11.599,11.539,91.6626,2.7389,2.84438,8.30062,7.48439,643.455,640.96,3.01348,3.28036,2.30162,4.64563,11.418,24.7758,24.7758,1.0,1.0,1
82369,31.05.2024 05:41:40.700000,273.642,113.461,11.5617,11.599,11.539,91.6626,2.7389,2.84438,8.30062,7.48439,643.455,640.96,3.01348,3.28036,2.30162,4.64563,11.418,24.7758,24.7758,1.0,1.0,1
82370,31.05.2024 05:41:40.710000,271.17,113.461,11.5617,11.599,11.522,91.7181,2.73541,2.84122,8.06141,8.16437,643.45,640.94,2.81787,3.22344,2.22866,4.55611,11.418,24.7613,24.7613,1.0,1.0,1
82371,31.05.2024 05:41:40.720000,262.93,112.39,11.5655,11.579,11.48,91.7086,2.7371,2.83324,8.3126,8.1527,643.46,640.915,2.70497,3.37206,2.17739,4.37857,11.4197,24.7613,24.7613,1.0,1.0,1
82372,31.05.2024 05:41:40.730000,262.93,112.39,11.5655,11.579,11.48,91.7086,2.7371,2.83324,8.3126,8.1527,643.46,640.915,2.70497,3.37206,2.17739,4.37857,11.4197,24.7613,24.7613,1.0,1.0,1
82373,31.05.2024 05:41:40.740000,272.9,101.019,11.5655,11.589,11.455,91.7086,2.74324,2.82707,9.17101,6.51156,643.455,640.86,2.66216,3.33395,2.03723,4.20756,11.4197,24.5081,24.5081,1.0,1.0,1
82374,31.05.2024 05:41:40.750000,272.9,101.019,11.5655,11.589,11.455,91.7086,2.74324,2.82707,9.17101,6.51156,643.455,640.86,2.66216,3.33395,2.03723,4.20756,11.4197,24.5081,24.5081,1.0,1.0,1
82375,31.05.2024 05:41:40.760000,248.099,104.15,11.517,11.525,11.477,91.6493,2.74526,2.82342,7.77316,7.6587,643.465,640.89,2.61941,3.16051,1.91388,4.11328,11.42,23.7196,23.7196,1.0,1.0,1
82376,31.05.2024 05:41:40.770000,248.099,104.15,11.517,11.525,11.477,91.6493,2.74526,2.82342,7.77316,7.6587,643.465,640.89,2.61941,3.16051,1.91388,4.11328,11.42,23.7196,23.7196,1.0,1.0,1
82377,31.05.2024 05:41:40.780000,233.102,98.0529,11.5097,11.491,11.493,91.7,2.7348,2.81831,9.24227,7.02284,643.445,640.885,2.65003,3.40974,1.94588,3.97714,11.4206,23.7196,23.7196,1.0,1.0,1
82378,31.05.2024 05:41:40.790000,233.102,98.0529,11.5097,11.491,11.493,91.7,2.7348,2.81831,9.24227,7.02284,643.445,640.885,2.65003,3.40974,1.94588,3.97714,11.4206,23.7196,23.7196,1.0,1.0,1
82379,31.05.2024 05:41:40.800000,177.566,73.4161,11.5143,11.489,11.501,91.6966,2.72005,2.81996,7.9679,6.47782,643.415,640.725,2.39995,3.30079,1.90746,3.66733,11.4218,23.6256,23.6256,1.0,1.0,1
82380,31.05.2024 05:41:40.810000,177.566,73.4161,11.5143,11.489,11.501,91.6966,2.72005,2.81996,7.9679,6.47782,643.415,640.725,2.39995,3.30079,1.90746,3.66733,11.4218,23.6256,23.6256,1.0,1.0,1
82381,31.05.2024 05:41:40.820000,163.394,15.9027,11.5102,11.504,11.48,91.6868,2.72532,2.83021,7.30097,7.48626,643.4,640.725,2.10305,2.73658,1.97748,3.54293,11.4219,23.5098,23.5098,1.0,1.0,1
82382,31.05.2024 05:41:40.830000,163.394,15.9027,11.5102,11.504,11.48,91.6868,2.72532,2.83021,7.30097,7.48626,643.4,640.725,2.10305,2.73658,1.97748,3.54293,11.4219,23.5098,23.5098,1.0,1.0,1
82383,31.05.2024 05:41:40.840000,152.023,4.53186,11.469,11.507,11.47,91.68,2.7466,2.832,7.11744,8.70957,643.41,640.715,1.85074,2.82768,1.85362,3.52459,11.4223,23.5026,23.5026,1.0,1.0,1
82384,31.05.2024 05:41:40.850000,152.023,4.53186,11.469,11.507,11.47,91.68,2.7466,2.832,7.11744,8.70957,643.41,640.715,1.85074,2.82768,1.85362,3.52459,11.4223,23.5026,23.5026,1.0,1.0,1
82385,31.05.2024 05:41:40.860000,146.832,-44.0826,11.4797,11.446,11.434,91.6826,2.75704,2.83397,9.55455,7.51927,643.41,640.695,1.6731,2.73052,1.50091,3.53012,11.4238,23.5098,23.5098,1.0,1.0,1
82386,31.05.2024 05:41:40.870000,146.832,-44.0826,11.4797,11.446,11.434,91.6826,2.75704,2.83397,9.55455,7.51927,643.41,640.695,1.6731,2.73052,1.50091,3.53012,11.4238,23.5098,23.5098,1.0,1.0,1
82387,31.05.2024 05:41:40.880000,126.315,-60.2325,11.4812,11.419,11.403,91.7174,2.7417,2.8376,8.85653,7.67727,643.405,640.63,1.49257,2.74988,0.945473,3.41585,11.4251,23.8426,23.8426,1.0,1.0,1
82388,31.05.2024 05:41:40.890000,114.532,-65.2588,11.474,11.378,11.383,91.7462,2.7182,2.83929,7.97538,7.90683,643.405,640.585,1.51941,2.61266,0.840252,3.22986,11.4257,24.2404,24.2404,1.0,1.0,1
82389,31.05.2024 05:41:40.900000,110.495,-72.7569,11.4707,11.355,11.376,91.7462,2.71586,2.83786,7.97538,7.90683,643.405,640.585,1.51941,2.61266,0.840252,3.22986,11.4271,23.5677,23.5677,1.0,1.0,1
82390,31.05.2024 05:41:40.910000,110.495,-72.7569,11.4694,11.355,11.376,91.6501,2.71845,2.83409,6.91465,6.76841,643.395,640.62,1.48303,2.43554,0.876801,3.15697,11.4271,23.546,23.546,1.0,1.0,1
82391,31.05.2024 05:41:40.920000,106.952,-99.0417,11.4694,11.369,11.373,91.6501,2.72228,2.83075,7.12671,8.8525,643.37,640.58,1.43168,2.8239,0.888989,3.09948,11.4274,23.546,23.546,1.0,1.0,1
82392,31.05.2024 05:41:40.930000,106.952,-109.424,11.4694,11.345,11.373,91.646,2.73538,2.82409,7.12671,8.8525,643.37,640.58,1.43168,2.8239,0.888989,3.09948,11.4293,23.3869,23.3869,1.0,1.0,1
82393,31.05.2024 05:41:40.940000,100.442,-109.424,11.4694,11.345,11.356,91.646,2.74334,2.81933,7.65794,7.65182,643.345,640.5,1.15747,2.93589,0.908291,3.21576,11.4293,23.3869,23.3869,1.0,1.0,1
82394,31.05.2024 05:41:40.950000,74.7345,-126.233,11.4753,11.386,11.361,91.744,2.74544,2.81801,9.13434,8.35375,643.35,640.48,0.968847,2.50125,0.975865,3.23439,11.4294,23.3869,23.3869,1.0,1.0,1
82395,31.05.2024 05:41:40.960000,74.7345,-126.233,11.4761,11.386,11.361,91.8881,2.74556,2.8179,9.13434,8.35375,643.35,640.48,0.968847,2.50125,0.975865,3.23439,11.4285,23.4086,23.4086,1.0,1.0,1
82396,31.05.2024 05:41:40.970000,74.7345,-126.233,11.4761,11.386,11.361,91.8881,2.74556,2.8179,9.13434,8.35375,643.35,640.48,0.968847,2.50125,0.975865,3.23439,11.4285,23.4086,23.4086,1.0,1.0,1
82397,31.05.2024 05:41:40.980000,33.7006,-138.428,11.4761,11.361,11.401,91.8881,2.73179,2.8106,8.56711,4.87115,643.345,640.46,0.858152,2.51215,0.941383,3.25013,11.4285,24.2188,24.2188,1.0,1.0,1
82398,31.05.2024 05:41:40.990000,33.7006,-138.428,11.4761,11.361,11.401,91.8881,2.73179,2.8106,8.56711,4.87115,643.345,640.46,0.858152,2.51215,0.941383,3.25013,11.4285,24.2188,24.2188,1.0,1.0,1
82399,31.05.2024 05:41:41.000000,-14.0076,-166.855,11.4582,11.362,11.395,91.7757,2.71042,2.80688,7.45183,6.26704,643.35,640.45,0.875105,2.43433,0.785378,3.18024,11.4301,24.2188,24.2188,1.0,1.0,1
82400,31.05.2024 05:41:41.010000,-14.0076,-166.855,11.4582,11.362,11.395,91.7757,2.71042,2.80688,7.45183,6.26704,643.35,640.45,0.875105,2.43433,0.785378,3.18024,11.4301,24.2188,24.2188,1.0,1.0,1
82401,31.05.2024 05:41:41.020000,-55.3711,-205.582,11.4513,11.358,11.407,91.7514,2.69138,2.80698,6.91768,4.72925,643.35,640.475,0.954921,2.56065,0.692806,3.10963,11.4312,24.9855,24.9855,0.0,1.0,1
82402,31.05.2024 05:41:41.030000,-89.2364,-220.743,11.4621,11.368,11.367,91.7589,2.69998,2.80771,6.72403,7.02307,643.315,640.395,1.16639,3.12817,0.805248,2.97314,11.4312,25.1302,25.1302,0.0,1.0,1
82403,31.05.2024 05:41:41.040000,-89.2364,-220.743,11.4612,11.368,11.367,91.705,2.70905,2.81037,6.72403,7.02307,643.315,640.395,1.16639,3.12817,0.805248,2.97314,11.4318,25.1302,25.1302,0.0,1.0,1
82404,31.05.2024 05:41:41.050000,-105.469,-212.256,11.4612,11.322,11.39,91.705,2.72454,2.81502,6.27815,7.78791,643.285,640.3,1.18423,3.10283,0.789288,2.88823,11.4318,25.1302,25.1302,0.0,1.0,1
82405,31.05.2024 05:41:41.060000,-114.532,-211.926,11.4481,11.344,11.354,91.705,2.72936,2.81514,6.27815,7.78791,643.285,640.3,1.03583,2.72955,0.843506,2.82426,11.4326,24.7324,24.7324,0.0,1.0,1
82406,31.05.2024 05:41:41.070000,-114.532,-211.926,11.4554,11.344,11.354,91.6889,2.72691,2.81614,7.10998,7.64109,643.245,640.24,1.03583,2.72955,0.843506,2.82426,11.4326,24.2911,24.2911,0.0,1.0,1
82407,31.05.2024 05:41:41.080000,-123.514,-223.297,11.4554,11.345,11.367,91.6889,2.71956,2.81669,7.59647,4.12263,643.235,640.25,0.848222,2.29826,0.904278,2.70583,11.4333,24.2911,24.2911,0.0,1.0,1
82408,31.05.2024 05:41:41.090000,-123.514,-223.379,11.4536,11.342,11.367,91.7148,2.70541,2.81719,7.59647,4.12263,643.235,640.25,0.848222,2.29826,0.904278,2.70583,11.4334,24.8409,24.8409,0.0,1.0,1
82409,31.05.2024 05:41:41.100000,-158.78,-223.379,11.4536,11.342,11.366,91.7224,2.70182,2.81885,6.03946,4.23449,643.22,640.255,0.776769,2.48565,0.932243,2.55848,11.4334,24.8409,24.8409,0.0,1.0,1
82410,31.05.2024 05:41:41.110000,-176.001,-221.155,11.4536,11.338,11.333,91.7224,2.70347,2.82087,7.29941,4.27592,643.205,640.225,0.682075,2.70581,0.862011,2.41233,11.4336,24.7902,24.7902,0.0,1.0,1
82411,31.05.2024 05:41:41.120000,-176.001,-221.155,11.4536,11.338,11.333,91.7224,2.70347,2.82087,7.29941,4.27592,643.205,640.225,0.682075,2.70581,0.862011,2.41233,11.4336,24.7902,24.7902,0.0,1.0,1
82412,31.05.2024 05:41:41.130000,-176.001,-221.155,11.4519,11.338,11.333,91.7004,2.71225,2.82109,7.38706,5.86578,643.21,640.22,0.6481,2.71425,0.762657,2.34315,11.4349,24.7034,24.7034,0.0,1.0,1
82413,31.05.2024 05:41:41.140000,-188.031,-217.694,11.4633,11.32,11.322,91.7031,2.73998,2.82147,8.34466,6.23389,643.205,640.15,0.805671,3.0748,0.715775,2.15997,11.4351,24.8553,24.8553,0.0,1.0,1
82414,31.05.2024 05:41:41.150000,-188.031,-217.694,11.4757,11.32,11.322,91.7343,2.74112,2.82169,8.34466,6.23389,643.205,640.15,0.805671,3.0748,0.715775,2.15997,11.4351,24.3056,24.3056,0.0,1.0,1
82415,31.05.2024 05:41:41.160000,-189.596,-210.937,11.4757,11.313,11.304,91.7343,2.7373,2.82122,8.42945,6.04359,643.16,640.085,0.962751,3.16807,0.691456,2.08042,11.436,24.3056,24.3056,0.0,1.0,1
82416,31.05.2024 05:41:41.170000,-189.596,-215.716,11.4624,11.315,11.304,91.8812,2.71631,2.81893,8.42945,6.04359,643.16,640.085,0.962751,3.16807,0.691456,2.08042,11.4361,25.0868,25.0868,0.0,1.0,1
82417,31.05.2024 05:41:41.180000,-198.578,-215.716,11.4624,11.315,11.303,91.8812,2.70357,2.81733,6.95639,5.72635,643.125,640.06,0.844679,2.769,0.738438,2.07749,11.4361,25.0868,25.0868,0.0,1.0,1
82418,31.05.2024 05:41:41.190000,-198.743,-218.188,11.4586,11.317,11.35,91.8473,2.69459,2.81587,7.3167,5.66377,643.12,640.055,0.691229,2.75118,0.748802,1.97667,11.4366,25.3834,25.3834,0.0,1.0,1
82419,31.05.2024 05:41:41.200000,-198.743,-218.188,11.4586,11.317,11.35,91.8473,2.69459,2.81587,7.3167,5.66377,643.12,640.055,0.691229,2.75118,0.748802,1.97667,11.4366,25.3834,25.3834,0.0,1.0,1
82420,31.05.2024 05:41:41.210000,-198.743,-218.188,11.4612,11.317,11.35,91.8058,2.69141,2.81444,7.71846,5.35282,643.09,640.03,0.72257,2.955,0.650482,1.84399,11.437,25.0434,25.0434,0.0,1.0,1
82421,31.05.2024 05:41:41.220000,-188.773,-219.919,11.448,11.313,11.391,91.7046,2.7033,2.79425,8.3784,6.60151,643.07,639.945,0.696567,2.95386,0.630898,1.83547,11.4381,25.1881,25.1881,0.0,1.0,1
82422,31.05.2024 05:41:41.230000,-188.773,-219.919,11.4527,11.313,11.391,91.8832,2.70983,2.792,8.3784,6.60151,643.07,639.945,0.696567,2.95386,0.630898,1.83547,11.4381,25.1881,25.1881,0.0,1.0,1
82423,31.05.2024 05:41:41.240000,-188.773,-219.919,11.4527,11.313,11.391,91.8832,2.70983,2.792,8.3784,6.60151,643.07,639.945,0.696567,2.95386,0.630898,1.83547,11.4381,25.1881,25.1881,0.0,1.0,1
82424,31.05.2024 05:41:41.250000,-194.046,-216.788,11.4527,11.301,11.385,91.8832,2.71847,2.79321,8.13509,4.95646,643.075,639.89,0.776882,2.64237,0.582874,1.82255,11.4384,25.2026,25.2026,0.0,1.0,1
82425,31.05.2024 05:41:41.260000,-183.829,-219.919,11.4644,11.303,11.382,91.8307,2.7277,2.79357,8.05402,4.822,643.065,639.865,0.986263,2.45294,0.579048,1.8156,11.439,25.2026,25.2026,0.0,1.0,1
82426,31.05.2024 05:41:41.270000,-190.997,-219.095,11.448,11.318,11.346,91.8053,2.72306,2.79329,8.40529,5.37864,643.035,639.815,1.20887,2.5796,0.571911,1.73997,11.4397,25.1374,25.1374,0.0,1.0,1
82427,31.05.2024 05:41:41.280000,-190.997,-219.095,11.4445,11.318,11.346,91.8238,2.71484,2.79376,8.40529,5.37864,643.035,639.815,1.20887,2.5796,0.571911,1.73997,11.4405,25.1374,25.1374,0.0,1.0,1
82428,31.05.2024 05:41:41.290000,-186.136,-218.353,11.4445,11.32,11.341,91.8238,2.69708,2.80356,7.07207,4.47069,643.005,639.735,1.26036,2.27964,0.601364,1.82166,11.4405,25.1374,25.1374,0.0,1.0,1
82429,31.05.2024 05:41:41.300000,-189.185,-218.188,11.4646,11.32,11.323,91.8238,2.69412,2.80549,7.07207,4.47069,643.005,639.735,1.26036,2.27964,0.601364,1.82166,11.4411,25.6438,25.6438,0.0,1.0,1
82430,31.05.2024 05:41:41.310000,-189.185,-218.188,11.4722,11.32,11.323,91.7529,2.69391,2.80363,7.33211,3.67151,642.98,639.735,1.32361,1.9643,0.625244,1.99715,11.4411,25.5642,25.5642,0.0,1.0,1
82431,31.05.2024 05:41:41.320000,-189.596,-218.271,11.4722,11.315,11.342,91.7529,2.69631,2.80195,5.36234,3.92567,642.945,639.715,1.39765,2.09462,0.645599,2.03126,11.4414,25.5642,25.5642,0.0,1.0,1
82432,31.05.2024 05:41:41.330000,-189.596,-216.623,11.4649,11.311,11.342,91.7315,2.70969,2.79945,5.36234,3.92567,642.945,639.715,1.39765,2.09462,0.645599,2.03126,11.4418,25.5642,25.5642,0.0,1.0,1
82433,31.05.2024 05:41:41.340000,-191.656,-216.623,11.4649,11.311,11.339,91.7315,2.71317,2.80246,6.55001,5.27509,642.92,639.66,1.35338,2.18638,0.579987,2.02394,11.4418,25.5642,25.5642,0.0,1.0,1
82434,31.05.2024 05:41:41.350000,-191.574,-213.409,11.4598,11.283,11.331,91.7141,2.71421,2.81016,7.52555,4.80433,642.905,639.64,1.43186,1.85611,0.492733,1.94979,11.4432,25.5498,25.5498,0.0,1.0,1
82435,31.05.2024 05:41:41.360000,-191.574,-213.409,11.4732,11.283,11.331,91.7145,2.71459,2.81584,7.52555,4.80433,642.905,639.64,1.43186,1.85611,0.492733,1.94979,11.4445,24.9421,24.9421,0.0,1.0,1
82436,31.05.2024 05:41:41.370000,-192.398,-218.93,11.4732,11.281,11.333,91.7145,2.70535,2.81436,9.09141,6.01895,642.88,639.615,1.54413,2.05917,0.443623,1.90319,11.4445,24.9421,24.9421,0.0,1.0,1
82437,31.05.2024 05:41:41.380000,-192.398,-218.93,11.4732,11.281,11.333,91.7145,2.70535,2.81436,9.09141,6.01895,642.88,639.615,1.54413,2.05917,0.443623,1.90319,11.4445,24.9421,24.9421,0.0,1.0,1
82438,31.05.2024 05:41:41.390000,-189.02,-213.08,11.4853,11.298,11.324,91.7145,2.69664,2.81215,7.89267,6.47978,642.865,639.58,1.71168,2.3974,0.384316,1.93745,11.4443,24.9421,24.9421,0.0,1.0,1
82439,31.05.2024 05:41:41.400000,-193.799,-209.949,11.4857,11.319,11.32,91.7293,2.68015,2.8111,7.47677,4.07265,642.845,639.595,1.81545,2.50473,0.349888,2.03963,11.444,24.9421,24.9421,0.0,1.0,1
82440,31.05.2024 05:41:41.410000,-193.799,-218.188,11.4884,11.321,11.32,91.782,2.67978,2.81105,7.47677,4.07265,642.845,639.595,1.81545,2.50473,0.349888,2.03963,11.4459,23.4592,23.4592,0.0,1.0,1
82441,31.05.2024 05:41:41.420000,-192.48,-218.188,11.4884,11.321,11.347,91.7284,2.68765,2.80809,6.62039,5.06056,642.795,639.555,1.99932,3.12568,0.295914,2.0558,11.4459,23.4592,23.4592,0.0,1.0,1
82442,31.05.2024 05:41:41.430000,-192.48,-218.188,11.4884,11.321,11.347,91.7284,2.68765,2.80809,6.62039,5.06056,642.795,639.555,1.99932,3.12568,0.295914,2.0558,11.4459,23.4592,23.4592,0.0,1.0,1
82443,31.05.2024 05:41:41.440000,-194.788,-218.436,11.4824,11.311,11.393,91.7284,2.70068,2.80487,7.40313,7.19605,642.79,639.5,1.89528,3.62205,0.307671,2.08888,11.4458,23.4086,23.4086,0.0,1.0,1
82444,31.05.2024 05:41:41.450000,-186.218,-216.705,11.4601,11.31,11.387,91.7351,2.73476,2.79874,8.04695,4.61809,642.745,639.395,2.00763,3.54397,0.347187,2.05979,11.4463,23.8571,23.8571,0.0,1.0,1
82445,31.05.2024 05:41:41.460000,-189.926,-219.424,11.4731,11.31,11.424,91.7351,2.73432,2.79921,8.04695,4.61809,642.745,639.395,2.00763,3.54397,0.347187,2.05979,11.4465,24.4936,24.4936,0.0,1.0,1
82446,31.05.2024 05:41:41.470000,-189.926,-219.424,11.4814,11.31,11.424,91.7334,2.72871,2.79713,9.29482,4.70691,642.71,639.35,1.91327,3.31952,0.379521,2.18987,11.4465,24.2983,24.2983,0.0,1.0,1
82447,31.05.2024 05:41:41.480000,-191.409,-224.368,11.4814,11.311,11.407,91.7334,2.72091,2.79624,8.48184,6.50986,642.675,639.28,1.84911,2.89812,0.345684,2.25376,11.4469,24.2983,24.2983,0.0,1.0,1
82448,31.05.2024 05:41:41.490000,-191.409,-220.084,11.4777,11.308,11.407,91.7753,2.69784,2.79942,8.48184,6.50986,642.675,639.28,1.84911,2.89812,0.345684,2.25376,11.4479,23.9945,23.9945,0.0,1.0,1
82449,31.05.2024 05:41:41.500000,-191.409,-220.084,11.4777,11.308,11.407,91.7753,2.69784,2.79942,8.48184,6.50986,642.675,639.28,1.84911,2.89812,0.345684,2.25376,11.4479,23.9945,23.9945,0.0,1.0,1
82450,31.05.2024 05:41:41.510000,-187.207,-220.084,11.4777,11.308,11.383,91.7725,2.69166,2.80244,6.95843,3.13858,642.645,639.25,1.77551,2.71977,0.191414,2.35095,11.4479,24.0524,24.0524,0.0,1.0,1
82451,31.05.2024 05:41:41.520000,-187.207,-220.084,11.4777,11.308,11.383,91.7725,2.69166,2.80244,6.95843,3.13858,642.645,639.25,1.77551,2.71977,0.191414,2.35095,11.4479,24.0524,24.0524,0.0,1.0,1
82452,31.05.2024 05:41:41.530000,-186.713,-217.364,11.4758,11.31,11.39,91.7486,2.68906,2.79869,6.65896,4.49585,642.6,639.19,1.62237,2.51402,0.0385019,2.36692,11.4491,23.3652,23.3652,0.0,1.0,1
82453,31.05.2024 05:41:41.540000,-191.574,-219.177,11.4857,11.324,11.374,91.7991,2.7002,2.79809,6.4203,5.02986,642.57,639.13,1.5013,2.10907,-0.0548552,2.3747,11.4502,23.3579,23.3579,0.0,1.0,1
82454,31.05.2024 05:41:41.550000,-191.574,-219.177,11.4808,11.324,11.374,91.7312,2.70534,2.79979,6.4203,5.02986,642.57,639.13,1.5013,2.10907,-0.0548552,2.3747,11.4502,23.3579,23.3579,0.0,1.0,1
82455,31.05.2024 05:41:41.560000,-193.469,-226.593,11.4808,11.317,11.349,91.7312,2.70601,2.80129,7.51849,5.20187,642.55,639.13,1.55106,2.19798,-0.10725,2.41584,11.4517,23.3579,23.3579,0.0,1.0,1
82456,31.05.2024 05:41:41.570000,-193.469,-226.593,11.4808,11.317,11.349,91.7312,2.70601,2.80129,7.51849,5.20187,642.55,639.13,1.55106,2.19798,-0.10725,2.41584,11.4517,23.3579,23.3579,0.0,1.0,1
82457,31.05.2024 05:41:41.580000,-193.469,-219.919,11.472,11.306,11.349,91.7303,2.70191,2.80191,7.62715,6.26143,642.53,639.09,1.6892,2.44302,-0.191788,2.37797,11.4517,24.0451,24.0451,0.0,1.0,1
82458,31.05.2024 05:41:41.590000,-189.185,-218.106,11.4902,11.298,11.354,91.8132,2.68717,2.80547,6.06633,5.89856,642.495,639.06,1.80696,2.74192,-0.165916,2.43889,11.4514,24.0596,24.0596,0.0,1.0,1
82459,31.05.2024 05:41:41.600000,-189.185,-218.106,11.5013,11.298,11.354,91.7846,2.68044,2.81093,6.06633,5.89856,642.495,639.06,1.80696,2.74192,-0.165916,2.43889,11.4531,25.5208,25.5208,0.0,1.0,1
82460,31.05.2024 05:41:41.610000,-189.185,-218.106,11.5013,11.298,11.354,91.7846,2.68044,2.81093,6.06633,5.89856,642.495,639.06,1.80696,2.74192,-0.165916,2.43889,11.4531,25.5208,25.5208,0.0,1.0,1
82461,31.05.2024 05:41:41.620000,-191.986,-219.589,11.5013,11.305,11.35,91.7846,2.68445,2.81151,6.34146,5.085,642.475,639.015,1.86964,2.76999,-0.0751151,2.56427,11.4531,25.5208,25.5208,0.0,1.0,1
82462,31.05.2024 05:41:41.630000,-191.986,-219.589,11.5013,11.305,11.35,91.7846,2.68445,2.81151,6.34146,5.085,642.475,639.015,1.86964,2.76999,-0.0751151,2.56427,11.4531,25.5208,25.5208,0.0,1.0,1
82463,31.05.2024 05:41:41.640000,-189.432,-215.552,11.4993,11.315,11.333,91.7778,2.69447,2.80748,7.28039,7.84992,642.435,638.975,1.97683,2.87107,-0.0392417,2.65832,11.4518,25.8319,25.8319,0.0,1.0,1
82464,31.05.2024 05:41:41.650000,-189.432,-215.552,11.4993,11.315,11.333,91.7778,2.69447,2.80748,7.28039,7.84992,642.435,638.975,1.97683,2.87107,-0.0392417,2.65832,11.4518,25.8319,25.8319,0.0,1.0,1
82465,31.05.2024 05:41:41.660000,-196.435,-218.436,11.499,11.324,11.352,91.7543,2.70554,2.81148,8.03563,5.98834,642.385,638.935,1.96808,2.96131,-0.152546,2.72162,11.4531,26.1936,26.1936,0.0,1.0,1
82466,31.05.2024 05:41:41.670000,-195.776,-223.709,11.4812,11.32,11.421,91.7529,2.69982,2.80933,8.01523,7.67697,642.28,638.805,1.66612,2.9672,-0.327865,2.45761,11.4538,26.1936,26.1936,0.0,1.0,1
82467,31.05.2024 05:41:41.680000,-195.776,-223.709,11.4887,11.32,11.421,91.7694,2.69413,2.80526,8.01523,7.67697,642.28,638.805,1.66612,2.9672,-0.327865,2.45761,11.4543,25.9404,25.9404,0.0,1.0,1
82468,31.05.2024 05:41:41.690000,-191.327,-219.754,11.4887,11.317,11.407,91.7694,2.68373,2.8005,6.44861,7.33785,642.275,638.75,1.53685,2.67673,-0.41019,2.28844,11.4543,25.9404,25.9404,0.0,1.0,1
82469,31.05.2024 05:41:41.700000,-196.435,-224.78,11.4956,11.322,11.389,91.7694,2.68045,2.79945,6.44861,7.33785,642.275,638.75,1.61512,2.39786,-0.435322,2.26748,11.4551,25.3038,25.3038,0.0,1.0,1
82470,31.05.2024 05:41:41.710000,-196.435,-224.78,11.483,11.322,11.389,91.7388,2.68283,2.79848,7.97205,3.41883,642.235,638.69,1.61512,2.39786,-0.435322,2.26748,11.4551,25.3545,25.3545,0.0,1.0,1
82471,31.05.2024 05:41:41.720000,-196.435,-224.78,11.483,11.322,11.389,91.7388,2.68283,2.79848,7.97205,3.41883,642.235,638.69,1.61512,2.39786,-0.435322,2.26748,11.4551,25.3545,25.3545,0.0,1.0,1
82472,31.05.2024 05:41:41.730000,-189.596,-222.226,11.483,11.326,11.411,91.7388,2.68559,2.79658,6.85837,5.87366,642.2,638.64,1.64719,2.24988,-0.46175,2.26685,11.4562,24.8987,24.8987,0.0,1.0,1
82473,31.05.2024 05:41:41.740000,-187.289,-214.398,11.4815,11.334,11.356,91.6566,2.7086,2.79325,7.2526,5.29942,642.165,638.675,1.68288,2.17309,-0.460922,2.23057,11.4564,24.8987,24.8987,0.0,1.0,1
82474,31.05.2024 05:41:41.750000,-192.398,-223.462,11.4979,11.344,11.377,91.6509,2.71109,2.79525,8.05112,4.01912,642.15,638.68,1.62143,2.53547,-0.398193,2.32866,11.4574,24.8987,24.8987,0.0,1.0,1
82475,31.05.2024 05:41:41.760000,-192.398,-223.462,11.4979,11.344,11.377,91.6509,2.71109,2.79525,8.05112,4.01912,642.15,638.68,1.62143,2.53547,-0.398193,2.32866,11.4574,24.8987,24.8987,0.0,1.0,1
82476,31.05.2024 05:41:41.770000,-192.398,-223.462,11.5072,11.344,11.377,91.6721,2.71187,2.79684,8.40247,5.07779,642.11,638.6,1.76529,3.07378,-0.398151,2.30402,11.4578,24.8987,24.8987,0.0,1.0,1
82477,31.05.2024 05:41:41.780000,-192.563,-219.754,11.4969,11.337,11.353,91.5869,2.68569,2.79803,8.1049,5.22992,642.07,638.545,1.81803,3.00664,-0.398643,2.33598,11.4595,24.6528,24.6528,0.0,1.0,1
82478,31.05.2024 05:41:41.790000,-192.563,-219.754,11.4818,11.337,11.353,91.6359,2.67332,2.79977,8.1049,5.22992,642.07,638.545,1.81803,3.00664,-0.398643,2.33598,11.4595,25.1447,25.1447,0.0,1.0,1
82479,31.05.2024 05:41:41.800000,-195.529,-216.788,11.4818,11.321,11.356,91.6359,2.66384,2.80087,6.91031,4.93268,642.045,638.535,1.85238,2.8013,-0.399155,2.35485,11.4599,25.1447,25.1447,0.0,1.0,1
82480,31.05.2024 05:41:41.810000,-195.529,-225.522,11.5084,11.32,11.356,91.688,2.65897,2.79963,6.91031,4.93268,642.045,638.535,1.85238,2.8013,-0.399155,2.35485,11.4588,25.0868,25.0868,0.0,1.0,1
82481,31.05.2024 05:41:41.820000,-190.832,-225.522,11.5084,11.32,11.35,91.688,2.66473,2.79767,6.34648,5.48648,642.01,638.52,1.96658,3.12257,-0.315674,2.39605,11.4588,25.0868,25.0868,0.0,1.0,1
82482,31.05.2024 05:41:41.830000,-190.832,-225.522,11.5084,11.32,11.35,91.688,2.66473,2.79767,6.34648,5.48648,642.01,638.52,1.96658,3.12257,-0.315674,2.39605,11.4588,25.0868,25.0868,0.0,1.0,1
82483,31.05.2024 05:41:41.840000,-188.113,-217.035,11.5126,11.324,11.346,91.7337,2.67282,2.79579,7.10177,5.96612,641.955,638.47,2.17897,3.34518,-0.375645,2.35516,11.4605,24.4141,24.4141,0.0,1.0,1
82484,31.05.2024 05:41:41.850000,-190.008,-222.473,11.5061,11.334,11.346,91.8031,2.69597,2.80658,7.4221,5.47964,641.915,638.43,2.26986,3.39049,-0.367485,2.27308,11.4613,24.6021,24.6021,0.0,1.0,1
82485,31.05.2024 05:41:41.860000,-191.409,-220.743,11.513,11.331,11.407,91.8031,2.70075,2.80723,7.4221,5.47964,641.915,638.43,2.26986,3.39049,-0.367485,2.27308,11.4626,24.6021,24.6021,0.0,1.0,1
82486,31.05.2024 05:41:41.870000,-191.409,-220.743,11.4963,11.331,11.407,91.7611,2.69573,2.80633,8.37428,6.38996,641.87,638.345,2.2764,3.51476,-0.361442,2.29238,11.4626,24.4141,24.4141,0.0,1.0,1
82487,31.05.2024 05:41:41.880000,-187.454,-214.481,11.4963,11.337,11.411,91.7611,2.68597,2.8039,8.28346,6.00412,641.795,638.31,2.26135,3.31732,-0.519386,2.23364,11.4629,24.4141,24.4141,0.0,1.0,1
82488,31.05.2024 05:41:41.890000,-187.454,-214.481,11.4963,11.337,11.411,91.7611,2.68597,2.8039,8.28346,6.00412,641.795,638.31,2.26135,3.31732,-0.519386,2.23364,11.4629,24.4141,24.4141,0.0,1.0,1
82489,31.05.2024 05:41:41.900000,-187.454,-219.507,11.4899,11.35,11.411,91.7446,2.6651,2.80272,6.97916,5.51367,641.775,638.255,2.15746,3.23569,-0.566604,2.17862,11.4634,24.906,24.906,0.0,1.0,1
82490,31.05.2024 05:41:41.910000,-187.454,-219.507,11.4899,11.35,11.411,91.7446,2.6651,2.80272,6.97916,5.51367,641.775,638.255,2.15746,3.23569,-0.566604,2.17862,11.4634,24.906,24.906,0.0,1.0,1
82491,31.05.2024 05:41:41.920000,-193.222,-212.668,11.5006,11.35,11.417,91.7718,2.65407,2.80584,5.40922,3.44315,641.74,638.245,2.20456,3.08682,-0.515312,2.17529,11.464,24.906,24.906,0.0,1.0,1
82492,31.05.2024 05:41:41.930000,-192.398,-213.327,11.506,11.348,11.433,91.7623,2.67884,2.79669,6.51623,7.24785,641.71,638.235,2.14626,3.18709,-0.555378,2.17969,11.4643,24.5153,24.5153,0.0,1.0,1
82493,31.05.2024 05:41:41.940000,-190.915,-216.293,11.4981,11.347,11.409,91.7623,2.69415,2.79506,6.51623,7.24785,641.71,638.235,2.14626,3.18709,-0.555378,2.17969,11.4644,24.2694,24.2694,0.0,1.0,1
82494,31.05.2024 05:41:41.950000,-190.915,-216.293,11.4911,11.347,11.409,91.8338,2.70494,2.79431,8.1405,4.21184,641.695,638.19,2.20495,3.40593,-0.498398,2.28082,11.4644,24.2694,24.2694,0.0,1.0,1
82495,31.05.2024 05:41:41.960000,-190.75,-218.518,11.4911,11.351,11.376,91.8338,2.71349,2.79352,8.08236,3.90043,641.66,638.145,2.52024,3.48436,-0.169628,2.36478,11.4642,24.2694,24.2694,0.0,1.0,1
82496,31.05.2024 05:41:41.970000,-190.75,-218.765,11.4878,11.379,11.376,91.8178,2.71148,2.79369,8.08236,3.90043,641.66,638.145,2.52024,3.48436,-0.169628,2.36478,11.4653,24.7975,24.7975,0.0,1.0,1
82497,31.05.2024 05:41:41.980000,-195.776,-218.765,11.4878,11.379,11.383,91.8178,2.7062,2.79333,8.51843,4.45394,641.595,638.065,2.68758,3.36416,-0.00791919,2.42048,11.4653,24.7975,24.7975,0.0,1.0,1
82498,31.05.2024 05:41:41.990000,-192.728,-213.986,11.5054,11.364,11.377,91.8005,2.69777,2.79377,9.17193,5.30541,641.54,637.99,2.6203,3.08233,0.0314828,2.49602,11.4664,24.2115,24.2115,0.0,1.0,1
82499,31.05.2024 05:41:42.000000,-192.728,-213.986,11.4931,11.364,11.377,91.8146,2.68823,2.79486,9.17193,5.30541,641.54,637.99,2.6203,3.08233,0.0314828,2.49602,11.4671,24.2115,24.2115,0.0,1.0,1
