,time,Pinceur Inf Mesure de courant,Pinceur Sup Mesure de courant,Mandrin - Vitesse Actuelle,Pinceur Sup Mesure vitesse lineaire,Pinceur Inf Mesure vitesse lineaire,Mandrin - Mesure Expansion,Pinceur Nord Position entrefer estimee,Pinceur Sud Position entrefer estimee,Pinceur Nord Force entrefer calibree,Pinceur Sud Force entrefer calibree,Guides Nord Entree Position mesuree,Guides Nord Sortie Position mesuree,Guides Nord Entree Force pour regulateur PI,Guides Nord Sortie Force pour regulateur PI,Guides Sud Entree Force pour regulateur PI,Guides Sud Sortie Force pour regulateur PI,Mandrin - Vitesse Actuelle F10,_Excentrage largeur bande jauge bob,_Excentrage largeur bande jauge bob.1,TDB pinceur,Fenetre,Declancheur
90000,31.05.2024 07:58:40.260000,72.9217,62.7044,11.0317,12.176,12.026,30.4357,2.83137,2.78697,19.7677,35.8386,692.23,693.8,6.54803,4.01612,-0.00998074,-0.181551,10.3779,44.9146,44.9146,1.0,1.0,1
90001,31.05.2024 07:58:40.270000,72.9217,62.7044,11.0317,12.176,12.026,30.4357,2.83137,2.78697,19.7677,35.8386,692.23,693.8,6.54803,4.01612,-0.00998074,-0.181551,10.3779,44.9146,44.9146,1.0,1.0,1
90002,31.05.2024 07:58:40.280000,80.9967,68.7195,10.9922,12.164,11.936,30.4691,2.90865,2.91391,32.6339,49.4379,690.6,692.11,6.46139,4.19875,0.0332398,-0.0333102,10.3782,45.11,45.11,1.0,1.0,1
90003,31.05.2024 07:58:40.290000,80.9967,68.7195,10.9922,12.164,11.936,30.4691,2.90865,2.91391,32.6339,49.4379,690.6,692.11,6.46139,4.19875,0.0332398,-0.0333102,10.3782,45.11,45.11,1.0,1.0,1
90004,31.05.2024 07:58:40.300000,89.2364,85.4461,11.002,12.023,11.895,30.472,2.87454,2.95184,35.6073,47.9013,688.1,689.505,6.3001,4.21172,0.0705494,-0.0751117,10.3801,45.8912,45.8912,1.0,1.0,1
90005,31.05.2024 07:58:40.310000,89.2364,85.4461,11.002,12.023,11.895,30.472,2.87454,2.95184,35.6073,47.9013,688.1,689.505,6.3001,4.21172,0.0705494,-0.0751117,10.3801,45.8912,45.8912,1.0,1.0,1
90006,31.05.2024 07:58:40.320000,86.9293,100.36,10.9581,12.006,11.74,30.4807,2.52898,2.67151,29.3852,34.6776,685.54,687.06,6.60154,4.1648,0.109122,-0.0974353,10.381,45.6959,45.6959,1.0,1.0,1
90007,31.05.2024 07:58:40.330000,115.356,118.899,10.9958,11.977,11.658,30.3829,2.41375,2.44567,16.9573,20.7873,683.845,685.4,6.2149,4.22435,0.0894265,-0.147736,10.3814,45.1751,45.1751,1.0,1.0,1
90008,31.05.2024 07:58:40.340000,115.356,136.45,11.0014,11.977,11.75,30.3829,2.41375,2.44567,16.9573,20.7873,683.06,684.52,6.16282,4.61013,0.0476307,-0.142258,10.3827,45.1751,45.1751,1.0,1.0,1
90009,31.05.2024 07:58:40.350000,123.926,136.45,10.9911,11.952,11.75,30.4202,2.35913,2.29416,14.0715,3.24632,682.2,683.68,6.30506,5.2757,0.0174546,-0.202664,10.3827,45.9491,45.9491,1.0,1.0,1
90010,31.05.2024 07:58:40.360000,165.619,206.982,11.0342,11.793,11.563,30.4202,2.32701,2.15632,8.49197,-3.00677,681.375,682.805,6.11887,4.94428,0.0670437,-0.249382,10.3834,45.9491,45.9491,1.0,1.0,1
90011,31.05.2024 07:58:40.370000,165.619,206.982,11.0342,11.793,11.563,30.3919,2.32701,2.15632,8.49197,-3.00677,679.705,681.17,6.2028,4.63117,0.116789,-0.232262,10.3849,45.9491,45.9491,1.0,1.0,1
90012,31.05.2024 07:58:40.380000,196.683,285.425,10.9617,11.732,11.558,30.3672,2.33103,2.1741,9.51236,-2.07486,678.85,680.36,6.69022,4.79932,0.0855221,-0.24078,10.3849,45.3921,45.3921,1.0,1.0,1
90013,31.05.2024 07:58:40.390000,196.683,351.26,10.9617,11.732,11.475,30.3672,2.36676,2.21091,9.2402,-0.996043,677.99,679.48,6.5307,4.92078,0.154021,-0.209694,10.3864,45.3921,45.3921,1.0,1.0,1
90014,31.05.2024 07:58:40.400000,233.432,351.26,10.9984,11.733,11.475,30.3836,2.36676,2.21091,9.2402,-0.996043,676.295,677.77,6.5404,4.77305,0.185904,-0.191235,10.3872,49.0451,49.0451,1.0,1.0,1
90015,31.05.2024 07:58:40.410000,233.432,351.26,10.9984,11.733,11.475,30.3836,2.36676,2.21091,9.2402,-0.996043,676.295,677.77,6.5404,4.77305,0.185904,-0.191235,10.3872,49.0451,49.0451,1.0,1.0,1
90016,31.05.2024 07:58:40.420000,260.129,349.2,10.9984,11.741,11.506,30.4428,2.41196,2.36002,9.31962,3.78448,675.505,676.955,6.04423,4.3521,0.200016,-0.178871,10.3872,49.0451,49.0451,1.0,1.0,1
90017,31.05.2024 07:58:40.430000,260.129,349.2,10.9984,11.741,11.506,30.4428,2.41196,2.36002,9.31962,3.78448,675.505,676.955,6.04423,4.3521,0.200016,-0.178871,10.3872,49.0451,49.0451,1.0,1.0,1
90018,31.05.2024 07:58:40.440000,296.054,369.552,11.0399,11.714,11.4,30.3866,2.4321,2.47254,13.4123,15.6326,673.8,675.345,6.16902,4.28105,0.17095,-0.241967,10.3888,49.6455,49.6455,1.0,1.0,1
90019,31.05.2024 07:58:40.450000,296.054,369.552,11.0399,11.714,11.4,30.3866,2.4321,2.47254,13.4123,15.6326,673.8,675.345,6.16902,4.28105,0.17095,-0.241967,10.3888,49.6455,49.6455,1.0,1.0,1
90020,31.05.2024 07:58:40.460000,308.743,443.298,10.9711,11.615,11.413,30.3698,2.43728,2.56612,12.7461,21.865,671.3,672.76,6.20272,4.59961,0.079369,-0.260716,10.3909,48.0396,48.0396,1.0,1.0,1
90021,31.05.2024 07:58:40.470000,308.743,443.298,10.9711,11.615,11.413,30.3698,2.43728,2.56612,12.7461,21.865,671.3,672.76,6.20272,4.59961,0.079369,-0.260716,10.3909,48.0396,48.0396,1.0,1.0,1
90022,31.05.2024 07:58:40.480000,328.519,440.661,11.0362,11.673,11.377,30.3766,2.45364,2.54588,15.1833,22.3737,669.605,671.075,6.37103,4.21306,0.111363,-0.285181,10.3921,48.8715,48.8715,1.0,1.0,1
90023,31.05.2024 07:58:40.490000,370.624,482.437,10.9618,11.67,11.341,30.4053,2.46377,2.47313,16.0016,19.299,667.085,668.635,5.7592,4.03947,0.107602,-0.283657,10.3933,50.8536,50.8536,1.0,1.0,1
90024,31.05.2024 07:58:40.500000,370.624,497.186,11.01,11.67,11.384,30.4053,2.46377,2.47313,16.0016,19.299,666.225,667.785,5.66459,4.12405,0.133349,-0.291205,10.3941,50.8536,50.8536,1.0,1.0,1
90025,31.05.2024 07:58:40.510000,386.197,497.186,10.9775,11.692,11.384,30.3846,2.44372,2.39696,16.7862,11.1654,665.405,666.865,5.47738,4.41964,0.152405,-0.267443,10.3941,47.9745,47.9745,1.0,1.0,1
90026,31.05.2024 07:58:40.520000,392.789,504.52,11.0513,11.731,11.354,30.3846,2.40488,2.32204,15.233,7.17233,664.55,666.03,5.42534,4.02622,0.133057,-0.162384,10.3951,47.9745,47.9745,1.0,1.0,1
90027,31.05.2024 07:58:40.530000,392.789,504.52,11.0513,11.731,11.354,30.3846,2.40488,2.32204,15.233,7.17233,664.55,666.03,5.42534,4.02622,0.133057,-0.162384,10.3951,47.9745,47.9745,1.0,1.0,1
90028,31.05.2024 07:58:40.540000,392.789,504.52,11.0513,11.731,11.354,30.4078,2.36666,2.28664,14.0583,5.64416,662.93,664.435,5.72161,3.86646,0.151265,-0.106964,10.396,46.2529,46.2529,1.0,1.0,1
90029,31.05.2024 07:58:40.550000,402.264,473.95,11.0119,11.802,11.368,30.4331,2.33898,2.28138,11.1246,3.36268,661.255,662.775,6.34788,3.81479,0.228119,-0.0177081,10.3969,46.4988,46.4988,1.0,1.0,1
90030,31.05.2024 07:58:40.560000,412.07,473.95,10.9614,11.761,11.368,30.3974,2.33898,2.28138,11.1246,3.36268,659.575,661.06,6.25544,4.10171,0.12613,-0.0345367,10.3977,45.4572,45.4572,1.0,1.0,1
90031,31.05.2024 07:58:40.570000,412.07,473.95,10.9614,11.761,11.368,30.3974,2.33898,2.28138,11.1246,3.36268,659.575,661.06,6.25544,4.10171,0.12613,-0.0345367,10.3977,45.4572,45.4572,1.0,1.0,1
90032,31.05.2024 07:58:40.580000,426.077,538.55,10.9614,11.713,11.374,30.4269,2.34317,2.31715,11.1822,6.35115,658.735,660.195,5.89964,3.62945,0.145317,-0.142212,10.3977,44.8423,44.8423,1.0,1.0,1
90033,31.05.2024 07:58:40.590000,435.47,547.449,10.9842,11.748,11.407,30.3832,2.36045,2.36991,10.8376,8.27833,657.09,658.555,5.63582,3.71059,0.21358,-0.272297,10.3986,44.4372,44.4372,1.0,1.0,1
90034,31.05.2024 07:58:40.600000,435.47,547.449,10.9842,11.748,11.407,30.3832,2.36045,2.36991,10.8376,8.27833,657.09,658.555,5.63582,3.71059,0.21358,-0.272297,10.3986,44.4372,44.4372,1.0,1.0,1
90035,31.05.2024 07:58:40.610000,445.441,559.643,11.0643,11.705,11.381,30.3832,2.37362,2.40637,11.1611,11.2155,656.245,657.735,5.73565,4.31456,0.0048489,-0.360564,10.399,43.6632,43.6632,1.0,1.0,1
90036,31.05.2024 07:58:40.620000,445.441,559.643,11.0643,11.705,11.381,30.3832,2.37362,2.40637,11.1611,11.2155,656.245,657.735,5.73565,4.31456,0.0048489,-0.360564,10.399,43.6632,43.6632,1.0,1.0,1
90037,31.05.2024 07:58:40.630000,441.568,584.28,11.0319,11.693,11.401,30.4468,2.37702,2.41845,12.0553,11.6624,653.795,655.26,6.21164,4.49525,0.0125832,-0.395983,10.4001,43.9019,43.9019,1.0,1.0,1
90038,31.05.2024 07:58:40.640000,441.568,584.28,11.0319,11.693,11.401,30.4468,2.37702,2.41845,12.0553,11.6624,653.795,655.26,6.21164,4.49525,0.0125832,-0.395983,10.4001,43.9019,43.9019,1.0,1.0,1
90039,31.05.2024 07:58:40.650000,459.86,565.082,11.0047,11.685,11.41,30.4738,2.37847,2.41667,12.1047,12.5248,651.3,652.735,5.71543,4.12445,0.0894322,-0.294419,10.4013,43.8874,43.8874,1.0,1.0,1
90040,31.05.2024 07:58:40.660000,459.86,565.082,11.0047,11.685,11.41,30.4738,2.37847,2.41667,12.1047,12.5248,651.3,652.735,5.71543,4.12445,0.0894322,-0.294419,10.4013,43.8874,43.8874,1.0,1.0,1
90041,31.05.2024 07:58:40.670000,468.182,526.602,11.0749,11.735,11.425,30.524,2.3772,2.37627,12.9015,11.9245,649.645,651.1,5.84448,3.86473,0.197918,-0.198277,10.4016,43.8874,43.8874,1.0,1.0,1
90042,31.05.2024 07:58:40.680000,475.021,496.857,11.0427,11.72,11.491,30.4706,2.37382,2.35783,12.63,9.41524,647.17,648.6,5.97232,3.86421,0.319951,-0.262551,10.4025,43.2292,43.2292,1.0,1.0,1
90043,31.05.2024 07:58:40.690000,475.021,496.857,11.0427,11.72,11.491,30.4319,2.37382,2.35783,12.63,9.41524,646.315,647.795,6.16527,4.11841,0.30345,-0.302882,10.4038,43.2292,43.2292,1.0,1.0,1
90044,31.05.2024 07:58:40.700000,464.145,464.062,11.0607,11.713,11.472,30.431,2.3672,2.35221,13.4458,9.58435,645.49,646.93,6.46228,4.10178,0.234444,-0.290036,10.4038,43.2292,43.2292,1.0,1.0,1
90045,31.05.2024 07:58:40.710000,464.145,464.062,11.0607,11.713,11.472,30.431,2.3672,2.35221,13.4458,9.58435,645.49,646.93,6.46228,4.10178,0.234444,-0.290036,10.4038,43.2292,43.2292,1.0,1.0,1
90046,31.05.2024 07:58:40.720000,464.145,444.122,11.0607,11.713,11.528,30.431,2.36616,2.34959,13.564,9.86401,644.62,646.13,6.42665,4.28355,0.130862,-0.302222,10.4051,44.307,44.307,1.0,1.0,1
90047,31.05.2024 07:58:40.730000,464.145,444.122,11.0607,11.713,11.528,30.431,2.36616,2.34959,13.564,9.86401,644.62,646.13,6.42665,4.28355,0.130862,-0.302222,10.4051,44.307,44.307,1.0,1.0,1
90048,31.05.2024 07:58:40.740000,475.021,430.527,11.0965,11.791,11.513,30.4544,2.36216,2.35561,13.4586,7.99409,642.205,643.625,5.88431,4.14935,0.136568,-0.295712,10.4055,44.9002,44.9002,1.0,1.0,1
90049,31.05.2024 07:58:40.750000,461.014,405.972,11.0361,11.754,11.586,30.4883,2.35447,2.35825,12.6394,8.3287,640.55,641.99,5.6775,3.83676,0.238306,-0.177018,10.4067,44.9002,44.9002,1.0,1.0,1
90050,31.05.2024 07:58:40.760000,425.171,378.369,11.0361,11.685,11.608,30.4883,2.34753,2.35771,13.016,9.82019,638.945,640.345,6.04101,3.96436,0.248829,-0.205761,10.4076,44.9002,44.9002,1.0,1.0,1
90051,31.05.2024 07:58:40.770000,425.171,378.369,11.1087,11.685,11.608,30.4552,2.34753,2.35771,13.016,9.82019,638.15,639.54,6.6723,3.99401,0.286869,-0.107552,10.4082,44.9291,44.9291,1.0,1.0,1
90052,31.05.2024 07:58:40.780000,400.946,354.474,11.0798,11.71,11.62,30.4433,2.33973,2.35805,12.9816,9.35285,637.28,638.69,6.97685,3.97802,0.316981,-0.0829738,10.4082,44.0755,44.0755,1.0,1.0,1
90053,31.05.2024 07:58:40.790000,400.946,326.129,11.0798,11.71,11.636,30.4433,2.33809,2.3538,12.3427,9.92395,636.425,637.885,6.65659,3.98961,0.43861,-0.00762969,10.4092,44.0755,44.0755,1.0,1.0,1
90054,31.05.2024 07:58:40.800000,400.946,326.129,11.0798,11.71,11.636,30.4433,2.33809,2.3538,12.3427,9.92395,636.425,637.885,6.65659,3.98961,0.43861,-0.00762969,10.4092,44.0755,44.0755,1.0,1.0,1
90055,31.05.2024 07:58:40.810000,382.242,326.129,11.0816,11.777,11.636,30.4568,2.33517,2.35307,12.22,7.97389,634.78,636.23,6.51606,3.89223,0.472338,0.0138204,10.4101,44.0755,44.0755,1.0,1.0,1
90056,31.05.2024 07:58:40.820000,382.242,326.129,11.0816,11.777,11.636,30.4568,2.33517,2.35307,12.22,7.97389,634.78,636.23,6.51606,3.89223,0.472338,0.0138204,10.4101,44.0755,44.0755,1.0,1.0,1
90057,31.05.2024 07:58:40.830000,352.908,296.548,11.1175,11.735,11.665,30.4688,2.32838,2.35154,11.9676,7.23998,633.16,634.58,6.40523,4.09013,0.462721,-0.0968192,10.4114,44.0755,44.0755,1.0,1.0,1
90058,31.05.2024 07:58:40.840000,352.908,296.548,11.1175,11.735,11.665,30.4688,2.32838,2.35154,11.9676,7.23998,633.16,634.58,6.40523,4.09013,0.462721,-0.0968192,10.4114,44.0755,44.0755,1.0,1.0,1
90059,31.05.2024 07:58:40.850000,320.608,297.372,11.059,11.733,11.683,30.4993,2.32721,2.35096,11.6834,8.00659,630.665,632.08,6.38557,4.12886,0.310933,-0.161927,10.4128,45.4355,45.4355,1.0,1.0,1
90060,31.05.2024 07:58:40.860000,320.608,297.372,11.059,11.733,11.683,30.4993,2.32721,2.35096,11.6834,8.00659,630.665,632.08,6.38557,4.12886,0.310933,-0.161927,10.4128,45.4355,45.4355,1.0,1.0,1
90061,31.05.2024 07:58:40.870000,316.983,299.267,11.1284,11.754,11.681,30.5248,2.32857,2.35103,11.7244,8.78833,629.02,630.43,6.23746,3.96241,0.447733,-0.163384,10.414,45.4355,45.4355,1.0,1.0,1
90062,31.05.2024 07:58:40.880000,321.02,295.889,11.1076,11.696,11.666,30.4939,2.32928,2.34953,11.5745,8.26318,626.585,627.975,5.93851,3.88956,0.439444,-0.142313,10.4159,46.1806,46.1806,1.0,1.0,1
90063,31.05.2024 07:58:40.890000,321.02,295.889,11.1076,11.696,11.666,30.4939,2.32928,2.34953,11.5745,8.26318,626.585,627.975,5.93851,3.88956,0.439444,-0.142313,10.4159,46.1806,46.1806,1.0,1.0,1
90064,31.05.2024 07:58:40.900000,309.402,298.938,11.1076,11.688,11.654,30.3545,2.32508,2.34661,11.2998,8.12453,625.765,627.18,5.97146,3.96272,0.397421,-0.171748,10.4159,46.5495,46.5495,1.0,1.0,1
90065,31.05.2024 07:58:40.910000,313.275,302.646,11.1624,11.672,11.636,30.472,2.32065,2.34164,11.4902,7.53985,624.155,625.615,6.50574,4.12003,0.5506,-0.122052,10.4169,47.1788,47.1788,1.0,1.0,1
90066,31.05.2024 07:58:40.920000,316.571,301.245,11.1274,11.743,11.655,30.472,2.31496,2.33337,11.2619,7.32592,623.33,624.805,6.57337,5.03748,0.571114,-0.170506,10.4188,47.1788,47.1788,1.0,1.0,1
90067,31.05.2024 07:58:40.930000,316.571,301.245,11.1274,11.743,11.655,30.7754,2.31496,2.33337,11.2619,7.32592,621.685,623.175,6.96878,5.2126,0.584284,-0.0172008,10.4198,47.2439,47.2439,1.0,1.0,1
90068,31.05.2024 07:58:40.940000,316.571,301.245,11.1274,11.743,11.655,30.7754,2.31496,2.33337,11.2619,7.32592,621.685,623.175,6.96878,5.2126,0.584284,-0.0172008,10.4198,47.2439,47.2439,1.0,1.0,1
90069,31.05.2024 07:58:40.950000,318.631,304.871,11.136,11.706,11.654,31.2281,2.3111,2.32873,11.3123,6.49502,620.845,622.35,6.71674,5.5862,0.685257,-0.142203,10.4198,47.2512,47.2512,1.0,1.0,1
90070,31.05.2024 07:58:40.960000,321.68,303.47,11.1529,11.698,11.661,32.0288,2.3073,2.3259,11.5426,7.49435,618.385,619.915,6.14152,4.80096,0.721928,-0.0820106,10.4224,47.2512,47.2512,1.0,1.0,1
90071,31.05.2024 07:58:40.970000,311.545,301.163,11.1529,11.607,11.676,32.999,2.30418,2.32252,11.503,8.1959,617.535,619.125,6.25866,5.50194,0.674454,-0.138171,10.4224,47.2512,47.2512,1.0,1.0,1
90072,31.05.2024 07:58:40.980000,311.545,305.777,11.1416,11.607,11.619,32.999,2.30418,2.32252,11.503,8.1959,616.73,618.315,6.02351,6.05653,0.697836,-0.119631,10.4239,47.2512,47.2512,1.0,1.0,1
90073,31.05.2024 07:58:40.990000,318.631,305.777,11.1242,11.603,11.619,34.0417,2.29535,2.32144,11.4637,7.38199,615.905,617.58,5.76513,6.03069,0.778046,-0.0506576,10.4239,47.9311,47.9311,1.0,1.0,1
90074,31.05.2024 07:58:41.000000,318.631,305.777,11.1242,11.603,11.619,34.0417,2.29535,2.32144,11.4637,7.38199,615.905,617.58,5.76513,6.03069,0.778046,-0.0506576,10.4239,47.9311,47.9311,1.0,1.0,1
90075,31.05.2024 07:58:41.010000,318.466,304.129,11.1069,11.66,11.586,34.0417,2.29038,2.31944,11.0316,6.71602,615.06,616.8,6.07129,7.22783,0.682177,-0.0787051,10.4252,47.7431,47.7431,1.0,1.0,1
90076,31.05.2024 07:58:41.020000,318.466,304.129,11.1069,11.66,11.586,34.0417,2.29038,2.31944,11.0316,6.71602,615.06,616.8,6.07129,7.22783,0.682177,-0.0787051,10.4252,47.7431,47.7431,1.0,1.0,1
90077,31.05.2024 07:58:41.030000,320.361,304.459,11.0969,11.657,11.523,36.4478,2.28391,2.32066,11.3963,8.03713,612.635,614.515,6.50707,9.60458,1.39965,0.365038,10.4263,48.1337,48.1337,1.0,1.0,1
90078,31.05.2024 07:58:41.040000,315.994,306.601,11.0617,11.685,11.467,37.7616,2.28295,2.31979,11.4862,8.23381,610.1,612.195,5.91754,10.9606,1.78116,0.685873,10.4291,48.1337,48.1337,1.0,1.0,1
90079,31.05.2024 07:58:41.050000,315.994,306.601,11.0617,11.685,11.467,37.7616,2.28295,2.31979,11.4862,8.23381,610.1,612.195,5.91754,10.9606,1.78116,0.685873,10.4291,48.1337,48.1337,1.0,1.0,1
90080,31.05.2024 07:58:41.060000,328.271,305.365,11.0617,11.708,11.452,38.9726,2.27735,2.31581,10.2818,7.43759,609.265,611.555,5.5347,11.2631,1.9814,0.659881,10.4291,47.5622,47.5622,1.0,1.0,1
90081,31.05.2024 07:58:41.070000,315.17,303.387,11.0567,11.693,11.397,40.3813,2.26938,2.31248,10.003,7.51014,607.605,610.15,5.02105,15.4455,2.36757,1.26032,10.4308,47.215,47.215,1.0,1.0,1
90082,31.05.2024 07:58:41.080000,326.294,305.777,11.0567,11.726,11.332,40.3813,2.26573,2.30203,10.1183,7.88255,606.09,608.705,4.79317,16.8121,2.54515,1.81243,10.4322,47.215,47.215,1.0,1.0,1
90083,31.05.2024 07:58:41.090000,326.294,305.777,11.0602,11.726,11.332,41.7349,2.26573,2.30203,10.1183,7.88255,605.51,607.935,4.94674,18.0933,2.95419,2.43656,10.4342,47.215,47.215,1.0,1.0,1
90084,31.05.2024 07:58:41.100000,323.657,301.739,11.0216,11.607,11.221,43.152,2.26038,2.29958,9.49115,6.87252,604.99,607.355,-4.10628,8.05945,5.51779,4.12634,10.4342,46.8605,46.8605,1.0,1.0,1
90085,31.05.2024 07:58:41.110000,323.657,310.226,11.0216,11.607,11.114,43.152,2.2583,2.29261,9.50541,5.89522,605.3,607.605,-6.16571,2.34461,7.45656,5.02153,10.4366,46.8605,46.8605,1.0,1.0,1
90086,31.05.2024 07:58:41.120000,320.196,310.226,11.0031,11.715,11.114,44.5599,2.2583,2.29261,9.50541,5.89522,605.37,608.135,-0.617504,6.2193,9.45829,6.13842,10.4373,45.7755,45.7755,1.0,1.0,1
90087,31.05.2024 07:58:41.130000,330.826,300.256,11.0031,11.759,11.05,45.9311,2.25092,2.29071,9.45118,5.75139,605.155,607.85,4.86517,14.2336,11.0968,7.49992,10.4373,44.7627,44.7627,1.0,1.0,1
90088,31.05.2024 07:58:41.140000,330.826,300.256,11.0031,11.759,11.05,45.9311,2.25092,2.29071,9.45118,5.75139,605.155,607.85,4.86517,14.2336,11.0968,7.49992,10.4373,44.7627,44.7627,1.0,1.0,1
90089,31.05.2024 07:58:41.150000,330.826,310.144,10.9133,11.759,10.894,45.9311,2.24865,2.28983,8.7202,4.8451,605.17,607.655,3.86536,16.1266,12.2101,8.77429,10.4399,44.7627,44.7627,1.0,1.0,1
90090,31.05.2024 07:58:41.160000,324.481,307.507,10.9027,11.772,10.839,47.4,2.25073,2.29394,8.99109,5.51546,605.305,608.025,5.35371,12.1487,13.1586,10.048,10.4424,44.7627,44.7627,1.0,1.0,1
90091,31.05.2024 07:58:41.170000,324.481,307.507,10.9027,11.772,10.839,47.4,2.25073,2.29394,8.99109,5.51546,605.305,608.025,5.35371,12.1487,13.1586,10.048,10.4424,44.7627,44.7627,1.0,1.0,1
90092,31.05.2024 07:58:41.180000,324.481,307.507,10.9027,11.772,10.839,48.7976,2.25382,2.2965,9.66776,6.15015,605.345,607.835,6.22107,15.6287,13.4203,9.79653,10.4447,42.5347,42.5347,1.0,1.0,1
90093,31.05.2024 07:58:41.190000,307.919,307.672,10.847,11.643,10.641,50.3341,2.25124,2.29198,9.55109,6.66554,605.415,607.9,10.6321,12.2888,13.1718,10.0062,10.4459,40.4442,40.4442,1.0,1.0,1
90094,31.05.2024 07:58:41.200000,309.814,307.672,10.7931,11.674,10.641,51.7483,2.25124,2.29198,9.55109,6.66554,605.295,608.025,11.3057,13.4981,12.8577,10.1559,10.448,40.4442,40.4442,1.0,1.0,1
90095,31.05.2024 07:58:41.210000,309.814,307.672,10.7931,11.674,10.641,51.7483,2.25124,2.29198,9.55109,6.66554,605.295,608.025,11.3057,13.4981,12.8577,10.1559,10.448,40.4442,40.4442,1.0,1.0,1
90096,31.05.2024 07:58:41.220000,309.567,296.136,10.7931,11.734,10.68,53.1903,2.24378,2.28876,8.86361,6.41127,605.31,608.04,11.1412,14.7714,12.4829,10.4494,10.448,35.4384,35.4384,1.0,1.0,1
90097,31.05.2024 07:58:41.230000,319.455,307.507,10.7131,11.741,10.645,54.641,2.23851,2.27548,9.43979,6.66944,605.225,608.02,11.3663,15.3094,11.7551,10.8579,10.4497,32.5376,32.5376,1.0,1.0,1
90098,31.05.2024 07:58:41.240000,319.455,307.507,10.7131,11.741,10.645,54.641,2.23851,2.27548,9.43979,6.66944,605.225,608.02,11.3663,15.3094,11.7551,10.8579,10.4497,32.5376,32.5376,1.0,1.0,1
90099,31.05.2024 07:58:41.250000,310.144,303.305,10.7042,11.706,10.631,54.641,2.23204,2.27671,9.56838,5.72827,605.19,607.99,10.6857,15.3778,11.6613,10.9899,10.451,29.5356,29.5356,1.0,1.0,1
90100,31.05.2024 07:58:41.260000,310.144,303.305,10.7042,11.706,10.631,54.641,2.23204,2.27671,9.56838,5.72827,605.19,607.99,10.6857,15.3778,11.6613,10.9899,10.451,29.5356,29.5356,1.0,1.0,1
90101,31.05.2024 07:58:41.270000,320.608,307.425,10.6797,11.675,10.65,57.471,2.24146,2.27302,9.05949,5.89172,605.12,607.945,8.99031,13.8321,12.2866,11.2669,10.4524,27.1123,27.1123,1.0,1.0,1
90102,31.05.2024 07:58:41.280000,320.608,307.425,10.6797,11.675,10.65,57.471,2.24146,2.27302,9.05949,5.89172,605.12,607.945,8.99031,13.8321,12.2866,11.2669,10.4524,27.1123,27.1123,1.0,1.0,1
90103,31.05.2024 07:58:41.290000,311.957,316.406,10.6362,11.648,10.586,58.7582,2.2397,2.27547,8.68478,5.94857,605.165,607.96,7.93396,12.6203,12.7356,11.7609,10.4556,27.1123,27.1123,1.0,1.0,1
90104,31.05.2024 07:58:41.300000,311.957,316.406,10.6362,11.648,10.586,58.7582,2.2397,2.27547,8.68478,5.94857,605.165,607.96,7.93396,12.6203,12.7356,11.7609,10.4556,27.1123,27.1123,1.0,1.0,1
90105,31.05.2024 07:58:41.310000,324.481,310.474,10.6239,11.644,10.426,60.0754,2.23945,2.288,9.25095,7.15645,605.225,608.02,9.24675,12.6113,13.223,12.5452,10.4577,27.0761,27.0761,1.0,1.0,1
90106,31.05.2024 07:58:41.320000,310.721,301.822,10.5076,11.69,10.476,61.354,2.2453,2.29551,10.0307,7.312,605.215,608.055,10.3323,13.0259,12.9011,12.8375,10.459,23.7847,23.7847,1.0,1.0,1
90107,31.05.2024 07:58:41.330000,310.721,301.822,10.5076,11.69,10.476,62.6772,2.2453,2.29551,10.0307,7.312,605.205,608.06,10.525,13.07,12.3638,13.0008,10.4601,23.7847,23.7847,1.0,1.0,1
90108,31.05.2024 07:58:41.340000,319.702,281.634,10.5085,11.75,10.392,63.9936,2.2454,2.29657,8.3759,6.06035,605.19,608.04,10.5798,13.5262,11.503,13.0594,10.4601,23.3145,23.3145,1.0,1.0,1
90109,31.05.2024 07:58:41.350000,319.702,264.413,10.5085,11.75,10.35,63.9936,2.24206,2.28759,9.41665,6.1758,605.18,608.02,10.4051,13.0784,11.2463,12.8945,10.4615,23.3145,23.3145,1.0,1.0,1
90110,31.05.2024 07:58:41.360000,323.163,264.413,10.5168,11.715,10.35,65.4761,2.24206,2.28759,9.41665,6.1758,605.21,608.0,10.2248,12.451,11.0448,12.665,10.4626,22.3669,22.3669,1.0,1.0,1
90111,31.05.2024 07:58:41.370000,323.163,264.413,10.5168,11.715,10.35,65.4761,2.24206,2.28759,9.41665,6.1758,605.21,608.0,10.2248,12.451,11.0448,12.665,10.4626,22.3669,22.3669,1.0,1.0,1
90112,31.05.2024 07:58:41.380000,306.354,242.413,10.5168,11.709,10.277,66.9529,2.23247,2.2834,9.84768,4.28529,605.215,608.005,10.1896,12.1688,10.9694,12.4663,10.4626,22.3669,22.3669,1.0,1.0,1
90113,31.05.2024 07:58:41.390000,308.908,215.634,10.4499,11.741,10.375,68.4483,2.23489,2.27815,9.29673,6.53029,605.205,608.015,10.9813,10.5857,10.9048,12.4854,10.4643,20.6814,20.6814,1.0,1.0,1
90114,31.05.2024 07:58:41.400000,318.631,184.9,10.4499,11.742,10.293,68.4483,2.23716,2.27404,9.78272,5.33202,605.18,608.12,10.5131,10.7576,10.8539,12.4443,10.4656,20.6814,20.6814,1.0,1.0,1
90115,31.05.2024 07:58:41.410000,318.631,184.9,10.4434,11.742,10.293,69.8513,2.23716,2.27404,9.78272,5.33202,605.165,608.135,10.8257,10.9638,10.859,12.6995,10.4675,18.5185,18.5185,1.0,1.0,1
90116,31.05.2024 07:58:41.420000,308.578,184.735,10.4782,11.636,10.328,71.1857,2.24353,2.27509,9.75303,5.78669,605.1,608.115,10.8199,12.3251,10.8489,13.2906,10.4675,18.5185,18.5185,1.0,1.0,1
90117,31.05.2024 07:58:41.430000,308.578,184.735,10.4782,11.636,10.328,71.1857,2.24353,2.27509,9.75303,5.78669,605.1,608.115,10.8199,12.3251,10.8489,13.2906,10.4675,18.5185,18.5185,1.0,1.0,1
90118,31.05.2024 07:58:41.440000,308.578,213.162,10.4782,11.636,10.307,71.1857,2.23786,2.26796,8.89058,5.92542,605.085,608.105,9.80523,12.1684,10.9088,13.3145,10.4682,18.5185,18.5185,1.0,1.0,1
90119,31.05.2024 07:58:41.450000,309.979,199.979,10.4805,11.611,10.392,73.7361,2.23279,2.26463,9.76098,6.27375,605.22,608.07,9.05893,11.4765,11.0011,13.18,10.4696,17.5564,17.5564,1.0,1.0,1
90120,31.05.2024 07:58:41.460000,309.979,173.117,10.3799,11.611,10.403,73.7361,2.23279,2.26463,9.76098,6.27375,605.22,608.045,9.93818,11.2669,10.9975,13.3577,10.4707,17.5564,17.5564,1.0,1.0,1
90121,31.05.2024 07:58:41.470000,327.859,173.117,10.4143,11.594,10.403,75.0836,2.2324,2.26582,9.246,5.45727,605.235,608.045,11.2149,10.332,11.1448,13.6676,10.4707,17.6649,17.6649,1.0,1.0,1
90122,31.05.2024 07:58:41.480000,310.968,168.75,10.428,11.59,10.357,75.0836,2.23695,2.27234,9.49668,6.3192,605.255,608.055,11.6789,10.2832,10.9765,13.6306,10.4714,17.6649,17.6649,1.0,1.0,1
90123,31.05.2024 07:58:41.490000,310.968,168.75,10.428,11.59,10.357,75.0836,2.23695,2.27234,9.49668,6.3192,605.255,608.055,11.6789,10.2832,10.9765,13.6306,10.4714,17.6649,17.6649,1.0,1.0,1
90124,31.05.2024 07:58:41.500000,310.968,168.75,10.428,11.59,10.357,76.3985,2.24384,2.2844,9.47243,6.19319,605.255,608.08,11.8449,9.97394,10.8803,13.4157,10.4727,17.6649,17.6649,1.0,1.0,1
90125,31.05.2024 07:58:41.510000,308.084,169.492,10.4687,11.496,10.399,77.7186,2.2583,2.31298,9.8998,9.47102,605.16,608.07,12.0103,9.9747,10.5873,12.7756,10.4734,17.5854,17.5854,1.0,1.0,1
90126,31.05.2024 07:58:41.520000,324.316,169.492,10.3931,11.488,10.399,79.1119,2.2583,2.31298,9.8998,9.47102,605.065,608.025,11.1758,9.92028,10.5828,12.7833,10.4742,17.4407,17.4407,1.0,1.0,1
90127,31.05.2024 07:58:41.530000,324.316,169.492,10.3931,11.488,10.399,79.1119,2.2583,2.31298,9.8998,9.47102,605.065,608.025,11.1758,9.92028,10.5828,12.7833,10.4742,17.4407,17.4407,1.0,1.0,1
90128,31.05.2024 07:58:41.540000,315.335,145.596,10.3931,11.575,10.333,80.3807,2.26911,2.31809,10.5934,10.8437,605.065,608.015,9.77147,9.62124,10.5833,12.7892,10.4742,17.6288,17.6288,1.0,1.0,1
90129,31.05.2024 07:58:41.550000,315.5,113.379,10.4665,11.559,10.356,81.4898,2.27791,2.3222,12.0328,10.0766,605.035,608.065,8.25917,8.79538,10.1407,12.0834,10.4755,17.5202,17.5202,1.0,1.0,1
90130,31.05.2024 07:58:41.560000,313.44,104.315,10.4416,11.49,10.305,81.4898,2.27207,2.32131,11.2421,8.22473,605.04,608.04,7.74218,9.4299,9.78909,11.8922,10.4769,17.5202,17.5202,1.0,1.0,1
90131,31.05.2024 07:58:41.570000,313.44,104.315,10.4416,11.49,10.305,82.5351,2.27207,2.32131,11.2421,8.22473,605.035,607.96,7.87183,9.2389,9.55361,11.6797,10.4779,17.5202,17.5202,1.0,1.0,1
90132,31.05.2024 07:58:41.580000,313.44,104.315,10.4416,11.49,10.305,82.5351,2.27207,2.32131,11.2421,8.22473,605.035,607.96,7.87183,9.2389,9.55361,11.6797,10.4779,17.5202,17.5202,1.0,1.0,1
90133,31.05.2024 07:58:41.590000,315.582,100.69,10.5337,11.476,10.324,83.6208,2.26095,2.30876,12.1519,10.4499,604.98,607.94,7.49526,7.72612,9.22144,11.0633,10.4779,17.5781,17.5781,1.0,1.0,1
90134,31.05.2024 07:58:41.600000,315.582,100.69,10.5337,11.476,10.324,83.6208,2.26095,2.30876,12.1519,10.4499,604.98,607.94,7.49526,7.72612,9.22144,11.0633,10.4779,17.5781,17.5781,1.0,1.0,1
90135,31.05.2024 07:58:41.610000,307.754,73.1689,10.4658,11.503,10.313,84.5617,2.24559,2.27384,12.1974,7.96914,604.97,608.065,6.25224,6.96039,8.721,10.1437,10.4789,17.5781,17.5781,1.0,1.0,1
90136,31.05.2024 07:58:41.620000,307.754,73.1689,10.4658,11.503,10.313,84.5617,2.24559,2.27384,12.1974,7.96914,604.97,608.065,6.25224,6.96039,8.721,10.1437,10.4789,17.5781,17.5781,1.0,1.0,1
90137,31.05.2024 07:58:41.630000,315.5,41.4459,10.5343,11.541,10.323,85.4801,2.24921,2.25689,10.5659,7.27259,605.03,608.07,6.79617,8.85,7.9713,9.08145,10.4806,17.8747,17.8747,1.0,1.0,1
90138,31.05.2024 07:58:41.640000,319.455,100.69,10.5589,11.337,10.341,86.2544,2.26668,2.27054,11.8757,8.25366,604.96,608.15,8.49733,9.14592,7.72379,8.37229,10.481,17.9253,17.9253,1.0,1.0,1
90139,31.05.2024 07:58:41.650000,319.455,100.69,10.5589,11.337,10.341,86.9123,2.26668,2.27054,11.8757,8.25366,604.9,608.155,8.31724,9.27418,7.64095,8.30961,10.4824,17.9253,17.9253,1.0,1.0,1
90140,31.05.2024 07:58:41.660000,314.017,62.2101,10.5914,11.319,10.364,87.5337,2.28753,2.29487,11.5784,7.08014,604.835,608.165,7.1154,10.2209,7.52776,8.45035,10.4824,18.2653,18.2653,1.0,1.0,1
90141,31.05.2024 07:58:41.670000,314.017,60.1501,10.5914,11.319,10.415,87.5337,2.2858,2.33064,10.8373,7.55823,604.81,608.16,6.39907,10.4634,7.48418,8.59196,10.4834,18.2653,18.2653,1.0,1.0,1
90142,31.05.2024 07:58:41.680000,311.627,60.1501,10.5913,11.289,10.415,88.1077,2.2858,2.33064,10.8373,7.55823,604.79,608.135,5.56389,10.553,7.46753,8.48576,10.4847,18.2581,18.2581,1.0,1.0,1
90143,31.05.2024 07:58:41.690000,311.627,60.1501,10.5913,11.289,10.415,88.1077,2.2858,2.33064,10.8373,7.55823,604.79,608.135,5.56389,10.553,7.46753,8.48576,10.4847,18.2581,18.2581,1.0,1.0,1
90144,31.05.2024 07:58:41.700000,316.241,69.9554,10.5913,11.221,10.492,88.5736,2.29404,2.34668,14.2533,14.4471,604.81,608.085,5.36652,10.5744,7.40972,8.46697,10.4847,18.41,18.41,1.0,1.0,1
90145,31.05.2024 07:58:41.710000,320.196,73.1689,10.5936,11.211,10.455,89.0454,2.29711,2.35804,12.8797,12.4525,604.845,608.075,5.87424,8.97895,7.42209,8.62195,10.4863,18.41,18.41,1.0,1.0,1
90146,31.05.2024 07:58:41.720000,320.196,73.1689,10.5936,11.211,10.455,89.0454,2.29711,2.35804,12.8797,12.4525,604.845,608.075,5.87424,8.97895,7.42209,8.62195,10.4863,18.41,18.41,1.0,1.0,1
90147,31.05.2024 07:58:41.730000,320.773,89.6484,10.6439,11.135,10.475,89.0454,2.29629,2.32961,11.8863,11.4606,604.79,608.125,6.48208,8.61116,7.43039,8.64436,10.4874,17.9326,17.9326,1.0,1.0,1
90148,31.05.2024 07:58:41.740000,318.631,56.5246,10.6396,11.139,10.517,89.8411,2.27591,2.33566,12.221,7.54085,604.74,608.125,6.56246,9.17138,7.37596,8.44201,10.4894,18.2726,18.2726,1.0,1.0,1
90149,31.05.2024 07:58:41.750000,318.631,57.5134,10.6396,11.139,10.475,89.8411,2.27916,2.31125,13.9916,12.4398,604.705,608.12,6.40081,9.14513,7.35511,8.38834,10.4907,18.2726,18.2726,1.0,1.0,1
90150,31.05.2024 07:58:41.760000,317.807,57.5134,10.6523,11.08,10.475,90.2723,2.27916,2.31125,13.9916,12.4398,604.82,608.17,6.34067,8.86129,7.44043,8.41472,10.4928,18.0266,18.0266,1.0,1.0,1
90151,31.05.2024 07:58:41.770000,317.807,57.5134,10.6523,11.08,10.475,90.2723,2.27916,2.31125,13.9916,12.4398,604.82,608.17,6.34067,8.86129,7.44043,8.41472,10.4928,18.0266,18.0266,1.0,1.0,1
90152,31.05.2024 07:58:41.780000,319.949,25.708,10.6523,11.075,10.511,90.5495,2.27456,2.29988,11.9785,7.47959,604.825,608.225,6.78272,8.96838,7.46668,8.39337,10.4928,18.0266,18.0266,1.0,1.0,1
90153,31.05.2024 07:58:41.790000,319.949,25.708,10.6523,11.075,10.511,90.5495,2.27456,2.29988,11.9785,7.47959,604.825,608.225,6.78272,8.96838,7.46668,8.39337,10.4928,18.0266,18.0266,1.0,1.0,1
90154,31.05.2024 07:58:41.800000,321.68,28.0151,10.7343,11.032,10.476,90.777,2.28049,2.29684,13.5607,8.13123,604.71,608.32,9.21577,11.2698,7.95869,8.93517,10.4943,18.5619,18.5619,1.0,1.0,1
90155,31.05.2024 07:58:41.810000,315.665,30.6518,10.7153,11.003,10.519,90.9498,2.28638,2.31088,11.7543,7.53504,604.58,608.2,8.21442,12.2555,8.25089,9.64126,10.4977,18.3666,18.3666,1.0,1.0,1
90156,31.05.2024 07:58:41.820000,314.346,11.8652,10.7413,10.975,10.494,91.063,2.28382,2.30871,13.9585,11.5453,604.565,608.18,6.51998,10.5686,8.10882,9.86604,10.4977,18.3666,18.3666,1.0,1.0,1
90157,31.05.2024 07:58:41.830000,314.346,11.8652,10.7413,10.975,10.494,91.063,2.28382,2.30871,13.9585,11.5453,604.565,608.18,6.51998,10.5686,8.10882,9.86604,10.4977,18.3666,18.3666,1.0,1.0,1
90158,31.05.2024 07:58:41.840000,314.346,3.2135,10.7413,10.975,10.536,91.063,2.27707,2.30235,11.737,6.44258,604.55,608.21,6.46378,10.1829,7.75962,9.7942,10.5002,17.8241,17.8241,1.0,1.0,1
90159,31.05.2024 07:58:41.850000,314.346,3.2135,10.7413,10.975,10.536,91.063,2.27707,2.30235,11.737,6.44258,604.55,608.21,6.46378,10.1829,7.75962,9.7942,10.5002,17.8241,17.8241,1.0,1.0,1
90160,31.05.2024 07:58:41.860000,311.792,-1.81274,10.7693,10.91,10.513,91.2745,2.26519,2.29888,10.9985,6.61146,604.59,608.225,5.71336,9.75282,7.64049,9.98761,10.5002,17.8241,17.8241,1.0,1.0,1
90161,31.05.2024 07:58:41.870000,311.792,-1.81274,10.7693,10.91,10.513,91.2745,2.26519,2.29888,10.9985,6.61146,604.59,608.225,5.71336,9.75282,7.64049,9.98761,10.5002,17.8241,17.8241,1.0,1.0,1
90162,31.05.2024 07:58:41.880000,308.908,-1.89514,10.8023,10.878,10.549,91.3387,2.25986,2.29717,11.2147,8.9675,604.515,608.27,6.41182,9.16525,7.59806,9.60322,10.5019,17.7662,17.7662,1.0,1.0,1
90163,31.05.2024 07:58:41.890000,308.908,-1.89514,10.8023,10.878,10.549,91.3387,2.25986,2.29717,11.2147,8.9675,604.515,608.27,6.41182,9.16525,7.59806,9.60322,10.5019,17.7662,17.7662,1.0,1.0,1
90164,31.05.2024 07:58:41.900000,302.975,0.0,10.8246,10.801,10.592,91.4328,2.25442,2.29258,11.2452,8.37162,604.5,608.38,5.54651,10.1118,7.44141,9.47421,10.5047,17.6432,17.6432,1.0,1.0,1
90165,31.05.2024 07:58:41.910000,302.975,0.0,10.8246,10.801,10.592,91.4328,2.25442,2.29258,11.2452,8.37162,604.5,608.38,5.54651,10.1118,7.44141,9.47421,10.5047,17.6432,17.6432,1.0,1.0,1
90166,31.05.2024 07:58:41.920000,280.481,5.76782,10.862,10.784,10.631,91.5027,2.23553,2.27838,8.84675,6.41114,604.52,608.49,6.19726,11.9369,7.52218,10.1305,10.506,17.6432,17.6432,1.0,1.0,1
90167,31.05.2024 07:58:41.930000,255.762,0.0,10.8271,10.73,10.636,91.5813,2.21752,2.27169,7.62878,6.02587,604.47,608.49,6.99254,13.0271,7.58787,10.2416,10.5075,16.6811,16.6811,1.0,1.0,1
90168,31.05.2024 07:58:41.940000,255.762,-17.1387,10.8686,10.73,10.637,91.5813,2.21752,2.27169,7.62878,6.02587,604.44,608.47,7.17372,13.2372,7.6205,10.3652,10.5091,16.6811,16.6811,1.0,1.0,1
90169,31.05.2024 07:58:41.950000,231.207,-17.1387,10.8376,10.691,10.637,91.5966,2.21281,2.26166,7.90452,5.52882,604.395,608.465,6.69195,12.8853,7.52131,10.6056,10.5091,16.2037,16.2037,1.0,1.0,1
90170,31.05.2024 07:58:41.960000,222.143,-24.9664,10.7907,10.669,10.664,91.5966,2.21432,2.26437,7.54027,6.02257,604.375,608.48,5.949,12.3989,7.5036,10.4914,10.5104,16.2037,16.2037,1.0,1.0,1
90171,31.05.2024 07:58:41.970000,222.143,-24.9664,10.7907,10.669,10.664,91.5966,2.21432,2.26437,7.54027,6.02257,604.375,608.48,5.949,12.3989,7.5036,10.4914,10.5104,16.2037,16.2037,1.0,1.0,1
90172,31.05.2024 07:58:41.980000,222.143,-24.9664,10.7907,10.669,10.664,91.6048,2.21633,2.26442,7.44936,7.34299,604.365,608.52,5.08402,11.9655,7.69393,10.5479,10.5121,15.408,15.408,1.0,1.0,1
90173,31.05.2024 07:58:41.990000,212.997,-44.165,10.8346,10.637,10.608,91.5737,2.22009,2.26451,7.86304,6.54112,604.34,608.55,5.82812,12.4396,7.88668,10.4265,10.5136,14.5038,14.5038,1.0,1.0,1
90174,31.05.2024 07:58:42.000000,205.417,-44.165,10.8712,10.617,10.608,91.56,2.22009,2.26451,7.86304,6.54112,604.34,608.635,5.64097,12.5394,7.89458,10.474,10.5155,14.5038,14.5038,1.0,1.0,1
90175,31.05.2024 07:58:42.010000,205.417,-44.165,10.8712,10.617,10.608,91.56,2.22009,2.26451,7.86304,6.54112,604.34,608.635,5.64097,12.5394,7.89458,10.474,10.5155,14.5038,14.5038,1.0,1.0,1
90176,31.05.2024 07:58:42.020000,203.686,-42.8467,10.8712,10.566,10.641,91.5808,2.22425,2.26364,9.18562,5.9073,604.345,608.655,5.91476,11.9828,8.07627,10.4715,10.5155,13.9468,13.9468,1.0,1.0,1
90177,31.05.2024 07:58:42.030000,175.589,-40.7867,10.8402,10.508,10.607,91.5275,2.23953,2.26486,9.56,6.82582,604.435,608.705,6.85502,12.9811,8.31112,10.7148,10.5177,11.8056,11.8056,1.0,1.0,1
90178,31.05.2024 07:58:42.040000,175.589,-40.7867,10.8402,10.508,10.607,91.5275,2.23953,2.26486,9.56,6.82582,604.435,608.705,6.85502,12.9811,8.31112,10.7148,10.5177,11.8056,11.8056,1.0,1.0,1
90179,31.05.2024 07:58:42.050000,172.54,-67.4835,10.7794,10.476,10.584,91.5275,2.24396,2.26638,10.1081,7.96479,604.485,608.795,8.23373,13.2308,8.44465,10.9318,10.5183,11.8056,11.8056,1.0,1.0,1
90180,31.05.2024 07:58:42.060000,183.252,-74.2401,10.8089,10.473,10.573,91.5963,2.24171,2.26755,10.6004,7.61218,604.48,608.82,10.5061,14.4298,9.45933,11.6364,10.521,11.8056,11.8056,1.0,1.0,1
90181,31.05.2024 07:58:42.070000,183.252,-74.2401,10.8089,10.473,10.573,91.5963,2.24171,2.26755,10.6004,7.61218,604.48,608.82,10.5061,14.4298,9.45933,11.6364,10.521,11.8056,11.8056,1.0,1.0,1
90182,31.05.2024 07:58:42.080000,183.252,-69.1314,10.8089,10.473,10.568,91.5963,2.22784,2.25918,10.5122,7.93363,604.475,608.845,10.6577,13.9376,10.0477,12.0651,10.5222,11.509,11.509,1.0,1.0,1
90183,31.05.2024 07:58:42.090000,150.952,-75.1465,10.7543,10.42,10.556,91.6255,2.21876,2.25788,10.5203,7.83072,604.405,608.92,10.6645,14.8749,10.7154,13.0569,10.5242,10.4745,10.4745,1.0,1.0,1
90184,31.05.2024 07:58:42.100000,150.952,-61.1389,10.7406,10.42,10.527,91.6255,2.21876,2.25788,10.5203,7.83072,604.355,608.905,10.7023,15.1778,10.9307,13.2802,10.5254,10.4745,10.4745,1.0,1.0,1
90185,31.05.2024 07:58:42.110000,150.952,-61.1389,10.7406,10.42,10.527,91.6255,2.21876,2.25788,10.5203,7.83072,604.355,608.905,10.7023,15.1778,10.9307,13.2802,10.5254,10.4745,10.4745,1.0,1.0,1
90186,31.05.2024 07:58:42.120000,144.36,-61.1389,10.7667,10.361,10.527,91.5238,2.20705,2.25442,9.825,7.07292,604.31,608.905,8.59234,13.5625,11.0885,13.3492,10.5254,10.4745,10.4745,1.0,1.0,1
90187,31.05.2024 07:58:42.130000,144.36,-61.1389,10.7667,10.361,10.527,91.5238,2.20705,2.25442,9.825,7.07292,604.31,608.905,8.59234,13.5625,11.0885,13.3492,10.5254,10.4745,10.4745,1.0,1.0,1
90188,31.05.2024 07:58:42.140000,130.765,-115.768,10.7431,10.492,10.573,91.5635,2.20105,2.24964,8.95159,6.25284,604.335,608.915,7.82928,12.7397,10.9499,13.124,10.5289,8.78183,8.78183,1.0,1.0,1
90189,31.05.2024 07:58:42.150000,112.308,-225.439,10.6798,10.688,10.551,91.6034,2.18693,2.24738,7.24697,5.28655,604.385,608.955,7.60693,10.9926,10.7584,13.1707,10.5307,8.41291,8.41291,1.0,1.0,1
90190,31.05.2024 07:58:42.160000,113.626,-225.439,10.7053,10.742,10.551,91.5593,2.18693,2.24738,7.24697,5.28655,604.38,609.055,7.97015,10.7542,10.6054,13.0688,10.5321,7.41464,7.41464,1.0,1.0,1
90191,31.05.2024 07:58:42.170000,113.626,-225.439,10.7053,10.742,10.551,91.5593,2.18693,2.24738,7.24697,5.28655,604.38,609.055,7.97015,10.7542,10.6054,13.0688,10.5321,7.41464,7.41464,1.0,1.0,1
90192,31.05.2024 07:58:42.180000,109.671,-238.293,10.7053,10.684,10.586,91.6097,2.18761,2.24018,7.35457,4.33787,604.405,609.105,7.98799,10.8434,10.5021,13.0646,10.5321,7.40018,7.40018,1.0,1.0,1
90193,31.05.2024 07:58:42.190000,91.6259,-248.593,10.6328,10.551,10.563,91.6314,2.19167,2.24227,7.10086,3.82003,604.4,609.14,8.34554,11.4261,10.3618,12.7023,10.5335,6.30064,6.30064,1.0,1.0,1
90194,31.05.2024 07:58:42.200000,91.6259,-248.593,10.6328,10.551,10.563,91.6314,2.19167,2.24227,7.10086,3.82003,604.4,609.14,8.34554,11.4261,10.3618,12.7023,10.5335,6.30064,6.30064,1.0,1.0,1
90195,31.05.2024 07:58:42.210000,101.266,-237.717,10.7088,10.438,10.471,91.6314,2.19993,2.24303,7.62142,4.87972,604.375,609.155,8.523,11.3641,10.2733,12.5675,10.5349,6.51041,6.51041,1.0,1.0,1
90196,31.05.2024 07:58:42.220000,99.2889,-250.653,10.709,10.515,10.472,91.6369,2.20017,2.24388,7.328,5.64924,604.35,609.175,7.49732,10.6483,10.0615,12.3571,10.5365,6.51041,6.51041,1.0,1.0,1
90197,31.05.2024 07:58:42.230000,99.2889,-254.278,10.709,10.515,10.48,91.6369,2.19974,2.2436,8.05505,5.68926,604.395,609.225,7.35366,10.2558,10.1,12.3847,10.538,6.51041,6.51041,1.0,1.0,1
90198,31.05.2024 07:58:42.240000,75.3937,-254.278,10.6166,10.611,10.48,91.6178,2.19974,2.2436,8.05505,5.68926,604.48,609.345,8.01264,10.3938,10.0792,12.3021,10.5396,5.83768,5.83768,1.0,1.0,1
90199,31.05.2024 07:58:42.250000,75.3937,-254.278,10.6166,10.611,10.48,91.6178,2.19974,2.2436,8.05505,5.68926,604.48,609.345,8.01264,10.3938,10.0792,12.3021,10.5396,5.83768,5.83768,1.0,1.0,1
90200,31.05.2024 07:58:42.260000,73.4161,-249.582,10.6166,10.637,10.457,91.6336,2.192,2.24886,8.30055,5.63989,604.485,609.37,8.56795,11.0499,10.0888,12.16,10.5396,5.54109,5.54109,0.0,1.0,1
90201,31.05.2024 07:58:42.270000,73.4161,-249.582,10.6166,10.637,10.457,91.6336,2.192,2.24886,8.30055,5.63989,604.485,609.37,8.56795,11.0499,10.0888,12.16,10.5396,5.54109,5.54109,0.0,1.0,1
90202,31.05.2024 07:58:42.280000,55.2887,-255.762,10.6109,10.545,10.424,91.6225,2.19353,2.24795,8.64554,7.68996,604.46,609.365,9.89549,11.6535,10.2181,11.8221,10.5416,4.86834,4.86834,0.0,1.0,1
90203,31.05.2024 07:58:42.290000,30.899,-257.739,10.6413,10.469,10.418,91.6725,2.19793,2.24954,8.12051,7.23252,604.475,609.405,9.21497,11.101,10.2265,11.8518,10.5437,3.77604,3.77604,0.0,1.0,1
90204,31.05.2024 07:58:42.300000,55.2887,-255.762,10.6109,10.545,10.424,91.6225,2.19353,2.24795,8.64554,7.68996,604.46,609.365,9.89549,11.6535,10.2181,11.8221,10.5416,4.86834,4.86834,0.0,1.0,1
90205,31.05.2024 07:58:42.310000,19.3634,-254.031,10.5924,10.536,10.397,91.7186,2.19537,2.24803,8.25597,7.92607,604.535,609.52,9.85496,11.289,10.6503,11.3177,10.5445,4.86834,4.86834,0.0,1.0,1
90206,31.05.2024 07:58:42.320000,-5.60303,-254.031,10.6585,10.576,10.397,91.7062,2.19537,2.24803,8.25597,7.92607,604.47,609.505,9.9544,12.0132,10.8049,11.0531,10.5464,3.6603,3.6603,0.0,1.0,1
90207,31.05.2024 07:58:42.330000,-5.60303,-254.031,10.6585,10.576,10.397,91.7062,2.19537,2.24803,8.25597,7.92607,604.47,609.505,9.9544,12.0132,10.8049,11.0531,10.5464,3.6603,3.6603,0.0,1.0,1
90208,31.05.2024 07:58:42.340000,-3.95508,-239.282,10.6585,10.549,10.366,91.6462,2.19608,2.24679,8.4908,8.06082,604.475,609.48,9.85249,11.9911,10.8052,10.9023,10.5464,3.51562,3.51562,0.0,1.0,1
90209,31.05.2024 07:58:42.350000,-25.9552,-248.758,10.6431,10.474,10.397,91.6717,2.18799,2.24864,8.41955,6.45283,604.535,609.53,8.37124,9.79377,10.5861,10.4895,10.5466,3.32031,3.32031,0.0,1.0,1
90210,31.05.2024 07:58:42.360000,-75.4761,-267.874,10.6192,10.486,10.42,91.6717,2.1825,2.24438,8.02691,6.4708,604.575,609.645,8.92854,9.77237,10.575,10.2237,10.5477,3.32031,3.32031,0.0,1.0,1
90211,31.05.2024 07:58:42.370000,-75.4761,-267.874,10.6192,10.486,10.42,91.6569,2.1825,2.24438,8.02691,6.4708,604.6,609.665,9.52787,10.3372,10.6568,9.96183,10.5489,3.1684,3.1684,0.0,1.0,1
90212,31.05.2024 07:58:42.380000,-105.469,-263.425,10.6181,10.554,10.468,91.6743,2.17418,2.23943,7.39262,7.64843,604.615,609.67,9.63179,10.4601,10.8761,9.76823,10.5489,2.72714,2.72714,0.0,1.0,1
90213,31.05.2024 07:58:42.390000,-105.469,-242.578,10.6181,10.554,10.477,91.6743,2.17095,2.23666,7.29539,7.58995,604.635,609.685,9.86877,10.4098,10.8356,9.73117,10.5498,2.72714,2.72714,0.0,1.0,1
90214,31.05.2024 07:58:42.400000,-105.469,-242.578,10.6181,10.554,10.477,91.6743,2.17095,2.23666,7.29539,7.58995,604.635,609.685,9.86877,10.4098,10.8356,9.73117,10.5498,2.72714,2.72714,0.0,1.0,1
90215,31.05.2024 07:58:42.410000,-111.896,-242.578,10.6676,10.598,10.477,91.6314,2.17095,2.23666,7.29539,7.58995,604.735,609.71,10.2329,10.242,10.8074,9.6902,10.5508,2.72714,2.72714,0.0,1.0,1
90216,31.05.2024 07:58:42.420000,-111.896,-242.578,10.6676,10.598,10.477,91.6314,2.17095,2.23666,7.29539,7.58995,604.735,609.71,10.2329,10.242,10.8074,9.6902,10.5508,2.72714,2.72714,0.0,1.0,1
90217,31.05.2024 07:58:42.430000,-114.615,-262.848,10.611,10.494,10.494,91.6389,2.1765,2.23332,7.51464,5.88186,604.765,609.74,11.7464,9.69011,11.3813,9.76355,10.552,3.15393,3.15393,0.0,1.0,1
90218,31.05.2024 07:58:42.440000,-147.162,-258.069,10.6422,10.591,10.453,91.6573,2.17388,2.23018,7.55486,5.25222,604.735,609.81,11.3515,9.44358,11.5593,9.85043,10.553,3.79775,3.79775,0.0,1.0,1
90219,31.05.2024 07:58:42.450000,-147.162,-258.069,10.6422,10.591,10.453,91.7423,2.17388,2.23018,7.55486,5.25222,604.825,609.82,10.6616,9.31383,11.635,9.9532,10.5546,3.79775,3.79775,0.0,1.0,1
90220,31.05.2024 07:58:42.460000,-167.432,-251.395,10.6043,10.59,10.471,91.7555,2.17256,2.23089,8.11395,5.94554,604.885,609.86,10.9734,9.04755,11.6935,10.0437,10.5546,3.20457,3.20457,0.0,1.0,1
90221,31.05.2024 07:58:42.470000,-167.432,-261.859,10.6043,10.59,10.431,91.7555,2.17649,2.23207,7.56993,6.42819,604.995,609.9,12.1316,9.46581,11.829,9.93474,10.5558,3.20457,3.20457,0.0,1.0,1
90222,31.05.2024 07:58:42.480000,-176.66,-261.859,10.5954,10.525,10.431,91.7773,2.17649,2.23207,7.56993,6.42819,605.035,609.99,12.7923,9.48557,12.1853,10.0261,10.5568,3.09607,3.09607,0.0,1.0,1
90223,31.05.2024 07:58:42.490000,-176.66,-261.859,10.5954,10.525,10.431,91.7773,2.17649,2.23207,7.56993,6.42819,605.035,609.99,12.7923,9.48557,12.1853,10.0261,10.5568,3.09607,3.09607,0.0,1.0,1
90224,31.05.2024 07:58:42.500000,-178.143,-264.661,10.5954,10.518,10.391,91.7314,2.17761,2.23316,7.85218,6.98629,604.99,609.99,13.6141,10.0229,12.3775,10.0432,10.5568,3.09607,3.09607,0.0,1.0,1
90225,31.05.2024 07:58:42.510000,-213.574,-264.331,10.6199,10.562,10.388,91.7633,2.17727,2.23166,7.89518,7.34692,604.915,609.995,11.3929,9.90111,11.8774,10.1528,10.5585,2.65481,2.65481,0.0,1.0,1
90226,31.05.2024 07:58:42.520000,-213.574,-264.331,10.6199,10.562,10.388,91.7633,2.17727,2.23166,7.89518,7.34692,604.915,609.995,11.3929,9.90111,11.8774,10.1528,10.5585,2.65481,2.65481,0.0,1.0,1
90227,31.05.2024 07:58:42.530000,-221.649,-261.035,10.699,10.567,10.372,91.7633,2.17548,2.23102,8.21494,7.19881,604.96,610.025,10.0623,9.68389,11.4449,10.236,10.5589,2.65481,2.65481,0.0,1.0,1
90228,31.05.2024 07:58:42.540000,-254.196,-261.2,10.6506,10.519,10.404,91.7264,2.17882,2.2303,8.24118,8.2302,605.155,610.165,11.1791,9.90607,11.4726,10.5915,10.5609,1.88079,1.88079,0.0,1.0,1
90229,31.05.2024 07:58:42.550000,-254.196,-264.99,10.6506,10.519,10.392,91.7264,2.17732,2.22825,8.34657,8.02056,605.175,610.185,11.1069,10.0318,11.5464,10.4338,10.5618,1.88079,1.88079,0.0,1.0,1
90230,31.05.2024 07:58:42.560000,-268.039,-264.99,10.6581,10.543,10.392,91.7023,2.17732,2.22825,8.34657,8.02056,605.2,610.235,11.0956,10.5394,11.5655,10.041,10.563,1.71441,1.71441,0.0,1.0,1
90231,31.05.2024 07:58:42.570000,-272.159,-253.372,10.6581,10.569,10.427,91.6548,2.17717,2.22925,8.36424,7.77321,605.215,610.245,10.7984,10.4178,11.5961,10.0679,10.563,2.17013,2.17013,0.0,1.0,1
90232,31.05.2024 07:58:42.580000,-272.159,-261.282,10.6493,10.569,10.465,91.6548,2.17717,2.22925,8.36424,7.77321,605.225,610.275,10.133,10.5877,11.3893,9.99431,10.5637,2.17013,2.17013,0.0,1.0,1
90233,31.05.2024 07:58:42.590000,-272.159,-261.282,10.6493,10.569,10.465,91.6548,2.17717,2.22925,8.36424,7.77321,605.225,610.275,10.133,10.5877,11.3893,9.99431,10.5637,2.17013,2.17013,0.0,1.0,1
90234,31.05.2024 07:58:42.600000,-271.417,-261.282,10.7023,10.575,10.465,91.6055,2.174,2.23065,8.7995,8.30687,605.23,610.3,9.93324,10.5576,11.007,10.0845,10.5637,2.15568,2.15568,0.0,1.0,1
90235,31.05.2024 07:58:42.610000,-282.294,-261.2,10.6838,10.575,10.513,91.5984,2.17491,2.22887,8.90336,8.07465,605.335,610.325,9.07293,10.3037,10.9812,9.8813,10.566,2.17013,2.17013,0.0,1.0,1
90236,31.05.2024 07:58:42.620000,-271.417,-261.282,10.7023,10.575,10.465,91.6055,2.174,2.23065,8.7995,8.30687,605.23,610.3,9.93324,10.5576,11.007,10.0845,10.5637,2.15568,2.15568,0.0,1.0,1
90237,31.05.2024 07:58:42.630000,-270.428,-264.413,10.6849,10.543,10.504,91.5805,2.16012,2.22018,7.74029,7.87326,605.355,610.385,8.883,8.70846,10.6579,9.64979,10.5668,2.15568,2.15568,0.0,1.0,1
90238,31.05.2024 07:58:42.640000,-270.428,-264.413,10.6849,10.543,10.504,91.5805,2.16012,2.22018,7.74029,7.87326,605.355,610.385,8.883,8.70846,10.6579,9.64979,10.5668,2.15568,2.15568,0.0,1.0,1
90239,31.05.2024 07:58:42.650000,-286.661,-264.413,10.6987,10.573,10.504,91.5744,2.16012,2.22018,7.74029,7.87326,605.415,610.52,8.53971,8.75031,10.5663,9.52163,10.5677,1.37442,1.37442,0.0,1.0,1
90240,31.05.2024 07:58:42.660000,-286.661,-264.413,10.6987,10.573,10.504,91.5744,2.16012,2.22018,7.74029,7.87326,605.415,610.52,8.53971,8.75031,10.5663,9.52163,10.5677,1.37442,1.37442,0.0,1.0,1
90241,31.05.2024 07:58:42.670000,-269.192,-263.837,10.644,10.604,10.541,91.5654,2.1545,2.2082,8.10049,7.11471,605.465,610.56,8.25574,9.93365,10.3874,9.26848,10.5685,0.918686,0.918686,0.0,1.0,1
90242,31.05.2024 07:58:42.680000,-269.192,-263.837,10.644,10.604,10.541,91.5654,2.1545,2.2082,8.10049,7.11471,605.465,610.56,8.25574,9.93365,10.3874,9.26848,10.5685,0.918686,0.918686,0.0,1.0,1
90243,31.05.2024 07:58:42.690000,-274.219,-264.084,10.7411,10.591,10.473,91.6072,2.15574,2.20208,7.3103,6.41779,605.53,610.63,8.46308,9.89184,10.0471,8.72626,10.5692,0.578701,0.578701,0.0,1.0,1
90244,31.05.2024 07:58:42.700000,-277.597,-264.331,10.7163,10.608,10.493,91.6159,2.15396,2.20031,7.09365,6.5038,605.52,610.695,8.51102,9.41507,10.073,8.3471,10.5707,0.672743,0.672743,0.0,1.0,1
90245,31.05.2024 07:58:42.710000,-277.597,-251.807,10.7163,10.608,10.504,91.6159,2.15206,2.19862,7.49535,7.20957,605.515,610.735,8.17675,9.45101,9.99311,8.25466,10.5714,0.672743,0.672743,0.0,1.0,1
90246,31.05.2024 07:58:42.720000,-280.151,-251.807,10.6714,10.617,10.504,91.5943,2.15206,2.19862,7.49535,7.20957,605.535,610.815,7.54079,9.39957,9.88725,8.04297,10.5716,0.672743,0.672743,0.0,1.0,1
90247,31.05.2024 07:58:42.730000,-269.604,-255.679,10.6714,10.633,10.5,91.5695,2.1503,2.1983,8.02887,7.07197,605.57,610.835,7.30452,9.32743,9.81977,7.85541,10.5716,0.0361651,0.0361651,0.0,1.0,1
90248,31.05.2024 07:58:42.740000,-269.604,-263.013,10.7141,10.633,10.518,91.5695,2.1503,2.1983,8.02887,7.07197,605.6,610.85,7.03344,9.75547,9.60448,7.51763,10.573,0.0361651,0.0361651,0.0,1.0,1
90249,31.05.2024 07:58:42.750000,-271.664,-263.013,10.7691,10.603,10.518,91.5639,2.15929,2.20025,7.34642,6.15766,605.62,610.86,7.31287,9.49522,9.48215,7.2972,10.573,-0.622109,-0.622109,0.0,1.0,1
90250,31.05.2024 07:58:42.760000,-266.968,-261.694,10.7641,10.62,10.561,91.5639,2.15817,2.20116,7.6679,6.28217,605.64,610.88,7.38126,9.10621,9.50109,7.20528,10.5737,-0.622109,-0.622109,0.0,1.0,1
90251,31.05.2024 07:58:42.770000,-266.968,-261.694,10.7641,10.62,10.561,91.5862,2.15817,2.20116,7.6679,6.28217,605.65,610.93,7.15289,8.69949,9.3346,7.14671,10.5751,-2.00376,-2.00376,0.0,1.0,1
90252,31.05.2024 07:58:42.780000,-274.301,-261.694,10.7145,10.622,10.555,91.6736,2.15964,2.20125,8.98588,7.18647,605.63,610.945,7.33115,8.65802,8.97025,6.70786,10.5751,-2.00376,-2.00376,0.0,1.0,1
90253,31.05.2024 07:58:42.790000,-274.301,-261.694,10.7145,10.622,10.555,91.6736,2.15964,2.20125,8.98588,7.18647,605.63,610.945,7.33115,8.65802,8.97025,6.70786,10.5751,-2.00376,-2.00376,0.0,1.0,1
90254,31.05.2024 07:58:42.800000,-274.301,-262.189,10.7145,10.622,10.513,91.6736,2.15915,2.19928,8.63857,7.85967,605.63,610.94,6.84016,7.9543,8.83552,6.60535,10.576,-3.04542,-3.04542,0.0,1.0,1
90255,31.05.2024 07:58:42.810000,-274.301,-262.189,10.7145,10.622,10.513,91.6736,2.15915,2.19928,8.63857,7.85967,605.63,610.94,6.84016,7.9543,8.83552,6.60535,10.576,-3.04542,-3.04542,0.0,1.0,1
90256,31.05.2024 07:58:42.820000,-273.312,-263.095,10.7432,10.617,10.529,91.6888,2.15641,2.19878,9.04818,7.66199,605.71,611.105,6.2526,7.30281,8.71524,6.48394,10.5776,-3.23351,-3.23351,0.0,1.0,1
90257,31.05.2024 07:58:42.830000,-273.312,-263.095,10.7432,10.617,10.529,91.6888,2.15641,2.19878,9.04818,7.66199,605.71,611.105,6.2526,7.30281,8.71524,6.48394,10.5776,-3.23351,-3.23351,0.0,1.0,1
90258,31.05.2024 07:58:42.840000,-271.17,-262.848,10.7015,10.635,10.542,91.6709,2.15417,2.19818,9.20043,8.54043,605.81,611.18,7.05843,8.21443,8.76468,6.14504,10.5788,-3.23351,-3.23351,0.0,1.0,1
90259,31.05.2024 07:58:42.850000,-271.17,-262.848,10.7015,10.635,10.542,91.6709,2.15417,2.19818,9.20043,8.54043,605.81,611.18,7.05843,8.21443,8.76468,6.14504,10.5788,-3.23351,-3.23351,0.0,1.0,1
90260,31.05.2024 07:58:42.860000,-271.582,-260.788,10.6883,10.643,10.54,91.7093,2.15386,2.19867,8.84672,8.46484,605.775,611.21,7.56856,8.28921,8.67596,5.93682,10.5815,-3.1033,-3.1033,0.0,1.0,1
90261,31.05.2024 07:58:42.870000,-271.582,-260.788,10.6883,10.643,10.54,91.7093,2.15386,2.19867,8.84672,8.46484,605.775,611.21,7.56856,8.28921,8.67596,5.93682,10.5815,-3.1033,-3.1033,0.0,1.0,1
90262,31.05.2024 07:58:42.880000,-272.983,-264.578,10.7114,10.643,10.594,91.6508,2.15133,2.19724,9.17593,8.86768,605.795,611.27,6.7231,7.88159,8.1638,5.761,10.5829,-3.24798,-3.24798,0.0,1.0,1
90263,31.05.2024 07:58:42.890000,-267.627,-261.2,10.7836,10.636,10.616,91.6226,2.14722,2.19498,8.60615,8.21401,605.895,611.285,6.18781,7.24829,7.87323,5.53475,10.5842,-4.21007,-4.21007,0.0,1.0,1
90264,31.05.2024 07:58:42.900000,-267.627,-265.237,10.7369,10.636,10.579,91.6226,2.14722,2.19498,8.60615,8.21401,605.92,611.285,6.67772,7.05664,7.78296,5.38228,10.5855,-4.21007,-4.21007,0.0,1.0,1
90265,31.05.2024 07:58:42.910000,-275.537,-265.237,10.746,10.651,10.579,91.677,2.14451,2.19065,8.75607,8.2647,605.935,611.305,7.60833,6.33074,7.90192,5.44661,10.5855,-4.13773,-4.13773,0.0,1.0,1
90266,31.05.2024 07:58:42.920000,-267.627,-258.81,10.7293,10.667,10.546,91.677,2.14434,2.18464,8.40406,7.86986,605.935,611.33,7.58389,5.98388,8.00995,5.22263,10.5865,-4.13773,-4.13773,0.0,1.0,1
90267,31.05.2024 07:58:42.930000,-267.627,-258.81,10.7293,10.667,10.546,91.6807,2.14434,2.18464,8.40406,7.86986,605.9,611.37,7.48636,5.88875,8.06188,4.97521,10.5876,-4.23177,-4.23177,0.0,1.0,1
90268,31.05.2024 07:58:42.940000,-265.814,-259.634,10.7602,10.668,10.597,91.6782,2.14399,2.18121,8.21477,6.85415,605.92,611.385,6.69678,5.74869,8.06025,4.46092,10.5876,-4.33304,-4.33304,0.0,1.0,1
90269,31.05.2024 07:58:42.950000,-265.814,-248.346,10.7602,10.668,10.538,91.6782,2.14019,2.17984,8.28286,6.448,605.93,611.41,6.29196,5.57246,8.09791,4.41299,10.5886,-4.33304,-4.33304,0.0,1.0,1
90270,31.05.2024 07:58:42.960000,-267.132,-248.346,10.7702,10.65,10.538,91.624,2.14019,2.17984,8.28286,6.448,605.97,611.46,6.04201,5.41099,8.2911,4.42694,10.5886,-4.72367,-4.72367,0.0,1.0,1
90271,31.05.2024 07:58:42.970000,-267.132,-248.346,10.7702,10.65,10.538,91.624,2.14019,2.17984,8.28286,6.448,605.97,611.46,6.04201,5.41099,8.2911,4.42694,10.5886,-4.72367,-4.72367,0.0,1.0,1
90272,31.05.2024 07:58:42.980000,-266.968,-259.305,10.7702,10.651,10.509,91.6075,2.13771,2.17929,8.27139,7.70617,606.0,611.49,5.83958,5.49417,8.21338,4.31089,10.5886,-5.38918,-5.38918,0.0,1.0,1
90273,31.05.2024 07:58:42.990000,-274.713,-261.694,10.7386,10.662,10.539,91.6345,2.1339,2.17914,7.92747,7.00303,606.07,611.555,6.68055,6.05105,8.3798,4.098,10.5895,-4.93345,-4.93345,0.0,1.0,1
90274,31.05.2024 07:58:43.000000,-274.713,-261.694,10.7386,10.662,10.539,91.6345,2.1339,2.17914,7.92747,7.00303,606.07,611.555,6.68055,6.05105,8.3798,4.098,10.5895,-4.93345,-4.93345,0.0,1.0,1
90275,31.05.2024 07:58:43.010000,-263.342,-251.971,10.7929,10.643,10.525,91.6345,2.13367,2.17922,8.76036,8.25287,606.12,611.595,7.10317,6.20928,8.3414,4.09152,10.5906,-4.93345,-4.93345,0.0,1.0,1
90276,31.05.2024 07:58:43.020000,-272.9,-264.249,10.7428,10.651,10.511,91.5783,2.13821,2.17841,8.03639,8.55561,606.13,611.645,7.39206,6.74511,8.4183,3.86782,10.5923,-4.89005,-4.89005,0.0,1.0,1
90277,31.05.2024 07:58:43.030000,-272.9,-261.694,10.7428,10.651,10.519,91.5783,2.13798,2.1762,9.12148,8.46643,606.11,611.645,7.34617,6.76504,8.39524,3.75535,10.5928,-4.89005,-4.89005,0.0,1.0,1
90278,31.05.2024 07:58:43.040000,-266.144,-261.694,10.7674,10.648,10.519,91.5767,2.13798,2.1762,9.12148,8.46643,606.09,611.66,7.03356,6.42296,8.30479,3.57193,10.5941,-4.89005,-4.89005,0.0,1.0,1
90279,31.05.2024 07:58:43.050000,-266.144,-261.694,10.7674,10.648,10.519,91.5767,2.13798,2.1762,9.12148,8.46643,606.09,611.66,7.03356,6.42296,8.30479,3.57193,10.5941,-4.89005,-4.89005,0.0,1.0,1
90280,31.05.2024 07:58:43.060000,-277.267,-256.503,10.7674,10.664,10.544,91.5881,2.13566,2.17504,9.11586,7.94639,606.105,611.7,6.41394,6.28657,8.33778,3.48621,10.5941,-4.89005,-4.89005,0.0,1.0,1
90281,31.05.2024 07:58:43.070000,-277.267,-256.503,10.7674,10.664,10.544,91.5881,2.13566,2.17504,9.11586,7.94639,606.105,611.7,6.41394,6.28657,8.33778,3.48621,10.5941,-4.89005,-4.89005,0.0,1.0,1
90282,31.05.2024 07:58:43.080000,-268.121,-263.013,10.74,10.634,10.532,91.6227,2.13378,2.1739,8.87892,8.86486,606.18,611.79,5.866,6.3686,8.31131,3.28781,10.595,-4.73814,-4.73814,0.0,1.0,1
90283,31.05.2024 07:58:43.090000,-268.121,-263.013,10.74,10.634,10.532,91.6227,2.13378,2.1739,8.87892,8.86486,606.18,611.79,5.866,6.3686,8.31131,3.28781,10.595,-4.73814,-4.73814,0.0,1.0,1
90284,31.05.2024 07:58:43.100000,-268.616,-264.166,10.7333,10.643,10.625,91.6313,2.13388,2.17473,8.38185,9.65681,606.21,611.82,5.86615,6.7609,8.30949,2.97124,10.5974,-3.82668,-3.82668,0.0,1.0,1
90285,31.05.2024 07:58:43.110000,-271.17,-258.481,10.7495,10.615,10.581,91.6323,2.13541,2.17482,9.19716,9.83487,606.195,611.87,5.38647,6.43138,8.42634,2.79117,10.5987,-3.682,-3.682,0.0,1.0,1
90286,31.05.2024 07:58:43.120000,-271.17,-258.481,10.7495,10.615,10.581,91.6323,2.13541,2.17482,9.19716,9.83487,606.195,611.87,5.38647,6.43138,8.42634,2.79117,10.5987,-3.682,-3.682,0.0,1.0,1
90287,31.05.2024 07:58:43.130000,-271.582,-258.481,10.7135,10.637,10.581,91.6282,2.13541,2.17482,9.19716,9.83487,606.215,611.895,5.01597,6.57509,8.24458,2.74703,10.5994,-3.682,-3.682,0.0,1.0,1
90288,31.05.2024 07:58:43.140000,-264.496,-261.941,10.7201,10.637,10.535,91.6442,2.13489,2.1677,9.75006,8.88527,606.21,611.89,4.51678,6.18549,7.72393,2.51345,10.6008,-2.98756,-2.98756,0.0,1.0,1
90289,31.05.2024 07:58:43.150000,-264.496,-261.941,10.7201,10.637,10.535,91.6442,2.13489,2.1677,9.75006,8.88527,606.21,611.89,4.51678,6.18549,7.72393,2.51345,10.6008,-2.98756,-2.98756,0.0,1.0,1
90290,31.05.2024 07:58:43.160000,-270.758,-261.941,10.7307,10.647,10.535,91.6401,2.13489,2.1677,9.75006,8.88527,606.215,611.915,4.3185,5.88264,7.49167,2.49644,10.6008,-2.98756,-2.98756,0.0,1.0,1
90291,31.05.2024 07:58:43.170000,-270.758,-261.941,10.7307,10.647,10.535,91.6401,2.13489,2.1677,9.75006,8.88527,606.215,611.915,4.3185,5.88264,7.49167,2.49644,10.6008,-2.98756,-2.98756,0.0,1.0,1
90292,31.05.2024 07:58:43.180000,-269.687,-267.297,10.7254,10.658,10.53,91.6658,2.1321,2.15648,9.11593,8.61807,606.29,612.015,3.91721,5.462,7.25143,2.57457,10.6024,-3.03819,-3.03819,0.0,1.0,1
90293,31.05.2024 07:58:43.190000,-269.687,-267.297,10.7254,10.658,10.53,91.6658,2.1321,2.15648,9.11593,8.61807,606.29,612.015,3.91721,5.462,7.25143,2.57457,10.6024,-3.03819,-3.03819,0.0,1.0,1
90294,31.05.2024 07:58:43.200000,-274.878,-256.915,10.7424,10.666,10.512,91.7165,2.12532,2.1522,9.03623,9.38793,606.31,612.015,4.77732,5.75686,6.98609,2.442,10.6039,-2.86458,-2.86458,0.0,1.0,1
90295,31.05.2024 07:58:43.210000,-274.878,-256.915,10.7424,10.666,10.512,91.7165,2.12532,2.1522,9.03623,9.38793,606.31,612.015,4.77732,5.75686,6.98609,2.442,10.6039,-2.86458,-2.86458,0.0,1.0,1
90296,31.05.2024 07:58:43.220000,-270.428,-254.031,10.7256,10.653,10.49,91.7467,2.12544,2.15106,8.82278,8.21655,606.315,612.03,4.93462,4.86546,6.83348,2.39618,10.6045,-3.77604,-3.77604,0.0,1.0,1
90297,31.05.2024 07:58:43.230000,-270.428,-254.031,10.7256,10.653,10.49,91.7467,2.12544,2.15106,8.82278,8.21655,606.315,612.03,4.93462,4.86546,6.83348,2.39618,10.6045,-3.77604,-3.77604,0.0,1.0,1
90298,31.05.2024 07:58:43.240000,-272.9,-261.859,10.7532,10.612,10.541,91.7346,2.12219,2.15136,9.59591,7.19509,606.325,612.07,4.57689,3.93913,6.5848,2.29374,10.6059,-3.76881,-3.76881,0.0,1.0,1
90299,31.05.2024 07:58:43.250000,-272.9,-261.859,10.7532,10.612,10.541,91.7346,2.12219,2.15136,9.59591,7.19509,606.325,612.07,4.57689,3.93913,6.5848,2.29374,10.6059,-3.76881,-3.76881,0.0,1.0,1
