,time,Pinceur Inf Mesure de courant,Pinceur Sup Mesure de courant,Mandrin - Vitesse Actuelle,Pinceur Sup Mesure vitesse lineaire,Pinceur Inf Mesure vitesse lineaire,Mandrin - Mesure Expansion,Pinceur Nord Position entrefer estimee,Pinceur Sud Position entrefer estimee,Pinceur Nord Force entrefer calibree,Pinceur Sud Force entrefer calibree,Guides Nord Entree Position mesuree,Guides Nord Sortie Position mesuree,Guides Nord Entree Force pour regulateur PI,Guides Nord Sortie Force pour regulateur PI,Guides Sud Entree Force pour regulateur PI,Guides Sud Sortie Force pour regulateur PI,Mandrin - Vitesse Actuelle F10,_Excentrage largeur bande jauge bob,_Excentrage largeur bande jauge bob.1,TDB pinceur,Fenetre,Declancheur
86700,31.05.2024 07:02:16.660000,70.0378,34.5245,10.4092,11.597,11.446,30.361,2.75174,2.76534,18.0717,34.5262,689.025,690.435,7.213,3.85334,0.0115454,-1.18597,9.83369,100.289,100.289,1.0,1.0,1
86701,31.05.2024 07:02:16.670000,70.0378,34.5245,10.4092,11.597,11.446,30.361,2.75174,2.76534,18.0717,34.5262,689.025,690.435,7.213,3.85334,0.0115454,-1.18597,9.83369,100.289,100.289,1.0,1.0,1
86702,31.05.2024 07:02:16.680000,85.6933,109.671,10.4581,11.362,11.306,30.3894,2.83395,2.85067,28.3599,46.2744,686.48,687.905,6.48913,3.70365,-0.0617597,-1.1275,9.83418,100.239,100.239,1.0,1.0,1
86703,31.05.2024 07:02:16.690000,85.6933,109.671,10.4581,11.362,11.306,30.3894,2.83395,2.85067,28.3599,46.2744,686.48,687.905,6.48913,3.70365,-0.0617597,-1.1275,9.83418,100.239,100.239,1.0,1.0,1
86704,31.05.2024 07:02:16.700000,92.6971,131.424,10.4211,11.374,11.193,30.3763,2.73524,2.92641,31.8871,41.1837,684.78,686.28,6.86243,3.46105,0.00202394,-1.0324,9.83427,100.253,100.253,1.0,1.0,1
86705,31.05.2024 07:02:16.710000,106.046,129.858,10.4174,11.406,11.085,30.3398,2.41477,2.6264,29.3754,33.1304,682.285,683.755,6.60701,3.87364,0.0786421,-0.967,9.83568,100.246,100.246,1.0,1.0,1
86706,31.05.2024 07:02:16.720000,106.046,129.858,10.4174,11.406,11.085,30.3398,2.41477,2.6264,29.3754,33.1304,682.285,683.755,6.60701,3.87364,0.0786421,-0.967,9.83568,100.246,100.246,1.0,1.0,1
86707,31.05.2024 07:02:16.730000,117.911,129.858,10.421,11.432,11.085,30.3623,2.41477,2.6264,29.3754,33.1304,681.45,682.91,6.43516,3.98494,0.0432703,-1.03507,9.83568,100.253,100.253,1.0,1.0,1
86708,31.05.2024 07:02:16.740000,117.911,129.858,10.421,11.432,11.085,30.3623,2.41477,2.6264,29.3754,33.1304,681.45,682.91,6.43516,3.98494,0.0432703,-1.03507,9.83568,100.253,100.253,1.0,1.0,1
86709,31.05.2024 07:02:16.750000,152.847,194.458,10.4076,11.275,10.97,30.3569,2.27844,2.24536,16.8644,7.93814,679.72,681.225,6.49932,4.5845,0.137686,-1.05802,9.83732,100.246,100.246,1.0,1.0,1
86710,31.05.2024 07:02:16.760000,188.773,251.312,10.4258,11.202,10.864,30.3432,2.25389,2.17181,10.4373,-1.48291,677.275,678.715,6.45831,4.54712,0.0292609,-1.17987,9.83787,100.246,100.246,1.0,1.0,1
86711,31.05.2024 07:02:16.770000,234.997,270.428,10.4272,11.238,10.794,30.3432,2.25389,2.17181,10.4373,-1.48291,676.465,677.86,6.59617,4.1792,0.0851138,-1.14297,9.83787,100.246,100.246,1.0,1.0,1
86712,31.05.2024 07:02:16.780000,276.855,270.428,10.4272,11.142,10.794,30.4846,2.2974,2.16838,13.4388,0.525753,675.685,677.07,7.4644,4.27771,0.132025,-1.11214,9.83919,100.26,100.26,1.0,1.0,1
86713,31.05.2024 07:02:16.790000,276.855,298.608,10.4267,11.142,10.698,30.4846,2.3595,2.25889,12.4949,3.10902,674.865,676.22,8.51415,4.68666,0.0447524,-1.0514,9.83985,100.26,100.26,1.0,1.0,1
86714,31.05.2024 07:02:16.800000,311.05,298.608,10.4239,11.024,10.698,30.4308,2.3595,2.25889,12.4949,3.10902,673.195,674.56,8.94187,4.93411,-0.0348279,-1.07931,9.83985,100.26,100.26,1.0,1.0,1
86715,31.05.2024 07:02:16.810000,311.05,385.702,10.4239,11.024,10.619,30.4313,2.40566,2.38243,14.2443,10.2997,672.375,673.725,9.01064,4.674,-0.0173891,-1.07899,9.84075,100.26,100.26,1.0,1.0,1
86716,31.05.2024 07:02:16.820000,311.05,385.702,10.4239,11.024,10.619,30.4313,2.40566,2.38243,14.2443,10.2997,672.375,673.725,9.01064,4.674,-0.0173891,-1.07899,9.84075,100.26,100.26,1.0,1.0,1
86717,31.05.2024 07:02:16.830000,347.8,418.085,10.4235,10.995,10.552,30.4313,2.41126,2.4995,16.7135,18.5886,671.5,672.85,8.98026,4.29662,-0.0295694,-0.969846,9.84223,100.26,100.26,1.0,1.0,1
86718,31.05.2024 07:02:16.840000,385.95,452.691,10.4256,11.008,10.606,30.3819,2.39789,2.56429,19.0973,25.5193,668.94,670.51,8.2612,4.8065,0.11965,-0.987109,9.84265,100.253,100.253,1.0,1.0,1
86719,31.05.2024 07:02:16.850000,385.95,452.691,10.4256,11.008,10.606,30.3819,2.39789,2.56429,19.0973,25.5193,668.94,670.51,8.2612,4.8065,0.11965,-0.987109,9.84265,100.253,100.253,1.0,1.0,1
86720,31.05.2024 07:02:16.860000,400.616,472.796,10.4266,10.959,10.512,30.3838,2.39469,2.56193,19.7886,24.549,668.115,669.76,7.25191,6.11972,0.111735,-0.968707,9.84265,98.1554,98.1554,1.0,1.0,1
86721,31.05.2024 07:02:16.870000,400.616,472.796,10.4266,10.959,10.512,30.3838,2.39469,2.56193,19.7886,24.549,668.115,669.76,7.25191,6.11972,0.111735,-0.968707,9.84265,98.1554,98.1554,1.0,1.0,1
86722,31.05.2024 07:02:16.880000,423.852,525.284,10.4234,10.869,10.574,30.3838,2.40009,2.51556,18.7414,24.0815,665.56,667.27,6.07802,7.45289,0.0916998,-0.96907,9.84447,98.1554,98.1554,1.0,1.0,1
86723,31.05.2024 07:02:16.890000,440.249,561.291,10.3928,10.911,10.481,30.4556,2.4015,2.43443,18.5199,18.7235,663.91,665.53,6.15116,8.04229,0.115193,-0.970987,9.84568,98.1192,98.1192,1.0,1.0,1
86724,31.05.2024 07:02:16.900000,460.684,546.542,10.4249,10.966,10.519,30.4556,2.39759,2.36319,19.3125,14.0327,663.065,664.665,6.78449,7.80159,0.0175192,-0.966092,9.84649,92.3756,92.3756,1.0,1.0,1
86725,31.05.2024 07:02:16.910000,460.684,546.542,10.4249,10.966,10.519,30.4556,2.39759,2.36319,19.3125,14.0327,663.065,664.665,6.78449,7.80159,0.0175192,-0.966092,9.84649,92.3756,92.3756,1.0,1.0,1
86726,31.05.2024 07:02:16.920000,476.834,546.542,10.4132,10.93,10.519,30.4683,2.39759,2.36319,19.3125,14.0327,661.405,662.95,6.77502,6.8715,0.0384314,-0.849683,9.84649,92.3756,92.3756,1.0,1.0,1
86727,31.05.2024 07:02:16.930000,476.834,546.542,10.4132,10.93,10.519,30.4683,2.39759,2.36319,19.3125,14.0327,661.405,662.95,6.77502,6.8715,0.0384314,-0.849683,9.84649,92.3756,92.3756,1.0,1.0,1
86728,31.05.2024 07:02:16.940000,505.673,591.943,10.4657,10.902,10.426,30.418,2.38213,2.30894,18.8632,10.6369,659.805,661.27,7.33448,4.59983,0.0289519,-0.902721,9.84689,89.4314,89.4314,1.0,1.0,1
86729,31.05.2024 07:02:16.950000,518.445,591.284,10.3993,10.939,10.46,30.4034,2.34658,2.31017,17.5848,8.95771,657.34,658.915,8.00773,4.97371,0.0609438,-1.06286,9.84861,86.943,86.943,1.0,1.0,1
86730,31.05.2024 07:02:16.960000,534.43,591.284,10.4307,10.977,10.46,30.3798,2.34658,2.31017,17.5848,8.95771,656.5,658.14,8.33859,5.40907,0.158873,-1.03896,9.84861,83.6299,83.6299,1.0,1.0,1
86731,31.05.2024 07:02:16.970000,534.43,584.692,10.4307,10.977,10.416,30.3387,2.33705,2.34696,17.3584,11.1277,655.605,657.35,8.5156,6.20126,0.110775,-0.899049,9.84862,83.6299,83.6299,1.0,1.0,1
86732,31.05.2024 07:02:16.980000,552.063,588.4,10.4394,10.941,10.374,30.3387,2.34248,2.37777,16.2749,13.3663,654.73,656.575,7.99861,8.08682,0.0148242,-1.02935,9.8491,83.6372,83.6372,1.0,1.0,1
86733,31.05.2024 07:02:16.990000,574.145,588.4,10.4379,10.857,10.374,30.4038,2.34248,2.37777,16.2749,13.3663,653.02,654.945,7.50454,8.66481,0.0359442,-0.969243,9.8491,79.2607,79.2607,1.0,1.0,1
86734,31.05.2024 07:02:17.000000,574.145,588.4,10.4379,10.857,10.374,30.4038,2.34248,2.37777,16.2749,13.3663,653.02,654.945,7.50454,8.66481,0.0359442,-0.969243,9.8491,79.2607,79.2607,1.0,1.0,1
86735,31.05.2024 07:02:17.010000,574.145,602.572,10.4379,10.857,10.38,30.4549,2.34793,2.40759,15.7206,15.1531,652.215,654.08,6.89481,9.25214,-0.0242326,-1.00174,9.84991,75.4991,75.4991,1.0,1.0,1
86736,31.05.2024 07:02:17.020000,601.172,587.329,10.4727,10.936,10.408,30.4277,2.35743,2.41609,16.6873,15.9647,650.525,652.395,5.94463,9.70483,-0.0888422,-1.04702,9.85019,71.0069,71.0069,1.0,1.0,1
86737,31.05.2024 07:02:17.030000,601.172,591.284,10.4169,10.936,10.395,30.4277,2.35791,2.41509,17.2073,16.3545,649.685,651.55,5.87989,9.47792,-0.0902669,-1.02989,9.85107,71.0069,71.0069,1.0,1.0,1
86738,31.05.2024 07:02:17.040000,616.58,591.284,10.448,10.915,10.395,30.4798,2.35791,2.41509,17.2073,16.3545,648.03,649.865,5.88029,8.86693,-0.134445,-1.03446,9.85107,68.2219,68.2219,1.0,1.0,1
86739,31.05.2024 07:02:17.050000,616.58,578.595,10.448,10.915,10.393,30.409,2.36073,2.4012,17.6883,14.8678,647.175,649.025,5.6001,8.2789,-0.0740774,-0.999906,9.85174,68.2219,68.2219,1.0,1.0,1
86740,31.05.2024 07:02:17.060000,586.587,549.756,10.4843,10.849,10.405,30.409,2.35419,2.38917,17.9299,14.0863,646.36,648.185,5.7809,7.25934,-0.00124907,-0.942996,9.85251,64.2795,64.2795,1.0,1.0,1
86741,31.05.2024 07:02:17.070000,586.587,549.756,10.4843,10.849,10.405,30.409,2.35419,2.38917,17.9299,14.0863,646.36,648.185,5.7809,7.25934,-0.00124907,-0.942996,9.85251,64.2795,64.2795,1.0,1.0,1
86742,31.05.2024 07:02:17.080000,580.902,549.756,10.4321,10.856,10.405,30.4637,2.35419,2.38917,17.9299,14.0863,644.63,646.51,5.93225,6.91047,0.0460284,-0.916782,9.85251,64.2795,64.2795,1.0,1.0,1
86743,31.05.2024 07:02:17.090000,552.31,507.239,10.456,10.909,10.452,30.437,2.34796,2.37784,18.2393,13.9793,643.0,644.865,6.03499,6.76191,-0.0696924,-0.789672,9.85355,60.1128,60.1128,1.0,1.0,1
86744,31.05.2024 07:02:17.100000,552.31,507.239,10.456,10.909,10.452,30.437,2.34796,2.37784,18.2393,13.9793,643.0,644.865,6.03499,6.76191,-0.0696924,-0.789672,9.85355,60.1128,60.1128,1.0,1.0,1
86745,31.05.2024 07:02:17.110000,518.939,507.239,10.456,10.849,10.452,30.371,2.33662,2.36435,17.5165,12.0967,642.215,644.045,6.13973,6.66098,-0.110731,-0.736186,9.85409,60.1128,60.1128,1.0,1.0,1
86746,31.05.2024 07:02:17.120000,518.939,507.239,10.456,10.849,10.452,30.371,2.33662,2.36435,17.5165,12.0967,642.215,644.045,6.13973,6.66098,-0.110731,-0.736186,9.85409,60.1128,60.1128,1.0,1.0,1
86747,31.05.2024 07:02:17.130000,507.898,487.793,10.4764,10.794,10.409,30.3551,2.33004,2.3606,18.0045,13.1197,639.81,641.61,6.75618,7.31821,-0.156885,-0.610992,9.85509,55.1866,55.1866,1.0,1.0,1
86748,31.05.2024 07:02:17.140000,479.718,429.126,10.4801,10.795,10.436,30.3168,2.32734,2.35823,17.0692,13.3067,638.16,639.945,7.37359,7.76444,-0.210716,-0.688426,9.85721,47.0631,47.0631,1.0,1.0,1
86749,31.05.2024 07:02:17.150000,467.688,429.126,10.5197,10.855,10.436,30.2794,2.32734,2.35823,17.0692,13.3067,637.29,639.075,7.48085,7.75579,-0.225897,-0.703201,9.85721,47.0631,47.0631,1.0,1.0,1
86750,31.05.2024 07:02:17.160000,467.688,416.354,10.5197,10.855,10.478,30.3011,2.32905,2.36318,17.2698,13.6261,635.635,637.45,7.17055,7.51388,-0.188778,-0.780698,9.85777,47.0631,47.0631,1.0,1.0,1
86751,31.05.2024 07:02:17.170000,429.62,395.92,10.4526,10.825,10.441,30.3011,2.32905,2.36318,17.2698,13.6261,634.835,636.665,6.97629,7.56653,-0.235445,-0.841714,9.85777,47.0414,47.0414,1.0,1.0,1
86752,31.05.2024 07:02:17.180000,405.807,395.92,10.4526,10.777,10.441,30.2755,2.32714,2.36552,17.2558,13.4417,634.0,635.86,6.68804,8.3348,-0.218654,-0.867111,9.85888,38.18,38.18,1.0,1.0,1
86753,31.05.2024 07:02:17.190000,405.807,376.309,10.4885,10.777,10.414,30.2755,2.3276,2.3627,17.7503,14.0765,633.18,635.06,6.55945,8.84251,-0.279897,-0.897205,9.85889,38.18,38.18,1.0,1.0,1
86754,31.05.2024 07:02:17.200000,386.114,376.309,10.5063,10.747,10.414,30.3225,2.3276,2.3627,17.7503,14.0765,631.515,633.37,6.55257,9.20173,-0.262192,-0.896615,9.85889,38.18,38.18,1.0,1.0,1
86755,31.05.2024 07:02:17.210000,386.114,353.238,10.5063,10.747,10.393,30.3294,2.32684,2.3641,17.4906,14.0986,630.685,632.515,6.5547,9.17452,-0.263538,-0.98291,9.86073,38.18,38.18,1.0,1.0,1
86756,31.05.2024 07:02:17.220000,384.714,330.908,10.4704,10.771,10.36,30.3294,2.33008,2.3626,17.7592,14.0545,629.86,631.72,5.60225,8.64436,-0.23241,-0.960138,9.8613,35.178,35.178,1.0,1.0,1
86757,31.05.2024 07:02:17.230000,351.919,330.908,10.5082,10.758,10.36,30.1922,2.33008,2.3626,17.7592,14.0545,628.185,630.16,5.81476,8.37588,-0.166708,-0.808843,9.8613,31.7708,31.7708,1.0,1.0,1
86758,31.05.2024 07:02:17.240000,351.919,330.908,10.5082,10.758,10.36,30.1922,2.33008,2.3626,17.7592,14.0545,628.185,630.16,5.81476,8.37588,-0.166708,-0.808843,9.8613,31.7708,31.7708,1.0,1.0,1
86759,31.05.2024 07:02:17.250000,351.919,319.537,10.5082,10.758,10.346,30.2282,2.33138,2.36083,17.8113,13.3025,627.345,629.365,5.79375,8.89054,-0.168302,-0.851846,9.86167,29.4705,29.4705,1.0,1.0,1
86760,31.05.2024 07:02:17.260000,351.919,319.537,10.5082,10.758,10.346,30.2282,2.33138,2.36083,17.8113,13.3025,627.345,629.365,5.79375,8.89054,-0.168302,-0.851846,9.86167,29.4705,29.4705,1.0,1.0,1
86761,31.05.2024 07:02:17.270000,303.882,304.459,10.5112,10.678,10.287,30.2143,2.32912,2.35741,17.4815,11.9052,625.69,627.805,5.64701,11.2056,-0.282739,-0.930045,9.86238,29.4705,29.4705,1.0,1.0,1
86762,31.05.2024 07:02:17.280000,304.871,284.106,10.5163,10.684,10.263,30.2413,2.32701,2.35382,16.9795,12.4908,623.21,625.385,5.64178,11.9365,-0.233429,-0.843297,9.86348,26.8591,26.8591,1.0,1.0,1
86763,31.05.2024 07:02:17.290000,304.871,295.477,10.5163,10.684,10.247,30.2898,2.32686,2.35132,17.3624,13.0055,622.395,624.535,5.58934,11.8666,-0.222044,-0.870712,9.86476,26.8591,26.8591,1.0,1.0,1
86764,31.05.2024 07:02:17.300000,304.871,295.477,10.5163,10.684,10.247,30.2898,2.32686,2.35132,17.3624,13.0055,622.395,624.535,5.58934,11.8666,-0.222044,-0.870712,9.86476,26.8591,26.8591,1.0,1.0,1
86765,31.05.2024 07:02:17.310000,305.694,293.664,10.5618,10.687,10.177,30.2898,2.3279,2.35108,17.1561,11.7005,621.535,623.745,5.80557,12.1034,-0.218899,-0.895477,9.86546,24.2694,24.2694,1.0,1.0,1
86766,31.05.2024 07:02:17.320000,305.694,293.664,10.5618,10.687,10.177,30.2898,2.3279,2.35108,17.1561,11.7005,621.535,623.745,5.80557,12.1034,-0.218899,-0.895477,9.86546,24.2694,24.2694,1.0,1.0,1
86767,31.05.2024 07:02:17.330000,309.32,303.47,10.5353,10.601,10.147,30.3776,2.32842,2.35104,17.4314,12.0134,619.045,621.335,5.33604,12.2261,-0.210111,-0.909585,9.86662,21.9473,21.9473,1.0,1.0,1
86768,31.05.2024 07:02:17.340000,307.837,290.698,10.5348,10.577,10.081,30.5301,2.32303,2.34817,17.0269,12.871,617.335,619.845,4.66376,13.4533,-0.244764,-1.05365,9.86774,15.625,15.625,1.0,1.0,1
86769,31.05.2024 07:02:17.350000,307.837,301.41,10.5464,10.577,10.066,30.5301,2.32156,2.34029,16.7768,12.3156,616.525,619.095,4.52245,14.5422,-0.280058,-1.08706,9.86841,15.625,15.625,1.0,1.0,1
86770,31.05.2024 07:02:17.360000,306.436,301.41,10.5464,10.611,10.066,30.986,2.32156,2.34029,16.7768,12.3156,614.895,617.54,4.21667,15.3052,-0.291319,-1.1325,9.86841,13.3319,13.3319,1.0,1.0,1
86771,31.05.2024 07:02:17.370000,306.436,297.372,10.5464,10.611,10.017,31.7178,2.31942,2.33632,16.4615,10.5203,614.045,616.775,3.98544,15.7049,-0.318863,-1.05552,9.86928,13.3319,13.3319,1.0,1.0,1
86772,31.05.2024 07:02:17.380000,306.436,297.372,10.5464,10.611,10.017,31.7178,2.31942,2.33632,16.4615,10.5203,614.045,616.775,3.98544,15.7049,-0.318863,-1.05552,9.86928,13.3319,13.3319,1.0,1.0,1
86773,31.05.2024 07:02:17.390000,313.934,302.811,10.5172,10.516,10.032,31.7178,2.3227,2.33418,16.9293,11.4962,613.21,616.06,3.68075,17.1163,-0.254051,-0.992444,9.87062,13.3319,13.3319,1.0,1.0,1
86774,31.05.2024 07:02:17.400000,308.826,294.653,10.5553,10.477,9.989,33.4394,2.32421,2.33367,16.3842,11.8073,610.745,613.84,3.6228,19.036,-0.00865912,-0.963369,9.87121,13.2957,13.2957,1.0,1.0,1
86775,31.05.2024 07:02:17.410000,316.406,297.702,10.5528,10.449,10.012,33.4394,2.32421,2.33367,16.3842,11.8073,609.93,613.025,3.77608,20.0412,0.264492,-0.956466,9.87121,11.1545,11.1545,1.0,1.0,1
86776,31.05.2024 07:02:17.420000,303.47,297.702,10.5528,10.536,10.012,34.4929,2.31967,2.33193,16.9133,12.1425,609.135,612.3,3.57669,20.9165,1.39744,-0.691829,9.87152,9.70775,9.70775,1.0,1.0,1
86777,31.05.2024 07:02:17.430000,303.47,297.702,10.5528,10.536,10.012,34.4929,2.31967,2.33193,16.9133,12.1425,609.135,612.3,3.57669,20.9165,1.39744,-0.691829,9.87152,9.70775,9.70775,1.0,1.0,1
86778,31.05.2024 07:02:17.440000,303.47,303.47,10.5311,10.536,9.999,34.4929,2.31387,2.32612,16.8799,12.2019,608.345,611.58,4.00303,21.6579,2.08143,-0.212388,9.87281,9.02778,9.02778,1.0,1.0,1
86779,31.05.2024 07:02:17.450000,311.133,304.211,10.4588,10.501,10.188,36.8157,2.31156,2.32278,16.8898,11.6652,606.1,609.68,4.80929,24.255,4.34067,1.28969,9.87345,9.02778,9.02778,1.0,1.0,1
86780,31.05.2024 07:02:17.460000,314.017,307.178,10.5016,10.408,10.237,36.8157,2.30828,2.31556,17.0226,10.6305,605.39,609.09,6.6694,28.6902,7.43663,3.73661,9.87467,9.00607,9.00607,1.0,1.0,1
86781,31.05.2024 07:02:17.470000,320.361,307.178,10.4642,10.38,10.237,38.1592,2.30828,2.31556,17.0226,10.6305,604.635,608.225,1.18613,23.7484,8.86657,4.92168,9.87467,8.70226,8.70226,1.0,1.0,1
86782,31.05.2024 07:02:17.480000,320.361,307.178,10.4642,10.38,10.237,38.1592,2.30828,2.31556,17.0226,10.6305,604.635,608.225,1.18613,23.7484,8.86657,4.92168,9.87467,8.70226,8.70226,1.0,1.0,1
86783,31.05.2024 07:02:17.490000,320.361,300.833,10.4642,10.38,10.235,39.4826,2.30919,2.31104,16.8726,10.151,605.0,608.66,-5.46179,16.4836,10.2944,5.99139,9.8753,8.70226,8.70226,1.0,1.0,1
86784,31.05.2024 07:02:17.500000,320.361,300.833,10.4642,10.38,10.235,39.4826,2.30919,2.31104,16.8726,10.151,605.0,608.66,-5.46179,16.4836,10.2944,5.99139,9.8753,8.70226,8.70226,1.0,1.0,1
86785,31.05.2024 07:02:17.510000,311.38,303.058,10.4405,10.416,10.23,40.857,2.30194,2.30777,16.0814,9.40953,604.94,608.77,5.14461,24.6948,14.4077,8.87029,9.87614,8.65885,8.65885,1.0,1.0,1
86786,31.05.2024 07:02:17.520000,311.38,303.058,10.4405,10.416,10.23,40.857,2.30194,2.30777,16.0814,9.40953,604.94,608.77,5.14461,24.6948,14.4077,8.87029,9.87614,8.65885,8.65885,1.0,1.0,1
86787,31.05.2024 07:02:17.530000,322.916,298.691,10.391,10.401,10.238,42.358,2.30461,2.29953,16.4758,10.4436,605.08,608.815,3.41337,19.6889,15.3895,9.60621,9.87761,7.24103,7.24103,1.0,1.0,1
86788,31.05.2024 07:02:17.540000,316.406,295.972,10.3804,10.42,10.19,43.8098,2.31105,2.2888,15.5354,8.64605,604.91,608.695,8.54653,20.8291,14.7548,9.06455,9.88033,7.24103,7.24103,1.0,1.0,1
86789,31.05.2024 07:02:17.550000,315.747,295.972,10.3645,10.377,10.19,45.2753,2.31105,2.2888,15.5354,8.64605,604.95,608.735,8.30443,18.6813,14.5626,9.06544,9.88033,7.24103,7.24103,1.0,1.0,1
86790,31.05.2024 07:02:17.560000,315.747,299.844,10.3645,10.377,10.155,46.7449,2.3044,2.28685,15.7522,8.34605,605.015,608.89,9.31525,18.1534,14.374,9.18021,9.88209,7.24103,7.24103,1.0,1.0,1
86791,31.05.2024 07:02:17.570000,315.005,300.503,10.2933,10.373,10.173,46.7449,2.3044,2.28685,15.7522,8.34605,604.975,608.87,11.1202,19.1944,14.0577,9.15854,9.88209,8.03675,8.03675,1.0,1.0,1
86792,31.05.2024 07:02:17.580000,328.189,300.503,10.2933,10.377,10.173,48.229,2.29835,2.2858,15.2265,7.91427,604.99,608.86,10.8862,18.3988,13.7286,8.83201,9.88359,7.89931,7.89931,1.0,1.0,1
86793,31.05.2024 07:02:17.590000,328.189,307.095,10.271,10.377,10.124,48.229,2.29308,2.28227,14.5335,8.82139,605.04,608.86,11.5156,17.6116,13.5783,8.51154,9.88511,7.89931,7.89931,1.0,1.0,1
86794,31.05.2024 07:02:17.600000,315.829,307.095,10.2583,10.355,10.124,49.6967,2.29308,2.28227,14.5335,8.82139,604.99,608.83,12.5212,17.3239,13.4811,8.33292,9.88511,7.89931,7.89931,1.0,1.0,1
86795,31.05.2024 07:02:17.610000,315.829,300.256,10.2583,10.355,10.033,51.0873,2.29199,2.28017,13.9828,8.69739,604.95,608.82,12.71,17.1105,13.6722,8.1525,9.88673,7.89931,7.89931,1.0,1.0,1
86796,31.05.2024 07:02:17.620000,307.26,302.151,10.2634,10.359,10.079,51.0873,2.29428,2.28034,14.3968,8.63208,604.935,608.845,11.5079,14.8123,14.162,8.35548,9.88772,8.68056,8.68056,1.0,1.0,1
86797,31.05.2024 07:02:17.630000,333.298,302.151,10.1845,10.318,10.079,52.4404,2.29428,2.28034,14.3968,8.63208,604.92,608.96,11.8405,14.7385,14.4534,8.69006,9.88772,8.44184,8.44184,1.0,1.0,1
86798,31.05.2024 07:02:17.640000,333.298,308.166,10.1845,10.318,10.109,53.7826,2.30431,2.28332,14.8209,10.0338,604.93,608.955,11.3673,14.917,14.7772,9.22852,9.89004,8.44184,8.44184,1.0,1.0,1
86799,31.05.2024 07:02:17.650000,315.912,301.08,10.167,10.275,9.999,53.7826,2.30431,2.28332,14.8209,10.0338,604.965,608.96,11.0258,15.459,15.0742,9.56237,9.89004,8.10186,8.10186,1.0,1.0,1
86800,31.05.2024 07:02:17.660000,319.125,301.08,10.167,10.271,9.999,55.1076,2.31319,2.28678,14.6862,9.49083,604.97,608.955,11.0848,15.024,15.6134,9.90485,9.89083,8.23929,8.23929,1.0,1.0,1
86801,31.05.2024 07:02:17.670000,319.125,298.938,10.1674,10.271,10.044,55.1076,2.31926,2.30413,14.6982,9.33717,605.015,608.97,11.374,14.9829,15.7868,10.0709,9.89124,8.23929,8.23929,1.0,1.0,1
86802,31.05.2024 07:02:17.680000,313.11,298.938,10.1527,10.308,10.044,56.4565,2.31926,2.30413,14.6982,9.33717,605.04,609.01,11.7409,14.891,15.9993,10.2261,9.89124,8.4997,8.4997,1.0,1.0,1
86803,31.05.2024 07:02:17.690000,313.11,299.02,10.1527,10.308,9.964,57.8436,2.31128,2.32303,15.9933,12.6961,605.055,609.01,12.2792,14.9721,16.1287,10.3606,9.89435,8.4997,8.4997,1.0,1.0,1
86804,31.05.2024 07:02:17.700000,326.294,305.53,10.107,10.28,10.0,57.8436,2.28981,2.32958,15.1395,14.4028,605.07,609.015,12.5596,14.7734,16.1296,10.3551,9.89516,8.4997,8.4997,1.0,1.0,1
86805,31.05.2024 07:02:17.710000,309.485,305.53,10.0951,10.225,10.0,59.1665,2.28981,2.32958,15.1395,14.4028,605.055,609.125,12.9297,14.6,15.9568,10.166,9.89516,7.98611,7.98611,1.0,1.0,1
86806,31.05.2024 07:02:17.720000,309.485,302.646,10.0951,10.225,9.923,60.515,2.27677,2.32032,15.0648,12.5396,605.055,609.18,12.9205,14.8926,15.8172,10.0392,9.89687,7.98611,7.98611,1.0,1.0,1
86807,31.05.2024 07:02:17.730000,317.23,297.949,10.0505,10.182,9.981,60.515,2.27677,2.32032,15.0648,12.5396,604.97,609.19,12.5716,16.541,15.6895,10.6815,9.89687,8.08738,8.08738,1.0,1.0,1
86808,31.05.2024 07:02:17.740000,311.627,297.949,10.0505,10.262,9.981,61.8732,2.2609,2.30633,13.264,9.98584,604.9,609.17,11.6043,16.8433,15.6224,11.0119,9.89802,8.47801,8.47801,1.0,1.0,1
86809,31.05.2024 07:02:17.750000,311.627,298.938,10.0771,10.262,9.937,61.8732,2.26966,2.28075,13.9885,11.3362,604.845,609.14,9.88962,16.1288,15.3224,10.9207,9.89954,8.47801,8.47801,1.0,1.0,1
86810,31.05.2024 07:02:17.760000,318.631,298.938,10.035,10.279,9.937,63.1945,2.26966,2.28075,13.9885,11.3362,604.87,609.16,8.59245,15.4441,14.8078,10.6775,9.89954,8.59375,8.59375,1.0,1.0,1
86811,31.05.2024 07:02:17.770000,318.631,303.799,10.035,10.279,9.922,64.5501,2.28542,2.26902,13.8512,9.50104,604.875,609.21,8.0175,14.7501,14.1745,10.3293,9.90109,8.59375,8.59375,1.0,1.0,1
86812,31.05.2024 07:02:17.780000,318.631,303.799,10.035,10.279,9.922,64.5501,2.28542,2.26902,13.8512,9.50104,604.875,609.21,8.0175,14.7501,14.1745,10.3293,9.90109,8.59375,8.59375,1.0,1.0,1
86813,31.05.2024 07:02:17.790000,309.32,306.106,9.99849,10.193,9.854,64.5501,2.31701,2.27678,14.0532,8.97003,604.875,609.255,7.79107,15.0889,13.1218,10.1668,9.9021,8.44908,8.44908,1.0,1.0,1
86814,31.05.2024 07:02:17.800000,320.279,301.327,9.99809,10.146,9.83,67.222,2.33084,2.30335,14.6001,10.5532,604.81,609.28,7.54352,15.6435,12.545,10.2956,9.90356,8.78906,8.78906,1.0,1.0,1
86815,31.05.2024 07:02:17.810000,320.279,301.327,9.99809,10.146,9.83,67.222,2.33084,2.30335,14.6001,10.5532,604.81,609.28,7.54352,15.6435,12.545,10.2956,9.90356,8.78906,8.78906,1.0,1.0,1
86816,31.05.2024 07:02:17.820000,317.725,303.223,9.98371,10.125,9.8,67.222,2.34884,2.32521,16.1728,12.9267,604.795,609.27,7.04862,15.6589,12.1809,10.1424,9.90356,8.78183,8.78183,1.0,1.0,1
86817,31.05.2024 07:02:17.830000,317.725,303.223,9.98371,10.125,9.8,67.222,2.34884,2.32521,16.1728,12.9267,604.795,609.27,7.04862,15.6589,12.1809,10.1424,9.90356,8.78183,8.78183,1.0,1.0,1
86818,31.05.2024 07:02:17.840000,314.511,298.773,9.93098,10.17,9.775,68.5067,2.34125,2.33417,16.0916,13.017,604.715,609.305,6.58931,14.1615,11.3283,9.8857,9.90614,9.04225,9.04225,1.0,1.0,1
86819,31.05.2024 07:02:17.850000,317.23,301.327,9.98933,10.121,9.771,71.1479,2.33661,2.32595,17.1973,12.3254,604.67,609.34,5.48464,13.8432,9.7622,8.31704,9.90766,8.58651,8.58651,1.0,1.0,1
86820,31.05.2024 07:02:17.860000,317.23,301.327,9.98933,10.121,9.771,71.1479,2.33661,2.32595,17.1973,12.3254,604.67,609.34,5.48464,13.8432,9.7622,8.31704,9.90766,8.58651,8.58651,1.0,1.0,1
86821,31.05.2024 07:02:17.870000,316.901,297.784,9.98928,10.088,9.792,71.1479,2.31625,2.30104,15.3839,11.2547,604.66,609.32,5.21692,13.6901,9.15478,7.90768,9.90941,7.94271,7.94271,1.0,1.0,1
86822,31.05.2024 07:02:17.880000,316.901,297.784,9.98928,10.088,9.792,71.1479,2.31625,2.30104,15.3839,11.2547,604.66,609.32,5.21692,13.6901,9.15478,7.90768,9.90941,7.94271,7.94271,1.0,1.0,1
86823,31.05.2024 07:02:17.890000,314.346,300.009,9.91726,10.056,9.778,73.7065,2.31177,2.27559,15.5825,9.6389,604.64,609.415,5.06756,12.3344,8.16309,7.67043,9.90968,7.39294,7.39294,1.0,1.0,1
86824,31.05.2024 07:02:17.900000,314.346,300.009,9.91726,10.056,9.778,73.7065,2.31177,2.27559,15.5825,9.6389,604.64,609.415,5.06756,12.3344,8.16309,7.67043,9.90968,7.39294,7.39294,1.0,1.0,1
86825,31.05.2024 07:02:17.910000,318.631,300.421,9.91636,9.999,9.811,74.9851,2.30758,2.25518,14.808,8.33691,604.63,609.455,5.87515,12.9986,7.63071,7.63751,9.9107,7.08189,7.08189,1.0,1.0,1
86826,31.05.2024 07:02:17.920000,313.605,300.174,9.91188,9.95,9.85,76.2958,2.31563,2.24319,13.6736,6.91034,604.58,609.475,6.25302,12.6487,7.41921,7.63346,9.91205,6.09086,6.09086,1.0,1.0,1
86827,31.05.2024 07:02:17.930000,313.605,299.267,9.91188,9.95,9.812,77.5519,2.31199,2.24878,13.9358,6.56631,604.6,609.5,5.83546,12.3236,7.28218,7.70536,9.91081,6.09086,6.09086,1.0,1.0,1
86828,31.05.2024 07:02:17.940000,315.088,305.2,9.96952,10.019,9.809,77.5519,2.31306,2.26636,14.3986,8.18007,604.63,609.485,6.52066,12.4349,7.25471,7.77843,9.91276,6.09086,6.09086,1.0,1.0,1
86829,31.05.2024 07:02:17.950000,322.668,305.2,9.87746,9.999,9.809,78.7694,2.31306,2.26636,14.3986,8.18007,604.59,609.46,7.26154,12.2247,7.34195,7.79255,9.91276,5.53385,5.53385,1.0,1.0,1
86830,31.05.2024 07:02:17.960000,322.668,300.833,9.87746,9.999,9.831,79.8717,2.31247,2.27392,14.2334,9.54165,604.565,609.47,7.81608,11.6628,7.38148,7.83107,9.91316,5.53385,5.53385,1.0,1.0,1
86831,31.05.2024 07:02:17.970000,310.226,305.694,9.95857,9.923,9.807,79.8717,2.31247,2.27392,14.2334,9.54165,604.51,609.45,8.07961,10.8681,7.42354,7.94486,9.91316,5.07812,5.07812,1.0,1.0,1
86832,31.05.2024 07:02:17.980000,310.226,305.694,9.95857,9.923,9.807,79.8717,2.31247,2.27392,14.2334,9.54165,604.51,609.45,8.07961,10.8681,7.42354,7.94486,9.91316,5.07812,5.07812,1.0,1.0,1
86833,31.05.2024 07:02:17.990000,314.758,305.694,9.95857,9.949,9.807,81.1135,2.31625,2.29186,13.3836,9.29951,604.445,609.48,7.92065,9.8696,7.48271,8.21425,9.91378,5.07812,5.07812,1.0,1.0,1
86834,31.05.2024 07:02:18.000000,317.23,296.878,9.99381,9.989,9.842,82.2612,2.32586,2.3086,13.7949,9.96706,604.37,609.5,6.87804,10.288,6.95994,8.28907,9.91443,5.47598,5.47598,1.0,1.0,1
86835,31.05.2024 07:02:18.010000,317.23,303.717,9.99381,9.989,9.82,83.3534,2.3403,2.32171,14.7158,13.5963,604.365,609.495,6.12333,10.1511,6.69709,8.31329,9.91546,5.47598,5.47598,1.0,1.0,1
86836,31.05.2024 07:02:18.020000,320.608,299.432,9.91425,10.006,9.849,83.3534,2.34705,2.31906,15.3357,13.6398,604.345,609.49,6.28159,9.64253,6.17506,8.45457,9.91616,5.46875,5.46875,1.0,1.0,1
86837,31.05.2024 07:02:18.030000,312.616,299.432,9.96928,9.972,9.849,84.4,2.34705,2.31906,15.3357,13.6398,604.315,609.45,6.01573,9.48822,5.95057,8.38789,9.91616,5.41811,5.41811,1.0,1.0,1
86838,31.05.2024 07:02:18.040000,312.616,305.118,9.96928,9.972,9.783,85.2276,2.33185,2.31079,14.6861,10.566,604.305,609.43,5.76229,8.89182,5.83101,8.34053,9.91666,5.41811,5.41811,1.0,1.0,1
86839,31.05.2024 07:02:18.050000,309.155,297.29,9.97955,9.966,9.824,85.2276,2.33185,2.31079,14.6861,10.566,604.275,609.43,5.76006,8.23247,5.58846,8.36474,9.91666,5.12153,5.12153,1.0,1.0,1
86840,31.05.2024 07:02:18.060000,314.017,297.29,9.97955,9.962,9.824,86.0356,2.32128,2.29156,15.7673,11.3409,604.22,609.465,5.9778,7.15924,5.05687,8.4349,9.91772,5.07089,5.07089,1.0,1.0,1
86841,31.05.2024 07:02:18.070000,314.017,305.283,9.94488,9.962,9.811,86.0356,2.32316,2.28258,14.3448,10.6201,604.19,609.48,5.19561,7.25328,4.83074,8.40316,9.91881,5.07089,5.07089,1.0,1.0,1
86842,31.05.2024 07:02:18.080000,314.017,305.283,9.94488,9.962,9.811,86.0356,2.32316,2.28258,14.3448,10.6201,604.19,609.48,5.19561,7.25328,4.83074,8.40316,9.91881,5.07089,5.07089,1.0,1.0,1
86843,31.05.2024 07:02:18.090000,318.466,305.283,9.96508,9.973,9.811,86.6664,2.32316,2.28258,14.3448,10.6201,604.165,609.525,5.27031,7.18309,4.75389,8.556,9.91881,4.41261,4.41261,1.0,1.0,1
86844,31.05.2024 07:02:18.100000,318.466,305.283,9.96508,9.973,9.811,86.6664,2.32316,2.28258,14.3448,10.6201,604.165,609.525,5.27031,7.18309,4.75389,8.556,9.91881,4.41261,4.41261,1.0,1.0,1
86845,31.05.2024 07:02:18.110000,317.725,309.485,9.97764,10.016,9.772,87.2062,2.33016,2.27725,12.2536,8.89322,604.155,609.505,5.18979,8.01244,3.9854,8.35928,9.9216,4.35475,4.35475,1.0,1.0,1
86846,31.05.2024 07:02:18.120000,315.088,300.586,10.0686,9.949,9.813,88.1392,2.31712,2.28933,12.3124,8.24603,604.21,609.49,6.36539,7.27285,4.02506,8.29472,9.92281,4.36197,4.36197,1.0,1.0,1
86847,31.05.2024 07:02:18.130000,308.166,301.327,10.0965,9.927,9.844,88.1392,2.31712,2.28933,12.3124,8.24603,604.2,609.45,7.1755,6.94874,4.13048,8.30872,9.92281,5.06365,5.06365,1.0,1.0,1
86848,31.05.2024 07:02:18.140000,322.668,301.327,10.0965,10.032,9.844,88.5028,2.32131,2.28863,12.3612,10.5604,604.11,609.455,7.83964,6.4574,4.39783,8.15773,9.92432,5.36748,5.36748,1.0,1.0,1
86849,31.05.2024 07:02:18.150000,322.668,300.174,10.0698,10.032,9.847,88.5028,2.33003,2.29122,11.9024,10.4965,604.03,609.44,7.10932,5.98102,4.69735,8.16468,9.92471,5.36748,5.36748,1.0,1.0,1
86850,31.05.2024 07:02:18.160000,310.309,300.174,10.02,10.025,9.847,88.7524,2.33003,2.29122,11.9024,10.4965,603.92,609.45,5.95181,5.72677,4.83743,8.13328,9.92471,5.36748,5.36748,1.0,1.0,1
86851,31.05.2024 07:02:18.170000,310.309,300.009,10.02,10.025,9.856,88.9313,2.32208,2.28882,12.0515,7.8787,603.945,609.435,4.73416,5.46317,4.80285,8.11304,9.92564,5.36748,5.36748,1.0,1.0,1
86852,31.05.2024 07:02:18.180000,306.271,300.751,10.0696,9.958,9.908,88.9313,2.31038,2.28937,11.0144,8.61394,603.97,609.475,4.70853,5.2956,4.68608,8.04464,9.92738,5.54832,5.54832,1.0,1.0,1
86853,31.05.2024 07:02:18.190000,315.829,300.751,10.0274,9.983,9.908,89.1997,2.31038,2.28937,11.0144,8.61394,604.045,609.475,5.47894,5.54065,4.74753,8.0238,9.92738,4.36921,4.36921,1.0,1.0,1
86854,31.05.2024 07:02:18.200000,315.829,294.241,10.0274,9.983,9.923,89.2948,2.29426,2.28055,11.9704,10.6942,604.01,609.48,6.26026,6.00182,4.90641,7.81675,9.92817,4.36921,4.36921,1.0,1.0,1
86855,31.05.2024 07:02:18.210000,316.653,291.11,10.0509,10.043,9.896,89.2948,2.29426,2.28055,11.9704,10.6942,603.975,609.48,6.81381,5.85797,5.08582,7.43681,9.92817,4.36921,4.36921,1.0,1.0,1
86856,31.05.2024 07:02:18.220000,316.653,291.11,10.0509,10.043,9.896,89.2948,2.29426,2.28055,11.9704,10.6942,603.975,609.48,6.81381,5.85797,5.08582,7.43681,9.92817,4.36921,4.36921,1.0,1.0,1
86857,31.05.2024 07:02:18.230000,310.803,291.11,10.0509,10.08,9.896,89.4882,2.29942,2.27523,10.7065,9.10279,603.93,609.51,6.7749,5.86351,5.04569,7.35831,9.92936,3.60243,3.60243,1.0,1.0,1
86858,31.05.2024 07:02:18.240000,310.803,291.11,10.0509,10.08,9.896,89.4882,2.29942,2.27523,10.7065,9.10279,603.93,609.51,6.7749,5.86351,5.04569,7.35831,9.92936,3.60243,3.60243,1.0,1.0,1
86859,31.05.2024 07:02:18.250000,316.406,260.87,10.1303,10.093,9.918,89.5629,2.31494,2.27527,9.95193,7.76364,603.94,609.525,6.79468,6.68505,5.19198,7.28417,9.93038,3.07436,3.07436,1.0,1.0,1
86860,31.05.2024 07:02:18.260000,316.406,260.87,10.1303,10.093,9.918,89.5629,2.31494,2.27527,9.95193,7.76364,603.94,609.525,6.79468,6.68505,5.19198,7.28417,9.93038,3.07436,3.07436,1.0,1.0,1
86861,31.05.2024 07:02:18.270000,311.957,211.679,10.17,10.109,9.975,89.6277,2.33812,2.28519,12.4738,10.2345,603.94,609.595,7.60799,6.71568,5.41706,6.4711,9.93304,2.03993,2.03993,1.0,1.0,1
86862,31.05.2024 07:02:18.280000,311.957,211.679,10.17,10.109,9.975,89.6277,2.33812,2.28519,12.4738,10.2345,603.94,609.595,7.60799,6.71568,5.41706,6.4711,9.93304,2.03993,2.03993,1.0,1.0,1
86863,31.05.2024 07:02:18.290000,310.474,183.911,10.157,10.119,9.984,89.7942,2.33464,2.28751,11.8698,9.05147,603.825,609.565,7.63637,8.1104,5.77126,6.54474,9.93394,2.03993,2.03993,1.0,1.0,1
86864,31.05.2024 07:02:18.300000,289.709,147.162,10.2048,10.096,9.996,89.845,2.33817,2.28904,12.9208,10.31,603.765,609.56,5.87863,7.07247,5.87663,6.27909,9.93572,-1.22251,-1.22251,1.0,1.0,1
86865,31.05.2024 07:02:18.310000,289.709,149.963,10.1955,10.096,9.988,89.845,2.32972,2.28562,12.7458,10.4203,603.77,609.59,5.48565,6.97401,5.97161,6.08994,9.93723,-1.22251,-1.22251,1.0,1.0,1
86866,31.05.2024 07:02:18.320000,272.9,149.963,10.2009,10.057,9.988,89.8986,2.32972,2.28562,12.7458,10.4203,603.765,609.58,5.71181,7.36402,6.11395,6.03095,9.93723,-1.22251,-1.22251,1.0,1.0,1
86867,31.05.2024 07:02:18.330000,272.9,143.866,10.2009,10.057,9.974,89.9442,2.32342,2.28503,13.169,10.219,603.755,609.57,5.85765,7.18898,6.3921,6.16303,9.93862,-1.22251,-1.22251,1.0,1.0,1
86868,31.05.2024 07:02:18.340000,279.41,133.484,10.1991,10.072,9.966,89.9442,2.3203,2.28369,12.909,10.2051,603.755,609.565,6.04031,6.92934,6.48209,6.12533,9.94024,-1.67824,-1.67824,1.0,1.0,1
86869,31.05.2024 07:02:18.350000,257.08,133.484,10.1818,10.119,9.966,89.9357,2.3203,2.28369,12.909,10.2051,603.715,609.57,5.85683,6.79903,6.43588,6.01265,9.94024,-2.92245,-2.92245,1.0,1.0,1
86870,31.05.2024 07:02:18.360000,257.08,133.484,10.1818,10.119,9.966,89.9357,2.3203,2.28369,12.909,10.2051,603.715,609.57,5.85683,6.79903,6.43588,6.01265,9.94024,-2.92245,-2.92245,1.0,1.0,1
86871,31.05.2024 07:02:18.370000,257.08,110.083,10.1818,10.119,9.963,89.9921,2.31936,2.28247,11.8612,10.394,603.715,609.575,6.00285,6.35877,6.5005,5.99081,9.94237,-4.49219,-4.49219,1.0,1.0,1
86872,31.05.2024 07:02:18.380000,225.934,66.0003,10.2321,10.14,9.982,90.0162,2.31205,2.28129,11.0089,9.64185,603.635,609.575,6.28632,6.45045,6.37284,5.70768,9.94287,-5.93895,-5.93895,1.0,1.0,1
86873,31.05.2024 07:02:18.390000,225.934,66.0003,10.2321,10.14,9.982,90.0162,2.31205,2.28129,11.0089,9.64185,603.635,609.575,6.28632,6.45045,6.37284,5.70768,9.94287,-5.93895,-5.93895,1.0,1.0,1
86874,31.05.2024 07:02:18.400000,225.934,28.9215,10.2125,10.14,10.023,90.0162,2.30918,2.27744,11.5523,9.08522,603.58,609.57,5.44931,6.16829,6.31034,5.71014,9.94419,-8.56481,-8.56481,1.0,1.0,1
86875,31.05.2024 07:02:18.410000,219.507,39.0564,10.1977,10.057,10.053,89.9789,2.30851,2.27669,10.7073,9.86945,603.525,609.545,4.68704,5.72339,6.45444,5.91002,9.94634,-8.56481,-8.56481,1.0,1.0,1
86876,31.05.2024 07:02:18.420000,219.507,39.0564,10.1977,10.057,10.053,89.9789,2.30851,2.27669,10.7073,9.86945,603.525,609.545,4.68704,5.72339,6.45444,5.91002,9.94634,-8.56481,-8.56481,1.0,1.0,1
86877,31.05.2024 07:02:18.430000,202.286,16.4795,10.1873,10.038,10.048,89.9789,2.31241,2.2762,10.9408,10.0543,603.525,609.565,4.20076,5.35552,6.29873,5.75716,9.94713,-8.61545,-8.61545,1.0,1.0,1
86878,31.05.2024 07:02:18.440000,190.503,-11.8652,10.2283,10.056,10.046,90.0329,2.3103,2.27339,10.063,8.79169,603.575,609.57,4.9005,5.22696,6.4044,5.63393,9.94931,-10.1563,-10.1563,1.0,1.0,1
86879,31.05.2024 07:02:18.450000,190.503,-11.8652,10.2283,10.056,10.046,90.0329,2.3103,2.27339,10.063,8.79169,603.575,609.57,4.9005,5.22696,6.4044,5.63393,9.94931,-10.1563,-10.1563,1.0,1.0,1
86880,31.05.2024 07:02:18.460000,174.765,-52.4872,10.2072,10.045,10.034,90.0329,2.30875,2.27221,9.93235,7.7999,603.575,609.57,5.34469,5.4286,6.40823,5.71022,9.94931,-11.7332,-11.7332,1.0,1.0,1
86881,31.05.2024 07:02:18.470000,174.765,-52.4872,10.2072,10.045,10.034,90.0329,2.30875,2.27221,9.93235,7.7999,603.575,609.57,5.34469,5.4286,6.40823,5.71022,9.94931,-11.7332,-11.7332,1.0,1.0,1
86882,31.05.2024 07:02:18.480000,168.997,-62.9516,10.2004,10.022,10.019,90.0593,2.31735,2.2737,10.4778,9.10167,603.465,609.58,5.55044,4.87904,6.36064,5.87102,9.95233,-12.9413,-12.9413,1.0,1.0,1
86883,31.05.2024 07:02:18.490000,168.997,-62.9516,10.2004,10.022,10.019,90.0593,2.31735,2.2737,10.4778,9.10167,603.465,609.58,5.55044,4.87904,6.36064,5.87102,9.95233,-12.9413,-12.9413,1.0,1.0,1
86884,31.05.2024 07:02:18.500000,154.578,-100.937,10.2129,10.003,10.02,90.0837,2.32455,2.27283,10.7248,9.21925,603.45,609.625,5.40156,5.20347,6.69947,6.03214,9.95374,-13.9106,-13.9106,1.0,1.0,1
86885,31.05.2024 07:02:18.510000,154.578,-100.937,10.2129,10.003,10.02,90.0837,2.32455,2.27283,10.7248,9.21925,603.45,609.625,5.40156,5.20347,6.69947,6.03214,9.95374,-13.9106,-13.9106,1.0,1.0,1
86886,31.05.2024 07:02:18.520000,133.072,-72.5921,10.2057,9.859,10.016,90.1512,2.32534,2.27059,11.1184,9.73779,603.41,609.62,5.98031,5.69807,6.6746,6.26854,9.95503,-14.6774,-14.6774,1.0,1.0,1
86887,31.05.2024 07:02:18.530000,133.072,-72.5921,10.2057,9.859,10.016,90.1512,2.32534,2.27059,11.1184,9.73779,603.41,609.62,5.98031,5.69807,6.6746,6.26854,9.95503,-14.6774,-14.6774,1.0,1.0,1
86888,31.05.2024 07:02:18.540000,121.124,-46.8841,10.2247,9.793,10.001,90.1546,2.31638,2.27138,11.6237,8.7842,603.33,609.56,5.23499,5.68778,6.52944,6.30548,9.9564,-15.6829,-15.6829,1.0,1.0,1
86889,31.05.2024 07:02:18.550000,115.192,-50.2624,10.1691,9.761,10.011,90.1742,2.31527,2.27068,11.422,9.16867,603.265,609.52,5.02532,4.56944,6.4017,6.14843,9.95976,-16.2543,-16.2543,1.0,1.0,1
86890,31.05.2024 07:02:18.560000,112.637,-50.2624,10.2282,9.73,10.011,90.1858,2.31527,2.27068,11.422,9.16867,603.27,609.535,4.64268,4.08086,6.37177,6.1294,9.95976,-16.2543,-16.2543,1.0,1.0,1
86891,31.05.2024 07:02:18.570000,112.637,-55.7831,10.2282,9.73,9.971,90.1116,2.31363,2.27171,11.0653,8.26993,603.225,609.555,4.60159,3.85638,6.329,6.17879,9.96144,-16.2543,-16.2543,1.0,1.0,1
86892,31.05.2024 07:02:18.580000,110.248,-67.6483,10.1359,9.726,9.953,90.1116,2.30881,2.27237,10.5529,9.51579,603.22,609.555,4.54708,3.97516,6.30475,6.20953,9.96335,-17.9181,-17.9181,1.0,1.0,1
86893,31.05.2024 07:02:18.590000,106.293,-67.6483,10.1268,9.798,9.953,90.1493,2.30881,2.27237,10.5529,9.51579,603.2,609.545,4.23472,3.7421,6.35955,6.23581,9.96335,-18.0845,-18.0845,1.0,1.0,1
86894,31.05.2024 07:02:18.600000,106.293,-108.105,10.1268,9.798,9.934,90.1531,2.29594,2.27234,10.6143,9.74436,603.145,609.515,4.41573,3.66595,6.39044,6.2441,9.96455,-18.0845,-18.0845,1.0,1.0,1
86895,31.05.2024 07:02:18.610000,100.69,-223.215,10.1984,10.111,9.918,90.1531,2.29594,2.27234,10.6143,9.74436,603.12,609.5,4.42441,3.6628,6.39444,6.28125,9.96455,-18.0845,-18.0845,1.0,1.0,1
86896,31.05.2024 07:02:18.620000,93.6035,-223.215,10.1984,10.135,9.918,90.1544,2.29211,2.27275,10.4756,9.58669,603.12,609.495,4.29911,2.95838,6.15221,6.05543,9.96586,-18.0917,-18.0917,1.0,1.0,1
86897,31.05.2024 07:02:18.630000,93.6035,-247.522,10.1424,10.135,9.918,90.1544,2.29494,2.27057,10.072,9.37547,603.105,609.505,4.4268,2.88565,6.05919,5.85996,9.96767,-18.0917,-18.0917,1.0,1.0,1
86898,31.05.2024 07:02:18.640000,93.6035,-247.522,10.1424,10.135,9.918,90.1544,2.29494,2.27057,10.072,9.37547,603.105,609.505,4.4268,2.88565,6.05919,5.85996,9.96767,-18.0917,-18.0917,1.0,1.0,1
86899,31.05.2024 07:02:18.650000,66.5771,-247.522,10.1072,10.03,9.918,90.1015,2.29494,2.27057,10.072,9.37547,603.055,609.49,3.9713,3.09438,6.01889,5.74181,9.96767,-17.7951,-17.7951,1.0,1.0,1
86900,31.05.2024 07:02:18.660000,66.5771,-247.522,10.1072,10.03,9.918,90.1015,2.29494,2.27057,10.072,9.37547,603.055,609.49,3.9713,3.09438,6.01889,5.74181,9.96767,-17.7951,-17.7951,1.0,1.0,1
86901,31.05.2024 07:02:18.670000,20.8466,-250.9,10.0702,9.952,9.998,90.1693,2.30052,2.26968,9.60245,9.22774,603.01,609.475,3.96592,2.41638,5.96241,6.17034,9.96954,-18.3521,-18.3521,0.0,1.0,1
86902,31.05.2024 07:02:18.680000,2.47192,-261.859,10.1103,9.962,9.949,90.1965,2.30217,2.26828,9.32902,9.3221,603.01,609.46,3.74878,2.15707,5.80569,6.15074,9.9709,-18.6994,-18.6994,0.0,1.0,1
86903,31.05.2024 07:02:18.690000,-2.63672,-264.249,10.1448,10.079,9.93,90.1965,2.30217,2.26828,9.32902,9.3221,603.02,609.44,4.27525,2.11015,5.76833,6.12915,9.9709,-19.2057,-19.2057,0.0,1.0,1
86904,31.05.2024 07:02:18.700000,-18.2922,-264.249,10.1448,10.065,9.93,90.2407,2.29981,2.26743,9.13519,8.48041,603.0,609.425,4.73529,1.80225,5.7347,6.17938,9.97178,-19.0032,-19.0032,0.0,1.0,1
86905,31.05.2024 07:02:18.710000,-18.2922,-264.249,10.1448,10.065,9.93,90.2407,2.29981,2.26743,9.13519,8.48041,603.0,609.425,4.73529,1.80225,5.7347,6.17938,9.97178,-19.0032,-19.0032,0.0,1.0,1
86906,31.05.2024 07:02:18.720000,-18.2922,-253.867,10.0817,10.065,9.874,90.2407,2.30022,2.26735,9.30379,9.05479,602.995,609.41,4.97317,1.56919,5.67442,6.0887,9.97344,-18.9091,-18.9091,0.0,1.0,1
86907,31.05.2024 07:02:18.730000,-29.2511,-257.822,10.0704,9.999,9.866,90.2342,2.30002,2.26727,9.2466,8.70436,602.885,609.375,5.37358,1.29726,5.6136,6.01323,9.97491,-18.9091,-18.9091,0.0,1.0,1
86908,31.05.2024 07:02:18.740000,-70.3674,-256.998,10.086,9.967,9.885,90.2342,2.30055,2.26542,9.54765,8.50238,602.825,609.34,4.45282,0.767001,5.63501,6.02282,9.97658,-18.9091,-18.9091,0.0,1.0,1
86909,31.05.2024 07:02:18.750000,-82.4798,-256.998,10.0872,10.016,9.885,90.2827,2.30055,2.26542,9.54765,8.50238,602.805,609.345,3.84284,0.498286,5.57075,5.98097,9.97658,-18.5692,-18.5692,0.0,1.0,1
86910,31.05.2024 07:02:18.760000,-82.4798,-258.151,10.0872,10.016,9.853,90.2845,2.29656,2.26507,9.04599,7.94303,602.84,609.35,3.14797,-0.0796251,5.53799,6.06095,9.978,-18.5692,-18.5692,0.0,1.0,1
86911,31.05.2024 07:02:18.770000,-102.09,-257.08,10.0579,10.068,9.849,90.2845,2.29656,2.26507,9.04599,7.94303,602.855,609.37,3.46109,-0.00934696,5.41598,5.9428,9.978,-18.2219,-18.2219,0.0,1.0,1
86912,31.05.2024 07:02:18.780000,-102.09,-257.08,10.0579,10.068,9.849,90.2845,2.29656,2.26507,9.04599,7.94303,602.855,609.37,3.46109,-0.00934696,5.41598,5.9428,9.978,-18.2219,-18.2219,0.0,1.0,1
86913,31.05.2024 07:02:18.790000,-100.442,-257.08,10.0579,9.991,9.849,90.2706,2.2963,2.26621,9.14556,8.74922,602.855,609.365,4.65029,0.329921,5.30311,6.10719,9.97916,-18.2219,-18.2219,0.0,1.0,1
86914,31.05.2024 07:02:18.800000,-100.442,-257.08,10.0579,9.991,9.849,90.2706,2.2963,2.26621,9.14556,8.74922,602.855,609.365,4.65029,0.329921,5.30311,6.10719,9.97916,-18.2219,-18.2219,0.0,1.0,1
86915,31.05.2024 07:02:18.810000,-111.237,-257.986,10.0814,9.872,9.856,90.2557,2.29748,2.26364,9.87483,9.63094,602.805,609.325,5.34306,0.847507,5.28476,6.07263,9.98081,-17.9181,-17.9181,0.0,1.0,1
86916,31.05.2024 07:02:18.820000,-114.12,-272.241,10.0388,9.889,9.841,90.2784,2.2967,2.26648,9.35434,8.5003,602.73,609.3,4.9083,0.332519,5.28935,5.937,9.98348,-18.0845,-18.0845,0.0,1.0,1
86917,31.05.2024 07:02:18.830000,-123.267,-272.241,10.0577,9.987,9.841,90.2402,2.2967,2.26648,9.35434,8.5003,602.695,609.31,4.95094,0.273299,5.37729,5.96039,9.98348,-18.0845,-18.0845,0.0,1.0,1
86918,31.05.2024 07:02:18.840000,-123.267,-261.365,10.0577,9.987,9.82,90.2512,2.29241,2.26622,9.84329,8.7829,602.68,609.325,4.62501,0.426803,5.32463,6.06328,9.98487,-18.0845,-18.0845,0.0,1.0,1
86919,31.05.2024 07:02:18.850000,-129.858,-262.024,10.0647,10.01,9.818,90.2512,2.29241,2.26622,9.84329,8.7829,602.685,609.32,4.62616,0.46738,5.2154,6.2477,9.98487,-17.8675,-17.8675,0.0,1.0,1
86920,31.05.2024 07:02:18.860000,-129.858,-262.024,10.0647,10.01,9.818,90.2512,2.29241,2.26622,9.84329,8.7829,602.685,609.32,4.62616,0.46738,5.2154,6.2477,9.98487,-17.8675,-17.8675,0.0,1.0,1
86921,31.05.2024 07:02:18.870000,-147.491,-262.024,10.0647,9.937,9.818,90.2294,2.29373,2.26583,9.65502,8.51298,602.7,609.32,5.03659,0.989814,5.09765,6.26836,9.98643,-18.5619,-18.5619,0.0,1.0,1
86922,31.05.2024 07:02:18.880000,-147.491,-262.024,10.0647,9.937,9.818,90.2294,2.29373,2.26583,9.65502,8.51298,602.7,609.32,5.03659,0.989814,5.09765,6.26836,9.98643,-18.5619,-18.5619,0.0,1.0,1
86923,31.05.2024 07:02:18.890000,-177.319,-256.998,10.0671,9.882,9.827,90.2012,2.29245,2.26521,9.18869,9.10884,602.635,609.245,5.47839,1.12436,4.94217,6.13002,9.98631,-18.6704,-18.6704,0.0,1.0,1
86924,31.05.2024 07:02:18.900000,-177.319,-256.998,10.0671,9.882,9.827,90.2012,2.29245,2.26521,9.18869,9.10884,602.635,609.245,5.47839,1.12436,4.94217,6.13002,9.98631,-18.6704,-18.6704,0.0,1.0,1
86925,31.05.2024 07:02:18.910000,-206.323,-264.578,10.0531,9.999,9.893,90.2526,2.29358,2.26802,9.37419,10.2436,602.55,609.215,4.6673,0.00136089,4.77646,6.07106,9.98931,-18.6704,-18.6704,0.0,1.0,1
86926,31.05.2024 07:02:18.920000,-206.323,-264.578,10.0531,9.999,9.893,90.2526,2.29358,2.26802,9.37419,10.2436,602.55,609.215,4.6673,0.00136089,4.77646,6.07106,9.98931,-18.6704,-18.6704,0.0,1.0,1
86927,31.05.2024 07:02:18.930000,-220.66,-258.398,10.0658,9.997,9.887,90.261,2.29775,2.26571,9.45452,9.29733,602.515,609.235,4.01653,-0.263764,4.64979,6.1708,9.98914,-18.3594,-18.3594,0.0,1.0,1
86928,31.05.2024 07:02:18.940000,-260.046,-253.784,10.0872,9.958,9.898,90.2384,2.29905,2.2668,9.35886,7.67866,602.525,609.215,4.14228,0.434154,4.54036,6.28494,9.99099,-18.3232,-18.3232,0.0,1.0,1
86929,31.05.2024 07:02:18.950000,-260.046,-253.784,10.0872,9.958,9.898,90.2384,2.29905,2.2668,9.35886,7.67866,602.525,609.215,4.14228,0.434154,4.54036,6.28494,9.99099,-18.3232,-18.3232,0.0,1.0,1
86930,31.05.2024 07:02:18.960000,-260.046,-263.754,10.0748,9.958,9.883,90.2384,2.30028,2.26601,9.24417,8.81307,602.49,609.18,4.31555,0.598937,4.38119,6.21665,9.9916,-18.5692,-18.5692,0.0,1.0,1
86931,31.05.2024 07:02:18.970000,-272.983,-258.728,10.096,10.01,9.88,90.283,2.29678,2.26372,9.40327,10.0022,602.505,609.15,4.50281,-0.103776,4.12054,5.94736,9.99322,-18.5692,-18.5692,0.0,1.0,1
86932,31.05.2024 07:02:18.980000,-272.9,-260.129,10.0827,10.062,9.865,90.283,2.29425,2.26452,9.0229,9.41829,602.49,609.165,5.02193,0.0341444,4.00006,5.98063,9.99429,-18.9525,-18.9525,0.0,1.0,1
86933,31.05.2024 07:02:18.990000,-272.406,-260.129,10.1049,10.022,9.865,90.2502,2.29425,2.26452,9.0229,9.41829,602.43,609.125,5.19493,-0.221711,3.91519,6.1075,9.99429,-18.4606,-18.4606,0.0,1.0,1
86934,31.05.2024 07:02:19.000000,-272.406,-259.222,10.1049,10.022,9.853,90.3,2.29409,2.26339,9.19971,9.3002,602.375,609.1,5.14309,-0.176309,3.86296,6.10149,9.99481,-18.4606,-18.4606,0.0,1.0,1
86935,31.05.2024 07:02:19.010000,-278.091,-264.084,10.0934,9.995,9.862,90.3,2.29409,2.26339,9.19971,9.3002,602.365,609.1,4.89196,-0.207944,3.86761,6.0353,9.99481,-18.7283,-18.7283,0.0,1.0,1
86936,31.05.2024 07:02:19.020000,-276.855,-264.084,10.0934,9.997,9.862,90.3286,2.29006,2.26243,9.26235,8.45497,602.36,609.095,4.21952,-0.809144,3.85199,6.04614,9.99648,-18.6849,-18.6849,0.0,1.0,1
86937,31.05.2024 07:02:19.030000,-276.855,-257.327,10.0907,9.997,9.878,90.3286,2.2906,2.26162,9.24913,8.61655,602.36,609.09,4.3729,-0.444448,3.75543,6.00279,9.99741,-18.6849,-18.6849,0.0,1.0,1
86938,31.05.2024 07:02:19.040000,-277.844,-257.327,10.1136,10.026,9.878,90.3084,2.2906,2.26162,9.24913,8.61655,602.335,609.07,4.48963,-0.319715,3.74367,6.04903,9.99741,-19.3649,-19.3649,0.0,1.0,1
86939,31.05.2024 07:02:19.050000,-277.844,-260.211,10.1136,10.026,9.908,90.3206,2.28769,2.26161,9.51016,9.63081,602.31,609.05,4.68353,-0.150521,3.58208,6.01549,9.99895,-19.3649,-19.3649,0.0,1.0,1
86940,31.05.2024 07:02:19.060000,-272.488,-263.013,10.1229,10.016,9.897,90.3206,2.28915,2.26082,9.11241,9.39141,602.315,609.045,4.53788,-0.342946,3.39395,5.71677,10.0,-19.5168,-19.5168,0.0,1.0,1
86941,31.05.2024 07:02:19.070000,-274.219,-263.013,10.0857,9.983,9.897,90.2853,2.28915,2.26082,9.11241,9.39141,602.33,609.04,4.70267,-0.195931,3.33955,5.53594,10.0,-19.213,-19.213,0.0,1.0,1
86942,31.05.2024 07:02:19.080000,-274.219,-263.013,10.0857,9.983,9.897,90.2853,2.28915,2.26082,9.11241,9.39141,602.33,609.04,4.70267,-0.195931,3.33955,5.53594,10.0,-19.213,-19.213,0.0,1.0,1
86943,31.05.2024 07:02:19.090000,-274.219,-257.08,10.0857,9.983,9.881,90.2243,2.28695,2.26255,9.20305,9.73247,602.345,609.04,4.79118,-0.162671,3.39295,5.49291,10.0011,-18.7283,-18.7283,0.0,1.0,1
86944,31.05.2024 07:02:19.100000,-274.219,-257.08,10.0857,9.983,9.881,90.2243,2.28695,2.26255,9.20305,9.73247,602.345,609.04,4.79118,-0.162671,3.39295,5.49291,10.0011,-18.7283,-18.7283,0.0,1.0,1
86945,31.05.2024 07:02:19.110000,-270.346,-262.436,10.1237,9.991,9.875,90.2723,2.28598,2.26289,10.0842,9.74361,602.29,609.015,5.84343,0.258506,3.7399,5.85642,10.0028,-19.4083,-19.4083,0.0,1.0,1
86946,31.05.2024 07:02:19.120000,-270.346,-262.436,10.1237,9.991,9.875,90.2723,2.28598,2.26289,10.0842,9.74361,602.29,609.015,5.84343,0.258506,3.7399,5.85642,10.0028,-19.4083,-19.4083,0.0,1.0,1
86947,31.05.2024 07:02:19.130000,-279.574,-265.32,10.1727,9.993,9.884,90.2701,2.2836,2.26205,9.90272,9.72455,602.235,608.995,5.28201,0.137462,3.97604,5.76202,10.0033,-19.4083,-19.4083,0.0,1.0,1
86948,31.05.2024 07:02:19.140000,-270.428,-259.799,10.1267,10.005,9.961,90.2679,2.27791,2.26225,9.78342,9.55858,602.205,608.98,5.16427,0.366134,3.8793,5.89098,10.0062,-19.4083,-19.4083,0.0,1.0,1
86949,31.05.2024 07:02:19.150000,-270.264,-259.799,10.1302,10.02,9.961,90.2827,2.27791,2.26225,9.78342,9.55858,602.195,608.975,5.20381,0.488891,3.84219,5.85068,10.0062,-20.11,-20.11,0.0,1.0,1
86950,31.05.2024 07:02:19.160000,-270.264,-256.421,10.1302,10.02,9.965,90.3271,2.28081,2.26185,9.11697,9.65018,602.155,608.89,4.92702,0.303996,3.92962,5.88915,10.0072,-20.11,-20.11,0.0,1.0,1
86951,31.05.2024 07:02:19.170000,-270.923,-260.376,10.1504,10.047,9.971,90.3271,2.28081,2.26185,9.11697,9.65018,602.12,608.865,4.75075,-0.286984,3.78335,5.75111,10.0072,-20.1678,-20.1678,0.0,1.0,1
86952,31.05.2024 07:02:19.180000,-271.912,-260.376,10.1504,10.051,9.971,90.3607,2.28223,2.2617,9.89931,10.0564,602.08,608.865,4.19494,-0.759381,3.77426,5.63964,10.0087,-20.1678,-20.1678,0.0,1.0,1
86953,31.05.2024 07:02:19.190000,-271.912,-266.885,10.1614,10.051,9.969,90.3607,2.28378,2.26083,9.352,10.0309,602.075,608.865,3.93657,-1.03688,3.76209,5.74852,10.0094,-20.1678,-20.1678,0.0,1.0,1
86954,31.05.2024 07:02:19.200000,-275.125,-266.885,10.1477,10.039,9.969,90.3791,2.28378,2.26083,9.352,10.0309,602.085,608.85,3.7448,-1.01629,3.73053,5.72651,10.0094,-20.4716,-20.4716,0.0,1.0,1
86955,31.05.2024 07:02:19.210000,-275.125,-261.694,10.1477,10.039,9.974,90.3748,2.28501,2.25883,9.70272,10.7706,602.125,608.865,3.5529,-1.06664,3.82991,5.7649,10.0108,-20.4716,-20.4716,0.0,1.0,1
86956,31.05.2024 07:02:19.220000,-270.099,-264.413,10.1548,10.076,9.945,90.3748,2.28095,2.25867,8.97461,9.3645,602.125,608.86,4.47982,-0.5295,3.85689,5.77214,10.0121,-20.4789,-20.4789,0.0,1.0,1
86957,31.05.2024 07:02:19.230000,-270.099,-264.413,10.1548,10.076,9.945,90.3748,2.28095,2.25867,8.97461,9.3645,602.125,608.86,4.47982,-0.5295,3.85689,5.77214,10.0121,-20.4789,-20.4789,0.0,1.0,1
86958,31.05.2024 07:02:19.240000,-264.99,-264.413,10.1727,10.115,9.945,90.3672,2.28095,2.25867,8.97461,9.3645,602.12,608.85,5.27367,-0.053834,3.79822,5.74839,10.0121,-20.4789,-20.4789,0.0,1.0,1
86959,31.05.2024 07:02:19.250000,-268.863,-261.035,10.1761,10.081,9.906,90.3581,2.2805,2.25854,9.15234,9.35881,602.135,608.865,6.10559,0.383704,3.9258,5.80226,10.0131,-21.2891,-21.2891,0.0,1.0,1
86960,31.05.2024 07:02:19.260000,-268.863,-261.035,10.1761,10.081,9.906,90.3581,2.2805,2.25854,9.15234,9.35881,602.135,608.865,6.10559,0.383704,3.9258,5.80226,10.0131,-21.2891,-21.2891,0.0,1.0,1
86961,31.05.2024 07:02:19.270000,-271.829,-261.035,10.1761,10.078,9.906,90.4,2.28066,2.25853,9.38581,10.2113,602.125,608.855,6.29906,0.400752,4.00019,5.77093,10.0143,-21.3903,-21.3903,0.0,1.0,1
86962,31.05.2024 07:02:19.280000,-271.829,-261.035,10.1761,10.078,9.906,90.4,2.28066,2.25853,9.38581,10.2113,602.125,608.855,6.29906,0.400752,4.00019,5.77093,10.0143,-21.3903,-21.3903,0.0,1.0,1
86963,31.05.2024 07:02:19.290000,-271.664,-259.47,10.1749,10.026,9.928,90.3417,2.27915,2.25685,8.96714,9.56636,602.015,608.825,6.38493,0.967223,4.0273,5.78037,10.0158,-21.5784,-21.5784,0.0,1.0,1
86964,31.05.2024 07:02:19.300000,-271.664,-259.47,10.1749,10.026,9.928,90.3417,2.27915,2.25685,8.96714,9.56636,602.015,608.825,6.38493,0.967223,4.0273,5.78037,10.0158,-21.5784,-21.5784,0.0,1.0,1
86965,31.05.2024 07:02:19.310000,-269.357,-256.998,10.1915,10.061,9.991,90.2563,2.27384,2.25393,8.63833,9.60244,602.0,608.775,5.24879,0.802192,3.97736,5.78972,10.0185,-21.4916,-21.4916,0.0,1.0,1
86966,31.05.2024 07:02:19.320000,-275.949,-256.75,10.1954,10.101,9.953,90.242,2.19573,2.25314,9.16685,9.11545,601.995,608.755,4.97544,0.443282,3.91465,5.81713,10.0206,-21.6435,-21.6435,0.0,1.0,1
86967,31.05.2024 07:02:19.330000,-272.9,-260.87,10.1889,10.049,9.963,90.242,2.19573,2.25314,9.16685,9.11545,602.005,608.74,5.04198,0.48849,3.9055,5.84247,10.0206,-21.101,-21.101,0.0,1.0,1
86968,31.05.2024 07:02:19.340000,-271.252,-260.87,10.1889,10.031,9.963,90.2064,2.19544,2.2485,9.12833,9.21406,602.005,608.74,5.29151,0.410579,3.96541,5.84578,10.0216,-21.0937,-21.0937,0.0,1.0,1
86969,31.05.2024 07:02:19.350000,-271.252,-260.376,10.1858,10.031,9.958,90.2064,2.19264,2.25001,8.9412,9.60293,601.98,608.735,5.30442,0.331649,4.07778,5.74386,10.0227,-21.0937,-21.0937,0.0,1.0,1
86970,31.05.2024 07:02:19.360000,-271.005,-260.376,10.1588,10.022,9.958,90.1744,2.19264,2.25001,8.9412,9.60293,601.91,608.705,5.37648,0.658702,4.0822,5.82519,10.0227,-21.3976,-21.3976,0.0,1.0,1
86971,31.05.2024 07:02:19.370000,-271.005,-264.001,10.1588,10.022,9.947,90.1661,2.18907,2.24792,9.12923,9.57222,601.89,608.68,4.99167,0.657268,4.06991,5.79854,10.0246,-21.3976,-21.3976,0.0,1.0,1
86972,31.05.2024 07:02:19.380000,-273.23,-263.342,10.1923,10.071,9.996,90.1661,2.18874,2.24789,9.31998,9.60567,601.875,608.675,4.03186,0.6636,4.11312,5.62608,10.0251,-21.4482,-21.4482,0.0,1.0,1
86973,31.05.2024 07:02:19.390000,-270.676,-263.342,10.1786,10.103,9.996,90.244,2.18874,2.24789,9.31998,9.60567,601.935,608.7,3.85136,0.200068,4.19741,5.62128,10.0251,-21.6435,-21.6435,0.0,1.0,1
86974,31.05.2024 07:02:19.400000,-270.676,-264.331,10.1786,10.103,10.0,90.2144,2.18733,2.24946,8.91855,8.6575,601.95,608.705,4.04584,0.372252,4.15762,5.64471,10.0268,-21.6435,-21.6435,0.0,1.0,1
86975,31.05.2024 07:02:19.410000,-275.537,-258.893,10.179,10.074,10.016,90.2144,2.18733,2.24946,8.91855,8.6575,601.96,608.695,4.86034,0.790141,4.07841,5.72047,10.0268,-21.6435,-21.6435,0.0,1.0,1
86976,31.05.2024 07:02:19.420000,-266.968,-258.893,10.179,10.099,10.016,90.2211,2.18794,2.24969,9.55254,9.39056,601.95,608.665,5.68419,1.35973,4.06217,5.77725,10.0282,-21.3903,-21.3903,0.0,1.0,1
86977,31.05.2024 07:02:19.430000,-266.968,-259.634,10.1898,10.099,10.027,90.2211,2.18843,2.24971,9.31807,9.60083,601.915,608.645,5.83162,1.28744,4.07737,5.75473,10.0285,-21.3903,-21.3903,0.0,1.0,1
86978,31.05.2024 07:02:19.440000,-272.983,-259.634,10.1818,10.136,10.027,90.2214,2.18843,2.24971,9.31807,9.60083,601.87,608.605,5.6059,0.970466,4.15192,5.70346,10.0285,-21.5061,-21.5061,0.0,1.0,1
86979,31.05.2024 07:02:19.450000,-272.983,-264.331,10.1818,10.136,10.016,90.2608,2.19691,2.24917,9.03562,9.29657,601.87,608.605,5.17196,0.601321,4.20361,5.67868,10.0301,-21.5061,-21.5061,0.0,1.0,1
86980,31.05.2024 07:02:19.460000,-270.593,-261.2,10.1686,10.116,10.001,90.2608,2.19936,2.24895,9.55773,9.56268,601.875,608.605,5.09509,0.761119,4.22754,5.63214,10.0315,-21.5061,-21.5061,0.0,1.0,1
86981,31.05.2024 07:02:19.470000,-278.503,-261.2,10.182,10.092,10.001,90.2703,2.19936,2.24895,9.55773,9.56268,601.885,608.605,5.02547,0.736007,4.39609,5.6802,10.0315,-21.3035,-21.3035,0.0,1.0,1
86982,31.05.2024 07:02:19.480000,-278.503,-258.81,10.182,10.092,9.994,90.267,2.2019,2.24964,8.88397,9.5531,601.855,608.585,5.40009,0.769361,4.42758,5.90602,10.0326,-21.3035,-21.3035,0.0,1.0,1
86983,31.05.2024 07:02:19.490000,-266.556,-265.897,10.1931,10.076,9.967,90.267,2.2019,2.24964,8.88397,9.5531,601.84,608.57,5.52236,0.848224,4.47522,6.1027,10.0326,-21.1733,-21.1733,0.0,1.0,1
86984,31.05.2024 07:02:19.500000,-275.619,-265.897,10.1931,10.051,9.967,90.2809,2.19981,2.24971,9.35526,8.789,601.805,608.515,5.56235,0.679721,4.52896,6.44493,10.0335,-21.1733,-21.1733,0.0,1.0,1
86985,31.05.2024 07:02:19.510000,-275.619,-261.694,10.1767,10.051,9.959,90.2809,2.19965,2.24972,9.30462,8.74589,601.785,608.495,5.16001,0.0721579,4.50168,6.22728,10.0344,-21.1733,-21.1733,0.0,1.0,1
86986,31.05.2024 07:02:19.520000,-270.264,-261.694,10.171,10.086,9.959,90.2441,2.19965,2.24972,9.30462,8.74589,601.795,608.48,5.01715,-0.327939,4.38923,5.62484,10.0344,-20.7538,-20.7538,0.0,1.0,1
86987,31.05.2024 07:02:19.530000,-270.264,-262.601,10.171,10.086,9.992,90.2398,2.19705,2.24868,8.88107,8.77359,601.795,608.485,4.81835,-0.477357,4.319,5.04086,10.0358,-20.7538,-20.7538,0.0,1.0,1
86988,31.05.2024 07:02:19.540000,-270.264,-262.601,10.171,10.086,9.992,90.2398,2.19705,2.24868,8.88107,8.77359,601.795,608.485,4.81835,-0.477357,4.319,5.04086,10.0358,-20.7538,-20.7538,0.0,1.0,1
86989,31.05.2024 07:02:19.550000,-270.264,-256.421,10.1886,10.068,9.993,90.2398,2.19698,2.24834,9.6609,9.16,601.79,608.48,5.07034,-0.487794,4.2548,4.9761,10.0369,-20.327,-20.327,0.0,1.0,1
86990,31.05.2024 07:02:19.560000,-270.264,-256.421,10.1886,10.068,9.993,90.2398,2.19698,2.24834,9.6609,9.16,601.79,608.48,5.07034,-0.487794,4.2548,4.9761,10.0369,-20.327,-20.327,0.0,1.0,1
86991,31.05.2024 07:02:19.570000,-270.923,-263.672,10.1843,10.022,9.982,90.27,2.19307,2.2476,8.73304,9.65812,601.81,608.485,5.03347,0.101581,4.256,5.54254,10.0389,-19.987,-19.987,0.0,1.0,1
86992,31.05.2024 07:02:19.580000,-266.968,-265.485,10.2186,10.006,9.979,90.314,2.19351,2.24752,9.24982,9.30924,601.81,608.455,5.67386,0.127925,4.31973,5.43047,10.0396,-19.8929,-19.8929,0.0,1.0,1
86993,31.05.2024 07:02:19.590000,-266.968,-263.342,10.18,10.006,9.97,90.314,2.18915,2.24657,9.34754,8.84421,601.795,608.44,5.63932,0.201793,4.41361,5.59976,10.0406,-19.8929,-19.8929,0.0,1.0,1
86994,31.05.2024 07:02:19.600000,-273.559,-263.342,10.224,10.036,9.97,90.2874,2.18915,2.24657,9.34754,8.84421,601.81,608.45,5.74246,0.388719,4.47272,5.67032,10.0406,-19.8351,-19.8351,0.0,1.0,1
86995,31.05.2024 07:02:19.610000,-273.559,-263.013,10.224,10.036,9.959,90.2938,2.18679,2.24574,9.09895,9.21864,601.795,608.45,5.72011,0.647471,4.49887,5.71373,10.0419,-19.8351,-19.8351,0.0,1.0,1
86996,31.05.2024 07:02:19.620000,-273.559,-263.013,10.224,10.036,9.959,90.2938,2.18679,2.24574,9.09895,9.21864,601.795,608.45,5.72011,0.647471,4.49887,5.71373,10.0419,-19.8351,-19.8351,0.0,1.0,1
86997,31.05.2024 07:02:19.630000,-268.368,-262.518,10.1898,10.039,9.956,90.2938,2.18104,2.24535,9.67364,9.36023,601.8,608.445,5.88706,1.0377,4.62874,5.58032,10.0415,-20.1244,-20.1244,0.0,1.0,1
86998,31.05.2024 07:02:19.640000,-268.368,-262.518,10.1898,10.039,9.956,90.2938,2.18104,2.24535,9.67364,9.36023,601.8,608.445,5.88706,1.0377,4.62874,5.58032,10.0415,-20.1244,-20.1244,0.0,1.0,1
86999,31.05.2024 07:02:19.650000,-271.747,-259.058,10.1703,10.086,9.982,90.2797,2.17674,2.24587,9.2469,8.96679,601.795,608.445,6.01556,1.6066,4.79928,5.76994,10.0434,-19.8278,-19.8278,0.0,1.0,1
