,time,Pinceur Inf Mesure de courant,Pinceur Sup Mesure de courant,Mandrin - Vitesse Actuelle,Pinceur Sup Mesure vitesse lineaire,Pinceur Inf Mesure vitesse lineaire,Mandrin - Mesure Expansion,Pinceur Nord Position entrefer estimee,Pinceur Sud Position entrefer estimee,Pinceur Nord Force entrefer calibree,Pinceur Sud Force entrefer calibree,Guides Nord Entree Position mesuree,Guides Nord Sortie Position mesuree,Guides Nord Entree Force pour regulateur PI,Guides Nord Sortie Force pour regulateur PI,Guides Sud Entree Force pour regulateur PI,Guides Sud Sortie Force pour regulateur PI,Mandrin - Vitesse Actuelle F10,_Excentrage largeur bande jauge bob,_Excentrage largeur bande jauge bob.1,TDB pinceur,Fenetre,Declancheur
93900,31.05.2024 09:07:08.970000,47.7081,76.712,10.534,11.663,11.655,30.8446,2.59771,2.36082,24.5354,15.4824,616.55,617.265,6.67063,6.99656,0.255301,-0.329665,9.94038,100.231,100.231,1.0,1.0,1
93901,31.05.2024 09:07:08.980000,47.7081,76.712,10.534,11.663,11.655,30.8446,2.59771,2.36082,24.5354,15.4824,616.55,617.265,6.67063,6.99656,0.255301,-0.329665,9.94038,100.231,100.231,1.0,1.0,1
93902,31.05.2024 09:07:08.990000,47.7081,76.712,10.5337,11.663,11.655,30.8582,2.65791,2.39821,28.3097,22.1881,614.86,615.525,6.69366,6.88535,0.246176,-0.268991,9.94038,100.231,100.231,1.0,1.0,1
93903,31.05.2024 09:07:09.000000,47.7081,76.712,10.5337,11.663,11.655,30.8582,2.65791,2.39821,28.3097,22.1881,614.86,615.525,6.69366,6.88535,0.246176,-0.268991,9.94038,100.231,100.231,1.0,1.0,1
93904,31.05.2024 09:07:09.010000,16.9739,99.1241,10.532,11.557,11.672,30.8028,2.55438,2.50395,33.1184,22.7142,613.29,613.845,6.72276,6.14808,0.334223,-0.301139,9.94141,100.246,100.246,1.0,1.0,1
93905,31.05.2024 09:07:09.020000,16.9739,99.1241,10.532,11.557,11.672,30.8028,2.55438,2.50395,33.1184,22.7142,613.29,613.845,6.72276,6.14808,0.334223,-0.301139,9.94141,100.246,100.246,1.0,1.0,1
93906,31.05.2024 09:07:09.030000,124.997,109.259,10.5322,11.518,11.515,30.8173,2.32215,2.51419,26.563,34.6518,611.71,612.36,6.78301,4.64714,0.247771,-0.386777,9.94278,100.224,100.224,1.0,1.0,1
93907,31.05.2024 09:07:09.040000,124.997,109.259,10.5322,11.518,11.515,30.8173,2.32215,2.51419,26.563,34.6518,611.71,612.36,6.78301,4.64714,0.247771,-0.386777,9.94278,100.224,100.224,1.0,1.0,1
93908,31.05.2024 09:07:09.050000,137.933,134.061,10.5276,11.458,11.402,30.5724,2.2254,2.50441,14.2919,25.7412,609.215,609.925,4.86382,2.88787,0.326518,-0.424981,9.94212,100.224,100.224,1.0,1.0,1
93909,31.05.2024 09:07:09.060000,180.368,163.065,10.5319,11.425,11.329,30.6501,2.25,2.39676,9.84918,23.2669,608.045,608.78,4.78534,3.4619,0.350684,-0.39985,9.94359,100.231,100.231,1.0,1.0,1
93910,31.05.2024 09:07:09.070000,226.593,202.451,10.5319,11.366,11.293,30.6501,2.29338,2.3679,15.8601,21.959,606.975,607.62,4.68718,4.47827,0.306002,-0.377988,9.94425,99.1175,99.1175,1.0,1.0,1
93911,31.05.2024 09:07:09.080000,226.593,256.421,10.5364,11.282,11.293,30.7082,2.35398,2.33975,15.8601,21.959,606.975,607.62,4.68718,4.47827,0.306002,-0.377988,9.94469,99.1175,99.1175,1.0,1.0,1
93912,31.05.2024 09:07:09.090000,278.339,256.421,10.5364,11.282,11.139,30.7135,2.42083,2.31579,19.7289,15.1929,605.835,606.43,5.67502,5.2823,0.260134,-0.403735,9.94469,95.327,95.327,1.0,1.0,1
93913,31.05.2024 09:07:09.100000,332.721,315.17,10.5406,11.202,11.05,30.7135,2.48353,2.29866,19.7289,15.1929,605.835,606.43,5.67502,5.2823,0.260134,-0.403735,9.94562,95.327,95.327,1.0,1.0,1
93914,31.05.2024 09:07:09.110000,332.721,315.17,10.5406,11.202,11.05,30.7135,2.48353,2.29866,19.7289,15.1929,605.835,606.43,5.67502,5.2823,0.260134,-0.403735,9.94562,95.327,95.327,1.0,1.0,1
93915,31.05.2024 09:07:09.120000,332.721,315.17,10.5267,11.202,11.05,30.7043,2.48414,2.31039,24.8214,14.059,604.54,605.15,6.88592,7.0648,0.298823,-0.369798,9.94691,90.6612,90.6612,1.0,1.0,1
93916,31.05.2024 09:07:09.130000,454.587,462.579,10.537,11.029,10.921,30.7685,2.3798,2.35033,26.4209,18.142,603.13,603.64,7.75384,8.42278,0.257449,-0.391139,9.94822,87.4421,87.4421,1.0,1.0,1
93917,31.05.2024 09:07:09.140000,454.587,462.579,10.5418,11.029,10.921,30.9067,2.32569,2.36642,23.0902,20.378,601.645,602.0,7.9572,8.72492,0.289744,-0.486054,9.94822,87.4421,87.4421,1.0,1.0,1
93918,31.05.2024 09:07:09.150000,481.366,500.482,10.5418,10.993,10.892,30.9067,2.27285,2.37895,19.6865,21.8372,600.14,600.47,7.57895,7.92679,0.216513,-0.460824,9.94895,87.4421,87.4421,1.0,1.0,1
93919,31.05.2024 09:07:09.160000,481.366,542.587,10.5402,10.939,10.892,30.8701,2.23835,2.38346,19.6865,21.8372,600.14,600.47,7.57895,7.92679,0.216513,-0.460824,9.95016,87.4421,87.4421,1.0,1.0,1
93920,31.05.2024 09:07:09.170000,481.366,542.587,10.5402,10.939,10.892,30.8701,2.23835,2.38346,19.6865,21.8372,600.14,600.47,7.57895,7.92679,0.216513,-0.460824,9.95016,87.4421,87.4421,1.0,1.0,1
93921,31.05.2024 09:07:09.180000,494.961,542.587,10.5402,10.939,10.904,30.873,2.22078,2.38543,14.9731,23.0202,598.635,599.04,7.14109,7.16158,0.17631,-0.44037,9.95016,80.9679,80.9679,1.0,1.0,1
93922,31.05.2024 09:07:09.190000,494.961,542.587,10.5402,10.939,10.904,30.873,2.22078,2.38543,14.9731,23.0202,598.635,599.04,7.14109,7.16158,0.17631,-0.44037,9.95016,80.9679,80.9679,1.0,1.0,1
93923,31.05.2024 09:07:09.200000,524.212,578.018,10.5365,10.93,10.846,30.9034,2.28342,2.40078,16.4862,24.7111,597.185,597.58,6.81561,7.1701,0.100199,-0.472077,9.95214,80.9679,80.9679,1.0,1.0,1
93924,31.05.2024 09:07:09.210000,524.212,578.018,10.5365,10.93,10.846,30.9034,2.28342,2.40078,16.4862,24.7111,597.185,597.58,6.81561,7.1701,0.100199,-0.472077,9.95214,80.9679,80.9679,1.0,1.0,1
93925,31.05.2024 09:07:09.220000,549.096,589.966,10.5333,10.83,10.74,30.8893,2.41155,2.37867,18.6155,25.4481,595.71,596.17,7.06529,7.70128,0.163611,-0.495435,9.95261,75.8174,75.8174,1.0,1.0,1
93926,31.05.2024 09:07:09.230000,548.602,591.449,10.5419,10.719,10.666,30.8723,2.43425,2.38051,25.5004,20.7535,592.64,593.145,8.30399,9.44217,0.176856,-0.446506,9.95353,75.7668,75.7668,1.0,1.0,1
93927,31.05.2024 09:07:09.240000,549.096,589.966,10.5333,10.83,10.74,30.8893,2.41155,2.37867,25.5004,20.7535,592.64,593.145,8.30399,9.44217,0.176856,-0.446506,9.95261,75.7668,75.7668,1.0,1.0,1
93928,31.05.2024 09:07:09.250000,541.351,574.228,10.5383,10.702,10.683,30.9012,2.38583,2.37632,23.1184,23.0703,590.985,591.47,8.767,10.021,0.255972,-0.455989,9.95354,72.8082,72.8082,1.0,1.0,1
93929,31.05.2024 09:07:09.260000,540.774,581.396,10.5443,10.729,10.686,30.9012,2.29595,2.37122,23.1184,23.0703,590.985,591.47,8.767,10.021,0.255972,-0.455989,9.95289,71.0721,71.0721,1.0,1.0,1
93930,31.05.2024 09:07:09.270000,540.774,581.396,10.5443,10.729,10.686,30.9012,2.29595,2.37122,23.1184,23.0703,590.985,591.47,8.767,10.021,0.255972,-0.455989,9.95289,71.0721,71.0721,1.0,1.0,1
93931,31.05.2024 09:07:09.280000,540.774,581.396,10.5494,10.729,10.686,30.8594,2.25376,2.36952,21.0167,22.467,589.325,589.75,8.78861,9.86522,0.271616,-0.508012,9.95387,69.401,69.401,1.0,1.0,1
93932,31.05.2024 09:07:09.290000,540.774,581.396,10.5494,10.729,10.686,30.8594,2.25376,2.36952,21.0167,22.467,589.325,589.75,8.78861,9.86522,0.271616,-0.508012,9.95387,69.401,69.401,1.0,1.0,1
93933,31.05.2024 09:07:09.300000,535.748,583.127,10.5299,10.651,10.641,30.773,2.2038,2.36611,16.3274,19.3586,587.655,588.19,8.45727,9.08671,0.358397,-0.462213,9.95448,67.6432,67.6432,1.0,1.0,1
93934,31.05.2024 09:07:09.310000,535.748,583.127,10.5299,10.651,10.641,30.773,2.2038,2.36611,16.3274,19.3586,587.655,588.19,8.45727,9.08671,0.358397,-0.462213,9.95448,67.6432,67.6432,1.0,1.0,1
93935,31.05.2024 09:07:09.320000,536.49,578.348,10.5412,10.589,10.574,30.7262,2.2465,2.35274,16.4061,22.7545,584.41,585.21,7.93041,9.91422,0.281378,-0.461745,9.95442,66.2471,66.2471,1.0,1.0,1
93936,31.05.2024 09:07:09.330000,536.49,578.348,10.5412,10.589,10.574,30.7262,2.2465,2.35274,16.4061,22.7545,584.41,585.21,7.93041,9.91422,0.281378,-0.461745,9.95442,66.2471,66.2471,1.0,1.0,1
93937,31.05.2024 09:07:09.340000,536.16,579.748,10.5482,10.542,10.519,30.7438,2.32782,2.32753,17.8251,17.9688,582.81,583.62,8.20391,11.1101,0.3235,-0.499301,9.955,66.2182,66.2182,1.0,1.0,1
93938,31.05.2024 09:07:09.350000,536.16,579.748,10.5482,10.542,10.519,30.7438,2.32782,2.32753,17.8251,17.9688,582.81,583.62,8.20391,11.1101,0.3235,-0.499301,9.955,66.2182,66.2182,1.0,1.0,1
93939,31.05.2024 09:07:09.360000,529.156,571.344,10.5635,10.445,10.447,30.7826,2.32836,2.32184,20.9497,18.2609,581.12,581.99,8.50506,12.0645,0.363692,-0.453765,9.95541,66.2182,66.2182,1.0,1.0,1
93940,31.05.2024 09:07:09.370000,529.156,571.344,10.5635,10.445,10.447,30.7826,2.32836,2.32184,20.9497,18.2609,581.12,581.99,8.50506,12.0645,0.363692,-0.453765,9.95541,66.2182,66.2182,1.0,1.0,1
93941,31.05.2024 09:07:09.380000,505.591,558.078,10.5606,10.43,10.405,30.785,2.25789,2.3154,21.607,20.2455,579.405,580.31,8.61117,12.471,0.387587,-0.539851,9.9559,62.2975,62.2975,1.0,1.0,1
93942,31.05.2024 09:07:09.390000,487.298,532.617,10.5678,10.411,10.377,30.8608,2.21086,2.31443,17.8247,18.7576,575.95,576.905,7.86648,12.0101,0.465415,-0.467784,9.9561,60.395,60.395,1.0,1.0,1
93943,31.05.2024 09:07:09.400000,487.298,515.478,10.583,10.369,10.377,30.9043,2.20036,2.30961,17.8247,18.7576,575.95,576.905,7.86648,12.0101,0.465415,-0.467784,9.95634,60.395,60.395,1.0,1.0,1
93944,31.05.2024 09:07:09.410000,458.624,515.478,10.583,10.369,10.385,30.9164,2.19864,2.30659,14.7823,19.3288,574.24,575.345,7.41904,11.5979,0.345419,-0.44708,9.95634,55.9606,55.9606,1.0,1.0,1
93945,31.05.2024 09:07:09.420000,437.283,487.381,10.585,10.335,10.359,30.9164,2.21785,2.30658,14.7823,19.3288,574.24,575.345,7.41904,11.5979,0.345419,-0.44708,9.95704,55.9606,55.9606,1.0,1.0,1
93946,31.05.2024 09:07:09.430000,437.283,487.381,10.5925,10.335,10.359,30.8851,2.23798,2.29777,15.3707,17.7418,572.605,573.78,7.08207,12.0099,0.334147,-0.513375,9.95732,55.9606,55.9606,1.0,1.0,1
93947,31.05.2024 09:07:09.440000,406.384,467.358,10.5925,10.311,10.303,30.8851,2.25098,2.29175,17.3075,18.811,570.915,572.135,7.09014,12.6039,0.383406,-0.471864,9.95732,53.0961,53.0961,1.0,1.0,1
93948,31.05.2024 09:07:09.450000,387.515,439.837,10.5904,10.257,10.25,30.9238,2.25912,2.28961,17.3075,18.811,570.915,572.135,7.09014,12.6039,0.383406,-0.471864,9.9581,49.8987,49.8987,1.0,1.0,1
93949,31.05.2024 09:07:09.460000,387.515,439.837,10.5808,10.257,10.25,30.9131,2.25313,2.28095,18.5038,18.5979,569.23,570.495,7.09768,13.0456,0.333384,-0.525065,9.9581,49.8987,49.8987,1.0,1.0,1
93950,31.05.2024 09:07:09.470000,377.38,437.201,10.5808,10.258,10.225,30.9131,2.23909,2.27566,17.9786,16.3916,567.575,568.83,7.16831,13.3699,0.326327,-0.457742,9.95905,46.629,46.629,1.0,1.0,1
93951,31.05.2024 09:07:09.480000,377.38,410.916,10.5904,10.208,10.225,31.1474,2.22315,2.27549,17.9786,16.3916,567.575,568.83,7.16831,13.3699,0.326327,-0.457742,9.95888,46.629,46.629,1.0,1.0,1
93952,31.05.2024 09:07:09.490000,354.062,410.916,10.5904,10.208,10.183,31.0408,2.20565,2.27447,16.1459,14.9909,565.865,567.18,7.27755,13.5986,0.274386,-0.52564,9.95888,46.629,46.629,1.0,1.0,1
93953,31.05.2024 09:07:09.500000,352.661,388.669,10.6005,10.208,10.158,31.0408,2.18722,2.26094,16.1459,14.9909,565.865,567.18,7.27755,13.5986,0.274386,-0.52564,9.95987,43.7934,43.7934,1.0,1.0,1
93954,31.05.2024 09:07:09.510000,352.661,388.669,10.5964,10.208,10.158,31.046,2.18504,2.25825,14.0992,16.3571,564.155,565.515,7.21159,13.6085,0.275816,-0.502858,9.96087,43.7934,43.7934,1.0,1.0,1
93955,31.05.2024 09:07:09.520000,352.661,388.669,10.5964,10.208,10.158,31.046,2.18504,2.25825,14.0992,16.3571,564.155,565.515,7.21159,13.6085,0.275816,-0.502858,9.96087,43.7934,43.7934,1.0,1.0,1
93956,31.05.2024 09:07:09.530000,325.47,363.043,10.5964,10.129,10.128,31.046,2.18826,2.25976,15.5107,13.9819,562.465,563.855,7.07717,13.6875,0.19155,-0.606084,9.96087,41.2688,41.2688,1.0,1.0,1
93957,31.05.2024 09:07:09.540000,325.47,363.043,10.5964,10.129,10.128,31.046,2.18826,2.25976,15.5107,13.9819,562.465,563.855,7.07717,13.6875,0.19155,-0.606084,9.96087,41.2688,41.2688,1.0,1.0,1
93958,31.05.2024 09:07:09.550000,300.256,346.069,10.5859,10.135,10.113,30.9865,2.21247,2.24501,15.0792,14.3485,560.785,562.185,6.90653,13.8108,0.195918,-0.590976,9.95997,37.9268,37.9268,1.0,1.0,1
93959,31.05.2024 09:07:09.560000,300.256,346.069,10.5859,10.135,10.113,30.9865,2.21247,2.24501,15.0792,14.3485,560.785,562.185,6.90653,13.8108,0.195918,-0.590976,9.95997,37.9268,37.9268,1.0,1.0,1
93960,31.05.2024 09:07:09.570000,280.728,301.904,10.5991,10.083,10.098,30.909,2.1965,2.22328,16.3246,15.1541,559.09,560.535,6.8194,13.9023,0.143576,-0.635245,9.9615,38.1221,38.1221,1.0,1.0,1
93961,31.05.2024 09:07:09.580000,256.668,283.612,10.6019,10.08,10.102,30.8513,2.12353,2.21036,16.3102,12.5088,557.445,558.9,6.64474,14.0806,0.295687,-0.546126,9.96109,31.7419,31.7419,1.0,1.0,1
93962,31.05.2024 09:07:09.590000,256.668,283.612,10.5979,10.08,10.102,30.8234,2.10035,2.20234,13.4513,12.1036,555.83,557.275,6.92985,14.3401,0.290087,-0.636722,9.9617,31.7419,31.7419,1.0,1.0,1
93963,31.05.2024 09:07:09.600000,256.668,283.612,10.5979,10.08,10.102,30.8234,2.10035,2.20234,13.4513,12.1036,555.83,557.275,6.92985,14.3401,0.290087,-0.636722,9.9617,31.7419,31.7419,1.0,1.0,1
93964,31.05.2024 09:07:09.610000,263.837,288.391,10.5979,10.082,10.072,30.8234,2.08471,2.19101,10.3906,13.6062,554.16,555.58,7.37179,14.5674,0.448409,-0.612168,9.9617,28.5735,28.5735,1.0,1.0,1
93965,31.05.2024 09:07:09.620000,263.837,288.391,10.5979,10.082,10.072,30.8234,2.08471,2.19101,10.3906,13.6062,554.16,555.58,7.37179,14.5674,0.448409,-0.612168,9.9617,28.5735,28.5735,1.0,1.0,1
93966,31.05.2024 09:07:09.630000,260.293,280.151,10.5738,10.086,10.078,31.0542,2.06219,2.17432,9.53204,10.2213,552.57,553.995,7.62881,14.599,0.554909,-0.605346,9.96239,25.1808,25.1808,1.0,1.0,1
93967,31.05.2024 09:07:09.640000,263.013,282.211,10.5686,10.084,10.071,30.8531,2.07058,2.16135,9.1007,9.51513,551.185,552.425,8.24925,14.9462,0.938986,-0.605376,9.96282,25.1013,25.1013,1.0,1.0,1
93968,31.05.2024 09:07:09.650000,273.971,282.211,10.5686,10.084,10.106,30.7824,2.07723,2.15928,10.7949,11.235,549.865,550.81,10.2326,15.6767,3.62913,-0.289916,9.96282,22.3669,22.3669,1.0,1.0,1
93969,31.05.2024 09:07:09.660000,264.908,289.215,10.565,10.095,10.129,30.7824,2.0878,2.15996,10.7949,11.235,549.865,550.81,10.2326,15.6767,3.62913,-0.289916,9.96367,22.3669,22.3669,1.0,1.0,1
93970,31.05.2024 09:07:09.670000,264.908,289.215,10.565,10.095,10.129,30.7824,2.0878,2.15996,10.7949,11.235,549.865,550.81,10.2326,15.6767,3.62913,-0.289916,9.96367,22.3669,22.3669,1.0,1.0,1
93971,31.05.2024 09:07:09.680000,264.908,289.215,10.5152,10.095,10.129,30.8158,2.08869,2.15478,10.3728,10.4696,548.51,549.32,12.8137,16.5215,7.06138,1.09552,9.96361,20.6742,20.6742,1.0,1.0,1
93972,31.05.2024 09:07:09.690000,264.908,289.215,10.5152,10.095,10.129,30.8158,2.08869,2.15478,10.3728,10.4696,548.51,549.32,12.8137,16.5215,7.06138,1.09552,9.96361,20.6742,20.6742,1.0,1.0,1
93973,31.05.2024 09:07:09.700000,265.897,289.38,10.4941,10.183,10.3,31.0465,2.03676,2.14477,12.3384,7.90666,547.195,547.865,14.929,16.3476,9.42525,3.64437,9.96443,15.7407,15.7407,1.0,1.0,1
93974,31.05.2024 09:07:09.710000,265.897,289.38,10.4941,10.183,10.3,31.0465,2.03676,2.14477,12.3384,7.90666,547.195,547.865,14.929,16.3476,9.42525,3.64437,9.96443,15.7407,15.7407,1.0,1.0,1
93975,31.05.2024 09:07:09.720000,276.938,290.616,10.459,10.22,10.452,31.5801,1.99059,2.12706,7.09369,7.16824,547.095,547.9,12.8287,2.62635,15.4793,7.99729,9.9644,15.7407,15.7407,1.0,1.0,1
93976,31.05.2024 09:07:09.730000,276.938,290.616,10.459,10.22,10.452,31.5801,1.99059,2.12706,7.09369,7.16824,547.095,547.9,12.8287,2.62635,15.4793,7.99729,9.9644,15.7407,15.7407,1.0,1.0,1
93977,31.05.2024 09:07:09.740000,274.795,293.747,10.3947,10.288,10.47,33.06,1.99288,2.11706,7.09569,6.64727,547.015,548.4,12.9815,7.31897,17.5424,9.15383,9.96546,15.0246,15.0246,1.0,1.0,1
93978,31.05.2024 09:07:09.750000,274.795,293.747,10.3947,10.288,10.47,33.06,1.99288,2.11706,7.09569,6.64727,547.015,548.4,12.9815,7.31897,17.5424,9.15383,9.96546,15.0246,15.0246,1.0,1.0,1
93979,31.05.2024 09:07:09.760000,283.2,292.181,10.3705,10.401,10.521,33.8532,2.04999,2.11572,8.9211,7.02428,547.39,548.39,13.4502,8.93274,18.0653,10.3826,9.96608,14.634,14.634,1.0,1.0,1
93980,31.05.2024 09:07:09.770000,283.447,299.844,10.3675,10.389,10.397,34.8479,2.13921,2.13448,10.8431,7.36214,547.465,548.63,15.483,8.48813,17.9883,11.1945,9.96744,13.4693,13.4693,1.0,1.0,1
93981,31.05.2024 09:07:09.780000,283.447,299.844,10.304,10.389,10.397,35.8203,2.15027,2.14851,14.1402,7.28027,547.655,548.93,16.6169,9.85149,17.2498,11.4148,9.96744,13.4693,13.4693,1.0,1.0,1
93982,31.05.2024 09:07:09.790000,279.163,300.256,10.304,10.411,10.357,35.8203,2.16111,2.15768,15.5553,11.1413,547.62,549.01,18.1322,10.9595,15.8503,11.3146,9.96861,12.3409,12.3409,1.0,1.0,1
93983,31.05.2024 09:07:09.800000,279.163,293.335,10.2558,10.389,10.357,36.746,2.15792,2.16083,15.5553,11.1413,547.62,549.01,18.1322,10.9595,15.8503,11.3146,9.96933,12.3409,12.3409,1.0,1.0,1
93984,31.05.2024 09:07:09.810000,275.372,293.335,10.2558,10.389,10.334,37.9099,2.1365,2.16515,16.6521,13.8845,547.62,548.975,17.9688,11.0173,14.4343,11.1393,9.96933,12.3409,12.3409,1.0,1.0,1
93985,31.05.2024 09:07:09.820000,281.387,291.522,10.2427,10.41,10.355,37.9099,2.08419,2.18195,16.6521,13.8845,547.62,548.975,17.9688,11.0173,14.4343,11.1393,9.96987,12.3409,12.3409,1.0,1.0,1
93986,31.05.2024 09:07:09.830000,281.387,291.522,10.2273,10.41,10.355,39.2164,2.05962,2.18054,13.878,11.8162,547.61,549.005,17.2834,10.1174,14.0048,11.364,9.97068,12.3409,12.3409,1.0,1.0,1
93987,31.05.2024 09:07:09.840000,281.47,300.915,10.2273,10.396,10.327,39.2164,2.03966,2.17764,13.3752,14.6804,547.705,549.175,16.1586,8.68398,14.5723,11.6781,9.97068,12.037,12.037,1.0,1.0,1
93988,31.05.2024 09:07:09.850000,283.694,295.642,10.1542,10.383,10.265,40.22,2.03549,2.17768,13.3752,14.6804,547.705,549.175,16.1586,8.68398,14.5723,11.6781,9.97192,12.0153,12.0153,1.0,1.0,1
93989,31.05.2024 09:07:09.860000,283.694,295.642,10.1132,10.383,10.265,41.3177,2.0613,2.17357,12.4523,15.9625,547.98,549.535,14.5259,8.26849,14.8577,12.0695,9.97192,12.0153,12.0153,1.0,1.0,1
93990,31.05.2024 09:07:09.870000,274.383,299.267,10.1132,10.364,10.201,41.3177,2.09369,2.16361,13.7656,13.8185,548.285,549.68,13.5536,9.10498,14.3339,12.399,9.9729,11.6247,11.6247,1.0,1.0,1
93991,31.05.2024 09:07:09.880000,274.383,297.29,10.0978,10.298,10.201,42.2944,2.11569,2.15818,13.7656,13.8185,548.285,549.68,13.5536,9.10498,14.3339,12.399,9.97416,11.6247,11.6247,1.0,1.0,1
93992,31.05.2024 09:07:09.890000,281.882,297.29,10.0978,10.298,10.157,43.2962,2.12869,2.15382,16.6257,11.0342,548.575,549.735,12.943,9.04908,13.3378,12.4078,9.97416,11.2124,11.2124,1.0,1.0,1
93993,31.05.2024 09:07:09.900000,276.196,293.088,10.0574,10.281,10.125,43.2962,2.14778,2.15597,16.6257,11.0342,548.575,549.735,12.943,9.04908,13.3378,12.4078,9.97468,11.0171,11.0171,1.0,1.0,1
93994,31.05.2024 09:07:09.910000,276.196,293.088,9.95964,10.281,10.125,44.3888,2.14018,2.16028,17.1532,12.7822,548.885,549.88,12.3892,8.11764,12.6984,12.2479,9.97625,11.0171,11.0171,1.0,1.0,1
93995,31.05.2024 09:07:09.920000,281.634,298.608,9.95964,10.249,10.105,44.3888,2.12487,2.16291,17.6089,13.8557,549.185,550.08,12.0507,7.82681,12.2234,12.1724,9.97625,10.4094,10.4094,1.0,1.0,1
93996,31.05.2024 09:07:09.930000,270.758,298.279,9.94798,10.178,10.076,45.5708,2.11144,2.16206,17.6089,13.8557,549.185,550.08,12.0507,7.82681,12.2234,12.1724,9.97607,10.2575,10.2575,1.0,1.0,1
93997,31.05.2024 09:07:09.940000,270.758,298.279,9.94798,10.178,10.076,45.5708,2.11144,2.16206,17.6089,13.8557,549.185,550.08,12.0507,7.82681,12.2234,12.1724,9.97607,10.2575,10.2575,1.0,1.0,1
93998,31.05.2024 09:07:09.950000,270.758,298.279,9.97412,10.178,10.076,46.7457,2.07843,2.16288,15.8217,13.7822,549.485,550.205,11.6894,7.90527,11.4853,12.0786,9.97607,10.2648,10.2648,1.0,1.0,1
93999,31.05.2024 09:07:09.960000,275.537,299.927,9.91306,10.122,9.965,48.0034,2.07714,2.16709,15.5256,12.79,549.71,550.305,11.2982,7.40958,10.8543,12.0104,9.97801,10.2648,10.2648,1.0,1.0,1
94000,31.05.2024 09:07:09.970000,273.312,299.927,9.91306,10.122,10.0,49.3161,2.08072,2.17317,14.8779,14.3114,549.965,550.485,10.6324,6.70168,10.7396,11.8137,9.97801,10.2648,10.2648,1.0,1.0,1
94001,31.05.2024 09:07:09.980000,281.222,294.406,9.86674,10.086,9.967,49.3161,2.11994,2.17835,14.8779,14.3114,549.965,550.485,10.6324,6.70168,10.7396,11.8137,9.97816,10.5903,10.5903,1.0,1.0,1
94002,31.05.2024 09:07:09.990000,281.222,294.406,9.87478,10.086,9.967,50.5733,2.14215,2.16909,16.1286,14.9341,550.195,550.69,9.86657,6.60522,10.5753,11.396,9.97894,10.5903,10.5903,1.0,1.0,1
94003,31.05.2024 09:07:10.000000,272.241,297.043,9.87478,10.06,9.966,50.5733,2.15106,2.16753,18.8783,13.3598,550.45,550.82,9.11065,6.6574,10.5924,10.5475,9.97894,10.7711,10.7711,1.0,1.0,1
94004,31.05.2024 09:07:10.010000,272.241,297.043,9.87478,10.06,9.966,50.5733,2.15106,2.16753,18.8783,13.3598,550.45,550.82,9.11065,6.6574,10.5924,10.5475,9.97894,10.7711,10.7711,1.0,1.0,1
94005,31.05.2024 09:07:10.020000,274.878,290.369,9.86242,10.038,9.962,51.7471,2.14893,2.17304,17.0345,13.1194,550.735,550.94,8.31785,6.43229,10.7923,10.0704,9.97954,11.5524,11.5524,1.0,1.0,1
94006,31.05.2024 09:07:10.030000,274.878,290.369,9.86242,10.038,9.962,51.7471,2.14893,2.17304,17.0345,13.1194,550.735,550.94,8.31785,6.43229,10.7923,10.0704,9.97954,11.5524,11.5524,1.0,1.0,1
94007,31.05.2024 09:07:10.040000,273.642,293.829,9.82023,10.015,9.963,52.9939,2.11655,2.17806,16.4182,13.756,551.045,551.16,7.93454,6.21391,10.9629,10.0392,9.98001,12.3481,12.3481,1.0,1.0,1
94008,31.05.2024 09:07:10.050000,273.642,293.829,9.82023,10.015,9.963,52.9939,2.11655,2.17806,16.4182,13.756,551.045,551.16,7.93454,6.21391,10.9629,10.0392,9.98001,12.3481,12.3481,1.0,1.0,1
94009,31.05.2024 09:07:10.060000,275.537,294.324,9.80075,10.002,9.926,55.4442,2.06072,2.17828,14.8949,16.3056,551.285,551.33,8.12001,7.03398,10.5676,9.83989,9.97992,12.3481,12.3481,1.0,1.0,1
94010,31.05.2024 09:07:10.070000,275.537,294.324,9.80075,10.002,9.926,55.4442,2.06072,2.17828,14.8949,16.3056,551.285,551.33,8.12001,7.03398,10.5676,9.83989,9.97992,12.3481,12.3481,1.0,1.0,1
94011,31.05.2024 09:07:10.080000,278.503,294.653,9.83296,9.963,9.902,56.6195,2.02167,2.16477,14.1779,14.7736,551.435,551.38,8.29602,7.6917,9.80206,9.56608,9.97978,12.3553,12.3553,1.0,1.0,1
94012,31.05.2024 09:07:10.090000,278.833,301.08,9.78065,9.912,9.911,57.9578,2.01604,2.15635,11.905,12.4571,551.57,551.435,8.08571,7.56849,9.2527,9.59242,9.97998,12.9557,12.9557,1.0,1.0,1
94013,31.05.2024 09:07:10.100000,278.833,301.08,9.79349,9.912,9.911,59.2509,2.03068,2.15292,11.5816,13.3757,551.645,551.54,7.79021,7.42157,9.22605,9.50032,9.97998,12.9557,12.9557,1.0,1.0,1
94014,31.05.2024 09:07:10.110000,277.762,294.324,9.79349,9.905,9.905,59.2509,2.05474,2.1417,13.6424,14.6069,551.74,551.585,6.89985,7.59283,9.2754,9.46227,9.98019,13.6285,13.6285,1.0,1.0,1
94015,31.05.2024 09:07:10.120000,277.762,294.324,9.79349,9.905,9.905,59.2509,2.05474,2.1417,13.6424,14.6069,551.74,551.585,6.89985,7.59283,9.2754,9.46227,9.98019,13.6285,13.6285,1.0,1.0,1
94016,31.05.2024 09:07:10.130000,277.762,291.11,9.80698,9.896,9.905,60.4573,2.06777,2.13167,15.1006,8.60266,551.885,551.66,6.11158,7.25534,9.0839,9.36184,9.98039,13.954,13.954,1.0,1.0,1
94017,31.05.2024 09:07:10.140000,277.762,291.11,9.80698,9.896,9.905,60.4573,2.06777,2.13167,15.1006,8.60266,551.885,551.66,6.11158,7.25534,9.0839,9.36184,9.98039,13.954,13.954,1.0,1.0,1
94018,31.05.2024 09:07:10.150000,267.792,292.676,9.84574,9.873,9.87,61.6427,2.08095,2.12264,14.9322,8.87973,552.045,551.775,5.45936,6.85032,9.037,9.34114,9.98008,14.6918,14.6918,1.0,1.0,1
94019,31.05.2024 09:07:10.160000,273.477,292.758,9.82982,9.868,9.875,63.0558,2.07411,2.14709,14.8681,14.9307,552.19,551.925,5.26092,6.76796,8.95453,9.28271,9.98035,14.6918,14.6918,1.0,1.0,1
94020,31.05.2024 09:07:10.170000,271.994,296.548,9.83657,9.876,9.857,64.5193,2.06032,2.14505,14.8681,14.9307,552.19,551.925,5.26092,6.76796,8.95453,9.28271,9.98008,14.9523,14.9523,1.0,1.0,1
94021,31.05.2024 09:07:10.180000,271.994,296.548,9.83657,9.876,9.857,64.5193,2.06032,2.14505,14.8681,14.9307,552.19,551.925,5.26092,6.76796,8.95453,9.28271,9.98008,14.9523,14.9523,1.0,1.0,1
94022,31.05.2024 09:07:10.190000,271.994,296.548,9.84261,9.876,9.857,65.8598,2.05344,2.1368,14.809,14.9143,552.28,552.04,5.13675,7.04574,8.75245,9.25799,9.98008,14.9088,14.9088,1.0,1.0,1
94023,31.05.2024 09:07:10.200000,271.994,296.548,9.84261,9.876,9.857,65.8598,2.05344,2.1368,14.809,14.9143,552.28,552.04,5.13675,7.04574,8.75245,9.25799,9.98008,14.9088,14.9088,1.0,1.0,1
94024,31.05.2024 09:07:10.210000,276.196,294.983,9.88085,9.821,9.853,66.888,2.0362,2.15456,14.1136,8.8136,552.34,552.115,4.92771,6.98145,8.25355,9.16044,9.98079,14.9088,14.9088,1.0,1.0,1
94025,31.05.2024 09:07:10.220000,276.196,294.983,9.88085,9.821,9.853,66.888,2.0362,2.15456,14.1136,8.8136,552.34,552.115,4.92771,6.98145,8.25355,9.16044,9.98079,14.9088,14.9088,1.0,1.0,1
94026,31.05.2024 09:07:10.230000,273.23,294.653,9.85932,9.817,9.832,67.8929,2.03487,2.18916,11.2862,13.6639,552.41,552.215,4.582,6.81733,7.86062,9.15713,9.98052,16.059,16.059,1.0,1.0,1
94027,31.05.2024 09:07:10.240000,273.23,294.653,9.85932,9.817,9.832,67.8929,2.03487,2.18916,11.2862,13.6639,552.41,552.215,4.582,6.81733,7.86062,9.15713,9.98052,16.059,16.059,1.0,1.0,1
94028,31.05.2024 09:07:10.250000,274.301,295.724,9.87829,9.855,9.866,68.8527,2.04097,2.1661,11.9819,13.334,552.515,552.425,3.75867,6.61027,7.42861,8.72755,9.98133,16.4497,16.4497,1.0,1.0,1
94029,31.05.2024 09:07:10.260000,274.301,295.724,9.87829,9.855,9.866,68.8527,2.04097,2.1661,11.9819,13.334,552.515,552.425,3.75867,6.61027,7.42861,8.72755,9.98133,16.4497,16.4497,1.0,1.0,1
94030,31.05.2024 09:07:10.270000,273.065,295.312,9.93789,9.872,9.876,70.6213,1.99946,2.14879,11.7213,7.73246,552.615,552.48,3.52115,6.34534,7.48961,8.48392,9.98089,16.4713,16.4713,1.0,1.0,1
94031,31.05.2024 09:07:10.280000,278.174,293.088,9.8871,9.882,9.872,71.6543,1.98372,2.1485,10.4359,13.864,552.645,552.605,3.55042,5.73651,7.44557,8.50726,9.98199,16.4713,16.4713,1.0,1.0,1
94032,31.05.2024 09:07:10.290000,273.889,293.088,9.8871,9.882,9.89,72.6033,1.9796,2.14211,11.2353,14.7666,552.685,552.74,3.38527,5.562,7.5193,8.53397,9.98199,17.1369,17.1369,1.0,1.0,1
94033,31.05.2024 09:07:10.300000,278.009,291.605,9.87202,9.912,9.907,72.6033,2.01216,2.11932,11.2353,14.7666,552.685,552.74,3.38527,5.562,7.5193,8.53397,9.98218,17.4407,17.4407,1.0,1.0,1
94034,31.05.2024 09:07:10.310000,278.009,291.605,9.94417,9.912,9.907,73.5857,2.02548,2.11556,9.50166,7.744,552.74,552.835,3.39866,5.55516,7.12689,8.35866,9.98249,17.4407,17.4407,1.0,1.0,1
94035,31.05.2024 09:07:10.320000,278.009,291.605,9.94417,9.912,9.907,73.5857,2.02548,2.11556,9.50166,7.744,552.74,552.835,3.39866,5.55516,7.12689,8.35866,9.98249,17.4407,17.4407,1.0,1.0,1
94036,31.05.2024 09:07:10.330000,273.477,288.803,9.94417,9.934,9.936,73.5857,2.04259,2.12017,13.9374,8.60268,552.735,552.925,3.23239,5.32958,6.80652,8.21534,9.98249,17.6939,17.6939,1.0,1.0,1
94037,31.05.2024 09:07:10.340000,278.174,303.882,9.95527,9.923,9.96,75.4624,2.09209,2.15947,14.2081,16.5357,552.755,553.01,3.10579,5.28218,6.65564,8.20828,9.98303,17.6071,17.6071,1.0,1.0,1
94038,31.05.2024 09:07:10.350000,273.065,299.35,9.95527,9.934,9.98,75.4624,2.09385,2.15486,17.5014,17.4351,552.77,553.08,2.97706,5.07564,6.1442,8.09012,9.98369,16.8764,16.8764,1.0,1.0,1
94039,31.05.2024 09:07:10.360000,273.065,295.807,9.96447,9.967,9.98,76.4682,2.09717,2.14716,17.5014,17.4351,552.77,553.08,2.97706,5.07564,6.1442,8.09012,9.98446,16.8764,16.8764,1.0,1.0,1
94040,31.05.2024 09:07:10.370000,276.279,295.807,9.96447,9.967,10.01,77.4565,2.08137,2.14974,15.1769,11.18,552.79,553.165,2.84019,4.79242,5.8866,8.01086,9.98446,16.5582,16.5582,1.0,1.0,1
94041,31.05.2024 09:07:10.380000,269.769,295.642,10.0139,9.973,9.999,77.4565,2.02683,2.16736,15.1769,11.18,552.79,553.165,2.84019,4.79242,5.8866,8.01086,9.98527,16.5582,16.5582,1.0,1.0,1
94042,31.05.2024 09:07:10.390000,269.769,295.642,10.0092,9.973,9.999,78.3857,2.00241,2.16014,14.4806,15.105,552.825,553.26,2.63395,4.5965,5.60586,8.13701,9.98586,16.5582,16.5582,1.0,1.0,1
94043,31.05.2024 09:07:10.400000,266.473,298.279,10.0092,9.977,10.019,78.3857,1.98734,2.15334,12.6853,18.6213,552.83,553.325,2.55387,4.45499,5.32802,8.11637,9.98586,17.0139,17.0139,1.0,1.0,1
94044,31.05.2024 09:07:10.410000,268.286,295.148,10.0583,9.99,10.041,79.0617,1.96979,2.15128,12.6853,18.6213,552.83,553.325,2.55387,4.45499,5.32802,8.11637,9.98648,16.182,16.182,1.0,1.0,1
94045,31.05.2024 09:07:10.420000,268.286,295.148,10.0907,9.99,10.041,79.6718,1.98022,2.14587,10.6355,12.1162,552.87,553.4,2.31811,4.21845,5.42069,8.23136,9.98648,16.182,16.182,1.0,1.0,1
94046,31.05.2024 09:07:10.430000,273.23,293.5,10.0907,10.023,10.05,79.6718,1.99506,2.14148,10.4403,11.8937,552.865,553.495,2.33248,3.88007,5.56437,8.22962,9.98745,16.182,16.182,1.0,1.0,1
94047,31.05.2024 09:07:10.440000,273.23,293.5,10.0907,10.023,10.05,79.6718,1.99506,2.14148,10.4403,11.8937,552.865,553.495,2.33248,3.88007,5.56437,8.22962,9.98745,16.182,16.182,1.0,1.0,1
94048,31.05.2024 09:07:10.450000,273.23,291.934,10.1164,10.038,10.05,80.1157,2.00825,2.13872,13.1763,15.034,552.87,553.6,2.17278,3.75258,5.33691,8.18262,9.98802,16.182,16.182,1.0,1.0,1
94049,31.05.2024 09:07:10.460000,273.23,291.934,10.1164,10.038,10.05,80.1157,2.00825,2.13872,13.1763,15.034,552.87,553.6,2.17278,3.75258,5.33691,8.18262,9.98802,16.182,16.182,1.0,1.0,1
94050,31.05.2024 09:07:10.470000,259.387,275.372,10.119,10.032,10.089,80.6852,2.05226,2.14374,14.0341,12.7485,552.895,553.695,2.09426,3.73939,5.33608,8.20589,9.98887,15.2488,15.2488,1.0,1.0,1
94051,31.05.2024 09:07:10.480000,239.529,265.649,10.1559,10.04,10.097,81.0146,2.05401,2.12767,14.8874,11.766,552.91,553.755,1.97606,4.00841,5.60602,8.27302,9.99027,15.4876,15.4876,1.0,1.0,1
94052,31.05.2024 09:07:10.490000,226.675,240.189,10.1646,10.048,10.107,81.3877,2.03555,2.12454,14.8874,11.766,552.91,553.755,1.97606,4.00841,5.60602,8.27302,9.98989,15.4876,15.4876,1.0,1.0,1
94053,31.05.2024 09:07:10.500000,226.675,240.189,10.1905,10.048,10.107,81.6499,2.00248,2.11871,13.2781,11.2493,552.92,553.785,1.94543,3.86442,5.40632,8.14787,9.98989,15.4876,15.4876,1.0,1.0,1
94054,31.05.2024 09:07:10.510000,207.312,220.084,10.1905,10.09,10.099,81.6499,1.98409,2.11464,11.2798,12.3104,552.92,553.85,1.79223,3.58782,5.17038,8.08727,9.99164,14.5327,14.5327,1.0,1.0,1
94055,31.05.2024 09:07:10.520000,207.312,181.11,10.2148,10.096,10.099,81.8803,1.97845,2.11257,11.2798,12.3104,552.92,553.85,1.79223,3.58782,5.17038,8.08727,9.99232,14.5327,14.5327,1.0,1.0,1
94056,31.05.2024 09:07:10.530000,198.001,181.11,10.2148,10.096,10.125,82.0964,1.98455,2.11096,11.1667,10.4174,552.93,553.92,1.64793,3.48092,4.93504,7.9978,9.99232,14.3301,14.3301,1.0,1.0,1
94057,31.05.2024 09:07:10.540000,178.885,169.904,10.2412,10.098,10.131,82.0964,2.008,2.10903,11.1667,10.4174,552.93,553.92,1.64793,3.48092,4.93504,7.9978,9.99316,14.3229,14.3229,1.0,1.0,1
94058,31.05.2024 09:07:10.550000,178.885,169.904,10.2412,10.098,10.131,82.0964,2.008,2.10903,11.1667,10.4174,552.93,553.92,1.64793,3.48092,4.93504,7.9978,9.99316,14.3229,14.3229,1.0,1.0,1
94059,31.05.2024 09:07:10.560000,178.885,169.904,10.266,10.098,10.131,82.283,2.02813,2.11111,12.2935,11.1573,552.935,553.97,1.51184,3.56277,4.73037,7.89182,9.99378,14.3157,14.3157,1.0,1.0,1
94060,31.05.2024 09:07:10.570000,178.885,169.904,10.266,10.098,10.131,82.283,2.02813,2.11111,12.2935,11.1573,552.935,553.97,1.51184,3.56277,4.73037,7.89182,9.99378,14.3157,14.3157,1.0,1.0,1
94061,31.05.2024 09:07:10.580000,138.592,143.701,10.2811,10.103,10.144,82.4718,2.04652,2.1245,12.4303,11.864,552.935,553.995,1.39547,3.30932,4.66044,7.72822,9.99477,14.8799,14.8799,1.0,1.0,1
94062,31.05.2024 09:07:10.590000,138.592,143.701,10.2811,10.103,10.144,82.4718,2.04652,2.1245,12.4303,11.864,552.935,553.995,1.39547,3.30932,4.66044,7.72822,9.99477,14.8799,14.8799,1.0,1.0,1
94063,31.05.2024 09:07:10.600000,124.173,109.177,10.2977,10.105,10.149,82.6949,2.02835,2.11996,14.2252,12.7478,552.965,554.1,1.06293,2.8623,4.61928,7.68197,9.99564,14.8799,14.8799,1.0,1.0,1
94064,31.05.2024 09:07:10.610000,103.079,93.7683,10.2939,10.172,10.201,82.6929,1.95947,2.11079,12.9758,10.7925,552.96,554.135,0.981206,2.82471,4.72334,7.62053,9.9965,14.9812,14.9812,1.0,1.0,1
94065,31.05.2024 09:07:10.620000,96.817,34.8541,10.2973,10.212,10.202,82.6929,1.94624,2.10292,12.9758,10.7925,552.96,554.135,0.981206,2.82471,4.72334,7.62053,9.99709,15.2778,15.2778,1.0,1.0,1
94066,31.05.2024 09:07:10.630000,96.817,34.8541,10.3123,10.212,10.202,82.8122,1.94228,2.10165,9.37633,10.5834,552.955,554.18,0.902673,2.59277,4.9045,7.49725,9.99785,15.2778,15.2778,1.0,1.0,1
94067,31.05.2024 09:07:10.640000,71.109,-17.1387,10.3123,10.191,10.211,82.8122,1.95606,2.10093,10.4563,12.2688,552.975,554.24,0.874578,2.41859,5.04178,7.39194,9.99785,16.1603,16.1603,1.0,1.0,1
94068,31.05.2024 09:07:10.650000,44.165,-36.2549,10.3335,10.202,10.203,82.8732,1.98565,2.09878,10.4563,12.2688,552.975,554.24,0.874578,2.41859,5.04178,7.39194,9.99859,16.5871,16.5871,1.0,1.0,1
94069,31.05.2024 09:07:10.660000,44.165,-36.2549,10.3029,10.202,10.203,83.0552,2.05268,2.09654,12.8722,14.1546,552.985,554.3,0.872736,2.44351,5.03849,7.25756,9.99859,16.5871,16.5871,1.0,1.0,1
94070,31.05.2024 09:07:10.670000,44.165,-36.2549,10.3029,10.202,10.203,83.0552,2.05268,2.09654,12.8722,14.1546,552.985,554.3,0.872736,2.44351,5.03849,7.25756,9.99859,16.5871,16.5871,1.0,1.0,1
94071,31.05.2024 09:07:10.680000,11.2884,-71.0266,10.3029,10.185,10.21,83.0552,2.08698,2.09782,15.023,10.7615,553.0,554.33,0.923368,2.68452,5.13336,7.10384,9.99953,16.5871,16.5871,1.0,1.0,1
94072,31.05.2024 09:07:10.690000,11.2884,-71.0266,10.3029,10.185,10.21,83.0552,2.08698,2.09782,15.023,10.7615,553.0,554.33,0.923368,2.68452,5.13336,7.10384,9.99953,16.5871,16.5871,1.0,1.0,1
94073,31.05.2024 09:07:10.700000,-14.4196,-78.1952,10.2987,10.144,10.215,83.3707,2.11068,2.11006,16.9277,9.49461,552.995,554.33,0.956544,2.61362,5.15264,7.12139,10.0,17.0428,17.0428,1.0,1.0,1
94074,31.05.2024 09:07:10.710000,-14.4196,-78.1952,10.2987,10.144,10.215,83.3707,2.11068,2.11006,16.9277,9.49461,552.995,554.33,0.956544,2.61362,5.15264,7.12139,10.0,17.0428,17.0428,1.0,1.0,1
94075,31.05.2024 09:07:10.720000,-34.6893,-84.375,10.3156,10.112,10.196,83.3284,2.05545,2.11081,16.9397,12.2571,552.99,554.37,1.02549,2.57182,5.36618,6.95719,10.0016,18.2509,18.2509,1.0,1.0,1
94076,31.05.2024 09:07:10.730000,-90.2252,-123.267,10.2743,10.212,10.201,83.2457,1.94705,2.10306,12.831,9.6976,552.985,554.38,0.939325,2.45086,5.41036,6.85679,10.0016,17.9036,17.9036,1.0,1.0,1
94077,31.05.2024 09:07:10.740000,-90.2252,-123.267,10.2743,10.212,10.201,83.2457,1.94705,2.10306,12.831,9.6976,552.985,554.38,0.939325,2.45086,5.41036,6.85679,10.0016,17.9036,17.9036,1.0,1.0,1
94078,31.05.2024 09:07:10.750000,-90.2252,-123.267,10.262,10.212,10.201,83.2751,1.92913,2.10193,10.7114,7.67937,552.99,554.405,1.01735,2.31735,5.26307,6.71864,10.0016,18.4606,18.4606,1.0,1.0,1
94079,31.05.2024 09:07:10.760000,-90.2252,-123.267,10.262,10.212,10.201,83.2751,1.92913,2.10193,10.7114,7.67937,552.99,554.405,1.01735,2.31735,5.26307,6.71864,10.0016,18.4606,18.4606,1.0,1.0,1
94080,31.05.2024 09:07:10.770000,-103.491,-159.439,10.2519,10.195,10.214,83.2947,1.93969,2.0944,8.40301,10.56,552.98,554.435,0.988904,2.13397,4.92834,6.68722,10.004,18.4606,18.4606,1.0,1.0,1
94081,31.05.2024 09:07:10.780000,-103.491,-159.439,10.2519,10.195,10.214,83.2947,1.93969,2.0944,8.40301,10.56,552.98,554.435,0.988904,2.13397,4.92834,6.68722,10.004,18.4606,18.4606,1.0,1.0,1
94082,31.05.2024 09:07:10.790000,-116.428,-163.477,10.2436,10.169,10.167,83.3166,2.02556,2.09261,9.10042,10.2034,552.985,554.46,0.987398,1.95643,4.88206,6.57383,10.005,18.504,18.504,1.0,1.0,1
94083,31.05.2024 09:07:10.800000,-133.978,-166.196,10.2202,10.175,10.153,83.2322,2.06487,2.10108,13.5512,10.504,552.99,554.51,0.95265,2.0343,4.72703,6.26449,10.0062,19.213,19.213,1.0,1.0,1
94084,31.05.2024 09:07:10.810000,-143.042,-166.031,10.1981,10.179,10.118,83.2761,2.07065,2.10431,13.5512,10.504,552.99,554.51,0.95265,2.0343,4.72703,6.26449,10.0073,19.4155,19.4155,1.0,1.0,1
94085,31.05.2024 09:07:10.820000,-143.042,-166.031,10.1909,10.179,10.118,83.332,2.04538,2.10932,14.1614,11.0924,552.995,554.515,0.918645,1.91444,4.66447,6.35358,10.0073,19.4155,19.4155,1.0,1.0,1
94086,31.05.2024 09:07:10.830000,-150.046,-168.997,10.1909,10.125,10.098,83.332,2.02538,2.11048,12.797,10.5868,552.995,554.555,0.859315,1.72364,4.79728,6.27791,10.0084,19.5674,19.5674,1.0,1.0,1
94087,31.05.2024 09:07:10.840000,-150.046,-168.997,10.1909,10.125,10.098,83.332,2.02538,2.11048,12.797,10.5868,552.995,554.555,0.859315,1.72364,4.79728,6.27791,10.0084,19.5674,19.5674,1.0,1.0,1
94088,31.05.2024 09:07:10.850000,-150.046,-164.136,10.1698,10.095,10.098,83.3735,2.0055,2.11053,10.763,10.2311,552.995,554.595,0.883047,1.9269,4.804,6.05005,10.0091,19.6325,19.6325,1.0,1.0,1
94089,31.05.2024 09:07:10.860000,-140.735,-167.844,10.1327,10.07,10.074,83.4278,1.98212,2.10415,10.763,10.2311,552.995,554.595,0.883047,1.9269,4.804,6.05005,10.0106,19.6615,19.6615,1.0,1.0,1
94090,31.05.2024 09:07:10.870000,-140.735,-167.844,10.1267,10.07,10.074,83.3331,1.99243,2.09894,10.4737,13.027,552.99,554.595,0.979219,2.04339,4.78425,5.81115,10.0114,19.6615,19.6615,1.0,1.0,1
94091,31.05.2024 09:07:10.880000,-147.656,-173.694,10.1267,10.07,10.051,83.3331,2.0133,2.09611,9.49874,8.92101,552.985,554.58,0.987989,1.97793,4.77733,5.58838,10.0114,19.7049,19.7049,1.0,1.0,1
94092,31.05.2024 09:07:10.890000,-153.342,-181.274,10.127,10.066,10.032,83.3387,2.03727,2.09648,9.49874,8.92101,552.985,554.58,0.987989,1.97793,4.77733,5.58838,10.0135,19.7049,19.7049,1.0,1.0,1
94093,31.05.2024 09:07:10.900000,-153.342,-181.274,10.1028,10.066,10.032,83.3005,2.08484,2.09702,12.0321,9.97472,552.985,554.6,0.987436,1.76379,4.56025,5.37046,10.0135,19.7049,19.7049,1.0,1.0,1
94094,31.05.2024 09:07:10.910000,-158.78,-173.035,10.1028,10.044,10.024,83.3005,2.09368,2.097,14.715,11.1336,552.985,554.625,0.903478,1.75952,4.59407,5.41,10.014,19.6181,19.6181,1.0,1.0,1
94095,31.05.2024 09:07:10.920000,-158.78,-172.046,10.0903,10.014,10.024,83.3144,2.09556,2.09659,14.715,11.1336,552.985,554.625,0.903478,1.75952,4.59407,5.41,10.0158,19.6181,19.6181,1.0,1.0,1
94096,31.05.2024 09:07:10.930000,-156.39,-172.046,10.0903,10.014,9.99,83.3342,2.08429,2.09656,13.0671,10.438,552.985,554.66,0.891012,1.85078,4.64992,5.38781,10.0158,19.4661,19.4661,1.0,1.0,1
94097,31.05.2024 09:07:10.940000,-158.368,-176.001,10.0849,10.002,10.002,83.3342,2.03346,2.09863,13.0671,10.438,552.985,554.66,0.891012,1.85078,4.64992,5.38781,10.0163,19.9002,19.9002,1.0,1.0,1
94098,31.05.2024 09:07:10.950000,-158.368,-176.001,10.0648,10.002,10.002,83.3951,2.00327,2.09902,12.3704,9.91088,552.985,554.69,0.938097,1.91957,4.60574,5.31295,10.0161,19.9002,19.9002,1.0,1.0,1
94099,31.05.2024 09:07:10.960000,-158.368,-176.001,10.0648,10.002,10.002,83.3951,2.00327,2.09902,12.3704,9.91088,552.985,554.69,0.938097,1.91957,4.60574,5.31295,10.0161,19.9002,19.9002,1.0,1.0,1
94100,31.05.2024 09:07:10.970000,-156.308,-177.072,10.0648,10.002,9.998,83.3951,1.97839,2.09818,9.51855,9.42106,552.98,554.685,0.919183,2.04565,4.68867,5.2621,10.0161,19.9002,19.9002,1.0,1.0,1
94101,31.05.2024 09:07:10.980000,-157.297,-174.847,10.0474,9.995,9.99,83.404,1.96797,2.09349,6.86646,10.4121,552.98,554.685,0.965127,2.18477,4.78168,5.22761,10.0173,19.9002,19.9002,0.0,1.0,1
94102,31.05.2024 09:07:10.990000,-154.66,-176.66,10.0474,9.983,10.006,83.404,1.98845,2.0936,8.2362,10.4626,552.975,554.685,1.0841,2.05119,4.70966,5.16457,10.0178,20.298,20.298,0.0,1.0,1
94103,31.05.2024 09:07:11.000000,-154.66,-175.424,10.046,9.981,10.006,83.4106,2.01561,2.09387,8.2362,10.4626,552.975,554.685,1.0841,2.05119,4.70966,5.16457,10.0179,20.298,20.298,0.0,1.0,1
94104,31.05.2024 09:07:11.010000,-151.776,-175.424,10.046,9.981,9.982,83.4949,2.04441,2.0945,10.1346,10.8867,552.98,554.69,1.11332,1.91405,4.63944,5.07426,10.0179,20.298,20.298,0.0,1.0,1
94105,31.05.2024 09:07:11.020000,-152.27,-176.083,10.0494,9.984,9.962,83.4949,2.08281,2.09772,10.1346,10.8867,552.98,554.69,1.11332,1.91405,4.63944,5.07426,10.0182,20.544,20.544,0.0,1.0,1
94106,31.05.2024 09:07:11.030000,-152.27,-176.083,10.0421,9.984,9.962,83.4462,2.08711,2.09873,14.2288,12.4962,552.98,554.7,1.11255,1.82661,4.62767,5.05367,10.0189,20.544,20.544,0.0,1.0,1
94107,31.05.2024 09:07:11.040000,-152.27,-176.083,10.0421,9.984,9.962,83.4462,2.08711,2.09873,14.2288,12.4962,552.98,554.7,1.11255,1.82661,4.62767,5.05367,10.0189,20.544,20.544,0.0,1.0,1
94108,31.05.2024 09:07:11.050000,-156.638,-168.256,10.0421,9.981,9.973,83.4462,2.08038,2.09809,13.8785,11.7697,552.98,554.71,1.16774,1.76728,4.72303,4.96735,10.0189,20.8984,20.8984,0.0,1.0,1
94109,31.05.2024 09:07:11.060000,-148.48,-174.106,10.0372,9.971,9.958,83.4295,2.00783,2.09387,12.9925,9.43706,552.98,554.725,1.18175,1.76472,4.69,4.92878,10.0189,20.8984,20.8984,0.0,1.0,1
94110,31.05.2024 09:07:11.070000,-158.945,-173.694,10.0372,9.966,9.941,83.4295,1.98513,2.09149,10.2947,9.89554,552.98,554.745,1.21282,1.70035,4.61933,4.91223,10.0193,20.8984,20.8984,0.0,1.0,1
94111,31.05.2024 09:07:11.080000,-158.945,-175.095,10.0445,9.963,9.941,83.4466,1.96791,2.0917,10.2947,9.89554,552.98,554.745,1.21282,1.70035,4.61933,4.91223,10.0193,20.8984,20.8984,0.0,1.0,1
94112,31.05.2024 09:07:11.090000,-153.012,-175.095,10.0445,9.963,9.962,83.3763,1.96255,2.09104,9.00911,8.78586,552.975,554.77,1.25411,1.73374,4.45442,4.82573,10.0193,21.2457,21.2457,0.0,1.0,1
94113,31.05.2024 09:07:11.100000,-156.885,-173.117,10.0411,9.953,9.957,83.3763,1.9863,2.09045,9.00911,8.78586,552.975,554.77,1.25411,1.73374,4.45442,4.82573,10.0195,21.6435,21.6435,0.0,1.0,1
94114,31.05.2024 09:07:11.110000,-156.885,-173.117,10.045,9.953,9.957,83.4188,2.01074,2.09265,9.97948,10.647,552.98,554.765,1.37099,1.84495,4.38289,4.63894,10.0195,21.6435,21.6435,0.0,1.0,1
94115,31.05.2024 09:07:11.120000,-154.907,-174.353,10.045,9.938,9.957,83.4188,2.03725,2.09411,11.2246,11.1521,552.985,554.785,1.40025,1.64078,4.37698,4.7076,10.0195,21.6435,21.6435,0.0,1.0,1
94116,31.05.2024 09:07:11.130000,-154.907,-174.353,10.045,9.938,9.957,83.4188,2.03725,2.09411,11.2246,11.1521,552.985,554.785,1.40025,1.64078,4.37698,4.7076,10.0195,21.6435,21.6435,0.0,1.0,1
94117,31.05.2024 09:07:11.140000,-148.975,-176.907,10.0652,9.94,9.95,83.5051,2.0587,2.09791,13.6559,11.9177,552.995,554.8,1.58001,1.53734,4.3077,4.67074,10.02,21.7593,21.7593,0.0,1.0,1
94118,31.05.2024 09:07:11.150000,-148.975,-176.907,10.0652,9.94,9.95,83.5051,2.0587,2.09791,13.6559,11.9177,552.995,554.8,1.58001,1.53734,4.3077,4.67074,10.02,21.7593,21.7593,0.0,1.0,1
94119,31.05.2024 09:07:11.160000,-157.297,-180.945,10.0624,9.948,9.953,83.4807,2.07314,2.09948,13.9294,11.842,553.02,554.815,1.59598,1.71786,4.28103,4.76578,10.0203,21.7014,21.7014,0.0,1.0,1
94120,31.05.2024 09:07:11.170000,-160.181,-171.551,10.0583,9.96,9.935,83.4792,2.00549,2.09674,12.1684,10.3856,553.025,554.82,1.82854,1.59774,4.25958,4.80023,10.0215,21.6797,21.6797,0.0,1.0,1
94121,31.05.2024 09:07:11.180000,-160.181,-171.551,10.0583,9.96,9.935,83.4792,2.00549,2.09674,12.1684,10.3856,553.025,554.82,1.82854,1.59774,4.25958,4.80023,10.0215,21.6797,21.6797,0.0,1.0,1
94122,31.05.2024 09:07:11.190000,-158.038,-179.874,10.0703,9.968,9.945,83.4792,1.98343,2.09445,9.88393,10.4258,553.03,554.84,1.98866,1.66781,4.32611,4.84372,10.021,21.7954,21.7954,0.0,1.0,1
94123,31.05.2024 09:07:11.200000,-158.038,-179.874,10.0703,9.968,9.945,83.4792,1.98343,2.09445,9.88393,10.4258,553.03,554.84,1.98866,1.66781,4.32611,4.84372,10.021,21.7954,21.7954,0.0,1.0,1
94124,31.05.2024 09:07:11.210000,-158.862,-175.177,10.0828,9.97,9.987,83.4491,1.97112,2.09349,9.08819,10.312,553.03,554.84,2.27331,1.82655,4.23969,4.82896,10.0208,21.4482,21.4482,0.0,1.0,1
94125,31.05.2024 09:07:11.220000,-158.862,-175.177,10.0828,9.97,9.987,83.4491,1.97112,2.09349,9.08819,10.312,553.03,554.84,2.27331,1.82655,4.23969,4.82896,10.0208,21.4482,21.4482,0.0,1.0,1
94126,31.05.2024 09:07:11.230000,-160.84,-174.106,10.0834,9.973,10.018,83.4813,2.0487,2.09235,10.0363,11.1604,553.02,554.845,2.40484,1.84085,4.40752,4.93447,10.022,21.4482,21.4482,0.0,1.0,1
94127,31.05.2024 09:07:11.240000,-156.885,-179.214,10.0856,9.978,10.03,83.4669,2.11709,2.09644,12.6682,10.7416,553.01,554.83,2.47962,1.66839,4.4187,4.97198,10.022,21.2023,21.2023,0.0,1.0,1
94128,31.05.2024 09:07:11.250000,-159.439,-179.214,10.0856,9.978,10.039,83.4621,2.136,2.10135,15.6373,9.97063,553.005,554.845,2.50829,1.53056,4.36758,5.04316,10.022,20.6742,20.6742,0.0,1.0,1
94129,31.05.2024 09:07:11.260000,-148.315,-174.353,10.0932,9.984,10.018,83.4621,2.13414,2.10536,15.6373,9.97063,553.005,554.845,2.50829,1.53056,4.36758,5.04316,10.0225,19.9798,19.9798,0.0,1.0,1
94130,31.05.2024 09:07:11.270000,-148.315,-174.353,10.0993,9.984,10.018,83.4671,2.10671,2.10543,15.4075,12.1001,553.02,554.835,2.54115,1.53462,4.36527,5.16254,10.0229,19.9798,19.9798,0.0,1.0,1
94131,31.05.2024 09:07:11.280000,-153.259,-180.533,10.0993,9.999,10.011,83.4671,2.06727,2.10569,15.1109,10.3383,553.03,554.85,2.52548,1.55603,4.46511,5.34383,10.0229,19.1334,19.1334,0.0,1.0,1
94132,31.05.2024 09:07:11.290000,-153.342,-172.046,10.1095,10.012,10.043,83.4682,2.02491,2.1033,15.1109,10.3383,553.03,554.85,2.52548,1.55603,4.46511,5.34383,10.0233,19.1334,19.1334,0.0,1.0,1
94133,31.05.2024 09:07:11.300000,-153.342,-172.046,10.1137,10.012,10.043,83.4894,1.94917,2.09674,10.8074,9.77453,553.01,554.865,2.48601,1.42654,4.30888,5.40974,10.0233,19.1334,19.1334,0.0,1.0,1
94134,31.05.2024 09:07:11.310000,-153.589,-180.368,10.1137,10.023,10.026,83.4894,1.9318,2.09413,6.98355,10.4657,553.025,554.87,2.44937,1.55406,4.35711,5.55953,10.0241,18.7428,18.7428,0.0,1.0,1
94135,31.05.2024 09:07:11.320000,-153.589,-180.368,10.1137,10.023,10.026,83.4894,1.9318,2.09413,6.98355,10.4657,553.025,554.87,2.44937,1.55406,4.35711,5.55953,10.0241,18.7428,18.7428,0.0,1.0,1
94136,31.05.2024 09:07:11.330000,-153.589,-173.117,10.121,10.02,10.026,83.499,1.93198,2.09115,7.63698,11.1994,553.015,554.875,2.37927,1.57364,4.23465,5.56775,10.0244,18.3883,18.3883,0.0,1.0,1
94137,31.05.2024 09:07:11.340000,-153.342,-176.99,10.1175,10.008,10.056,83.5034,2.01798,2.08351,7.63698,11.1994,553.015,554.875,2.37927,1.57364,4.23465,5.56775,10.0252,17.7879,17.7879,0.0,1.0,1
94138,31.05.2024 09:07:11.350000,-153.342,-176.99,10.1223,10.008,10.056,83.399,2.05754,2.08672,7.727,9.23509,553.015,554.87,2.42189,1.54573,4.25371,5.5853,10.0263,17.7879,17.7879,0.0,1.0,1
94139,31.05.2024 09:07:11.360000,-157.956,-172.046,10.1223,9.998,10.022,83.399,2.09358,2.09019,11.564,9.6417,553.03,554.885,2.27657,1.37547,4.39108,5.89518,10.0263,17.5854,17.5854,0.0,1.0,1
94140,31.05.2024 09:07:11.370000,-147.821,-181.934,10.1388,9.999,10.035,83.4231,2.11652,2.09334,11.564,9.6417,553.03,554.885,2.27657,1.37547,4.39108,5.89518,10.0269,17.7734,17.7734,0.0,1.0,1
94141,31.05.2024 09:07:11.380000,-147.821,-181.934,10.16,9.999,10.035,83.419,2.11562,2.09663,14.7987,11.6277,553.035,554.87,2.20877,1.42753,4.27205,6.03752,10.0269,17.7734,17.7734,0.0,1.0,1
94142,31.05.2024 09:07:11.390000,-147.821,-181.934,10.16,9.999,10.035,83.419,2.11562,2.09663,14.7987,11.6277,553.035,554.87,2.20877,1.42753,4.27205,6.03752,10.0269,17.7734,17.7734,0.0,1.0,1
94143,31.05.2024 09:07:11.400000,-156.308,-176.083,10.16,10.005,10.024,83.419,2.09093,2.09815,13.3705,11.1398,553.03,554.88,2.08328,1.28675,4.22009,6.04662,10.0273,17.7807,17.7807,0.0,1.0,1
94144,31.05.2024 09:07:11.410000,-156.308,-176.083,10.16,10.005,10.024,83.419,2.09093,2.09815,13.3705,11.1398,553.03,554.88,2.08328,1.28675,4.22009,6.04662,10.0273,17.7807,17.7807,0.0,1.0,1
94145,31.05.2024 09:07:11.420000,-157.05,-179.544,10.1494,10.021,10.038,83.4612,1.9829,2.095,11.7033,9.02548,553.03,554.87,2.02218,1.14878,4.23512,6.11045,10.0289,17.7807,17.7807,0.0,1.0,1
94146,31.05.2024 09:07:11.430000,-149.139,-170.81,10.1552,10.037,10.056,83.5081,1.94839,2.08933,7.03262,11.6707,553.025,554.875,1.83484,1.12784,4.19095,6.13489,10.0291,17.8819,17.8819,0.0,1.0,1
94147,31.05.2024 09:07:11.440000,-149.139,-170.81,10.1552,10.037,10.056,83.5081,1.94839,2.08933,7.03262,11.6707,553.025,554.875,1.83484,1.12784,4.19095,6.13489,10.0291,17.8819,17.8819,0.0,1.0,1
94148,31.05.2024 09:07:11.450000,-158.368,-179.132,10.1552,10.056,10.069,83.5081,1.95544,2.08649,5.81874,10.7624,553.03,554.865,1.82859,1.11793,4.09246,6.07831,10.0291,17.976,17.976,0.0,1.0,1
94149,31.05.2024 09:07:11.460000,-158.368,-179.132,10.1552,10.056,10.069,83.5081,1.95544,2.08649,5.81874,10.7624,553.03,554.865,1.82859,1.11793,4.09246,6.07831,10.0291,17.976,17.976,0.0,1.0,1
94150,31.05.2024 09:07:11.470000,-153.342,-175.919,10.1456,10.06,10.101,83.5548,2.03667,2.0854,7.18499,8.29125,553.03,554.865,1.64677,1.03814,4.1238,6.07032,10.0308,17.976,17.976,0.0,1.0,1
94151,31.05.2024 09:07:11.480000,-153.342,-175.919,10.1456,10.06,10.101,83.5548,2.03667,2.0854,7.18499,8.29125,553.03,554.865,1.64677,1.03814,4.1238,6.07032,10.0308,17.976,17.976,0.0,1.0,1
94152,31.05.2024 09:07:11.490000,-151.776,-172.458,10.1556,10.044,10.112,83.5689,2.09346,2.09133,9.92583,8.37603,553.02,554.86,1.55618,1.057,4.18553,6.04119,10.0309,17.6722,17.6722,0.0,1.0,1
94153,31.05.2024 09:07:11.500000,-158.203,-182.098,10.1585,10.058,10.092,83.6024,2.10024,2.09861,13.2603,11.4105,553.025,554.865,1.37577,0.919718,4.1836,5.94455,10.0313,17.6649,17.6649,0.0,1.0,1
94154,31.05.2024 09:07:11.510000,-158.203,-182.098,10.1603,10.058,10.092,83.5347,2.07952,2.09901,13.4287,9.17317,553.035,554.87,1.27563,0.892275,4.19548,5.83726,10.0319,17.6649,17.6649,0.0,1.0,1
94155,31.05.2024 09:07:11.520000,-155.237,-167.679,10.1603,10.074,10.097,83.5347,2.05297,2.09873,10.7444,9.46525,553.03,554.855,1.07686,0.959265,4.08538,5.82978,10.0319,17.5709,17.5709,0.0,1.0,1
94156,31.05.2024 09:07:11.530000,-149.799,-178.226,10.1545,10.08,10.102,83.6093,2.02445,2.09905,10.7444,9.46525,553.03,554.855,1.07686,0.959265,4.08538,5.82978,10.0324,17.3249,17.3249,0.0,1.0,1
94157,31.05.2024 09:07:11.540000,-149.799,-178.226,10.1507,10.08,10.102,83.5891,1.99342,2.09886,7.70043,9.85517,553.025,554.88,1.01135,0.879386,3.87043,5.67889,10.0324,17.3249,17.3249,0.0,1.0,1
94158,31.05.2024 09:07:11.550000,-156.226,-173.941,10.1507,10.072,10.092,83.5891,1.99514,2.09631,7.28954,11.0746,553.025,554.87,0.916086,1.02573,3.89154,5.61184,10.0332,17.3249,17.3249,0.0,1.0,1
94159,31.05.2024 09:07:11.560000,-156.226,-172.046,10.1596,10.081,10.092,83.6266,2.0075,2.09377,7.28954,11.0746,553.025,554.87,0.916086,1.02573,3.89154,5.61184,10.034,17.3249,17.3249,0.0,1.0,1
94160,31.05.2024 09:07:11.570000,-157.05,-172.046,10.1596,10.081,10.093,83.61,2.02926,2.09091,8.55615,10.972,553.015,554.87,0.799947,1.25807,3.93542,5.53874,10.034,17.3756,17.3756,0.0,1.0,1
94161,31.05.2024 09:07:11.580000,-157.626,-171.057,10.1629,10.084,10.104,83.61,2.0769,2.08997,8.55615,10.972,553.015,554.87,0.799947,1.25807,3.93542,5.53874,10.0348,17.2164,17.2164,0.0,1.0,1
94162,31.05.2024 09:07:11.590000,-157.626,-171.057,10.1607,10.084,10.104,83.6164,2.09218,2.09231,10.2965,8.48945,553.025,554.845,0.813531,1.21878,3.94441,5.38003,10.0362,17.2164,17.2164,0.0,1.0,1
94163,31.05.2024 09:07:11.600000,-155.484,-180.368,10.1607,10.07,10.065,83.6164,2.10166,2.09582,12.7083,10.3833,553.025,554.82,0.808836,1.13444,3.87427,5.22287,10.0362,17.2237,17.2237,0.0,1.0,1
94164,31.05.2024 09:07:11.610000,-151.776,-176.001,10.1622,10.046,10.056,83.6361,2.09891,2.09632,12.7083,10.3833,553.025,554.82,0.808836,1.13444,3.87427,5.22287,10.0368,16.9271,16.9271,0.0,1.0,1
94165,31.05.2024 09:07:11.620000,-151.776,-176.001,10.1584,10.046,10.056,83.5935,2.06105,2.09693,13.0841,11.4976,553.025,554.825,0.737203,1.0592,3.94013,5.16497,10.0368,16.9271,16.9271,0.0,1.0,1
94166,31.05.2024 09:07:11.630000,-147.079,-176.001,10.1584,10.044,10.04,83.5935,2.03133,2.09848,9.77302,10.0921,553.025,554.84,0.605901,1.09106,3.99691,5.17564,10.0382,16.7752,16.7752,0.0,1.0,1
94167,31.05.2024 09:07:11.640000,-147.079,-175.671,10.1536,10.061,10.04,83.5424,2.00245,2.09801,9.77302,10.0921,553.025,554.84,0.605901,1.09106,3.99691,5.17564,10.0391,16.7752,16.7752,0.0,1.0,1
94168,31.05.2024 09:07:11.650000,-155.731,-175.671,10.1536,10.061,10.036,83.4723,1.97914,2.09732,7.15563,10.2039,553.035,554.83,0.586027,1.21156,3.95701,5.03819,10.0391,16.862,16.862,0.0,1.0,1
94169,31.05.2024 09:07:11.660000,-155.731,-175.671,10.1536,10.061,10.036,83.4723,1.97914,2.09732,7.15563,10.2039,553.035,554.83,0.586027,1.21156,3.95701,5.03819,10.0391,16.862,16.862,0.0,1.0,1
94170,31.05.2024 09:07:11.670000,-157.297,-178.967,10.1558,10.062,10.06,83.4723,1.96724,2.09394,7.07704,11.8365,553.025,554.825,0.634881,1.26056,3.92966,4.85789,10.0394,17.0139,17.0139,0.0,1.0,1
94171,31.05.2024 09:07:11.680000,-157.297,-178.967,10.1558,10.062,10.06,83.4723,1.96724,2.09394,7.07704,11.8365,553.025,554.825,0.634881,1.26056,3.92966,4.85789,10.0394,17.0139,17.0139,0.0,1.0,1
94172,31.05.2024 09:07:11.690000,-150.128,-177.814,10.1528,10.058,10.069,83.5129,1.99957,2.09219,6.20608,10.9917,553.025,554.795,0.70524,1.2915,3.8879,4.80742,10.0398,17.0139,17.0139,0.0,1.0,1
94173,31.05.2024 09:07:11.700000,-150.128,-177.814,10.1528,10.058,10.069,83.5129,1.99957,2.09219,6.20608,10.9917,553.025,554.795,0.70524,1.2915,3.8879,4.80742,10.0398,17.0139,17.0139,0.0,1.0,1
94174,31.05.2024 09:07:11.710000,-158.203,-174.271,10.1488,10.061,10.11,83.5674,2.07293,2.09408,7.81503,8.895,553.03,554.79,0.701601,1.23004,3.88018,4.70909,10.0405,16.9343,16.9343,0.0,1.0,1
94175,31.05.2024 09:07:11.720000,-158.203,-174.271,10.1488,10.061,10.11,83.5674,2.07293,2.09408,7.81503,8.895,553.03,554.79,0.701601,1.23004,3.88018,4.70909,10.0405,16.9343,16.9343,0.0,1.0,1
94176,31.05.2024 09:07:11.730000,-156.308,-175.919,10.1367,10.083,10.066,83.579,2.08957,2.096,10.0895,10.0401,553.025,554.795,0.765653,1.27894,3.99107,4.59247,10.0412,16.8692,16.8692,0.0,1.0,1
94177,31.05.2024 09:07:11.740000,-156.308,-175.919,10.1367,10.083,10.066,83.579,2.08957,2.096,10.0895,10.0401,553.025,554.795,0.765653,1.27894,3.99107,4.59247,10.0412,16.8692,16.8692,0.0,1.0,1
94178,31.05.2024 09:07:11.750000,-154.495,-178.555,10.1339,10.081,10.074,83.6059,2.05513,2.09855,11.0774,8.43631,553.03,554.795,0.759767,1.21994,3.99641,4.53669,10.0415,17.1079,17.1079,0.0,1.0,1
94179,31.05.2024 09:07:11.760000,-154.495,-178.555,10.1339,10.081,10.074,83.6059,2.05513,2.09855,11.0774,8.43631,553.03,554.795,0.759767,1.21994,3.99641,4.53669,10.0415,17.1079,17.1079,0.0,1.0,1
94180,31.05.2024 09:07:11.770000,-152.188,-176.083,10.1362,10.079,10.06,83.6147,2.021,2.09588,9.04492,10.7428,553.03,554.795,0.820642,1.30408,3.8953,4.50095,10.0415,16.8764,16.8764,0.0,1.0,1
94181,31.05.2024 09:07:11.780000,-152.188,-176.083,10.1362,10.079,10.06,83.6147,2.021,2.09588,9.04492,10.7428,553.03,554.795,0.820642,1.30408,3.8953,4.50095,10.0415,16.8764,16.8764,0.0,1.0,1
94182,31.05.2024 09:07:11.790000,-153.506,-172.293,10.1271,10.08,10.072,83.3718,2.03859,2.09612,8.32853,10.8015,553.04,554.785,0.948991,1.31245,3.88661,4.46677,10.042,16.9199,16.9199,0.0,1.0,1
94183,31.05.2024 09:07:11.800000,-153.506,-172.293,10.1271,10.08,10.072,83.3718,2.03859,2.09612,8.32853,10.8015,553.04,554.785,0.948991,1.31245,3.88661,4.46677,10.042,16.9199,16.9199,0.0,1.0,1
94184,31.05.2024 09:07:11.810000,-154.495,-179.214,10.1289,10.073,10.062,83.4362,2.08817,2.09787,10.9304,13.1481,553.035,554.785,0.973896,1.46334,3.79803,4.41531,10.0437,16.9199,16.9199,0.0,1.0,1
94185,31.05.2024 09:07:11.820000,-153.589,-166.031,10.1314,10.06,10.063,83.473,2.12539,2.1033,12.265,13.3272,553.03,554.79,1.11602,1.51259,3.75508,4.36483,10.0442,17.0645,17.0645,0.0,1.0,1
94186,31.05.2024 09:07:11.830000,-153.589,-166.031,10.1262,10.06,10.063,83.5125,2.11736,2.10446,13.1887,11.2122,553.025,554.785,1.20941,1.58702,3.68502,4.25277,10.0453,17.0645,17.0645,0.0,1.0,1
94187,31.05.2024 09:07:11.840000,-149.551,-175.342,10.1262,10.042,10.069,83.5125,2.09715,2.10388,13.1094,12.8844,553.035,554.795,1.42383,1.61952,3.65218,4.10042,10.0453,17.0645,17.0645,0.0,1.0,1
94188,31.05.2024 09:07:11.850000,-153.918,-175.754,10.125,10.031,10.036,83.4592,2.0678,2.10387,13.1094,12.8844,553.035,554.795,1.42383,1.61952,3.65218,4.10042,10.0454,17.1658,17.1658,0.0,1.0,1
94189,31.05.2024 09:07:11.860000,-153.918,-175.754,10.1343,10.031,10.036,83.6923,2.00774,2.10133,11.0972,12.6402,553.03,554.8,1.46679,1.80321,3.68786,4.12218,10.0454,17.1658,17.1658,0.0,1.0,1
94190,31.05.2024 09:07:11.870000,-159.933,-175.095,10.1343,10.032,10.024,83.6923,1.98432,2.09892,8.33736,10.5395,553.035,554.8,1.55569,1.92461,3.70302,4.16719,10.0465,17.4045,17.4045,0.0,1.0,1
94191,31.05.2024 09:07:11.880000,-159.933,-173.529,10.142,10.037,10.024,83.6465,1.9705,2.09856,8.33736,10.5395,553.035,554.8,1.55569,1.92461,3.70302,4.16719,10.0468,17.4045,17.4045,0.0,1.0,1
94192,31.05.2024 09:07:11.890000,-152.27,-173.529,10.142,10.037,10.034,83.6312,1.97538,2.09598,6.50678,10.6619,553.03,554.81,1.55694,2.07668,3.69643,4.31797,10.0468,17.6071,17.6071,0.0,1.0,1
94193,31.05.2024 09:07:11.900000,-157.214,-174.683,10.1402,10.034,10.04,83.6312,2.01421,2.0915,6.50678,10.6619,553.03,554.81,1.55694,2.07668,3.69643,4.31797,10.0473,18.3087,18.3087,0.0,1.0,1
94194,31.05.2024 09:07:11.910000,-157.214,-174.683,10.1327,10.034,10.04,83.6136,2.04717,2.09224,7.96492,10.5446,553.025,554.805,1.70391,2.22575,3.61226,4.27003,10.0481,18.3087,18.3087,0.0,1.0,1
94195,31.05.2024 09:07:11.920000,-148.48,-173.447,10.1327,10.033,10.053,83.6136,2.07634,2.09431,10.8816,12.2286,553.04,554.815,1.80252,2.35028,3.84966,4.34117,10.0481,18.3087,18.3087,0.0,1.0,1
94196,31.05.2024 09:07:11.930000,-152.106,-177.566,10.131,10.042,10.082,83.6487,2.09807,2.0967,10.8816,12.2286,553.04,554.815,1.80252,2.35028,3.84966,4.34117,10.0484,18.8947,18.8947,0.0,1.0,1
94197,31.05.2024 09:07:11.940000,-152.106,-177.566,10.1364,10.042,10.082,83.6626,2.11304,2.09798,11.8902,9.86308,553.055,554.82,2.02061,2.4337,4.06489,4.30226,10.0484,18.8947,18.8947,0.0,1.0,1
94198,31.05.2024 09:07:11.950000,-152.106,-177.566,10.1364,10.042,10.082,83.6626,2.11304,2.09798,11.8902,9.86308,553.055,554.82,2.02061,2.4337,4.06489,4.30226,10.0484,18.8947,18.8947,0.0,1.0,1
94199,31.05.2024 09:07:11.960000,-155.978,-172.458,10.1364,10.05,10.073,83.6626,2.10195,2.09604,13.3629,9.65829,553.045,554.83,2.19187,2.49682,4.25139,4.41833,10.0478,19.1479,19.1479,0.0,1.0,1
