,time,Pinceur Inf Mesure de courant,Pinceur Sup Mesure de courant,Mandrin - Vitesse Actuelle,Pinceur Sup Mesure vitesse lineaire,Pinceur Inf Mesure vitesse lineaire,Mandrin - Mesure Expansion,Pinceur Nord Position entrefer estimee,Pinceur Sud Position entrefer estimee,Pinceur Nord Force entrefer calibree,Pinceur Sud Force entrefer calibree,Guides Nord Entree Position mesuree,Guides Nord Sortie Position mesuree,Guides Nord Entree Force pour regulateur PI,Guides Nord Sortie Force pour regulateur PI,Guides Sud Entree Force pour regulateur PI,Guides Sud Sortie Force pour regulateur PI,Mandrin - Vitesse Actuelle F10,_Excentrage largeur bande jauge bob,_Excentrage largeur bande jauge bob.1,TDB pinceur,Fenetre,Declancheur
88200,31.05.2024 07:27:55.370000,107.611,73.8281,10.3329,11.421,11.327,30.7036,2.56591,2.38977,25.1601,14.2084,681.09,681.76,7.85391,7.51617,0.0706468,-0.17289,9.77363,100.253,100.253,1.0,1.0,1
88201,31.05.2024 07:27:55.380000,107.611,73.8281,10.3329,11.421,11.327,30.7036,2.56591,2.38977,25.1601,14.2084,681.09,681.76,7.85391,7.51617,0.0706468,-0.17289,9.77363,100.253,100.253,1.0,1.0,1
88202,31.05.2024 07:27:55.390000,119.888,90.39,10.329,11.341,11.316,30.6591,2.45338,2.46131,25.9142,37.2509,677.85,678.275,8.43226,6.65733,0.00381327,-0.131344,9.77546,100.246,100.246,1.0,1.0,1
88203,31.05.2024 07:27:55.400000,148.315,104.645,10.3464,11.267,11.205,30.8094,2.3158,2.47602,19.1533,34.4255,676.275,676.805,8.44155,5.41579,0.0662637,-0.212671,9.7777,100.246,100.246,1.0,1.0,1
88204,31.05.2024 07:27:55.410000,148.315,104.645,10.3464,11.267,11.205,30.8094,2.28649,2.46492,19.1533,34.4255,676.275,676.805,8.44155,5.41579,0.0662637,-0.212671,9.7777,100.246,100.246,1.0,1.0,1
88205,31.05.2024 07:27:55.420000,177.731,135.709,10.3515,11.185,11.118,30.8422,2.27721,2.45196,15.3278,26.5851,674.92,675.475,7.46385,4.62564,0.0285058,-0.199051,9.7797,100.246,100.246,1.0,1.0,1
88206,31.05.2024 07:27:55.430000,238.129,199.979,10.3515,11.088,11.031,30.8487,2.2795,2.43303,13.9576,30.1432,673.67,674.16,7.61843,4.78777,0.038096,-0.185328,9.7797,100.246,100.246,1.0,1.0,1
88207,31.05.2024 07:27:55.440000,238.129,199.979,10.3475,11.088,11.031,30.8487,2.31372,2.39457,13.9576,30.1432,673.67,674.16,7.61843,4.78777,0.038096,-0.185328,9.78138,100.246,100.246,1.0,1.0,1
88208,31.05.2024 07:27:55.450000,284.93,261.777,10.34,11.067,10.964,30.8391,2.40963,2.31182,15.9727,30.0679,672.3,672.725,8.50589,5.1957,-0.0392432,-0.223331,9.78266,100.224,100.224,1.0,1.0,1
88209,31.05.2024 07:27:55.460000,284.93,261.777,10.34,11.067,10.964,30.8391,2.45713,2.28759,20.7009,14.9263,670.95,671.32,8.72586,5.61428,0.0315728,-0.168152,9.78266,100.224,100.224,1.0,1.0,1
88210,31.05.2024 07:27:55.470000,333.05,300.503,10.3542,10.993,10.898,30.856,2.48715,2.26936,20.7009,14.9263,670.95,671.32,8.72586,5.61428,0.0315728,-0.168152,9.78501,100.231,100.231,1.0,1.0,1
88211,31.05.2024 07:27:55.480000,333.05,300.503,10.3542,10.993,10.898,30.856,2.48715,2.26936,20.7009,14.9263,670.95,671.32,8.72586,5.61428,0.0315728,-0.168152,9.78501,100.231,100.231,1.0,1.0,1
88212,31.05.2024 07:27:55.490000,372.601,378.287,10.3589,10.915,10.867,30.8062,2.49688,2.24887,21.8912,16.0467,669.66,669.83,8.92956,5.88771,0.00277185,-0.240299,9.78712,100.188,100.188,1.0,1.0,1
88213,31.05.2024 07:27:55.500000,372.601,378.287,10.3589,10.915,10.867,30.8062,2.49688,2.24887,21.8912,16.0467,669.66,669.83,8.92956,5.88771,0.00277185,-0.240299,9.78712,100.188,100.188,1.0,1.0,1
88214,31.05.2024 07:27:55.510000,429.867,421.051,10.3595,10.929,10.785,30.8007,2.43202,2.25024,23.3779,16.8877,668.245,668.42,9.59045,6.29888,-0.00998449,-0.20573,9.78864,100.239,100.239,1.0,1.0,1
88215,31.05.2024 07:27:55.520000,450.22,438.025,10.3639,10.881,10.757,30.8611,2.30966,2.25631,22.5025,16.921,666.67,666.95,10.3217,6.88725,-0.0801215,-0.204775,9.79348,95.0521,95.0521,1.0,1.0,1
88216,31.05.2024 07:27:55.530000,450.22,438.025,10.3639,10.881,10.757,30.8611,2.30966,2.25631,22.5025,16.921,666.67,666.95,10.3217,6.88725,-0.0801215,-0.204775,9.79348,95.0521,95.0521,1.0,1.0,1
88217,31.05.2024 07:27:55.540000,470.984,509.216,10.3518,10.856,10.787,30.8045,2.28156,2.26857,17.2093,17.6043,665.07,665.345,10.2915,7.6252,-0.0124488,-0.111567,9.79348,90.6395,90.6395,1.0,1.0,1
88218,31.05.2024 07:27:55.550000,470.984,509.216,10.3518,10.856,10.787,30.8045,2.28156,2.26857,17.2093,17.6043,665.07,665.345,10.2915,7.6252,-0.0124488,-0.111567,9.79348,90.6395,90.6395,1.0,1.0,1
88219,31.05.2024 07:27:55.560000,467.193,549.344,10.3569,10.802,10.837,30.8134,2.28302,2.28885,16.0923,20.3229,663.68,663.8,9.84969,7.71885,-0.0792251,-0.187868,9.7957,87.5145,87.5145,1.0,1.0,1
88220,31.05.2024 07:27:55.570000,485.98,631.494,10.3648,10.719,10.794,30.8224,2.40714,2.28547,17.0429,21.3397,662.12,662.305,10.3638,7.9635,-0.0690703,-0.129787,9.7991,84.0061,84.0061,1.0,1.0,1
88221,31.05.2024 07:27:55.580000,484.579,631.494,10.366,10.719,10.779,30.7996,2.45172,2.28094,19.2017,21.4517,660.435,660.715,10.639,8.31839,-0.103162,-0.222822,9.7991,82.8053,82.8053,1.0,1.0,1
88222,31.05.2024 07:27:55.590000,484.579,631.494,10.366,10.719,10.779,30.7996,2.45172,2.28094,19.2017,21.4517,660.435,660.715,10.639,8.31839,-0.103162,-0.222822,9.7991,82.8053,82.8053,1.0,1.0,1
88223,31.05.2024 07:27:55.600000,512.842,636.438,10.366,10.669,10.767,30.7954,2.48245,2.27681,24.5563,17.3561,658.83,659.17,10.2525,8.36471,-0.0732512,-0.198742,9.8011,80.7075,80.7075,1.0,1.0,1
88224,31.05.2024 07:27:55.610000,559.973,634.378,10.373,10.637,10.717,30.7707,2.48369,2.29474,25.1396,19.2725,657.245,657.585,10.221,9.24085,-0.0335059,-0.226555,9.80274,80.7075,80.7075,1.0,1.0,1
88225,31.05.2024 07:27:55.620000,559.973,634.378,10.373,10.637,10.717,30.7707,2.44913,2.2987,25.1643,19.9262,655.57,655.9,10.1319,9.94201,-0.0316405,-0.111341,9.80274,80.7075,80.7075,1.0,1.0,1
88226,31.05.2024 07:27:55.630000,585.104,653.329,10.3634,10.647,10.731,30.7985,2.40036,2.30352,25.1643,19.9262,655.57,655.9,10.1319,9.94201,-0.0316405,-0.111341,9.8045,78.1973,78.1973,1.0,1.0,1
88227,31.05.2024 07:27:55.640000,599.853,644.018,10.3709,10.567,10.689,30.8502,2.34698,2.30892,20.3465,21.1173,653.915,654.225,9.91354,9.49216,-0.0519233,-0.188574,9.8045,69.9725,69.9725,1.0,1.0,1
88228,31.05.2024 07:27:55.650000,599.853,644.018,10.3709,10.567,10.689,30.8502,2.24908,2.31597,20.3465,21.1173,653.915,654.225,9.91354,9.49216,-0.0519233,-0.188574,9.80624,69.9725,69.9725,1.0,1.0,1
88229,31.05.2024 07:27:55.660000,604.22,645.337,10.382,10.546,10.673,30.9152,2.22102,2.31403,16.3463,19.219,652.25,652.66,9.52978,8.89634,-0.0286651,-0.180498,9.80815,69.9725,69.9725,1.0,1.0,1
88230,31.05.2024 07:27:55.670000,601.172,644.595,10.382,10.46,10.683,30.8928,2.20686,2.31137,13.5847,20.4763,650.655,651.13,9.4252,9.3463,-0.00234747,-0.203619,9.80815,67.7662,67.7662,1.0,1.0,1
88231,31.05.2024 07:27:55.680000,601.172,644.595,10.3817,10.46,10.683,30.8928,2.21128,2.30998,13.5847,20.4763,650.655,651.13,9.4252,9.3463,-0.00234747,-0.203619,9.80995,67.7662,67.7662,1.0,1.0,1
88232,31.05.2024 07:27:55.690000,601.172,644.595,10.3817,10.46,10.683,30.8928,2.21128,2.30998,13.5847,20.4763,650.655,651.13,9.4252,9.3463,-0.00234747,-0.203619,9.80995,67.7662,67.7662,1.0,1.0,1
88233,31.05.2024 07:27:55.700000,605.044,642.7,10.3896,10.512,10.6,30.8739,2.26977,2.29177,13.1646,20.8968,648.995,649.58,9.66884,10.2089,0.0588479,-0.198378,9.81189,65.0463,65.0463,1.0,1.0,1
88234,31.05.2024 07:27:55.710000,592.19,644.595,10.3849,10.474,10.612,30.9184,2.34393,2.27705,18.278,19.8796,647.31,647.99,9.91328,11.1372,0.0483537,-0.181835,9.81261,62.6157,62.6157,1.0,1.0,1
88235,31.05.2024 07:27:55.720000,593.014,644.595,10.3881,10.365,10.585,30.8903,2.36798,2.26947,19.9526,18.5231,645.605,646.285,9.94112,11.7099,-0.000737667,-0.164928,9.81261,62.6157,62.6157,1.0,1.0,1
88236,31.05.2024 07:27:55.730000,593.014,644.595,10.3881,10.365,10.585,30.8903,2.37803,2.26032,19.9526,18.5231,645.605,646.285,9.94112,11.7099,-0.000737667,-0.164928,9.81542,62.6157,62.6157,1.0,1.0,1
88237,31.05.2024 07:27:55.740000,587.988,647.149,10.3966,10.314,10.564,30.9133,2.36236,2.26253,22.8822,19.2507,643.87,644.545,9.90706,11.8448,0.0396562,-0.1835,9.81706,61.1762,61.1762,1.0,1.0,1
88238,31.05.2024 07:27:55.750000,580.243,644.678,10.3966,10.316,10.589,30.9076,2.33593,2.26401,20.7382,18.0057,642.14,642.865,9.49073,11.3922,0.0255418,-0.0918121,9.81706,59.4112,59.4112,1.0,1.0,1
88239,31.05.2024 07:27:55.760000,580.243,644.678,10.4077,10.316,10.589,30.9076,2.30489,2.26598,20.7382,18.0057,642.14,642.865,9.49073,11.3922,0.0255418,-0.0918121,9.81807,59.4112,59.4112,1.0,1.0,1
88240,31.05.2024 07:27:55.770000,580.243,644.678,10.4077,10.316,10.589,30.9076,2.30489,2.26598,20.7382,18.0057,642.14,642.865,9.49073,11.3922,0.0255418,-0.0918121,9.81807,59.4112,59.4112,1.0,1.0,1
88241,31.05.2024 07:27:55.780000,540.115,603.561,10.4201,10.332,10.579,30.9237,2.24406,2.27481,19.2737,22.2603,640.45,641.305,9.08021,11.0289,-0.0361686,-0.136745,9.82004,57.5231,57.5231,1.0,1.0,1
88242,31.05.2024 07:27:55.790000,523.553,585.104,10.4224,10.277,10.582,30.8698,2.20984,2.28078,15.2192,19.9822,638.755,639.685,8.71696,11.3187,-0.0589728,-0.132681,9.82193,55.939,55.939,1.0,1.0,1
88243,31.05.2024 07:27:55.800000,503.201,559.643,10.415,10.255,10.525,30.8644,2.20858,2.28128,13.5213,19.2583,637.11,637.98,8.59953,11.7622,0.058825,-0.183046,9.82193,55.9317,55.9317,1.0,1.0,1
88244,31.05.2024 07:27:55.810000,503.201,559.643,10.415,10.255,10.525,30.8644,2.22964,2.27337,13.5213,19.2583,637.11,637.98,8.59953,11.7622,0.058825,-0.183046,9.82419,55.9317,55.9317,1.0,1.0,1
88245,31.05.2024 07:27:55.820000,477.905,531.958,10.4279,10.225,10.491,31.0982,2.24394,2.2699,14.5456,20.6893,635.47,636.345,8.79319,11.8836,-0.0103507,-0.173319,9.82604,54.0871,54.0871,1.0,1.0,1
88246,31.05.2024 07:27:55.830000,477.905,531.958,10.4279,10.225,10.491,31.0982,2.24394,2.2699,14.5456,20.6893,635.47,636.345,8.79319,11.8836,-0.0103507,-0.173319,9.82604,54.0871,54.0871,1.0,1.0,1
88247,31.05.2024 07:27:55.840000,453.186,524.872,10.4279,10.23,10.458,31.0517,2.25836,2.26633,16.9527,19.9836,633.77,634.71,9.06214,12.149,0.0154366,-0.114456,9.82731,51.237,51.237,1.0,1.0,1
88248,31.05.2024 07:27:55.850000,444.617,500.976,10.4446,10.18,10.382,30.9482,2.26162,2.25807,17.5922,19.8334,632.085,633.04,9.15365,12.3236,-0.031095,-0.126589,9.82914,48.3652,48.3652,1.0,1.0,1
88249,31.05.2024 07:27:55.860000,444.617,500.976,10.4446,10.18,10.382,30.9482,2.24948,2.25571,17.5215,18.9175,630.38,631.32,9.27467,12.592,0.0184007,-0.0491524,9.82914,48.3652,48.3652,1.0,1.0,1
88250,31.05.2024 07:27:55.870000,413.882,477.658,10.4542,10.219,10.373,30.9163,2.23168,2.25322,17.5215,18.9175,630.38,631.32,9.27467,12.592,0.0184007,-0.0491524,9.83075,46.2167,46.2167,1.0,1.0,1
88251,31.05.2024 07:27:55.880000,410.916,450.055,10.4574,10.177,10.356,30.9113,2.21346,2.249,16.2444,18.5698,628.66,629.64,9.20582,12.1827,0.00657129,-0.0791416,9.83075,43.5547,43.5547,1.0,1.0,1
88252,31.05.2024 07:27:55.890000,410.916,450.055,10.4574,10.177,10.356,30.9113,2.17376,2.22683,16.2444,18.5698,628.66,629.64,9.20582,12.1827,0.00657129,-0.0791416,9.83277,43.5547,43.5547,1.0,1.0,1
88253,31.05.2024 07:27:55.900000,369.717,422.616,10.45,10.149,10.311,30.9112,2.1517,2.21775,14.6271,16.8723,626.945,627.915,8.95578,11.9763,0.0324464,-0.0644531,9.83508,43.5547,43.5547,1.0,1.0,1
88254,31.05.2024 07:27:55.910000,350.931,397.732,10.45,10.158,10.295,30.8419,2.14182,2.21109,12.5986,16.2674,625.29,626.235,8.69666,12.0324,0.0595117,-0.0265865,9.83508,43.4824,43.4824,1.0,1.0,1
88255,31.05.2024 07:27:55.920000,350.931,397.732,10.45,10.158,10.295,30.8419,2.14182,2.21109,12.5986,16.2674,625.29,626.235,8.69666,12.0324,0.0595117,-0.0265865,9.83508,43.4824,43.4824,1.0,1.0,1
88256,31.05.2024 07:27:55.930000,350.931,397.732,10.4468,10.158,10.295,30.8419,2.14108,2.19667,12.5039,14.5287,623.63,624.61,8.61178,11.6319,0.0459542,-0.00652504,9.83698,37.0153,37.0153,1.0,1.0,1
88257,31.05.2024 07:27:55.940000,350.931,397.732,10.4468,10.158,10.295,30.8419,2.14108,2.19667,12.5039,14.5287,623.63,624.61,8.61178,11.6319,0.0459542,-0.00652504,9.83698,37.0153,37.0153,1.0,1.0,1
88258,31.05.2024 07:27:55.950000,332.309,378.863,10.4532,10.117,10.223,30.8325,2.1412,2.15929,10.8063,12.7255,621.885,622.97,8.6634,12.0029,0.0459275,-0.0508995,9.8382,37.0153,37.0153,1.0,1.0,1
88259,31.05.2024 07:27:55.960000,286.743,327.612,10.4619,10.127,10.2,30.6935,2.14145,2.13308,12.104,9.14655,620.215,621.31,8.49591,12.2088,0.0955682,-0.0121059,9.84098,33.5938,33.5938,1.0,1.0,1
88260,31.05.2024 07:27:55.970000,286.743,327.612,10.4619,10.127,10.2,30.6935,2.14381,2.13397,12.104,9.14655,620.215,621.31,8.49591,12.2088,0.0955682,-0.0121059,9.84098,33.5938,33.5938,1.0,1.0,1
88261,31.05.2024 07:27:55.980000,286.743,327.612,10.4619,10.127,10.2,30.6935,2.14381,2.13397,12.104,9.14655,620.215,621.31,8.49591,12.2088,0.0955682,-0.0121059,9.84098,33.5938,33.5938,1.0,1.0,1
88262,31.05.2024 07:27:55.990000,290.451,319.043,10.4439,10.123,10.186,30.706,2.15163,2.13267,12.5167,10.4986,618.575,619.74,8.30237,12.2529,0.0270867,-0.0260811,9.84273,27.5825,27.5825,1.0,1.0,1
88263,31.05.2024 07:27:56.000000,290.451,319.043,10.4439,10.123,10.186,30.706,2.15163,2.13267,12.5167,10.4986,618.575,619.74,8.30237,12.2529,0.0270867,-0.0260811,9.84273,27.5825,27.5825,1.0,1.0,1
88264,31.05.2024 07:27:56.010000,295.807,321.02,10.4449,10.164,10.14,30.7689,2.16683,2.15685,14.6446,12.8552,616.92,618.085,8.4692,13.1525,0.150836,0.0167732,9.8458,27.5825,27.5825,1.0,1.0,1
88265,31.05.2024 07:27:56.020000,297.702,321.432,10.4613,10.096,10.141,30.722,2.16451,2.1638,14.6934,12.8589,613.59,614.86,8.32344,13.7097,0.116221,0.0930729,9.84724,27.5463,27.5463,1.0,1.0,1
88266,31.05.2024 07:27:56.030000,297.702,321.432,10.4653,10.096,10.141,30.6986,2.1641,2.16852,14.6934,12.8589,613.59,614.86,8.32344,13.7097,0.116221,0.0930729,9.84724,20.7031,20.7031,1.0,1.0,1
88267,31.05.2024 07:27:56.040000,301.08,318.054,10.4571,10.098,10.09,30.662,2.1569,2.17572,16.222,15.1706,612.135,613.325,8.71381,14.6252,0.512976,0.163195,9.84724,20.7031,20.7031,1.0,1.0,1
88268,31.05.2024 07:27:56.050000,301.08,318.054,10.4571,10.098,10.09,30.662,2.13919,2.17434,16.222,15.1706,612.135,613.325,8.71381,14.6252,0.512976,0.163195,9.84905,20.7031,20.7031,1.0,1.0,1
88269,31.05.2024 07:27:56.060000,299.597,323.492,10.4466,10.13,10.087,30.7261,2.13071,2.16954,13.5549,15.9622,610.715,611.84,10.111,15.5683,2.23484,0.735027,9.85094,20.7031,20.7031,1.0,1.0,1
88270,31.05.2024 07:27:56.070000,288.721,318.466,10.4466,10.105,10.113,30.9374,2.11302,2.16906,12.3895,12.392,609.305,610.4,12.1764,16.7469,4.57309,2.71066,9.85094,13.1004,13.1004,1.0,1.0,1
88271,31.05.2024 07:27:56.080000,288.721,318.466,10.4466,10.105,10.113,30.9374,2.11302,2.16906,12.3895,12.392,609.305,610.4,12.1764,16.7469,4.57309,2.71066,9.85094,13.1004,13.1004,1.0,1.0,1
88272,31.05.2024 07:27:56.090000,288.721,318.466,10.442,10.105,10.113,30.9374,2.09817,2.16357,10.9618,12.4382,608.52,609.175,8.99735,9.49972,6.68174,5.74996,9.85264,10.2575,10.2575,1.0,1.0,1
88273,31.05.2024 07:27:56.100000,303.964,324.975,10.4279,10.099,10.098,31.3825,2.05607,2.12323,10.5177,12.6984,608.785,609.86,7.90384,2.9201,8.66298,7.97465,9.85422,10.2575,10.2575,1.0,1.0,1
88274,31.05.2024 07:27:56.110000,292.428,316.406,10.4083,10.131,10.126,32.1755,2.04944,2.11667,10.5177,12.6984,608.785,609.86,7.90384,2.9201,8.66298,7.97465,9.85653,10.2575,10.2575,1.0,1.0,1
88275,31.05.2024 07:27:56.120000,290.698,328.519,10.423,10.14,10.263,32.9974,2.04448,2.10802,9.39136,9.92166,608.565,610.465,8.40041,6.68672,10.9691,9.08787,9.85653,7.84143,7.84143,1.0,1.0,1
88276,31.05.2024 07:27:56.130000,290.698,328.519,10.423,10.14,10.263,32.9974,2.05761,2.08677,9.39136,9.92166,608.565,610.465,8.40041,6.68672,10.9691,9.08787,9.85834,7.84143,7.84143,1.0,1.0,1
88277,31.05.2024 07:27:56.140000,290.698,328.519,10.423,10.14,10.263,32.9974,2.05761,2.08677,9.39136,9.92166,608.565,610.465,8.40041,6.68672,10.9691,9.08787,9.85834,7.84143,7.84143,1.0,1.0,1
88278,31.05.2024 07:27:56.150000,309.732,324.316,10.4115,10.19,10.273,33.7653,2.06286,2.0874,9.87092,9.41036,608.92,610.455,7.22465,9.63366,12.3877,10.0705,9.86047,6.13426,6.13426,1.0,1.0,1
88279,31.05.2024 07:27:56.160000,309.732,324.316,10.4115,10.19,10.273,33.7653,2.06286,2.0874,9.87092,9.41036,608.92,610.455,7.22465,9.63366,12.3877,10.0705,9.86047,6.13426,6.13426,1.0,1.0,1
88280,31.05.2024 07:27:56.170000,303.14,318.219,10.3529,10.246,10.313,34.674,2.09599,2.08214,10.4402,6.24448,608.945,610.61,9.17043,8.93715,12.5211,10.6168,9.86442,4.45602,4.45602,1.0,1.0,1
88281,31.05.2024 07:27:56.180000,299.679,322.833,10.3402,10.321,10.277,35.7438,2.09945,2.08815,12.3937,8.198,609.155,610.935,11.3598,11.326,12.526,11.0602,9.865,2.46672,2.46672,1.0,1.0,1
88282,31.05.2024 07:27:56.190000,299.679,322.833,10.2983,10.321,10.277,36.7506,2.09483,2.09062,12.3937,8.198,609.155,610.935,11.3598,11.326,12.526,11.0602,9.865,0.918686,0.918686,1.0,1.0,1
88283,31.05.2024 07:27:56.200000,299.02,328.848,10.2533,10.373,10.253,38.0139,2.08133,2.10418,13.7606,10.5642,609.145,610.98,12.1083,10.8847,11.4373,11.1963,9.865,-0.325516,-0.325516,1.0,1.0,1
88284,31.05.2024 07:27:56.210000,299.02,328.848,10.2533,10.373,10.253,38.0139,2.07544,2.12223,13.7606,10.5642,609.145,610.98,12.1083,10.8847,11.4373,11.1963,9.86715,-0.325516,-0.325516,1.0,1.0,1
88285,31.05.2024 07:27:56.220000,301.163,325.223,10.1961,10.313,10.244,39.0893,2.07045,2.1227,11.6351,13.4708,609.09,611.08,12.6872,10.5893,10.8072,11.1295,9.86913,-0.325516,-0.325516,1.0,1.0,1
88286,31.05.2024 07:27:56.230000,302.811,330.414,10.1961,10.311,10.234,40.0849,2.07071,2.12371,12.6662,11.898,609.075,611.21,12.2282,9.85912,10.5332,11.0905,9.86913,-0.347219,-0.347219,1.0,1.0,1
88287,31.05.2024 07:27:56.240000,302.811,330.414,10.1961,10.311,10.234,40.0849,2.07071,2.12371,12.6662,11.898,609.075,611.21,12.2282,9.85912,10.5332,11.0905,9.86913,-0.347219,-0.347219,1.0,1.0,1
88288,31.05.2024 07:27:56.250000,302.811,330.414,10.1897,10.311,10.234,40.0849,2.07977,2.13215,12.6187,13.2764,609.21,611.44,11.6583,9.09527,10.3851,11.0474,9.87023,-1.03443,-1.03443,1.0,1.0,1
88289,31.05.2024 07:27:56.260000,310.062,319.125,10.1292,10.324,10.205,41.298,2.11397,2.13285,15.2205,14.2785,609.325,611.65,11.7335,9.16897,10.6209,11.1242,9.87267,-1.03443,-1.03443,1.0,1.0,1
88290,31.05.2024 07:27:56.270000,310.062,319.125,10.1292,10.324,10.205,41.298,2.11397,2.13285,15.2205,14.2785,609.325,611.65,11.7335,9.16897,10.6209,11.1242,9.87267,-1.03443,-1.03443,1.0,1.0,1
88291,31.05.2024 07:27:56.280000,304.376,324.399,10.1162,10.291,10.176,42.6254,2.12608,2.13455,15.2205,14.2785,609.325,611.65,11.7335,9.16897,10.6209,11.1242,9.87427,-1.17911,-1.17911,1.0,1.0,1
88292,31.05.2024 07:27:56.290000,304.376,324.399,10.1162,10.291,10.176,42.6254,2.12608,2.13455,15.2205,14.2785,609.325,611.65,11.7335,9.16897,10.6209,11.1242,9.87427,-1.17911,-1.17911,1.0,1.0,1
88293,31.05.2024 07:27:56.300000,295.724,334.863,10.1043,10.183,10.092,43.6825,2.13748,2.14323,14.7061,15.8898,609.385,611.745,12.0928,9.31825,10.5566,11.0067,9.87805,-1.49016,-1.49016,1.0,1.0,1
88294,31.05.2024 07:27:56.310000,295.724,334.863,10.1043,10.183,10.092,43.6825,2.13748,2.14323,14.7061,15.8898,609.385,611.745,12.0928,9.31825,10.5566,11.0067,9.87805,-1.49016,-1.49016,1.0,1.0,1
88295,31.05.2024 07:27:56.320000,297.29,328.024,10.0552,10.202,10.036,45.9637,2.11936,2.15295,15.215,15.9285,609.565,612.04,11.7162,8.08202,10.2936,10.6346,9.88052,-2.87905,-2.87905,1.0,1.0,1
88296,31.05.2024 07:27:56.330000,297.29,328.024,10.0552,10.202,10.036,45.9637,2.11936,2.15295,15.215,15.9285,609.565,612.04,11.7162,8.08202,10.2936,10.6346,9.88052,-2.87905,-2.87905,1.0,1.0,1
88297,31.05.2024 07:27:56.340000,311.462,331.567,9.99114,10.184,10.02,47.0401,2.10914,2.15095,13.3785,16.5283,609.695,612.225,11.5124,7.8624,9.91,10.548,9.88312,-2.87905,-2.87905,1.0,1.0,1
88298,31.05.2024 07:27:56.350000,305.694,327.612,10.0044,10.093,9.958,47.8195,2.112,2.14703,14.1367,11.7534,609.775,612.395,11.3783,7.5988,9.35656,10.3603,9.88521,-3.83391,-3.83391,1.0,1.0,1
88299,31.05.2024 07:27:56.360000,305.2,332.391,9.95213,10.079,9.984,49.2749,2.11491,2.1453,13.8507,12.2036,609.88,612.575,10.7549,7.43378,9.03826,10.3241,9.88521,-4.55005,-4.55005,1.0,1.0,1
88300,31.05.2024 07:27:56.370000,305.2,332.391,9.95213,10.079,9.984,49.2749,2.12113,2.15165,13.8507,12.2036,609.88,612.575,10.7549,7.43378,9.03826,10.3241,9.88719,-4.55005,-4.55005,1.0,1.0,1
88301,31.05.2024 07:27:56.380000,304.871,322.504,9.89201,10.071,9.982,50.4414,2.12779,2.13944,14.9177,14.6028,610.035,612.705,10.1371,7.27247,8.86722,10.277,9.88971,-4.76708,-4.76708,1.0,1.0,1
88302,31.05.2024 07:27:56.390000,304.541,330.908,9.89201,10.097,9.969,51.6836,2.12369,2.13099,16.5216,14.4726,610.145,612.805,9.70462,7.32934,8.42785,9.92391,9.88971,-4.76708,-4.76708,1.0,1.0,1
88303,31.05.2024 07:27:56.400000,304.541,330.908,9.86309,10.097,9.969,51.6836,2.11733,2.13792,16.5216,14.4726,610.145,612.805,9.70462,7.32934,8.42785,9.92391,9.89112,-4.76708,-4.76708,1.0,1.0,1
88304,31.05.2024 07:27:56.410000,301.245,326.623,9.90809,10.069,9.964,52.9171,2.1023,2.13617,16.2845,15.4311,610.33,612.95,8.89507,6.62828,8.36678,9.66328,9.89353,-5.14323,-5.14323,1.0,1.0,1
88305,31.05.2024 07:27:56.420000,301.245,326.623,9.90809,10.069,9.964,52.9171,2.09763,2.13972,14.26,14.9975,610.525,613.165,8.44639,6.11413,8.22189,9.21943,9.89353,-5.14323,-5.14323,1.0,1.0,1
88306,31.05.2024 07:27:56.430000,307.342,330.991,9.88932,9.983,9.906,54.3023,2.08499,2.15585,14.26,14.9975,610.525,613.165,8.44639,6.11413,8.22189,9.21943,9.89594,-5.02749,-5.02749,1.0,1.0,1
88307,31.05.2024 07:27:56.440000,296.136,322.009,9.86179,9.978,9.902,55.5487,2.07841,2.16065,15.6592,17.7663,610.705,613.3,8.21011,6.29379,8.10085,8.96384,9.89594,-5.2445,-5.2445,1.0,1.0,1
88308,31.05.2024 07:27:56.450000,296.136,322.009,9.86179,9.978,9.902,55.5487,2.07266,2.13767,15.6592,17.7663,610.705,613.3,8.21011,6.29379,8.10085,8.96384,9.89671,-5.2445,-5.2445,1.0,1.0,1
88309,31.05.2024 07:27:56.460000,304.459,331.238,9.87242,9.984,9.89,56.9119,2.06229,2.13845,12.4347,13.5394,610.86,613.415,8.09643,6.23339,7.98618,8.7495,9.89973,-5.34578,-5.34578,1.0,1.0,1
88310,31.05.2024 07:27:56.470000,304.459,331.238,9.87242,9.984,9.89,56.9119,2.06229,2.13845,12.4347,13.5394,610.86,613.415,8.09643,6.23339,7.98618,8.7495,9.89973,-5.34578,-5.34578,1.0,1.0,1
88311,31.05.2024 07:27:56.480000,302.646,327.777,9.87242,9.971,9.906,58.1299,2.0625,2.13493,12.0692,12.9712,610.97,613.56,7.77954,5.95229,7.90806,8.65788,9.90118,-5.29514,-5.29514,1.0,1.0,1
88312,31.05.2024 07:27:56.490000,304.541,332.309,9.83334,9.947,9.888,59.2093,2.06977,2.13422,12.7045,12.2479,611.105,613.795,7.38955,5.86627,7.82241,8.36516,9.90272,-5.30238,-5.30238,1.0,1.0,1
88313,31.05.2024 07:27:56.500000,304.541,332.309,9.83334,9.947,9.888,59.2093,2.08097,2.12114,12.472,16.4638,611.2,613.89,6.87736,6.4678,7.40446,8.20061,9.90272,-5.30238,-5.30238,1.0,1.0,1
88314,31.05.2024 07:27:56.510000,303.058,324.811,9.83828,9.939,9.9,60.4248,2.08562,2.10293,12.472,16.4638,611.2,613.89,6.87736,6.4678,7.40446,8.20061,9.90424,-5.19387,-5.19387,1.0,1.0,1
88315,31.05.2024 07:27:56.520000,305.53,333.874,9.90993,9.934,9.893,61.5402,2.07786,2.10483,13.3817,10.5638,611.305,613.94,6.2709,6.47834,7.19968,7.92175,9.90424,-5.19387,-5.19387,1.0,1.0,1
88316,31.05.2024 07:27:56.530000,305.53,333.874,9.90993,9.934,9.893,61.5402,2.06147,2.11794,13.3817,10.5638,611.305,613.94,6.2709,6.47834,7.19968,7.92175,9.90592,-5.19387,-5.19387,1.0,1.0,1
88317,31.05.2024 07:27:56.540000,305.53,333.874,9.90993,9.934,9.893,61.5402,2.06147,2.11794,13.3817,10.5638,611.305,613.94,6.2709,6.47834,7.19968,7.92175,9.90592,-5.19387,-5.19387,1.0,1.0,1
88318,31.05.2024 07:27:56.550000,303.305,321.185,9.86566,9.91,9.897,63.1683,2.05399,2.11864,12.0952,10.2519,611.475,614.06,5.63344,5.89086,7.17766,7.64973,9.90779,-4.69474,-4.69474,1.0,1.0,1
88319,31.05.2024 07:27:56.560000,305.53,331.732,9.84188,9.866,9.877,64.3638,2.0529,2.12218,13.4874,16.0895,611.59,614.235,5.6691,5.71028,6.85425,7.42638,9.91175,-4.86111,-4.86111,1.0,1.0,1
88320,31.05.2024 07:27:56.570000,295.807,326.294,9.90819,9.894,9.912,65.2869,2.06048,2.11419,14.9878,13.1835,611.66,614.305,5.52888,6.23363,6.67718,7.1477,9.91175,-4.44879,-4.44879,1.0,1.0,1
88321,31.05.2024 07:27:56.580000,295.807,326.294,9.90819,9.894,9.912,65.2869,2.0571,2.11335,12.7517,10.5085,611.675,614.3,5.56427,6.16391,6.73718,6.86984,9.91175,-4.44879,-4.44879,1.0,1.0,1
88322,31.05.2024 07:27:56.590000,306.683,326.376,9.94213,9.917,9.875,66.1765,2.05912,2.11237,12.7517,10.5085,611.675,614.3,5.56427,6.16391,6.73718,6.86984,9.9139,-3.79051,-3.79051,1.0,1.0,1
88323,31.05.2024 07:27:56.600000,306.683,326.376,9.94213,9.917,9.875,66.1765,2.05912,2.11237,12.7517,10.5085,611.675,614.3,5.56427,6.16391,6.73718,6.86984,9.9139,-3.79051,-3.79051,1.0,1.0,1
88324,31.05.2024 07:27:56.610000,303.058,321.02,9.92053,9.91,9.918,67.4017,2.05656,2.11841,15.1181,13.1333,611.74,614.39,5.19439,5.46577,6.46065,6.77864,9.91527,-2.89352,-2.89352,1.0,1.0,1
88325,31.05.2024 07:27:56.620000,304.459,328.683,9.85961,9.92,9.908,68.5179,2.05639,2.13958,12.4171,17.8515,611.83,614.545,5.03551,5.1402,6.5703,6.69473,9.91765,-2.89352,-2.89352,1.0,1.0,1
88326,31.05.2024 07:27:56.630000,294.159,324.234,9.85961,9.957,9.928,69.4511,2.0646,2.12873,14.4426,18.2716,611.835,614.66,5.22979,5.36327,6.58306,6.44005,9.91765,-2.74161,-2.74161,1.0,1.0,1
88327,31.05.2024 07:27:56.640000,294.159,324.234,9.93075,9.957,9.928,69.4511,2.05222,2.12755,14.4426,18.2716,611.835,614.66,5.22979,5.36327,6.58306,6.44005,9.91949,-2.74161,-2.74161,1.0,1.0,1
88328,31.05.2024 07:27:56.650000,303.305,329.507,9.96275,9.963,9.932,70.5436,2.02985,2.12556,11.9841,10.5497,611.835,614.68,4.91713,5.70639,6.68751,6.29417,9.92212,-1.69994,-1.69994,1.0,1.0,1
88329,31.05.2024 07:27:56.660000,303.305,329.507,9.96275,9.963,9.932,70.5436,2.02737,2.1317,9.52616,15.72,611.88,614.7,4.56452,5.29644,6.52035,6.17365,9.92212,-1.69994,-1.69994,1.0,1.0,1
88330,31.05.2024 07:27:56.670000,303.305,329.507,9.96275,9.963,9.932,70.5436,2.02737,2.1317,9.52616,15.72,611.88,614.7,4.56452,5.29644,6.52035,6.17365,9.92212,-1.69994,-1.69994,1.0,1.0,1
88331,31.05.2024 07:27:56.680000,297.372,324.152,9.96741,9.94,9.956,71.7269,2.02265,2.14727,9.52616,15.72,611.88,614.7,4.56452,5.29644,6.52035,6.17365,9.92354,-1.69994,-1.69994,1.0,1.0,1
88332,31.05.2024 07:27:56.690000,297.372,324.152,9.96741,9.94,9.956,71.7269,2.02265,2.14727,9.52616,15.72,611.88,614.7,4.56452,5.29644,6.52035,6.17365,9.92354,-1.69994,-1.69994,1.0,1.0,1
88333,31.05.2024 07:27:56.700000,305.53,329.178,9.96941,9.987,9.963,72.9025,2.0704,2.12819,14.0096,17.7333,611.885,614.805,4.29024,4.79988,6.50744,6.06788,9.92818,-1.69994,-1.69994,1.0,1.0,1
88334,31.05.2024 07:27:56.710000,305.53,329.178,9.96941,9.987,9.963,72.9025,2.0704,2.12819,14.0096,17.7333,611.885,614.805,4.29024,4.79988,6.50744,6.06788,9.92818,-1.69994,-1.69994,1.0,1.0,1
88335,31.05.2024 07:27:56.720000,299.679,326.953,10.0322,9.995,9.99,74.9439,2.08764,2.12887,14.9864,9.96619,611.945,614.955,3.53297,4.61759,5.87244,5.79818,9.92948,-0.188075,-0.188075,1.0,1.0,1
88336,31.05.2024 07:27:56.730000,299.679,326.953,10.0322,9.995,9.99,74.9439,2.08764,2.12887,14.9864,9.96619,611.945,614.955,3.53297,4.61759,5.87244,5.79818,9.92948,-0.188075,-0.188075,1.0,1.0,1
88337,31.05.2024 07:27:56.740000,303.717,332.391,9.99965,10.007,9.994,75.7511,2.08712,2.14178,14.4936,15.6142,612.0,615.015,3.35094,4.46007,5.58437,5.33353,9.93268,-0.188075,-0.188075,1.0,1.0,1
88338,31.05.2024 07:27:56.750000,306.106,322.998,10.0619,10.012,10.005,76.5076,2.08273,2.12937,16.9468,20.3256,611.99,615.115,3.29694,4.3716,5.57187,5.14655,9.9344,0.253186,0.253186,1.0,1.0,1
88339,31.05.2024 07:27:56.760000,304.376,323.328,10.09,10.023,10.03,77.3704,2.06923,2.13149,14.8759,11.7534,612.015,615.165,3.12026,4.3572,5.29109,5.00464,9.9344,0.361696,0.361696,1.0,1.0,1
88340,31.05.2024 07:27:56.770000,304.376,323.328,10.09,10.023,10.03,77.3704,2.06923,2.13149,14.8759,11.7534,612.015,615.165,3.12026,4.3572,5.29109,5.00464,9.9344,0.361696,0.361696,1.0,1.0,1
88341,31.05.2024 07:27:56.780000,304.376,327.283,10.09,10.025,10.03,77.3704,2.02881,2.13374,12.2418,13.4028,612.02,615.19,2.95334,4.33542,5.08296,4.95514,9.93669,0.607632,0.607632,1.0,1.0,1
88342,31.05.2024 07:27:56.790000,304.376,327.283,10.09,10.025,10.03,77.3704,2.02881,2.13374,12.2418,13.4028,612.02,615.19,2.95334,4.33542,5.08296,4.95514,9.93669,0.607632,0.607632,1.0,1.0,1
88343,31.05.2024 07:27:56.800000,305.365,319.043,10.0572,10.025,10.08,78.8556,2.00352,2.13125,12.4977,17.1344,612.025,615.235,2.70388,4.06478,5.25222,4.80726,9.94071,0.998259,0.998259,1.0,1.0,1
88344,31.05.2024 07:27:56.810000,307.26,305.942,10.1151,10.034,10.083,79.362,2.01451,2.12838,10.503,15.1094,612.04,615.285,2.5596,3.79855,5.11264,4.68653,9.94307,1.5408,1.5408,1.0,1.0,1
88345,31.05.2024 07:27:56.820000,307.26,305.942,10.1151,10.034,10.083,79.362,2.02511,2.13091,10.503,15.1094,612.04,615.285,2.3189,3.63158,4.83739,4.55903,9.94307,1.5408,1.5408,1.0,1.0,1
88346,31.05.2024 07:27:56.830000,290.616,270.511,10.1323,10.062,10.095,79.8219,2.03633,2.13503,10.5131,12.2077,612.05,615.345,2.3189,3.63158,4.83739,4.55903,9.94569,1.55526,1.55526,1.0,1.0,1
88347,31.05.2024 07:27:56.840000,274.136,244.638,10.1588,10.072,10.11,80.1181,2.04762,2.13801,11.6256,14.8277,612.06,615.405,2.1902,3.44172,4.69145,4.42868,9.94569,1.55526,1.55526,1.0,1.0,1
88348,31.05.2024 07:27:56.850000,274.136,244.638,10.1588,10.072,10.11,80.1181,2.04762,2.13801,11.6256,14.8277,612.06,615.405,2.1902,3.44172,4.69145,4.42868,9.94569,1.55526,1.55526,1.0,1.0,1
88349,31.05.2024 07:27:56.860000,274.136,230.301,10.1588,10.07,10.11,80.1181,2.05186,2.14086,12.5689,15.7811,612.08,615.45,2.01733,3.31378,4.74376,4.48539,9.95137,1.69994,1.69994,1.0,1.0,1
88350,31.05.2024 07:27:56.870000,274.136,230.301,10.1588,10.07,10.11,80.1181,2.05186,2.14086,12.5689,15.7811,612.08,615.45,2.01733,3.31378,4.74376,4.48539,9.95137,1.69994,1.69994,1.0,1.0,1
88351,31.05.2024 07:27:56.880000,250.241,208.301,10.1628,10.08,10.1,80.7068,2.04613,2.13302,13.7094,13.01,612.09,615.52,2.05545,3.14875,4.53663,4.35809,9.95475,1.89525,1.89525,1.0,1.0,1
88352,31.05.2024 07:27:56.890000,250.241,208.301,10.1628,10.08,10.1,80.7068,2.04613,2.13302,13.7094,13.01,612.09,615.52,2.05545,3.14875,4.53663,4.35809,9.95475,1.89525,1.89525,1.0,1.0,1
88353,31.05.2024 07:27:56.900000,238.788,186.301,10.2445,10.103,10.116,80.8048,2.01603,2.12092,11.9928,12.117,612.105,615.575,1.97607,3.1178,4.55885,4.31645,9.95707,3.5301,3.5301,1.0,1.0,1
88354,31.05.2024 07:27:56.910000,215.552,154.907,10.2653,10.114,10.12,80.8569,2.00679,2.11701,13.5361,13.9655,612.105,615.625,1.9,3.33399,4.43046,4.23673,9.95928,3.5301,3.5301,1.0,1.0,1
88355,31.05.2024 07:27:56.920000,197.095,152.435,10.2593,10.09,10.13,80.9377,2.0146,2.1074,11.1907,12.038,612.105,615.615,1.93015,3.11655,4.30853,4.23789,9.95928,3.71094,3.71094,1.0,1.0,1
88356,31.05.2024 07:27:56.930000,197.095,152.435,10.2593,10.09,10.13,80.9377,2.03219,2.09496,11.1907,12.038,612.105,615.615,1.93015,3.11655,4.30853,4.23789,9.96214,3.71094,3.71094,1.0,1.0,1
88357,31.05.2024 07:27:56.940000,165.866,124.832,10.2825,10.108,10.18,81.0463,2.04523,2.09505,13.5342,11.1999,612.11,615.67,1.8988,2.76762,4.29973,4.2406,9.96482,3.66753,3.66753,1.0,1.0,1
88358,31.05.2024 07:27:56.950000,165.866,124.832,10.2825,10.108,10.18,81.0463,2.04523,2.09505,13.5342,11.1999,612.11,615.67,1.8988,2.76762,4.29973,4.2406,9.96482,3.66753,3.66753,1.0,1.0,1
88359,31.05.2024 07:27:56.960000,146.42,106.375,10.2825,10.138,10.185,81.1097,2.05409,2.09356,13.2373,11.9892,612.12,615.72,1.85922,2.71839,4.34196,4.17799,9.96726,3.66753,3.66753,1.0,1.0,1
88360,31.05.2024 07:27:56.970000,114.203,57.843,10.3075,10.177,10.234,81.2214,2.04479,2.09055,14.4266,13.6762,612.125,615.725,1.76513,2.80878,4.40617,4.29437,9.97017,3.92072,3.92072,1.0,1.0,1
88361,31.05.2024 07:27:56.980000,114.203,57.843,10.3075,10.177,10.234,81.2214,2.04479,2.09055,14.4266,13.6762,612.125,615.725,1.76513,2.80878,4.40617,4.29437,9.97017,3.92072,3.92072,1.0,1.0,1
88362,31.05.2024 07:27:56.990000,103.244,0.0,10.3075,10.234,10.24,81.2214,2.03611,2.09009,12.7785,12.2352,612.125,615.77,1.77377,2.62459,4.302,4.33351,9.97017,3.93518,3.93518,1.0,1.0,1
88363,31.05.2024 07:27:57.000000,83.4686,-58.9142,10.3202,10.221,10.253,81.2809,2.02447,2.10072,11.021,13.242,612.125,615.81,1.6003,2.48497,4.28049,4.4951,9.97542,3.88455,3.88455,1.0,1.0,1
88364,31.05.2024 07:27:57.010000,83.4686,-58.9142,10.3202,10.221,10.253,81.2809,2.03001,2.09987,11.021,13.242,612.125,615.81,1.6003,2.48497,4.28049,4.4951,9.97542,3.88455,3.88455,1.0,1.0,1
88365,31.05.2024 07:27:57.020000,59.7381,-67.2363,10.3305,10.191,10.24,81.279,2.03636,2.09851,12.214,12.8671,612.125,615.82,1.69322,2.5128,4.37195,4.40111,9.97814,3.88455,3.88455,1.0,1.0,1
88366,31.05.2024 07:27:57.030000,29.4159,-73.5809,10.3305,10.145,10.218,81.3187,2.04034,2.09586,12.5949,12.3716,612.125,615.84,1.61787,2.43929,4.3629,4.53808,9.97814,4.70197,4.70197,1.0,1.0,1
88367,31.05.2024 07:27:57.040000,29.4159,-73.5809,10.3385,10.145,10.218,81.3187,2.04516,2.09423,12.5949,12.3716,612.125,615.84,1.61787,2.43929,4.3629,4.53808,9.98082,4.70197,4.70197,1.0,1.0,1
88368,31.05.2024 07:27:57.050000,29.4159,-73.5809,10.3385,10.145,10.218,81.3187,2.04516,2.09423,12.5949,12.3716,612.125,615.84,1.61787,2.43929,4.3629,4.53808,9.98082,4.70197,4.70197,1.0,1.0,1
88369,31.05.2024 07:27:57.060000,-0.247192,-75.4761,10.3487,10.097,10.227,81.3192,2.04888,2.09398,12.8729,10.9339,612.13,615.855,1.54726,2.41109,4.31311,4.67986,9.9838,4.89728,4.89728,1.0,1.0,1
88370,31.05.2024 07:27:57.070000,-38.3148,-88.4124,10.3508,10.142,10.23,81.2987,2.04344,2.09418,12.9337,11.9068,612.125,615.86,1.5292,2.10985,4.21746,4.72221,9.98654,5.0926,5.0926,1.0,1.0,1
88371,31.05.2024 07:27:57.080000,-63.3636,-152.023,10.3386,10.262,10.214,81.4994,2.03636,2.08773,13.5158,13.9972,612.125,615.905,1.47682,1.8855,4.29122,4.80115,9.98654,4.78877,4.78877,1.0,1.0,1
88372,31.05.2024 07:27:57.090000,-63.3636,-152.023,10.3386,10.262,10.214,81.4994,2.01047,2.07897,13.5158,13.9972,612.125,615.905,1.47682,1.8855,4.29122,4.80115,9.98977,4.78877,4.78877,1.0,1.0,1
88373,31.05.2024 07:27:57.100000,-63.3636,-152.023,10.3386,10.262,10.214,81.4994,2.01047,2.07897,13.5158,13.9972,612.125,615.905,1.47682,1.8855,4.29122,4.80115,9.98977,4.78877,4.78877,1.0,1.0,1
88374,31.05.2024 07:27:57.110000,-102.667,-170.727,10.309,10.195,10.23,81.449,1.99773,2.07739,11.4837,9.03378,612.13,615.91,1.4784,1.95205,4.13176,4.90452,9.99268,5.09982,5.09982,1.0,1.0,1
88375,31.05.2024 07:27:57.120000,-108.105,-176.331,10.3155,10.161,10.263,81.4055,1.99089,2.07403,9.27686,9.54169,612.12,615.91,1.37789,1.89133,4.06314,5.05388,9.99904,5.2011,5.2011,1.0,1.0,1
88376,31.05.2024 07:27:57.130000,-121.454,-195.035,10.3043,10.193,10.246,81.3443,2.00164,2.07282,9.19192,10.9609,612.125,615.935,1.33706,1.66449,4.02878,5.08743,9.99904,5.59896,5.59896,1.0,1.0,1
88377,31.05.2024 07:27:57.140000,-121.454,-195.035,10.3043,10.193,10.246,81.3443,2.01964,2.07299,11.302,9.29478,612.13,615.965,1.23605,1.61937,4.05367,5.1913,9.99904,5.59896,5.59896,1.0,1.0,1
88378,31.05.2024 07:27:57.150000,-119.641,-190.091,10.2856,10.191,10.215,81.2745,2.03929,2.07496,11.302,9.29478,612.13,615.965,1.23605,1.61937,4.05367,5.1913,10.0017,5.59896,5.59896,1.0,1.0,1
88379,31.05.2024 07:27:57.160000,-149.387,-200.226,10.2797,10.196,10.195,81.2649,2.05381,2.0774,11.0788,7.42295,612.125,615.96,1.23263,1.88306,3.9224,5.14842,10.0017,5.85938,5.85938,1.0,1.0,1
88380,31.05.2024 07:27:57.170000,-149.387,-200.226,10.2797,10.196,10.195,81.2649,2.06773,2.08984,11.0788,7.42295,612.125,615.96,1.23263,1.88306,3.9224,5.14842,10.0049,5.85938,5.85938,1.0,1.0,1
88381,31.05.2024 07:27:57.180000,-165.701,-190.997,10.2761,10.208,10.188,81.3891,2.06658,2.09288,13.0105,10.8048,612.125,615.965,1.14774,1.66776,3.84888,5.20862,10.0061,6.3585,6.3585,1.0,1.0,1
88382,31.05.2024 07:27:57.190000,-165.701,-190.997,10.2761,10.208,10.188,81.3891,2.06658,2.09288,13.0105,10.8048,612.125,615.965,1.14774,1.66776,3.84888,5.20862,10.0061,6.3585,6.3585,1.0,1.0,1
88383,31.05.2024 07:27:57.200000,-174.6,-200.803,10.2761,10.208,10.173,81.4449,2.05873,2.09192,12.7902,11.0915,612.12,615.95,1.20168,1.61243,3.88892,5.14826,10.0095,6.3151,6.3151,1.0,1.0,1
88384,31.05.2024 07:27:57.210000,-174.6,-200.803,10.2761,10.208,10.173,81.4449,2.05873,2.09192,12.7902,11.0915,612.12,615.95,1.20168,1.61243,3.88892,5.14826,10.0095,6.3151,6.3151,1.0,1.0,1
88385,31.05.2024 07:27:57.220000,-174.023,-196.353,10.2425,10.13,10.147,81.4437,2.01413,2.09322,11.6398,11.2716,612.125,615.955,1.22581,1.47256,3.74757,5.06563,10.0125,6.74913,6.74913,1.0,1.0,1
88386,31.05.2024 07:27:57.230000,-168.091,-194.54,10.2296,10.162,10.147,81.4378,2.00816,2.09418,11.7067,10.1328,612.12,615.96,1.21351,1.34825,3.73616,5.08698,10.0145,7.25549,7.25549,1.0,1.0,1
88387,31.05.2024 07:27:57.240000,-173.364,-195.776,10.2275,10.14,10.132,81.3293,2.01861,2.09274,9.94371,11.8805,612.12,615.97,1.27955,1.37916,3.76496,5.0774,10.0145,7.25549,7.25549,1.0,1.0,1
88388,31.05.2024 07:27:57.250000,-173.364,-195.776,10.2275,10.14,10.132,81.3293,2.01861,2.09274,9.94371,11.8805,612.12,615.97,1.27955,1.37916,3.76496,5.0774,10.0145,7.25549,7.25549,1.0,1.0,1
88389,31.05.2024 07:27:57.260000,-173.364,-195.776,10.2275,10.104,10.132,81.3293,2.0689,2.08487,12.1173,11.8239,612.125,615.97,1.23286,1.41543,3.71145,5.10088,10.0174,7.66059,7.66059,1.0,1.0,1
88390,31.05.2024 07:27:57.270000,-173.364,-195.776,10.2275,10.104,10.132,81.3293,2.0689,2.08487,12.1173,11.8239,612.125,615.97,1.23286,1.41543,3.71145,5.10088,10.0174,7.66059,7.66059,1.0,1.0,1
88391,31.05.2024 07:27:57.280000,-177.731,-195.941,10.2225,10.087,10.101,81.435,2.12099,2.08638,13.4297,10.9537,612.12,615.97,1.23735,1.42379,3.67171,5.06726,10.0216,8.68056,8.68056,1.0,1.0,1
88392,31.05.2024 07:27:57.290000,-177.731,-195.941,10.2225,10.087,10.101,81.435,2.12099,2.08638,13.4297,10.9537,612.12,615.97,1.23735,1.42379,3.67171,5.06726,10.0216,8.68056,8.68056,1.0,1.0,1
88393,31.05.2024 07:27:57.300000,-174.683,-197.259,10.1783,10.08,10.097,81.4311,2.13592,2.09582,15.9275,11.7823,612.12,615.97,1.28179,1.3541,3.68991,5.14087,10.0235,8.68056,8.68056,1.0,1.0,1
88394,31.05.2024 07:27:57.310000,-172.458,-195.282,10.1835,10.071,10.086,81.4318,2.08576,2.09308,14.4323,12.3506,612.11,615.965,1.30623,1.34547,3.64495,5.17704,10.0256,8.68056,8.68056,1.0,1.0,1
88395,31.05.2024 07:27:57.320000,-167.184,-197.754,10.1887,10.073,10.097,81.3856,2.0486,2.09208,10.6768,11.5792,612.11,615.965,1.36421,1.29851,3.497,5.14213,10.0256,8.73119,8.73119,1.0,1.0,1
88396,31.05.2024 07:27:57.330000,-167.184,-197.754,10.1887,10.073,10.097,81.3856,1.98004,2.08684,10.6768,11.5792,612.11,615.965,1.36421,1.29851,3.497,5.14213,10.0279,8.73119,8.73119,1.0,1.0,1
88397,31.05.2024 07:27:57.340000,-167.514,-195.282,10.1657,10.073,10.11,81.3491,1.96125,2.08591,9.6809,12.2128,612.105,615.945,1.27458,1.37757,3.53177,5.10868,10.0305,8.53588,8.53588,1.0,1.0,1
88398,31.05.2024 07:27:57.350000,-167.184,-197.754,10.1887,10.073,10.097,81.3856,1.98004,2.08684,10.6768,11.5792,612.11,615.965,1.36421,1.29851,3.497,5.14213,10.0305,8.73119,8.73119,1.0,1.0,1
88399,31.05.2024 07:27:57.360000,-167.184,-197.754,10.1559,10.073,10.097,81.3637,1.97061,2.08274,10.6768,11.5792,612.11,615.965,1.36421,1.29851,3.497,5.14213,10.033,8.73119,8.73119,1.0,1.0,1
88400,31.05.2024 07:27:57.370000,-167.184,-197.754,10.1559,10.073,10.097,81.3637,1.97061,2.08274,10.6768,11.5792,612.11,615.965,1.36421,1.29851,3.497,5.14213,10.033,8.73119,8.73119,1.0,1.0,1
88401,31.05.2024 07:27:57.380000,-175.177,-196.683,10.1486,10.114,10.095,81.3631,2.03254,2.07662,8.92629,11.0374,612.11,615.94,1.336,1.20671,3.4479,5.08553,10.0347,8.89033,8.89033,0.0,1.0,1
88402,31.05.2024 07:27:57.390000,-170.975,-193.469,10.1481,10.098,10.09,81.3612,2.10383,2.07858,10.0281,8.09622,612.095,615.93,1.36035,1.35923,3.38462,4.96663,10.037,9.03501,9.03501,0.0,1.0,1
88403,31.05.2024 07:27:57.400000,-170.975,-193.469,10.1481,10.098,10.09,81.3612,2.10383,2.07858,10.0281,8.09622,612.095,615.93,1.36035,1.35923,3.38462,4.96663,10.037,9.03501,9.03501,0.0,1.0,1
88404,31.05.2024 07:27:57.410000,-173.776,-200.72,10.1512,10.075,10.085,81.4583,2.12693,2.08124,14.3795,10.1286,612.085,615.925,1.3172,1.21284,3.36711,5.02352,10.0384,9.03501,9.03501,0.0,1.0,1
88405,31.05.2024 07:27:57.420000,-173.776,-200.72,10.1512,10.075,10.085,81.4583,2.12693,2.08124,14.3795,10.1286,612.085,615.925,1.3172,1.21284,3.36711,5.02352,10.0384,9.03501,9.03501,0.0,1.0,1
88406,31.05.2024 07:27:57.430000,-171.057,-195.364,10.1415,10.05,10.072,81.44,2.11919,2.08732,14.8909,10.5875,612.08,615.915,1.35759,1.2023,3.3567,5.03116,10.0392,8.44184,8.44184,0.0,1.0,1
88407,31.05.2024 07:27:57.440000,-179.379,-197.012,10.1415,10.046,10.075,81.434,2.02909,2.08978,14.2269,12.8812,612.075,615.89,1.34988,1.13738,3.33593,5.01903,10.0436,8.49249,8.49249,0.0,1.0,1
88408,31.05.2024 07:27:57.450000,-174.435,-196.6,10.1547,10.062,10.081,81.3956,2.00536,2.08985,11.6481,11.7359,612.07,615.895,1.26105,1.0018,3.31409,5.04853,10.0436,8.37674,8.37674,0.0,1.0,1
88409,31.05.2024 07:27:57.460000,-174.435,-196.6,10.1547,10.062,10.081,81.3956,2.00536,2.08985,11.6481,11.7359,612.07,615.895,1.26105,1.0018,3.31409,5.04853,10.0436,8.37674,8.37674,0.0,1.0,1
88410,31.05.2024 07:27:57.470000,-173.282,-191.162,10.1547,10.066,10.063,81.3956,1.99312,2.0889,7.46533,13.4831,612.07,615.9,1.2988,1.15657,3.25326,4.92936,10.0436,8.37674,8.37674,0.0,1.0,1
88411,31.05.2024 07:27:57.480000,-173.282,-191.162,10.1547,10.066,10.063,81.3956,1.99312,2.0889,7.46533,13.4831,612.07,615.9,1.2988,1.15657,3.25326,4.92936,10.0436,8.37674,8.37674,0.0,1.0,1
88412,31.05.2024 07:27:57.490000,-169.162,-193.057,10.1429,10.057,10.045,81.2137,2.03404,2.08255,8.98671,11.5921,612.065,615.875,1.33866,1.20735,3.31292,4.86009,10.0466,8.23929,8.23929,0.0,1.0,1
88413,31.05.2024 07:27:57.500000,-169.739,-200.473,10.1599,10.066,10.05,81.2876,2.09216,2.08638,9.21515,8.75703,612.06,615.835,1.35181,1.16769,3.28869,4.78273,10.0482,7.97888,7.97888,0.0,1.0,1
88414,31.05.2024 07:27:57.510000,-168.42,-196.518,10.1599,10.071,10.047,81.3174,2.11452,2.08877,12.4898,9.81006,612.055,615.85,1.35321,0.864196,3.26068,4.90484,10.0482,7.88484,7.88484,0.0,1.0,1
88415,31.05.2024 07:27:57.520000,-168.42,-196.518,10.1747,10.071,10.047,81.3174,2.13095,2.09177,12.4898,9.81006,612.055,615.85,1.35321,0.864196,3.26068,4.90484,10.0493,7.88484,7.88484,0.0,1.0,1
88416,31.05.2024 07:27:57.530000,-172.293,-197.754,10.1673,10.064,10.061,81.3521,2.12922,2.09457,12.3436,10.0103,612.055,615.83,1.33361,1.08826,3.34999,4.9075,10.0505,7.34954,7.34954,0.0,1.0,1
88417,31.05.2024 07:27:57.540000,-172.293,-197.754,10.1673,10.064,10.061,81.3521,2.11296,2.0951,13.3674,12.256,612.055,615.83,1.30512,1.1332,3.23497,5.01653,10.0505,7.34954,7.34954,0.0,1.0,1
88418,31.05.2024 07:27:57.550000,-169.574,-193.799,10.1685,10.044,10.066,81.2719,2.08879,2.09605,13.3674,12.256,612.055,615.83,1.30512,1.1332,3.23497,5.01653,10.0519,7.32783,7.32783,0.0,1.0,1
88419,31.05.2024 07:27:57.560000,-173.117,-201.956,10.1798,10.039,10.112,81.1965,2.06331,2.09635,12.9424,11.1472,612.04,615.805,1.35479,0.998073,3.15673,5.09561,10.0519,6.92274,6.92274,0.0,1.0,1
88420,31.05.2024 07:27:57.570000,-173.117,-201.956,10.1798,10.039,10.112,81.1965,2.06331,2.09635,12.9424,11.1472,612.04,615.805,1.35479,0.998073,3.15673,5.09561,10.0519,6.92274,6.92274,0.0,1.0,1
88421,31.05.2024 07:27:57.580000,-173.117,-197.012,10.1798,10.056,10.112,81.1965,2.02814,2.09383,10.213,12.3832,612.04,615.785,1.36368,1.12525,3.10862,5.12406,10.0534,6.7419,6.7419,0.0,1.0,1
88422,31.05.2024 07:27:57.590000,-173.117,-197.012,10.1798,10.056,10.112,81.1965,2.02814,2.09383,10.213,12.3832,612.04,615.785,1.36368,1.12525,3.10862,5.12406,10.0534,6.7419,6.7419,0.0,1.0,1
88423,31.05.2024 07:27:57.600000,-175.259,-200.555,10.175,10.098,10.123,81.2226,2.0322,2.08661,11.1971,11.6464,612.035,615.765,1.35018,1.12114,3.06413,5.15755,10.0572,6.58999,6.58999,0.0,1.0,1
88424,31.05.2024 07:27:57.610000,-175.259,-200.555,10.175,10.098,10.123,81.2226,2.0322,2.08661,11.1971,11.6464,612.035,615.765,1.35018,1.12114,3.06413,5.15755,10.0572,6.58999,6.58999,0.0,1.0,1
88425,31.05.2024 07:27:57.620000,-169.162,-192.068,10.1725,10.101,10.13,81.2699,2.08815,2.08493,10.8056,11.9482,612.025,615.735,1.35268,0.734088,2.92559,5.20348,10.0586,6.12702,6.12702,0.0,1.0,1
88426,31.05.2024 07:27:57.630000,-170.563,-196.271,10.1874,10.092,10.125,81.3131,2.11722,2.09216,11.9939,10.7774,612.025,615.72,1.31781,0.768516,3.00806,5.33894,10.0604,6.22107,6.22107,0.0,1.0,1
88427,31.05.2024 07:27:57.640000,-172.787,-192.48,10.1979,10.073,10.121,81.3317,2.12021,2.09265,12.4504,11.2438,612.02,615.68,1.25418,0.671882,2.90395,5.37041,10.0604,6.22107,6.22107,0.0,1.0,1
88428,31.05.2024 07:27:57.650000,-172.787,-192.48,10.1979,10.073,10.121,81.3317,2.08908,2.09033,12.4504,11.2438,612.02,615.68,1.25418,0.671882,2.90395,5.37041,10.0618,6.22107,6.22107,0.0,1.0,1
88429,31.05.2024 07:27:57.660000,-174.765,-196.847,10.1931,10.095,10.13,81.3359,2.06212,2.09057,12.0734,10.7982,612.015,615.685,1.22262,0.528304,2.64786,5.40709,10.0628,5.97511,5.97511,0.0,1.0,1
88430,31.05.2024 07:27:57.670000,-170.563,-197.754,10.1931,10.109,10.13,81.3503,2.03355,2.0916,10.0952,10.3361,612.02,615.65,1.16865,0.715552,2.62764,5.42317,10.0628,5.62066,5.62066,0.0,1.0,1
88431,31.05.2024 07:27:57.680000,-170.563,-197.754,10.1911,10.109,10.13,81.3503,2.01098,2.09138,10.0952,10.3361,612.02,615.65,1.16865,0.715552,2.62764,5.42317,10.0654,5.62066,5.62066,0.0,1.0,1
88432,31.05.2024 07:27:57.690000,-171.387,-196.435,10.207,10.108,10.133,81.3896,2.00083,2.08965,9.20922,11.6823,612.005,615.625,1.16979,0.596938,2.52465,5.46617,10.067,5.62066,5.62066,0.0,1.0,1
88433,31.05.2024 07:27:57.700000,-171.387,-196.435,10.207,10.108,10.133,81.3896,2.0139,2.08775,8.31353,10.2663,612.01,615.615,1.13875,0.423858,2.46224,5.38418,10.067,5.62066,5.62066,0.0,1.0,1
88434,31.05.2024 07:27:57.710000,-171.387,-196.435,10.207,10.108,10.133,81.3896,2.0139,2.08775,8.31353,10.2663,612.01,615.615,1.13875,0.423858,2.46224,5.38418,10.067,5.62066,5.62066,0.0,1.0,1
88435,31.05.2024 07:27:57.720000,-173.859,-195.941,10.2055,10.136,10.135,81.3961,2.03224,2.08588,8.31353,10.2663,612.01,615.615,1.13875,0.423858,2.46224,5.38418,10.0685,5.00579,5.00579,0.0,1.0,1
88436,31.05.2024 07:27:57.730000,-173.859,-195.941,10.2055,10.136,10.135,81.3961,2.03224,2.08588,8.31353,10.2663,612.01,615.615,1.13875,0.423858,2.46224,5.38418,10.0685,5.00579,5.00579,0.0,1.0,1
88437,31.05.2024 07:27:57.740000,-174.106,-195.447,10.209,10.087,10.135,81.4836,2.10099,2.08993,9.03696,9.78919,612.0,615.57,1.19248,0.60366,2.39745,5.30872,10.0715,4.47049,4.47049,0.0,1.0,1
88438,31.05.2024 07:27:57.750000,-173.035,-202.451,10.2257,10.049,10.136,81.2602,2.12198,2.09759,13.2856,13.46,611.98,615.555,1.15522,0.472846,2.28529,5.3539,10.073,4.25347,4.25347,0.0,1.0,1
88439,31.05.2024 07:27:57.760000,-173.035,-202.451,10.2349,10.049,10.136,81.2602,2.11774,2.09684,13.2856,13.46,611.98,615.555,1.15522,0.472846,2.28529,5.3539,10.073,4.25347,4.25347,0.0,1.0,1
88440,31.05.2024 07:27:57.770000,-173.035,-202.451,10.2349,10.049,10.136,81.2602,2.11774,2.09684,13.2856,13.46,611.98,615.555,1.15522,0.472846,2.28529,5.3539,10.073,4.25347,4.25347,0.0,1.0,1
88441,31.05.2024 07:27:57.780000,-174.683,-195.612,10.2278,10.039,10.128,81.2504,2.08098,2.09707,11.9097,9.76945,611.99,615.525,1.11997,0.780238,2.34974,5.4043,10.0745,4.25347,4.25347,0.0,1.0,1
88442,31.05.2024 07:27:57.790000,-174.683,-195.612,10.2278,10.039,10.128,81.2504,2.08098,2.09707,11.9097,9.76945,611.99,615.525,1.11997,0.780238,2.34974,5.4043,10.0745,4.25347,4.25347,0.0,1.0,1
88443,31.05.2024 07:27:57.800000,-166.443,-197.095,10.2357,10.07,10.143,81.321,2.03727,2.09822,9.291,9.2913,611.98,615.465,1.13717,0.738944,2.34032,5.37475,10.0762,3.7037,3.7037,0.0,1.0,1
88444,31.05.2024 07:27:57.810000,-172.128,-199.237,10.2519,10.088,10.17,81.3409,2.04149,2.09223,8.9295,10.303,611.96,615.445,1.11535,0.4481,2.36378,5.45201,10.08,3.21905,3.21905,0.0,1.0,1
88445,31.05.2024 07:27:57.820000,-177.237,-199.237,10.2503,10.088,10.185,81.3194,2.06254,2.08761,8.14094,12.0942,611.96,615.43,1.09164,0.563575,2.36349,5.44678,10.08,3.07436,3.07436,0.0,1.0,1
88446,31.05.2024 07:27:57.830000,-175.919,-197.507,10.2503,10.125,10.216,81.3856,2.0817,2.08615,11.2799,10.2472,611.96,615.4,1.15644,0.599948,2.32259,5.40501,10.08,2.83565,2.83565,0.0,1.0,1
88447,31.05.2024 07:27:57.840000,-175.919,-197.507,10.2503,10.125,10.216,81.3856,2.0817,2.08615,11.2799,10.2472,611.96,615.4,1.15644,0.599948,2.32259,5.40501,10.08,2.83565,2.83565,0.0,1.0,1
88448,31.05.2024 07:27:57.850000,-175.919,-197.507,10.2448,10.125,10.216,81.3856,2.10205,2.08665,10.6723,11.0911,611.94,615.395,1.07988,0.412181,2.32279,5.491,10.0824,2.7199,2.7199,0.0,1.0,1
88449,31.05.2024 07:27:57.860000,-175.919,-197.507,10.2448,10.125,10.216,81.3856,2.10205,2.08665,10.6723,11.0911,611.94,615.395,1.07988,0.412181,2.32279,5.491,10.0824,2.7199,2.7199,0.0,1.0,1
88450,31.05.2024 07:27:57.870000,-176.001,-199.731,10.2359,10.151,10.221,81.3538,2.12766,2.09045,14.2628,12.336,611.93,615.35,1.11088,0.637111,2.30207,5.46616,10.0837,2.71268,2.71268,0.0,1.0,1
88451,31.05.2024 07:27:57.880000,-176.001,-199.731,10.2359,10.151,10.221,81.3538,2.12766,2.09045,14.2628,12.336,611.93,615.35,1.11088,0.637111,2.30207,5.46616,10.0837,2.71268,2.71268,0.0,1.0,1
88452,31.05.2024 07:27:57.890000,-167.432,-197.919,10.2471,10.157,10.18,81.4156,2.07863,2.09242,11.5373,11.6087,611.92,615.33,1.05925,0.569497,2.2876,5.5026,10.087,2.17737,2.17737,0.0,1.0,1
88453,31.05.2024 07:27:57.900000,-170.48,-195.035,10.2571,10.161,10.18,81.3464,2.0365,2.0941,9.41626,10.9583,611.92,615.295,1.12062,0.573154,2.30629,5.4977,10.0873,1.6276,1.6276,0.0,1.0,1
88454,31.05.2024 07:27:57.910000,-174.765,-196.188,10.2571,10.168,10.175,81.359,2.02427,2.09423,6.84233,11.643,611.92,615.285,1.09095,0.585107,2.2325,5.48369,10.0873,1.72164,1.72164,0.0,1.0,1
88455,31.05.2024 07:27:57.920000,-174.765,-196.188,10.2571,10.168,10.175,81.359,2.02427,2.09423,6.84233,11.643,611.92,615.285,1.09095,0.585107,2.2325,5.48369,10.0873,1.72164,1.72164,0.0,1.0,1
88456,31.05.2024 07:27:57.930000,-174.765,-196.188,10.251,10.168,10.175,81.359,2.02297,2.0933,6.83593,11.0172,611.905,615.26,1.09355,0.627505,2.27751,5.54966,10.09,1.72164,1.72164,0.0,1.0,1
88457,31.05.2024 07:27:57.940000,-170.398,-196.765,10.251,10.142,10.182,81.3669,2.07611,2.08414,8.30422,7.88656,611.9,615.21,1.09091,0.768453,2.32344,5.48009,10.0915,1.72164,1.72164,0.0,1.0,1
88458,31.05.2024 07:27:57.950000,-170.398,-196.765,10.251,10.142,10.182,81.3669,2.07611,2.08414,8.30422,7.88656,611.9,615.21,1.09091,0.768453,2.32344,5.48009,10.0915,1.72164,1.72164,0.0,1.0,1
88459,31.05.2024 07:27:57.960000,-173.611,-196.023,10.2508,10.153,10.178,81.4183,2.09974,2.08451,8.30422,7.88656,611.9,615.21,1.09091,0.768453,2.32344,5.48009,10.0928,1.07783,1.07783,0.0,1.0,1
88460,31.05.2024 07:27:57.970000,-171.963,-201.462,10.2542,10.192,10.185,81.4287,2.13004,2.09475,9.70218,8.49005,611.895,615.125,1.15554,0.772992,2.27903,5.46241,10.0958,1.07783,1.07783,0.0,1.0,1
88461,31.05.2024 07:27:57.980000,-175.095,-201.462,10.2504,10.192,10.163,81.449,2.12052,2.09508,12.0606,9.40153,611.88,615.125,1.1503,0.404512,2.31511,5.53392,10.0958,1.08507,1.08507,0.0,1.0,1
88462,31.05.2024 07:27:57.990000,-167.349,-197.754,10.2504,10.168,10.155,81.4602,2.10021,2.09454,12.2998,10.8542,611.87,615.125,1.09209,0.358398,2.29856,5.63481,10.0958,-0.00723451,-0.00723451,0.0,1.0,1
88463,31.05.2024 07:27:58.000000,-167.349,-197.754,10.2504,10.168,10.155,81.4602,2.10021,2.09454,12.2998,10.8542,611.87,615.125,1.09209,0.358398,2.29856,5.63481,10.0958,-0.00723451,-0.00723451,0.0,1.0,1
88464,31.05.2024 07:27:58.010000,-167.349,-197.754,10.2611,10.168,10.155,81.4602,2.07445,2.09564,9.9586,10.7782,611.87,615.1,1.09239,0.59908,2.27274,5.54191,10.0971,0.19531,0.19531,0.0,1.0,1
88465,31.05.2024 07:27:58.020000,-167.349,-197.754,10.2611,10.168,10.155,81.4602,2.07445,2.09564,9.9586,10.7782,611.87,615.1,1.09239,0.59908,2.27274,5.54191,10.0971,0.19531,0.19531,0.0,1.0,1
88466,31.05.2024 07:27:58.030000,-171.139,-197.919,10.2689,10.178,10.151,81.472,2.01077,2.10144,7.08938,11.6869,611.855,615.035,1.03792,0.585462,2.38624,5.54952,10.0978,0.19531,0.19531,0.0,1.0,1
88467,31.05.2024 07:27:58.040000,-171.139,-197.919,10.2689,10.178,10.151,81.472,2.01077,2.10144,7.08938,11.6869,611.855,615.035,1.03792,0.585462,2.38624,5.54952,10.0978,0.19531,0.19531,0.0,1.0,1
88468,31.05.2024 07:27:58.050000,-170.068,-199.649,10.2585,10.145,10.16,81.504,2.0333,2.09524,7.91948,12.4403,611.845,615.02,1.08288,0.62012,2.31944,5.35213,10.1006,0.614867,0.614867,0.0,1.0,1
88469,31.05.2024 07:27:58.060000,-170.068,-199.649,10.2585,10.145,10.16,81.504,2.0333,2.09524,7.91948,12.4403,611.845,615.02,1.08288,0.62012,2.31944,5.35213,10.1006,0.614867,0.614867,0.0,1.0,1
88470,31.05.2024 07:27:58.070000,-168.585,-196.683,10.2504,10.127,10.216,81.4254,2.07931,2.09547,7.2156,8.7575,611.845,615.0,1.03478,0.68147,2.28968,5.23536,10.1022,0.614867,0.614867,0.0,1.0,1
88471,31.05.2024 07:27:58.080000,-176.166,-201.956,10.2448,10.177,10.227,81.4659,2.12968,2.10242,10.7286,10.2686,611.84,614.94,1.02673,0.802274,2.38006,5.28082,10.1049,0.614867,0.614867,0.0,1.0,1
88472,31.05.2024 07:27:58.090000,-172.458,-194.87,10.2422,10.199,10.196,81.4962,2.13437,2.10161,10.7473,9.70229,611.815,614.895,1.06781,0.666562,2.2746,5.25463,10.1049,0.708915,0.708915,0.0,1.0,1
88473,31.05.2024 07:27:58.100000,-172.458,-194.87,10.2422,10.199,10.196,81.4962,2.13437,2.10161,10.7473,9.70229,611.815,614.895,1.06781,0.666562,2.2746,5.25463,10.1049,0.708915,0.708915,0.0,1.0,1
88474,31.05.2024 07:27:58.110000,-177.649,-198.743,10.2422,10.214,10.211,81.4962,2.13029,2.10089,10.8863,9.97128,611.815,614.875,1.01882,0.624379,2.36541,5.21693,10.1049,0.991032,0.991032,0.0,1.0,1
88475,31.05.2024 07:27:58.120000,-177.649,-198.743,10.2422,10.214,10.211,81.4962,2.13029,2.10089,10.8863,9.97128,611.815,614.875,1.01882,0.624379,2.36541,5.21693,10.1049,0.991032,0.991032,0.0,1.0,1
88476,31.05.2024 07:27:58.130000,-173.611,-193.14,10.2415,10.191,10.196,81.4407,2.09732,2.10597,11.1094,9.02106,611.805,614.87,0.977279,0.614934,2.29889,5.13526,10.107,0.578701,0.578701,0.0,1.0,1
88477,31.05.2024 07:27:58.140000,-173.694,-198.413,10.2469,10.184,10.187,81.4887,2.08694,2.10638,10.9981,12.6685,611.795,614.86,0.951371,0.776393,2.32558,5.10748,10.1077,0.774011,0.774011,0.0,1.0,1
88478,31.05.2024 07:27:58.150000,-169.409,-200.885,10.2469,10.172,10.169,81.5579,2.09074,2.10564,11.2338,12.5621,611.785,614.79,0.982842,0.997201,2.23207,5.10039,10.1077,0.665508,0.665508,0.0,1.0,1
88479,31.05.2024 07:27:58.160000,-169.409,-200.885,10.2353,10.172,10.169,81.5579,2.09506,2.10541,11.2338,12.5621,611.785,614.79,0.982842,0.997201,2.23207,5.10039,10.1099,0.665508,0.665508,0.0,1.0,1
88480,31.05.2024 07:27:58.170000,-167.514,-198.495,10.2358,10.159,10.185,81.541,2.10884,2.10767,11.4864,11.3827,611.785,614.755,1.0179,1.03608,2.12261,5.08842,10.1111,0.0940412,0.0940412,0.0,1.0,1
88481,31.05.2024 07:27:58.180000,-167.514,-198.495,10.2358,10.159,10.185,81.541,2.11259,2.10947,11.8459,11.6263,611.77,614.715,1.12015,1.04622,2.05957,4.98444,10.1111,0.0940412,0.0940412,0.0,1.0,1
88482,31.05.2024 07:27:58.190000,-168.997,-189.844,10.2398,10.145,10.166,81.4653,2.11455,2.11059,11.8459,11.6263,611.77,614.715,1.12015,1.04622,2.05957,4.98444,10.1123,0.282124,0.282124,0.0,1.0,1
88483,31.05.2024 07:27:58.200000,-174.683,-191.327,10.248,10.151,10.161,81.4621,2.1081,2.11029,10.9972,12.1742,611.745,614.69,1.13405,1.01773,2.09601,4.96755,10.1123,-0.0723377,-0.0723377,0.0,1.0,1
88484,31.05.2024 07:27:58.210000,-174.683,-191.327,10.248,10.151,10.161,81.4621,2.08067,2.10514,10.9972,12.1742,611.745,614.69,1.13405,1.01773,2.09601,4.96755,10.1133,-0.0723377,-0.0723377,0.0,1.0,1
88485,31.05.2024 07:27:58.220000,-172.046,-193.881,10.253,10.16,10.153,81.455,2.05985,2.10192,9.51082,11.1137,611.745,614.655,1.10119,0.937699,2.15958,4.92476,10.1148,0.0795722,0.0795722,0.0,1.0,1
88486,31.05.2024 07:27:58.230000,-177.814,-198.083,10.253,10.18,10.147,81.5952,2.04038,2.09971,6.73993,9.82386,611.72,614.66,1.06754,0.956788,2.09206,4.94177,10.1148,-0.311054,-0.311054,0.0,1.0,1
88487,31.05.2024 07:27:58.240000,-177.814,-198.083,10.2504,10.18,10.147,81.5952,2.02581,2.09901,6.73993,9.82386,611.72,614.66,1.06754,0.956788,2.09206,4.94177,10.1161,-0.311054,-0.311054,0.0,1.0,1
88488,31.05.2024 07:27:58.250000,-177.814,-198.083,10.2504,10.18,10.147,81.5952,2.02581,2.09901,6.73993,9.82386,611.72,614.66,1.06754,0.956788,2.09206,4.94177,10.1161,-0.311054,-0.311054,0.0,1.0,1
88489,31.05.2024 07:27:58.260000,-171.469,-193.057,10.2472,10.148,10.153,81.5791,2.02583,2.09957,6.36718,10.6987,611.705,614.645,1.0157,1.27677,2.22367,4.97499,10.1178,-0.311054,-0.311054,0.0,1.0,1
88490,31.05.2024 07:27:58.270000,-171.469,-193.057,10.2472,10.148,10.153,81.5791,2.02583,2.09957,6.36718,10.6987,611.705,614.645,1.0157,1.27677,2.22367,4.97499,10.1178,-0.311054,-0.311054,0.0,1.0,1
88491,31.05.2024 07:27:58.280000,-164.136,-198.413,10.2575,10.146,10.156,81.533,2.05934,2.10059,5.51832,9.36466,611.705,614.595,1.02432,1.36055,2.35876,4.98685,10.1185,-0.470199,-0.470199,0.0,1.0,1
88492,31.05.2024 07:27:58.290000,-175.424,-193.222,10.2583,10.14,10.175,81.5065,2.10971,2.10353,6.89513,9.54988,611.705,614.55,1.02989,1.43234,2.38914,4.96405,10.1211,-0.267647,-0.267647,0.0,1.0,1
88493,31.05.2024 07:27:58.300000,-175.424,-193.222,10.2583,10.14,10.175,81.5065,2.10971,2.10353,6.89513,9.54988,611.705,614.55,1.02989,1.43234,2.38914,4.96405,10.1211,-0.267647,-0.267647,0.0,1.0,1
88494,31.05.2024 07:27:58.310000,-175.836,-193.222,10.2613,10.14,10.174,81.4562,2.11545,2.10656,9.76403,8.43151,611.695,614.5,1.13508,1.40096,2.43155,4.90588,10.1211,-0.267647,-0.267647,0.0,1.0,1
88495,31.05.2024 07:27:58.320000,-174.518,-200.555,10.2573,10.166,10.194,81.4144,2.09409,2.10514,11.2129,10.1808,611.67,614.49,1.25615,1.29581,2.53875,4.9218,10.1242,-0.41233,-0.41233,0.0,1.0,1
88496,31.05.2024 07:27:58.330000,-174.518,-200.555,10.2573,10.166,10.194,81.4144,2.09409,2.10514,11.2129,10.1808,611.67,614.49,1.25615,1.29581,2.53875,4.9218,10.1242,-0.41233,-0.41233,0.0,1.0,1
88497,31.05.2024 07:27:58.340000,-176.413,-199.402,10.2512,10.182,10.207,81.3654,2.07711,2.10471,12.1484,12.0609,611.645,614.485,1.221,1.32392,2.51836,4.97248,10.1242,-0.513598,-0.513598,0.0,1.0,1
88498,31.05.2024 07:27:58.350000,-170.645,-196.6,10.2294,10.227,10.212,81.4153,2.05699,2.10381,8.49193,9.53196,611.645,614.475,1.13466,1.46006,2.44931,4.96432,10.1247,-0.513598,-0.513598,0.0,1.0,1
88499,31.05.2024 07:27:58.360000,-170.645,-196.188,10.2463,10.246,10.211,81.4938,2.05481,2.10483,7.65772,11.2517,611.63,614.41,1.09213,1.71333,2.51209,4.96738,10.1247,-0.665508,-0.665508,0.0,1.0,1
