,time,Pinceur Inf Mesure de courant,Pinceur Sup Mesure de courant,Mandrin - Vitesse Actuelle,Pinceur Sup Mesure vitesse lineaire,Pinceur Inf Mesure vitesse lineaire,Mandrin - Mesure Expansion,Pinceur Nord Position entrefer estimee,Pinceur Sud Position entrefer estimee,Pinceur Nord Force entrefer calibree,Pinceur Sud Force entrefer calibree,Guides Nord Entree Position mesuree,Guides Nord Sortie Position mesuree,Guides Nord Entree Force pour regulateur PI,Guides Nord Sortie Force pour regulateur PI,Guides Sud Entree Force pour regulateur PI,Guides Sud Sortie Force pour regulateur PI,Mandrin - Vitesse Actuelle F10,_Excentrage largeur bande jauge bob,_Excentrage largeur bande jauge bob.1,TDB pinceur,Fenetre,Declancheur
81300,31.05.2024 05:23:15.850000,90.8844,74.2401,9.85052,10.171,10.139,30.2906,4.18613,3.39677,30.5287,15.835,703.685,704.41,7.62305,6.56993,-0.215181,0.369738,8.56612,36.6681,36.6681,1.0,1.0,1
81301,31.05.2024 05:23:15.860000,130.93,74.2401,9.85052,10.171,10.064,30.2716,4.14855,3.40213,37.296,11.8903,701.98,702.705,7.62585,6.81282,-0.280487,0.308668,8.56612,36.6681,36.6681,1.0,1.0,1
81302,31.05.2024 05:23:15.870000,118.57,87.0941,9.85233,10.087,10.024,30.2716,4.0615,3.46403,36.3553,12.9779,700.25,701.07,7.5153,6.90548,-0.306889,0.197273,8.56658,36.2775,36.2775,1.0,1.0,1
81303,31.05.2024 05:23:15.880000,118.57,87.0941,9.84895,10.087,10.024,30.2756,3.92536,3.52773,36.3553,12.9779,700.25,701.07,7.5153,6.90548,-0.306889,0.197273,8.56702,35.9592,35.9592,1.0,1.0,1
81304,31.05.2024 05:23:15.890000,182.181,98.3001,9.84895,10.055,9.886,30.2756,3.8078,3.54953,29.2779,32.1372,698.605,699.565,7.06081,6.7248,-0.357277,0.179054,8.56702,35.9592,35.9592,1.0,1.0,1
81305,31.05.2024 05:23:15.900000,245.215,104.562,9.83696,10.057,9.718,30.265,3.56418,3.58805,29.2779,32.1372,698.605,699.565,7.06081,6.7248,-0.357277,0.179054,8.56759,36.0822,36.0822,1.0,1.0,1
81306,31.05.2024 05:23:15.910000,245.215,104.562,9.83696,10.057,9.718,30.265,3.56418,3.58805,29.2779,32.1372,698.605,699.565,7.06081,6.7248,-0.357277,0.179054,8.56759,36.0822,36.0822,1.0,1.0,1
81307,31.05.2024 05:23:15.920000,245.215,104.562,9.84932,10.057,9.718,30.2564,3.51291,3.61514,19.4324,28.5042,697.1,697.99,6.34736,6.69477,-0.307978,0.155071,8.56759,36.0532,36.0532,1.0,1.0,1
81308,31.05.2024 05:23:15.930000,291.934,150.458,9.85145,9.899,9.694,30.2187,3.57571,3.61274,9.32984,24.5446,695.73,696.595,5.61219,6.06832,-0.393787,0.157751,8.56824,36.5958,36.5958,1.0,1.0,1
81309,31.05.2024 05:23:15.940000,291.934,150.458,9.85145,9.899,9.694,30.2187,3.57571,3.61274,9.32984,24.5446,695.73,696.595,5.61219,6.06832,-0.393787,0.157751,8.56824,36.5958,36.5958,1.0,1.0,1
81310,31.05.2024 05:23:15.950000,365.68,150.458,9.85145,9.899,9.544,30.2451,3.71534,3.59817,11.3708,32.3885,694.37,695.29,5.0793,5.56227,-0.280558,0.191631,8.56824,36.5958,36.5958,1.0,1.0,1
81311,31.05.2024 05:23:15.960000,365.68,150.458,9.85145,9.899,9.544,30.2451,3.71534,3.59817,11.3708,32.3885,694.37,695.29,5.0793,5.56227,-0.280558,0.191631,8.56824,36.5958,36.5958,1.0,1.0,1
81312,31.05.2024 05:23:15.970000,436.624,242.248,9.85366,9.775,9.409,30.2148,3.90824,3.52424,24.5264,39.0959,693.08,693.965,4.34726,5.72653,-0.351208,0.127695,8.56912,36.9068,36.9068,1.0,1.0,1
81313,31.05.2024 05:23:15.980000,436.624,242.248,9.85366,9.775,9.409,30.2148,3.90824,3.52424,24.5264,39.0959,693.08,693.965,4.34726,5.72653,-0.351208,0.127695,8.56912,36.9068,36.9068,1.0,1.0,1
81314,31.05.2024 05:23:15.990000,619.464,354.886,9.84776,9.719,9.085,30.2093,4.03452,3.49424,36.5536,17.6863,690.345,691.16,4.67643,6.22968,-0.345093,0.0676347,8.56995,37.5072,37.5072,1.0,1.0,1
81315,31.05.2024 05:23:16.000000,619.464,354.886,9.84776,9.719,9.085,30.2093,4.03452,3.49424,36.5536,17.6863,690.345,691.16,4.67643,6.22968,-0.345093,0.0676347,8.56995,37.5072,37.5072,1.0,1.0,1
81316,31.05.2024 05:23:16.010000,683.734,412.07,9.84328,9.593,9.021,30.2501,3.92956,3.488,35.4642,28.5088,688.96,689.68,5.01831,6.92015,-0.347687,0.0167047,8.57041,38.6502,38.6502,1.0,1.0,1
81317,31.05.2024 05:23:16.020000,683.734,412.07,9.84328,9.593,9.021,30.2501,3.92956,3.488,35.4642,28.5088,688.96,689.68,5.01831,6.92015,-0.347687,0.0167047,8.57041,38.6502,38.6502,1.0,1.0,1
81318,31.05.2024 05:23:16.030000,708.536,524.707,9.84765,9.508,8.936,30.2508,3.61827,3.47124,28.4496,22.2051,687.545,688.195,5.55474,7.59933,-0.329779,-0.0145453,8.57084,38.7153,38.7153,1.0,1.0,1
81319,31.05.2024 05:23:16.040000,708.536,524.707,9.84765,9.508,8.936,30.2508,3.61827,3.47124,28.4496,22.2051,687.545,688.195,5.55474,7.59933,-0.329779,-0.0145453,8.57084,38.7153,38.7153,1.0,1.0,1
81320,31.05.2024 05:23:16.050000,713.315,543.741,9.85217,9.548,8.88,30.2126,3.46048,3.49518,17.6527,14.8823,686.04,686.71,6.54509,7.76406,-0.325123,0.00493062,8.57173,42.0645,42.0645,1.0,1.0,1
81321,31.05.2024 05:23:16.060000,713.315,543.741,9.85217,9.548,8.88,30.2126,3.46048,3.49518,17.6527,14.8823,686.04,686.71,6.54509,7.76406,-0.325123,0.00493062,8.57173,42.0645,42.0645,1.0,1.0,1
81322,31.05.2024 05:23:16.070000,700.461,610.235,9.85741,9.458,8.758,30.2412,3.42992,3.50915,10.1589,26.5286,682.95,683.585,7.30249,8.67842,-0.193707,0.0596792,8.57234,43.9164,43.9164,1.0,1.0,1
81323,31.05.2024 05:23:16.080000,714.88,662.64,9.84895,9.356,8.706,30.266,3.51843,3.5019,10.6641,19.1619,681.39,682.085,7.75103,8.95467,-0.108038,0.133425,8.57277,45.8695,45.8695,1.0,1.0,1
81324,31.05.2024 05:23:16.090000,714.88,697.247,9.84902,9.379,8.706,30.2377,3.62439,3.52307,10.6641,19.1619,681.39,682.085,7.75103,8.95467,-0.108038,0.133425,8.57288,45.8695,45.8695,1.0,1.0,1
81325,31.05.2024 05:23:16.100000,714.88,697.247,9.84902,9.379,8.706,30.2377,3.62439,3.52307,10.6641,19.1619,681.39,682.085,7.75103,8.95467,-0.108038,0.133425,8.57288,45.8695,45.8695,1.0,1.0,1
81326,31.05.2024 05:23:16.110000,694.528,697.247,9.84902,9.379,8.682,30.2643,3.6659,3.53413,17.1636,22.6104,679.76,680.535,8.13185,9.40418,-0.10651,0.130087,8.57288,45.8695,45.8695,1.0,1.0,1
81327,31.05.2024 05:23:16.120000,694.528,697.247,9.84902,9.379,8.682,30.2643,3.6659,3.53413,17.1636,22.6104,679.76,680.535,8.13185,9.40418,-0.10651,0.130087,8.57288,45.8695,45.8695,1.0,1.0,1
81328,31.05.2024 05:23:16.130000,709.277,704.168,9.85444,9.407,8.697,30.2723,3.72066,3.54602,22.1149,30.654,678.2,678.915,8.57751,9.90648,-0.147846,0.100409,8.57378,46.1806,46.1806,1.0,1.0,1
81329,31.05.2024 05:23:16.140000,709.277,704.168,9.85444,9.407,8.697,30.2723,3.72066,3.54602,22.1149,30.654,678.2,678.915,8.57751,9.90648,-0.147846,0.100409,8.57378,46.1806,46.1806,1.0,1.0,1
81330,31.05.2024 05:23:16.150000,692.468,694.61,9.85681,9.212,8.634,30.2892,3.68328,3.5691,22.6897,23.5026,674.99,675.68,9.26794,10.5767,-0.087553,0.102297,8.57473,47.0848,47.0848,1.0,1.0,1
81331,31.05.2024 05:23:16.160000,692.468,694.61,9.85681,9.212,8.634,30.2892,3.68328,3.5691,22.6897,23.5026,674.99,675.68,9.26794,10.5767,-0.087553,0.102297,8.57473,47.0848,47.0848,1.0,1.0,1
81332,31.05.2024 05:23:16.170000,698.483,687.195,9.86039,9.212,8.533,30.2845,3.61518,3.57097,19.9425,30.7954,673.245,674.095,9.63221,10.913,-0.0706654,0.0696851,8.57547,47.0848,47.0848,1.0,1.0,1
81333,31.05.2024 05:23:16.180000,695.929,694.116,9.85284,9.22,8.539,30.2958,3.55255,3.54722,17.7251,28.6953,671.565,672.47,9.34282,11.049,-0.0337009,0.108822,8.57574,45.0955,45.0955,1.0,1.0,1
81334,31.05.2024 05:23:16.190000,695.929,694.116,9.85284,9.22,8.539,30.2958,3.55255,3.54722,17.7251,28.6953,671.565,672.47,9.34282,11.049,-0.0337009,0.108822,8.57574,45.0955,45.0955,1.0,1.0,1
81335,31.05.2024 05:23:16.200000,694.116,689.502,9.85178,9.178,8.522,30.2958,3.55031,3.52899,16.8641,23.9866,669.895,670.87,8.87945,11.4639,-0.0341969,0.110703,8.57602,43.7283,43.7283,1.0,1.0,1
81336,31.05.2024 05:23:16.210000,694.116,689.502,9.85178,9.178,8.522,30.2958,3.55031,3.52899,16.8641,23.9866,669.895,670.87,8.87945,11.4639,-0.0341969,0.110703,8.57602,43.7283,43.7283,1.0,1.0,1
81337,31.05.2024 05:23:16.220000,695.434,686.206,9.85813,9.087,8.575,30.2754,3.57994,3.50276,16.4349,25.1895,668.19,669.305,8.28895,12.0102,0.035326,0.157187,8.57627,42.2381,42.2381,1.0,1.0,1
81338,31.05.2024 05:23:16.230000,695.434,686.206,9.85813,9.087,8.575,30.2754,3.57994,3.50276,16.4349,25.1895,668.19,669.305,8.28895,12.0102,0.035326,0.157187,8.57627,42.2381,42.2381,1.0,1.0,1
81339,31.05.2024 05:23:16.240000,692.221,688.678,9.84215,9.095,8.582,30.2699,3.61788,3.48883,19.7461,26.0465,666.465,667.705,7.93856,12.6382,0.0302563,0.202683,8.5768,39.945,39.945,1.0,1.0,1
81340,31.05.2024 05:23:16.250000,695.022,693.786,9.85833,9.074,8.619,30.2485,3.66355,3.47689,19.9864,25.0723,664.785,666.14,7.54882,13.3181,0.00273705,0.221087,8.57719,37.8545,37.8545,1.0,1.0,1
81341,31.05.2024 05:23:16.260000,695.022,693.786,9.85833,9.074,8.619,30.2485,3.66355,3.47689,19.9864,25.0723,664.785,666.14,7.54882,13.3181,0.00273705,0.221087,8.57719,37.8545,37.8545,1.0,1.0,1
81342,31.05.2024 05:23:16.270000,687.936,693.786,9.85833,9.074,8.578,30.2312,3.66888,3.46997,22.5065,22.0693,663.125,664.525,7.32512,14.1513,-0.106359,0.236757,8.57719,37.8545,37.8545,1.0,1.0,1
81343,31.05.2024 05:23:16.280000,690.573,695.764,9.87029,8.954,8.561,30.2139,3.66248,3.46104,22.8817,25.1203,661.415,662.895,7.16563,14.8112,-0.145153,0.214085,8.57778,36.1256,36.1256,1.0,1.0,1
81344,31.05.2024 05:23:16.290000,703.427,687.359,9.87029,8.898,8.572,30.2139,3.64942,3.4633,23.9405,23.0941,659.68,661.34,7.03732,15.4003,-0.185825,0.189823,8.57778,36.1256,36.1256,1.0,1.0,1
81345,31.05.2024 05:23:16.300000,674.917,691.232,9.88889,8.924,8.553,30.1873,3.63474,3.45702,23.9405,23.0941,659.68,661.34,7.03732,15.4003,-0.185825,0.189823,8.57782,34.5776,34.5776,1.0,1.0,1
81346,31.05.2024 05:23:16.310000,674.917,691.232,9.89469,8.924,8.553,30.2236,3.61891,3.45849,20.6651,22.361,657.99,659.74,6.83902,15.9713,-0.244877,0.161112,8.57782,32.3134,32.3134,1.0,1.0,1
81347,31.05.2024 05:23:16.320000,657.12,693.869,9.89469,8.898,8.545,30.2236,3.60227,3.46442,21.4469,21.5183,656.285,658.055,6.75817,16.4143,-0.279566,0.127314,8.57821,32.3134,32.3134,1.0,1.0,1
81348,31.05.2024 05:23:16.330000,657.12,696.341,9.89807,8.831,8.545,30.1724,3.55693,3.47222,21.4469,21.5183,656.285,658.055,6.75817,16.4143,-0.279566,0.127314,8.57823,32.2772,32.2772,1.0,1.0,1
81349,31.05.2024 05:23:16.340000,627.456,696.341,9.89807,8.831,8.501,30.1147,3.52644,3.47406,20.1169,21.6491,654.57,656.435,6.63183,16.8824,-0.242441,0.152836,8.57823,32.2772,32.2772,1.0,1.0,1
81350,31.05.2024 05:23:16.350000,603.232,675.0,9.8923,8.796,8.517,30.1147,3.49667,3.47742,16.417,22.8427,652.87,654.865,6.43875,17.3306,-0.189882,0.21736,8.57861,29.8466,29.8466,1.0,1.0,1
81351,31.05.2024 05:23:16.360000,603.232,675.0,9.88759,8.796,8.517,30.1051,3.47078,3.47871,16.417,22.8427,652.87,654.865,6.43875,17.3306,-0.189882,0.21736,8.57893,27.0978,27.0978,1.0,1.0,1
81352,31.05.2024 05:23:16.370000,603.232,675.0,9.88759,8.796,8.517,30.1051,3.47078,3.47871,16.417,22.8427,652.87,654.865,6.43875,17.3306,-0.189882,0.21736,8.57893,27.0978,27.0978,1.0,1.0,1
81353,31.05.2024 05:23:16.380000,586.505,665.689,9.88759,8.815,8.501,30.1051,3.4515,3.47816,15.3917,23.6014,651.2,653.23,6.35429,17.6932,-0.20433,0.182032,8.57893,24.6528,24.6528,1.0,1.0,1
81354,31.05.2024 05:23:16.390000,586.505,665.689,9.88759,8.815,8.501,30.1051,3.4515,3.47816,15.3917,23.6014,651.2,653.23,6.35429,17.6932,-0.20433,0.182032,8.57893,24.6528,24.6528,1.0,1.0,1
81355,31.05.2024 05:23:16.400000,560.138,637.344,9.91755,8.794,8.525,30.7922,3.43517,3.47281,13.6428,21.805,649.53,651.655,6.51808,17.9809,-0.24585,0.100393,8.57959,21.8967,21.8967,1.0,1.0,1
81356,31.05.2024 05:23:16.410000,549.426,581.561,9.92626,8.681,8.552,31.4959,3.46224,3.458,13.4857,23.7093,647.895,650.135,6.80298,18.6939,-0.188099,0.016306,8.58035,19.4517,19.4517,1.0,1.0,1
81357,31.05.2024 05:23:16.420000,549.426,581.561,9.92626,8.681,8.552,31.4959,3.46224,3.458,13.4857,23.7093,647.895,650.135,6.80298,18.6939,-0.188099,0.016306,8.58035,19.4517,19.4517,1.0,1.0,1
81358,31.05.2024 05:23:16.430000,538.055,581.561,9.92626,8.681,8.536,32.3244,3.47785,3.45655,13.4395,20.8057,646.285,648.62,7.27866,19.7068,-0.10498,0.038685,8.58035,19.4517,19.4517,1.0,1.0,1
81359,31.05.2024 05:23:16.440000,501.553,566.235,9.91398,8.722,8.543,33.0985,3.51492,3.44229,15.1542,22.7717,644.63,647.0,7.98086,20.7147,0.160585,0.0626069,8.5811,19.4227,19.4227,1.0,1.0,1
81360,31.05.2024 05:23:16.450000,472.632,539.868,9.91398,8.705,8.499,33.0985,3.52225,3.43598,17.6619,19.8018,642.985,645.51,8.56312,21.715,1.02698,0.190971,8.5811,19.4227,19.4227,1.0,1.0,1
81361,31.05.2024 05:23:16.460000,447.171,517.126,9.91697,8.624,8.55,34.0122,3.50821,3.42247,17.6619,19.8018,642.985,645.51,8.56312,21.715,1.02698,0.190971,8.58114,15.3863,15.3863,1.0,1.0,1
81362,31.05.2024 05:23:16.470000,447.171,517.126,9.91697,8.624,8.55,34.0122,3.50821,3.42247,17.6619,19.8018,642.985,645.51,8.56312,21.715,1.02698,0.190971,8.58114,15.3863,15.3863,1.0,1.0,1
81363,31.05.2024 05:23:16.480000,447.171,517.126,9.93876,8.624,8.55,34.9796,3.48593,3.41058,17.0013,17.4818,641.3,644.03,9.02937,23.1227,1.85507,0.421847,8.58114,15.1403,15.1403,1.0,1.0,1
81364,31.05.2024 05:23:16.490000,447.171,517.126,9.93876,8.624,8.55,34.9796,3.48593,3.41058,17.0013,17.4818,641.3,644.03,9.02937,23.1227,1.85507,0.421847,8.58114,15.1403,15.1403,1.0,1.0,1
81365,31.05.2024 05:23:16.500000,437.613,461.426,9.94139,8.687,8.638,36.0245,3.38883,3.37375,15.4016,17.3783,639.58,642.48,9.17661,24.3223,2.35365,0.55337,8.5812,15.1403,15.1403,1.0,1.0,1
81366,31.05.2024 05:23:16.510000,437.613,461.426,9.94139,8.687,8.638,36.0245,3.38883,3.37375,15.4016,17.3783,639.58,642.48,9.17661,24.3223,2.35365,0.55337,8.5812,15.1403,15.1403,1.0,1.0,1
81367,31.05.2024 05:23:16.520000,390.729,451.456,9.93282,8.735,8.621,37.0791,3.33668,3.32677,12.03,13.0947,636.325,639.53,9.08109,26.3954,3.63244,0.839232,8.58161,15.0246,15.0246,1.0,1.0,1
81368,31.05.2024 05:23:16.530000,387.186,436.13,9.91594,8.717,8.778,38.1294,3.30726,3.22421,10.3873,8.06048,634.75,638.045,9.3844,28.0273,4.6402,1.62715,8.58212,15.0101,15.0101,1.0,1.0,1
81369,31.05.2024 05:23:16.540000,359.088,392.377,9.86843,8.803,8.829,39.1671,3.31349,3.18911,10.3873,8.06048,634.75,638.045,9.3844,28.0273,4.6402,1.62715,8.58197,15.0101,15.0101,1.0,1.0,1
81370,31.05.2024 05:23:16.550000,359.088,392.377,9.86843,8.803,8.829,39.1671,3.31349,3.18911,10.3873,8.06048,634.75,638.045,9.3844,28.0273,4.6402,1.62715,8.58197,15.0101,15.0101,1.0,1.0,1
81371,31.05.2024 05:23:16.560000,359.088,392.377,9.83189,8.803,8.829,40.1413,3.31386,3.16765,8.70189,4.28857,633.365,636.61,10.061,29.4053,4.91135,2.44354,8.58197,15.9433,15.9433,1.0,1.0,1
81372,31.05.2024 05:23:16.570000,359.088,392.377,9.83189,8.803,8.829,40.1413,3.31386,3.16765,8.70189,4.28857,633.365,636.61,10.061,29.4053,4.91135,2.44354,8.58197,15.9433,15.9433,1.0,1.0,1
81373,31.05.2024 05:23:16.580000,348.047,388.092,9.69325,8.996,8.963,41.0897,3.32606,3.11124,8.89516,-0.0826623,632.08,635.22,12.025,30.8898,5.85616,3.09609,8.58284,15.9433,15.9433,1.0,1.0,1
81374,31.05.2024 05:23:16.590000,348.047,388.092,9.69325,8.996,8.963,41.0897,3.32606,3.11124,8.89516,-0.0826623,632.08,635.22,12.025,30.8898,5.85616,3.09609,8.58284,15.9433,15.9433,1.0,1.0,1
81375,31.05.2024 05:23:16.600000,364.856,391.141,9.51454,9.042,9.358,42.2144,3.32903,3.11672,10.4324,-1.30098,630.405,632.755,11.8503,21.2896,11.0572,6.1926,8.58296,16.7173,16.7173,1.0,1.0,1
81376,31.05.2024 05:23:16.610000,364.856,391.141,9.51454,9.042,9.358,42.2144,3.32903,3.11672,10.4324,-1.30098,630.405,632.755,11.8503,21.2896,11.0572,6.1926,8.58296,16.7173,16.7173,1.0,1.0,1
81377,31.05.2024 05:23:16.620000,366.833,389.74,9.39948,9.059,9.297,43.4545,3.32661,3.12996,11.4431,0.0535668,630.395,633.765,12.5617,13.0315,12.9687,8.92264,8.58349,17.759,17.759,1.0,1.0,1
81378,31.05.2024 05:23:16.630000,366.833,389.74,9.39948,9.059,9.297,43.4545,3.32661,3.12996,11.4431,0.0535668,630.395,633.765,12.5617,13.0315,12.9687,8.92264,8.58349,17.759,17.759,1.0,1.0,1
81379,31.05.2024 05:23:16.640000,370.871,388.916,9.24734,9.196,9.158,45.6119,3.34907,3.20162,8.84799,1.60401,630.22,634.455,12.5391,15.0689,15.7387,11.6954,8.5845,18.0556,18.0556,1.0,1.0,1
81380,31.05.2024 05:23:16.650000,370.871,388.916,9.24734,9.196,9.158,45.6119,3.34907,3.20162,8.84799,1.60401,630.22,634.455,12.5391,15.0689,15.7387,11.6954,8.5845,18.0556,18.0556,1.0,1.0,1
81381,31.05.2024 05:23:16.660000,369.964,394.766,9.12365,9.318,9.157,46.7306,3.43144,3.29167,10.7705,5.83485,630.725,634.69,11.7929,14.8649,17.8053,13.8855,8.58679,17.6288,17.6288,1.0,1.0,1
81382,31.05.2024 05:23:16.670000,373.672,401.44,9.01493,9.121,8.886,47.9068,3.4772,3.31398,16.602,14.5954,631.11,635.63,15.8518,11.3847,15.7225,13.3956,8.58796,16.6377,16.6377,1.0,1.0,1
81383,31.05.2024 05:23:16.680000,373.672,401.44,9.01493,9.121,8.886,47.9068,3.4772,3.31398,16.602,14.5954,631.11,635.63,15.8518,11.3847,15.7225,13.3956,8.58796,16.6377,16.6377,1.0,1.0,1
81384,31.05.2024 05:23:16.690000,373.672,401.44,8.89998,9.121,8.886,49.0207,3.48335,3.33587,19.9195,17.3148,631.16,635.935,18.3865,10.8285,15.0059,11.9686,8.59016,15.0535,15.0535,1.0,1.0,1
81385,31.05.2024 05:23:16.700000,373.672,401.44,8.89998,9.121,8.886,49.0207,3.48335,3.33587,19.9195,17.3148,631.16,635.935,18.3865,10.8285,15.0059,11.9686,8.59016,15.0535,15.0535,1.0,1.0,1
81386,31.05.2024 05:23:16.710000,370.706,400.781,8.83541,9.146,8.751,50.1239,3.43266,3.35048,17.0014,20.2309,631.105,636.19,19.4932,9.50466,13.7495,11.7585,8.59202,14.0191,14.0191,1.0,1.0,1
81387,31.05.2024 05:23:16.720000,364.526,400.04,8.74739,9.127,8.568,51.1542,3.3731,3.35616,16.55,21.3113,631.04,636.535,19.6521,7.99193,12.1684,12.5965,8.59365,13.3608,13.3608,1.0,1.0,1
81388,31.05.2024 05:23:16.730000,364.526,403.335,8.64565,9.058,8.568,52.4102,3.32809,3.31413,16.55,21.3113,631.04,636.535,19.6521,7.99193,12.1684,12.5965,8.59547,13.3608,13.3608,1.0,1.0,1
81389,31.05.2024 05:23:16.740000,364.526,403.335,8.64565,9.058,8.568,52.4102,3.32809,3.31413,16.55,21.3113,631.04,636.535,19.6521,7.99193,12.1684,12.5965,8.59547,13.3608,13.3608,1.0,1.0,1
81390,31.05.2024 05:23:16.750000,359.088,403.335,8.64565,9.058,8.571,53.7899,3.30675,3.29326,12.5831,16.7672,630.995,636.88,18.9263,7.20825,11.2114,13.4843,8.59547,13.3608,13.3608,1.0,1.0,1
81391,31.05.2024 05:23:16.760000,369.635,390.152,8.4737,9.016,8.55,55.0406,3.27012,3.26093,10.3839,13.1136,631.025,637.12,17.871,6.7027,10.8627,14.0798,8.59786,12.4494,12.4494,1.0,1.0,1
81392,31.05.2024 05:23:16.770000,366.916,400.122,8.4737,9.126,8.434,55.0406,3.27625,3.24426,10.6143,13.5705,631.08,637.32,16.8927,6.01414,10.9881,14.3329,8.59786,12.4494,12.4494,1.0,1.0,1
81393,31.05.2024 05:23:16.780000,368.069,402.511,8.41806,9.19,8.467,56.3296,3.30651,3.21944,10.6143,13.5705,631.08,637.32,16.8927,6.01414,10.9881,14.3329,8.59767,12.4494,12.4494,1.0,1.0,1
81394,31.05.2024 05:23:16.790000,368.069,402.511,8.37586,9.19,8.467,58.1096,3.33248,3.22206,12.4808,12.8656,631.245,637.535,15.8347,5.37304,11.2143,14.604,8.59767,11.8273,11.8273,1.0,1.0,1
81395,31.05.2024 05:23:16.800000,367.41,401.44,8.37586,9.06,8.359,58.1096,3.36001,3.22238,13.8871,9.16936,631.475,637.785,14.8804,4.93336,11.072,14.8277,8.59802,11.8273,11.8273,1.0,1.0,1
81396,31.05.2024 05:23:16.810000,367.41,401.44,8.37586,9.06,8.359,58.1096,3.36001,3.22238,13.8871,9.16936,631.475,637.785,14.8804,4.93336,11.072,14.8277,8.59802,11.8273,11.8273,1.0,1.0,1
81397,31.05.2024 05:23:16.820000,367.41,396.826,8.35987,8.988,8.359,60.1983,3.39685,3.21964,14.9227,9.69468,631.685,637.955,14.3876,5.27609,10.8134,14.9315,8.59783,11.2341,11.2341,1.0,1.0,1
81398,31.05.2024 05:23:16.830000,367.41,396.826,8.35987,8.988,8.359,60.1983,3.39685,3.21964,14.9227,9.69468,631.685,637.955,14.3876,5.27609,10.8134,14.9315,8.59783,11.2341,11.2341,1.0,1.0,1
81399,31.05.2024 05:23:16.840000,369.223,389.987,8.36483,9.043,8.309,61.9843,3.41687,3.27998,18.1348,15.5041,631.98,638.01,13.7232,5.53025,9.71333,14.8852,8.5974,11.2341,11.2341,1.0,1.0,1
81400,31.05.2024 05:23:16.850000,366.504,398.392,8.34172,9.092,8.252,63.3984,3.43879,3.34325,19.5367,18.6448,632.18,638.065,13.6742,5.05542,8.68439,14.8252,8.59681,10.7856,10.7856,1.0,1.0,1
81401,31.05.2024 05:23:16.860000,363.125,401.44,8.32114,9.034,8.297,64.5205,3.43527,3.37578,19.5367,18.6448,632.18,638.065,13.6742,5.05542,8.68439,14.8252,8.59612,10.9158,10.9158,1.0,1.0,1
81402,31.05.2024 05:23:16.870000,363.125,401.44,8.32114,9.034,8.297,64.5205,3.43527,3.37578,19.5367,18.6448,632.18,638.065,13.6742,5.05542,8.68439,14.8252,8.59612,10.9158,10.9158,1.0,1.0,1
81403,31.05.2024 05:23:16.880000,363.125,401.44,8.36796,9.034,8.297,65.4879,3.42959,3.3929,20.0609,20.7449,632.35,638.18,13.1449,4.62217,8.08335,14.867,8.59612,10.9158,10.9158,1.0,1.0,1
81404,31.05.2024 05:23:16.890000,372.601,397.815,8.36986,8.931,8.351,66.2877,3.42427,3.43089,18.2437,24.3036,632.515,638.26,12.36,4.59235,7.75888,14.7171,8.59456,11.1545,11.1545,1.0,1.0,1
81405,31.05.2024 05:23:16.900000,372.601,397.815,8.36986,8.931,8.351,66.2877,3.42427,3.43089,18.2437,24.3036,632.515,638.26,12.36,4.59235,7.75888,14.7171,8.59456,11.1545,11.1545,1.0,1.0,1
81406,31.05.2024 05:23:16.910000,363.125,397.815,8.36986,8.931,8.36,67.0415,3.42819,3.4534,19.6136,27.1865,632.725,638.29,11.3095,4.50733,7.43435,14.4306,8.59456,11.1545,11.1545,1.0,1.0,1
81407,31.05.2024 05:23:16.920000,364.773,399.792,8.43551,8.938,8.301,67.8839,3.48897,3.43329,20.8262,27.2332,632.9,638.315,10.6166,4.28608,7.30039,14.116,8.59269,12.6085,12.6085,1.0,1.0,1
81408,31.05.2024 05:23:16.930000,360.489,402.923,8.43551,8.864,8.339,67.8839,3.51587,3.4252,22.5827,26.018,633.09,638.34,9.6221,4.19037,7.129,13.7788,8.59269,12.6085,12.6085,1.0,1.0,1
81409,31.05.2024 05:23:16.940000,360.489,402.923,8.43551,8.864,8.339,67.8839,3.51587,3.4252,22.5827,26.018,633.09,638.34,9.6221,4.19037,7.129,13.7788,8.59269,12.6085,12.6085,1.0,1.0,1
81410,31.05.2024 05:23:16.950000,359.582,395.672,8.40098,8.69,8.423,68.6436,3.55773,3.42778,23.9608,21.325,633.3,638.365,8.82684,4.05681,6.96381,13.4405,8.59138,13.3029,13.3029,1.0,1.0,1
81411,31.05.2024 05:23:16.960000,365.185,392.212,8.39997,8.661,8.418,69.4155,3.57096,3.38147,23.4621,23.2459,633.495,638.37,8.23065,3.94546,6.64585,12.9307,8.59071,13.3102,13.3102,1.0,1.0,1
81412,31.05.2024 05:23:16.970000,365.185,398.227,8.44825,8.672,8.418,70.2472,3.55269,3.37351,23.4621,23.2459,633.495,638.37,8.23065,3.94546,6.64585,12.9307,8.58981,13.5634,13.5634,1.0,1.0,1
81413,31.05.2024 05:23:16.980000,362.219,398.227,8.44825,8.672,8.416,71.0152,3.53647,3.36195,25.8339,21.7699,633.665,638.39,7.84538,3.68398,6.02384,12.5317,8.58981,13.5634,13.5634,1.0,1.0,1
81414,31.05.2024 05:23:16.990000,368.069,400.699,8.52979,8.594,8.439,71.0152,3.518,3.34754,24.6877,22.1084,633.805,638.39,7.60185,3.74941,5.69097,12.1849,8.58957,14.3663,14.3663,1.0,1.0,1
81415,31.05.2024 05:23:17.000000,368.069,400.699,8.58802,8.594,8.439,71.752,3.48294,3.34954,24.6877,22.1084,633.805,638.39,7.60185,3.74941,5.69097,12.1849,8.58911,14.974,14.974,1.0,1.0,1
81416,31.05.2024 05:23:17.010000,371.695,404.654,8.58802,8.532,8.455,71.752,3.437,3.36291,21.8884,20.7446,633.935,638.405,7.39307,3.63248,5.4889,11.9274,8.58911,14.974,14.974,1.0,1.0,1
81417,31.05.2024 05:23:17.020000,368.564,394.189,8.54193,8.472,8.47,72.41,3.36357,3.35884,21.8884,20.7446,633.935,638.405,7.39307,3.63248,5.4889,11.9274,8.58902,15.2778,15.2778,1.0,1.0,1
81418,31.05.2024 05:23:17.030000,368.564,394.189,8.54193,8.472,8.47,72.41,3.36357,3.35884,21.8884,20.7446,633.935,638.405,7.39307,3.63248,5.4889,11.9274,8.58902,15.2778,15.2778,1.0,1.0,1
81419,31.05.2024 05:23:17.040000,368.564,394.189,8.50982,8.472,8.47,73.1438,3.32553,3.36046,17.2697,19.6417,633.985,638.42,7.14231,3.54613,5.01582,11.7547,8.58902,15.8565,15.8565,1.0,1.0,1
81420,31.05.2024 05:23:17.050000,368.069,397.65,8.57162,8.516,8.461,74.0956,3.28368,3.38473,13.6771,20.1907,634.08,638.41,6.59879,3.71861,4.78933,11.652,8.5876,15.8565,15.8565,1.0,1.0,1
81421,31.05.2024 05:23:17.060000,368.069,397.65,8.57162,8.516,8.461,74.0956,3.28368,3.38473,13.6771,20.1907,634.08,638.41,6.59879,3.71861,4.78933,11.652,8.5876,15.8565,15.8565,1.0,1.0,1
81422,31.05.2024 05:23:17.070000,363.62,397.65,8.57162,8.516,8.463,74.9498,3.29128,3.36868,12.0666,24.711,634.18,638.425,6.20547,3.65643,4.86163,11.5646,8.5876,15.8565,15.8565,1.0,1.0,1
81423,31.05.2024 05:23:17.080000,366.339,398.886,8.638,8.461,8.495,75.7189,3.31582,3.38457,12.5351,20.8367,634.295,638.42,5.9643,3.66455,4.9008,11.5499,8.58758,17.1007,17.1007,1.0,1.0,1
81424,31.05.2024 05:23:17.090000,369.058,393.942,8.638,8.427,8.454,75.7189,3.33986,3.36154,11.8686,21.5838,634.345,638.425,6.12392,3.81191,4.78718,11.5233,8.58758,17.1007,17.1007,1.0,1.0,1
81425,31.05.2024 05:23:17.100000,366.421,391.882,8.61676,8.484,8.47,76.354,3.36094,3.28514,11.8686,21.5838,634.345,638.425,6.12392,3.81191,4.78718,11.5233,8.58791,17.1007,17.1007,1.0,1.0,1
81426,31.05.2024 05:23:17.110000,366.421,391.882,8.61287,8.484,8.47,76.9293,3.35439,3.28085,17.6165,17.7089,634.395,638.38,6.05436,3.74795,4.53493,11.4314,8.58791,17.6649,17.6649,1.0,1.0,1
81427,31.05.2024 05:23:17.120000,366.421,391.882,8.61287,8.484,8.47,76.9293,3.35439,3.28085,17.6165,17.7089,634.395,638.38,6.05436,3.74795,4.53493,11.4314,8.58791,17.6649,17.6649,1.0,1.0,1
81428,31.05.2024 05:23:17.130000,368.481,392.871,8.61287,8.536,8.51,76.9293,3.36044,3.27355,14.7238,12.3684,634.41,638.365,6.01372,3.48073,4.3397,11.4862,8.58777,17.8892,17.8892,1.0,1.0,1
81429,31.05.2024 05:23:17.140000,361.807,393.036,8.635,8.586,8.594,77.552,3.35224,3.26172,14.0929,11.9128,634.46,638.385,5.72,3.63021,4.21176,11.4868,8.58739,17.8892,17.8892,1.0,1.0,1
81430,31.05.2024 05:23:17.150000,370.047,394.354,8.66755,8.593,8.578,77.552,3.34958,3.27828,16.6363,15.4194,634.53,638.39,5.63207,3.85962,3.99095,11.5691,8.58779,17.8892,17.8892,1.0,1.0,1
81431,31.05.2024 05:23:17.160000,370.047,394.354,8.66755,8.593,8.578,77.552,3.34958,3.27828,16.6363,15.4194,634.53,638.39,5.63207,3.85962,3.99095,11.5691,8.58779,17.8892,17.8892,1.0,1.0,1
81432,31.05.2024 05:23:17.170000,370.047,394.354,8.6792,8.593,8.578,77.7412,3.35226,3.28845,14.3573,14.0362,634.55,638.34,5.61276,4.02538,3.80075,11.7836,8.58788,17.9832,17.9832,1.0,1.0,1
81433,31.05.2024 05:23:17.180000,356.039,399.463,8.68884,8.618,8.611,77.8427,3.3531,3.32205,15.6006,15.4237,634.55,638.315,5.51993,3.81071,3.67983,11.8746,8.58788,18.4751,18.4751,1.0,1.0,1
81434,31.05.2024 05:23:17.190000,356.039,399.463,8.68802,8.618,8.611,77.9813,3.35027,3.34003,15.6006,15.4237,634.55,638.315,5.51993,3.81071,3.67983,11.8746,8.58788,18.4751,18.4751,1.0,1.0,1
81435,31.05.2024 05:23:17.200000,362.878,397.568,8.68802,8.632,8.562,77.9813,3.35938,3.3491,13.5782,18.9239,634.55,638.315,5.20927,3.63698,3.72015,11.9989,8.58835,18.4751,18.4751,1.0,1.0,1
81436,31.05.2024 05:23:17.210000,362.878,397.732,8.70324,8.641,8.562,78.0766,3.39736,3.35174,13.5782,18.9239,634.55,638.315,5.20927,3.63698,3.72015,11.9989,8.58873,18.1785,18.1785,1.0,1.0,1
81437,31.05.2024 05:23:17.220000,362.878,397.732,8.70324,8.641,8.562,78.0766,3.39736,3.35174,13.5782,18.9239,634.55,638.315,5.20927,3.63698,3.72015,11.9989,8.58873,18.1785,18.1785,1.0,1.0,1
81438,31.05.2024 05:23:17.230000,367.328,397.732,8.70324,8.641,8.577,78.1754,3.4063,3.35965,16.0839,20.3637,634.58,638.29,5.08922,3.64283,3.64292,11.8972,8.58873,18.1785,18.1785,1.0,1.0,1
81439,31.05.2024 05:23:17.240000,370.294,392.212,8.74641,8.636,8.574,78.2694,3.43049,3.34629,19.6265,18.1606,634.62,638.26,4.98418,3.61382,3.45764,11.8536,8.58958,18.8585,18.8585,1.0,1.0,1
81440,31.05.2024 05:23:17.250000,370.294,392.212,8.74641,8.636,8.574,78.2694,3.43049,3.34629,19.6265,18.1606,634.62,638.26,4.98418,3.61382,3.45764,11.8536,8.58958,18.8585,18.8585,1.0,1.0,1
81441,31.05.2024 05:23:17.260000,365.185,393.942,8.74641,8.626,8.557,78.2694,3.42255,3.33411,18.575,20.4299,634.625,638.26,5.04582,3.47546,3.31867,11.9253,8.58958,18.873,18.873,1.0,1.0,1
81442,31.05.2024 05:23:17.270000,359.994,392.624,8.73849,8.612,8.595,78.4206,3.35538,3.28386,18.4115,16.3127,634.645,638.24,4.88994,3.41284,3.42265,12.0197,8.59076,18.5764,18.5764,1.0,1.0,1
81443,31.05.2024 05:23:17.280000,359.994,392.624,8.73849,8.612,8.595,78.4206,3.35538,3.28386,18.4115,16.3127,634.645,638.24,4.88994,3.41284,3.42265,12.0197,8.59076,18.5764,18.5764,1.0,1.0,1
81444,31.05.2024 05:23:17.290000,364.197,398.804,8.73849,8.631,8.608,78.4206,3.32318,3.24974,14.6775,14.8803,634.68,638.2,4.93366,3.3064,3.26697,12.0725,8.59152,18.7355,18.7355,1.0,1.0,1
81445,31.05.2024 05:23:17.300000,370.376,398.886,8.75266,8.658,8.586,78.4571,3.26144,3.21918,11.5486,10.2284,634.71,638.2,4.97605,3.19089,3.08342,12.1523,8.59262,18.7355,18.7355,1.0,1.0,1
81446,31.05.2024 05:23:17.310000,357.275,399.628,8.77192,8.666,8.617,78.4571,3.26149,3.20099,12.4875,9.40525,634.715,638.19,5.09968,3.20419,3.02392,12.0458,8.59272,18.6126,18.6126,1.0,1.0,1
81447,31.05.2024 05:23:17.320000,357.275,399.628,8.73828,8.666,8.617,78.5226,3.26168,3.19304,12.4875,9.40525,634.715,638.19,5.09968,3.20419,3.02392,12.0458,8.59303,18.4317,18.4317,1.0,1.0,1
81448,31.05.2024 05:23:17.330000,340.549,398.062,8.73828,8.678,8.668,78.5226,3.26984,3.19523,11.3419,8.86708,634.715,638.185,5.15284,3.25976,2.99586,11.9567,8.59303,18.4317,18.4317,1.0,1.0,1
81449,31.05.2024 05:23:17.340000,334.122,376.474,8.7287,8.711,8.613,78.5139,3.30876,3.19391,11.3419,8.86708,634.715,638.185,5.15284,3.25976,2.99586,11.9567,8.59401,18.8223,18.8223,1.0,1.0,1
81450,31.05.2024 05:23:17.350000,334.122,376.474,8.7287,8.711,8.613,78.5139,3.30876,3.19391,11.3419,8.86708,634.715,638.185,5.15284,3.25976,2.99586,11.9567,8.59401,18.8223,18.8223,1.0,1.0,1
81451,31.05.2024 05:23:17.360000,334.122,376.474,8.73812,8.711,8.613,78.5513,3.32762,3.20797,10.5786,7.31287,634.71,638.17,5.11017,3.37471,3.09083,11.8867,8.59401,18.8223,18.8223,1.0,1.0,1
81452,31.05.2024 05:23:17.370000,311.298,322.009,8.74533,8.729,8.692,78.5315,3.38532,3.25767,14.9128,10.4444,634.72,638.135,4.89715,3.4299,3.23669,11.845,8.59479,18.9742,18.9742,1.0,1.0,1
81453,31.05.2024 05:23:17.380000,311.298,322.009,8.74533,8.729,8.692,78.5315,3.38532,3.25767,14.9128,10.4444,634.72,638.135,4.89715,3.4299,3.23669,11.845,8.59479,18.9742,18.9742,1.0,1.0,1
81454,31.05.2024 05:23:17.390000,301.327,322.009,8.74533,8.729,8.636,78.5299,3.38811,3.27784,16.289,16.9948,634.74,638.11,4.69766,3.36558,3.23981,11.8387,8.59479,18.9742,18.9742,1.0,1.0,1
81455,31.05.2024 05:23:17.400000,312.945,314.346,8.72795,8.715,8.615,78.5738,3.36367,3.31412,17.9271,14.1774,634.75,638.095,4.56753,3.24914,3.13349,11.7098,8.59579,18.7211,18.7211,1.0,1.0,1
81456,31.05.2024 05:23:17.410000,303.223,307.26,8.72795,8.702,8.615,78.5738,3.34031,3.31489,15.2266,18.5194,634.75,638.06,4.49324,3.24391,2.99423,11.6129,8.59579,18.7211,18.7211,1.0,1.0,1
81457,31.05.2024 05:23:17.420000,303.223,307.26,8.72795,8.702,8.615,78.5738,3.34031,3.31489,15.2266,18.5194,634.75,638.06,4.49324,3.24391,2.99423,11.6129,8.59579,18.7211,18.7211,1.0,1.0,1
81458,31.05.2024 05:23:17.430000,302.646,295.724,8.71127,8.702,8.593,78.8584,3.29182,3.32193,13.8596,19.1511,634.79,638.055,4.26048,3.19963,2.92382,11.336,8.59675,18.5764,18.5764,1.0,1.0,1
81459,31.05.2024 05:23:17.440000,303.799,279.904,8.69639,8.704,8.578,78.7719,3.26841,3.30589,12.7617,17.4977,634.795,638.05,4.26408,3.16011,2.7968,11.2372,8.59716,18.5764,18.5764,1.0,1.0,1
81460,31.05.2024 05:23:17.450000,303.799,266.473,8.69517,8.687,8.578,78.7031,3.27423,3.28266,12.7617,17.4977,634.795,638.05,4.26408,3.16011,2.7968,11.2372,8.59789,18.3304,18.3304,1.0,1.0,1
81461,31.05.2024 05:23:17.460000,293.5,266.473,8.69517,8.687,8.619,78.6795,3.28658,3.27427,10.4495,14.3867,634.8,638.05,4.27765,3.25759,2.67833,11.2547,8.59789,18.3304,18.3304,1.0,1.0,1
81462,31.05.2024 05:23:17.470000,293.5,266.473,8.69517,8.687,8.619,78.6795,3.28658,3.27427,10.4495,14.3867,634.8,638.05,4.27765,3.25759,2.67833,11.2547,8.59789,18.3304,18.3304,1.0,1.0,1
81463,31.05.2024 05:23:17.480000,274.713,261.035,8.68548,8.679,8.629,78.6795,3.30531,3.26765,11.615,14.0462,634.79,638.005,4.29066,3.45525,2.68719,11.1867,8.59882,18.1207,18.1207,1.0,1.0,1
81464,31.05.2024 05:23:17.490000,274.713,261.035,8.68548,8.679,8.629,78.6795,3.30531,3.26765,11.615,14.0462,634.79,638.005,4.29066,3.45525,2.68719,11.1867,8.59882,18.1207,18.1207,1.0,1.0,1
81465,31.05.2024 05:23:17.500000,258.069,242.99,8.68336,8.682,8.63,78.6437,3.36085,3.26541,14.1075,16.4608,634.79,637.98,4.04489,3.36153,2.64886,11.2385,8.59946,17.8892,17.8892,1.0,1.0,1
81466,31.05.2024 05:23:17.510000,258.069,242.99,8.68336,8.682,8.63,78.6437,3.36085,3.26541,14.1075,16.4608,634.79,637.98,4.04489,3.36153,2.64886,11.2385,8.59946,17.8892,17.8892,1.0,1.0,1
81467,31.05.2024 05:23:17.520000,252.548,222.967,8.6657,8.667,8.58,78.6677,3.3809,3.27579,15.9538,12.3926,634.795,637.975,3.8023,3.15981,2.63471,11.2925,8.60036,17.4841,17.4841,1.0,1.0,1
81468,31.05.2024 05:23:17.530000,248.016,237.305,8.65725,8.593,8.565,78.6819,3.35251,3.28116,15.7311,13.1731,634.81,637.96,3.56896,3.29068,2.60745,11.2378,8.6017,17.3901,17.3901,1.0,1.0,1
81469,31.05.2024 05:23:17.540000,248.016,237.305,8.65725,8.593,8.565,78.6819,3.35251,3.28116,15.7311,13.1731,634.81,637.96,3.56896,3.29068,2.60745,11.2378,8.6017,17.3901,17.3901,1.0,1.0,1
81470,31.05.2024 05:23:17.550000,258.234,237.305,8.65725,8.593,8.531,78.6546,3.33579,3.27831,15.5381,14.6962,634.81,637.93,3.51617,3.41514,2.49698,11.2691,8.6017,17.3901,17.3901,1.0,1.0,1
81471,31.05.2024 05:23:17.560000,246.204,224.368,8.66506,8.59,8.517,78.6215,3.29854,3.26945,15.488,15.232,634.81,637.905,3.40743,3.47005,2.4416,11.1864,8.60279,17.3105,17.3105,1.0,1.0,1
81472,31.05.2024 05:23:17.570000,243.732,218.436,8.66506,8.57,8.53,78.6215,3.2902,3.26558,13.374,15.3639,634.82,637.9,3.30262,3.4141,2.52202,11.1566,8.60279,17.3105,17.3105,1.0,1.0,1
81473,31.05.2024 05:23:17.580000,243.732,218.436,8.66506,8.57,8.53,78.6215,3.2902,3.26558,13.374,15.3639,634.82,637.9,3.30262,3.4141,2.52202,11.1566,8.60279,17.3105,17.3105,1.0,1.0,1
81474,31.05.2024 05:23:17.590000,226.099,208.136,8.65284,8.56,8.507,78.576,3.28901,3.25486,12.7456,12.0622,634.83,637.875,3.2592,3.50477,2.5227,11.1977,8.6027,16.9271,16.9271,1.0,1.0,1
81475,31.05.2024 05:23:17.600000,214.645,180.945,8.65207,8.567,8.537,78.6637,3.30875,3.25015,12.6117,14.3661,634.825,637.84,3.17779,3.55475,2.5577,11.2716,8.60272,16.5365,16.5365,1.0,1.0,1
81476,31.05.2024 05:23:17.610000,214.645,144.443,8.64414,8.607,8.537,78.6543,3.33157,3.25064,12.6117,14.3661,634.825,637.84,3.17779,3.55475,2.5577,11.2716,8.60249,16.4063,16.4063,1.0,1.0,1
81477,31.05.2024 05:23:17.620000,179.544,144.443,8.64414,8.607,8.58,78.8112,3.34483,3.25133,14.0546,14.2007,634.845,637.825,3.16244,3.30432,2.52408,11.1762,8.60249,16.4063,16.4063,1.0,1.0,1
81478,31.05.2024 05:23:17.630000,150.211,107.034,8.64283,8.632,8.589,78.8112,3.35226,3.25305,15.5766,13.4627,634.855,637.81,3.26174,3.21579,2.49077,11.1439,8.60257,16.2037,16.2037,1.0,1.0,1
81479,31.05.2024 05:23:17.640000,150.211,107.034,8.64057,8.632,8.589,78.8568,3.35497,3.25716,15.5766,13.4627,634.855,637.81,3.26174,3.21579,2.49077,11.1439,8.60294,16.2399,16.2399,1.0,1.0,1
81480,31.05.2024 05:23:17.650000,131.094,99.1241,8.64057,8.629,8.593,78.8568,3.35515,3.25899,15.5165,13.372,634.865,637.78,3.34978,3.32068,2.51754,11.0466,8.60294,16.2399,16.2399,1.0,1.0,1
81481,31.05.2024 05:23:17.660000,122.195,98.2177,8.6286,8.614,8.555,78.8286,3.33032,3.25706,15.5165,13.372,634.865,637.78,3.34978,3.32068,2.51754,11.0466,8.60292,16.2182,16.2182,1.0,1.0,1
81482,31.05.2024 05:23:17.670000,122.195,98.2177,8.6286,8.614,8.555,78.8286,3.33032,3.25706,15.5165,13.372,634.865,637.78,3.34978,3.32068,2.51754,11.0466,8.60292,16.2182,16.2182,1.0,1.0,1
81483,31.05.2024 05:23:17.680000,122.195,98.2177,8.63774,8.614,8.555,78.6046,3.31221,3.25746,14.0302,12.8929,634.865,637.76,3.43008,3.26854,2.56029,10.9098,8.60292,16.2182,16.2182,1.0,1.0,1
81484,31.05.2024 05:23:17.690000,123.926,65.9179,8.6553,8.58,8.535,78.5571,3.26341,3.25383,12.4898,12.8986,634.865,637.765,3.4556,3.09097,2.58421,10.8432,8.60302,16.1531,16.1531,1.0,1.0,1
81485,31.05.2024 05:23:17.700000,123.926,65.9179,8.6553,8.58,8.535,78.5571,3.26341,3.25383,12.4898,12.8986,634.865,637.765,3.4556,3.09097,2.58421,10.8432,8.60302,16.1531,16.1531,1.0,1.0,1
81486,31.05.2024 05:23:17.710000,116.016,65.9179,8.6553,8.58,8.552,78.5902,3.25801,3.2501,11.14,12.3427,634.855,637.735,3.47748,3.16709,2.67577,10.8784,8.60302,16.1531,16.1531,1.0,1.0,1
81487,31.05.2024 05:23:17.720000,109.424,48.3673,8.63951,8.56,8.503,78.5791,3.26837,3.2415,10.9836,10.2989,634.87,637.7,3.50777,3.24084,2.58615,10.7849,8.60346,15.8492,15.8492,1.0,1.0,1
81488,31.05.2024 05:23:17.730000,107.529,34.9365,8.63951,8.553,8.502,78.5791,3.28116,3.23963,10.6628,10.3019,634.86,637.68,3.57037,3.14342,2.5618,10.6657,8.60346,15.8492,15.8492,1.0,1.0,1
81489,31.05.2024 05:23:17.740000,84.5398,-35.0189,8.63459,8.558,8.515,78.6202,3.31489,3.24403,10.6628,10.3019,634.86,637.68,3.57037,3.14342,2.5618,10.6657,8.60327,15.7914,15.7914,1.0,1.0,1
81490,31.05.2024 05:23:17.750000,84.5398,-35.0189,8.64048,8.558,8.515,78.6116,3.33329,3.24653,12.7979,11.3744,634.865,637.675,3.59915,3.11113,2.52289,10.6595,8.60327,15.8203,15.8203,1.0,1.0,1
81491,31.05.2024 05:23:17.760000,73.2513,-63.034,8.64048,8.517,8.48,78.6116,3.34851,3.24938,14.7086,12.7632,634.86,637.665,3.58498,3.28301,2.56246,10.6686,8.60361,15.8203,15.8203,1.0,1.0,1
81492,31.05.2024 05:23:17.770000,73.2513,-59.7381,8.64426,8.493,8.48,78.6092,3.36099,3.26158,14.7086,12.7632,634.86,637.665,3.58498,3.28301,2.56246,10.6686,8.60408,15.7624,15.7624,1.0,1.0,1
81493,31.05.2024 05:23:17.780000,73.2513,-59.7381,8.64426,8.493,8.48,78.6092,3.36099,3.26158,14.7086,12.7632,634.86,637.665,3.58498,3.28301,2.56246,10.6686,8.60408,15.7624,15.7624,1.0,1.0,1
81494,31.05.2024 05:23:17.790000,59.079,-59.7381,8.64426,8.493,8.482,78.5862,3.3559,3.26642,14.0044,13.4479,634.865,637.65,3.5466,3.3344,2.50511,10.6451,8.60408,15.7624,15.7624,1.0,1.0,1
81495,31.05.2024 05:23:17.800000,59.079,-59.7381,8.64426,8.493,8.482,78.5862,3.3559,3.26642,14.0044,13.4479,634.865,637.65,3.5466,3.3344,2.50511,10.6451,8.60408,15.7624,15.7624,1.0,1.0,1
81496,31.05.2024 05:23:17.810000,16.9739,-91.7907,8.66557,8.477,8.513,78.583,3.31787,3.27248,13.291,14.5705,634.86,637.645,3.53858,3.33257,2.47743,10.6195,8.60406,15.748,15.748,1.0,1.0,1
81497,31.05.2024 05:23:17.820000,-61.3861,-111.401,8.66749,8.507,8.478,78.5889,3.25055,3.26957,10.643,13.2159,634.845,637.6,3.59507,3.45342,2.44792,10.4694,8.60469,15.748,15.748,1.0,1.0,1
81498,31.05.2024 05:23:17.830000,-61.3861,-111.401,8.66799,8.507,8.478,78.5818,3.24254,3.26356,10.643,13.2159,634.845,637.6,3.59507,3.45342,2.44792,10.4694,8.60469,15.9433,15.9433,1.0,1.0,1
81499,31.05.2024 05:23:17.840000,-37.1612,-146.997,8.66799,8.543,8.448,78.5818,3.24086,3.25522,8.98423,13.0477,634.845,637.565,3.56008,3.55203,2.50057,10.4766,8.60517,15.9433,15.9433,1.0,1.0,1
81500,31.05.2024 05:23:17.850000,-37.1612,-179.709,8.66588,8.523,8.448,78.55,3.25853,3.2381,8.98423,13.0477,634.845,637.565,3.56008,3.55203,2.50057,10.4766,8.60524,16.0807,16.0807,0.0,1.0,1
81501,31.05.2024 05:23:17.860000,-37.1612,-179.709,8.66588,8.523,8.448,78.55,3.25853,3.2381,8.98423,13.0477,634.845,637.565,3.56008,3.55203,2.50057,10.4766,8.60524,16.0807,16.0807,0.0,1.0,1
81502,31.05.2024 05:23:17.870000,-85.1166,-179.709,8.66588,8.523,8.501,78.5819,3.27385,3.23157,9.39236,11.8911,634.84,637.525,3.4329,3.46548,2.53348,10.553,8.60524,16.0807,16.0807,0.0,1.0,1
81503,31.05.2024 05:23:17.880000,-115.356,-195.364,8.67959,8.512,8.511,78.624,3.3129,3.22897,11.0496,10.1821,634.835,637.535,3.43363,3.27298,2.4831,10.5312,8.60507,15.9867,15.9867,0.0,1.0,1
81504,31.05.2024 05:23:17.890000,-131.177,-229.724,8.67959,8.55,8.575,78.624,3.33623,3.22941,12.8428,11.4277,634.83,637.525,3.2882,3.4277,2.43637,10.3771,8.60507,15.9867,15.9867,0.0,1.0,1
81505,31.05.2024 05:23:17.900000,-155.484,-255.267,8.65561,8.593,8.57,78.6433,3.36614,3.23237,12.8428,11.4277,634.83,637.525,3.2882,3.4277,2.43637,10.3771,8.60517,16.088,16.088,0.0,1.0,1
81506,31.05.2024 05:23:17.910000,-155.484,-255.267,8.65957,8.593,8.57,78.7432,3.37331,3.23501,14.5777,11.3376,634.83,637.51,3.16914,3.57591,2.40565,10.3838,8.60517,16.4279,16.4279,0.0,1.0,1
81507,31.05.2024 05:23:17.920000,-179.709,-252.631,8.65957,8.586,8.576,78.7432,3.36796,3.23766,15.4385,11.262,634.83,637.485,3.04894,3.65071,2.3558,10.4459,8.60519,16.4279,16.4279,0.0,1.0,1
81508,31.05.2024 05:23:17.930000,-179.709,-247.275,8.67385,8.556,8.576,78.7175,3.33756,3.24701,15.4385,11.262,634.83,637.485,3.04894,3.65071,2.3558,10.4459,8.60563,16.4858,16.4858,0.0,1.0,1
81509,31.05.2024 05:23:17.940000,-211.679,-247.275,8.67385,8.556,8.554,78.6905,3.31376,3.25199,14.5995,12.8479,634.835,637.455,2.9608,3.72534,2.36121,10.3042,8.60563,16.4858,16.4858,0.0,1.0,1
81510,31.05.2024 05:23:17.950000,-207.559,-253.125,8.67384,8.563,8.523,78.6905,3.29214,3.25175,12.8905,13.6859,634.81,637.43,2.82874,3.66439,2.44209,10.1228,8.60545,16.5726,16.5726,0.0,1.0,1
81511,31.05.2024 05:23:17.960000,-207.559,-253.125,8.66083,8.563,8.523,78.6334,3.2758,3.24794,12.8905,13.6859,634.81,637.43,2.82874,3.66439,2.44209,10.1228,8.60621,16.5799,16.5799,0.0,1.0,1
81512,31.05.2024 05:23:17.970000,-207.559,-253.125,8.66083,8.563,8.523,78.6334,3.2758,3.24794,12.8905,13.6859,634.81,637.43,2.82874,3.66439,2.44209,10.1228,8.60621,16.5799,16.5799,0.0,1.0,1
81513,31.05.2024 05:23:17.980000,-224.78,-250.983,8.66083,8.58,8.547,78.6334,3.26143,3.24403,9.37913,11.2613,634.805,637.415,2.71762,3.46903,2.28798,9.8815,8.60621,16.5799,16.5799,0.0,1.0,1
81514,31.05.2024 05:23:17.990000,-224.78,-250.983,8.66083,8.58,8.547,78.6334,3.26143,3.24403,9.37913,11.2613,634.805,637.415,2.71762,3.46903,2.28798,9.8815,8.60621,16.5799,16.5799,0.0,1.0,1
81515,31.05.2024 05:23:18.000000,-221.814,-252.466,8.65856,8.602,8.578,78.6202,3.25793,3.23039,8.66341,9.60732,634.8,637.415,2.56376,3.47246,2.21131,9.69358,8.60615,16.7173,16.7173,0.0,1.0,1
81516,31.05.2024 05:23:18.010000,-226.923,-256.421,8.67156,8.567,8.534,78.6455,3.29315,3.22805,8.90362,11.3256,634.79,637.41,2.55507,3.43817,2.15653,9.6328,8.60674,16.7173,16.7173,0.0,1.0,1
81517,31.05.2024 05:23:18.020000,-226.923,-256.421,8.67156,8.567,8.534,78.6455,3.29315,3.22805,8.90362,11.3256,634.79,637.41,2.55507,3.43817,2.15653,9.6328,8.60674,16.7173,16.7173,0.0,1.0,1
81518,31.05.2024 05:23:18.030000,-221.814,-256.421,8.67156,8.567,8.503,78.512,3.30744,3.22912,9.35854,8.32409,634.785,637.37,2.46172,3.64557,2.08939,9.59973,8.60674,16.7173,16.7173,0.0,1.0,1
81519,31.05.2024 05:23:18.040000,-225.522,-253.207,8.65554,8.544,8.523,78.4986,3.33051,3.23197,11.4922,8.39371,634.785,637.345,2.38629,3.55159,2.13767,9.30653,8.60767,16.399,16.399,0.0,1.0,1
81520,31.05.2024 05:23:18.050000,-222.803,-253.702,8.65554,8.574,8.52,78.4986,3.33289,3.23542,11.4151,8.62256,634.785,637.33,2.29198,3.40729,2.16358,9.04585,8.60767,16.399,16.399,0.0,1.0,1
81521,31.05.2024 05:23:18.060000,-225.687,-251.065,8.65879,8.571,8.505,78.4791,3.32416,3.24582,11.4151,8.62256,634.785,637.33,2.29198,3.40729,2.16358,9.04585,8.60794,16.399,16.399,0.0,1.0,1
81522,31.05.2024 05:23:18.070000,-225.687,-251.065,8.6691,8.571,8.505,78.5017,3.31509,3.24885,10.6757,9.57429,634.77,637.33,2.2533,3.31007,2.17479,8.94633,8.60794,16.3918,16.3918,0.0,1.0,1
81523,31.05.2024 05:23:18.080000,-225.687,-251.065,8.6691,8.571,8.505,78.5017,3.31509,3.24885,10.6757,9.57429,634.77,637.33,2.2533,3.31007,2.17479,8.94633,8.60794,16.3918,16.3918,0.0,1.0,1
81524,31.05.2024 05:23:18.090000,-231.537,-243.979,8.6691,8.568,8.493,78.5017,3.30191,3.2513,11.598,12.1303,634.77,637.315,2.26728,3.38517,2.19456,8.96075,8.60827,16.3918,16.3918,0.0,1.0,1
81525,31.05.2024 05:23:18.100000,-223.956,-249.499,8.67422,8.548,8.502,78.4969,3.277,3.25072,10.4318,11.9232,634.77,637.3,2.30674,3.37214,2.07242,8.82641,8.60909,16.3918,16.3918,0.0,1.0,1
81526,31.05.2024 05:23:18.110000,-224.451,-249.005,8.66257,8.54,8.507,78.4969,3.27532,3.25039,9.40653,14.0714,634.765,637.3,2.38911,3.37763,1.98279,8.67755,8.60971,16.5799,16.5799,0.0,1.0,1
81527,31.05.2024 05:23:18.120000,-224.451,-249.005,8.67026,8.54,8.507,78.5235,3.27985,3.24974,9.40653,14.0714,634.765,637.3,2.38911,3.37763,1.98279,8.67755,8.61027,16.5799,16.5799,0.0,1.0,1
81528,31.05.2024 05:23:18.130000,-220.908,-247.604,8.67026,8.534,8.505,78.5235,3.28611,3.2493,9.47836,13.3755,634.755,637.295,2.38887,3.60584,2.09386,8.72603,8.61027,16.5799,16.5799,0.0,1.0,1
81529,31.05.2024 05:23:18.140000,-226.016,-251.724,8.67947,8.541,8.481,78.5276,3.30616,3.25014,9.47836,13.3755,634.755,637.295,2.38887,3.60584,2.09386,8.72603,8.61086,16.6233,16.6233,0.0,1.0,1
81530,31.05.2024 05:23:18.150000,-226.016,-251.724,8.67947,8.541,8.481,78.5276,3.30616,3.25014,9.47836,13.3755,634.755,637.295,2.38887,3.60584,2.09386,8.72603,8.61086,16.6233,16.6233,0.0,1.0,1
81531,31.05.2024 05:23:18.160000,-226.016,-251.724,8.68534,8.541,8.481,78.5191,3.31219,3.25021,11.0332,12.8153,634.755,637.295,2.30135,3.6968,2.00001,8.77965,8.61086,16.5292,16.5292,0.0,1.0,1
81532,31.05.2024 05:23:18.170000,-226.016,-251.724,8.68534,8.541,8.481,78.5191,3.31219,3.25021,11.0332,12.8153,634.755,637.295,2.30135,3.6968,2.00001,8.77965,8.61086,16.5292,16.5292,0.0,1.0,1
81533,31.05.2024 05:23:18.180000,-220.001,-251.312,8.68172,8.553,8.479,78.5455,3.32156,3.25279,12.911,12.9349,634.745,637.285,2.45175,3.87275,1.95303,8.74481,8.61084,16.5365,16.5365,0.0,1.0,1
81534,31.05.2024 05:23:18.190000,-214.975,-247.851,8.66845,8.575,8.546,78.4887,3.31672,3.25192,12.4625,12.6595,634.705,637.225,2.65858,3.94899,1.72652,8.79241,8.61101,16.5365,16.5365,0.0,1.0,1
81535,31.05.2024 05:23:18.200000,-214.975,-247.851,8.66845,8.575,8.546,78.4887,3.31672,3.25192,12.4625,12.6595,634.705,637.225,2.65858,3.94899,1.72652,8.79241,8.61101,16.5365,16.5365,0.0,1.0,1
81536,31.05.2024 05:23:18.210000,-214.975,-247.851,8.66132,8.575,8.546,78.3718,3.30965,3.25077,11.831,13.13,634.695,637.215,2.60476,3.92253,1.70525,8.85102,8.61172,16.7752,16.7752,0.0,1.0,1
81537,31.05.2024 05:23:18.220000,-214.975,-247.851,8.66132,8.575,8.546,78.3718,3.30965,3.25077,11.831,13.13,634.695,637.215,2.60476,3.92253,1.70525,8.85102,8.61172,16.7752,16.7752,0.0,1.0,1
81538,31.05.2024 05:23:18.230000,-219.26,-247.192,8.65495,8.599,8.534,78.41,3.2955,3.24949,10.7149,11.1409,634.69,637.21,2.62034,3.92877,1.70508,8.88011,8.6115,16.862,16.862,0.0,1.0,1
81539,31.05.2024 05:23:18.240000,-219.26,-247.192,8.65495,8.599,8.534,78.41,3.2955,3.24949,10.7149,11.1409,634.69,637.21,2.62034,3.92877,1.70508,8.88011,8.6115,16.862,16.862,0.0,1.0,1
81540,31.05.2024 05:23:18.250000,-214.316,-248.099,8.65594,8.595,8.564,78.4433,3.30238,3.2438,11.4747,11.7687,634.69,637.215,2.66403,4.0004,1.72303,8.96686,8.61172,16.8764,16.8764,0.0,1.0,1
81541,31.05.2024 05:23:18.260000,-218.93,-248.593,8.6593,8.596,8.559,78.5554,3.34043,3.24564,11.9566,11.4369,634.685,637.18,2.74097,3.90947,1.73378,9.13101,8.61176,16.8764,16.8764,0.0,1.0,1
81542,31.05.2024 05:23:18.270000,-224.286,-249.582,8.66264,8.599,8.522,78.5554,3.35388,3.24728,12.1093,12.4734,634.68,637.17,2.87558,3.85719,1.717,9.2059,8.6122,16.8475,16.8475,0.0,1.0,1
81543,31.05.2024 05:23:18.280000,-224.286,-249.582,8.65721,8.599,8.522,78.58,3.36559,3.24652,12.1093,12.4734,634.68,637.17,2.87558,3.85719,1.717,9.2059,8.6125,16.8692,16.8692,0.0,1.0,1
81544,31.05.2024 05:23:18.290000,-226.016,-248.016,8.65721,8.574,8.514,78.58,3.37109,3.24605,13.4054,10.6394,634.685,637.195,3.10125,3.83353,1.6099,9.206,8.6125,16.8692,16.8692,0.0,1.0,1
81545,31.05.2024 05:23:18.300000,-217.694,-248.675,8.65546,8.556,8.55,78.6024,3.36934,3.24894,13.4054,10.6394,634.685,637.195,3.10125,3.83353,1.6099,9.206,8.61272,16.8692,16.8692,0.0,1.0,1
81546,31.05.2024 05:23:18.310000,-217.694,-248.675,8.65546,8.556,8.55,78.6024,3.36934,3.24894,13.4054,10.6394,634.685,637.195,3.10125,3.83353,1.6099,9.206,8.61272,16.8692,16.8692,0.0,1.0,1
81547,31.05.2024 05:23:18.320000,-217.694,-248.675,8.65777,8.556,8.55,78.6022,3.36069,3.25038,13.83,11.6861,634.655,637.18,3.34188,3.96026,1.58159,9.20351,8.61272,16.8837,16.8837,0.0,1.0,1
81548,31.05.2024 05:23:18.330000,-218.6,-243.484,8.65167,8.58,8.512,78.5594,3.31352,3.24991,13.1753,12.1809,634.62,637.125,3.32621,4.08137,1.54337,9.26744,8.61398,17.0139,17.0139,0.0,1.0,1
81549,31.05.2024 05:23:18.340000,-218.6,-243.484,8.65167,8.58,8.512,78.5594,3.31352,3.24991,13.1753,12.1809,634.62,637.125,3.32621,4.08137,1.54337,9.26744,8.61398,17.0139,17.0139,0.0,1.0,1
81550,31.05.2024 05:23:18.350000,-224.286,-243.484,8.65167,8.58,8.523,78.5751,3.29659,3.24735,10.9019,10.5228,634.625,637.105,3.17124,3.73805,1.60401,9.30867,8.61398,17.0139,17.0139,0.0,1.0,1
81551,31.05.2024 05:23:18.360000,-223.462,-248.181,8.64725,8.59,8.529,78.6649,3.26864,3.24704,9.70485,11.8424,634.62,637.12,3.04301,3.4885,1.61736,9.42905,8.61466,16.9633,16.9633,0.0,1.0,1
81552,31.05.2024 05:23:18.370000,-223.462,-248.181,8.64725,8.59,8.529,78.6649,3.26864,3.24704,9.70485,11.8424,634.62,637.12,3.04301,3.4885,1.61736,9.42905,8.61466,16.9633,16.9633,0.0,1.0,1
81553,31.05.2024 05:23:18.380000,-228.406,-250.488,8.64725,8.577,8.525,78.6649,3.26483,3.24621,8.62153,12.0794,634.615,637.115,3.05879,3.45445,1.58846,9.47229,8.61466,17.0356,17.0356,0.0,1.0,1
81554,31.05.2024 05:23:18.390000,-221.814,-254.443,8.6635,8.562,8.504,78.6138,3.28454,3.24105,8.2673,11.7621,634.61,637.105,3.16639,3.55856,1.64585,9.49276,8.61486,17.0356,17.0356,0.0,1.0,1
81555,31.05.2024 05:23:18.400000,-224.945,-251.147,8.6635,8.547,8.521,78.6138,3.30092,3.24034,8.63143,11.6477,634.61,637.1,3.31039,3.51066,1.55399,9.53882,8.61581,17.0356,17.0356,0.0,1.0,1
81556,31.05.2024 05:23:18.410000,-224.945,-249.252,8.66113,8.551,8.521,78.6133,3.32785,3.24355,8.63143,11.6477,634.61,637.1,3.31039,3.51066,1.55399,9.53882,8.61597,16.9922,16.9922,0.0,1.0,1
81557,31.05.2024 05:23:18.420000,-228.9,-249.252,8.66113,8.551,8.534,78.6044,3.34172,3.24717,10.8717,11.1698,634.605,637.115,3.38586,3.71284,1.55794,9.63867,8.61597,16.9922,16.9922,0.0,1.0,1
81558,31.05.2024 05:23:18.430000,-224.121,-247.769,8.6691,8.539,8.511,78.6044,3.34807,3.24982,13.2591,14.4965,634.61,637.105,3.44298,3.84972,1.55797,9.70553,8.61614,16.7752,16.7752,0.0,1.0,1
81559,31.05.2024 05:23:18.440000,-224.121,-247.769,8.67473,8.539,8.511,78.6297,3.35214,3.25138,13.2591,14.4965,634.61,637.105,3.44298,3.84972,1.55797,9.70553,8.61606,16.7752,16.7752,0.0,1.0,1
81560,31.05.2024 05:23:18.450000,-225.522,-250.241,8.67473,8.521,8.518,78.6297,3.34858,3.25169,12.7519,13.1843,634.585,637.085,3.60889,3.8846,1.54291,9.76056,8.61606,16.7752,16.7752,0.0,1.0,1
81561,31.05.2024 05:23:18.460000,-225.522,-250.241,8.67473,8.521,8.518,78.6297,3.34858,3.25169,12.7519,13.1843,634.585,637.085,3.60889,3.8846,1.54291,9.76056,8.61606,16.7752,16.7752,0.0,1.0,1
81562,31.05.2024 05:23:18.470000,-226.923,-250.983,8.67596,8.531,8.546,78.6498,3.32253,3.25278,11.2738,13.5907,634.575,637.095,3.7797,3.8002,1.50733,9.77382,8.61596,16.7752,16.7752,0.0,1.0,1
81563,31.05.2024 05:23:18.480000,-216.87,-250.818,8.67276,8.56,8.568,78.5751,3.28691,3.25438,11.8447,13.287,634.565,637.08,3.89605,3.9328,1.4,9.8414,8.6166,16.7028,16.7028,0.0,1.0,1
81564,31.05.2024 05:23:18.490000,-216.87,-249.252,8.65464,8.574,8.568,78.556,3.26531,3.24992,11.8447,13.287,634.565,637.08,3.89605,3.9328,1.4,9.8414,8.61621,16.6884,16.6884,0.0,1.0,1
81565,31.05.2024 05:23:18.500000,-216.87,-249.252,8.65464,8.574,8.568,78.556,3.26531,3.24992,11.8447,13.287,634.565,637.08,3.89605,3.9328,1.4,9.8414,8.61621,16.6884,16.6884,0.0,1.0,1
81566,31.05.2024 05:23:18.510000,-220.743,-249.252,8.65464,8.574,8.55,78.5606,3.26536,3.24465,9.54423,12.5652,634.57,637.07,3.99599,4.05773,1.32958,9.80427,8.61621,16.6884,16.6884,0.0,1.0,1
81567,31.05.2024 05:23:18.520000,-224.78,-248.181,8.68291,8.575,8.586,78.5145,3.28266,3.24175,8.65637,11.157,634.56,637.065,4.10576,3.93363,1.30248,9.87628,8.61661,16.6884,16.6884,0.0,1.0,1
81568,31.05.2024 05:23:18.530000,-217.776,-249.252,8.68291,8.605,8.557,78.5145,3.30038,3.24057,9.79409,11.7295,634.55,637.065,4.15867,4.04198,1.35719,10.0179,8.61661,16.6884,16.6884,0.0,1.0,1
81569,31.05.2024 05:23:18.540000,-219.26,-249.252,8.66367,8.616,8.535,78.5217,3.3361,3.24332,9.79409,11.7295,634.55,637.065,4.15867,4.04198,1.35719,10.0179,8.61663,16.4858,16.4858,0.0,1.0,1
81570,31.05.2024 05:23:18.550000,-219.26,-249.252,8.65992,8.616,8.535,78.5618,3.35807,3.24631,9.85173,11.6443,634.545,637.06,4.18897,4.10126,1.30401,10.1299,8.61663,16.3412,16.3412,0.0,1.0,1
81571,31.05.2024 05:23:18.560000,-219.26,-249.252,8.65992,8.616,8.535,78.5618,3.35807,3.24631,9.85173,11.6443,634.545,637.06,4.18897,4.10126,1.30401,10.1299,8.61663,16.3412,16.3412,0.0,1.0,1
81572,31.05.2024 05:23:18.570000,-222.72,-246.698,8.65992,8.619,8.527,78.5618,3.37592,3.24955,12.2582,10.5257,634.55,637.05,4.27743,4.07985,1.22067,10.2326,8.617,16.1965,16.1965,0.0,1.0,1
81573,31.05.2024 05:23:18.580000,-221.649,-240.106,8.66528,8.58,8.564,78.5782,3.39437,3.25425,13.293,10.3249,634.535,637.04,4.41168,4.04097,1.15186,10.3646,8.61726,16.1965,16.1965,0.0,1.0,1
81574,31.05.2024 05:23:18.590000,-221.649,-240.106,8.66528,8.58,8.564,78.5782,3.39437,3.25425,13.293,10.3249,634.535,637.04,4.41168,4.04097,1.15186,10.3646,8.61726,16.1965,16.1965,0.0,1.0,1
81575,31.05.2024 05:23:18.600000,-227.747,-240.271,8.66725,8.583,8.548,78.5782,3.38143,3.25603,13.0814,11.6868,634.5,637.04,4.51405,4.06779,1.02873,10.3582,8.61759,16.2109,16.2109,0.0,1.0,1
81576,31.05.2024 05:23:18.610000,-228.406,-250.818,8.66608,8.575,8.567,78.6116,3.32294,3.25893,11.5905,10.7654,634.47,637.015,4.36775,4.22542,1.07214,10.4696,8.61828,16.2109,16.2109,0.0,1.0,1
81577,31.05.2024 05:23:18.620000,-214.975,-246.78,8.66272,8.586,8.552,78.6477,3.30814,3.25695,11.5905,10.7654,634.47,637.015,4.36775,4.22542,1.07214,10.4696,8.61861,15.842,15.842,0.0,1.0,1
81578,31.05.2024 05:23:18.630000,-214.975,-246.78,8.66272,8.586,8.552,78.6477,3.30814,3.25695,11.5905,10.7654,634.47,637.015,4.36775,4.22542,1.07214,10.4696,8.61861,15.842,15.842,0.0,1.0,1
81579,31.05.2024 05:23:18.640000,-214.975,-246.78,8.66304,8.586,8.552,78.6518,3.29871,3.25387,10.5518,9.16595,634.47,637.005,4.14653,4.10002,1.03393,10.5823,8.61861,15.8492,15.8492,0.0,1.0,1
81580,31.05.2024 05:23:18.650000,-227.087,-240.601,8.66704,8.59,8.548,78.6249,3.3039,3.24643,10.292,12.0743,634.465,637.005,4.04048,3.87471,1.06614,10.6181,8.61959,15.8926,15.8926,0.0,1.0,1
81581,31.05.2024 05:23:18.660000,-227.087,-240.601,8.66704,8.59,8.548,78.6249,3.3039,3.24643,10.292,12.0743,634.465,637.005,4.04048,3.87471,1.06614,10.6181,8.61959,15.8926,15.8926,0.0,1.0,1
81582,31.05.2024 05:23:18.670000,-222.967,-240.601,8.66704,8.59,8.532,78.6133,3.31221,3.24699,9.2167,11.3213,634.455,637.01,4.05384,3.7361,0.991381,10.6217,8.61959,15.8926,15.8926,0.0,1.0,1
81583,31.05.2024 05:23:18.680000,-225.851,-246.533,8.67378,8.567,8.516,78.6159,3.33748,3.2465,9.09539,8.60103,634.455,636.995,4.05923,3.79244,0.956987,10.6238,8.62061,15.5888,15.5888,0.0,1.0,1
81584,31.05.2024 05:23:18.690000,-225.851,-246.533,8.67378,8.567,8.516,78.6159,3.33748,3.2465,9.09539,8.60103,634.455,636.995,4.05923,3.79244,0.956987,10.6238,8.62061,15.5888,15.5888,0.0,1.0,1
81585,31.05.2024 05:23:18.700000,-222.391,-254.361,8.67378,8.556,8.541,78.6159,3.34747,3.24851,10.9522,10.1511,634.44,636.99,4.07264,3.72395,0.869703,10.5665,8.62061,15.5961,15.5961,0.0,1.0,1
81586,31.05.2024 05:23:18.710000,-226.016,-252.383,8.68332,8.567,8.534,78.5632,3.36069,3.25284,12.3429,12.3333,634.43,637.0,3.97765,3.56937,0.842142,10.5924,8.62113,15.191,15.191,0.0,1.0,1
81587,31.05.2024 05:23:18.720000,-230.878,-251.477,8.68332,8.569,8.524,78.5632,3.35224,3.25462,12.2365,10.5393,634.435,636.99,3.94599,3.57166,0.902864,10.5572,8.62106,15.191,15.191,0.0,1.0,1
81588,31.05.2024 05:23:18.730000,-230.878,-248.346,8.69416,8.572,8.524,78.5474,3.32338,3.25607,12.2365,10.5393,634.435,636.99,3.94599,3.57166,0.902864,10.5572,8.62067,15.191,15.191,0.0,1.0,1
81589,31.05.2024 05:23:18.740000,-227.417,-248.346,8.69416,8.572,8.523,78.5856,3.30446,3.25509,9.61795,10.3848,634.425,636.99,3.93411,3.5392,0.896338,10.4681,8.62067,15.191,15.191,0.0,1.0,1
81590,31.05.2024 05:23:18.750000,-226.84,-242.825,8.70084,8.539,8.527,78.5856,3.28458,3.25479,9.3206,10.1124,634.375,636.99,3.92211,3.61908,0.856497,10.3948,8.62076,15.191,15.191,0.0,1.0,1
81591,31.05.2024 05:23:18.760000,-226.84,-242.825,8.69651,8.539,8.527,78.5687,3.26921,3.25469,9.3206,10.1124,634.375,636.99,3.92211,3.61908,0.856497,10.3948,8.62102,15.1837,15.1837,0.0,1.0,1
81592,31.05.2024 05:23:18.770000,-231.29,-249.829,8.69651,8.531,8.565,78.5687,3.26309,3.2526,8.5737,9.79459,634.365,636.985,3.70122,3.73119,0.674139,10.3468,8.62102,15.1837,15.1837,0.0,1.0,1
81593,31.05.2024 05:23:18.780000,-222.967,-243.732,8.67318,8.573,8.594,78.5775,3.26688,3.24849,8.5737,9.79459,634.365,636.985,3.70122,3.73119,0.674139,10.3468,8.62148,15.0897,15.0897,0.0,1.0,1
81594,31.05.2024 05:23:18.790000,-222.967,-243.732,8.67318,8.573,8.594,78.5775,3.26688,3.24849,8.5737,9.79459,634.365,636.985,3.70122,3.73119,0.674139,10.3468,8.62148,15.0897,15.0897,0.0,1.0,1
81595,31.05.2024 05:23:18.800000,-222.967,-243.732,8.66639,8.573,8.594,78.6005,3.28307,3.24818,6.24103,10.3038,634.365,636.965,3.63109,3.7716,0.773275,10.3689,8.62148,15.0897,15.0897,0.0,1.0,1
81596,31.05.2024 05:23:18.810000,-226.923,-251.971,8.68194,8.614,8.591,78.593,3.348,3.24996,7.74928,11.1326,634.355,636.965,3.49658,3.77223,0.774309,10.3201,8.62151,15.0969,15.0969,0.0,1.0,1
81597,31.05.2024 05:23:18.820000,-226.923,-251.971,8.68194,8.614,8.591,78.593,3.348,3.24996,7.74928,11.1326,634.355,636.965,3.49658,3.77223,0.774309,10.3201,8.62151,15.0969,15.0969,0.0,1.0,1
81598,31.05.2024 05:23:18.830000,-227.582,-251.971,8.68194,8.614,8.577,78.5887,3.36563,3.25262,9.23737,11.0625,634.355,636.955,3.46491,3.8179,0.842375,10.1579,8.62151,15.0969,15.0969,0.0,1.0,1
81599,31.05.2024 05:23:18.840000,-213.574,-248.346,8.66077,8.613,8.549,78.5599,3.39524,3.25944,11.9236,9.971,634.36,636.945,3.49708,3.80856,0.868532,10.0867,8.62228,14.8365,14.8365,0.0,1.0,1
