,time,Pinceur Inf Mesure de courant,Pinceur Sup Mesure de courant,Mandrin - Vitesse Actuelle,Pinceur Sup Mesure vitesse lineaire,Pinceur Inf Mesure vitesse lineaire,Mandrin - Mesure Expansion,Pinceur Nord Position entrefer estimee,Pinceur Sud Position entrefer estimee,Pinceur Nord Force entrefer calibree,Pinceur Sud Force entrefer calibree,Guides Nord Entree Position mesuree,Guides Nord Sortie Position mesuree,Guides Nord Entree Force pour regulateur PI,Guides Nord Sortie Force pour regulateur PI,Guides Sud Entree Force pour regulateur PI,Guides Sud Sortie Force pour regulateur PI,Mandrin - Vitesse Actuelle F10,_Excentrage largeur bande jauge bob,_Excentrage largeur bande jauge bob.1,TDB pinceur,Fenetre,Declancheur
104100,31.05.2024 12:18:58.130000,-72.2626,133.154,10.2678,11.574,11.549,32.0024,2.22574,2.03262,21.3902,9.17927,589.075,589.85,4.4571,7.05317,0.501262,-0.396181,9.66486,14.9306,14.9306,1.0,1.0,1
104101,31.05.2024 12:18:58.140000,-72.2626,133.154,10.2678,11.574,11.549,32.0024,2.22574,2.03262,21.3902,9.17927,589.075,589.85,4.4571,7.05317,0.501262,-0.396181,9.66486,14.9306,14.9306,1.0,1.0,1
104102,31.05.2024 12:18:58.150000,-60.1501,142.383,10.2651,11.531,11.459,31.9886,2.4655,2.14218,27.2393,12.4893,587.415,588.185,4.50428,6.40844,0.504176,-0.325138,9.66304,14.9378,14.9378,1.0,1.0,1
104103,31.05.2024 12:18:58.160000,26.7792,190.585,10.2497,11.439,11.332,31.8987,2.40798,2.23706,30.3201,18.7715,585.9,586.7,3.91784,4.94599,0.438872,-0.323904,9.65994,16.1892,16.1892,1.0,1.0,1
104104,31.05.2024 12:18:58.170000,95.993,198.413,10.2497,11.424,11.32,31.8987,2.25037,2.30074,30.3201,18.7715,585.9,586.7,3.91784,4.94599,0.438872,-0.323904,9.65994,16.1892,16.1892,1.0,1.0,1
104105,31.05.2024 12:18:58.180000,109.012,206.818,10.2529,11.419,11.224,31.8987,2.20218,2.30915,26.0591,33.1372,584.555,585.4,2.99871,3.70771,0.413257,-0.384387,9.65845,17.6649,17.6649,1.0,1.0,1
104106,31.05.2024 12:18:58.190000,109.012,206.818,10.2446,11.419,11.224,31.8873,2.15681,2.3249,18.1749,31.5664,583.475,584.325,1.73004,2.3798,0.36074,-0.405843,9.65845,19.7483,19.7483,1.0,1.0,1
104107,31.05.2024 12:18:58.200000,116.18,251.477,10.2446,11.328,11.153,31.8873,2.12042,2.33606,18.1749,31.5664,583.475,584.325,1.73004,2.3798,0.36074,-0.405843,9.65702,19.7483,19.7483,1.0,1.0,1
104108,31.05.2024 12:18:58.210000,116.18,306.848,10.2476,11.258,11.153,31.8873,2.16462,2.31732,16.7979,25.4758,582.5,583.415,0.9567,2.08672,0.335231,-0.419471,9.6559,20.9925,20.9925,1.0,1.0,1
104109,31.05.2024 12:18:58.220000,169.821,306.848,10.2476,11.258,11.011,32.0097,2.22651,2.27853,17.2838,31.6886,581.6,582.515,0.73548,2.9828,0.398986,-0.29878,9.6559,21.2457,21.2457,1.0,1.0,1
104110,31.05.2024 12:18:58.230000,232.526,343.597,10.2476,11.187,10.942,32.0097,2.28579,2.23668,17.2838,31.6886,581.6,582.515,0.73548,2.9828,0.398986,-0.29878,9.65419,21.2457,21.2457,1.0,1.0,1
104111,31.05.2024 12:18:58.240000,232.526,343.597,10.2428,11.187,10.942,31.9975,2.33653,2.19944,25.1598,24.1212,580.65,581.47,1.22886,4.5057,0.376464,-0.390201,9.65286,21.2457,21.2457,1.0,1.0,1
104112,31.05.2024 12:18:58.250000,232.526,343.597,10.2428,11.187,10.942,31.9975,2.33653,2.19944,25.1598,24.1212,580.65,581.47,1.22886,4.5057,0.376464,-0.390201,9.65286,21.2457,21.2457,1.0,1.0,1
104113,31.05.2024 12:18:58.260000,333.71,439.096,10.2428,11.014,10.734,31.9975,2.40329,2.11742,27.0295,15.5662,579.585,580.36,2.3083,6.0264,0.380984,-0.389308,9.65286,20.8695,20.8695,1.0,1.0,1
104114,31.05.2024 12:18:58.270000,333.71,439.096,10.2428,11.014,10.734,31.9975,2.40329,2.11742,27.0295,15.5662,579.585,580.36,2.3083,6.0264,0.380984,-0.389308,9.65286,20.8695,20.8695,1.0,1.0,1
104115,31.05.2024 12:18:58.280000,408.362,505.838,10.2535,10.933,10.555,31.9749,2.3365,2.08439,28.161,13.9652,578.38,579.15,3.41707,7.63056,0.289328,-0.465791,9.65153,18.5185,18.5185,1.0,1.0,1
104116,31.05.2024 12:18:58.290000,497.681,593.014,10.2497,10.844,10.463,31.9763,2.08821,2.09428,22.1057,14.8456,577.06,577.77,4.14188,8.92763,0.312652,-0.475595,9.64943,18.5185,18.5185,1.0,1.0,1
104117,31.05.2024 12:18:58.300000,539.868,593.014,10.2497,10.844,10.437,31.936,2.0119,2.10994,13.5064,15.7299,575.66,576.295,4.25856,9.50785,0.274379,-0.450487,9.64943,23.7775,23.7775,1.0,1.0,1
104118,31.05.2024 12:18:58.310000,539.868,593.014,10.2497,10.844,10.437,31.936,2.0119,2.10994,13.5064,15.7299,575.66,576.295,4.25856,9.50785,0.274379,-0.450487,9.64943,23.7775,23.7775,1.0,1.0,1
104119,31.05.2024 12:18:58.320000,580.655,633.224,10.2354,10.771,10.403,31.936,1.96833,2.13487,9.74825,18.3868,574.235,574.805,4.04141,9.18417,0.283347,-0.454767,9.64762,28.0165,28.0165,1.0,1.0,1
104120,31.05.2024 12:18:58.330000,602.572,684.063,10.2289,10.704,10.364,31.9369,2.02294,2.16905,9.74825,18.3868,574.235,574.805,4.04141,9.18417,0.283347,-0.454767,9.64617,28.0165,28.0165,1.0,1.0,1
104121,31.05.2024 12:18:58.340000,642.782,714.468,10.2265,10.645,10.323,31.9369,2.08927,2.1766,8.55038,21.8046,572.775,573.315,3.73797,8.74949,0.230197,-0.472894,9.6449,28.0165,28.0165,1.0,1.0,1
104122,31.05.2024 12:18:58.350000,642.782,714.468,10.2285,10.645,10.323,31.8719,2.16369,2.17269,18.0062,20.929,571.315,571.835,3.3769,8.29305,0.313304,-0.485649,9.6449,28.0382,28.0382,1.0,1.0,1
104123,31.05.2024 12:18:58.360000,643.359,707.712,10.2285,10.591,10.337,31.8719,2.23425,2.16274,18.0062,20.929,571.315,571.835,3.3769,8.29305,0.313304,-0.485649,9.64338,28.0382,28.0382,1.0,1.0,1
104124,31.05.2024 12:18:58.370000,643.359,705.981,10.2419,10.488,10.337,31.8719,2.31762,2.1499,22.1328,19.2077,569.89,570.405,3.21062,8.00832,0.298209,-0.449771,9.64169,28.3492,28.3492,1.0,1.0,1
104125,31.05.2024 12:18:58.380000,647.479,705.981,10.2419,10.488,10.364,31.9654,2.31235,2.14777,26.1161,19.2465,568.45,568.92,3.75493,8.27216,0.243136,-0.497104,9.64169,28.031,28.031,1.0,1.0,1
104126,31.05.2024 12:18:58.390000,642.7,700.213,10.2371,10.454,10.387,31.9654,2.28357,2.15044,26.1161,19.2465,568.45,568.92,3.75493,8.27216,0.243136,-0.497104,9.63946,28.031,28.031,1.0,1.0,1
104127,31.05.2024 12:18:58.400000,642.7,700.213,10.2371,10.454,10.387,31.9654,2.28357,2.15044,26.1161,19.2465,568.45,568.92,3.75493,8.27216,0.243136,-0.497104,9.63946,28.031,28.031,1.0,1.0,1
104128,31.05.2024 12:18:58.410000,642.7,700.213,10.2386,10.454,10.387,31.9648,2.23763,2.15675,25.86,20.9709,566.94,567.45,4.64972,8.85103,0.262786,-0.490175,9.63774,30.9968,30.9968,1.0,1.0,1
104129,31.05.2024 12:18:58.420000,632.318,697.989,10.2256,10.353,10.345,31.9137,2.05639,2.18664,19.2792,20.3459,565.37,565.885,5.48813,9.44452,0.26229,-0.517732,9.6361,33.8759,33.8759,1.0,1.0,1
104130,31.05.2024 12:18:58.430000,632.318,697.989,10.2336,10.353,10.345,31.8908,2.02458,2.19175,15.6026,23.2539,563.75,564.34,5.94198,9.98305,0.328868,-0.495965,9.6361,37.5723,37.5723,1.0,1.0,1
104131,31.05.2024 12:18:58.440000,641.382,693.21,10.2336,10.303,10.361,31.8908,2.01899,2.1936,15.6026,23.2539,563.75,564.34,5.94198,9.98305,0.328868,-0.495965,9.63425,37.5723,37.5723,1.0,1.0,1
104132,31.05.2024 12:18:58.450000,641.382,692.715,10.2255,10.246,10.361,31.8908,2.08736,2.18591,14.133,23.1813,562.115,562.73,6.08171,10.3727,0.286483,-0.451236,9.63307,37.6013,37.6013,1.0,1.0,1
104133,31.05.2024 12:18:58.460000,634.543,692.715,10.2255,10.246,10.309,31.9385,2.14258,2.16618,17.9772,25.2565,560.445,561.105,6.03684,10.5895,0.285659,-0.435262,9.63307,37.623,37.623,1.0,1.0,1
104134,31.05.2024 12:18:58.470000,641.464,695.764,10.2146,10.193,10.239,31.9385,2.19564,2.14489,17.9772,25.2565,560.445,561.105,6.03684,10.5895,0.285659,-0.435262,9.63155,37.623,37.623,1.0,1.0,1
104135,31.05.2024 12:18:58.480000,641.464,695.764,10.2278,10.193,10.239,31.9977,2.2422,2.12779,22.7369,18.8529,558.765,559.415,5.84568,10.4866,0.299827,-0.468879,9.63048,35.6626,35.6626,1.0,1.0,1
104136,31.05.2024 12:18:58.490000,634.295,694.94,10.2278,10.123,10.172,31.9977,2.26249,2.10134,22.7369,18.8529,558.765,559.415,5.84568,10.4866,0.299827,-0.468879,9.63048,35.6626,35.6626,1.0,1.0,1
104137,31.05.2024 12:18:58.500000,631.659,689.09,10.2222,10.053,10.112,31.9977,2.23905,2.0997,25.6317,17.0409,557.09,557.775,5.48067,10.4698,0.380259,-0.478977,9.62778,33.0078,33.0078,1.0,1.0,1
104138,31.05.2024 12:18:58.510000,631.659,689.09,10.2255,10.053,10.112,32.1964,2.19819,2.10195,25.8375,20.1792,555.44,556.11,5.02813,10.3176,0.34841,-0.440401,9.62778,33.0078,33.0078,1.0,1.0,1
104139,31.05.2024 12:18:58.520000,636.767,691.397,10.2255,10.013,10.074,32.1964,2.14122,2.10322,25.8375,20.1792,555.44,556.11,5.02813,10.3176,0.34841,-0.440401,9.62625,33.0078,33.0078,1.0,1.0,1
104140,31.05.2024 12:18:58.530000,636.767,683.487,10.2308,9.967,10.074,32.1964,2.02166,2.12223,21.7108,19.5944,553.725,554.475,4.74148,10.0929,0.316954,-0.40463,9.62408,29.3114,29.3114,1.0,1.0,1
104141,31.05.2024 12:18:58.540000,611.636,683.487,10.2308,9.967,10.041,32.0955,1.97597,2.13469,15.9979,18.8513,552.055,552.86,4.33262,9.97162,0.322989,-0.325552,9.62408,26.7289,26.7289,1.0,1.0,1
104142,31.05.2024 12:18:58.550000,611.636,683.487,10.2308,9.967,10.041,32.0955,1.97597,2.13469,15.9979,18.8513,552.055,552.86,4.33262,9.97162,0.322989,-0.325552,9.62408,26.7289,26.7289,1.0,1.0,1
104143,31.05.2024 12:18:58.560000,590.295,655.801,10.2359,9.878,9.986,32.0955,1.93999,2.14447,11.8676,20.613,550.355,551.275,4.15302,10.2785,0.318957,-0.345516,9.62272,25.0434,25.0434,1.0,1.0,1
104144,31.05.2024 12:18:58.570000,590.295,655.801,10.2359,9.878,9.986,32.0955,1.93999,2.14447,11.8676,20.613,550.355,551.275,4.15302,10.2785,0.318957,-0.345516,9.62272,25.0434,25.0434,1.0,1.0,1
104145,31.05.2024 12:18:58.580000,568.13,641.876,10.2422,9.825,9.943,32.0821,1.95415,2.14728,12.9758,21.8116,548.67,549.785,3.9086,10.6544,0.29132,-0.303564,9.62196,25.0434,25.0434,1.0,1.0,1
104146,31.05.2024 12:18:58.590000,568.13,641.876,10.2422,9.825,9.943,32.0821,1.95415,2.14728,12.9758,21.8116,548.67,549.785,3.9086,10.6544,0.29132,-0.303564,9.62196,25.0434,25.0434,1.0,1.0,1
104147,31.05.2024 12:18:58.600000,538.632,630.011,10.2348,9.81,9.929,32.1581,2.02539,2.13485,14.317,18.5718,547.02,548.25,3.95525,11.6886,0.301494,-0.32195,9.61986,19.0321,19.0321,1.0,1.0,1
104148,31.05.2024 12:18:58.610000,524.13,575.711,10.2217,9.785,9.838,32.0846,2.07582,2.10454,17.9907,17.9917,545.32,546.66,4.07307,13.2152,0.255443,-0.324781,9.61775,18.5475,18.5475,1.0,1.0,1
104149,31.05.2024 12:18:58.620000,492.737,575.711,10.2217,9.785,9.796,32.0367,2.06361,2.10276,19.199,15.4581,543.63,545.015,4.21832,14.2105,0.270827,-0.355081,9.61775,18.5475,18.5475,1.0,1.0,1
104150,31.05.2024 12:18:58.630000,486.145,539.868,10.2296,9.73,9.755,32.0367,2.03586,2.09447,19.199,15.4581,543.63,545.015,4.21832,14.2105,0.270827,-0.355081,9.61657,18.5475,18.5475,1.0,1.0,1
104151,31.05.2024 12:18:58.640000,486.145,539.868,10.2282,9.73,9.755,32.043,1.99671,2.08077,17.7152,15.8322,541.945,543.3,4.2192,14.7653,0.381221,-0.391452,9.61521,20.5946,20.5946,1.0,1.0,1
104152,31.05.2024 12:18:58.650000,486.145,539.868,10.2282,9.73,9.755,32.043,1.99671,2.08077,17.7152,15.8322,541.945,543.3,4.2192,14.7653,0.381221,-0.391452,9.61521,20.5946,20.5946,1.0,1.0,1
104153,31.05.2024 12:18:58.660000,452.609,507.486,10.2282,9.723,9.718,32.043,1.91279,2.06867,11.8895,14.3593,540.255,541.63,4.2788,14.7719,0.373278,-0.393045,9.61521,23.112,23.112,1.0,1.0,1
104154,31.05.2024 12:18:58.670000,422.699,501.388,10.2373,9.686,9.723,32.1175,1.85945,2.04126,8.89587,13.0724,538.58,539.965,4.21788,14.8085,0.30263,-0.420846,9.61391,23.112,23.112,1.0,1.0,1
104155,31.05.2024 12:18:58.680000,422.699,501.388,10.2373,9.686,9.723,32.1175,1.85945,2.04126,8.89587,13.0724,538.58,539.965,4.21788,14.8085,0.30263,-0.420846,9.61391,23.112,23.112,1.0,1.0,1
104156,31.05.2024 12:18:58.690000,405.395,473.373,10.2373,9.703,9.723,32.1175,1.85427,2.03359,9.32048,12.9664,536.915,538.38,4.30872,14.6303,0.278712,-0.419664,9.61302,24.7468,24.7468,1.0,1.0,1
104157,31.05.2024 12:18:58.700000,405.395,473.373,10.2373,9.703,9.723,32.1175,1.85427,2.03359,9.32048,12.9664,536.915,538.38,4.30872,14.6303,0.278712,-0.419664,9.61302,24.7468,24.7468,1.0,1.0,1
104158,31.05.2024 12:18:58.710000,392.706,449.56,10.2191,9.666,9.702,32.076,1.91879,2.01776,12.238,13.9135,535.295,536.82,4.48939,15.1962,0.332515,-0.389883,9.61199,24.7034,24.7034,1.0,1.0,1
104159,31.05.2024 12:18:58.720000,392.706,449.56,10.2191,9.666,9.702,32.076,1.91879,2.01776,12.238,13.9135,535.295,536.82,4.48939,15.1962,0.332515,-0.389883,9.61199,24.7034,24.7034,1.0,1.0,1
104160,31.05.2024 12:18:58.730000,365.268,416.931,10.2134,9.679,9.697,32.0214,1.96975,2.00187,14.893,10.7889,533.66,535.245,4.86137,16.0006,0.611358,-0.37791,9.61046,23.6401,23.6401,1.0,1.0,1
104161,31.05.2024 12:18:58.740000,325.387,380.099,10.2131,9.729,9.795,32.0711,1.96157,2.01298,15.2228,9.12918,532.035,533.67,5.34551,16.7597,1.11158,-0.407491,9.60974,21.4916,21.4916,1.0,1.0,1
104162,31.05.2024 12:18:58.750000,325.387,380.099,10.2089,9.729,9.795,32.0585,1.94001,2.00809,15.176,14.0956,530.455,532.165,5.84843,17.4604,1.65478,-0.368789,9.60974,21.4699,21.4699,1.0,1.0,1
104163,31.05.2024 12:18:58.760000,325.387,380.099,10.2089,9.729,9.795,32.0585,1.94001,2.00809,15.176,14.0956,530.455,532.165,5.84843,17.4604,1.65478,-0.368789,9.60974,21.4699,21.4699,1.0,1.0,1
104164,31.05.2024 12:18:58.770000,311.874,345.74,10.2089,9.782,9.802,32.0585,1.91126,2.00901,13.6868,13.0523,528.935,530.69,6.66503,18.6232,2.52989,-0.346038,9.60838,18.316,18.316,1.0,1.0,1
104165,31.05.2024 12:18:58.780000,311.874,345.74,10.2089,9.782,9.802,32.0585,1.91126,2.00901,13.6868,13.0523,528.935,530.69,6.66503,18.6232,2.52989,-0.346038,9.60838,18.316,18.316,1.0,1.0,1
104166,31.05.2024 12:18:58.790000,312.781,339.725,10.1752,9.81,9.849,32.0429,1.84693,2.00475,9.77531,8.91958,527.645,529.26,7.9864,20.1302,4.15731,-0.0635753,9.60746,16.7607,16.7607,1.0,1.0,1
104167,31.05.2024 12:18:58.800000,316.736,339.642,10.1297,9.836,9.928,32.0473,1.84435,2.00253,10.6223,12.918,526.425,527.795,10.4474,21.868,6.49818,0.530873,9.60636,16.9488,16.9488,1.0,1.0,1
104168,31.05.2024 12:18:58.810000,316.818,343.68,10.1297,9.9,9.912,32.0473,1.87155,2.00011,10.6223,12.918,526.425,527.795,10.4474,21.868,6.49818,0.530873,9.60636,16.9488,16.9488,1.0,1.0,1
104169,31.05.2024 12:18:58.820000,310.309,346.976,10.1173,9.949,9.945,32.0473,1.89192,2.00142,10.987,11.2427,525.475,526.405,9.49726,15.3173,9.2501,1.74143,9.6061,17.4262,17.4262,1.0,1.0,1
104170,31.05.2024 12:18:58.830000,310.309,346.976,10.089,9.949,9.945,32.0979,1.90646,2.00485,13.033,9.63217,525.55,527.04,7.81821,6.50954,12.0427,3.55793,9.6061,17.9181,17.9181,1.0,1.0,1
104171,31.05.2024 12:18:58.840000,316.324,356.616,10.089,9.973,9.984,32.0979,1.90948,2.01053,13.033,9.63217,525.55,527.04,7.81821,6.50954,12.0427,3.55793,9.60543,17.9181,17.9181,1.0,1.0,1
104172,31.05.2024 12:18:58.850000,316.324,350.354,10.0463,9.978,9.984,32.0979,1.90823,2.01132,13.1325,10.706,525.245,527.95,8.64641,8.77479,14.5983,5.82448,9.60508,17.9181,17.9181,1.0,1.0,1
104173,31.05.2024 12:18:58.860000,329.919,350.354,10.0463,9.978,9.975,32.101,1.89464,2.00605,12.5024,12.7707,525.47,528.135,6.66131,12.1577,16.2555,7.93643,9.60508,18.0266,18.0266,1.0,1.0,1
104174,31.05.2024 12:18:58.870000,315.582,349.2,10.0119,10.0,9.976,32.101,1.87607,2.00265,12.5024,12.7707,525.47,528.135,6.66131,12.1577,16.2555,7.93643,9.60466,18.0266,18.0266,1.0,1.0,1
104175,31.05.2024 12:18:58.880000,315.582,349.2,9.99392,10.0,9.976,32.0408,1.86148,1.99878,11.0196,6.90191,525.405,528.25,7.35559,11.2755,16.0514,9.2452,9.60421,17.7083,17.7083,1.0,1.0,1
104176,31.05.2024 12:18:58.890000,324.728,351.343,9.99392,10.023,9.968,32.0408,1.83095,1.99599,11.0196,6.90191,525.405,528.25,7.35559,11.2755,16.0514,9.2452,9.60421,17.7083,17.7083,1.0,1.0,1
104177,31.05.2024 12:18:58.900000,328.848,356.369,9.96891,10.019,9.999,32.0408,1.82791,1.99518,10.272,7.3904,525.52,528.505,6.66769,10.794,14.8167,9.00583,9.60399,17.7083,17.7083,1.0,1.0,1
104178,31.05.2024 12:18:58.910000,328.848,356.369,9.96891,10.019,9.999,32.0408,1.82791,1.99518,10.272,7.3904,525.52,528.505,6.66769,10.794,14.8167,9.00583,9.60399,17.7083,17.7083,1.0,1.0,1
104179,31.05.2024 12:18:58.920000,328.848,356.369,9.93418,10.019,9.999,31.9891,1.83608,1.98707,9.90203,10.6751,525.575,528.69,7.38696,10.7282,13.0462,7.56719,9.60399,16.7752,16.7752,1.0,1.0,1
104180,31.05.2024 12:18:58.930000,328.848,356.369,9.93418,10.019,9.999,31.9891,1.83608,1.98707,9.90203,10.6751,525.575,528.69,7.38696,10.7282,13.0462,7.56719,9.60399,16.7752,16.7752,1.0,1.0,1
104181,31.05.2024 12:18:58.940000,332.391,354.556,9.92725,9.983,9.973,31.9301,1.86619,1.98489,11.7372,8.89992,525.46,528.84,7.64382,9.53864,10.7678,5.99475,9.60361,14.6991,14.6991,1.0,1.0,1
104182,31.05.2024 12:18:58.950000,328.931,357.522,9.9094,9.974,9.911,31.9734,1.8875,1.9901,12.2536,9.93158,525.375,529.15,7.01567,8.03878,8.33725,5.20291,9.60358,14.3736,14.3736,1.0,1.0,1
104183,31.05.2024 12:18:58.960000,328.931,357.522,9.82445,9.974,9.911,32.0275,1.89526,1.9946,14.5101,11.8392,525.32,529.42,6.04216,7.58881,6.67757,5.28741,9.60361,14.3736,14.3736,1.0,1.0,1
104184,31.05.2024 12:18:58.970000,328.931,357.522,9.82445,9.974,9.911,32.0275,1.89526,1.9946,14.5101,11.8392,525.32,529.42,6.04216,7.58881,6.67757,5.28741,9.60361,14.3736,14.3736,1.0,1.0,1
104185,31.05.2024 12:18:58.980000,328.519,357.934,9.82445,9.948,9.894,32.0275,1.87932,1.98666,14.6363,11.5615,525.395,529.585,4.92432,7.45966,6.65844,5.60236,9.60361,14.077,14.077,1.0,1.0,1
104186,31.05.2024 12:18:58.990000,321.927,352.908,9.85533,9.917,9.86,31.9597,1.85037,1.98554,12.5875,9.92178,525.47,529.78,4.70616,6.51155,7.11422,5.92733,9.60406,13.7731,13.7731,1.0,1.0,1
104187,31.05.2024 12:18:59.000000,321.927,352.908,9.85533,9.917,9.86,31.9597,1.85037,1.98554,12.5875,9.92178,525.47,529.78,4.70616,6.51155,7.11422,5.92733,9.60406,13.7731,13.7731,1.0,1.0,1
104188,31.05.2024 12:18:59.010000,328.931,349.942,9.85533,9.904,9.842,31.9597,1.83959,1.9868,12.5478,11.5927,525.58,530.05,4.6758,5.97685,7.83737,6.4278,9.60379,13.7731,13.7731,1.0,1.0,1
104189,31.05.2024 12:18:59.020000,328.931,349.942,9.85533,9.904,9.842,31.9597,1.83959,1.9868,12.5478,11.5927,525.58,530.05,4.6758,5.97685,7.83737,6.4278,9.60379,13.7731,13.7731,1.0,1.0,1
104190,31.05.2024 12:18:59.030000,326.459,349.283,9.80086,9.897,9.85,32.6325,1.86412,1.98949,13.8223,14.5664,525.705,530.39,5.19942,6.04923,8.8651,7.02966,9.60399,13.5344,13.5344,1.0,1.0,1
104191,31.05.2024 12:18:59.040000,326.459,349.283,9.80086,9.897,9.85,32.6325,1.86412,1.98949,13.8223,14.5664,525.705,530.39,5.19942,6.04923,8.8651,7.02966,9.60399,13.5344,13.5344,1.0,1.0,1
104192,31.05.2024 12:18:59.050000,326.871,350.683,9.71391,9.865,9.866,33.2843,1.90303,1.9912,14.0186,9.28571,525.805,530.58,6.21561,6.96664,9.36852,7.39606,9.60373,13.5561,13.5561,1.0,1.0,1
104193,31.05.2024 12:18:59.060000,326.953,353.979,9.72422,9.773,9.768,34.0244,1.92915,2.01982,16.5138,11.286,525.885,530.685,7.48716,7.54046,9.36395,7.66444,9.60363,13.4404,13.4404,1.0,1.0,1
104194,31.05.2024 12:18:59.070000,326.953,353.979,9.72422,9.773,9.768,34.0244,1.92915,2.01982,16.5138,11.286,525.885,530.685,7.48716,7.54046,9.36395,7.66444,9.60363,13.4404,13.4404,1.0,1.0,1
104195,31.05.2024 12:18:59.080000,326.953,353.979,9.70828,9.773,9.768,34.8188,1.92887,2.02811,15.8869,14.968,525.85,530.71,8.85017,7.50858,9.55721,8.00899,9.60363,13.1872,13.1872,1.0,1.0,1
104196,31.05.2024 12:18:59.090000,326.953,353.979,9.70828,9.773,9.768,34.8188,1.92887,2.02811,15.8869,14.968,525.85,530.71,8.85017,7.50858,9.55721,8.00899,9.60363,13.1872,13.1872,1.0,1.0,1
104197,31.05.2024 12:18:59.100000,327.2,356.204,9.64799,9.732,9.775,35.5727,1.87871,2.04879,16.5857,17.087,525.82,530.795,9.43867,6.61724,9.85767,8.36984,9.60322,12.6302,12.6302,1.0,1.0,1
104198,31.05.2024 12:18:59.110000,327.2,356.204,9.64799,9.732,9.775,35.5727,1.87871,2.04879,16.5857,17.087,525.82,530.795,9.43867,6.61724,9.85767,8.36984,9.60322,12.6302,12.6302,1.0,1.0,1
104199,31.05.2024 12:18:59.120000,321.68,357.687,9.64639,9.721,9.706,36.4,1.82338,2.04024,13.549,13.2217,525.775,530.99,9.36663,5.78903,9.86958,8.66021,9.60294,12.1238,12.1238,1.0,1.0,1
104200,31.05.2024 12:18:59.130000,324.316,354.062,9.62982,9.698,9.665,37.3794,1.77571,2.001,11.8894,14.03,525.73,531.14,9.03095,5.60762,10.0392,9.03362,9.60313,12.1094,12.1094,1.0,1.0,1
104201,31.05.2024 12:18:59.140000,321.103,355.298,9.59674,9.696,9.661,37.3794,1.78206,1.98667,9.12069,12.1895,525.705,531.235,8.3388,5.63666,10.2337,9.19248,9.60279,12.1094,12.1094,1.0,1.0,1
104202,31.05.2024 12:18:59.150000,321.103,355.298,9.55155,9.696,9.661,39.2775,1.79288,1.97082,9.94584,9.61191,525.79,531.335,7.71206,5.16746,10.072,9.27214,9.60279,12.406,12.406,1.0,1.0,1
104203,31.05.2024 12:18:59.160000,320.032,350.107,9.55155,9.7,9.664,39.2775,1.81584,1.95582,9.94584,9.61191,525.79,531.335,7.71206,5.16746,10.072,9.27214,9.60284,12.406,12.406,1.0,1.0,1
104204,31.05.2024 12:18:59.170000,320.032,350.271,9.57157,9.696,9.664,39.2775,1.85405,1.94849,10.6184,6.67426,525.845,531.46,7.52578,4.87113,9.87865,9.34185,9.60292,12.963,12.963,1.0,1.0,1
104205,31.05.2024 12:18:59.180000,322.256,350.271,9.57157,9.696,9.68,41.4691,1.86391,1.94702,12.8808,7.52771,525.875,531.58,7.4627,4.7507,9.40471,9.32004,9.60292,12.963,12.963,1.0,1.0,1
104206,31.05.2024 12:18:59.190000,329.59,352.743,9.55262,9.628,9.605,41.4691,1.8694,1.94776,12.8808,7.52771,525.875,531.58,7.4627,4.7507,9.40471,9.32004,9.60255,12.963,12.963,1.0,1.0,1
104207,31.05.2024 12:18:59.200000,329.59,352.743,9.52615,9.628,9.605,42.6721,1.86032,1.95483,13.4025,7.71454,525.97,531.68,7.49732,4.60929,8.18297,9.24501,9.60239,13.1221,13.1221,1.0,1.0,1
104208,31.05.2024 12:18:59.210000,323.163,343.597,9.52615,9.62,9.626,42.6721,1.84022,1.96448,13.4025,7.71454,525.97,531.68,7.49732,4.60929,8.18297,9.24501,9.60239,13.1221,13.1221,1.0,1.0,1
104209,31.05.2024 12:18:59.220000,324.152,350.436,9.51115,9.607,9.572,42.6721,1.82422,1.96787,13.1143,9.63191,526.01,531.8,7.87703,4.4828,7.75093,9.25402,9.60141,13.9468,13.9468,1.0,1.0,1
104210,31.05.2024 12:18:59.230000,324.152,350.436,9.51115,9.607,9.572,42.6721,1.82422,1.96787,13.1143,9.63191,526.01,531.8,7.87703,4.4828,7.75093,9.25402,9.60141,13.9468,13.9468,1.0,1.0,1
104211,31.05.2024 12:18:59.240000,324.152,350.436,9.52639,9.607,9.572,45.1126,1.81341,1.96918,13.1429,11.4776,526.01,531.885,7.98746,4.69152,7.77307,9.31466,9.60141,13.9468,13.9468,1.0,1.0,1
104212,31.05.2024 12:18:59.250000,324.152,350.436,9.52639,9.607,9.572,45.1126,1.81341,1.96918,13.1429,11.4776,526.01,531.885,7.98746,4.69152,7.77307,9.31466,9.60141,13.9468,13.9468,1.0,1.0,1
104213,31.05.2024 12:18:59.260000,316.241,349.859,9.51653,9.613,9.571,46.3456,1.78298,1.956,10.76,7.81528,526.02,531.985,7.84277,4.47598,7.75134,9.29562,9.60081,14.5038,14.5038,1.0,1.0,1
104214,31.05.2024 12:18:59.270000,316.241,349.859,9.51653,9.613,9.571,46.3456,1.78298,1.956,10.76,7.81528,526.02,531.985,7.84277,4.47598,7.75134,9.29562,9.60081,14.5038,14.5038,1.0,1.0,1
104215,31.05.2024 12:18:59.280000,324.646,341.373,9.49242,9.575,9.634,47.5975,1.79555,1.96652,8.99665,9.96568,526.13,532.07,7.57612,4.4861,7.93905,9.2752,9.59979,14.7787,14.7787,1.0,1.0,1
104216,31.05.2024 12:18:59.290000,324.646,341.373,9.49242,9.575,9.634,47.5975,1.79555,1.96652,8.99665,9.96568,526.13,532.07,7.57612,4.4861,7.93905,9.2752,9.59979,14.7787,14.7787,1.0,1.0,1
104217,31.05.2024 12:18:59.300000,327.942,345.74,9.48814,9.573,9.601,48.8788,1.89804,1.97364,12.001,11.8985,526.235,532.165,7.8954,4.626,8.34919,9.16664,9.5998,14.7787,14.7787,1.0,1.0,1
104218,31.05.2024 12:18:59.310000,327.942,345.74,9.48814,9.573,9.601,48.8788,1.89804,1.97364,12.001,11.8985,526.235,532.165,7.8954,4.626,8.34919,9.16664,9.5998,14.7787,14.7787,1.0,1.0,1
104219,31.05.2024 12:18:59.320000,328.519,353.979,9.53614,9.57,9.561,51.2681,1.91529,1.99517,17.4527,10.333,526.415,532.32,9.16691,4.82907,9.4245,9.04994,9.59871,15.0608,15.0608,1.0,1.0,1
104220,31.05.2024 12:18:59.330000,325.882,346.234,9.50955,9.442,9.481,52.3638,1.87584,2.02535,15.5403,15.2054,526.475,532.4,9.62197,5.02956,9.90817,9.02902,9.59858,14.417,14.417,1.0,1.0,1
104221,31.05.2024 12:18:59.340000,324.316,346.234,9.50955,9.442,9.512,53.3977,1.86414,2.03737,15.0606,17.2893,526.49,532.425,10.0659,5.26104,10.2085,9.03982,9.59858,14.3591,14.3591,1.0,1.0,1
104222,31.05.2024 12:18:59.350000,324.316,346.234,9.50955,9.442,9.512,53.3977,1.86414,2.03737,15.0606,17.2893,526.49,532.425,10.0659,5.26104,10.2085,9.03982,9.59858,14.3591,14.3591,1.0,1.0,1
104223,31.05.2024 12:18:59.360000,318.219,342.197,9.49901,9.472,9.557,53.3977,1.85329,2.04387,15.1485,16.5802,526.55,532.425,9.97392,4.98421,10.3921,9.11892,9.59843,14.417,14.417,1.0,1.0,1
104224,31.05.2024 12:18:59.370000,328.107,344.092,9.50976,9.592,9.535,54.56,1.84111,2.05223,15.1485,16.5802,526.55,532.425,9.97392,4.98421,10.3921,9.11892,9.59766,14.417,14.417,1.0,1.0,1
104225,31.05.2024 12:18:59.380000,320.114,354.556,9.56309,9.55,9.526,54.56,1.85416,2.04785,15.1853,15.0928,526.64,532.505,10.0793,4.44798,10.7873,9.16109,9.59782,14.417,14.417,1.0,1.0,1
104226,31.05.2024 12:18:59.390000,320.114,354.556,9.56112,9.55,9.526,56.7788,1.86163,2.04942,13.9075,17.2116,526.695,532.67,10.1659,4.43132,11.1246,9.3244,9.59782,14.417,14.417,1.0,1.0,1
104227,31.05.2024 12:18:59.400000,321.185,348.706,9.56112,9.469,9.479,56.7788,1.86924,2.05124,13.9075,17.2116,526.695,532.67,10.1659,4.43132,11.1246,9.3244,9.59793,14.417,14.417,1.0,1.0,1
104228,31.05.2024 12:18:59.410000,321.185,352.331,9.53879,9.465,9.479,56.7788,1.87917,2.04552,15.8918,18.1595,526.735,532.735,10.1248,5.17431,11.2427,9.46132,9.59754,14.6123,14.6123,1.0,1.0,1
104229,31.05.2024 12:18:59.420000,321.185,352.331,9.53879,9.465,9.479,56.7788,1.87917,2.04552,15.8918,18.1595,526.735,532.735,10.1248,5.17431,11.2427,9.46132,9.59754,14.6123,14.6123,1.0,1.0,1
104230,31.05.2024 12:18:59.430000,329.672,352.331,9.53879,9.465,9.52,59.0267,1.87287,2.03667,16.9248,16.4955,526.775,532.705,9.92948,5.50876,11.3539,9.59215,9.59754,14.6629,14.6629,1.0,1.0,1
104231,31.05.2024 12:18:59.440000,315.005,347.717,9.59912,9.556,9.537,60.2197,1.83163,1.99843,14.4948,15.9279,526.845,532.675,9.70129,5.28955,11.2028,9.73567,9.59806,14.6701,14.6701,1.0,1.0,1
104232,31.05.2024 12:18:59.450000,326.953,353.815,9.59912,9.565,9.564,60.2197,1.76627,1.97728,14.4948,15.9279,526.845,532.675,9.70129,5.28955,11.2028,9.73567,9.59806,14.6701,14.6701,1.0,1.0,1
104233,31.05.2024 12:18:59.460000,322.009,347.8,9.58027,9.524,9.584,60.2197,1.74196,1.96753,11.8837,12.8205,526.88,532.685,9.39239,4.80126,10.9025,9.7996,9.59863,14.6701,14.6701,1.0,1.0,1
104234,31.05.2024 12:18:59.470000,322.009,347.8,9.58027,9.524,9.584,60.2197,1.74196,1.96753,11.8837,12.8205,526.88,532.685,9.39239,4.80126,10.9025,9.7996,9.59863,14.6701,14.6701,1.0,1.0,1
104235,31.05.2024 12:18:59.480000,322.009,347.8,9.57637,9.524,9.584,62.5977,1.7304,1.94221,10.4193,12.2783,526.89,532.8,8.70621,4.35513,10.4125,9.94133,9.59863,14.2216,14.2216,1.0,1.0,1
104236,31.05.2024 12:18:59.490000,322.009,347.8,9.57637,9.524,9.584,62.5977,1.7304,1.94221,10.4193,12.2783,526.89,532.8,8.70621,4.35513,10.4125,9.94133,9.59863,14.2216,14.2216,1.0,1.0,1
104237,31.05.2024 12:18:59.500000,330.249,356.863,9.61884,9.615,9.608,63.7513,1.73981,1.90255,10.8383,9.58131,526.9,532.9,7.5712,4.42916,9.63531,9.94845,9.60054,14.2072,14.2072,1.0,1.0,1
104238,31.05.2024 12:18:59.510000,321.35,357.934,9.64762,9.666,9.64,64.8509,1.79759,1.89837,9.52985,7.7227,527.03,532.97,6.11636,4.67859,8.74392,10.0417,9.60102,14.0191,14.0191,1.0,1.0,1
104239,31.05.2024 12:18:59.520000,321.35,357.934,9.64447,9.666,9.64,66.0035,1.81992,1.91808,11.6027,8.43623,527.215,532.99,5.39707,4.80066,7.99708,10.1436,9.60104,14.0191,14.0191,1.0,1.0,1
104240,31.05.2024 12:18:59.530000,328.683,356.946,9.64447,9.645,9.695,66.0035,1.87106,1.93914,11.6027,8.43623,527.215,532.99,5.39707,4.80066,7.99708,10.1436,9.60104,14.0191,14.0191,1.0,1.0,1
104241,31.05.2024 12:18:59.540000,325.14,350.354,9.65834,9.655,9.711,66.0035,1.87568,1.94879,15.8493,11.7447,527.4,533.02,5.26828,4.62308,7.63865,10.1638,9.60288,13.9757,13.9757,1.0,1.0,1
104242,31.05.2024 12:18:59.550000,325.14,350.354,9.69961,9.655,9.711,68.4299,1.87335,1.96921,16.9821,11.1508,527.56,533.1,5.69483,4.39403,7.56161,10.1195,9.60288,15.2488,15.2488,1.0,1.0,1
104243,31.05.2024 12:18:59.560000,317.313,349.612,9.69961,9.685,9.701,68.4299,1.85878,1.9869,16.9821,11.1508,527.56,533.1,5.69483,4.39403,7.56161,10.1195,9.60328,15.2488,15.2488,1.0,1.0,1
104244,31.05.2024 12:18:59.570000,317.313,353.732,9.7295,9.722,9.701,68.4299,1.81331,2.00275,16.5254,12.0114,527.675,533.14,6.20891,4.28534,7.55109,10.118,9.60441,15.2488,15.2488,1.0,1.0,1
104245,31.05.2024 12:18:59.580000,326.871,353.732,9.7295,9.722,9.705,70.6316,1.7959,2.01161,12.5486,16.5032,527.73,533.265,6.71004,4.163,7.84743,10.0705,9.60441,15.408,15.408,1.0,1.0,1
104246,31.05.2024 12:18:59.590000,320.608,354.062,9.75219,9.706,9.725,70.6316,1.79067,2.0139,12.5486,16.5032,527.73,533.265,6.71004,4.163,7.84743,10.0705,9.60525,15.408,15.408,1.0,1.0,1
104247,31.05.2024 12:18:59.600000,320.608,354.062,9.77929,9.706,9.725,71.6025,1.79893,2.01108,12.8635,16.6404,527.79,533.375,6.84842,4.20669,8.27571,9.99942,9.6069,15.4152,15.4152,1.0,1.0,1
104248,31.05.2024 12:18:59.610000,307.919,349.53,9.77929,9.707,9.755,71.6025,1.84797,2.00539,12.8635,16.6404,527.79,533.375,6.84842,4.20669,8.27571,9.99942,9.6069,15.4152,15.4152,1.0,1.0,1
104249,31.05.2024 12:18:59.620000,286.331,357.852,9.8174,9.72,9.773,71.6025,1.87748,2.00514,13.7884,14.5753,527.905,533.435,6.78223,4.7609,8.66669,9.85812,9.60889,15.2127,15.2127,1.0,1.0,1
104250,31.05.2024 12:18:59.630000,286.331,357.852,9.83603,9.72,9.773,73.2176,1.91068,2.00657,15.8377,14.7752,527.955,533.435,6.8215,4.70677,9.30221,9.84804,9.60889,15.2127,15.2127,1.0,1.0,1
104251,31.05.2024 12:18:59.640000,278.256,345.575,9.83603,9.742,9.785,73.2176,1.93836,2.01035,15.8377,14.7752,527.955,533.435,6.8215,4.70677,9.30221,9.84804,9.61056,15.2127,15.2127,1.0,1.0,1
104252,31.05.2024 12:18:59.650000,278.256,349.365,9.8652,9.736,9.785,73.2176,1.9505,2.02571,20.2489,16.68,528.025,533.465,6.89972,4.34439,9.79126,9.75649,9.6127,13.8817,13.8817,1.0,1.0,1
104253,31.05.2024 12:18:59.660000,260.376,349.365,9.8652,9.736,9.79,74.7495,1.94113,2.03114,19.6725,17.8085,528.1,533.55,6.81529,3.91943,9.90638,9.70501,9.6127,13.6212,13.6212,1.0,1.0,1
104254,31.05.2024 12:18:59.670000,260.376,349.365,9.8652,9.736,9.79,74.7495,1.94113,2.03114,19.6725,17.8085,528.1,533.55,6.81529,3.91943,9.90638,9.70501,9.6127,13.6212,13.6212,1.0,1.0,1
104255,31.05.2024 12:18:59.680000,259.882,353.732,9.88864,9.724,9.773,74.7495,1.91206,2.03135,18.0595,19.1767,528.165,533.65,6.83199,3.92844,9.8928,9.5563,9.61481,13.614,13.614,1.0,1.0,1
104256,31.05.2024 12:18:59.690000,261.035,351.837,9.91344,9.726,9.738,75.2643,1.7783,2.03463,18.0595,19.1767,528.165,533.65,6.83199,3.92844,9.8928,9.5563,9.61716,13.614,13.614,1.0,1.0,1
104257,31.05.2024 12:18:59.700000,243.896,329.178,9.93974,9.758,9.781,75.2643,1.74289,2.02442,13.1722,17.7636,528.25,533.735,6.62125,4.1774,9.78859,9.58535,9.61919,13.6212,13.6212,1.0,1.0,1
104258,31.05.2024 12:18:59.710000,243.896,329.178,9.95049,9.758,9.781,76.3123,1.72522,2.0101,10.2246,16.6683,528.3,533.785,6.60087,4.34913,9.77809,9.52,9.61919,14.4025,14.4025,1.0,1.0,1
104259,31.05.2024 12:18:59.720000,205.746,304.129,9.95049,9.783,9.868,76.3123,1.722,1.99384,10.2246,16.6683,528.3,533.785,6.60087,4.34913,9.77809,9.52,9.6217,14.4025,14.4025,1.0,1.0,1
104260,31.05.2024 12:18:59.730000,205.746,266.061,9.95719,9.811,9.868,76.3123,1.76848,1.94675,10.486,13.843,528.375,533.785,6.23285,4.3351,9.67747,9.52618,9.62432,14.9957,14.9957,1.0,1.0,1
104261,31.05.2024 12:18:59.740000,171.881,266.061,9.95719,9.811,9.89,77.0623,1.79994,1.93196,11.7541,10.3975,528.41,533.81,5.9415,4.0043,9.56293,9.46184,9.62432,14.9161,14.9161,1.0,1.0,1
104262,31.05.2024 12:18:59.750000,141.724,238.211,9.97049,9.857,9.936,77.0623,1.83472,1.9207,11.7541,10.3975,528.41,533.81,5.9415,4.0043,9.56293,9.46184,9.62664,14.9161,14.9161,1.0,1.0,1
104263,31.05.2024 12:18:59.760000,141.724,238.211,9.96959,9.857,9.936,77.3616,1.86567,1.91383,14.4678,7.95581,528.45,533.865,5.34645,3.45107,9.48092,9.44112,9.62881,14.9161,14.9161,1.0,1.0,1
104264,31.05.2024 12:18:59.770000,118.488,175.342,9.96959,9.934,9.959,77.3616,1.8943,1.91812,14.4678,7.95581,528.45,533.865,5.34645,3.45107,9.48092,9.44112,9.62881,14.9161,14.9161,1.0,1.0,1
104265,31.05.2024 12:18:59.780000,107.199,135.544,9.97035,9.973,9.952,77.3616,1.89198,1.92278,17.3216,10.1623,528.57,533.955,4.6873,3.12868,9.13121,9.4891,9.63101,14.8654,14.8654,1.0,1.0,1
104266,31.05.2024 12:18:59.790000,107.199,135.544,9.99174,9.973,9.952,77.9557,1.87092,1.92812,16.9007,10.2065,528.665,534.01,4.41287,2.95361,8.81456,9.45621,9.63101,14.5182,14.5182,1.0,1.0,1
104267,31.05.2024 12:18:59.800000,106.787,105.139,9.99174,9.963,9.934,77.9557,1.84254,1.9353,16.9007,10.2065,528.665,534.01,4.41287,2.95361,8.81456,9.45621,9.6327,14.5182,14.5182,1.0,1.0,1
104268,31.05.2024 12:18:59.810000,106.787,105.139,9.99174,9.963,9.934,77.9557,1.84254,1.9353,16.9007,10.2065,528.665,534.01,4.41287,2.95361,8.81456,9.45621,9.6327,14.5182,14.5182,1.0,1.0,1
104269,31.05.2024 12:18:59.820000,106.787,108.023,10.0279,9.91,9.934,78.2051,1.77442,1.94842,14.0608,9.21457,528.71,534.105,4.34265,2.85076,8.67612,9.41716,9.63589,14.5038,14.5038,1.0,1.0,1
104270,31.05.2024 12:18:59.830000,99.0417,102.338,10.0308,9.903,9.917,78.3883,1.74222,1.95608,11.7233,10.7097,528.75,534.195,4.06337,2.87169,8.08212,9.25205,9.63801,14.3085,14.3085,1.0,1.0,1
104271,31.05.2024 12:18:59.840000,99.0417,102.338,10.0152,9.903,9.917,78.5639,1.74824,1.95586,11.023,12.5016,528.78,534.21,3.70196,3.21768,7.72404,9.10601,9.64016,13.4766,13.4766,1.0,1.0,1
104272,31.05.2024 12:18:59.850000,59.9029,97.4762,10.0152,9.923,9.932,78.5639,1.80587,1.94237,11.023,12.5016,528.78,534.21,3.70196,3.21768,7.72404,9.10601,9.64016,13.4766,13.4766,1.0,1.0,1
104273,31.05.2024 12:18:59.860000,59.9029,97.4762,10.0152,9.923,9.932,78.5639,1.80587,1.94237,11.023,12.5016,528.78,534.21,3.70196,3.21768,7.72404,9.10601,9.64016,13.4766,13.4766,1.0,1.0,1
104274,31.05.2024 12:18:59.870000,30.9814,42.4347,10.0188,9.936,9.917,78.7009,1.84467,1.94122,10.6436,8.57597,528.795,534.2,3.15539,3.06108,7.51332,8.98263,9.64282,13.4766,13.4766,1.0,1.0,1
104275,31.05.2024 12:18:59.880000,30.9814,42.4347,10.0188,9.936,9.917,78.7009,1.84467,1.94122,10.6436,8.57597,528.795,534.2,3.15539,3.06108,7.51332,8.98263,9.64282,13.4766,13.4766,1.0,1.0,1
104276,31.05.2024 12:18:59.890000,0.411987,10.6293,10.0483,9.916,9.907,78.6615,1.91407,1.94711,13.1607,9.09276,528.845,534.245,2.59247,2.64622,7.07748,8.92558,9.64534,12.4349,12.4349,1.0,1.0,1
104277,31.05.2024 12:18:59.900000,0.411987,10.6293,10.0483,9.916,9.907,78.6615,1.91407,1.94711,13.1607,9.09276,528.845,534.245,2.59247,2.64622,7.07748,8.92558,9.64534,12.4349,12.4349,1.0,1.0,1
104278,31.05.2024 12:18:59.910000,-15.8203,0.0,10.0534,9.896,9.9,78.7843,1.91803,1.96422,19.2015,11.547,528.945,534.345,1.9223,2.314,7.17832,8.82556,9.64813,11.9719,11.9719,1.0,1.0,1
104279,31.05.2024 12:18:59.920000,-15.8203,0.0,10.0534,9.896,9.9,78.7843,1.91803,1.96422,19.2015,11.547,528.945,534.345,1.9223,2.314,7.17832,8.82556,9.64813,11.9719,11.9719,1.0,1.0,1
104280,31.05.2024 12:18:59.930000,-32.8766,-18.7042,10.0095,9.878,9.897,78.8492,1.865,1.98169,15.4655,12.6437,528.965,534.405,1.72342,2.28503,6.89151,8.7741,9.65416,11.9719,11.9719,1.0,1.0,1
104281,31.05.2024 12:18:59.940000,-32.8766,-18.7042,10.0095,9.878,9.897,78.8492,1.865,1.98169,15.4655,12.6437,528.965,534.405,1.72342,2.28503,6.89151,8.7741,9.65416,11.9719,11.9719,1.0,1.0,1
104282,31.05.2024 12:18:59.950000,-103.903,-49.9328,10.0097,9.825,9.933,78.7819,1.8008,2.01357,12.5059,14.2185,529.005,534.44,1.43878,2.32454,6.66873,8.71518,9.65689,10.952,10.952,1.0,1.0,1
104283,31.05.2024 12:18:59.960000,-103.903,-49.9328,10.0097,9.825,9.933,78.7819,1.8008,2.01357,12.5059,14.2185,529.005,534.44,1.43878,2.32454,6.66873,8.71518,9.65689,10.952,10.952,1.0,1.0,1
104284,31.05.2024 12:18:59.970000,-109.341,-104.068,10.0178,9.845,9.942,78.8765,1.81007,2.01428,10.8997,14.8143,529.015,534.46,1.23946,2.25941,6.25746,8.57945,9.66022,10.8507,10.8507,1.0,1.0,1
104285,31.05.2024 12:18:59.980000,-109.341,-104.068,10.0178,9.845,9.942,78.8765,1.81007,2.01428,10.8997,14.8143,529.015,534.46,1.23946,2.25941,6.25746,8.57945,9.66022,10.8507,10.8507,1.0,1.0,1
104286,31.05.2024 12:18:59.990000,-112.472,-123.267,10.001,9.896,9.933,78.9592,1.87537,2.00602,15.8947,14.8079,529.02,534.515,0.718485,2.03904,5.99675,8.5486,9.66326,10.4384,10.4384,1.0,1.0,1
104287,31.05.2024 12:19:00.000000,-112.472,-123.267,10.001,9.896,9.933,78.9592,1.87537,2.00602,15.8947,14.8079,529.02,534.515,0.718485,2.03904,5.99675,8.5486,9.66326,10.4384,10.4384,1.0,1.0,1
104288,31.05.2024 12:19:00.010000,-138.428,-146.667,9.97791,9.915,9.928,78.9099,1.90393,2.00608,15.415,13.2111,529.025,534.545,0.35969,2.08322,5.85092,8.53506,9.66964,10.2865,10.2865,1.0,1.0,1
104289,31.05.2024 12:19:00.020000,-180.121,-200.143,9.98032,9.859,9.906,78.9491,1.8672,1.98862,15.3671,12.7857,529.04,534.57,0.16276,1.98837,5.71395,8.36535,9.67269,9.91753,9.91753,1.0,1.0,1
104290,31.05.2024 12:19:00.030000,-180.121,-200.143,9.9581,9.859,9.906,79.2065,1.83566,1.982,13.8156,10.9654,529.065,534.6,-0.0193768,1.8967,5.89972,8.18011,9.67269,9.75839,9.75839,1.0,1.0,1
104291,31.05.2024 12:19:00.040000,-183.746,-213.574,9.9581,9.871,9.88,79.2065,1.80169,1.97634,13.8156,10.9654,529.065,534.6,-0.0193768,1.8967,5.89972,8.18011,9.67507,9.75839,9.75839,1.0,1.0,1
104292,31.05.2024 12:19:00.050000,-183.746,-213.574,9.9581,9.871,9.88,79.2065,1.80169,1.97634,13.8156,10.9654,529.065,534.6,-0.0193768,1.8967,5.89972,8.18011,9.67507,9.75839,9.75839,1.0,1.0,1
104293,31.05.2024 12:19:00.060000,-183.746,-225.687,9.94068,9.889,9.88,79.189,1.75842,1.95678,10.0851,10.253,529.06,534.615,-0.104876,1.87352,5.84512,7.96392,9.67939,9.51244,9.51244,1.0,1.0,1
104294,31.05.2024 12:19:00.070000,-190.503,-218.518,9.94226,9.875,9.85,79.196,1.76954,1.94097,8.36025,7.17153,529.06,534.635,-0.336744,1.83906,5.83642,7.74928,9.68168,9.49074,9.49074,1.0,1.0,1
104295,31.05.2024 12:19:00.080000,-190.503,-218.518,9.94384,9.875,9.85,79.1787,1.79352,1.93615,9.14999,7.99786,529.06,534.655,-0.461267,1.67464,5.70206,7.65249,9.68434,9.49074,9.49074,1.0,1.0,1
104296,31.05.2024 12:19:00.090000,-190.75,-219.424,9.94384,9.829,9.882,79.1787,1.85431,1.93074,9.14999,7.99786,529.06,534.655,-0.461267,1.67464,5.70206,7.65249,9.68434,9.49074,9.49074,1.0,1.0,1
104297,31.05.2024 12:19:00.100000,-187.125,-213.492,9.93531,9.801,9.864,79.1787,1.87923,1.93334,11.701,7.14749,529.08,534.68,-0.587229,1.59629,5.43259,7.49396,9.68733,9.8452,9.8452,1.0,1.0,1
104298,31.05.2024 12:19:00.110000,-187.125,-213.492,9.93531,9.801,9.864,79.1787,1.87923,1.93334,11.701,7.14749,529.08,534.68,-0.587229,1.59629,5.43259,7.49396,9.68733,9.8452,9.8452,1.0,1.0,1
104299,31.05.2024 12:19:00.120000,-187.125,-213.492,9.92074,9.801,9.864,79.3142,1.89177,1.939,12.9851,7.48623,529.075,534.695,-0.569185,1.56965,5.28423,7.25362,9.68733,9.8452,9.8452,1.0,1.0,1
104300,31.05.2024 12:19:00.130000,-187.125,-213.492,9.92074,9.801,9.864,79.3142,1.89177,1.939,12.9851,7.48623,529.075,534.695,-0.569185,1.56965,5.28423,7.25362,9.68733,9.8452,9.8452,1.0,1.0,1
104301,31.05.2024 12:19:00.140000,-191.409,-216.376,9.91148,9.818,9.856,79.7523,1.85803,1.94613,13.5135,8.99025,529.085,534.71,-0.636133,1.54765,5.32669,7.00177,9.69363,9.49798,9.49798,0.0,1.0,1
104302,31.05.2024 12:19:00.150000,-199.814,-224.451,9.92511,9.804,9.848,79.5938,1.79541,1.94951,12.0907,8.38839,529.085,534.725,-0.68133,1.53239,5.34501,6.832,9.69619,9.49798,9.49798,0.0,1.0,1
104303,31.05.2024 12:19:00.160000,-199.814,-224.451,9.9079,9.804,9.848,79.4156,1.77477,1.94982,9.98237,8.22101,529.08,534.735,-0.69676,1.45861,5.36408,6.61767,9.6989,9.70052,9.70052,0.0,1.0,1
104304,31.05.2024 12:19:00.170000,-188.69,-219.672,9.9079,9.787,9.828,79.4156,1.76816,1.94971,9.98237,8.22101,529.08,534.735,-0.69676,1.45861,5.36408,6.61767,9.6989,9.70052,9.70052,0.0,1.0,1
104305,31.05.2024 12:19:00.180000,-193.881,-222.803,9.88928,9.817,9.819,79.4156,1.78985,1.94933,7.27344,10.2217,529.07,534.745,-0.684565,1.46275,5.36455,6.45004,9.70169,9.59201,9.59201,0.0,1.0,1
104306,31.05.2024 12:19:00.190000,-193.881,-222.803,9.89881,9.817,9.819,79.3799,1.82646,1.94825,9.36791,10.7697,529.07,534.77,-0.627466,1.46494,5.47111,6.28396,9.70169,9.59201,9.59201,0.0,1.0,1
104307,31.05.2024 12:19:00.200000,-182.016,-210.69,9.89881,9.846,9.833,79.3799,1.86765,1.94943,9.36791,10.7697,529.07,534.77,-0.627466,1.46494,5.47111,6.28396,9.70437,9.59201,9.59201,0.0,1.0,1
104308,31.05.2024 12:19:00.210000,-182.016,-210.69,9.89881,9.846,9.833,79.3799,1.86765,1.94943,9.36791,10.7697,529.07,534.77,-0.627466,1.46494,5.47111,6.28396,9.70437,9.59201,9.59201,0.0,1.0,1
104309,31.05.2024 12:19:00.220000,-182.016,-217.941,9.90404,9.849,9.833,79.8537,1.94636,1.96963,12.3942,8.78233,529.08,534.775,-0.649103,1.53425,5.52702,6.24056,9.70745,9.59201,9.59201,0.0,1.0,1
104310,31.05.2024 12:19:00.230000,-188.196,-214.893,9.89105,9.777,9.819,79.6666,1.98281,2.00151,17.2628,11.1185,529.065,534.785,-0.543707,1.49532,5.34127,6.04116,9.71063,9.49074,9.49074,0.0,1.0,1
104311,31.05.2024 12:19:00.240000,-188.196,-214.893,9.89758,9.777,9.819,79.5097,1.97805,2.01605,18.9116,15.1703,529.055,534.79,-0.574606,1.47899,5.16429,6.03184,9.71359,8.99161,8.99161,0.0,1.0,1
104312,31.05.2024 12:19:00.250000,-188.196,-214.893,9.89758,9.777,9.819,79.5097,1.97805,2.01605,18.9116,15.1703,529.055,534.79,-0.574606,1.47899,5.16429,6.03184,9.71359,8.99161,8.99161,0.0,1.0,1
104313,31.05.2024 12:19:00.260000,-196.435,-222.638,9.89758,9.758,9.812,79.5097,1.91698,2.04474,16.2156,15.2332,529.085,534.795,-0.424421,1.418,5.25368,5.93347,9.71359,8.99161,8.99161,0.0,1.0,1
104314,31.05.2024 12:19:00.270000,-189.349,-220.084,9.91108,9.803,9.825,79.3253,1.82905,2.05063,12.0392,16.0498,529.085,534.805,-0.278822,1.45065,5.30935,5.81845,9.71745,8.8831,8.8831,0.0,1.0,1
104315,31.05.2024 12:19:00.280000,-189.349,-220.084,9.91108,9.803,9.825,79.3253,1.82905,2.05063,12.0392,16.0498,529.085,534.805,-0.278822,1.45065,5.30935,5.81845,9.71745,8.8831,8.8831,0.0,1.0,1
104316,31.05.2024 12:19:00.290000,-189.761,-217.941,9.91108,9.846,9.86,79.3253,1.79317,2.04719,8.74674,17.3309,529.05,534.81,-0.221994,1.4807,5.31852,5.72688,9.71914,8.47801,8.47801,0.0,1.0,1
104317,31.05.2024 12:19:00.300000,-189.761,-217.941,9.91108,9.846,9.86,79.3253,1.79317,2.04719,8.74674,17.3309,529.05,534.81,-0.221994,1.4807,5.31852,5.72688,9.71914,8.47801,8.47801,0.0,1.0,1
104318,31.05.2024 12:19:00.310000,-188.608,-217.859,9.91159,9.836,9.839,79.2211,1.78985,1.99542,8.5523,14.2485,529.05,534.82,-0.182085,1.46795,5.33485,5.49159,9.72251,8.47801,8.47801,0.0,1.0,1
104319,31.05.2024 12:19:00.320000,-188.608,-217.859,9.91159,9.836,9.839,79.2211,1.78985,1.99542,8.5523,14.2485,529.05,534.82,-0.182085,1.46795,5.33485,5.49159,9.72251,8.47801,8.47801,0.0,1.0,1
104320,31.05.2024 12:19:00.330000,-191.574,-219.672,9.92778,9.829,9.854,79.1474,1.85403,1.95287,8.73738,9.16375,529.05,534.83,-0.096056,1.48735,5.38574,5.26774,9.72858,8.18143,8.18143,0.0,1.0,1
104321,31.05.2024 12:19:00.340000,-191.574,-219.672,9.92778,9.829,9.854,79.1474,1.85403,1.95287,8.73738,9.16375,529.05,534.83,-0.096056,1.48735,5.38574,5.26774,9.72858,8.18143,8.18143,0.0,1.0,1
104322,31.05.2024 12:19:00.350000,-190.668,-218.271,9.93692,9.806,9.839,79.1358,1.92783,1.92661,10.9011,5.47149,529.055,534.84,0.108923,1.55348,5.51708,5.16725,9.73186,7.93548,7.93548,0.0,1.0,1
104323,31.05.2024 12:19:00.360000,-190.668,-218.271,9.93692,9.806,9.839,79.1358,1.92783,1.92661,10.9011,5.47149,529.055,534.84,0.108923,1.55348,5.51708,5.16725,9.73186,7.93548,7.93548,0.0,1.0,1
104324,31.05.2024 12:19:00.370000,-186.548,-210.937,9.94464,9.788,9.849,79.3137,1.91254,1.92932,12.2429,7.69925,529.04,534.84,0.161077,1.54008,5.56016,5.17589,9.73454,7.53038,7.53038,0.0,1.0,1
104325,31.05.2024 12:19:00.380000,-186.548,-210.937,9.94464,9.788,9.849,79.3137,1.91254,1.92932,12.2429,7.69925,529.04,534.84,0.161077,1.54008,5.56016,5.17589,9.73454,7.53038,7.53038,0.0,1.0,1
104326,31.05.2024 12:19:00.390000,-184.653,-218.024,9.95463,9.79,9.842,79.2202,1.79882,1.93913,8.11921,7.82022,528.985,534.845,0.0674953,1.51181,5.49255,5.14783,9.73797,7.47252,7.47252,0.0,1.0,1
104327,31.05.2024 12:19:00.400000,-188.608,-218.188,9.98438,9.801,9.845,79.1785,1.72822,1.94276,5.03495,7.87048,529.01,534.845,-0.0216084,1.61826,5.27929,5.10659,9.74373,7.76909,7.76909,0.0,1.0,1
104328,31.05.2024 12:19:00.410000,-192.81,-220.166,9.98438,9.84,9.868,79.1785,1.72418,1.93268,5.03495,7.87048,529.01,534.845,-0.0216084,1.61826,5.27929,5.10659,9.74373,7.76909,7.76909,0.0,1.0,1
104329,31.05.2024 12:19:00.420000,-191.327,-213.574,9.96984,9.876,9.896,79.1785,1.74797,1.9246,4.16127,8.78861,529.01,534.855,-0.00846672,1.60296,5.15391,4.98646,9.74701,7.76909,7.76909,0.0,1.0,1
104330,31.05.2024 12:19:00.430000,-191.327,-213.574,9.97345,9.876,9.896,79.2023,1.78602,1.91934,6.0619,7.06467,528.985,534.855,-0.0514507,1.56605,5.04199,5.01694,9.74701,7.66782,7.66782,0.0,1.0,1
104331,31.05.2024 12:19:00.440000,-191.327,-213.574,9.97345,9.876,9.896,79.2023,1.78602,1.91934,6.0619,7.06467,528.985,534.855,-0.0514507,1.56605,5.04199,5.01694,9.74701,7.66782,7.66782,0.0,1.0,1
104332,31.05.2024 12:19:00.450000,-189.267,-218.188,9.97345,9.918,9.92,79.2023,1.83335,1.91618,10.0605,8.5533,528.97,534.86,-0.0908718,1.47347,4.88193,5.18188,9.74998,7.66782,7.66782,0.0,1.0,1
104333,31.05.2024 12:19:00.460000,-189.267,-218.188,9.97345,9.918,9.92,79.2023,1.83335,1.91618,10.0605,8.5533,528.97,534.86,-0.0908718,1.47347,4.88193,5.18188,9.74998,7.66782,7.66782,0.0,1.0,1
104334,31.05.2024 12:19:00.470000,-187.454,-215.305,9.99718,9.93,9.943,79.0188,1.94682,1.9384,12.9459,9.88948,528.96,534.865,-0.079504,1.38848,4.63552,5.16434,9.75333,7.76909,7.76909,0.0,1.0,1
104335,31.05.2024 12:19:00.480000,-185.641,-221.072,10.0012,9.931,9.956,79.1021,1.96037,1.96637,16.131,12.0942,528.95,534.87,-0.117167,1.4663,4.57257,5.205,9.76002,7.76909,7.76909,0.0,1.0,1
104336,31.05.2024 12:19:00.490000,-191.162,-219.754,10.0012,9.923,9.92,79.1021,1.91948,2.0027,16.131,12.0942,528.95,534.87,-0.117167,1.4663,4.57257,5.205,9.76002,7.76909,7.76909,0.0,1.0,1
104337,31.05.2024 12:19:00.500000,-189.844,-214.728,10.022,9.936,9.951,79.1021,1.88939,2.02009,15.7624,12.1511,528.95,534.865,0.00509834,1.51687,4.51746,5.14607,9.76317,7.63166,7.63166,0.0,1.0,1
104338,31.05.2024 12:19:00.510000,-189.844,-214.728,10.0324,9.936,9.951,79.0881,1.86012,2.03215,12.361,14.0014,528.925,534.875,-0.00734138,1.52812,4.48399,5.17169,9.76317,8.47801,8.47801,0.0,1.0,1
104339,31.05.2024 12:19:00.520000,-192.975,-211.349,10.0324,9.942,9.949,79.0881,1.84266,2.03897,12.361,14.0014,528.925,534.875,-0.00734138,1.52812,4.48399,5.17169,9.76615,8.47801,8.47801,0.0,1.0,1
104340,31.05.2024 12:19:00.530000,-192.975,-212.173,10.0326,9.955,9.949,79.0881,1.84145,2.03784,9.07944,16.768,528.91,534.885,-0.0355244,1.50475,4.38286,5.22699,9.76849,8.47801,8.47801,0.0,1.0,1
104341,31.05.2024 12:19:00.540000,-188.196,-212.173,10.0326,9.955,9.971,79.1123,1.85733,2.0325,10.898,15.8898,528.915,534.89,-0.0701046,1.51025,4.45892,5.18508,9.76849,8.47801,8.47801,0.0,1.0,1
104342,31.05.2024 12:19:00.550000,-188.196,-212.173,10.0326,9.955,9.971,79.1123,1.85733,2.0325,10.898,15.8898,528.915,534.89,-0.0701046,1.51025,4.45892,5.18508,9.76849,8.47801,8.47801,0.0,1.0,1
104343,31.05.2024 12:19:00.560000,-192.728,-215.964,10.0414,9.964,9.965,79.1123,1.87796,2.0217,12.1126,13.0555,528.875,534.895,-0.0943317,1.51334,4.46446,5.15689,9.77258,9.51967,9.51967,0.0,1.0,1
104344,31.05.2024 12:19:00.570000,-192.728,-215.964,10.0414,9.964,9.965,79.1123,1.87796,2.0217,12.1126,13.0555,528.875,534.895,-0.0943317,1.51334,4.46446,5.15689,9.77258,9.51967,9.51967,0.0,1.0,1
104345,31.05.2024 12:19:00.580000,-190.503,-215.964,10.0549,9.971,9.954,79.1917,1.92373,1.9993,14.0409,13.0528,528.87,534.895,-0.292702,1.54484,4.57428,5.15464,9.77587,9.81627,9.81627,0.0,1.0,1
104346,31.05.2024 12:19:00.590000,-189.432,-215.469,10.0724,9.967,9.956,79.172,1.91283,1.98621,12.8104,11.5882,528.84,534.89,-0.449291,1.53859,4.6311,5.19018,9.77861,9.81627,9.81627,0.0,1.0,1
104347,31.05.2024 12:19:00.600000,-189.432,-215.469,10.0724,9.967,9.956,79.172,1.91283,1.98621,12.8104,11.5882,528.84,534.89,-0.449291,1.53859,4.6311,5.19018,9.77861,9.81627,9.81627,0.0,1.0,1
104348,31.05.2024 12:19:00.610000,-186.218,-213.08,10.0724,9.964,9.953,79.172,1.88952,1.981,11.9733,9.47804,528.825,534.9,-0.641794,1.51879,4.69511,5.07159,9.78163,9.79456,9.79456,0.0,1.0,1
104349,31.05.2024 12:19:00.620000,-186.218,-213.08,10.0724,9.964,9.953,79.172,1.88952,1.981,11.9733,9.47804,528.825,534.9,-0.641794,1.51879,4.69511,5.07159,9.78163,9.79456,9.79456,0.0,1.0,1
104350,31.05.2024 12:19:00.630000,-192.068,-214.316,10.0665,9.962,9.946,79.1478,1.79547,1.9702,8.78983,11.0439,528.82,534.9,-0.875723,1.51508,4.68711,5.04541,9.78462,10.0622,10.0622,0.0,1.0,1
104351,31.05.2024 12:19:00.640000,-192.068,-214.316,10.0665,9.962,9.946,79.1478,1.79547,1.9702,8.78983,11.0439,528.82,534.9,-0.875723,1.51508,4.68711,5.04541,9.78462,10.0622,10.0622,0.0,1.0,1
104352,31.05.2024 12:19:00.650000,-190.75,-217.035,10.1017,9.962,9.961,79.1657,1.76129,1.95665,6.44862,10.9291,528.805,534.915,-0.916906,1.51922,4.65613,4.92808,9.79127,10.4745,10.4745,0.0,1.0,1
104353,31.05.2024 12:19:00.660000,-186.548,-217.529,10.0996,9.964,10.012,79.1826,1.7975,1.93159,6.53894,8.80416,528.8,534.915,-0.839596,1.43482,4.45187,4.81132,9.7943,10.3226,10.3226,0.0,1.0,1
104354,31.05.2024 12:19:00.670000,-186.548,-217.529,10.0996,9.964,10.012,79.1826,1.7975,1.93159,6.53894,8.80416,528.8,534.915,-0.839596,1.43482,4.45187,4.81132,9.7943,10.3226,10.3226,0.0,1.0,1
104355,31.05.2024 12:19:00.680000,-186.548,-217.529,10.0845,9.964,10.012,79.1301,1.82181,1.92608,7.20334,6.85984,528.765,534.915,-0.722017,1.43188,4.3806,4.71497,9.7943,10.9737,10.9737,0.0,1.0,1
104356,31.05.2024 12:19:00.690000,-186.548,-217.529,10.0845,9.964,10.012,79.1301,1.82181,1.92608,7.20334,6.85984,528.765,534.915,-0.722017,1.43188,4.3806,4.71497,9.7943,10.9737,10.9737,0.0,1.0,1
104357,31.05.2024 12:19:00.700000,-193.14,-215.634,10.0962,10.047,10.03,79.1577,1.88476,1.92228,9.4621,8.33102,528.755,534.915,-0.854229,1.39854,4.32345,4.71516,9.80139,11.3354,11.3354,0.0,1.0,1
104358,31.05.2024 12:19:00.710000,-193.14,-215.634,10.0962,10.047,10.03,79.1577,1.88476,1.92228,9.4621,8.33102,528.755,534.915,-0.854229,1.39854,4.32345,4.71516,9.80139,11.3354,11.3354,0.0,1.0,1
104359,31.05.2024 12:19:00.720000,-186.795,-211.185,10.0935,10.055,10.039,79.1783,1.88946,1.9296,11.7855,9.28512,528.74,534.92,-0.926153,1.32224,4.28092,4.66027,9.80487,11.3354,11.3354,0.0,1.0,1
104360,31.05.2024 12:19:00.730000,-186.795,-211.185,10.0935,10.055,10.039,79.1783,1.88946,1.9296,11.7855,9.28512,528.74,534.92,-0.926153,1.32224,4.28092,4.66027,9.80487,11.3354,11.3354,0.0,1.0,1
104361,31.05.2024 12:19:00.740000,-189.844,-214.728,10.0941,10.037,10.041,79.1861,1.84993,1.94728,12.6496,6.86549,528.725,534.915,-1.00789,1.35049,4.33288,4.63311,9.80906,11.3354,11.3354,0.0,1.0,1
104362,31.05.2024 12:19:00.750000,-189.844,-214.728,10.0941,10.037,10.041,79.1861,1.84993,1.94728,12.6496,6.86549,528.725,534.915,-1.00789,1.35049,4.33288,4.63311,9.80906,11.3354,11.3354,0.0,1.0,1
104363,31.05.2024 12:19:00.760000,-191.409,-215.057,10.114,10.025,10.042,79.2094,1.84467,1.95954,10.0892,11.8,528.73,534.93,-0.816113,1.16195,4.05561,4.50121,9.81197,11.2341,11.2341,0.0,1.0,1
104364,31.05.2024 12:19:00.770000,-191.409,-215.057,10.114,10.025,10.042,79.2094,1.84467,1.95954,10.0892,11.8,528.73,534.93,-0.816113,1.16195,4.05561,4.50121,9.81197,11.2341,11.2341,0.0,1.0,1
104365,31.05.2024 12:19:00.780000,-185.889,-215.799,10.1186,10.04,10.045,79.2051,1.90413,1.9707,11.1918,12.392,528.715,534.93,-0.64863,1.20952,4.0247,4.46063,9.81898,11.0822,11.0822,0.0,1.0,1
104366,31.05.2024 12:19:00.790000,-185.889,-215.799,10.1186,10.04,10.045,79.2051,1.90413,1.9707,11.1918,12.392,528.715,534.93,-0.64863,1.20952,4.0247,4.46063,9.81898,11.0822,11.0822,0.0,1.0,1
104367,31.05.2024 12:19:00.800000,-188.196,-218.848,10.1129,10.04,10.055,79.1999,1.95176,1.98556,12.5287,12.1384,528.685,534.925,-0.571585,1.36823,4.04731,4.46648,9.82092,11.5379,11.5379,0.0,1.0,1
104368,31.05.2024 12:19:00.810000,-188.196,-218.848,10.1129,10.04,10.055,79.1999,1.95176,1.98556,12.5287,12.1384,528.685,534.925,-0.571585,1.36823,4.04731,4.46648,9.82092,11.5379,11.5379,0.0,1.0,1
104369,31.05.2024 12:19:00.820000,-187.701,-216.046,10.1098,10.033,10.045,79.1774,1.96233,2.01227,14.4097,12.5694,528.625,534.925,-0.552622,1.28558,3.94573,4.44212,9.82557,12.3481,12.3481,0.0,1.0,1
104370,31.05.2024 12:19:00.830000,-187.701,-216.046,10.1098,10.033,10.045,79.1774,1.96233,2.01227,14.4097,12.5694,528.625,534.925,-0.552622,1.28558,3.94573,4.44212,9.82557,12.3481,12.3481,0.0,1.0,1
104371,31.05.2024 12:19:00.840000,-188.525,-219.589,10.1239,10.034,10.025,79.142,1.91124,2.02455,13.9816,15.2717,528.61,534.92,-0.701567,1.1003,3.92998,4.41605,9.82873,12.6157,12.6157,0.0,1.0,1
104372,31.05.2024 12:19:00.850000,-187.784,-221.567,10.1287,10.031,10.026,79.164,1.81884,2.02136,9.44637,13.8105,528.595,534.91,-0.719912,1.26948,3.93544,4.35545,9.83563,12.0009,12.0009,0.0,1.0,1
104373,31.05.2024 12:19:00.860000,-185.971,-221.567,10.1287,10.031,10.021,79.1636,1.80569,2.01524,8.56675,14.8656,528.595,534.91,-0.689278,1.16978,3.96273,4.29751,9.83563,11.8924,11.8924,0.0,1.0,1
104374,31.05.2024 12:19:00.870000,-193.222,-211.597,10.1414,10.008,10.029,79.1636,1.80359,2.00364,8.56675,14.8656,528.595,534.91,-0.689278,1.16978,3.96273,4.29751,9.83902,11.8924,11.8924,0.0,1.0,1
104375,31.05.2024 12:19:00.880000,-193.222,-211.597,10.138,10.008,10.029,79.2322,1.81525,1.98728,9.03562,12.2347,528.58,534.91,-0.565901,1.19188,3.94679,4.22059,9.84225,11.8924,11.8924,0.0,1.0,1
104376,31.05.2024 12:19:00.890000,-189.102,-218.765,10.138,9.991,10.015,79.2322,1.85879,1.96082,9.03562,12.2347,528.58,534.91,-0.565901,1.19188,3.94679,4.22059,9.84225,11.8924,11.8924,0.0,1.0,1
104377,31.05.2024 12:19:00.900000,-194.87,-216.458,10.1296,10.001,10.042,79.2322,1.88112,1.95211,9.60593,8.79956,528.56,534.9,-0.399035,1.21153,3.88446,4.22355,9.8453,12.7025,12.7025,0.0,1.0,1
104378,31.05.2024 12:19:00.910000,-194.87,-216.458,10.1193,10.001,10.042,79.1782,1.90053,1.94388,10.1511,7.63796,528.52,534.905,-0.187447,1.18294,3.95818,4.19965,9.8453,12.7604,12.7604,0.0,1.0,1
104379,31.05.2024 12:19:00.920000,-191.656,-218.188,10.1193,10.042,10.055,79.1782,1.90608,1.94027,10.1511,7.63796,528.52,534.905,-0.187447,1.18294,3.95818,4.19965,9.84855,12.7604,12.7604,0.0,1.0,1
104380,31.05.2024 12:19:00.930000,-191.656,-213.739,10.1284,10.068,10.055,79.1782,1.89253,1.93717,11.6284,12.2455,528.485,534.9,-0.275902,1.09418,3.94022,4.2209,9.85185,12.7604,12.7604,0.0,1.0,1
104381,31.05.2024 12:19:00.940000,-184.9,-213.739,10.1284,10.068,10.073,79.2949,1.87032,1.93687,12.0433,8.85598,528.47,534.88,-0.381784,1.14414,3.90309,4.16772,9.85185,13.4404,13.4404,0.0,1.0,1
104382,31.05.2024 12:19:00.950000,-188.608,-215.057,10.1305,10.076,10.073,79.2949,1.84355,1.93925,12.0433,8.85598,528.47,534.88,-0.381784,1.14414,3.90309,4.16772,9.85526,13.4404,13.4404,0.0,1.0,1
104383,31.05.2024 12:19:00.960000,-188.608,-215.057,10.1284,10.076,10.073,79.3496,1.81996,1.94182,8.90851,7.28718,528.44,534.88,-0.406719,1.06978,3.85654,4.22625,9.85861,13.4476,13.4476,0.0,1.0,1
104384,31.05.2024 12:19:00.970000,-189.926,-212.833,10.1284,10.076,10.073,79.3496,1.78957,1.94256,8.90851,7.28718,528.44,534.88,-0.406719,1.06978,3.85654,4.22625,9.85861,13.4476,13.4476,0.0,1.0,1
104385,31.05.2024 12:19:00.980000,-189.926,-212.833,10.1284,10.076,10.073,79.3496,1.78957,1.94256,8.90851,7.28718,528.44,534.88,-0.406719,1.06978,3.85654,4.22625,9.85861,13.4476,13.4476,0.0,1.0,1
104386,31.05.2024 12:19:00.990000,-186.548,-216.54,10.1331,10.064,10.073,79.304,1.79448,1.94104,7.40584,8.60472,528.435,534.885,-0.391205,0.991632,3.86733,4.24951,9.86296,13.4476,13.4476,0.0,1.0,1
104387,31.05.2024 12:19:01.000000,-181.522,-211.597,10.1335,10.033,10.074,79.3517,1.83552,1.93584,6.60412,9.90979,528.44,534.865,-0.134346,1.09119,3.81353,4.24795,9.86564,14.0553,14.0553,0.0,1.0,1
104388,31.05.2024 12:19:01.010000,-181.522,-211.597,10.1335,10.033,10.074,79.3517,1.83552,1.93584,6.60412,9.90979,528.44,534.865,-0.134346,1.09119,3.81353,4.24795,9.86564,14.0553,14.0553,0.0,1.0,1
104389,31.05.2024 12:19:01.020000,-181.522,-221.567,10.136,10.037,10.074,79.2226,1.89965,1.93914,9.80768,7.53579,528.4,534.85,0.073637,1.05155,3.74403,4.21127,9.86865,14.0553,14.0553,0.0,1.0,1
104390,31.05.2024 12:19:01.030000,-185.477,-216.211,10.1313,10.07,10.076,79.2336,1.95029,1.9546,11.6055,8.72375,528.38,534.855,-0.0101051,0.898928,3.71513,4.25364,9.87304,14.1276,14.1276,0.0,1.0,1
104391,31.05.2024 12:19:01.040000,-185.477,-216.211,10.1313,10.07,10.076,79.2336,1.95029,1.9546,11.6055,8.72375,528.38,534.855,-0.0101051,0.898928,3.71513,4.25364,9.87304,14.1276,14.1276,0.0,1.0,1
104392,31.05.2024 12:19:01.050000,-185.477,-216.211,10.1271,10.07,10.076,79.2303,1.96442,1.96435,14.6031,11.6601,528.375,534.86,-0.0402966,0.932279,3.76144,4.2444,9.87492,14.1855,14.1855,0.0,1.0,1
104393,31.05.2024 12:19:01.060000,-187.949,-212.585,10.1387,10.072,10.07,79.2436,1.94604,2.00229,14.3055,11.4785,528.355,534.845,0.0885868,0.969221,3.72508,4.22263,9.87923,14.5038,14.5038,0.0,1.0,1
104394,31.05.2024 12:19:01.070000,-187.949,-212.585,10.1387,10.072,10.07,79.2436,1.94604,2.00229,14.3055,11.4785,528.355,534.845,0.0885868,0.969221,3.72508,4.22263,9.87923,14.5038,14.5038,0.0,1.0,1
104395,31.05.2024 12:19:01.080000,-187.949,-212.585,10.1567,10.072,10.07,79.3093,1.92618,2.01599,13.8725,11.7955,528.36,534.83,0.262573,0.915827,3.67526,4.21429,9.87923,14.4604,14.4604,0.0,1.0,1
104396,31.05.2024 12:19:01.090000,-187.949,-212.585,10.1567,10.072,10.07,79.3093,1.92618,2.01599,13.8725,11.7955,528.36,534.83,0.262573,0.915827,3.67526,4.21429,9.87923,14.4604,14.4604,0.0,1.0,1
104397,31.05.2024 12:19:01.100000,-191.08,-209.866,10.1467,10.044,10.075,79.4651,1.89553,2.0403,10.9468,14.8119,528.355,534.83,0.379766,0.871111,3.68911,4.26573,9.88519,14.6123,14.6123,0.0,1.0,1
104398,31.05.2024 12:19:01.110000,-194.623,-214.563,10.1436,10.032,10.049,79.4227,1.90578,2.04058,11.135,15.2697,528.31,534.825,0.665207,0.904333,3.7162,4.24118,9.88848,15.0174,15.0174,0.0,1.0,1
104399,31.05.2024 12:19:01.120000,-194.623,-214.563,10.1569,10.032,10.049,79.3063,1.91483,2.03679,11.5896,13.5045,528.3,534.82,0.789383,0.969751,3.65493,4.23869,9.8921,15.0174,15.0174,0.0,1.0,1
