,time,Pinceur Inf Mesure de courant,Pinceur Sup Mesure de courant,Mandrin - Vitesse Actuelle,Pinceur Sup Mesure vitesse lineaire,Pinceur Inf Mesure vitesse lineaire,Mandrin - Mesure Expansion,Pinceur Nord Position entrefer estimee,Pinceur Sud Position entrefer estimee,Pinceur Nord Force entrefer calibree,Pinceur Sud Force entrefer calibree,Guides Nord Entree Position mesuree,Guides Nord Sortie Position mesuree,Guides Nord Entree Force pour regulateur PI,Guides Nord Sortie Force pour regulateur PI,Guides Sud Entree Force pour regulateur PI,Guides Sud Sortie Force pour regulateur PI,Mandrin - Vitesse Actuelle F10,_Excentrage largeur bande jauge bob,_Excentrage largeur bande jauge bob.1,TDB pinceur,Fenetre,Declancheur
79800,31.05.2024 04:53:07.510000,119.971,75.6408,7.50284,6.868,6.645,28.9651,5.00598,4.59778,16.0838,23.9631,510.66,511.405,9.613,8.17292,0.677892,0.99106,5.77305,70.327,70.327,1.0,1.0,1
79801,31.05.2024 04:53:07.520000,119.971,75.6408,7.50656,6.868,6.645,28.9935,5.05176,4.62696,27.518,18.8278,508.93,509.66,9.52639,8.05851,0.679772,0.95965,5.77305,70.327,70.327,1.0,1.0,1
79802,31.05.2024 04:53:07.530000,133.072,108.105,7.50656,6.777,6.659,28.9935,5.05408,4.65817,30.5941,21.8226,507.22,507.93,9.40783,7.859,0.685593,0.880712,5.773,70.327,70.327,1.0,1.0,1
79803,31.05.2024 04:53:07.540000,133.072,117.581,7.50854,6.7,6.659,28.9784,5.00809,4.72922,30.5941,21.8226,507.22,507.93,9.40783,7.859,0.685593,0.880712,5.77272,70.2257,70.2257,1.0,1.0,1
79804,31.05.2024 04:53:07.550000,189.926,117.581,7.50854,6.7,6.468,28.8601,4.8744,4.8065,30.9887,36.5962,505.575,506.245,8.75812,6.90384,0.709832,0.929468,5.77272,70.2257,70.2257,1.0,1.0,1
79805,31.05.2024 04:53:07.560000,189.926,117.581,7.50854,6.7,6.468,28.8601,4.8744,4.8065,30.9887,36.5962,505.575,506.245,8.75812,6.90384,0.709832,0.929468,5.77272,70.2257,70.2257,1.0,1.0,1
79806,31.05.2024 04:53:07.570000,260.623,143.701,7.50978,6.674,6.343,28.8601,4.78757,4.80543,26.8412,44.9988,504.09,504.77,7.78383,5.32121,0.671349,0.923544,5.77279,70.0231,70.0231,1.0,1.0,1
79807,31.05.2024 04:53:07.580000,329.425,164.63,7.50505,6.614,6.233,28.8703,4.65719,4.83971,17.8315,32.6953,502.745,503.48,6.8284,4.61864,0.65722,0.925588,5.77304,69.8712,69.8712,1.0,1.0,1
79808,31.05.2024 04:53:07.590000,445.276,252.136,7.50489,6.483,6.032,28.8752,4.59999,4.8215,17.8315,32.6953,502.745,503.48,6.8284,4.61864,0.65722,0.925588,5.77356,69.864,69.864,1.0,1.0,1
79809,31.05.2024 04:53:07.600000,445.276,252.136,7.50504,6.483,6.032,28.9284,4.63037,4.80286,12.7389,35.8183,501.415,502.2,6.25179,4.96712,0.670659,0.922666,5.77356,69.864,69.864,1.0,1.0,1
79810,31.05.2024 04:53:07.610000,502.789,316.489,7.50504,6.381,5.953,28.9284,4.68138,4.7682,15.0775,42.6967,500.125,500.855,5.81148,5.3461,0.624875,0.903169,5.77415,69.9219,69.9219,1.0,1.0,1
79811,31.05.2024 04:53:07.620000,502.789,316.489,7.50296,6.381,5.953,28.9284,4.75255,4.71585,15.0775,42.6967,500.125,500.855,5.81148,5.3461,0.624875,0.903169,5.77456,69.7193,69.7193,1.0,1.0,1
79812,31.05.2024 04:53:07.630000,572.827,356.863,7.50296,6.34,5.863,28.9999,4.89504,4.64344,21.5679,28.7965,498.78,499.57,5.92724,5.85312,0.559567,0.859079,5.77456,69.7193,69.7193,1.0,1.0,1
79813,31.05.2024 04:53:07.640000,572.827,356.863,7.50296,6.34,5.863,28.9999,4.89504,4.64344,21.5679,28.7965,498.78,499.57,5.92724,5.85312,0.559567,0.859079,5.77456,69.7193,69.7193,1.0,1.0,1
79814,31.05.2024 04:53:07.650000,609.741,430.609,7.50062,6.23,5.815,28.9999,4.93573,4.62821,25.636,18.4378,497.44,498.27,6.14277,6.93775,0.486417,0.822504,5.77487,69.5096,69.5096,1.0,1.0,1
79815,31.05.2024 04:53:07.660000,609.741,430.609,7.50062,6.23,5.815,28.9999,4.93573,4.62821,25.636,18.4378,497.44,498.27,6.14277,6.93775,0.486417,0.822504,5.77487,69.5096,69.5096,1.0,1.0,1
79816,31.05.2024 04:53:07.670000,626.221,491.665,7.50147,6.113,5.799,28.9598,4.93459,4.60122,28.7979,24.1747,496.095,496.88,6.63119,8.45427,0.533219,0.852781,5.77544,68.7066,68.7066,1.0,1.0,1
79817,31.05.2024 04:53:07.680000,626.221,491.665,7.50147,6.113,5.799,28.9598,4.93459,4.60122,28.7979,24.1747,496.095,496.88,6.63119,8.45427,0.533219,0.852781,5.77544,68.7066,68.7066,1.0,1.0,1
79818,31.05.2024 04:53:07.690000,620.453,563.434,7.49973,6.051,5.776,29.0342,4.799,4.57935,26.5751,24.9039,494.68,495.36,7.56854,9.71993,0.479916,0.815069,5.77561,67.4117,67.4117,1.0,1.0,1
79819,31.05.2024 04:53:07.700000,620.453,563.434,7.49973,6.051,5.776,29.0342,4.799,4.57935,26.5751,24.9039,494.68,495.36,7.56854,9.71993,0.479916,0.815069,5.77561,67.4117,67.4117,1.0,1.0,1
79820,31.05.2024 04:53:07.710000,628.033,637.015,7.50409,6.016,5.747,29.0167,4.65681,4.59123,22.6862,17.4617,493.14,493.74,8.47235,10.484,0.605119,0.878648,5.77612,67.39,67.39,1.0,1.0,1
79821,31.05.2024 04:53:07.720000,614.355,663.052,7.50461,5.955,5.681,28.9838,4.49086,4.62568,9.71562,25.1141,489.98,490.465,9.03308,9.90288,0.513005,0.87388,5.77649,65.6467,65.6467,1.0,1.0,1
79822,31.05.2024 04:53:07.730000,614.355,663.052,7.50826,5.955,5.681,28.9006,4.48143,4.63601,9.71562,25.1141,489.98,490.465,9.03308,9.90288,0.513005,0.87388,5.7766,65.6467,65.6467,1.0,1.0,1
79823,31.05.2024 04:53:07.740000,605.209,669.067,7.50826,5.894,5.674,28.9006,4.49264,4.63783,10.0864,25.6879,488.435,488.93,9.03752,9.35171,0.512673,0.911325,5.7766,61.4945,61.4945,1.0,1.0,1
79824,31.05.2024 04:53:07.750000,607.434,661.981,7.50139,5.902,5.68,28.9783,4.56078,4.63376,10.0864,25.6879,488.435,488.93,9.03752,9.35171,0.512673,0.911325,5.77623,61.4945,61.4945,1.0,1.0,1
79825,31.05.2024 04:53:07.760000,607.434,661.981,7.5077,5.902,5.68,28.9946,4.59718,4.63675,11.2877,25.5279,486.91,487.48,9.1878,9.2395,0.540242,0.933305,5.77623,61.4945,61.4945,1.0,1.0,1
79826,31.05.2024 04:53:07.770000,605.786,663.217,7.5077,5.859,5.679,28.9946,4.63057,4.64071,13.277,23.2492,485.34,485.985,9.84559,10.0017,0.48549,0.899328,5.77576,59.1725,59.1725,1.0,1.0,1
79827,31.05.2024 04:53:07.780000,605.786,663.711,7.51181,5.798,5.679,28.9653,4.66028,4.64178,13.277,23.2492,485.34,485.985,9.84559,10.0017,0.48549,0.899328,5.77567,55.1143,55.1143,1.0,1.0,1
79828,31.05.2024 04:53:07.790000,612.625,663.711,7.51181,5.798,5.691,28.9912,4.67987,4.64222,16.9111,25.3785,483.76,484.405,10.4677,11.08,0.46288,0.950647,5.77567,55.1143,55.1143,1.0,1.0,1
79829,31.05.2024 04:53:07.800000,611.142,661.322,7.50867,5.795,5.703,28.9912,4.68418,4.64075,19.1883,25.49,482.065,482.765,11.0276,11.8184,0.559491,0.983736,5.77552,55.1143,55.1143,1.0,1.0,1
79830,31.05.2024 04:53:07.810000,611.142,661.322,7.51073,5.795,5.703,28.9725,4.67902,4.64084,19.1883,25.49,482.065,482.765,11.0276,11.8184,0.559491,0.983736,5.77554,55.1143,55.1143,1.0,1.0,1
79831,31.05.2024 04:53:07.820000,606.61,651.269,7.51073,5.832,5.687,28.9725,4.66008,4.64214,19.0799,24.1749,480.33,481.105,11.1232,12.1467,0.514409,0.882482,5.77554,53.928,53.928,1.0,1.0,1
79832,31.05.2024 04:53:07.830000,602.325,661.157,7.50783,5.856,5.678,28.9828,4.60474,4.64044,19.0799,24.1749,480.33,481.105,11.1232,12.1467,0.514409,0.882482,5.77491,48.3073,48.3073,1.0,1.0,1
79833,31.05.2024 04:53:07.840000,602.325,661.157,7.50785,5.856,5.678,28.9906,4.56808,4.63662,16.6747,24.7845,478.625,479.5,10.6378,12.1499,0.600804,0.922937,5.77491,48.3073,48.3073,1.0,1.0,1
79834,31.05.2024 04:53:07.850000,601.254,651.434,7.50785,5.786,5.708,28.9906,4.53591,4.63391,14.009,25.3883,476.915,477.93,10.0853,12.4418,0.545205,0.887155,5.77541,48.3073,48.3073,1.0,1.0,1
79835,31.05.2024 04:53:07.860000,601.254,645.914,7.49946,5.757,5.708,29.0466,4.51142,4.62804,14.009,25.3883,476.915,477.93,10.0853,12.4418,0.545205,0.887155,5.77527,48.3073,48.3073,1.0,1.0,1
79836,31.05.2024 04:53:07.870000,606.363,645.914,7.49946,5.757,5.718,29.052,4.50006,4.60579,11.3876,26.4295,475.195,476.32,9.641,12.8998,0.508225,0.876974,5.77527,48.3073,48.3073,1.0,1.0,1
79837,31.05.2024 04:53:07.880000,602.49,653.906,7.50151,5.797,5.707,29.052,4.50597,4.59705,11.0919,21.834,473.49,474.68,9.09163,13.2948,0.497674,0.886068,5.77539,42.3177,42.3177,1.0,1.0,1
79838,31.05.2024 04:53:07.890000,602.49,653.906,7.50544,5.797,5.707,29.0325,4.51869,4.58722,11.0919,21.834,473.49,474.68,9.09163,13.2948,0.497674,0.886068,5.77558,42.3177,42.3177,1.0,1.0,1
79839,31.05.2024 04:53:07.900000,603.314,656.872,7.50544,5.815,5.707,29.0325,4.52992,4.57314,11.9269,21.0111,471.775,473.08,8.55628,13.8492,0.553746,0.89488,5.77558,42.173,42.173,1.0,1.0,1
79840,31.05.2024 04:53:07.910000,595.981,650.281,7.51355,5.793,5.714,28.9541,4.54085,4.54827,11.9269,21.0111,471.775,473.08,8.55628,13.8492,0.553746,0.89488,5.7754,39.3301,39.3301,1.0,1.0,1
79841,31.05.2024 04:53:07.920000,595.981,650.281,7.51074,5.793,5.714,28.974,4.54072,4.54477,11.334,19.4645,470.055,471.46,8.12842,14.423,0.531796,0.837206,5.7754,39.3301,39.3301,1.0,1.0,1
79842,31.05.2024 04:53:07.930000,600.924,650.033,7.51074,5.793,5.747,28.974,4.53704,4.54184,11.2365,17.0107,468.315,469.825,7.79185,14.9154,0.47107,0.827749,5.77528,36.4294,36.4294,1.0,1.0,1
79843,31.05.2024 04:53:07.940000,600.924,650.033,7.51074,5.793,5.747,28.974,4.53704,4.54184,11.2365,17.0107,468.315,469.825,7.79185,14.9154,0.47107,0.827749,5.77528,36.4294,36.4294,1.0,1.0,1
79844,31.05.2024 04:53:07.950000,600.924,650.033,7.5118,5.793,5.747,28.969,4.53476,4.5364,12.8218,18.0784,466.585,468.205,7.43656,15.2487,0.498551,0.778097,5.77516,33.3333,33.3333,1.0,1.0,1
79845,31.05.2024 04:53:07.960000,600.924,650.033,7.5118,5.793,5.747,28.969,4.53476,4.5364,12.8218,18.0784,466.585,468.205,7.43656,15.2487,0.498551,0.778097,5.77516,33.3333,33.3333,1.0,1.0,1
79846,31.05.2024 04:53:07.970000,602.49,659.921,7.50876,5.844,5.788,28.9542,4.51384,4.53734,11.3377,17.6591,464.855,466.585,7.17704,15.7109,0.476041,0.774931,5.77542,29.8466,29.8466,1.0,1.0,1
79847,31.05.2024 04:53:07.980000,605.456,650.281,7.50718,5.828,5.777,28.9361,4.50199,4.54823,10.6836,19.8216,463.145,464.925,6.74781,15.9629,0.444768,0.775522,5.77529,26.6348,26.6348,1.0,1.0,1
79848,31.05.2024 04:53:07.990000,601.831,651.929,7.50505,5.803,5.774,28.9264,4.50442,4.55708,10.6836,19.8216,463.145,464.925,6.74781,15.9629,0.444768,0.775522,5.77508,23.7558,23.7558,1.0,1.0,1
79849,31.05.2024 04:53:08.000000,601.831,651.929,7.50411,5.803,5.774,28.9321,4.50638,4.56184,11.9949,21.2513,461.47,463.305,6.53612,16.3702,0.478249,0.893842,5.77508,23.7558,23.7558,1.0,1.0,1
79850,31.05.2024 04:53:08.010000,595.898,645.254,7.50411,5.864,5.754,28.9321,4.51128,4.56563,13.0604,20.6211,459.79,461.69,6.58704,16.8982,0.471387,0.877557,5.7754,23.7558,23.7558,1.0,1.0,1
79851,31.05.2024 04:53:08.020000,595.898,656.79,7.51504,5.863,5.754,28.9679,4.51439,4.56706,13.0604,20.6211,459.79,461.69,6.58704,16.8982,0.471387,0.877557,5.77536,23.7196,23.7196,1.0,1.0,1
79852,31.05.2024 04:53:08.030000,597.629,656.79,7.51504,5.863,5.759,28.8809,4.52123,4.57122,11.7419,23.5338,458.165,460.095,6.75621,17.3558,0.487504,0.904543,5.77536,23.7196,23.7196,1.0,1.0,1
79853,31.05.2024 04:53:08.040000,603.149,653.906,7.51403,5.843,5.783,28.8809,4.5247,4.57408,12.9116,20.8571,456.54,458.505,7.42369,17.9364,0.436421,0.870889,5.77557,21.101,21.101,1.0,1.0,1
79854,31.05.2024 04:53:08.050000,603.149,653.906,7.51042,5.843,5.783,28.9241,4.52453,4.57703,12.9116,20.8571,456.54,458.505,7.42369,17.9364,0.436421,0.870889,5.77572,21.101,21.101,1.0,1.0,1
79855,31.05.2024 04:53:08.060000,603.808,646.078,7.51042,5.822,5.791,28.9241,4.52611,4.57796,14.9114,23.2736,454.92,456.91,8.0351,18.6211,0.560212,0.922224,5.77572,18.3521,18.3521,1.0,1.0,1
79856,31.05.2024 04:53:08.070000,603.808,646.078,7.51042,5.822,5.791,28.9241,4.52611,4.57796,14.9114,23.2736,454.92,456.91,8.0351,18.6211,0.560212,0.922224,5.77572,18.3521,18.3521,1.0,1.0,1
79857,31.05.2024 04:53:08.080000,604.55,649.539,7.51561,5.843,5.794,28.9493,4.53332,4.57511,14.51,21.8937,453.28,455.245,8.85062,19.2945,0.883294,1.0016,5.77578,13.3753,13.3753,1.0,1.0,1
79858,31.05.2024 04:53:08.090000,601.831,649.621,7.51931,5.84,5.808,28.9504,4.53556,4.58499,12.9162,21.3847,451.625,453.65,9.47697,19.8022,0.958985,1.02526,5.77641,13.3753,13.3753,1.0,1.0,1
79859,31.05.2024 04:53:08.100000,601.831,655.884,7.51828,5.844,5.808,28.9433,4.5385,4.58674,12.9162,21.3847,451.625,453.65,9.47697,19.8022,0.958985,1.02526,5.77641,10.9881,10.9881,1.0,1.0,1
79860,31.05.2024 04:53:08.110000,605.951,655.884,7.51828,5.844,5.788,29.1878,4.5374,4.58621,14.4957,23.6884,449.925,452.075,9.94769,20.2684,1.11137,0.971902,5.77641,10.9881,10.9881,1.0,1.0,1
79861,31.05.2024 04:53:08.120000,597.464,646.243,7.52067,5.79,5.795,29.1878,4.53273,4.58689,15.0196,22.6635,448.25,450.555,10.0838,20.9802,1.32335,0.98895,5.77677,9.8886,9.8886,1.0,1.0,1
79862,31.05.2024 04:53:08.130000,597.464,646.243,7.53474,5.79,5.795,29.551,4.5215,4.58487,15.0196,22.6635,448.25,450.555,10.0838,20.9802,1.32335,0.98895,5.77702,9.8886,9.8886,1.0,1.0,1
79863,31.05.2024 04:53:08.140000,582.055,637.839,7.53474,5.776,5.772,29.551,4.50643,4.57765,14.1926,21.7936,446.7,449.055,10.2492,22.0482,1.68206,1.03633,5.77702,9.8886,9.8886,1.0,1.0,1
79864,31.05.2024 04:53:08.150000,568.295,618.31,7.53782,5.771,5.766,30.1606,4.46143,4.55007,14.1926,21.7936,446.7,449.055,10.2492,22.0482,1.68206,1.03633,5.77718,10.0767,10.0767,1.0,1.0,1
79865,31.05.2024 04:53:08.160000,568.295,618.31,7.53584,5.771,5.766,30.8421,4.44171,4.54106,12.3181,21.0728,445.14,447.58,10.8736,23.166,2.18101,2.07865,5.77718,10.0767,10.0767,1.0,1.0,1
79866,31.05.2024 04:53:08.170000,545.965,614.355,7.53584,5.809,5.749,30.8421,4.42411,4.53742,11.2371,19.8642,443.575,446.15,11.6308,24.5989,3.32075,4.17169,5.7771,10.2431,10.2431,1.0,1.0,1
79867,31.05.2024 04:53:08.180000,545.965,614.355,7.53584,5.809,5.749,30.8421,4.42411,4.53742,11.2371,19.8642,443.575,446.15,11.6308,24.5989,3.32075,4.17169,5.7771,10.2431,10.2431,1.0,1.0,1
79868,31.05.2024 04:53:08.190000,545.965,595.898,7.52271,5.832,5.749,31.5411,4.41645,4.53326,9.70412,20.2241,442.0,444.695,12.549,26.2065,4.23612,6.1022,5.77666,10.8001,10.8001,1.0,1.0,1
79869,31.05.2024 04:53:08.200000,545.965,595.898,7.52271,5.832,5.749,31.5411,4.41645,4.53326,9.70412,20.2241,442.0,444.695,12.549,26.2065,4.23612,6.1022,5.77666,10.8001,10.8001,1.0,1.0,1
79870,31.05.2024 04:53:08.210000,526.025,585.599,7.53285,5.862,5.759,32.3054,4.43934,4.53126,10.5853,17.8236,440.435,443.305,13.315,28.034,5.12578,7.59809,5.77626,10.8001,10.8001,1.0,1.0,1
79871,31.05.2024 04:53:08.220000,526.025,585.599,7.53285,5.862,5.759,32.3054,4.43934,4.53126,10.5853,17.8236,440.435,443.305,13.315,28.034,5.12578,7.59809,5.77626,10.8001,10.8001,1.0,1.0,1
79872,31.05.2024 04:53:08.230000,512.677,568.542,7.53959,5.838,5.78,33.215,4.47472,4.54555,11.5754,18.0985,439.155,441.905,10.8083,23.1449,6.06212,8.66412,5.77636,11.7622,11.7622,1.0,1.0,1
79873,31.05.2024 04:53:08.240000,512.677,568.542,7.53959,5.838,5.78,33.215,4.47472,4.54555,11.5754,18.0985,439.155,441.905,10.8083,23.1449,6.06212,8.66412,5.77636,11.7622,11.7622,1.0,1.0,1
79874,31.05.2024 04:53:08.250000,506.415,556.347,7.56093,5.791,5.764,35.3273,4.53383,4.59075,14.515,21.522,439.51,442.245,5.81065,12.6958,7.20951,10.2267,5.7762,12.5217,12.5217,1.0,1.0,1
79875,31.05.2024 04:53:08.260000,506.415,556.347,7.56093,5.791,5.764,35.3273,4.53383,4.59075,14.515,21.522,439.51,442.245,5.81065,12.6958,7.20951,10.2267,5.7762,12.5217,12.5217,1.0,1.0,1
79876,31.05.2024 04:53:08.270000,501.965,545.965,7.57694,5.717,5.725,36.4968,4.5595,4.59957,16.0717,23.2162,439.185,443.115,6.74029,12.7617,8.65432,12.2658,5.776,13.0208,13.0208,1.0,1.0,1
79877,31.05.2024 04:53:08.280000,471.561,518.197,7.58329,5.707,5.676,37.6533,4.51527,4.58364,18.2836,20.2032,439.85,443.785,5.90694,13.1961,10.5757,14.6316,5.77594,12.9847,12.9847,1.0,1.0,1
79878,31.05.2024 04:53:08.290000,471.561,518.197,7.58031,5.707,5.676,38.8286,4.47803,4.57607,18.2836,20.2032,439.85,443.785,5.90694,13.1961,10.5757,14.6316,5.77615,12.9847,12.9847,1.0,1.0,1
79879,31.05.2024 04:53:08.300000,453.268,498.175,7.58031,5.69,5.695,38.8286,4.43917,4.56304,13.6399,21.1867,439.945,444.185,7.60215,12.9401,10.3444,13.7546,5.77615,12.3119,12.3119,1.0,1.0,1
79880,31.05.2024 04:53:08.310000,447.006,482.437,7.5873,5.792,5.768,39.9912,4.38643,4.52039,13.6399,21.1867,439.945,444.185,7.60215,12.9401,10.3444,13.7546,5.7758,12.3119,12.3119,1.0,1.0,1
79881,31.05.2024 04:53:08.320000,447.006,482.437,7.57977,5.792,5.768,41.1852,4.36712,4.50938,11.8773,18.3243,439.975,444.515,9.74924,13.4046,9.7875,11.7182,5.7758,12.3119,12.3119,1.0,1.0,1
79882,31.05.2024 04:53:08.330000,429.785,482.272,7.57977,5.862,5.774,41.1852,4.36023,4.4954,10.0726,14.9207,439.745,444.74,11.1229,12.5421,9.14146,9.67787,5.77606,12.2323,12.2323,1.0,1.0,1
79883,31.05.2024 04:53:08.340000,429.785,468.017,7.57885,5.912,5.774,42.4156,4.354,4.47506,10.0726,14.9207,439.745,444.74,11.1229,12.5421,9.14146,9.67787,5.77585,11.1183,11.1183,1.0,1.0,1
79884,31.05.2024 04:53:08.350000,418.579,468.017,7.57885,5.912,5.803,43.732,4.34959,4.45039,8.70319,15.0601,439.69,444.93,10.6833,11.8633,8.27812,8.86839,5.77585,11.1183,11.1183,1.0,1.0,1
79885,31.05.2024 04:53:08.360000,420.804,454.751,7.5819,5.886,5.817,43.732,4.3488,4.44605,9.57298,10.7444,439.68,445.09,10.213,10.6165,7.56029,8.49583,5.77594,10.583,10.583,1.0,1.0,1
79886,31.05.2024 04:53:08.370000,420.804,454.751,7.5819,5.886,5.817,43.732,4.3488,4.44605,9.57298,10.7444,439.68,445.09,10.213,10.6165,7.56029,8.49583,5.77594,10.583,10.583,1.0,1.0,1
79887,31.05.2024 04:53:08.380000,420.804,454.751,7.57141,5.886,5.817,44.9268,4.35047,4.44412,8.65699,12.279,439.79,445.335,9.67602,8.65582,7.35737,8.18549,5.77599,10.4167,10.4167,1.0,1.0,1
79888,31.05.2024 04:53:08.390000,386.279,425.995,7.55407,6.012,5.905,46.2852,4.37963,4.4249,8.65699,12.279,439.79,445.335,9.67602,8.65582,7.35737,8.18549,5.77625,10.6554,10.6554,1.0,1.0,1
79889,31.05.2024 04:53:08.400000,386.279,425.995,7.54923,6.012,5.905,47.6036,4.38528,4.43921,10.3246,11.2727,439.825,445.62,10.0329,7.65173,7.22732,7.77351,5.77625,10.6554,10.6554,1.0,1.0,1
79890,31.05.2024 04:53:08.410000,386.279,425.995,7.54923,6.012,5.905,47.6036,4.38528,4.43921,10.3246,11.2727,439.825,445.62,10.0329,7.65173,7.22732,7.77351,5.77625,10.6554,10.6554,1.0,1.0,1
79891,31.05.2024 04:53:08.420000,365.927,419.238,7.54923,6.068,6.005,47.6036,4.39254,4.44401,9.22888,10.8956,439.765,445.82,10.2774,7.39505,7.0532,7.44327,5.77652,10.4528,10.4528,1.0,1.0,1
79892,31.05.2024 04:53:08.430000,365.927,419.238,7.54923,6.068,6.005,47.6036,4.39254,4.44401,9.22888,10.8956,439.765,445.82,10.2774,7.39505,7.0532,7.44327,5.77652,10.4528,10.4528,1.0,1.0,1
79893,31.05.2024 04:53:08.440000,365.68,401.688,7.5249,6.093,6.036,49.9122,4.36702,4.44356,11.482,12.4826,439.805,445.96,10.0295,6.92663,7.09555,7.09288,5.77663,10.4601,10.4601,1.0,1.0,1
79894,31.05.2024 04:53:08.450000,365.68,401.688,7.5249,6.093,6.036,49.9122,4.36702,4.44356,11.482,12.4826,439.805,445.96,10.0295,6.92663,7.09555,7.09288,5.77663,10.4601,10.4601,1.0,1.0,1
79895,31.05.2024 04:53:08.460000,333.545,393.118,7.41424,6.118,6.137,51.0432,4.3574,4.44074,10.3726,11.4489,439.855,446.085,10.1446,6.32945,7.06254,6.79458,5.77727,9.70775,9.70775,1.0,1.0,1
79896,31.05.2024 04:53:08.470000,333.545,393.118,7.41424,6.118,6.137,51.0432,4.3574,4.44074,10.3726,11.4489,439.855,446.085,10.1446,6.32945,7.06254,6.79458,5.77727,9.70775,9.70775,1.0,1.0,1
79897,31.05.2024 04:53:08.480000,324.399,361.23,7.34623,6.336,6.141,52.2417,4.41521,4.48957,9.03054,12.8231,439.88,446.205,10.2925,6.01853,6.98178,6.60065,5.77762,8.91204,8.91204,1.0,1.0,1
79898,31.05.2024 04:53:08.490000,316.324,358.264,7.34796,6.353,6.143,53.468,4.47448,4.49658,14.7959,18.5347,439.825,446.335,10.5675,5.66473,6.94312,6.20508,5.77832,8.91204,8.91204,1.0,1.0,1
79899,31.05.2024 04:53:08.500000,316.324,344.256,7.3283,6.232,6.143,54.6676,4.49107,4.51548,14.7959,18.5347,439.825,446.335,10.5675,5.66473,6.94312,6.20508,5.779,8.65163,8.65163,1.0,1.0,1
79900,31.05.2024 04:53:08.510000,316.324,344.256,7.3283,6.232,6.143,54.6676,4.49107,4.51548,14.7959,18.5347,439.825,446.335,10.5675,5.66473,6.94312,6.20508,5.779,8.65163,8.65163,1.0,1.0,1
79901,31.05.2024 04:53:08.520000,302.151,344.256,7.3283,6.232,6.091,55.7913,4.49983,4.55108,16.5403,15.7031,439.79,446.375,10.0459,5.49724,6.97017,6.2105,5.779,8.63715,8.63715,1.0,1.0,1
79902,31.05.2024 04:53:08.530000,302.151,344.256,7.3283,6.232,6.091,55.7913,4.49983,4.55108,16.5403,15.7031,439.79,446.375,10.0459,5.49724,6.97017,6.2105,5.779,8.63715,8.63715,1.0,1.0,1
79903,31.05.2024 04:53:08.540000,299.597,326.294,7.15564,6.154,6.142,56.9775,4.48407,4.54162,17.6596,20.4889,439.86,446.41,9.70387,5.19855,6.92833,6.07818,5.78086,8.63715,8.63715,1.0,1.0,1
79904,31.05.2024 04:53:08.550000,307.178,330.991,7.15286,6.217,5.98,58.2227,4.43478,4.53536,17.6985,23.2075,439.91,446.445,9.54381,5.10437,6.97144,6.0216,5.78176,8.78906,8.78906,1.0,1.0,1
79905,31.05.2024 04:53:08.560000,307.178,330.991,7.15536,6.217,5.98,59.376,4.42195,4.53036,15.2879,19.141,439.93,446.455,9.83008,5.29033,7.06348,5.96821,5.78176,8.78906,8.78906,1.0,1.0,1
79906,31.05.2024 04:53:08.570000,302.893,332.968,7.15536,6.104,5.864,59.376,4.40139,4.51698,14.6651,18.286,439.935,446.44,9.84891,5.35759,7.06704,6.00841,5.78281,9.04225,9.04225,1.0,1.0,1
79907,31.05.2024 04:53:08.580000,302.893,332.968,7.09043,6.104,5.864,60.5189,4.38302,4.50576,14.6651,18.286,439.935,446.44,9.84891,5.35759,7.06704,6.00841,5.78364,9.04225,9.04225,1.0,1.0,1
79908,31.05.2024 04:53:08.590000,298.691,326.953,7.09043,5.999,5.935,61.6187,4.35334,4.48549,13.5461,18.5737,439.94,446.46,9.89282,5.16747,7.00598,5.95023,5.78364,9.04225,9.04225,1.0,1.0,1
79909,31.05.2024 04:53:08.600000,298.691,326.953,7.09043,5.999,5.935,61.6187,4.35334,4.48549,13.5461,18.5737,439.94,446.46,9.89282,5.16747,7.00598,5.95023,5.78364,9.04225,9.04225,1.0,1.0,1
79910,31.05.2024 04:53:08.610000,308.166,327.447,6.95829,6.001,5.988,61.6187,4.35652,4.47558,12.1485,13.6075,439.96,446.465,9.73476,5.13892,7.00226,5.95924,5.78411,9.18692,9.18692,1.0,1.0,1
79911,31.05.2024 04:53:08.620000,308.166,327.447,6.95829,6.001,5.988,61.6187,4.35652,4.47558,12.1485,13.6075,439.96,446.465,9.73476,5.13892,7.00226,5.95924,5.78411,9.18692,9.18692,1.0,1.0,1
79912,31.05.2024 04:53:08.630000,314.429,325.964,6.86404,6.077,5.964,62.8635,4.37071,4.47713,14.7415,15.4156,440.0,446.47,9.85478,5.35553,7.00031,5.9166,5.78454,9.21585,9.21585,1.0,1.0,1
79913,31.05.2024 04:53:08.640000,314.429,325.964,6.86404,6.077,5.964,62.8635,4.37071,4.47713,14.7415,15.4156,440.0,446.47,9.85478,5.35553,7.00031,5.9166,5.78454,9.21585,9.21585,1.0,1.0,1
79914,31.05.2024 04:53:08.650000,312.616,340.137,6.84703,6.121,5.888,65.2142,4.42151,4.46044,13.7524,17.7695,440.04,446.45,9.93202,5.3359,7.08179,6.01128,5.7848,9.21585,9.21585,1.0,1.0,1
79915,31.05.2024 04:53:08.660000,312.616,340.137,6.84703,6.121,5.888,65.2142,4.42151,4.46044,13.7524,17.7695,440.04,446.45,9.93202,5.3359,7.08179,6.01128,5.7848,9.21585,9.21585,1.0,1.0,1
79916,31.05.2024 04:53:08.670000,300.915,331.814,6.7999,5.893,5.779,66.3472,4.44755,4.46415,14.3982,13.012,440.045,446.425,10.0458,5.51055,7.23248,5.93718,5.78564,9.69329,9.69329,1.0,1.0,1
79917,31.05.2024 04:53:08.680000,304.788,331.402,6.6912,5.961,5.835,67.4394,4.42309,4.45578,15.6747,18.3187,440.115,446.395,10.2061,5.26444,7.37171,5.99723,5.78572,9.89584,9.89584,1.0,1.0,1
79918,31.05.2024 04:53:08.690000,304.788,331.402,6.58402,5.961,5.835,68.6787,4.39956,4.46258,15.6747,18.3187,440.115,446.395,10.2061,5.26444,7.37171,5.99723,5.78577,9.89584,9.89584,1.0,1.0,1
79919,31.05.2024 04:53:08.700000,306.93,326.211,6.58402,6.009,5.913,68.6787,4.36583,4.45939,13.2872,12.3953,440.115,446.39,10.369,5.3547,7.41256,6.03757,5.78577,10.0043,10.0043,1.0,1.0,1
79920,31.05.2024 04:53:08.710000,311.71,332.226,6.5043,5.968,5.845,69.8427,4.29028,4.4266,13.2872,12.3953,440.115,446.39,10.369,5.3547,7.41256,6.03757,5.78587,10.1852,10.1852,1.0,1.0,1
79921,31.05.2024 04:53:08.720000,311.71,332.226,6.5043,5.968,5.845,69.8427,4.29028,4.4266,13.2872,12.3953,440.115,446.39,10.369,5.3547,7.41256,6.03757,5.78587,10.1852,10.1852,1.0,1.0,1
79922,31.05.2024 04:53:08.730000,311.71,332.226,6.46673,5.968,5.845,71.1233,4.24573,4.41872,10.3311,11.6688,440.115,446.34,10.3873,5.51701,7.52657,6.02161,5.78587,10.2503,10.2503,1.0,1.0,1
79923,31.05.2024 04:53:08.740000,311.71,332.226,6.46673,5.968,5.845,71.1233,4.24573,4.41872,10.3311,11.6688,440.115,446.34,10.3873,5.51701,7.52657,6.02161,5.78587,10.2503,10.2503,1.0,1.0,1
79924,31.05.2024 04:53:08.750000,301.327,326.294,6.35892,5.918,5.88,72.6901,4.1901,4.41453,7.72535,10.3936,440.125,446.325,10.2082,5.40518,7.63233,6.12346,5.78616,10.5252,10.5252,1.0,1.0,1
79925,31.05.2024 04:53:08.760000,317.065,331.32,6.25954,6.035,5.96,73.9939,4.21814,4.38859,5.40345,7.06711,440.17,446.25,9.7581,5.23731,7.79221,6.40461,5.78589,10.4456,10.4456,1.0,1.0,1
79926,31.05.2024 04:53:08.770000,317.065,331.32,6.19287,6.035,5.96,74.9839,4.26134,4.39036,5.40345,7.06711,440.17,446.25,9.7581,5.23731,7.79221,6.40461,5.78592,10.4456,10.4456,1.0,1.0,1
79927,31.05.2024 04:53:08.780000,301.492,328.848,6.19287,6.105,6.017,74.9839,4.31712,4.39091,8.11663,9.01066,440.195,446.22,9.43321,4.93081,7.91098,6.54257,5.78592,10.6554,10.6554,1.0,1.0,1
79928,31.05.2024 04:53:08.790000,312.039,334.204,6.08264,6.035,5.956,75.9027,4.43501,4.41838,8.11663,9.01066,440.195,446.22,9.43321,4.93081,7.91098,6.54257,5.78585,10.5975,10.5975,1.0,1.0,1
79929,31.05.2024 04:53:08.800000,312.039,334.204,6.04215,6.035,5.956,76.8213,4.47644,4.44254,13.2267,9.94586,440.215,446.235,9.30906,4.60992,7.795,6.48647,5.78585,10.5975,10.5975,1.0,1.0,1
79930,31.05.2024 04:53:08.810000,310.062,330.579,6.04215,5.976,5.908,76.8213,4.50525,4.46365,19.1056,13.6672,440.235,446.23,9.09942,4.74548,7.67202,6.49848,5.78606,10.6481,10.6481,1.0,1.0,1
79931,31.05.2024 04:53:08.820000,310.062,331.155,6.01222,5.983,5.908,77.7583,4.52083,4.48434,19.1056,13.6672,440.235,446.23,9.09942,4.74548,7.67202,6.49848,5.78603,10.6481,10.6481,1.0,1.0,1
79932,31.05.2024 04:53:08.830000,300.915,331.155,6.01222,5.983,5.867,78.8591,4.49207,4.54566,21.5056,18.9522,440.275,446.21,8.96772,4.90011,7.60861,6.58074,5.78603,10.6481,10.6481,1.0,1.0,1
79933,31.05.2024 04:53:08.840000,300.915,331.155,6.01222,5.983,5.867,78.8591,4.49207,4.54566,21.5056,18.9522,440.275,446.21,8.96772,4.90011,7.60861,6.58074,5.78603,10.6481,10.6481,1.0,1.0,1
79934,31.05.2024 04:53:08.850000,321.597,331.65,5.90084,6.005,5.758,78.8591,4.47056,4.56735,19.9242,21.6316,440.295,446.205,8.72654,4.89325,7.59305,6.72,5.78615,10.6554,10.6554,1.0,1.0,1
79935,31.05.2024 04:53:08.860000,302.893,334.946,5.84474,5.969,5.708,80.0123,4.40388,4.58213,16.5364,23.9807,440.315,446.18,8.76449,5.077,7.49144,6.75742,5.7862,10.5903,10.5903,1.0,1.0,1
79936,31.05.2024 04:53:08.870000,303.14,331.567,5.8483,5.865,5.634,81.1916,4.34196,4.58838,16.5364,23.9807,440.315,446.18,8.76449,5.077,7.49144,6.75742,5.78644,10.5903,10.5903,1.0,1.0,1
79937,31.05.2024 04:53:08.880000,303.14,331.567,5.8483,5.865,5.634,81.1916,4.34196,4.58838,16.5364,23.9807,440.315,446.18,8.76449,5.077,7.49144,6.75742,5.78644,10.5903,10.5903,1.0,1.0,1
79938,31.05.2024 04:53:08.890000,303.14,331.567,5.77273,5.865,5.634,82.3291,4.32659,4.57177,14.4847,22.9106,440.32,446.16,8.64414,5.27736,7.43372,6.77933,5.78644,10.5975,10.5975,1.0,1.0,1
79939,31.05.2024 04:53:08.900000,303.14,331.567,5.77273,5.865,5.634,82.3291,4.32659,4.57177,14.4847,22.9106,440.32,446.16,8.64414,5.27736,7.43372,6.77933,5.78644,10.5975,10.5975,1.0,1.0,1
79940,31.05.2024 04:53:08.910000,303.882,322.668,5.66817,5.842,5.696,83.3609,4.29177,4.52883,12.3214,22.5061,440.365,446.14,8.45704,5.35397,7.45912,6.77438,5.78651,10.5396,10.5396,1.0,1.0,1
79941,31.05.2024 04:53:08.920000,303.882,322.668,5.66817,5.842,5.696,83.3609,4.29177,4.52883,12.3214,22.5061,440.365,446.14,8.45704,5.35397,7.45912,6.77438,5.78651,10.5396,10.5396,1.0,1.0,1
79942,31.05.2024 04:53:08.930000,311.215,329.343,5.64912,5.882,5.643,84.2211,4.33691,4.47242,11.7998,18.1141,440.47,446.145,8.58332,5.55729,7.48603,7.00495,5.78614,10.5686,10.5686,1.0,1.0,1
79943,31.05.2024 04:53:08.940000,311.215,329.343,5.64912,5.882,5.643,84.2211,4.33691,4.47242,11.7998,18.1141,440.47,446.145,8.58332,5.55729,7.48603,7.00495,5.78614,10.5686,10.5686,1.0,1.0,1
79944,31.05.2024 04:53:08.950000,313.522,333.05,5.69385,5.787,5.583,85.3509,4.36189,4.47545,13.8187,14.0249,440.455,446.13,8.7075,5.78461,7.46682,7.13853,5.78592,10.5686,10.5686,1.0,1.0,1
79945,31.05.2024 04:53:08.960000,313.522,333.05,5.69385,5.787,5.583,85.3509,4.36189,4.47545,13.8187,14.0249,440.455,446.13,8.7075,5.78461,7.46682,7.13853,5.78592,10.5686,10.5686,1.0,1.0,1
79946,31.05.2024 04:53:08.970000,311.71,329.343,5.61012,5.707,5.517,87.3039,4.37942,4.46482,13.0662,13.7033,440.44,446.1,8.49484,5.96906,7.49626,7.21946,5.78552,10.8941,10.8941,1.0,1.0,1
79947,31.05.2024 04:53:08.980000,311.71,329.343,5.61012,5.707,5.517,87.3039,4.37942,4.46482,13.0662,13.7033,440.44,446.1,8.49484,5.96906,7.49626,7.21946,5.78552,10.8941,10.8941,1.0,1.0,1
79948,31.05.2024 04:53:08.990000,296.219,333.215,5.57792,5.717,5.568,88.3848,4.38441,4.50524,13.4943,13.6453,440.46,446.06,8.10311,6.00507,7.41385,7.33626,5.78442,11.0605,11.0605,1.0,1.0,1
79949,31.05.2024 04:53:09.000000,303.717,334.451,5.55808,5.677,5.552,89.5581,4.41172,4.55272,16.5547,18.8996,440.52,446.09,7.53111,5.8462,7.25171,7.44799,5.78377,11.0966,11.0966,1.0,1.0,1
79950,31.05.2024 04:53:09.010000,303.717,334.451,5.60411,5.677,5.552,90.793,4.42198,4.56594,16.5547,18.8996,440.52,446.09,7.53111,5.8462,7.25171,7.44799,5.78296,11.0966,11.0966,1.0,1.0,1
79951,31.05.2024 04:53:09.020000,311.133,327.365,5.60411,5.602,5.559,90.793,4.42966,4.56675,16.5428,20.3733,440.55,446.09,7.46823,6.11308,7.24783,7.64737,5.78296,10.8073,10.8073,1.0,1.0,1
79952,31.05.2024 04:53:09.030000,306.436,330.908,5.63085,5.581,5.506,91.8222,4.43347,4.57129,16.5428,20.3733,440.55,446.09,7.46823,6.11308,7.24783,7.64737,5.78215,10.6988,10.6988,1.0,1.0,1
79953,31.05.2024 04:53:09.040000,306.436,330.908,5.6213,5.581,5.506,92.5453,4.42855,4.56228,16.881,21.135,440.535,446.065,7.35429,6.39959,7.14228,7.78142,5.78215,10.6988,10.6988,1.0,1.0,1
79954,31.05.2024 04:53:09.050000,308.661,331.567,5.6213,5.602,5.51,92.5453,4.42054,4.55752,16.1333,19.2065,440.555,446.04,7.12023,6.42321,7.04338,7.82472,5.78131,10.706,10.706,1.0,1.0,1
79955,31.05.2024 04:53:09.060000,308.661,331.567,5.6213,5.602,5.51,92.5453,4.42054,4.55752,16.1333,19.2065,440.555,446.04,7.12023,6.42321,7.04338,7.82472,5.78131,10.706,10.706,1.0,1.0,1
79956,31.05.2024 04:53:09.070000,308.661,333.462,5.60936,5.622,5.51,93.1673,4.412,4.55704,14.7828,18.5204,440.565,446.04,6.67445,6.17566,6.99074,7.84376,5.78108,10.4094,10.4094,1.0,1.0,1
79957,31.05.2024 04:53:09.080000,308.826,330.084,5.6039,5.663,5.567,93.7927,4.41224,4.53794,17.4116,19.4008,440.6,446.05,6.52338,6.27465,6.92449,7.94948,5.7802,10.2503,10.2503,1.0,1.0,1
79958,31.05.2024 04:53:09.090000,308.826,330.084,5.63708,5.663,5.567,94.1347,4.40959,4.52969,17.4116,19.4008,440.6,446.05,6.52338,6.27465,6.92449,7.94948,5.77918,10.2503,10.2503,1.0,1.0,1
79959,31.05.2024 04:53:09.100000,305.2,336.017,5.63708,5.655,5.599,94.1347,4.3966,4.52644,14.2713,17.0135,440.605,446.06,6.48592,6.3976,6.85588,7.97206,5.77918,10.2503,10.2503,1.0,1.0,1
79960,31.05.2024 04:53:09.110000,312.369,330.331,5.67677,5.639,5.617,94.3799,4.37174,4.52767,14.2713,17.0135,440.605,446.06,6.48592,6.3976,6.85588,7.97206,5.77812,10.1997,10.1997,1.0,1.0,1
79961,31.05.2024 04:53:09.120000,312.369,330.331,5.68296,5.639,5.617,94.5574,4.36266,4.52493,13.2492,14.3108,440.62,446.035,6.35943,6.42986,6.8385,8.10606,5.77812,10.1997,10.1997,1.0,1.0,1
79962,31.05.2024 04:53:09.130000,294.818,329.837,5.68296,5.671,5.653,94.5574,4.36183,4.51986,13.618,18.4256,440.625,446.01,6.21869,6.2114,6.74773,8.09872,5.77733,10.0477,10.0477,1.0,1.0,1
79963,31.05.2024 04:53:09.140000,294.818,301.987,5.69016,5.71,5.653,94.7316,4.35751,4.51565,13.618,18.4256,440.625,446.01,6.21869,6.2114,6.74773,8.09872,5.77697,10.0622,10.0622,1.0,1.0,1
79964,31.05.2024 04:53:09.150000,294.818,301.987,5.69016,5.71,5.653,94.7316,4.35751,4.51565,13.618,18.4256,440.625,446.01,6.21869,6.2114,6.74773,8.09872,5.77697,10.0622,10.0622,1.0,1.0,1
79965,31.05.2024 04:53:09.160000,282.623,301.987,5.69016,5.71,5.66,94.845,4.36766,4.50631,13.8379,17.2297,440.625,446.025,6.04875,6.05298,6.64621,8.14665,5.77697,10.0622,10.0622,1.0,1.0,1
79966,31.05.2024 04:53:09.170000,282.623,301.987,5.69016,5.71,5.66,94.845,4.36766,4.50631,13.8379,17.2297,440.625,446.025,6.04875,6.05298,6.64621,8.14665,5.77697,10.0622,10.0622,1.0,1.0,1
79967,31.05.2024 04:53:09.180000,256.998,265.979,5.7732,5.735,5.706,94.9415,4.37568,4.51649,12.4591,12.6866,440.625,446.02,5.93988,5.94154,6.438,8.20188,5.77594,10.055,10.055,1.0,1.0,1
79968,31.05.2024 04:53:09.190000,256.998,265.979,5.7732,5.735,5.706,94.9415,4.37568,4.51649,12.4591,12.6866,440.625,446.02,5.93988,5.94154,6.438,8.20188,5.77594,10.055,10.055,1.0,1.0,1
79969,31.05.2024 04:53:09.200000,218.188,211.761,5.7864,5.749,5.718,95.081,4.41735,4.52098,12.8243,15.6053,440.655,446.015,5.69611,5.86133,6.41532,8.36564,5.77571,10.1779,10.1779,1.0,1.0,1
79970,31.05.2024 04:53:09.210000,211.679,191.739,5.79601,5.768,5.707,95.1539,4.44597,4.52933,16.2126,16.0365,440.715,446.025,5.62909,5.3395,6.35893,8.47741,5.77585,10.1779,10.1779,1.0,1.0,1
79971,31.05.2024 04:53:09.220000,211.679,191.739,5.82858,5.768,5.707,95.1276,4.46229,4.53499,16.2126,16.0365,440.715,446.025,5.62909,5.3395,6.35893,8.47741,5.77554,10.4962,10.4962,1.0,1.0,1
79972,31.05.2024 04:53:09.230000,197.836,162.405,5.82858,5.754,5.722,95.1591,4.47077,4.54774,17.0565,15.424,440.71,446.03,5.68752,5.268,6.39164,8.53532,5.77554,10.4962,10.4962,1.0,1.0,1
79973,31.05.2024 04:53:09.240000,197.836,162.405,5.82858,5.754,5.722,95.1591,4.47077,4.54774,17.0565,15.424,440.71,446.03,5.68752,5.268,6.39164,8.53532,5.77554,10.4962,10.4962,1.0,1.0,1
79974,31.05.2024 04:53:09.250000,182.263,170.563,5.87122,5.713,5.727,95.1591,4.46671,4.54816,17.9281,19.3747,440.71,446.025,5.5486,5.05511,6.2876,8.53234,5.77539,10.5469,10.5469,1.0,1.0,1
79975,31.05.2024 04:53:09.260000,175.919,162.982,5.89397,5.73,5.719,95.3263,4.42559,4.53412,17.31,18.0461,440.725,446.035,5.51153,4.93582,6.17083,8.53677,5.7758,10.5469,10.5469,1.0,1.0,1
79976,31.05.2024 04:53:09.270000,161.169,125.903,5.92281,5.801,5.708,95.2988,4.35078,4.50915,17.31,18.0461,440.725,446.035,5.51153,4.93582,6.17083,8.53677,5.77571,10.6481,10.6481,1.0,1.0,1
79977,31.05.2024 04:53:09.280000,161.169,125.903,5.93349,5.801,5.708,95.3716,4.31133,4.50251,12.6889,9.62342,440.725,446.04,5.46429,4.81065,6.08503,8.55073,5.77571,10.6481,10.6481,1.0,1.0,1
79978,31.05.2024 04:53:09.290000,161.169,125.903,5.93349,5.801,5.708,95.3716,4.31133,4.50251,12.6889,9.62342,440.725,446.04,5.46429,4.81065,6.08503,8.55073,5.77571,10.6481,10.6481,1.0,1.0,1
79979,31.05.2024 04:53:09.300000,133.978,93.1915,5.93349,5.857,5.742,95.3716,4.277,4.49255,6.71009,12.9047,440.725,446.025,5.34708,4.9008,6.22186,8.69303,5.77586,10.8362,10.8362,1.0,1.0,1
79980,31.05.2024 04:53:09.310000,109.506,44.9066,5.93103,5.858,5.804,95.3536,4.23056,4.43829,7.27005,12.5444,440.725,446.005,5.34287,4.73317,6.16974,8.65932,5.77604,10.8507,10.8507,1.0,1.0,1
79981,31.05.2024 04:53:09.320000,109.506,44.9066,5.93103,5.858,5.804,95.3536,4.23056,4.43829,7.27005,12.5444,440.725,446.005,5.34287,4.73317,6.16974,8.65932,5.77604,10.8507,10.8507,1.0,1.0,1
79982,31.05.2024 04:53:09.330000,86.0229,1.97754,5.92884,5.862,5.851,95.3536,4.23295,4.42611,4.30978,5.43132,440.72,446.005,5.16802,4.46441,6.14898,8.68338,5.77604,11.1545,11.1545,1.0,1.0,1
79983,31.05.2024 04:53:09.340000,62.6221,-47.7081,5.93037,5.899,5.844,95.4039,4.26608,4.41594,6.03064,6.86165,440.73,446.015,5.00302,4.44905,6.07537,8.79078,5.77675,11.0749,11.0749,1.0,1.0,1
79984,31.05.2024 04:53:09.350000,17.1387,-104.15,5.93978,5.891,5.87,95.451,4.32669,4.42535,6.03064,6.86165,440.73,446.015,5.00302,4.44905,6.07537,8.79078,5.77667,11.1473,11.1473,1.0,1.0,1
79985,31.05.2024 04:53:09.360000,17.1387,-104.15,5.92056,5.891,5.87,95.4026,4.35979,4.43338,7.46461,8.3512,440.75,446.015,4.9011,4.37911,6.01904,8.82497,5.77667,11.1473,11.1473,1.0,1.0,1
79986,31.05.2024 04:53:09.370000,4.03747,-104.727,5.92056,5.865,5.842,95.4026,4.39411,4.4414,10.5566,9.30247,440.765,446.01,4.97413,4.39748,5.97262,8.77691,5.77712,11.2558,11.2558,1.0,1.0,1
79987,31.05.2024 04:53:09.380000,4.03747,-104.727,5.92056,5.865,5.842,95.4026,4.39411,4.4414,10.5566,9.30247,440.765,446.01,4.97413,4.39748,5.97262,8.77691,5.77712,11.2558,11.2558,1.0,1.0,1
79988,31.05.2024 04:53:09.390000,4.03747,-116.098,5.91598,5.91,5.842,95.4442,4.42198,4.45051,12.88,7.73273,440.755,446.01,4.99337,4.43984,5.93664,8.74455,5.77728,11.1979,11.1979,1.0,1.0,1
79989,31.05.2024 04:53:09.400000,-25.9552,-149.634,5.91116,5.927,5.8,95.4439,4.4465,4.50576,14.2868,13.2299,440.755,446.015,4.95371,4.37483,5.95126,8.80916,5.77776,11.5668,11.5668,1.0,1.0,1
79990,31.05.2024 04:53:09.410000,-25.9552,-149.634,5.91116,5.927,5.8,95.4439,4.4465,4.50576,14.2868,13.2299,440.755,446.015,4.95371,4.37483,5.95126,8.80916,5.77776,11.5668,11.5668,1.0,1.0,1
79991,31.05.2024 04:53:09.420000,-25.9552,-149.634,5.91178,5.927,5.8,95.4163,4.43849,4.51024,14.5781,15.4887,440.76,446.005,4.89083,4.55671,5.95698,8.81814,5.77812,11.603,11.603,1.0,1.0,1
79992,31.05.2024 04:53:09.430000,-72.2626,-184.405,5.88527,5.884,5.773,95.424,4.39917,4.5302,14.5781,15.4887,440.76,446.005,4.89083,4.55671,5.95698,8.81814,5.77848,11.509,11.509,1.0,1.0,1
79993,31.05.2024 04:53:09.440000,-72.2626,-184.405,5.86396,5.884,5.773,95.404,4.38835,4.5282,14.0069,13.2253,440.785,446.005,4.91504,4.6886,5.97679,8.71143,5.77848,11.509,11.509,1.0,1.0,1
79994,31.05.2024 04:53:09.450000,-100.854,-193.716,5.86396,5.847,5.787,95.404,4.38169,4.52638,11.3478,14.3345,440.815,445.995,4.94674,4.74576,6.00438,8.71798,5.77846,11.509,11.509,1.0,1.0,1
79995,31.05.2024 04:53:09.460000,-100.854,-202.945,5.85488,5.862,5.787,95.412,4.37689,4.52484,11.3478,14.3345,440.815,445.995,4.94674,4.74576,6.00438,8.71798,5.77911,11.8562,11.8562,1.0,1.0,1
79996,31.05.2024 04:53:09.470000,-100.854,-202.945,5.85488,5.862,5.787,95.412,4.37689,4.52484,11.3478,14.3345,440.815,445.995,4.94674,4.74576,6.00438,8.71798,5.77911,11.8562,11.8562,1.0,1.0,1
79997,31.05.2024 04:53:09.480000,-111.566,-202.945,5.85488,5.862,5.773,95.4149,4.37298,4.51404,11.2043,15.8579,440.795,445.995,5.08005,4.72566,6.01849,8.80803,5.77911,12.0081,12.0081,1.0,1.0,1
79998,31.05.2024 04:53:09.490000,-111.566,-202.945,5.85488,5.862,5.773,95.4149,4.37298,4.51404,11.2043,15.8579,440.795,445.995,5.08005,4.72566,6.01849,8.80803,5.77911,12.0081,12.0081,1.0,1.0,1
79999,31.05.2024 04:53:09.500000,-110.083,-207.065,5.8445,5.861,5.751,95.3859,4.36926,4.50353,11.2784,13.1497,440.81,445.98,5.12733,4.82509,6.01764,8.85681,5.77987,12.0081,12.0081,1.0,1.0,1
80000,31.05.2024 04:53:09.510000,-110.083,-207.065,5.8445,5.861,5.751,95.3859,4.36926,4.50353,11.2784,13.1497,440.81,445.98,5.12733,4.82509,6.01764,8.85681,5.77987,12.0081,12.0081,1.0,1.0,1
80001,31.05.2024 04:53:09.520000,-113.791,-198.413,5.81692,5.811,5.731,95.3871,4.34392,4.4868,10.3031,11.8909,440.825,445.975,5.18174,4.80365,6.02377,8.87036,5.78029,11.9719,11.9719,0.0,1.0,1
80002,31.05.2024 04:53:09.530000,-118.57,-209.454,5.80422,5.802,5.703,95.4418,4.32805,4.48399,9.61053,10.5741,440.865,445.965,5.58948,4.86878,6.12969,8.84812,5.78026,11.9864,11.9864,0.0,1.0,1
80003,31.05.2024 04:53:09.540000,-118.57,-209.454,5.8012,5.802,5.703,95.4813,4.32679,4.48251,9.61053,10.5741,440.865,445.965,5.58948,4.86878,6.12969,8.84812,5.78083,11.9213,11.9213,0.0,1.0,1
80004,31.05.2024 04:53:09.550000,-120.712,-203.686,5.8012,5.784,5.704,95.4601,4.33723,4.47802,8.95812,9.75996,440.87,445.94,5.83707,4.93765,6.16387,8.92567,5.78083,11.9213,11.9213,0.0,1.0,1
80005,31.05.2024 04:53:09.560000,-127.222,-204.593,5.78266,5.779,5.676,95.4601,4.3496,4.47834,7.58883,9.56318,440.875,445.935,6.04757,4.82045,6.22113,8.9208,5.78081,11.9213,11.9213,0.0,1.0,1
80006,31.05.2024 04:53:09.570000,-127.222,-204.593,5.76806,5.779,5.676,95.4879,4.36757,4.47875,7.58883,9.56318,440.875,445.935,6.04757,4.82045,6.22113,8.9208,5.78102,11.9213,11.9213,0.0,1.0,1
80007,31.05.2024 04:53:09.580000,-127.222,-204.593,5.76806,5.779,5.676,95.4879,4.36757,4.47875,7.58883,9.56318,440.875,445.935,6.04757,4.82045,6.22113,8.9208,5.78102,11.9213,11.9213,0.0,1.0,1
80008,31.05.2024 04:53:09.590000,-135.956,-203.769,5.76806,5.787,5.686,95.4879,4.38721,4.48062,10.2011,9.93183,440.88,445.935,6.13956,4.69096,6.26527,9.01754,5.78102,11.8634,11.8634,0.0,1.0,1
80009,31.05.2024 04:53:09.600000,-135.956,-203.769,5.76806,5.787,5.686,95.4879,4.38721,4.48062,10.2011,9.93183,440.88,445.935,6.13956,4.69096,6.26527,9.01754,5.78102,11.8634,11.8634,0.0,1.0,1
80010,31.05.2024 04:53:09.610000,-139.087,-203.027,5.76774,5.782,5.671,95.4968,4.43974,4.49511,12.0819,10.2753,440.895,445.94,6.18281,4.78272,6.34367,9.1396,5.78076,11.7115,11.7115,0.0,1.0,1
80011,31.05.2024 04:53:09.620000,-139.087,-203.027,5.76774,5.782,5.671,95.4968,4.43974,4.49511,12.0819,10.2753,440.895,445.94,6.18281,4.78272,6.34367,9.1396,5.78076,11.7115,11.7115,0.0,1.0,1
80012,31.05.2024 04:53:09.630000,-152.023,-206.57,5.77222,5.743,5.667,95.5186,4.44993,4.50035,13.8631,11.083,440.905,445.93,6.35137,4.82994,6.31611,9.13007,5.78114,11.7115,11.7115,0.0,1.0,1
80013,31.05.2024 04:53:09.640000,-177.566,-207.147,5.77868,5.745,5.669,95.5234,4.41167,4.50758,12.6037,10.3357,440.94,445.915,6.67552,4.79398,6.34513,9.24046,5.7812,11.6247,11.6247,0.0,1.0,1
80014,31.05.2024 04:53:09.650000,-177.566,-207.147,5.78714,5.745,5.669,95.3027,4.39284,4.5063,12.6037,10.3357,440.94,445.915,6.67552,4.79398,6.34513,9.24046,5.78106,11.6247,11.6247,0.0,1.0,1
80015,31.05.2024 04:53:09.660000,-180.038,-204.346,5.78714,5.718,5.667,95.3027,4.37013,4.5059,11.0009,12.4293,440.935,445.915,6.6608,4.90373,6.42051,9.35163,5.78106,11.6175,11.6175,0.0,1.0,1
80016,31.05.2024 04:53:09.670000,-185.477,-203.11,5.787,5.709,5.654,95.3324,4.32639,4.49819,11.0009,12.4293,440.935,445.915,6.6608,4.90373,6.42051,9.35163,5.78077,11.4656,11.4656,0.0,1.0,1
80017,31.05.2024 04:53:09.680000,-185.477,-203.11,5.78946,5.709,5.654,95.3387,4.30745,4.49302,8.18416,10.7124,440.94,445.91,6.74648,5.01497,6.31868,9.31145,5.78077,11.4656,11.4656,0.0,1.0,1
80018,31.05.2024 04:53:09.690000,-185.229,-206.9,5.78946,5.744,5.667,95.3387,4.29394,4.48988,6.7722,8.47344,440.94,445.9,6.57396,4.95947,6.2955,9.49502,5.78083,11.1111,11.1111,0.0,1.0,1
80019,31.05.2024 04:53:09.700000,-185.229,-206.9,5.78946,5.744,5.667,95.3387,4.29394,4.48988,6.7722,8.47344,440.94,445.9,6.57396,4.95947,6.2955,9.49502,5.78083,11.1111,11.1111,0.0,1.0,1
80020,31.05.2024 04:53:09.710000,-185.229,-208.878,5.76933,5.778,5.667,95.3848,4.28667,4.48866,6.82682,10.4984,440.945,445.895,6.47804,4.96826,6.3784,9.60613,5.78088,11.0605,11.0605,0.0,1.0,1
80021,31.05.2024 04:53:09.720000,-185.229,-208.878,5.76933,5.778,5.667,95.3848,4.28667,4.48866,6.82682,10.4984,440.945,445.895,6.47804,4.96826,6.3784,9.60613,5.78088,11.0605,11.0605,0.0,1.0,1
80022,31.05.2024 04:53:09.730000,-179.214,-199.979,5.75952,5.797,5.691,95.3456,4.30669,4.47954,5.72439,10.1244,440.97,445.89,6.33294,5.08995,6.24468,9.6765,5.78067,11.0605,11.0605,0.0,1.0,1
80023,31.05.2024 04:53:09.740000,-179.214,-199.979,5.75952,5.797,5.691,95.3456,4.30669,4.47954,5.72439,10.1244,440.97,445.89,6.33294,5.08995,6.24468,9.6765,5.78067,11.0605,11.0605,0.0,1.0,1
80024,31.05.2024 04:53:09.750000,-182.922,-205.417,5.76173,5.82,5.701,95.3412,4.34218,4.4793,8.08677,8.60293,440.975,445.895,6.32717,5.02924,6.16237,9.72235,5.78074,11.0026,11.0026,0.0,1.0,1
80025,31.05.2024 04:53:09.760000,-179.214,-198.413,5.78421,5.822,5.679,95.4029,4.38874,4.48515,10.1936,7.46379,440.98,445.88,6.18966,5.0055,6.13686,9.87827,5.78063,10.9664,10.9664,0.0,1.0,1
80026,31.05.2024 04:53:09.770000,-185.147,-205.664,5.78421,5.778,5.683,95.4029,4.39677,4.48565,11.0517,11.5142,441.0,445.875,6.107,5.05722,6.13438,9.96808,5.78085,10.952,10.952,0.0,1.0,1
80027,31.05.2024 04:53:09.780000,-185.147,-205.664,5.78421,5.778,5.683,95.4029,4.39677,4.48565,11.0517,11.5142,441.0,445.875,6.107,5.05722,6.13438,9.96808,5.78085,10.952,10.952,0.0,1.0,1
80028,31.05.2024 04:53:09.790000,-185.147,-201.05,5.79017,5.747,5.683,95.4404,4.39876,4.48883,10.5928,9.14267,441.025,445.87,6.22437,4.94165,6.05282,9.94558,5.78087,10.952,10.952,0.0,1.0,1
80029,31.05.2024 04:53:09.800000,-185.147,-201.05,5.79017,5.747,5.683,95.4404,4.39876,4.48883,10.5928,9.14267,441.025,445.87,6.22437,4.94165,6.05282,9.94558,5.78087,10.952,10.952,0.0,1.0,1
80030,31.05.2024 04:53:09.810000,-187.289,-208.96,5.80002,5.773,5.709,95.4136,4.39672,4.49982,11.7475,10.2214,441.035,445.87,6.32115,4.87153,6.0454,10.0339,5.78078,10.7133,10.7133,0.0,1.0,1
80031,31.05.2024 04:53:09.820000,-187.289,-208.96,5.80002,5.773,5.709,95.4136,4.39672,4.49982,11.7475,10.2214,441.035,445.87,6.32115,4.87153,6.0454,10.0339,5.78078,10.7133,10.7133,0.0,1.0,1
80032,31.05.2024 04:53:09.830000,-174.683,-206.241,5.79764,5.805,5.69,95.4095,4.39286,4.50403,11.1713,12.7656,441.055,445.865,6.28482,4.89667,6.15142,10.1819,5.78097,10.5469,10.5469,0.0,1.0,1
80033,31.05.2024 04:53:09.840000,-188.937,-212.009,5.80963,5.815,5.693,95.4819,4.39484,4.51432,9.70662,11.3524,441.065,445.855,6.30395,4.91641,6.19186,10.195,5.78091,10.5469,10.5469,0.0,1.0,1
80034,31.05.2024 04:53:09.850000,-181.522,-210.361,5.80963,5.815,5.706,95.4819,4.39442,4.51596,11.9534,11.415,441.075,445.855,6.27811,4.77539,6.20623,10.2924,5.7809,10.395,10.395,0.0,1.0,1
80035,31.05.2024 04:53:09.860000,-181.522,-210.361,5.82504,5.815,5.706,95.4208,4.39296,4.51854,11.9534,11.415,441.075,445.855,6.27811,4.77539,6.20623,10.2924,5.78052,10.3009,10.3009,0.0,1.0,1
80036,31.05.2024 04:53:09.870000,-181.027,-205.829,5.82504,5.79,5.707,95.3784,4.38622,4.51919,11.244,11.8398,441.085,445.865,6.20801,4.74621,6.16588,10.3396,5.78052,10.3009,10.3009,0.0,1.0,1
80037,31.05.2024 04:53:09.880000,-188.361,-206.076,5.82188,5.787,5.724,95.3784,4.37727,4.51901,9.06253,11.4478,441.085,445.865,6.06665,4.70646,6.201,10.3605,5.78033,10.3009,10.3009,0.0,1.0,1
80038,31.05.2024 04:53:09.890000,-188.361,-206.076,5.8199,5.787,5.724,95.3875,4.36938,4.51895,9.06253,11.4478,441.085,445.865,6.06665,4.70646,6.201,10.3605,5.78042,10.3009,10.3009,0.0,1.0,1
80039,31.05.2024 04:53:09.900000,-187.207,-199.731,5.8199,5.81,5.719,95.3875,4.35979,4.51688,10.0368,12.2062,441.09,445.87,5.9607,4.67064,6.22141,10.4124,5.78042,10.3516,10.3516,0.0,1.0,1
80040,31.05.2024 04:53:09.910000,-187.207,-199.731,5.8199,5.81,5.719,95.3875,4.35979,4.51688,10.0368,12.2062,441.09,445.87,5.9607,4.67064,6.22141,10.4124,5.78042,10.3516,10.3516,0.0,1.0,1
80041,31.05.2024 04:53:09.920000,-179.709,-202.698,5.82539,5.834,5.745,95.4073,4.34281,4.50705,9.04487,11.9625,441.075,445.865,5.83076,4.65874,6.18094,10.398,5.78064,10.2575,10.2575,0.0,1.0,1
80042,31.05.2024 04:53:09.930000,-179.709,-202.698,5.82539,5.834,5.745,95.4073,4.34281,4.50705,9.04487,11.9625,441.075,445.865,5.83076,4.65874,6.18094,10.398,5.78064,10.2575,10.2575,0.0,1.0,1
80043,31.05.2024 04:53:09.940000,-182.593,-202.121,5.82534,5.828,5.723,95.3036,4.33606,4.50386,8.00946,10.2686,441.08,445.865,5.5967,4.69009,6.12132,10.4584,5.78045,10.1418,10.1418,0.0,1.0,1
80044,31.05.2024 04:53:09.950000,-185.477,-205.829,5.82466,5.828,5.736,95.4163,4.36362,4.50138,8.51689,9.81555,441.095,445.87,5.32267,4.63474,5.97088,10.531,5.78075,10.0911,10.0911,0.0,1.0,1
80045,31.05.2024 04:53:09.960000,-184.982,-204.51,5.84264,5.821,5.727,95.4163,4.37856,4.50284,10.0735,9.80558,441.115,445.87,5.1009,4.70282,5.99317,10.5913,5.78065,10.0984,10.0984,0.0,1.0,1
80046,31.05.2024 04:53:09.970000,-184.982,-204.51,5.84528,5.821,5.727,95.4241,4.39352,4.5033,10.0735,9.80558,441.115,445.87,5.1009,4.70282,5.99317,10.5913,5.78105,10.0984,10.0984,0.0,1.0,1
80047,31.05.2024 04:53:09.980000,-183.664,-205.087,5.84528,5.822,5.708,95.4241,4.40847,4.50399,10.6543,9.67652,441.145,445.88,4.98214,4.77726,5.89538,10.5785,5.78105,10.1997,10.1997,0.0,1.0,1
80048,31.05.2024 04:53:09.990000,-190.008,-206.818,5.85093,5.803,5.741,95.4551,4.42672,4.50681,10.6543,9.67652,441.145,445.88,4.98214,4.77726,5.89538,10.5785,5.78124,10.3009,10.3009,0.0,1.0,1
80049,31.05.2024 04:53:10.000000,-190.008,-206.818,5.84462,5.803,5.741,95.4341,4.43148,4.50853,11.63,9.07961,441.175,445.875,4.95631,4.80297,5.86739,10.7347,5.78124,10.3009,10.3009,0.0,1.0,1
80050,31.05.2024 04:53:10.010000,-183.911,-205.829,5.84462,5.811,5.729,95.4341,4.43138,4.50961,12.4938,10.2149,441.185,445.87,5.06398,4.87042,5.79667,10.7079,5.78121,10.149,10.149,0.0,1.0,1
80051,31.05.2024 04:53:10.020000,-183.911,-207.394,5.82829,5.855,5.729,95.419,4.43152,4.50996,12.4938,10.2149,441.185,445.87,5.06398,4.87042,5.79667,10.7079,5.78117,10.3009,10.3009,0.0,1.0,1
80052,31.05.2024 04:53:10.030000,-183.911,-207.394,5.82829,5.855,5.729,95.419,4.43152,4.50996,12.4938,10.2149,441.185,445.87,5.06398,4.87042,5.79667,10.7079,5.78117,10.3009,10.3009,0.0,1.0,1
80053,31.05.2024 04:53:10.040000,-182.922,-207.394,5.82829,5.855,5.751,95.3984,4.42578,4.51369,12.5829,10.1611,441.185,445.875,5.08194,5.04593,5.74752,10.7544,5.78117,10.4962,10.4962,0.0,1.0,1
80054,31.05.2024 04:53:10.050000,-182.922,-207.394,5.82829,5.855,5.751,95.3984,4.42578,4.51369,12.5829,10.1611,441.185,445.875,5.08194,5.04593,5.74752,10.7544,5.78117,10.4962,10.4962,0.0,1.0,1
80055,31.05.2024 04:53:10.060000,-179.379,-207.889,5.85715,5.849,5.734,95.4587,4.41846,4.51708,11.328,9.48797,441.175,445.875,5.05801,5.01675,5.62671,10.8277,5.78139,10.4962,10.4962,0.0,1.0,1
80056,31.05.2024 04:53:10.070000,-179.379,-207.889,5.85715,5.849,5.734,95.4587,4.41846,4.51708,11.328,9.48797,441.175,445.875,5.05801,5.01675,5.62671,10.8277,5.78139,10.4962,10.4962,0.0,1.0,1
80057,31.05.2024 04:53:10.080000,-182.181,-211.761,5.86846,5.839,5.72,95.4386,4.39674,4.51737,11.2358,11.3143,441.18,445.875,4.84243,5.11019,5.70861,11.0191,5.78156,10.489,10.489,0.0,1.0,1
80058,31.05.2024 04:53:10.090000,-185.641,-207.724,5.86862,5.787,5.732,95.4187,4.37328,4.51359,10.6923,13.2018,441.18,445.875,4.63367,5.15351,5.55291,11.0431,5.78152,10.6988,10.6988,0.0,1.0,1
80059,31.05.2024 04:53:10.100000,-185.641,-205.829,5.87585,5.797,5.732,95.4047,4.35605,4.51066,10.6923,13.2018,441.18,445.875,4.63367,5.15351,5.55291,11.0431,5.7821,10.6988,10.6988,0.0,1.0,1
80060,31.05.2024 04:53:10.110000,-186.96,-205.829,5.87585,5.797,5.749,95.3415,4.32406,4.49682,8.77147,7.92998,441.185,445.87,4.42682,5.23231,5.45108,11.0483,5.7821,10.6988,10.6988,0.0,1.0,1
80061,31.05.2024 04:53:10.120000,-186.301,-205.17,5.86854,5.805,5.762,95.3415,4.30996,4.48806,7.35354,8.23058,441.18,445.855,4.23513,5.15577,5.16517,11.0028,5.78233,10.8001,10.8001,0.0,1.0,1
80062,31.05.2024 04:53:10.130000,-186.301,-205.17,5.866,5.805,5.762,95.354,4.30022,4.48109,7.35354,8.23058,441.18,445.855,4.23513,5.15577,5.16517,11.0028,5.78258,10.8001,10.8001,0.0,1.0,1
80063,31.05.2024 04:53:10.140000,-186.465,-205.087,5.866,5.843,5.815,95.354,4.29841,4.47684,5.72964,7.86143,441.18,445.87,4.06931,5.02047,4.7943,10.8065,5.78258,10.9375,10.9375,0.0,1.0,1
80064,31.05.2024 04:53:10.150000,-179.956,-200.72,5.86339,5.868,5.805,95.4537,4.31649,4.47326,5.72964,7.86143,441.18,445.87,4.06931,5.02047,4.7943,10.8065,5.78282,10.7711,10.7711,0.0,1.0,1
80065,31.05.2024 04:53:10.160000,-179.956,-200.72,5.86187,5.868,5.805,95.445,4.33473,4.47468,6.19911,7.09857,441.17,445.865,3.92625,4.90077,4.64449,10.6252,5.78282,10.7711,10.7711,0.0,1.0,1
80066,31.05.2024 04:53:10.170000,-188.196,-208.054,5.86187,5.89,5.786,95.445,4.35557,4.47879,8.65091,8.85762,441.165,445.855,3.72955,4.86694,4.65202,10.587,5.78311,10.7711,10.7711,0.0,1.0,1
80067,31.05.2024 04:53:10.180000,-188.196,-208.054,5.86187,5.89,5.786,95.445,4.35557,4.47879,8.65091,8.85762,441.165,445.855,3.72955,4.86694,4.65202,10.587,5.78311,10.7711,10.7711,0.0,1.0,1
80068,31.05.2024 04:53:10.190000,-188.196,-208.054,5.86623,5.89,5.786,95.4477,4.37698,4.48159,10.477,8.3158,441.17,445.855,3.61898,4.77929,4.51622,10.4138,5.78382,10.9447,10.9447,0.0,1.0,1
80069,31.05.2024 04:53:10.200000,-188.196,-208.054,5.86623,5.89,5.786,95.4477,4.37698,4.48159,10.477,8.3158,441.17,445.855,3.61898,4.77929,4.51622,10.4138,5.78382,10.9447,10.9447,0.0,1.0,1
80070,31.05.2024 04:53:10.210000,-187.949,-207.312,5.88062,5.892,5.78,95.4335,4.40832,4.50079,10.464,7.74667,441.17,445.855,3.48803,4.62955,4.39208,10.2063,5.7839,10.9954,10.9954,0.0,1.0,1
80071,31.05.2024 04:53:10.220000,-183.334,-199.567,5.85816,5.851,5.789,95.407,4.40429,4.50998,10.4009,11.022,441.175,445.85,3.36827,4.45298,4.27145,9.97458,5.78446,11.046,11.046,0.0,1.0,1
80072,31.05.2024 04:53:10.230000,-187.372,-211.679,5.85093,5.868,5.794,95.3893,4.38975,4.51708,10.4009,11.022,441.175,445.85,3.36827,4.45298,4.27145,9.97458,5.78488,11.0532,11.0532,0.0,1.0,1
80073,31.05.2024 04:53:10.240000,-187.372,-211.679,5.85093,5.868,5.794,95.3893,4.38975,4.51708,10.4009,11.022,441.175,445.85,3.36827,4.45298,4.27145,9.97458,5.78488,11.0532,11.0532,0.0,1.0,1
80074,31.05.2024 04:53:10.250000,-187.372,-211.679,5.85704,5.868,5.794,95.4106,4.38395,4.51834,10.6855,12.0942,441.17,445.84,3.31834,4.45522,4.15072,9.69769,5.78488,11.2992,11.2992,0.0,1.0,1
80075,31.05.2024 04:53:10.260000,-187.372,-211.679,5.85704,5.868,5.794,95.4106,4.38395,4.51834,10.6855,12.0942,441.17,445.84,3.31834,4.45522,4.15072,9.69769,5.78488,11.2992,11.2992,0.0,1.0,1
80076,31.05.2024 04:53:10.270000,-183.581,-203.686,5.85987,5.896,5.78,95.4054,4.37765,4.51774,10.3227,11.035,441.17,445.84,3.34945,4.37071,3.96457,9.36019,5.78524,11.2558,11.2558,0.0,1.0,1
80077,31.05.2024 04:53:10.280000,-185.724,-200.555,5.8548,5.865,5.769,95.4029,4.37326,4.515,10.0617,9.87089,441.165,445.845,3.22993,4.13406,3.77923,9.0002,5.78517,11.2992,11.2992,0.0,1.0,1
80078,31.05.2024 04:53:10.290000,-185.724,-200.555,5.85812,5.865,5.769,95.4596,4.36983,4.51594,10.0617,9.87089,441.165,445.845,3.22993,4.13406,3.77923,9.0002,5.78523,11.2992,11.2992,0.0,1.0,1
80079,31.05.2024 04:53:10.300000,-180.945,-202.451,5.85812,5.816,5.778,95.4596,4.36679,4.5152,9.49184,10.8239,441.16,445.84,3.13778,4.09023,3.71839,8.88558,5.78523,11.3426,11.3426,0.0,1.0,1
80080,31.05.2024 04:53:10.310000,-185.065,-206.323,5.86176,5.84,5.758,95.451,4.35427,4.51086,9.49184,10.8239,441.16,445.84,3.13778,4.09023,3.71839,8.88558,5.78564,11.603,11.603,0.0,1.0,1
80081,31.05.2024 04:53:10.320000,-185.065,-206.323,5.86176,5.84,5.758,95.451,4.35427,4.51086,9.49184,10.8239,441.16,445.84,3.13778,4.09023,3.71839,8.88558,5.78564,11.603,11.603,0.0,1.0,1
80082,31.05.2024 04:53:10.330000,-185.065,-206.323,5.86364,5.84,5.758,95.4367,4.34767,4.50829,9.01884,8.95602,441.155,445.84,3.14717,4.07437,3.76104,8.79016,5.78564,11.9068,11.9068,0.0,1.0,1
80083,31.05.2024 04:53:10.340000,-187.784,-205.417,5.8697,5.866,5.769,95.4257,4.337,4.50584,7.44563,8.50906,441.15,445.84,3.0888,4.06625,3.76652,8.76566,5.78584,11.9068,11.9068,0.0,1.0,1
80084,31.05.2024 04:53:10.350000,-185.394,-205.417,5.8697,5.866,5.774,95.4316,4.34386,4.5085,7.92197,7.9797,441.145,445.84,3.08958,4.03916,3.72339,8.59103,5.78584,11.9068,11.9068,0.0,1.0,1
80085,31.05.2024 04:53:10.360000,-178.555,-202.615,5.85505,5.863,5.782,95.4316,4.35489,4.5096,8.49508,12.2615,441.145,445.835,3.11763,4.00902,3.71082,8.51338,5.78576,12.0587,12.0587,0.0,1.0,1
80086,31.05.2024 04:53:10.370000,-178.555,-202.615,5.86238,5.863,5.782,95.4177,4.37025,4.51092,8.49508,12.2615,441.145,445.835,3.11763,4.00902,3.71082,8.51338,5.78598,12.0587,12.0587,0.0,1.0,1
80087,31.05.2024 04:53:10.380000,-178.555,-202.615,5.86238,5.863,5.782,95.4177,4.37025,4.51092,8.49508,12.2615,441.145,445.835,3.11763,4.00902,3.71082,8.51338,5.78598,12.0587,12.0587,0.0,1.0,1
80088,31.05.2024 04:53:10.390000,-179.297,-206.982,5.86238,5.872,5.77,95.4177,4.3866,4.51338,9.41131,9.84169,441.145,445.835,3.18716,4.11448,3.65672,8.37837,5.78598,12.2106,12.2106,0.0,1.0,1
80089,31.05.2024 04:53:10.400000,-181.769,-208.218,5.88665,5.864,5.746,95.3422,4.4248,4.51867,11.1503,10.4351,441.14,445.835,3.27929,4.1484,3.68986,8.31035,5.78656,12.2106,12.2106,0.0,1.0,1
80090,31.05.2024 04:53:10.410000,-187.207,-207.477,5.88665,5.834,5.755,95.3422,4.42944,4.52162,12.4392,12.464,441.13,445.835,3.30845,4.21656,3.66579,8.31809,5.78646,12.2685,12.2685,0.0,1.0,1
80091,31.05.2024 04:53:10.420000,-187.207,-203.851,5.88484,5.813,5.755,95.3545,4.43211,4.52375,12.4392,12.464,441.13,445.835,3.30845,4.21656,3.66579,8.31809,5.78661,12.6157,12.6157,0.0,1.0,1
80092,31.05.2024 04:53:10.430000,-185.724,-203.851,5.88484,5.813,5.754,95.312,4.43051,4.52495,10.9576,9.70972,441.105,445.83,3.31285,4.26351,3.74126,8.36501,5.78661,12.6157,12.6157,0.0,1.0,1
80093,31.05.2024 04:53:10.440000,-185.477,-203.192,5.87498,5.805,5.77,95.312,4.42869,4.52535,11.4694,10.1984,441.09,445.82,3.25882,4.42575,3.83787,8.34443,5.78646,12.6157,12.6157,0.0,1.0,1
80094,31.05.2024 04:53:10.450000,-185.477,-203.192,5.87498,5.805,5.77,95.312,4.42869,4.52535,11.4694,10.1984,441.09,445.82,3.25882,4.42575,3.83787,8.34443,5.78646,12.6157,12.6157,0.0,1.0,1
80095,31.05.2024 04:53:10.460000,-185.477,-203.192,5.86341,5.805,5.77,95.3196,4.42662,4.52698,11.3602,9.45169,441.085,445.8,3.22096,4.50352,3.82445,8.29946,5.787,12.6736,12.6736,0.0,1.0,1
80096,31.05.2024 04:53:10.470000,-180.45,-203.604,5.86698,5.884,5.767,95.3562,4.41532,4.52771,11.3602,9.45169,441.085,445.8,3.22096,4.50352,3.82445,8.29946,5.78718,12.6374,12.6374,0.0,1.0,1
80097,31.05.2024 04:53:10.480000,-180.45,-203.604,5.86698,5.884,5.767,95.3562,4.41532,4.52771,11.3602,9.45169,441.085,445.8,3.22096,4.50352,3.82445,8.29946,5.78718,12.6374,12.6374,0.0,1.0,1
80098,31.05.2024 04:53:10.490000,-180.45,-203.604,5.88556,5.884,5.767,95.3567,4.40938,4.52773,10.9347,10.5508,441.085,445.785,3.22176,4.39829,3.84773,8.33595,5.78718,12.6374,12.6374,0.0,1.0,1
80099,31.05.2024 04:53:10.500000,-180.45,-203.604,5.88556,5.884,5.767,95.3567,4.40938,4.52773,10.9347,10.5508,441.085,445.785,3.22176,4.39829,3.84773,8.33595,5.78718,12.6374,12.6374,0.0,1.0,1
