,time,Pinceur Inf Mesure de courant,Pinceur Sup Mesure de courant,Mandrin - Vitesse Actuelle,Pinceur Sup Mesure vitesse lineaire,Pinceur Inf Mesure vitesse lineaire,Mandrin - Mesure Expansion,Pinceur Nord Position entrefer estimee,Pinceur Sud Position entrefer estimee,Pinceur Nord Force entrefer calibree,Pinceur Sud Force entrefer calibree,Guides Nord Entree Position mesuree,Guides Nord Sortie Position mesuree,Guides Nord Entree Force pour regulateur PI,Guides Nord Sortie Force pour regulateur PI,Guides Sud Entree Force pour regulateur PI,Guides Sud Sortie Force pour regulateur PI,Mandrin - Vitesse Actuelle F10,_Excentrage largeur bande jauge bob,_Excentrage largeur bande jauge bob.1,TDB pinceur,Fenetre,Declancheur
80700,31.05.2024 05:11:43.330000,224.039,-79.9255,8.56173,9.009,8.278,34.411,6.39866,4.41155,58.2259,85.8531,691.695,693.275,7.77372,4.38309,-0.679544,0.635128,7.43411,100.166,100.166,1.0,1.0,1
80701,31.05.2024 05:11:43.340000,224.039,-79.9255,8.56173,9.009,8.278,34.411,6.39866,4.41155,58.2259,85.8531,691.695,693.275,7.77372,4.38309,-0.679544,0.635128,7.43411,100.166,100.166,1.0,1.0,1
80702,31.05.2024 05:11:43.350000,291.934,-82.9742,8.55041,8.927,8.045,34.4865,5.05468,4.53151,59.6859,103.538,689.265,690.785,7.05916,4.16667,-0.557182,0.608461,7.43449,100.166,100.166,1.0,1.0,1
80703,31.05.2024 05:11:43.360000,334.122,0.0823974,8.51612,8.87,7.994,34.4562,4.16887,4.16254,59.3241,92.1984,687.56,689.13,6.6234,5.74595,-0.609934,0.504837,7.43503,100.181,100.181,1.0,1.0,1
80704,31.05.2024 05:11:43.370000,395.508,69.873,8.53473,8.758,7.89,34.4562,4.16743,3.86884,22.1782,41.785,686.69,688.26,6.20227,6.19489,-0.571526,0.572138,7.43562,100.203,100.203,1.0,1.0,1
80705,31.05.2024 05:11:43.380000,423.193,69.873,8.53473,8.78,7.89,34.4716,4.16743,3.86884,22.1782,41.785,684.98,686.53,6.2384,6.1679,-0.652954,0.491728,7.43638,100.224,100.224,1.0,1.0,1
80706,31.05.2024 05:11:43.390000,423.193,74.6521,8.57733,8.78,7.804,34.4222,4.02313,4.35726,12.6582,26.7043,684.13,685.67,5.99577,5.73687,-0.579966,0.475222,7.43638,100.224,100.224,1.0,1.0,1
80707,31.05.2024 05:11:43.400000,496.527,186.63,8.56,8.42,7.541,34.4222,4.18591,4.52838,18.1192,46.5155,683.335,684.87,5.74814,4.46003,-0.478104,0.8971,7.43684,100.224,100.224,1.0,1.0,1
80708,31.05.2024 05:11:43.410000,496.527,186.63,8.56,8.42,7.541,34.4222,4.18591,4.52838,18.1192,46.5155,683.335,684.87,5.74814,4.46003,-0.478104,0.8971,7.43684,100.224,100.224,1.0,1.0,1
80709,31.05.2024 05:11:43.420000,551.816,186.63,8.56,8.027,7.541,34.4254,4.18591,4.52838,18.1192,46.5155,681.64,683.17,5.97689,4.78894,-0.52833,1.03539,7.43684,100.246,100.246,1.0,1.0,1
80710,31.05.2024 05:11:43.430000,609.082,366.504,8.54495,7.857,7.409,34.4902,4.29769,4.54424,24.2834,33.7141,679.92,681.46,6.06218,4.52618,-0.611456,0.941589,7.43915,100.224,100.224,1.0,1.0,1
80711,31.05.2024 05:11:43.440000,609.082,576.04,8.54495,7.857,7.337,34.454,4.50527,4.66333,17.0708,23.1127,679.09,680.635,6.20651,4.3864,-0.689306,0.497782,7.43915,100.224,100.224,1.0,1.0,1
80712,31.05.2024 05:11:43.450000,633.801,616.827,8.55196,7.907,7.286,34.454,4.79148,4.69892,20.6046,24.8964,677.43,678.97,5.88169,4.0987,-0.56761,0.165394,7.43985,100.224,100.224,1.0,1.0,1
80713,31.05.2024 05:11:43.460000,633.801,616.827,8.55196,7.907,7.286,34.454,4.79148,4.69892,20.6046,24.8964,677.43,678.97,5.88169,4.0987,-0.56761,0.165394,7.43985,100.224,100.224,1.0,1.0,1
80714,31.05.2024 05:11:43.470000,665.607,616.827,8.55196,8.063,7.286,34.4143,5.09434,4.67581,21.6814,43.7226,676.58,678.15,5.97797,4.33337,-0.526394,0.058832,7.44025,100.239,100.239,1.0,1.0,1
80715,31.05.2024 05:11:43.480000,691.974,624.902,8.57108,7.909,7.263,34.4498,5.31397,4.64544,10.7795,38.3151,674.92,676.415,5.99821,4.9117,-0.420176,-0.0631505,7.4412,100.253,100.253,1.0,1.0,1
80716,31.05.2024 05:11:43.490000,698.813,624.902,8.57108,7.626,7.263,34.4568,5.31397,4.64544,10.7795,38.3151,673.245,674.75,6.09016,4.67633,-0.395016,0.131012,7.4412,100.253,100.253,1.0,1.0,1
80717,31.05.2024 05:11:43.500000,698.813,624.902,8.57108,7.626,7.263,34.4568,5.31397,4.64544,10.7795,38.3151,673.245,674.75,6.09016,4.67633,-0.395016,0.131012,7.4412,100.253,100.253,1.0,1.0,1
80718,31.05.2024 05:11:43.510000,698.813,698.318,8.55479,7.626,7.206,34.4568,5.51774,4.66223,6.1921,20.5998,672.415,674.005,6.0514,4.17314,-0.296898,0.259947,7.44181,100.246,100.246,1.0,1.0,1
80719,31.05.2024 05:11:43.520000,709.195,694.693,8.55736,7.651,7.259,34.4859,5.65841,4.71271,6.85454,17.0465,670.755,672.275,6.53118,4.71908,-0.297129,0.449377,7.44212,100.26,100.26,1.0,1.0,1
80720,31.05.2024 05:11:43.530000,694.775,687.689,8.55792,7.839,7.243,34.4859,5.73579,4.76802,4.58789,26.6504,669.125,670.52,6.75066,4.82483,-0.271732,0.290754,7.44257,100.246,100.246,1.0,1.0,1
80721,31.05.2024 05:11:43.540000,695.434,687.689,8.55792,7.804,7.243,34.4497,5.73579,4.76802,4.58789,26.6504,668.265,669.7,7.1202,4.63151,-0.311073,0.0422858,7.44288,99.2839,99.2839,1.0,1.0,1
80722,31.05.2024 05:11:43.550000,695.434,716.775,8.54913,7.804,7.282,34.4959,5.7534,4.84207,3.37393,29.7866,667.445,668.925,7.12958,4.53553,-0.308224,0.0491847,7.44288,99.2839,99.2839,1.0,1.0,1
80723,31.05.2024 05:11:43.560000,689.831,700.79,8.55014,7.618,7.309,34.4959,5.74301,4.93876,1.80647,23.8103,666.565,668.09,6.51003,4.16037,-0.112864,0.184944,7.44325,98.235,98.235,1.0,1.0,1
80724,31.05.2024 05:11:43.570000,689.255,700.79,8.55014,7.618,7.309,34.4755,5.74301,4.93876,1.80647,23.8103,664.88,666.35,6.28231,4.25111,-0.104229,0.187096,7.44325,98.235,98.235,1.0,1.0,1
80725,31.05.2024 05:11:43.580000,689.255,692.962,8.54772,7.618,7.323,34.4755,5.75112,5.01313,5.75832,33.0435,664.035,665.485,5.98532,4.36784,0.0309067,0.107071,7.44303,97.2077,97.2077,1.0,1.0,1
80726,31.05.2024 05:11:43.590000,682.498,692.962,8.55468,7.837,7.323,34.4874,5.75112,5.01313,5.75832,33.0435,663.24,664.635,6.06607,4.18335,0.0640602,0.184791,7.44296,96.9401,96.9401,1.0,1.0,1
80727,31.05.2024 05:11:43.600000,682.498,692.962,8.55468,7.837,7.323,34.4874,5.75112,5.01313,5.75832,33.0435,663.24,664.635,6.06607,4.18335,0.0640602,0.184791,7.44296,96.9401,96.9401,1.0,1.0,1
80728,31.05.2024 05:11:43.610000,682.498,687.771,8.55468,7.837,7.361,34.4705,5.7296,5.04264,3.85172,27.3859,662.395,663.85,5.95051,3.87405,0.0753765,0.218033,7.44296,97.9673,97.9673,1.0,1.0,1
80729,31.05.2024 05:11:43.620000,688.019,700.378,8.55884,7.793,7.371,34.6145,5.71651,5.06791,1.32357,23.7577,659.865,661.39,5.92396,3.81495,0.159307,0.194612,7.44312,97.9673,97.9673,1.0,1.0,1
80730,31.05.2024 05:11:43.630000,688.019,700.131,8.55939,7.793,7.371,34.6231,5.71891,5.11895,2.22769,22.1278,659.055,660.55,5.62629,3.95453,0.193497,0.145868,7.44312,97.9673,97.9673,1.0,1.0,1
80731,31.05.2024 05:11:43.640000,689.996,685.464,8.55676,7.656,7.369,34.6231,5.72537,5.14754,5.68217,26.6706,658.245,659.68,5.83698,4.11676,0.166456,0.0683192,7.44272,97.9818,97.9818,1.0,1.0,1
80732,31.05.2024 05:11:43.650000,689.996,685.464,8.55676,7.656,7.369,34.6231,5.72537,5.14754,5.68217,26.6706,658.245,659.68,5.83698,4.11676,0.166456,0.0683192,7.44272,97.9818,97.9818,1.0,1.0,1
80733,31.05.2024 05:11:43.660000,694.034,685.464,8.55676,7.805,7.369,34.606,5.72537,5.14754,5.68217,26.6706,656.585,657.99,6.01965,3.94618,0.294071,-0.0616876,7.44272,98.0686,98.0686,1.0,1.0,1
80734,31.05.2024 05:11:43.670000,690.161,686.865,8.55892,7.937,7.354,34.5209,5.71257,5.16291,2.22961,22.5151,654.9,656.35,6.17036,3.95662,0.225443,-0.0769368,7.44248,98.0686,98.0686,1.0,1.0,1
80735,31.05.2024 05:11:43.680000,690.161,698.813,8.55892,7.937,7.346,34.5042,5.7147,5.1794,2.22961,22.5151,654.055,655.56,6.23492,4.07649,0.232079,-0.0166703,7.44248,98.0686,98.0686,1.0,1.0,1
80736,31.05.2024 05:11:43.690000,691.644,705.734,8.55381,7.845,7.349,34.5042,5.72415,5.19067,3.19562,22.1428,652.41,653.9,6.18925,4.41204,0.343374,0.0100821,7.44268,99.009,99.009,1.0,1.0,1
80737,31.05.2024 05:11:43.700000,691.644,705.734,8.55381,7.845,7.349,34.5042,5.72415,5.19067,3.19562,22.1428,652.41,653.9,6.18925,4.41204,0.343374,0.0100821,7.44268,99.009,99.009,1.0,1.0,1
80738,31.05.2024 05:11:43.710000,683.899,705.734,8.55381,7.673,7.349,34.5307,5.7431,5.20245,1.59871,22.5008,651.595,653.025,5.98737,4.68947,0.466291,-0.08099,7.44352,99.3562,99.3562,1.0,1.0,1
80739,31.05.2024 05:11:43.720000,685.547,677.637,8.5648,7.785,7.363,34.4672,5.78167,5.19767,0.622483,21.914,649.95,651.34,6.05725,4.01279,1.12107,-0.0201799,7.44371,99.4213,99.4213,1.0,1.0,1
80740,31.05.2024 05:11:43.730000,685.547,677.637,8.5648,7.785,7.363,34.4672,5.78167,5.19767,0.622483,21.914,649.95,651.34,6.05725,4.01279,1.12107,-0.0201799,7.44413,99.4213,99.4213,1.0,1.0,1
80741,31.05.2024 05:11:43.740000,687.359,677.637,8.5648,7.972,7.363,34.5032,5.78167,5.19767,0.622483,21.914,649.115,650.53,6.04412,4.06205,1.23899,-0.068472,7.44352,99.3562,99.3562,1.0,1.0,1
80742,31.05.2024 05:11:43.750000,690.243,685.052,8.5548,7.862,7.369,34.576,5.81421,5.20169,1.45849,21.5576,646.615,648.06,6.44815,4.03798,1.45761,-0.0583459,7.44473,99.0596,99.0596,1.0,1.0,1
80743,31.05.2024 05:11:43.760000,690.243,707.712,8.5548,7.862,7.38,34.6616,5.84326,5.20255,-0.7219,20.6191,645.805,647.245,6.18835,4.08278,1.59518,-0.0410081,7.44473,99.0596,99.0596,1.0,1.0,1
80744,31.05.2024 05:11:43.770000,686.947,692.468,8.55363,7.707,7.384,34.6616,5.87784,5.20597,-1.88568,20.1039,644.16,645.58,6.33411,4.25352,1.64126,0.0730284,7.44463,99.4141,99.4141,1.0,1.0,1
80745,31.05.2024 05:11:43.780000,689.007,692.468,8.55363,7.767,7.384,34.6313,5.87784,5.20597,-1.88568,20.1039,643.32,644.74,6.30515,4.26551,1.71313,0.0628299,7.44426,99.5515,99.5515,1.0,1.0,1
80746,31.05.2024 05:11:43.790000,689.007,678.461,8.56534,7.767,7.412,34.5919,5.89853,5.22546,-0.422307,20.6803,642.485,643.925,6.17998,4.11048,1.77798,0.106359,7.44426,99.5515,99.5515,1.0,1.0,1
80747,31.05.2024 05:11:43.800000,685.135,685.959,8.55353,7.97,7.417,34.5919,5.92813,5.23198,-0.355644,22.5513,641.68,643.09,6.62699,3.95371,1.92624,0.113506,7.44453,99.4719,99.4719,1.0,1.0,1
80748,31.05.2024 05:11:43.810000,685.135,685.959,8.55353,7.97,7.417,34.5919,5.92813,5.23198,-0.355644,22.5513,641.68,643.09,6.62699,3.95371,1.92624,0.113506,7.44453,99.4719,99.4719,1.0,1.0,1
80749,31.05.2024 05:11:43.820000,688.595,685.959,8.55353,7.857,7.417,34.5664,5.92813,5.23198,-0.355644,22.5513,640.045,641.44,6.46708,3.69168,1.95924,0.124527,7.44453,99.6383,99.6383,1.0,1.0,1
80750,31.05.2024 05:11:43.830000,688.595,685.959,8.55353,7.857,7.417,34.5664,5.92813,5.23198,-0.355644,22.5513,640.045,641.44,6.46708,3.69168,1.95924,0.124527,7.44453,99.6383,99.6383,1.0,1.0,1
80751,31.05.2024 05:11:43.840000,683.569,677.719,8.56951,7.759,7.394,34.5509,5.95176,5.24318,-2.5833,21.3981,638.37,639.79,6.26151,4.04638,2.22158,0.144274,7.44491,99.8119,99.8119,1.0,1.0,1
80752,31.05.2024 05:11:43.850000,683.569,677.719,8.56951,7.759,7.394,34.5509,5.95176,5.24318,-2.5833,21.3981,638.37,639.79,6.26151,4.04638,2.22158,0.144274,7.44491,99.8119,99.8119,1.0,1.0,1
80753,31.05.2024 05:11:43.860000,692.962,628.116,8.57618,7.751,7.375,34.751,6.00569,5.27118,-5.50804,20.337,635.935,637.35,6.43567,3.98018,2.47129,0.287535,7.4451,100.239,100.239,1.0,1.0,1
80754,31.05.2024 05:11:43.870000,669.974,606.857,8.58341,7.905,7.38,35.7833,6.0686,5.29421,-7.43989,18.8116,634.29,635.715,6.28715,4.05304,2.66167,0.323757,7.44565,100.239,100.239,1.0,1.0,1
80755,31.05.2024 05:11:43.880000,649.621,606.528,8.59089,7.978,7.372,35.7833,6.14134,5.31922,-5.98182,19.6077,633.46,634.895,6.12201,4.19252,2.73448,0.328613,7.44625,100.246,100.246,1.0,1.0,1
80756,31.05.2024 05:11:43.890000,633.883,606.528,8.59089,7.822,7.372,36.7056,6.14134,5.31922,-5.98182,19.6077,631.835,633.395,6.24264,4.59846,2.72536,0.309547,7.44625,100.246,100.246,1.0,1.0,1
80757,31.05.2024 05:11:43.900000,633.883,583.621,8.59136,7.822,7.38,36.7056,6.20181,5.3222,-2.10098,21.6558,630.975,632.61,6.46188,5.5713,2.79302,0.323257,7.44624,100.253,100.253,1.0,1.0,1
80758,31.05.2024 05:11:43.910000,615.591,583.621,8.5937,7.809,7.38,37.7143,6.20181,5.3222,-2.10098,21.6558,630.155,631.855,6.34528,7.00691,2.99779,0.237001,7.44688,100.253,100.253,1.0,1.0,1
80759,31.05.2024 05:11:43.920000,615.591,555.688,8.5937,7.809,7.379,38.7926,6.20904,5.3195,-1.17327,21.3205,629.305,631.07,6.10382,7.92224,3.05654,0.24737,7.44688,100.253,100.253,1.0,1.0,1
80760,31.05.2024 05:11:43.930000,599.441,539.786,8.60293,7.927,7.388,38.7926,6.15613,5.32169,-3.90771,17.0857,627.64,629.62,6.03966,8.87922,3.12492,0.267938,7.44721,100.268,100.268,1.0,1.0,1
80761,31.05.2024 05:11:43.940000,566.894,539.786,8.60293,8.03,7.388,39.9484,6.15613,5.32169,-3.90771,17.0857,626.82,628.91,5.72838,9.53084,3.25654,0.290798,7.44773,100.26,100.26,1.0,1.0,1
80762,31.05.2024 05:11:43.950000,566.894,535.419,8.59708,8.03,7.414,41.1977,6.04857,5.32141,-5.035,13.9357,626.0,628.155,5.58886,11.0159,3.31811,0.171835,7.44773,100.26,100.26,1.0,1.0,1
80763,31.05.2024 05:11:43.960000,545.389,515.396,8.46957,7.905,7.676,41.1977,5.88264,5.31685,-7.19015,8.1794,625.115,627.405,-1.6212,6.88797,3.46837,0.13912,7.44817,100.26,100.26,1.0,1.0,1
80764,31.05.2024 05:11:43.970000,532.04,515.396,8.46957,7.924,7.676,42.5229,5.88264,5.31685,-7.19015,8.1794,625.105,627.5,-9.85244,-1.98226,3.57417,0.263117,7.44817,100.26,100.26,1.0,1.0,1
80765,31.05.2024 05:11:43.980000,532.04,515.396,8.46957,7.924,7.676,42.5229,5.88264,5.31685,-7.19015,8.1794,625.105,627.5,-9.85244,-1.98226,3.57417,0.263117,7.44817,100.26,100.26,1.0,1.0,1
80766,31.05.2024 05:11:43.990000,532.04,485.568,8.2878,7.924,7.997,42.5229,5.71606,5.31357,-9.28342,3.85435,625.295,627.765,-13.1739,-3.98388,3.55881,0.402222,7.44809,100.246,100.246,1.0,1.0,1
80767,31.05.2024 05:11:44.000000,530.639,466.946,8.29337,8.047,8.058,45.1807,5.5784,5.30402,-8.53369,6.31678,625.285,627.19,-1.09192,5.06834,3.60315,0.443617,7.44834,100.195,100.195,1.0,1.0,1
80768,31.05.2024 05:11:44.010000,530.639,466.946,8.29337,8.047,8.058,45.1807,5.5784,5.30402,-8.53369,6.31678,625.285,627.19,-1.09192,5.06834,3.60315,0.443617,7.44834,100.195,100.195,1.0,1.0,1
80769,31.05.2024 05:11:44.020000,507.651,452.197,8.24537,8.148,8.068,45.1807,5.47166,5.26519,-4.90162,8.86794,624.83,627.345,-1.90359,0.475065,3.70878,0.433687,7.4485,100.195,100.195,1.0,1.0,1
80770,31.05.2024 05:11:44.030000,485.321,440.332,8.18637,8.111,8.005,47.9941,5.39228,5.19453,-5.37182,6.67802,624.79,627.2,-5.00968,2.58936,4.15785,0.433437,7.44866,100.239,100.239,1.0,1.0,1
80771,31.05.2024 05:11:44.040000,485.321,440.332,8.18637,8.111,8.005,47.9941,5.39228,5.19453,-5.37182,6.67802,624.79,627.2,-5.00968,2.58936,4.15785,0.433437,7.44866,100.239,100.239,1.0,1.0,1
80772,31.05.2024 05:11:44.050000,470.077,418.744,8.04826,8.064,7.913,47.9941,5.33586,5.11077,-6.75051,5.82637,624.655,627.0,-1.88272,2.23421,4.56787,0.692732,7.44868,100.246,100.246,1.0,1.0,1
80773,31.05.2024 05:11:44.060000,448.819,390.976,8.01045,8.194,7.712,49.4132,5.2962,5.03593,-9.10908,4.00288,624.49,627.06,-0.865445,-0.337493,4.81912,0.925758,7.44974,99.8698,99.8698,1.0,1.0,1
80774,31.05.2024 05:11:44.070000,422.287,390.976,7.89394,8.272,7.712,50.7835,5.2962,5.03593,-9.10908,4.00288,624.405,626.97,2.17019,1.36532,5.08171,1.06441,7.45051,99.8698,99.8698,1.0,1.0,1
80775,31.05.2024 05:11:44.080000,422.287,384.137,7.89394,8.272,7.635,52.1295,5.29262,4.96472,-7.68472,4.90373,624.32,626.91,2.5972,0.880113,5.19232,1.1336,7.45051,99.8698,99.8698,1.0,1.0,1
80776,31.05.2024 05:11:44.090000,400.122,363.537,7.77415,8.263,7.65,52.1295,5.3008,4.89234,-7.65511,6.54741,624.17,626.885,3.99607,0.400626,5.27283,1.30552,7.45201,97.309,97.309,1.0,1.0,1
80777,31.05.2024 05:11:44.100000,378.369,363.537,7.77415,8.23,7.65,53.4967,5.3008,4.89234,-7.65511,6.54741,624.08,626.825,4.4298,0.95382,5.31636,1.5747,7.45334,94.2564,94.2564,1.0,1.0,1
80778,31.05.2024 05:11:44.110000,378.369,349.118,7.69855,8.23,7.634,54.8497,5.31038,4.81958,-8.29533,4.25296,623.97,626.735,4.77186,1.60718,5.35765,1.86881,7.45334,94.2564,94.2564,1.0,1.0,1
80779,31.05.2024 05:11:44.120000,364.032,344.833,7.63261,8.271,7.652,54.8497,5.32126,4.75908,-9.71165,2.90238,623.86,626.655,4.41113,1.26125,5.56642,2.41361,7.45467,91.0446,91.0446,1.0,1.0,1
80780,31.05.2024 05:11:44.130000,368.811,344.833,7.63261,8.394,7.652,56.2284,5.32126,4.75908,-9.71165,2.90238,623.7,626.545,3.75504,0.735749,5.65475,2.6138,7.45467,91.0446,91.0446,1.0,1.0,1
80781,31.05.2024 05:11:44.140000,368.811,346.646,7.54575,8.394,7.485,56.2284,5.32354,4.73506,-9.67699,3.64956,623.645,626.475,3.02366,0.692445,5.74043,2.70948,7.45659,91.0156,91.0156,1.0,1.0,1
80782,31.05.2024 05:11:44.150000,363.785,346.646,7.50751,8.381,7.485,57.5459,5.32354,4.73506,-9.67699,3.64956,623.63,626.41,2.17363,0.736268,5.94628,2.89138,7.45757,87.0587,87.0587,1.0,1.0,1
80783,31.05.2024 05:11:44.160000,363.785,353.155,7.50751,8.381,7.392,58.8921,5.32279,4.73036,-8.25965,4.74971,623.575,626.31,2.1664,0.608232,5.97386,2.96108,7.45757,87.0587,87.0587,1.0,1.0,1
80784,31.05.2024 05:11:44.170000,361.148,343.103,7.41092,8.305,7.283,58.8921,5.29625,4.73557,-5.60064,7.16813,623.43,626.19,2.19158,0.0937531,6.04355,3.09039,7.45902,83.8831,83.8831,1.0,1.0,1
80785,31.05.2024 05:11:44.180000,367.081,343.103,7.41092,8.334,7.283,60.222,5.29625,4.73557,-5.60064,7.16813,623.37,626.14,1.46771,-0.41206,6.19012,3.29134,7.45961,80.9896,80.9896,1.0,1.0,1
80786,31.05.2024 05:11:44.190000,367.081,347.388,7.32934,8.334,7.309,61.5391,5.26583,4.7395,-6.77763,7.29007,623.34,626.085,0.892735,-0.253182,6.27389,3.36531,7.45961,80.9896,80.9896,1.0,1.0,1
80787,31.05.2024 05:11:44.200000,372.436,350.271,7.28393,8.429,7.283,61.5391,5.22692,4.74289,-5.54518,8.06649,623.305,626.015,0.987916,-0.205556,6.5744,3.59551,7.46056,78.4795,78.4795,1.0,1.0,1
80788,31.05.2024 05:11:44.210000,374.908,350.271,7.28393,8.472,7.283,62.8503,5.22692,4.74289,-5.54518,8.06649,623.245,625.905,0.902991,-0.382848,6.63738,3.85886,7.46056,78.4795,78.4795,1.0,1.0,1
80789,31.05.2024 05:11:44.220000,374.908,350.271,7.28393,8.472,7.283,62.8503,5.22692,4.74289,-5.54518,8.06649,623.245,625.905,0.902991,-0.382848,6.63738,3.85886,7.46056,78.4795,78.4795,1.0,1.0,1
80790,31.05.2024 05:11:44.230000,374.908,353.897,7.24459,8.472,7.213,62.8503,5.19034,4.74331,-5.75174,8.96229,623.19,625.865,1.02395,-0.101115,6.58972,4.00929,7.46134,76.5336,76.5336,1.0,1.0,1
80791,31.05.2024 05:11:44.240000,371.53,357.193,7.29995,8.428,7.126,65.5808,5.15652,4.73498,-3.78452,10.1645,623.055,625.72,1.87817,1.07039,6.03551,4.15895,7.46148,76.4902,76.4902,1.0,1.0,1
80792,31.05.2024 05:11:44.250000,371.695,353.155,7.25783,8.433,7.094,65.5808,5.11724,4.72516,-3.40056,9.83937,622.985,625.575,1.66892,1.18829,5.92968,4.18392,7.46144,76.4902,76.4902,1.0,1.0,1
80793,31.05.2024 05:11:44.260000,366.504,353.155,7.25783,8.53,7.094,66.8886,5.11724,4.72516,-3.40056,9.83937,622.945,625.51,2.31129,1.16197,5.90143,4.24783,7.46115,74.2332,74.2332,1.0,1.0,1
80794,31.05.2024 05:11:44.270000,366.504,346.811,7.16689,8.53,7.13,68.137,5.08756,4.71686,-4.31928,8.42568,622.89,625.43,2.91749,1.29432,5.90019,4.34993,7.46115,74.2332,74.2332,1.0,1.0,1
80795,31.05.2024 05:11:44.280000,372.931,354.886,7.17691,8.579,7.138,68.137,5.0694,4.70921,-2.30948,10.3902,622.82,625.335,3.38959,1.41889,5.7021,4.34804,7.46109,69.8206,69.8206,1.0,1.0,1
80796,31.05.2024 05:11:44.290000,365.597,354.886,7.17691,8.545,7.138,69.4803,5.0694,4.70921,-2.30948,10.3902,622.645,625.2,3.42238,1.16534,5.67244,4.37227,7.46109,69.8206,69.8206,1.0,1.0,1
80797,31.05.2024 05:11:44.300000,365.597,355.463,7.21613,8.545,7.143,69.4803,5.06539,4.71228,-2.18158,11.1598,622.605,625.14,3.0771,1.05568,5.63396,4.43262,7.46074,69.8206,69.8206,1.0,1.0,1
80798,31.05.2024 05:11:44.310000,370.047,355.463,7.34477,8.489,7.143,70.7959,5.06539,4.71228,-2.18158,11.1598,622.545,625.065,2.39836,0.803962,5.60848,4.83215,7.45985,68.0556,68.0556,1.0,1.0,1
80799,31.05.2024 05:11:44.320000,370.047,357.11,7.34477,8.489,7.135,72.0656,5.07632,4.71131,-0.145034,12.7513,622.49,625.005,2.62642,0.778463,5.39706,4.94012,7.45985,68.0556,68.0556,1.0,1.0,1
80800,31.05.2024 05:11:44.330000,370.047,357.11,7.34477,8.489,7.135,72.0656,5.07632,4.71131,-0.145034,12.7513,622.49,625.005,2.62642,0.778463,5.39706,4.94012,7.45985,68.0556,68.0556,1.0,1.0,1
80801,31.05.2024 05:11:44.340000,375.568,350.024,7.29532,8.526,7.12,72.0656,5.0728,4.70179,-0.521259,12.2173,622.375,624.875,2.40341,0.86987,5.11848,4.97765,7.45916,65.8782,65.8782,1.0,1.0,1
80802,31.05.2024 05:11:44.350000,368.893,331.567,7.26283,8.591,7.185,74.4927,5.06741,4.68408,-1.9822,9.46118,622.265,624.74,2.27358,0.772897,4.72126,5.09638,7.4586,64.294,64.294,1.0,1.0,1
80803,31.05.2024 05:11:44.360000,368.893,331.567,7.26283,8.591,7.185,74.4927,5.06741,4.68408,-1.9822,9.46118,622.265,624.74,2.27358,0.772897,4.72126,5.09638,7.4586,64.294,64.294,1.0,1.0,1
80804,31.05.2024 05:11:44.370000,375.65,327.118,7.32242,8.576,7.196,74.4927,5.07698,4.6705,-3.20534,6.02053,622.21,624.665,2.1459,0.847135,4.39707,5.06642,7.45802,64.294,64.294,1.0,1.0,1
80805,31.05.2024 05:11:44.380000,367.328,341.455,7.3555,8.535,7.225,75.633,5.10258,4.71554,-2.78252,5.07629,622.045,624.52,2.73851,1.01305,4.04442,5.05665,7.45711,62.8183,62.8183,1.0,1.0,1
80806,31.05.2024 05:11:44.390000,376.391,341.455,7.37637,8.548,7.225,76.6409,5.10258,4.71554,-2.78252,5.07629,622.0,624.435,2.43628,1.64401,3.7466,5.48413,7.45638,61.9936,61.9936,1.0,1.0,1
80807,31.05.2024 05:11:44.400000,376.391,346.234,7.37637,8.548,7.254,77.604,5.19366,4.74685,0.887536,17.0737,621.93,624.375,2.4752,1.53411,3.62504,5.5336,7.45638,61.9936,61.9936,1.0,1.0,1
80808,31.05.2024 05:11:44.410000,372.519,328.436,7.38514,8.559,7.26,77.604,5.2674,4.79221,3.40751,22.1896,621.815,624.265,2.43389,1.27126,3.57828,5.52401,7.45523,60.9013,60.9013,1.0,1.0,1
80809,31.05.2024 05:11:44.420000,372.519,328.436,7.38514,8.559,7.26,77.604,5.2674,4.79221,3.40751,22.1896,621.815,624.265,2.43389,1.27126,3.57828,5.52401,7.45523,60.9013,60.9013,1.0,1.0,1
80810,31.05.2024 05:11:44.430000,373.096,328.436,7.38514,8.517,7.26,78.4014,5.33698,4.80009,3.78671,22.4896,621.76,624.2,2.35595,1.38188,3.5171,5.51308,7.45443,60.6265,60.6265,1.0,1.0,1
80811,31.05.2024 05:11:44.440000,370.212,349.118,7.38444,8.471,7.275,79.2114,5.37911,4.82127,2.00658,21.1338,621.635,624.015,2.12798,1.25509,3.43596,5.86703,7.45358,60.8724,60.8724,1.0,1.0,1
80812,31.05.2024 05:11:44.450000,371.53,349.118,7.38444,8.475,7.275,79.9885,5.37911,4.82127,2.00658,21.1338,621.53,623.905,2.4051,0.632409,3.32056,5.71182,7.45358,60.8724,60.8724,1.0,1.0,1
80813,31.05.2024 05:11:44.460000,371.53,349.118,7.38444,8.475,7.275,79.9885,5.37911,4.82127,2.00658,21.1338,621.53,623.905,2.4051,0.632409,3.32056,5.71182,7.45358,60.8724,60.8724,1.0,1.0,1
80814,31.05.2024 05:11:44.470000,371.53,350.683,7.4705,8.475,7.282,79.9885,5.41602,4.83278,3.25621,24.1975,621.475,623.865,2.50176,0.318475,3.349,5.4705,7.45301,59.838,59.838,1.0,1.0,1
80815,31.05.2024 05:11:44.480000,366.751,335.11,7.46009,8.489,7.286,81.2015,5.42331,4.8212,3.39,23.579,621.34,623.735,2.43936,0.990522,2.62882,5.42829,7.45288,59.9392,59.9392,1.0,1.0,1
80816,31.05.2024 05:11:44.490000,369.8,332.226,7.4663,8.417,7.299,81.2015,5.41972,4.81312,0.180794,19.8713,621.21,623.6,2.22668,0.92258,2.45906,5.50785,7.45232,60.0695,60.0695,1.0,1.0,1
80817,31.05.2024 05:11:44.500000,369.8,332.226,7.4663,8.417,7.299,81.2015,5.41972,4.81312,0.180794,19.8713,621.21,623.6,2.22668,0.92258,2.45906,5.50785,7.45232,60.0695,60.0695,1.0,1.0,1
80818,31.05.2024 05:11:44.510000,364.361,332.226,7.4663,8.409,7.299,81.7343,5.41972,4.81312,0.180794,19.8713,621.155,623.535,2.22941,0.856273,2.38895,5.56562,7.45229,59.9826,59.9826,1.0,1.0,1
80819,31.05.2024 05:11:44.520000,368.893,333.545,7.51835,8.432,7.326,82.1369,5.42142,4.83268,1.53556,20.8231,621.03,623.43,2.48109,0.956762,2.21116,5.61237,7.45202,60.5252,60.5252,1.0,1.0,1
80820,31.05.2024 05:11:44.530000,368.893,333.545,7.51835,8.432,7.326,82.1369,5.42142,4.83268,1.53556,20.8231,621.03,623.43,2.48109,0.956762,2.21116,5.61237,7.45202,60.5252,60.5252,1.0,1.0,1
80821,31.05.2024 05:11:44.540000,371.118,333.545,7.51835,8.437,7.326,82.514,5.42142,4.83268,1.53556,20.8231,620.93,623.275,2.23961,1.10508,2.15363,5.7018,7.45202,60.5252,60.5252,1.0,1.0,1
80822,31.05.2024 05:11:44.550000,371.118,333.545,7.51835,8.437,7.326,82.514,5.42142,4.83268,1.53556,20.8231,620.93,623.275,2.23961,1.10508,2.15363,5.7018,7.45202,60.5252,60.5252,1.0,1.0,1
80823,31.05.2024 05:11:44.560000,370.212,314.758,7.59286,8.394,7.364,82.8471,5.41524,4.85007,0.198583,19.3771,620.8,623.115,2.33847,0.694701,2.03295,5.64715,7.45194,60.5324,60.5324,1.0,1.0,1
80824,31.05.2024 05:11:44.570000,375.485,328.354,7.49358,8.324,7.334,83.1256,5.40438,4.84611,-1.18273,19.6669,620.62,622.98,2.72057,0.422225,2.01557,5.521,7.45224,61.5524,61.5524,1.0,1.0,1
80825,31.05.2024 05:11:44.580000,370.294,328.354,7.49358,8.354,7.334,83.4488,5.40438,4.84611,-1.18273,19.6669,620.54,622.895,2.9927,1.06259,2.03481,5.41968,7.4522,61.5524,61.5524,1.0,1.0,1
80826,31.05.2024 05:11:44.590000,370.294,314.758,7.59787,8.354,7.36,83.7931,5.39661,4.83595,-5.97648,15.3475,620.475,622.82,2.7768,1.47038,2.0104,5.39902,7.4522,61.5524,61.5524,1.0,1.0,1
80827,31.05.2024 05:11:44.600000,370.294,314.758,7.59787,8.354,7.36,83.7931,5.39661,4.83595,-5.97648,15.3475,620.475,622.82,2.7768,1.47038,2.0104,5.39902,7.4522,61.5524,61.5524,1.0,1.0,1
80828,31.05.2024 05:11:44.610000,375.897,292.758,7.61753,8.353,7.374,83.7931,5.43408,4.84261,-13.5431,6.61103,620.43,622.74,2.05705,0.961774,1.89726,5.44397,7.4528,61.6102,61.6102,1.0,1.0,1
80829,31.05.2024 05:11:44.620000,375.897,292.758,7.61753,8.353,7.374,83.7931,5.43408,4.84261,-13.5431,6.61103,620.43,622.74,2.05705,0.961774,1.89726,5.44397,7.4528,61.6102,61.6102,1.0,1.0,1
80830,31.05.2024 05:11:44.630000,365.103,284.106,7.64927,8.33,7.39,84.1669,5.52147,4.85376,-16.0227,2.17122,620.26,622.555,2.26641,1.30524,1.85723,5.45205,7.45301,61.849,61.849,1.0,1.0,1
80831,31.05.2024 05:11:44.640000,378.204,296.548,7.58622,8.296,7.413,84.8941,5.63766,4.93202,-17.6767,8.27962,620.12,622.38,2.73442,1.14578,1.71227,5.25738,7.45358,61.849,61.849,1.0,1.0,1
80832,31.05.2024 05:11:44.650000,378.204,296.548,7.58622,8.296,7.413,84.8941,5.63766,4.93202,-17.6767,8.27962,620.12,622.38,2.73442,1.14578,1.71227,5.25738,7.45358,61.849,61.849,1.0,1.0,1
80833,31.05.2024 05:11:44.660000,370.953,280.151,7.60574,8.294,7.409,84.8941,5.7761,4.96439,-10.3371,20.8622,620.06,622.32,2.77609,0.475913,1.63601,5.41621,7.45403,62.406,62.406,1.0,1.0,1
80834,31.05.2024 05:11:44.670000,370.953,280.151,7.60574,8.294,7.409,84.8941,5.7761,4.96439,-10.3371,20.8622,620.06,622.32,2.77609,0.475913,1.63601,5.41621,7.45403,62.406,62.406,1.0,1.0,1
80835,31.05.2024 05:11:44.680000,371.2,230.96,7.62634,8.367,7.41,85.2325,5.83469,4.96937,-5.91907,18.0415,619.825,622.165,3.32082,0.771974,1.51362,5.32149,7.45409,62.5651,62.5651,1.0,1.0,1
80836,31.05.2024 05:11:44.690000,371.2,230.96,7.62634,8.367,7.41,85.2325,5.83469,4.96937,-5.91907,18.0415,619.825,622.165,3.32082,0.771974,1.51362,5.32149,7.45409,62.5651,62.5651,1.0,1.0,1
80837,31.05.2024 05:11:44.700000,373.755,209.289,7.57633,8.324,7.445,85.3924,5.8512,4.97044,-8.74993,15.81,619.67,621.905,2.98012,1.44614,1.51367,5.44013,7.4547,62.5651,62.5651,1.0,1.0,1
80838,31.05.2024 05:11:44.710000,373.755,193.881,7.58225,8.342,7.428,85.4878,5.82191,4.96749,-6.2507,11.8328,619.555,621.77,3.33737,0.934821,1.4461,5.35858,7.45569,62.623,62.623,1.0,1.0,1
80839,31.05.2024 05:11:44.720000,373.755,184.488,7.58225,8.342,7.424,85.4995,5.72403,4.97444,-6.2507,11.8328,619.48,621.7,3.27874,0.914073,1.44173,5.35534,7.45569,62.623,62.623,1.0,1.0,1
80840,31.05.2024 05:11:44.730000,366.998,149.387,7.58536,8.372,7.398,85.4995,5.61182,5.00018,-7.69781,8.75759,619.325,621.56,3.10698,0.886937,1.38927,5.35742,7.45608,61.6753,61.6753,1.0,1.0,1
80841,31.05.2024 05:11:44.740000,375.897,149.387,7.58536,8.378,7.398,85.5696,5.61182,5.00018,-7.69781,8.75759,619.255,621.505,3.15438,0.860473,1.32773,5.27739,7.4563,61.2341,61.2341,1.0,1.0,1
80842,31.05.2024 05:11:44.750000,375.897,117.334,7.53498,8.378,7.397,85.6388,5.49654,5.02546,-4.07201,10.7559,619.205,621.44,2.69054,0.865621,1.31345,5.21434,7.4563,61.2341,61.2341,1.0,1.0,1
80843,31.05.2024 05:11:44.760000,369.635,110.742,7.53345,8.378,7.361,85.6388,5.36675,5.0241,-4.41498,9.44645,619.18,621.38,2.71543,0.993783,1.35611,5.06862,7.45633,61.3137,61.3137,1.0,1.0,1
80844,31.05.2024 05:11:44.770000,369.635,110.742,7.53345,8.378,7.361,85.6388,5.36675,5.0241,-4.41498,9.44645,619.18,621.38,2.71543,0.993783,1.35611,5.06862,7.45633,61.3137,61.3137,1.0,1.0,1
80845,31.05.2024 05:11:44.780000,367.74,110.742,7.53345,8.378,7.361,85.667,5.36675,5.0241,-4.41498,9.44645,619.04,621.22,2.87094,1.07373,1.42118,5.12992,7.45633,60.2865,60.2865,1.0,1.0,1
80846,31.05.2024 05:11:44.790000,367.74,110.742,7.53345,8.378,7.361,85.667,5.36675,5.0241,-4.41498,9.44645,619.04,621.22,2.87094,1.07373,1.42118,5.12992,7.45633,60.2865,60.2865,1.0,1.0,1
80847,31.05.2024 05:11:44.800000,372.024,105.222,7.50899,8.393,7.368,85.6753,5.24748,5.02381,-3.76284,8.66309,618.91,621.06,2.76134,1.0455,1.33713,5.19048,7.45749,59.5269,59.5269,1.0,1.0,1
80848,31.05.2024 05:11:44.810000,372.024,105.222,7.50899,8.393,7.368,85.6753,5.24748,5.02381,-3.76284,8.66309,618.91,621.06,2.76134,1.0455,1.33713,5.19048,7.45749,59.5269,59.5269,1.0,1.0,1
80849,31.05.2024 05:11:44.820000,375.732,18.869,7.48119,8.396,7.337,85.7216,5.10686,5.00434,-1.8935,10.8397,618.72,620.815,3.14134,0.886443,1.2302,4.91834,7.45824,58.8614,58.8614,1.0,1.0,1
80850,31.05.2024 05:11:44.830000,369.635,0.0,7.49776,8.372,7.315,85.6799,5.07648,4.96319,-0.619408,12.0823,618.58,620.69,2.32997,0.505695,1.28932,4.62666,7.45869,57.487,57.487,1.0,1.0,1
80851,31.05.2024 05:11:44.840000,369.635,0.0,7.49776,8.372,7.315,85.6799,5.07648,4.96319,-0.619408,12.0823,618.58,620.69,2.32997,0.505695,1.28932,4.62666,7.45869,57.487,57.487,1.0,1.0,1
80852,31.05.2024 05:11:44.850000,373.178,-0.906372,7.50221,8.346,7.314,85.6799,5.04458,4.90659,-0.546108,11.7541,618.525,620.625,2.50449,0.836213,1.28042,4.62443,7.45927,56.0547,56.0547,1.0,1.0,1
80853,31.05.2024 05:11:44.860000,374.991,-3.95508,7.46548,8.303,7.314,85.7037,5.03975,4.84393,-4.30284,10.5088,618.34,620.38,2.7624,0.889116,1.26695,4.78684,7.46019,56.0547,56.0547,1.0,1.0,1
80854,31.05.2024 05:11:44.870000,371.777,-3.95508,7.44895,8.271,7.314,85.7432,5.03975,4.84393,-4.30284,10.5088,618.27,620.31,3.09049,0.917686,1.27705,4.86474,7.46067,56.0619,56.0619,1.0,1.0,1
80855,31.05.2024 05:11:44.880000,371.777,-3.95508,7.44895,8.271,7.314,85.7432,5.03975,4.84393,-4.30284,10.5088,618.27,620.31,3.09049,0.917686,1.27705,4.86474,7.46067,56.0619,56.0619,1.0,1.0,1
80856,31.05.2024 05:11:44.890000,371.777,-0.906372,7.44895,8.271,7.284,85.7375,5.05056,4.80095,-5.31832,9.67688,618.2,620.225,3.00096,0.873132,1.39446,4.88467,7.46067,55.3096,55.3096,1.0,1.0,1
80857,31.05.2024 05:11:44.900000,370.459,-12.854,7.47514,8.182,7.285,85.6299,5.0987,4.75255,-8.56716,0.563725,618.005,619.99,3.20761,0.919179,1.47963,4.74598,7.46167,52.4306,52.4306,1.0,1.0,1
80858,31.05.2024 05:11:44.910000,370.459,-11.9476,7.5056,8.182,7.271,85.6536,5.17633,4.74286,-8.41792,1.37892,617.955,619.9,3.10686,0.748832,1.49286,4.75669,7.46167,52.4306,52.4306,1.0,1.0,1
80859,31.05.2024 05:11:44.920000,373.59,-31.723,7.48827,8.178,7.259,85.6536,5.26114,4.74218,-5.30329,13.7815,617.89,619.825,3.62336,0.93122,1.45514,4.73859,7.46206,52.4306,52.4306,1.0,1.0,1
80860,31.05.2024 05:11:44.930000,371.53,-31.723,7.48827,8.16,7.259,85.6865,5.26114,4.74218,-5.30329,13.7815,617.735,619.67,3.58995,0.977359,1.49393,4.74027,7.46206,52.4306,52.4306,1.0,1.0,1
80861,31.05.2024 05:11:44.940000,371.53,-74.4873,7.46966,8.16,7.275,85.6865,5.31076,4.74194,-6.32412,12.5933,617.67,619.575,3.4855,0.903619,1.39789,4.77723,7.46291,50.5136,50.5136,1.0,1.0,1
80862,31.05.2024 05:11:44.950000,372.107,-74.4873,7.4821,8.124,7.275,85.7109,5.31076,4.74194,-6.32412,12.5933,617.605,619.49,3.1346,0.964538,1.30213,4.70607,7.46305,48.9366,48.9366,1.0,1.0,1
80863,31.05.2024 05:11:44.960000,372.107,-80.5023,7.4821,8.124,7.309,85.7234,5.36177,4.74632,-8.03283,4.42892,617.52,619.41,2.88671,0.641891,1.33627,4.67863,7.46305,48.9366,48.9366,1.0,1.0,1
80864,31.05.2024 05:11:44.970000,365.185,-47.2137,7.48217,8.056,7.32,85.7234,5.40035,4.78853,-7.75051,8.17984,617.395,619.275,3.12752,0.619115,1.26688,4.61701,7.46373,48.9366,48.9366,1.0,1.0,1
80865,31.05.2024 05:11:44.980000,365.185,-47.2137,7.48217,8.056,7.32,85.7234,5.40035,4.78853,-7.75051,8.17984,617.395,619.275,3.12752,0.619115,1.26688,4.61701,7.46373,48.9366,48.9366,1.0,1.0,1
80866,31.05.2024 05:11:44.990000,370.788,-47.2137,7.48217,7.975,7.32,85.9538,5.42673,4.82397,-6.61894,16.6526,617.35,619.2,3.20404,0.953285,1.1827,4.53138,7.46354,47.4175,47.4175,1.0,1.0,1
80867,31.05.2024 05:11:45.000000,370.788,-47.2137,7.48217,7.975,7.32,85.9538,5.42673,4.82397,-6.61894,16.6526,617.35,619.2,3.20404,0.953285,1.1827,4.53138,7.46354,47.4175,47.4175,1.0,1.0,1
80868,31.05.2024 05:11:45.010000,366.504,-38.8916,7.52152,7.946,7.32,85.9711,5.4162,4.83348,-3.16345,15.9156,617.24,619.035,3.26727,1.47454,1.23825,4.49259,7.4641,46.0648,46.0648,1.0,1.0,1
80869,31.05.2024 05:11:45.020000,373.26,-36.5021,7.62358,7.906,7.351,85.9264,5.38239,4.82894,-4.39067,14.5911,617.05,618.78,3.84945,1.15458,1.18814,4.54914,7.46414,44.9942,44.9942,1.0,1.0,1
80870,31.05.2024 05:11:45.030000,363.785,-36.5021,7.4714,7.853,7.351,85.91,5.38239,4.82894,-4.39067,14.5911,616.98,618.695,4.39123,0.918803,1.14291,4.47035,7.46444,44.9942,44.9942,1.0,1.0,1
80871,31.05.2024 05:11:45.040000,363.785,-36.5021,7.4714,7.853,7.351,85.91,5.38239,4.82894,-4.39067,14.5911,616.98,618.695,4.39123,0.918803,1.14291,4.47035,7.46444,44.9942,44.9942,1.0,1.0,1
80872,31.05.2024 05:11:45.050000,363.785,-59.5733,7.4714,7.853,7.363,85.8761,5.33943,4.81723,-4.4304,14.3977,616.915,618.615,4.32123,0.661361,1.17325,4.47166,7.46444,42.8458,42.8458,1.0,1.0,1
80873,31.05.2024 05:11:45.060000,363.785,-59.5733,7.4714,7.853,7.363,85.8761,5.33943,4.81723,-4.4304,14.3977,616.915,618.615,4.32123,0.661361,1.17325,4.47166,7.46444,42.8458,42.8458,1.0,1.0,1
80874,31.05.2024 05:11:45.070000,352.908,-77.124,7.48954,7.776,7.366,85.8572,5.29565,4.8243,-4.31893,13.3598,616.715,618.39,3.72979,0.777559,1.20352,4.13172,7.46443,42.8458,42.8458,1.0,1.0,1
80875,31.05.2024 05:11:45.080000,343.432,-63.3636,7.5106,7.77,7.332,85.8575,5.19669,4.82331,-0.814285,15.8868,616.615,618.23,4.16826,1.01502,1.23227,4.28181,7.46504,41.4062,41.4062,1.0,1.0,1
80876,31.05.2024 05:11:45.090000,343.432,-63.3636,7.5106,7.684,7.332,85.8523,5.19669,4.82331,-0.814285,15.8868,616.475,618.065,4.00036,1.07631,1.29616,4.45316,7.46504,41.4062,41.4062,1.0,1.0,1
80877,31.05.2024 05:11:45.100000,343.432,-60.2325,7.50604,7.684,7.323,85.8523,5.12819,4.81102,-1.54719,13.7539,616.405,617.965,3.96641,1.15617,1.32485,4.58501,7.46503,40.1331,40.1331,1.0,1.0,1
80878,31.05.2024 05:11:45.110000,333.545,-60.2325,7.51907,7.715,7.323,85.8312,5.12819,4.81102,-1.54719,13.7539,616.335,617.87,3.99453,1.31402,1.22205,4.56443,7.46624,39.4242,39.4242,1.0,1.0,1
80879,31.05.2024 05:11:45.120000,333.545,-60.2325,7.51907,7.715,7.323,85.8312,5.12819,4.81102,-1.54719,13.7539,616.335,617.87,3.99453,1.31402,1.22205,4.56443,7.46624,39.4242,39.4242,1.0,1.0,1
80880,31.05.2024 05:11:45.130000,333.545,-93.1915,7.51907,7.715,7.343,85.8042,5.08442,4.79373,-4.05547,12.4686,616.255,617.76,3.84146,0.938407,1.27408,4.48578,7.46624,38.6285,38.6285,1.0,1.0,1
80881,31.05.2024 05:11:45.140000,333.545,-93.1915,7.51907,7.715,7.343,85.8042,5.08442,4.79373,-4.05547,12.4686,616.255,617.76,3.84146,0.938407,1.27408,4.48578,7.46624,38.6285,38.6285,1.0,1.0,1
80882,31.05.2024 05:11:45.150000,316.653,-106.046,7.52918,7.871,7.36,85.802,5.05545,4.7893,-3.71174,12.4907,616.05,617.53,3.71966,0.569867,1.21972,3.93772,7.46684,37.7604,37.7604,1.0,1.0,1
80883,31.05.2024 05:11:45.160000,316.653,-106.046,7.52918,7.871,7.36,85.802,5.05545,4.7893,-3.71174,12.4907,616.05,617.53,3.71966,0.569867,1.21972,3.93772,7.46684,37.7604,37.7604,1.0,1.0,1
80884,31.05.2024 05:11:45.170000,309.073,-220.084,7.52798,7.861,7.342,85.8305,5.05279,4.7468,-4.1447,15.0147,615.99,617.37,3.3363,0.802417,1.13156,3.71598,7.46696,37.7604,37.7604,1.0,1.0,1
80885,31.05.2024 05:11:45.180000,309.073,-220.084,7.52798,7.861,7.342,85.8305,5.05279,4.7468,-4.1447,15.0147,615.99,617.37,3.3363,0.802417,1.13156,3.71598,7.46696,37.7604,37.7604,1.0,1.0,1
80886,31.05.2024 05:11:45.190000,301.822,-207.147,7.5421,7.719,7.315,85.8391,5.06374,4.71012,-5.18712,13.3607,615.84,617.17,4.51729,1.06154,1.0932,4.21474,7.46748,36.8273,36.8273,1.0,1.0,1
80887,31.05.2024 05:11:45.200000,301.822,-207.147,7.5421,7.719,7.315,85.8391,5.06374,4.71012,-5.18712,13.3607,615.84,617.17,4.51729,1.06154,1.0932,4.21474,7.46748,36.8273,36.8273,1.0,1.0,1
80888,31.05.2024 05:11:45.210000,292.181,-176.578,7.56699,7.64,7.351,85.7875,5.08283,4.67957,-6.57413,13.1425,615.705,616.98,4.92945,1.64528,1.15022,4.09355,7.46765,36.7839,36.7839,1.0,1.0,1
80889,31.05.2024 05:11:45.220000,270.758,-175.507,7.52531,7.666,7.332,85.8042,5.10258,4.65089,-6.42115,12.8856,615.48,616.775,4.86729,1.70554,1.25045,3.98826,7.46858,34.7005,34.7005,1.0,1.0,1
80890,31.05.2024 05:11:45.230000,270.758,-205.252,7.52531,7.666,7.339,85.7528,5.11089,4.63306,-5.77737,13.4343,615.44,616.705,4.88351,1.85951,1.25752,4.20296,7.46858,34.7005,34.7005,1.0,1.0,1
80891,31.05.2024 05:11:45.240000,258.398,-222.555,7.52248,7.591,7.328,85.7528,5.11512,4.60735,-6.83535,14.2782,615.395,616.62,5.11552,2.71816,1.14844,4.03143,7.46906,33.3984,33.3984,1.0,1.0,1
80892,31.05.2024 05:11:45.250000,258.398,-222.555,7.52248,7.591,7.328,85.7528,5.11512,4.60735,-6.83535,14.2782,615.395,616.62,5.11552,2.71816,1.14844,4.03143,7.46906,33.3984,33.3984,1.0,1.0,1
80893,31.05.2024 05:11:45.260000,255.762,-222.555,7.52248,7.508,7.328,85.715,5.11512,4.60735,-6.83535,14.2782,615.285,616.485,5.18092,2.78492,1.18925,4.01368,7.46906,32.364,32.364,1.0,1.0,1
80894,31.05.2024 05:11:45.270000,255.762,-222.555,7.52248,7.508,7.328,85.715,5.11512,4.60735,-6.83535,14.2782,615.285,616.485,5.18092,2.78492,1.18925,4.01368,7.46906,32.364,32.364,1.0,1.0,1
80895,31.05.2024 05:11:45.280000,244.144,-210.608,7.52147,7.46,7.311,85.7865,5.10328,4.59597,-6.23803,13.8145,615.135,616.32,5.30203,3.54249,1.08611,3.98581,7.46983,32.2555,32.2555,1.0,1.0,1
80896,31.05.2024 05:11:45.290000,244.144,-210.608,7.52147,7.46,7.311,85.7865,5.10328,4.59597,-6.23803,13.8145,615.135,616.32,5.30203,3.54249,1.08611,3.98581,7.46983,32.2555,32.2555,1.0,1.0,1
80897,31.05.2024 05:11:45.300000,235.162,-214.151,7.51281,7.483,7.328,85.7065,5.05613,4.56765,-5.74367,13.2235,614.885,616.06,4.52471,3.25327,1.1307,3.89553,7.47022,30.7219,30.7219,1.0,1.0,1
80898,31.05.2024 05:11:45.310000,218.024,-246.286,7.54804,7.47,7.343,85.7229,5.00346,4.53877,-4.67633,12.5014,614.785,615.95,2.69656,2.67708,1.04414,2.78752,7.47109,30.7219,30.7219,1.0,1.0,1
80899,31.05.2024 05:11:45.320000,206.9,-261.117,7.50104,7.417,7.355,85.7229,4.94983,4.51845,-5.89813,10.473,614.775,615.92,2.99342,2.87398,1.01652,2.68323,7.47149,30.7219,30.7219,0.0,1.0,1
80900,31.05.2024 05:11:45.330000,186.218,-261.117,7.50104,7.38,7.355,85.7319,4.94983,4.51845,-5.89813,10.473,614.685,615.815,3.91273,3.10333,0.968292,2.77804,7.47149,30.7219,30.7219,0.0,1.0,1
80901,31.05.2024 05:11:45.340000,186.218,-260.129,7.51511,7.38,7.359,85.7319,4.89066,4.49933,-6.10938,12.0813,614.62,615.73,4.2783,3.147,0.934544,3.03437,7.47249,29.2101,29.2101,0.0,1.0,1
80902,31.05.2024 05:11:45.350000,174.93,-260.129,7.52526,7.392,7.359,85.7372,4.89066,4.49933,-6.10938,12.0813,614.565,615.655,4.60533,3.57479,0.989941,3.15569,7.47259,28.6675,28.6675,0.0,1.0,1
80903,31.05.2024 05:11:45.360000,174.93,-291.605,7.52526,7.392,7.373,85.8059,4.83441,4.47522,-6.06495,10.3648,614.49,615.605,5.031,3.48664,0.905233,2.99482,7.47259,28.6675,28.6675,0.0,1.0,1
80904,31.05.2024 05:11:45.370000,164.795,-311.71,7.47482,7.417,7.346,85.8059,4.78351,4.45055,-6.97181,10.15,614.355,615.54,4.95079,3.50161,0.928877,2.90304,7.47306,28.6675,28.6675,0.0,1.0,1
80905,31.05.2024 05:11:45.380000,155.566,-311.71,7.47482,7.36,7.346,85.9986,4.78351,4.45055,-6.97181,10.15,614.295,615.51,4.70098,3.84623,0.951569,2.91757,7.47325,27.7633,27.7633,0.0,1.0,1
80906,31.05.2024 05:11:45.390000,155.566,-314.593,7.49314,7.36,7.352,85.9637,4.74736,4.42031,-7.12799,8.8481,614.25,615.475,4.72348,4.35057,0.90303,2.91333,7.47325,27.7633,27.7633,0.0,1.0,1
80907,31.05.2024 05:11:45.400000,143.124,-314.923,7.50378,7.301,7.301,85.9637,4.72471,4.39193,-6.94152,9.25327,614.195,615.395,4.84895,5.36469,0.898788,2.91888,7.47295,26.3672,26.3672,0.0,1.0,1
80908,31.05.2024 05:11:45.410000,138.592,-314.923,7.50378,7.32,7.301,85.9527,4.72471,4.39193,-6.94152,9.25327,614.06,615.205,4.73172,5.31696,0.909081,2.99134,7.47295,26.3672,26.3672,0.0,1.0,1
80909,31.05.2024 05:11:45.420000,138.592,-317.889,7.4522,7.32,7.282,85.9527,4.71873,4.36031,-7.36489,10.6506,613.98,615.13,4.73801,4.88404,0.885508,3.00633,7.47375,26.3672,26.3672,0.0,1.0,1
80910,31.05.2024 05:11:45.430000,126.727,-317.889,7.44708,7.325,7.282,85.915,4.71873,4.36031,-7.36489,10.6506,613.92,615.06,4.40774,3.56143,0.895317,2.97919,7.47373,25.3328,25.3328,0.0,1.0,1
80911,31.05.2024 05:11:45.440000,126.727,-315.088,7.44708,7.325,7.29,85.8514,4.7194,4.33169,-7.12749,11.3834,613.85,615.04,4.12109,3.40857,0.972267,2.96594,7.47373,25.3328,25.3328,0.0,1.0,1
80912,31.05.2024 05:11:45.450000,113.461,-321.103,7.45176,7.279,7.317,85.8514,4.72176,4.30257,-6.41295,11.846,613.74,615.01,4.12498,3.47747,1.04791,2.9573,7.47491,24.6817,24.6817,0.0,1.0,1
80913,31.05.2024 05:11:45.460000,113.296,-321.103,7.45176,7.233,7.317,85.8064,4.72176,4.30257,-6.41295,11.846,613.68,614.99,4.1019,3.91952,1.0939,2.96915,7.4745,23.7413,23.7413,0.0,1.0,1
80914,31.05.2024 05:11:45.470000,113.296,-321.103,7.45176,7.233,7.317,85.8064,4.72176,4.30257,-6.41295,11.846,613.68,614.99,4.1019,3.91952,1.0939,2.96915,7.4745,23.7413,23.7413,0.0,1.0,1
80915,31.05.2024 05:11:45.480000,113.296,-315.747,7.49713,7.233,7.293,85.7089,4.71938,4.27024,-5.8817,13.013,613.625,614.96,4.281,4.61736,1.04063,2.89046,7.4745,23.7413,23.7413,0.0,1.0,1
80916,31.05.2024 05:11:45.490000,113.296,-315.747,7.49713,7.233,7.293,85.7089,4.71938,4.27024,-5.8817,13.013,613.625,614.96,4.281,4.61736,1.04063,2.89046,7.4745,23.7413,23.7413,0.0,1.0,1
80917,31.05.2024 05:11:45.500000,103.656,-321.02,7.47512,7.271,7.293,85.663,4.71797,4.24783,-5.71318,13.0184,613.465,614.81,4.17273,5.71592,1.14491,2.78793,7.47526,23.7413,23.7413,0.0,1.0,1
80918,31.05.2024 05:11:45.510000,103.656,-321.02,7.47512,7.271,7.293,85.663,4.71797,4.24783,-5.71318,13.0184,613.465,614.81,4.17273,5.71592,1.14491,2.78793,7.47526,23.7413,23.7413,0.0,1.0,1
80919,31.05.2024 05:11:45.520000,92.0379,-322.339,7.48847,7.231,7.283,85.6733,4.71761,4.22412,-4.54674,15.0742,613.375,614.71,5.21818,5.94635,1.06223,3.11728,7.47573,22.4031,22.4031,0.0,1.0,1
80920,31.05.2024 05:11:45.530000,67.8955,-324.399,7.48116,7.197,7.295,85.6618,4.70772,4.21492,-4.82022,14.2736,613.09,614.5,5.22008,5.96235,0.992933,3.04101,7.47543,21.7014,21.7014,0.0,1.0,1
80921,31.05.2024 05:11:45.540000,55.9479,-324.399,7.48116,7.22,7.295,85.7109,4.70772,4.21492,-4.82022,14.2736,613.02,614.47,4.96361,5.51522,0.967667,3.04094,7.47587,20.9491,20.9491,0.0,1.0,1
80922,31.05.2024 05:11:45.550000,55.9479,-324.316,7.4651,7.22,7.268,85.7895,4.69617,4.21026,-4.58997,14.5425,612.945,614.455,4.11796,4.95444,0.937231,3.02661,7.47587,20.9491,20.9491,0.0,1.0,1
80923,31.05.2024 05:11:45.560000,46.225,-313.11,7.5317,7.249,7.261,85.7895,4.68446,4.2053,-5.22554,14.6409,612.905,614.445,3.57321,5.10926,0.862696,2.89133,7.47603,20.1027,20.1027,0.0,1.0,1
80924,31.05.2024 05:11:45.570000,31.6406,-313.11,7.5317,7.249,7.261,85.7918,4.68446,4.2053,-5.22554,14.6409,612.835,614.42,3.54779,5.41617,0.854782,2.91973,7.47603,20.1027,20.1027,0.0,1.0,1
80925,31.05.2024 05:11:45.580000,31.6406,-313.934,7.52058,7.249,7.27,85.7918,4.6717,4.20473,-4.32724,14.8562,612.8,614.39,4.11754,5.7797,0.847113,2.93699,7.47644,19.7266,19.7266,0.0,1.0,1
80926,31.05.2024 05:11:45.590000,31.6406,-313.934,7.52058,7.249,7.27,85.7918,4.6717,4.20473,-4.32724,14.8562,612.8,614.39,4.11754,5.7797,0.847113,2.93699,7.47644,19.7266,19.7266,0.0,1.0,1
80927,31.05.2024 05:11:45.600000,0.0,-313.934,7.50552,7.197,7.27,85.8013,4.65952,4.19884,-4.51826,14.8994,612.755,614.35,4.86968,6.57627,0.828007,3.02584,7.47634,19.7193,19.7193,0.0,1.0,1
80928,31.05.2024 05:11:45.610000,0.0,-313.934,7.50552,7.197,7.27,85.8013,4.65952,4.19884,-4.51826,14.8994,612.755,614.35,4.86968,6.57627,0.828007,3.02584,7.47634,19.7193,19.7193,0.0,1.0,1
80929,31.05.2024 05:11:45.620000,-9.7229,-323.657,7.51173,7.205,7.272,85.6998,4.63918,4.19488,-4.3105,13.9136,612.565,614.2,5.40915,6.41371,1.05824,2.96605,7.47648,19.1551,19.1551,0.0,1.0,1
80930,31.05.2024 05:11:45.630000,-28.2623,-321.35,7.57022,7.238,7.283,85.7533,4.62239,4.18764,-4.85357,13.599,612.43,614.14,5.86262,6.13678,1.01043,3.16134,7.47707,18.8151,18.8151,0.0,1.0,1
80931,31.05.2024 05:11:45.640000,-56.4422,-313.11,7.58222,7.231,7.333,85.7533,4.60078,4.18068,-4.29482,14.3786,612.34,614.075,5.71953,5.99555,1.03505,3.15096,7.47787,18.8151,18.8151,0.0,1.0,1
80932,31.05.2024 05:11:45.650000,-56.4422,-313.11,7.58222,7.231,7.333,85.7533,4.60078,4.18068,-4.29482,14.3786,612.34,614.075,5.71953,5.99555,1.03505,3.15096,7.47787,18.8151,18.8151,0.0,1.0,1
80933,31.05.2024 05:11:45.660000,-89.3188,-313.11,7.58222,7.188,7.333,85.7776,4.60078,4.18068,-4.29482,14.3786,612.215,613.99,5.36653,5.68819,1.03597,3.17805,7.47787,17.8892,17.8892,0.0,1.0,1
80934,31.05.2024 05:11:45.670000,-106.705,-315.417,7.53367,7.177,7.328,85.7525,4.58247,4.16871,-4.85422,13.9351,612.09,613.905,4.98288,4.43964,0.969618,3.09202,7.47845,16.522,16.522,0.0,1.0,1
80935,31.05.2024 05:11:45.680000,-106.705,-315.417,7.53367,7.177,7.328,85.7525,4.58247,4.16871,-4.85422,13.9351,612.09,613.905,4.98288,4.43964,0.969618,3.09202,7.47845,16.522,16.522,0.0,1.0,1
80936,31.05.2024 05:11:45.690000,-106.705,-320.361,7.53367,7.177,7.369,85.6781,4.56961,4.15411,-4.85422,13.9351,612.02,613.865,4.81784,4.31183,0.937784,3.11909,7.47845,16.5148,16.5148,0.0,1.0,1
80937,31.05.2024 05:11:45.700000,-110.989,-319.949,7.55323,7.171,7.413,85.774,4.55895,4.139,-5.43112,13.9058,611.865,613.855,4.18358,4.21241,0.990223,2.98346,7.47896,16.5148,16.5148,0.0,1.0,1
80938,31.05.2024 05:11:45.710000,-110.989,-319.949,7.55323,7.171,7.413,85.774,4.55895,4.139,-5.43112,13.9058,611.865,613.855,4.18358,4.21241,0.990223,2.98346,7.47896,16.5148,16.5148,0.0,1.0,1
80939,31.05.2024 05:11:45.720000,-110.989,-317.56,7.58806,7.171,7.39,85.7729,4.55568,4.11602,-4.45549,13.822,611.805,613.85,4.50835,4.66531,1.08063,2.82177,7.47896,15.8058,15.8058,0.0,1.0,1
80940,31.05.2024 05:11:45.730000,-113.873,-313.769,7.54881,7.11,7.397,85.7616,4.54545,4.0988,-4.66803,14.1492,611.7,613.725,4.52796,6.24077,1.6924,3.22622,7.47912,15.8058,15.8058,0.0,1.0,1
80941,31.05.2024 05:11:45.740000,-113.873,-313.852,7.53742,7.11,7.388,85.7616,4.53721,4.06783,-5.63323,14.0024,611.645,613.62,4.90747,6.88319,1.74399,3.48665,7.47928,15.5093,15.5093,0.0,1.0,1
80942,31.05.2024 05:11:45.750000,-118.158,-313.852,7.57852,7.158,7.388,85.8556,4.53721,4.06783,-5.63323,14.0024,611.535,613.535,5.48273,5.68163,1.88427,3.84749,7.47947,15.5093,15.5093,0.0,1.0,1
80943,31.05.2024 05:11:45.760000,-118.158,-318.796,7.57852,7.158,7.344,85.8844,4.52211,4.05278,-5.27217,13.7041,611.47,613.475,5.38526,4.66118,1.93612,3.74473,7.47947,15.5093,15.5093,0.0,1.0,1
80944,31.05.2024 05:11:45.770000,-116.016,-314.676,7.55615,7.156,7.374,85.8844,4.51404,4.02923,-5.33841,14.3004,611.33,613.445,5.24082,4.38374,2.01821,3.67937,7.47985,14.7497,14.7497,0.0,1.0,1
80945,31.05.2024 05:11:45.780000,-132.825,-314.676,7.55615,7.12,7.374,85.7963,4.51404,4.02923,-5.33841,14.3004,611.255,613.45,4.91134,4.13764,1.92344,3.49784,7.47952,14.7497,14.7497,0.0,1.0,1
80946,31.05.2024 05:11:45.790000,-132.825,-317.313,7.52611,7.12,7.376,85.9135,4.50106,4.01655,-5.01233,13.7642,611.2,613.44,4.60019,4.24243,1.73094,3.36991,7.47952,14.7497,14.7497,0.0,1.0,1
80947,31.05.2024 05:11:45.800000,-139.664,-317.642,7.56241,7.097,7.35,85.9135,4.49245,4.00171,-4.48101,14.6647,611.135,613.445,4.40056,5.04866,1.43562,3.40679,7.48022,14.7497,14.7497,0.0,1.0,1
80948,31.05.2024 05:11:45.810000,-147.162,-317.642,7.56241,7.121,7.35,85.8711,4.49245,4.00171,-4.48101,14.6647,611.055,613.34,4.17478,6.00979,1.42787,3.45112,7.48022,14.7497,14.7497,0.0,1.0,1
80949,31.05.2024 05:11:45.820000,-147.162,-321.02,7.55824,7.121,7.365,85.8711,4.48728,3.9892,-4.63619,14.9201,611.02,613.24,4.51619,6.33597,1.35836,3.78698,7.48057,14.5906,14.5906,0.0,1.0,1
80950,31.05.2024 05:11:45.830000,-156.143,-321.02,7.51101,7.134,7.365,85.8709,4.48728,3.9892,-4.63619,14.9201,610.975,613.17,5.26016,5.1578,1.34551,4.20136,7.48081,13.6574,13.6574,0.0,1.0,1
80951,31.05.2024 05:11:45.840000,-156.143,-321.02,7.51101,7.134,7.365,85.8709,4.48728,3.9892,-4.63619,14.9201,610.975,613.17,5.26016,5.1578,1.34551,4.20136,7.48081,13.6574,13.6574,0.0,1.0,1
80952,31.05.2024 05:11:45.850000,-156.143,-317.725,7.51101,7.134,7.329,85.8844,4.48183,3.98294,-5.2485,14.3426,610.92,613.12,5.64849,4.58072,1.33912,4.26777,7.48081,13.397,13.397,0.0,1.0,1
80953,31.05.2024 05:11:45.860000,-172.87,-311.545,7.53276,7.077,7.331,85.8803,4.482,3.97711,-4.26963,15.5139,610.68,613.07,5.75044,4.24577,1.30866,4.3664,7.48188,13.4259,13.4259,0.0,1.0,1
80954,31.05.2024 05:11:45.870000,-172.87,-311.545,7.53276,7.077,7.331,85.8803,4.482,3.97711,-4.26963,15.5139,610.68,613.07,5.75044,4.24577,1.30866,4.3664,7.48188,13.4259,13.4259,0.0,1.0,1
80955,31.05.2024 05:11:45.880000,-172.87,-320.196,7.51227,7.077,7.327,85.8333,4.48024,3.9746,-5.15954,15.7872,610.61,613.04,5.56493,4.42938,1.39193,4.43702,7.48188,12.9051,12.9051,0.0,1.0,1
80956,31.05.2024 05:11:45.890000,-187.866,-316.736,7.50936,7.138,7.329,85.774,4.48073,3.97183,-4.57541,14.7363,610.54,613.0,5.21078,5.07781,1.32039,4.47877,7.48291,12.9051,12.9051,0.0,1.0,1
80957,31.05.2024 05:11:45.900000,-187.866,-316.736,7.50936,7.138,7.329,85.774,4.48073,3.97183,-4.57541,14.7363,610.54,613.0,5.21078,5.07781,1.32039,4.47877,7.48291,12.9051,12.9051,0.0,1.0,1
80958,31.05.2024 05:11:45.910000,-187.866,-314.181,7.49261,7.138,7.328,85.774,4.48041,3.97125,-3.96763,15.2824,610.535,612.995,5.54305,5.25143,1.3688,4.54572,7.48326,12.9051,12.9051,0.0,1.0,1
80959,31.05.2024 05:11:45.920000,-198.248,-317.807,7.51396,7.132,7.307,85.7468,4.48003,3.97119,-3.83015,16.4463,610.46,612.94,7.83223,6.72811,1.50907,5.22923,7.48402,12.4494,12.4494,0.0,1.0,1
80960,31.05.2024 05:11:45.930000,-199.072,-317.725,7.4975,7.096,7.246,85.7468,4.47739,3.97074,-3.14321,16.5475,610.32,612.83,7.88266,6.68971,1.69464,5.3398,7.48424,11.9864,11.9864,0.0,1.0,1
80961,31.05.2024 05:11:45.940000,-202.203,-317.725,7.4975,7.138,7.246,85.7495,4.47739,3.97074,-3.14321,16.5475,610.23,612.77,8.2617,6.67599,1.73535,5.37875,7.48483,11.9864,11.9864,0.0,1.0,1
80962,31.05.2024 05:11:45.950000,-202.203,-317.725,7.4975,7.138,7.246,85.7495,4.47739,3.97074,-3.14321,16.5475,610.23,612.77,8.2617,6.67599,1.73535,5.37875,7.48483,11.9864,11.9864,0.0,1.0,1
80963,31.05.2024 05:11:45.960000,-202.203,-322.833,7.47617,7.138,7.263,85.7605,4.47619,3.97114,-3.83765,15.9335,610.16,612.735,8.38668,6.57073,1.69045,5.31061,7.48483,11.3788,11.3788,0.0,1.0,1
80964,31.05.2024 05:11:45.970000,-202.203,-322.833,7.47617,7.138,7.263,85.7605,4.47619,3.97114,-3.83765,15.9335,610.16,612.735,8.38668,6.57073,1.69045,5.31061,7.48483,11.3788,11.3788,0.0,1.0,1
80965,31.05.2024 05:11:45.980000,-219.095,-315.005,7.50675,7.18,7.274,85.7959,4.47629,3.96981,-3.52108,16.4693,610.075,612.69,7.38569,5.56388,1.93506,5.6452,7.48536,11.3788,11.3788,0.0,1.0,1
80966,31.05.2024 05:11:45.990000,-225.522,-314.841,7.49934,7.168,7.278,85.7576,4.47109,3.96961,-4.31898,15.5467,610.015,612.63,8.18521,6.29226,2.24105,6.47074,7.48637,11.169,11.169,0.0,1.0,1
80967,31.05.2024 05:11:46.000000,-225.522,-314.841,7.49934,7.168,7.278,85.7576,4.47109,3.96961,-4.31898,15.5467,610.015,612.63,8.18521,6.29226,2.24105,6.47074,7.48637,11.169,11.169,0.0,1.0,1
80968,31.05.2024 05:11:46.010000,-225.522,-316.077,7.49934,7.168,7.285,85.7826,4.47476,3.97041,-4.31898,15.5467,609.975,612.595,8.01552,5.736,2.28794,6.85159,7.48637,10.8145,10.8145,0.0,1.0,1
80969,31.05.2024 05:11:46.020000,-225.522,-316.077,7.49934,7.168,7.285,85.7826,4.47476,3.97041,-4.31898,15.5467,609.975,612.595,8.01552,5.736,2.28794,6.85159,7.48637,10.8145,10.8145,0.0,1.0,1
80970,31.05.2024 05:11:46.030000,-262.353,-321.844,7.48937,7.211,7.291,85.8025,4.47163,3.9693,-3.95023,15.5195,609.84,612.535,7.75824,5.49446,2.41805,6.97512,7.48678,10.1635,10.1635,0.0,1.0,1
80971,31.05.2024 05:11:46.040000,-275.537,-317.065,7.48631,7.195,7.353,85.7759,4.46832,3.96683,-4.95415,15.1199,609.8,612.52,8.09563,6.111,2.56247,7.43911,7.48633,10.1635,10.1635,0.0,1.0,1
80972,31.05.2024 05:11:46.050000,-278.421,-317.065,7.48631,7.15,7.353,85.7469,4.46832,3.96683,-4.95415,15.1199,609.745,612.51,8.37928,6.31273,2.59239,7.53874,7.48633,10.1635,10.1635,0.0,1.0,1
80973,31.05.2024 05:11:46.060000,-278.421,-319.043,7.48291,7.15,7.322,85.7469,4.46171,3.96497,-5.24324,14.8638,609.71,612.485,8.49159,6.80226,2.6281,7.51219,7.48624,9.56307,9.56307,0.0,1.0,1
80974,31.05.2024 05:11:46.070000,-281.882,-319.043,7.48268,7.167,7.322,85.7782,4.46171,3.96497,-5.24324,14.8638,609.67,612.435,8.40221,7.05502,2.64784,8.07209,7.48656,9.56307,9.56307,0.0,1.0,1
80975,31.05.2024 05:11:46.080000,-281.882,-318.137,7.48268,7.167,7.315,85.7738,4.45214,3.96271,-4.11231,15.3964,609.61,612.395,8.43355,7.00021,2.6366,8.47016,7.48656,9.56307,9.56307,0.0,1.0,1
80976,31.05.2024 05:11:46.090000,-288.309,-317.313,7.48485,7.208,7.304,85.7738,4.44129,3.96185,-5.67161,15.0305,609.54,612.33,8.09836,6.59533,2.65305,8.80644,7.48661,9.56307,9.56307,0.0,1.0,1
80977,31.05.2024 05:11:46.100000,-299.432,-317.313,7.48485,7.206,7.304,85.7749,4.44129,3.96185,-5.67161,15.0305,609.55,612.315,8.10779,6.38457,2.70384,8.84174,7.48705,9.56307,9.56307,0.0,1.0,1
80978,31.05.2024 05:11:46.110000,-299.432,-314.841,7.52437,7.206,7.304,85.7401,4.43441,3.96034,-4.94652,15.0097,609.54,612.315,8.19851,5.95403,2.76131,8.67815,7.48705,9.56307,9.56307,0.0,1.0,1
80979,31.05.2024 05:11:46.120000,-299.432,-315.582,7.46969,7.184,7.294,85.7401,4.42436,3.95723,-3.99226,14.9439,609.515,612.32,8.83109,6.54369,3.12071,8.35955,7.4867,9.45457,9.45457,0.0,1.0,1
80980,31.05.2024 05:11:46.130000,-303.552,-315.582,7.46969,7.195,7.294,85.644,4.42436,3.95723,-3.99226,14.9439,609.435,612.315,9.07983,6.71011,3.45913,8.46216,7.4867,9.45457,9.45457,0.0,1.0,1
80981,31.05.2024 05:11:46.140000,-303.552,-320.608,7.4971,7.195,7.288,85.644,4.421,3.954,-4.85325,15.1754,609.395,612.31,9.56442,7.15851,3.64339,8.50428,7.48749,9.50521,9.50521,0.0,1.0,1
80982,31.05.2024 05:11:46.150000,-318.219,-320.608,7.53018,7.223,7.288,85.6715,4.421,3.954,-4.85325,15.1754,609.37,612.3,9.33079,7.83708,3.75894,8.38302,7.48733,9.46181,9.46181,0.0,1.0,1
80983,31.05.2024 05:11:46.160000,-318.219,-320.608,7.53018,7.223,7.288,85.6715,4.421,3.954,-4.85325,15.1754,609.37,612.3,9.33079,7.83708,3.75894,8.38302,7.48733,9.46181,9.46181,0.0,1.0,1
80984,31.05.2024 05:11:46.170000,-318.219,-317.148,7.53018,7.223,7.309,85.7041,4.41893,3.95353,-4.17125,15.0752,609.35,612.275,9.06926,7.99824,3.85579,8.25757,7.48733,9.20139,9.20139,0.0,1.0,1
80985,31.05.2024 05:11:46.180000,-338.159,-313.11,7.5318,7.21,7.307,85.6462,4.42245,3.94959,-4.78743,15.3324,609.25,612.23,9.53681,8.3144,3.9788,8.35489,7.48783,9.18692,9.18692,0.0,1.0,1
80986,31.05.2024 05:11:46.190000,-338.159,-317.642,7.50984,7.21,7.301,85.6677,4.42667,3.94732,-5.10176,15.4211,609.22,612.19,9.49493,8.37673,4.21053,8.34906,7.48783,9.18692,9.18692,0.0,1.0,1
80987,31.05.2024 05:11:46.200000,-330.991,-314.429,7.53431,7.212,7.327,85.6677,4.43379,3.94699,-4.69182,14.3567,609.185,612.165,9.56341,7.90958,4.4703,8.40586,7.48816,9.25926,9.25926,0.0,1.0,1
80988,31.05.2024 05:11:46.210000,-331.485,-314.429,7.53431,7.233,7.327,85.6906,4.43379,3.94699,-4.69182,14.3567,609.175,612.175,9.40096,7.66979,4.50264,8.32573,7.48816,9.25926,9.25926,0.0,1.0,1
80989,31.05.2024 05:11:46.220000,-331.485,-317.56,7.51998,7.233,7.3,85.6906,4.43805,3.94611,-4.50035,14.9207,609.155,612.17,9.662,7.64789,4.58913,8.23936,7.4886,9.25926,9.25926,0.0,1.0,1
80990,31.05.2024 05:11:46.230000,-334.863,-317.56,7.49211,7.242,7.3,85.7158,4.43805,3.94611,-4.50035,14.9207,609.13,612.175,10.255,8.56388,4.87395,8.18742,7.48905,8.94821,8.94821,0.0,1.0,1
80991,31.05.2024 05:11:46.240000,-334.863,-316.571,7.49211,7.242,7.318,85.6826,4.44354,3.94687,-4.90669,15.0427,609.08,612.165,10.2592,8.61941,4.94759,8.24709,7.48905,8.94821,8.94821,0.0,1.0,1
80992,31.05.2024 05:11:46.250000,-328.354,-315.17,7.51349,7.229,7.318,85.6826,4.44791,3.94695,-4.36956,15.1,609.0,612.155,10.2947,8.927,4.94092,8.27153,7.48948,9.10012,9.10012,0.0,1.0,1
80993,31.05.2024 05:11:46.260000,-331.073,-315.17,7.51349,7.237,7.318,85.6291,4.44791,3.94695,-4.36956,15.1,608.99,612.165,9.95283,9.15847,4.90105,8.25178,7.48963,9.10012,9.10012,0.0,1.0,1
80994,31.05.2024 05:11:46.270000,-331.073,-321.02,7.55687,7.237,7.29,85.6915,4.4504,3.94649,-5.0577,14.7191,608.995,612.155,9.51553,9.32057,4.97612,8.23563,7.48963,9.10012,9.10012,0.0,1.0,1
80995,31.05.2024 05:11:46.280000,-331.073,-321.02,7.55687,7.237,7.29,85.6915,4.4504,3.94649,-5.0577,14.7191,608.995,612.155,9.51553,9.32057,4.97612,8.23563,7.48963,9.10012,9.10012,0.0,1.0,1
80996,31.05.2024 05:11:46.290000,-330.331,-314.099,7.54957,7.262,7.297,85.6915,4.45548,3.94683,-4.49427,15.3306,608.945,612.16,10.02,9.74395,5.26203,8.42962,7.49042,8.70226,8.70226,0.0,1.0,1
80997,31.05.2024 05:11:46.300000,-331.238,-317.56,7.54266,7.279,7.287,85.771,4.45639,3.94712,-3.56525,15.497,608.86,612.11,9.72175,9.87654,5.77124,8.60984,7.49077,8.93374,8.93374,0.0,1.0,1
80998,31.05.2024 05:11:46.310000,-333.462,-317.56,7.50634,7.279,7.287,85.7844,4.45639,3.94712,-3.56525,15.497,608.86,612.08,9.45098,9.64718,6.20591,8.91682,7.49103,9.20139,9.20139,0.0,1.0,1
80999,31.05.2024 05:11:46.320000,-333.462,-315.829,7.50634,7.279,7.303,85.7451,4.45727,3.94697,-4.36737,15.2362,608.825,612.03,9.24806,8.91176,6.34559,9.51066,7.49103,9.20139,9.20139,0.0,1.0,1
