,time,Pinceur Inf Mesure de courant,Pinceur Sup Mesure de courant,Mandrin - Vitesse Actuelle,Pinceur Sup Mesure vitesse lineaire,Pinceur Inf Mesure vitesse lineaire,Mandrin - Mesure Expansion,Pinceur Nord Position entrefer estimee,Pinceur Sud Position entrefer estimee,Pinceur Nord Force entrefer calibree,Pinceur Sud Force entrefer calibree,Guides Nord Entree Position mesuree,Guides Nord Sortie Position mesuree,Guides Nord Entree Force pour regulateur PI,Guides Nord Sortie Force pour regulateur PI,Guides Sud Entree Force pour regulateur PI,Guides Sud Sortie Force pour regulateur PI,Mandrin - Vitesse Actuelle F10,_Excentrage largeur bande jauge bob,_Excentrage largeur bande jauge bob.1,TDB pinceur,Fenetre,Declancheur
102600,31.05.2024 11:41:53.230000,82.3974,68.5547,11.0639,12.266,12.219,31.2042,2.72311,2.38028,27.6359,13.6266,618.02,618.745,5.49582,7.86363,-0.252715,-0.309118,10.4377,100.275,100.275,1.0,1.0,1
102601,31.05.2024 11:41:53.240000,82.3974,68.5547,11.0639,12.266,12.219,31.2042,2.72311,2.38028,27.6359,13.6266,618.02,618.745,5.49582,7.86363,-0.252715,-0.309118,10.4377,100.275,100.275,1.0,1.0,1
102602,31.05.2024 11:41:53.250000,92.7795,65.5884,11.0629,12.246,12.145,31.2872,2.5305,2.50399,32.4034,18.4727,616.28,617.035,6.06342,7.84817,-0.126482,-0.358848,10.439,100.224,100.224,1.0,1.0,1
102603,31.05.2024 11:41:53.260000,92.7795,65.5884,11.0629,12.246,12.145,31.2872,2.5305,2.50399,32.4034,18.4727,616.28,617.035,6.06342,7.84817,-0.126482,-0.358848,10.439,100.224,100.224,1.0,1.0,1
102604,31.05.2024 11:41:53.270000,100.854,71.8506,11.0597,12.222,12.059,31.2045,2.33191,2.51726,20.2611,35.9158,612.805,613.535,5.81957,7.16105,-0.170699,-0.374698,10.4395,99.0234,99.0234,1.0,1.0,1
102605,31.05.2024 11:41:53.280000,116.345,93.4387,11.0627,12.118,11.99,31.2198,2.18675,2.49723,13.1485,28.8552,611.365,611.92,5.07024,6.04638,-0.177931,-0.351657,10.442,95.8695,95.8695,1.0,1.0,1
102606,31.05.2024 11:41:53.290000,116.345,93.4387,11.0627,12.118,11.99,31.2198,2.18675,2.49723,13.1485,28.8552,611.365,611.92,5.07024,6.04638,-0.177931,-0.351657,10.442,95.8695,95.8695,1.0,1.0,1
102607,31.05.2024 11:41:53.300000,126.068,93.4387,11.0627,12.118,11.965,31.2402,2.18687,2.45449,11.5715,26.5354,609.88,610.44,5.39033,5.47284,-0.24433,-0.34386,10.442,90.1765,90.1765,1.0,1.0,1
102608,31.05.2024 11:41:53.310000,126.068,93.4387,11.0627,12.118,11.965,31.2402,2.18687,2.45449,11.5715,26.5354,609.88,610.44,5.39033,5.47284,-0.24433,-0.34386,10.442,90.1765,90.1765,1.0,1.0,1
102609,31.05.2024 11:41:53.320000,184.982,101.761,11.0652,12.017,11.867,31.2141,2.31414,2.40273,14.5174,26.3042,608.47,608.975,5.70466,5.46669,-0.306441,-0.386726,10.4449,90.1548,90.1548,1.0,1.0,1
102610,31.05.2024 11:41:53.330000,184.982,101.761,11.0652,12.017,11.867,31.2141,2.31414,2.40273,14.5174,26.3042,608.47,608.975,5.70466,5.46669,-0.306441,-0.386726,10.4449,90.1548,90.1548,1.0,1.0,1
102611,31.05.2024 11:41:53.340000,290.121,158.203,11.0721,11.925,11.653,31.2182,2.57009,2.2996,24.4144,22.7249,606.995,607.5,6.70301,5.7749,-0.375762,-0.388141,10.4464,85.706,85.706,1.0,1.0,1
102612,31.05.2024 11:41:53.350000,352.661,248.428,11.0676,11.753,11.553,31.2042,2.61005,2.2978,30.2639,14.4041,605.355,605.98,7.26844,6.6949,-0.368697,-0.334816,10.448,85.706,85.706,1.0,1.0,1
102613,31.05.2024 11:41:53.360000,352.661,344.009,11.0641,11.646,11.553,31.1853,2.50371,2.31276,30.8372,15.5514,603.755,604.33,6.99298,7.30218,-0.352046,-0.306516,10.4495,83.1091,83.1091,1.0,1.0,1
102614,31.05.2024 11:41:53.370000,433.163,344.009,11.0641,11.646,11.446,31.1977,2.41403,2.33889,24.8363,17.9378,602.21,602.72,6.76778,7.59087,-0.423457,-0.434307,10.4495,83.1091,83.1091,1.0,1.0,1
102615,31.05.2024 11:41:53.380000,433.163,344.009,11.0641,11.646,11.446,31.1977,2.41403,2.33889,24.8363,17.9378,602.21,602.72,6.76778,7.59087,-0.423457,-0.434307,10.4495,83.1091,83.1091,1.0,1.0,1
102616,31.05.2024 11:41:53.390000,483.92,411.163,11.0691,11.595,11.434,31.1977,2.32753,2.36503,19.2473,22.6585,600.515,601.065,6.58347,7.67436,-0.432627,-0.437835,10.4509,74.537,74.537,1.0,1.0,1
102617,31.05.2024 11:41:53.400000,530.887,513.089,11.0728,11.517,11.35,31.209,2.16664,2.40582,19.2473,22.6585,600.515,601.065,6.58347,7.67436,-0.432627,-0.437835,10.4509,74.537,74.537,1.0,1.0,1
102618,31.05.2024 11:41:53.410000,530.887,513.089,11.0728,11.517,11.35,31.209,2.16664,2.40582,19.2473,22.6585,600.515,601.065,6.58347,7.67436,-0.432627,-0.437835,10.4509,74.537,74.537,1.0,1.0,1
102619,31.05.2024 11:41:53.420000,549.179,559.643,11.076,11.438,11.342,31.1918,2.17198,2.41623,13.6328,22.9819,598.86,599.43,5.94091,7.64399,-0.484847,-0.470068,10.4527,69.9436,69.9436,1.0,1.0,1
102620,31.05.2024 11:41:53.430000,549.179,559.643,11.076,11.438,11.342,31.1918,2.17198,2.41623,13.6328,22.9819,598.86,599.43,5.94091,7.64399,-0.484847,-0.470068,10.4527,69.9436,69.9436,1.0,1.0,1
102621,31.05.2024 11:41:53.440000,545.553,566.07,11.0685,11.381,11.291,31.2315,2.25717,2.42102,10.9427,23.8663,597.3,597.84,5.24016,7.32393,-0.411185,-0.301359,10.4544,64.9957,64.9957,1.0,1.0,1
102622,31.05.2024 11:41:53.450000,545.553,566.07,11.0685,11.381,11.291,31.2315,2.25717,2.42102,10.9427,23.8663,597.3,597.84,5.24016,7.32393,-0.411185,-0.301359,10.4544,64.9957,64.9957,1.0,1.0,1
102623,31.05.2024 11:41:53.460000,539.456,570.685,11.0621,11.351,11.198,31.1665,2.44306,2.36991,22.2453,24.0055,594.12,594.65,6.30604,8.2693,-0.328681,-0.412218,10.4554,61.603,61.603,1.0,1.0,1
102624,31.05.2024 11:41:53.470000,536.737,578.76,11.0675,11.298,11.142,31.1084,2.46288,2.35735,26.6309,18.2268,592.385,593.055,6.40515,8.67627,-0.349143,-0.451812,10.4561,57.8197,57.8197,1.0,1.0,1
102625,31.05.2024 11:41:53.480000,531.299,577.771,11.0675,11.236,11.102,31.1084,2.3894,2.3435,26.6309,18.2268,592.385,593.055,6.40515,8.67627,-0.349143,-0.451812,10.4561,57.8197,57.8197,1.0,1.0,1
102626,31.05.2024 11:41:53.490000,531.299,577.771,11.0675,11.236,11.102,31.1084,2.3894,2.3435,26.6309,18.2268,592.385,593.055,6.40515,8.67627,-0.349143,-0.451812,10.4561,57.8197,57.8197,1.0,1.0,1
102627,31.05.2024 11:41:53.500000,536.902,577.524,11.081,11.221,11.115,31.1145,2.32974,2.34627,22.1709,19.6358,590.775,591.37,6.15049,9.08426,-0.316287,-0.448656,10.4567,57.8197,57.8197,1.0,1.0,1
102628,31.05.2024 11:41:53.510000,536.902,577.524,11.081,11.221,11.115,31.1145,2.32974,2.34627,22.1709,19.6358,590.775,591.37,6.15049,9.08426,-0.316287,-0.448656,10.4567,57.8197,57.8197,1.0,1.0,1
102629,31.05.2024 11:41:53.520000,532.04,579.748,11.0764,11.23,11.113,31.0659,2.22834,2.35057,19.4895,19.7914,589.205,589.73,6.36238,9.34828,-0.275851,-0.426668,10.4576,58.4057,58.4057,1.0,1.0,1
102630,31.05.2024 11:41:53.530000,533.853,567.966,11.0643,11.182,11.079,31.1417,2.20227,2.35549,14.8505,21.684,585.795,586.54,6.90715,9.28227,-0.183489,-0.383377,10.4587,56.5538,56.5538,1.0,1.0,1
102631,31.05.2024 11:41:53.540000,538.714,571.673,11.0704,11.132,11.046,31.1417,2.22646,2.35202,14.8505,21.684,585.795,586.54,6.90715,9.28227,-0.183489,-0.383377,10.4599,56.5177,56.5177,1.0,1.0,1
102632,31.05.2024 11:41:53.550000,538.714,571.673,11.0805,11.132,11.046,31.1809,2.25779,2.3449,15.3326,21.4899,584.19,585.045,6.66934,10.126,-0.26649,-0.384048,10.461,54.485,54.485,1.0,1.0,1
102633,31.05.2024 11:41:53.560000,528.415,567.883,11.0805,11.071,10.975,31.1809,2.31495,2.3257,15.3326,21.4899,584.19,585.045,6.66934,10.126,-0.26649,-0.384048,10.461,54.485,54.485,1.0,1.0,1
102634,31.05.2024 11:41:53.570000,534.512,574.063,11.085,11.014,10.926,31.1085,2.33579,2.32,19.1193,19.7914,582.54,583.37,7.04715,11.5915,-0.335017,-0.379722,10.4619,52.7489,52.7489,1.0,1.0,1
102635,31.05.2024 11:41:53.580000,534.512,574.063,11.085,11.014,10.926,31.1085,2.33579,2.32,19.1193,19.7914,582.54,583.37,7.04715,11.5915,-0.335017,-0.379722,10.4619,52.7489,52.7489,1.0,1.0,1
102636,31.05.2024 11:41:53.590000,534.512,574.063,11.0963,11.014,10.926,31.177,2.34314,2.31369,22.1542,19.3395,580.83,581.695,7.20119,12.2848,-0.278006,-0.329221,10.4619,50.4196,50.4196,1.0,1.0,1
102637,31.05.2024 11:41:53.600000,513.83,557.831,11.094,10.971,10.958,31.1901,2.30827,2.31642,21.7516,18.3627,579.085,580.005,7.27288,12.4725,-0.275954,-0.33937,10.4634,46.535,46.535,1.0,1.0,1
102638,31.05.2024 11:41:53.610000,491.501,557.831,11.094,10.971,10.896,31.1891,2.28852,2.31858,20.1833,18.8853,577.34,578.335,6.82182,12.5509,-0.245467,-0.305639,10.4634,46.535,46.535,1.0,1.0,1
102639,31.05.2024 11:41:53.620000,474.362,535.831,11.1124,10.995,10.897,31.1891,2.26284,2.31904,20.1833,18.8853,577.34,578.335,6.82182,12.5509,-0.245467,-0.305639,10.4635,41.3194,41.3194,1.0,1.0,1
102640,31.05.2024 11:41:53.630000,474.362,535.831,11.1224,10.995,10.897,31.1864,2.23944,2.31863,18.6824,16.4033,575.635,576.655,6.34042,12.3034,-0.315291,-0.311519,10.4635,41.3194,41.3194,1.0,1.0,1
102641,31.05.2024 11:41:53.640000,474.362,535.831,11.1224,10.995,10.897,31.1864,2.23944,2.31863,18.6824,16.4033,575.635,576.655,6.34042,12.3034,-0.315291,-0.311519,10.4635,41.3194,41.3194,1.0,1.0,1
102642,31.05.2024 11:41:53.650000,470.242,508.227,11.1224,10.95,10.885,31.1864,2.21206,2.31418,16.1126,19.2792,573.975,575.065,6.08474,12.3216,-0.269198,-0.329893,10.4635,41.3194,41.3194,1.0,1.0,1
102643,31.05.2024 11:41:53.660000,442.557,481.201,11.133,10.872,10.833,31.219,2.2022,2.30471,15.7966,17.57,572.32,573.455,5.95757,12.4842,-0.268019,-0.342386,10.4654,30.7581,30.7581,1.0,1.0,1
102644,31.05.2024 11:41:53.670000,410.751,459.53,11.133,10.841,10.795,31.219,2.20452,2.29776,15.7966,17.57,572.32,573.455,5.95757,12.4842,-0.268019,-0.342386,10.4659,30.7581,30.7581,1.0,1.0,1
102645,31.05.2024 11:41:53.680000,410.751,451.62,11.1132,10.822,10.795,31.1877,2.21176,2.27562,15.1618,17.3829,570.595,571.785,6.06073,13.0746,-0.345294,-0.368265,10.4663,30.7581,30.7581,1.0,1.0,1
102646,31.05.2024 11:41:53.690000,410.751,451.62,11.1132,10.822,10.795,31.1877,2.21176,2.27562,15.1618,17.3829,570.595,571.785,6.06073,13.0746,-0.345294,-0.368265,10.4663,30.7581,30.7581,1.0,1.0,1
102647,31.05.2024 11:41:53.700000,391.388,451.62,11.1132,10.822,10.776,31.1835,2.21236,2.2693,16.0738,15.0017,568.875,570.125,5.76639,13.1551,-0.375697,-0.379758,10.4663,25.8825,25.8825,1.0,1.0,1
102648,31.05.2024 11:41:53.710000,391.388,451.62,11.1132,10.822,10.776,31.1835,2.21236,2.2693,16.0738,15.0017,568.875,570.125,5.76639,13.1551,-0.375697,-0.379758,10.4663,25.8825,25.8825,1.0,1.0,1
102649,31.05.2024 11:41:53.720000,368.976,420.392,11.1294,10.814,10.713,31.1073,2.2119,2.26246,15.0053,15.0338,567.175,568.51,5.52915,13.3756,-0.417395,-0.366535,10.4674,19.1262,19.1262,1.0,1.0,1
102650,31.05.2024 11:41:53.730000,368.976,420.392,11.1294,10.814,10.713,31.1073,2.2119,2.26246,15.0053,15.0338,567.175,568.51,5.52915,13.3756,-0.417395,-0.366535,10.4674,19.1262,19.1262,1.0,1.0,1
102651,31.05.2024 11:41:53.740000,322.504,374.496,11.124,10.722,10.707,31.0797,2.20588,2.25021,16.7902,13.195,565.455,566.855,5.32042,13.7483,-0.467036,-0.423341,10.4684,19.1262,19.1262,1.0,1.0,1
102652,31.05.2024 11:41:53.750000,322.504,374.496,11.124,10.722,10.707,31.0797,2.20588,2.25021,16.7902,13.195,565.455,566.855,5.32042,13.7483,-0.467036,-0.423341,10.4684,19.1262,19.1262,1.0,1.0,1
102653,31.05.2024 11:41:53.760000,308.331,367.245,11.1375,10.697,10.741,31.0646,2.19426,2.24748,16.9065,13.5023,563.745,565.2,5.09623,13.935,-0.432929,-0.40427,10.4694,19.2636,19.2636,1.0,1.0,1
102654,31.05.2024 11:41:53.770000,308.331,367.245,11.1375,10.697,10.741,31.0646,2.19426,2.24748,16.9065,13.5023,563.745,565.2,5.09623,13.935,-0.432929,-0.40427,10.4694,19.2636,19.2636,1.0,1.0,1
102655,31.05.2024 11:41:53.780000,304.706,337.747,11.1186,10.708,10.747,31.1496,2.12402,2.22711,13.3705,12.5089,560.5,561.98,4.91985,14.6323,0.242692,-0.496297,10.4698,12.963,12.963,1.0,1.0,1
102656,31.05.2024 11:41:53.790000,287.979,328.354,11.127,10.704,10.711,31.1423,2.07916,2.22113,10.2101,11.7156,558.905,560.395,5.33108,15.2013,1.29096,-0.426637,10.4717,9.11459,9.11459,1.0,1.0,1
102657,31.05.2024 11:41:53.800000,267.05,300.751,11.127,10.7,10.817,31.1423,2.06806,2.20871,10.2101,11.7156,558.905,560.395,5.33108,15.2013,1.29096,-0.426637,10.4717,9.11459,9.11459,1.0,1.0,1
102658,31.05.2024 11:41:53.810000,267.05,300.751,11.127,10.7,10.817,31.1423,2.06806,2.20871,10.2101,11.7156,558.905,560.395,5.33108,15.2013,1.29096,-0.426637,10.4717,9.11459,9.11459,1.0,1.0,1
102659,31.05.2024 11:41:53.820000,266.309,292.346,11.1004,10.79,10.8,31.1787,2.0769,2.19341,11.1356,13.9889,557.415,558.825,6.13425,15.898,2.61656,-0.396577,10.473,6.52488,6.52488,1.0,1.0,1
102660,31.05.2024 11:41:53.830000,266.309,292.346,11.1004,10.79,10.8,31.1787,2.0769,2.19341,11.1356,13.9889,557.415,558.825,6.13425,15.898,2.61656,-0.396577,10.473,6.52488,6.52488,1.0,1.0,1
102661,31.05.2024 11:41:53.840000,266.226,292.346,11.0907,10.811,10.771,31.2265,2.11002,2.17368,11.034,10.9656,555.95,557.255,7.53352,16.6588,3.9423,-0.36804,10.4741,6.56829,6.56829,1.0,1.0,1
102662,31.05.2024 11:41:53.850000,268.863,289.462,11.0852,10.798,10.789,31.1827,2.14673,2.14858,14.2863,9.54222,553.21,554.14,11.6148,18.1952,7.72323,-0.277687,10.4748,5.00579,5.00579,1.0,1.0,1
102663,31.05.2024 11:41:53.860000,272.241,294.159,11.0712,10.784,10.823,31.1827,2.1443,2.14511,14.2863,9.54222,553.21,554.14,11.6148,18.1952,7.72323,-0.277687,10.476,5.21556,5.21556,1.0,1.0,1
102664,31.05.2024 11:41:53.870000,272.241,294.159,11.0712,10.784,10.823,31.1827,2.1443,2.14511,14.2863,9.54222,553.21,554.14,11.6148,18.1952,7.72323,-0.277687,10.476,5.21556,5.21556,1.0,1.0,1
102665,31.05.2024 11:41:53.880000,272.241,294.159,11.0477,10.784,10.823,31.1157,2.13298,2.14871,15.3318,9.69456,552.45,552.99,7.82816,8.37638,9.89993,-0.0860648,10.4772,5.40365,5.40365,1.0,1.0,1
102666,31.05.2024 11:41:53.890000,272.241,294.159,11.0477,10.784,10.823,31.1157,2.13298,2.14871,15.3318,9.69456,552.45,552.99,7.82816,8.37638,9.89993,-0.0860648,10.4772,5.40365,5.40365,1.0,1.0,1
102667,31.05.2024 11:41:53.900000,272.406,289.545,11.0115,10.897,10.888,31.1367,2.0778,2.15476,13.3571,6.05832,552.63,553.945,6.88006,1.24735,11.7844,0.354924,10.4785,6.09086,6.09086,1.0,1.0,1
102668,31.05.2024 11:41:53.910000,272.406,289.545,11.0115,10.897,10.888,31.1367,2.0778,2.15476,13.3571,6.05832,552.63,553.945,6.88006,1.24735,11.7844,0.354924,10.4785,6.09086,6.09086,1.0,1.0,1
102669,31.05.2024 11:41:53.920000,274.96,292.84,10.9999,10.884,10.893,31.1664,2.04369,2.14789,12.3226,8.94961,552.505,554.685,6.40082,5.50925,13.3972,1.07401,10.479,7.42187,7.42187,1.0,1.0,1
102670,31.05.2024 11:41:53.930000,274.96,292.84,10.9999,10.884,10.893,31.1664,2.04369,2.14789,12.3226,8.94961,552.505,554.685,6.40082,5.50925,13.3972,1.07401,10.479,7.42187,7.42187,1.0,1.0,1
102671,31.05.2024 11:41:53.940000,277.762,291.522,10.9643,10.902,10.919,31.1579,2.04887,2.154,11.6543,9.24818,552.84,554.7,7.51727,8.38283,13.2636,4.65122,10.4801,7.34954,7.34954,1.0,1.0,1
102672,31.05.2024 11:41:53.950000,277.762,291.522,10.9643,10.902,10.919,31.1579,2.04887,2.154,11.6543,9.24818,552.84,554.7,7.51727,8.38283,13.2636,4.65122,10.4801,7.34954,7.34954,1.0,1.0,1
102673,31.05.2024 11:41:53.960000,278.091,295.889,10.92,10.908,10.938,31.2202,2.08038,2.1628,13.6793,8.86178,553.09,554.9,7.62142,8.56873,11.6154,5.44917,10.4816,7.47252,7.47252,1.0,1.0,1
102674,31.05.2024 11:41:53.970000,278.091,295.889,10.92,10.908,10.938,31.2202,2.08038,2.1628,13.6793,8.86178,553.09,554.9,7.62142,8.56873,11.6154,5.44917,10.4816,7.47252,7.47252,1.0,1.0,1
102675,31.05.2024 11:41:53.980000,274.878,298.773,10.8784,10.91,10.9,31.1915,2.11901,2.16976,12.9587,10.7178,553.105,554.975,9.93477,9.49492,10.3976,5.45564,10.483,7.47252,7.47252,1.0,1.0,1
102676,31.05.2024 11:41:53.990000,273.395,297.455,10.8434,10.92,10.83,31.2446,2.10364,2.18378,14.9101,8.66111,552.935,555.005,10.51,9.54904,9.13943,5.47913,10.4845,6.7853,6.7853,1.0,1.0,1
102677,31.05.2024 11:41:54.000000,273.395,298.938,10.8138,10.93,10.83,31.2618,2.07554,2.1822,14.9926,9.52272,552.87,555.045,10.3788,8.78571,7.87945,5.76794,10.4859,5.86661,5.86661,1.0,1.0,1
102678,31.05.2024 11:41:54.010000,273.395,298.938,10.8138,10.93,10.83,31.2618,2.07554,2.1822,14.9926,9.52272,552.87,555.045,10.3788,8.78571,7.87945,5.76794,10.4859,5.86661,5.86661,1.0,1.0,1
102679,31.05.2024 11:41:54.020000,280.234,298.938,10.8138,10.93,10.859,31.5467,2.05629,2.18253,13.0024,12.0592,552.73,555.12,9.75991,8.01063,8.50186,6.09641,10.4859,5.86661,5.86661,1.0,1.0,1
102680,31.05.2024 11:41:54.030000,280.234,298.938,10.8138,10.93,10.859,31.5467,2.05629,2.18253,13.0024,12.0592,552.73,555.12,9.75991,8.01063,8.50186,6.09641,10.4859,5.86661,5.86661,1.0,1.0,1
102681,31.05.2024 11:41:54.040000,279.08,298.032,10.746,10.919,10.858,32.0995,2.04223,2.18284,11.6943,11.9765,552.83,555.29,8.20895,7.30225,9.86907,6.48157,10.4886,6.21383,6.21383,1.0,1.0,1
102682,31.05.2024 11:41:54.050000,276.526,300.421,10.6835,10.897,10.796,32.7239,2.07251,2.18384,12.3025,11.4111,552.92,555.46,7.92833,7.25091,10.1561,6.74275,10.4905,6.45979,6.45979,1.0,1.0,1
102683,31.05.2024 11:41:54.060000,276.526,300.421,10.6835,10.897,10.796,32.7239,2.07251,2.18384,12.3025,11.4111,552.92,555.46,7.92833,7.25091,10.1561,6.74275,10.4905,6.45979,6.45979,1.0,1.0,1
102684,31.05.2024 11:41:54.070000,276.526,300.421,10.6423,10.897,10.796,33.4621,2.08906,2.18058,14.451,12.5137,553.005,555.55,7.75796,7.43604,10.2673,7.11071,10.4905,6.45979,6.45979,1.0,1.0,1
102685,31.05.2024 11:41:54.080000,276.526,300.421,10.6423,10.897,10.796,33.4621,2.08906,2.18058,14.451,12.5137,553.005,555.55,7.75796,7.43604,10.2673,7.11071,10.4905,6.45979,6.45979,1.0,1.0,1
102686,31.05.2024 11:41:54.090000,275.867,296.548,10.6528,10.895,10.767,34.3458,2.11261,2.18216,15.0138,13.2775,553.075,555.69,8.10026,7.04405,10.3046,7.30963,10.4922,6.45979,6.45979,1.0,1.0,1
102687,31.05.2024 11:41:54.100000,275.867,296.548,10.6528,10.895,10.767,34.3458,2.11261,2.18216,15.0138,13.2775,553.075,555.69,8.10026,7.04405,10.3046,7.30963,10.4922,6.45979,6.45979,1.0,1.0,1
102688,31.05.2024 11:41:54.110000,268.945,302.399,10.6095,10.917,10.678,35.3272,2.10198,2.18666,16.3935,12.4352,553.125,555.855,8.45944,6.99928,9.97649,7.70002,10.4937,4.51388,4.51388,1.0,1.0,1
102689,31.05.2024 11:41:54.120000,281.634,299.185,10.5365,10.875,10.661,36.2149,2.07773,2.18691,15.6111,13.8064,553.19,555.93,9.01702,7.41835,9.35186,7.88429,10.4948,4.51388,4.51388,1.0,1.0,1
102690,31.05.2024 11:41:54.130000,276.031,292.511,10.5098,10.809,10.584,37.2247,2.08208,2.1868,14.8203,14.6442,553.18,555.935,9.43745,7.11875,8.43798,8.12336,10.4959,3.48669,3.48669,1.0,1.0,1
102691,31.05.2024 11:41:54.140000,276.031,292.511,10.5098,10.809,10.584,37.2247,2.08208,2.1868,14.8203,14.6442,553.18,555.935,9.43745,7.11875,8.43798,8.12336,10.4959,3.48669,3.48669,1.0,1.0,1
102692,31.05.2024 11:41:54.150000,276.031,292.511,10.5343,10.809,10.584,38.2088,2.08329,2.18978,14.4764,14.0522,553.19,556.015,9.48155,6.19474,7.84611,8.34604,10.4959,3.47222,3.47222,1.0,1.0,1
102693,31.05.2024 11:41:54.160000,276.031,292.511,10.5343,10.809,10.584,38.2088,2.08329,2.18978,14.4764,14.0522,553.19,556.015,9.48155,6.19474,7.84611,8.34604,10.4959,3.47222,3.47222,1.0,1.0,1
102694,31.05.2024 11:41:54.170000,275.867,295.972,10.5121,10.681,10.582,39.3516,2.11726,2.1921,17.6271,14.557,553.18,556.16,9.14403,5.66626,7.84994,8.57573,10.4977,3.03096,3.03096,1.0,1.0,1
102695,31.05.2024 11:41:54.180000,272.406,296.219,10.4636,10.692,10.58,40.3735,2.12055,2.19131,17.4317,16.6819,553.265,556.275,8.61277,5.54641,8.08739,8.67378,10.4982,2.77054,2.77054,1.0,1.0,1
102696,31.05.2024 11:41:54.190000,272.406,296.219,10.4325,10.692,10.58,41.4248,2.11374,2.18017,16.1753,14.1187,553.4,556.37,8.48402,5.40036,8.39351,8.67272,10.4986,2.43056,2.43056,1.0,1.0,1
102697,31.05.2024 11:41:54.200000,272.406,296.219,10.4325,10.692,10.58,41.4248,2.11374,2.18017,16.1753,14.1187,553.4,556.37,8.48402,5.40036,8.39351,8.67272,10.4986,2.43056,2.43056,1.0,1.0,1
102698,31.05.2024 11:41:54.210000,278.998,302.563,10.4325,10.605,10.563,41.4248,2.05677,2.17862,16.8124,12.1831,553.525,556.48,8.72713,5.17942,8.77224,8.88511,10.4986,1.69271,1.69271,1.0,1.0,1
102699,31.05.2024 11:41:54.220000,278.998,302.563,10.4325,10.605,10.563,41.4248,2.05677,2.17862,16.8124,12.1831,553.525,556.48,8.72713,5.17942,8.77224,8.88511,10.4986,1.69271,1.69271,1.0,1.0,1
102700,31.05.2024 11:41:54.230000,278.998,302.563,10.4134,10.605,10.563,43.7553,1.99896,2.17276,12.5011,13.3179,553.6,556.62,9.39374,5.27645,9.17358,8.84853,10.4989,0.940397,0.940397,1.0,1.0,1
102701,31.05.2024 11:41:54.240000,278.998,302.563,10.4134,10.605,10.563,43.7553,1.99896,2.17276,12.5011,13.3179,553.6,556.62,9.39374,5.27645,9.17358,8.84853,10.4989,0.940397,0.940397,1.0,1.0,1
102702,31.05.2024 11:41:54.250000,278.998,295.56,10.4034,10.544,10.54,44.9831,1.97852,2.16685,10.1097,12.6144,553.65,556.705,9.78029,5.65999,9.33632,8.91781,10.4993,0.925921,0.925921,1.0,1.0,1
102703,31.05.2024 11:41:54.260000,278.998,295.56,10.4034,10.544,10.54,44.9831,1.97852,2.16685,10.1097,12.6144,553.65,556.705,9.78029,5.65999,9.33632,8.91781,10.4993,0.925921,0.925921,1.0,1.0,1
102704,31.05.2024 11:41:54.270000,272.571,294.9,10.397,10.578,10.495,46.202,2.01257,2.15374,9.42013,9.78383,553.68,556.77,10.0357,6.04342,9.06116,8.91019,10.4993,0.260413,0.260413,1.0,1.0,1
102705,31.05.2024 11:41:54.280000,272.571,294.9,10.397,10.578,10.495,46.202,2.01257,2.15374,9.42013,9.78383,553.68,556.77,10.0357,6.04342,9.06116,8.91019,10.4993,0.260413,0.260413,1.0,1.0,1
102706,31.05.2024 11:41:54.290000,270.181,299.679,10.3694,10.529,10.573,47.4125,2.10208,2.1653,12.9488,10.9492,553.74,556.78,10.095,6.26269,9.23758,8.83336,10.4993,0.260413,0.260413,1.0,1.0,1
102707,31.05.2024 11:41:54.300000,281.47,292.676,10.3787,10.56,10.536,49.9338,2.14373,2.16186,17.1391,14.852,553.865,556.885,10.2937,6.10033,9.90139,8.92417,10.5,-0.253186,-0.253186,1.0,1.0,1
102708,31.05.2024 11:41:54.310000,276.443,298.526,10.3787,10.505,10.504,49.9338,2.13959,2.16328,17.1391,14.852,553.865,556.885,10.2937,6.10033,9.90139,8.92417,10.4996,-0.253186,-0.253186,1.0,1.0,1
102709,31.05.2024 11:41:54.320000,276.443,298.526,10.3787,10.505,10.504,49.9338,2.13959,2.16328,17.1391,14.852,553.865,556.885,10.2937,6.10033,9.90139,8.92417,10.4996,-0.253186,-0.253186,1.0,1.0,1
102710,31.05.2024 11:41:54.330000,276.443,299.927,10.3945,10.512,10.504,51.1447,2.09596,2.17901,19.1332,10.11,553.95,556.955,10.251,5.84538,10.2284,8.90843,10.4998,0.0361651,0.0361651,1.0,1.0,1
102711,31.05.2024 11:41:54.340000,276.443,299.927,10.3945,10.512,10.504,51.1447,2.09596,2.17901,19.1332,10.11,553.95,556.955,10.251,5.84538,10.2284,8.90843,10.4998,0.0361651,0.0361651,1.0,1.0,1
102712,31.05.2024 11:41:54.350000,280.975,298.114,10.3855,10.529,10.455,52.2912,2.03684,2.2052,15.2663,11.517,554.06,557.015,10.2508,6.11165,10.5703,8.82785,10.5,0.557005,0.557005,1.0,1.0,1
102713,31.05.2024 11:41:54.360000,276.114,293.747,10.3738,10.519,10.44,53.4671,2.01557,2.19315,14.413,17.0226,554.19,557.085,10.3289,6.05273,10.9257,8.98061,10.5006,0.557005,0.557005,1.0,1.0,1
102714,31.05.2024 11:41:54.370000,278.668,295.56,10.4028,10.435,10.437,54.6262,2.0266,2.18719,12.3682,18.9145,554.285,557.135,10.5465,6.19236,11.1231,9.12344,10.501,0.752315,0.752315,1.0,1.0,1
102715,31.05.2024 11:41:54.380000,278.668,295.56,10.4362,10.435,10.437,55.7465,2.03562,2.18585,13.5993,12.579,554.39,557.21,10.5521,6.38066,10.9177,9.13374,10.501,1.22251,1.22251,1.0,1.0,1
102716,31.05.2024 11:41:54.390000,272.241,296.713,10.4362,10.396,10.463,55.7465,2.05381,2.18168,13.5993,12.579,554.39,557.21,10.5521,6.38066,10.9177,9.13374,10.5014,1.22251,1.22251,1.0,1.0,1
102717,31.05.2024 11:41:54.400000,272.241,294.159,10.4374,10.369,10.463,57.0551,2.08348,2.20269,14.8347,13.3182,554.475,557.25,10.4802,6.22986,10.8627,9.19344,10.5016,1.20804,1.20804,1.0,1.0,1
102718,31.05.2024 11:41:54.410000,272.241,294.159,10.4374,10.369,10.463,57.0551,2.08348,2.20269,14.8347,13.3182,554.475,557.25,10.4802,6.22986,10.8627,9.19344,10.5016,1.20804,1.20804,1.0,1.0,1
102719,31.05.2024 11:41:54.420000,270.84,294.159,10.4374,10.369,10.426,58.2134,2.09461,2.20063,17.5268,18.0701,554.56,557.315,10.1468,6.33326,10.9284,9.2923,10.5016,1.20804,1.20804,1.0,1.0,1
102720,31.05.2024 11:41:54.430000,273.724,298.444,10.4414,10.456,10.486,59.2856,2.09467,2.15423,18.3366,14.3745,554.7,557.42,9.65259,6.26901,10.8784,9.5043,10.5025,1.30931,1.30931,1.0,1.0,1
102721,31.05.2024 11:41:54.440000,273.724,298.444,10.4414,10.456,10.486,59.2856,2.09467,2.15423,18.3366,14.3745,554.7,557.42,9.65259,6.26901,10.8784,9.5043,10.5025,1.30931,1.30931,1.0,1.0,1
102722,31.05.2024 11:41:54.450000,277.35,298.691,10.4414,10.508,10.494,59.2856,2.04399,2.15661,14.4431,8.84277,554.84,557.515,9.29468,6.33615,10.8655,9.48822,10.5025,1.50462,1.50462,1.0,1.0,1
102723,31.05.2024 11:41:54.460000,277.35,298.691,10.4414,10.508,10.494,59.2856,2.04399,2.15661,14.4431,8.84277,554.84,557.515,9.29468,6.33615,10.8655,9.48822,10.5025,1.50462,1.50462,1.0,1.0,1
102724,31.05.2024 11:41:54.470000,275.949,301.492,10.4098,10.472,10.425,61.897,2.01158,2.17219,12.567,12.8851,554.955,557.575,9.02442,6.66529,10.9038,9.6066,10.5028,2.44502,2.44502,1.0,1.0,1
102725,31.05.2024 11:41:54.480000,275.949,301.492,10.4098,10.472,10.425,61.897,2.01158,2.17219,12.567,12.8851,554.955,557.575,9.02442,6.66529,10.9038,9.6066,10.5028,2.44502,2.44502,1.0,1.0,1
102726,31.05.2024 11:41:54.490000,274.96,297.208,10.4814,10.454,10.493,63.0075,2.01864,2.13814,14.4748,15.6656,555.09,557.65,8.58831,6.6716,10.7,9.67699,10.5044,3.125,3.125,1.0,1.0,1
102727,31.05.2024 11:41:54.500000,274.96,297.208,10.4814,10.454,10.493,63.0075,2.01864,2.13814,14.4748,15.6656,555.09,557.65,8.58831,6.6716,10.7,9.67699,10.5044,3.125,3.125,1.0,1.0,1
102728,31.05.2024 11:41:54.510000,273.971,292.593,10.4564,10.478,10.484,64.2654,2.02419,2.13468,11.6151,6.54062,555.225,557.72,8.24086,6.73816,10.6515,9.7921,10.5057,4.06539,4.06539,1.0,1.0,1
102729,31.05.2024 11:41:54.520000,273.971,292.593,10.4564,10.478,10.484,64.2654,2.02419,2.13468,11.6151,6.54062,555.225,557.72,8.24086,6.73816,10.6515,9.7921,10.5057,4.06539,4.06539,1.0,1.0,1
102730,31.05.2024 11:41:54.530000,275.29,295.312,10.5156,10.412,10.54,65.634,2.03477,2.16248,13.0905,9.97992,555.34,557.79,7.85158,6.84686,10.4423,9.81777,10.5069,5.01303,5.01303,1.0,1.0,1
102731,31.05.2024 11:41:54.540000,275.29,295.312,10.5156,10.412,10.54,65.634,2.03477,2.16248,13.0905,9.97992,555.34,557.79,7.85158,6.84686,10.4423,9.81777,10.5069,5.01303,5.01303,1.0,1.0,1
102732,31.05.2024 11:41:54.550000,275.537,289.215,10.5522,10.445,10.546,67.7848,2.03437,2.15195,13.973,13.0469,555.535,557.91,6.64379,6.34957,9.2804,9.97861,10.5076,5.23003,5.23003,1.0,1.0,1
102733,31.05.2024 11:41:54.560000,275.537,289.215,10.5522,10.445,10.546,67.7848,2.03437,2.15195,13.973,13.0469,555.535,557.91,6.64379,6.34957,9.2804,9.97861,10.5076,5.23003,5.23003,1.0,1.0,1
102734,31.05.2024 11:41:54.570000,274.878,294.9,10.5467,10.586,10.553,68.8448,1.9911,2.16227,12.164,5.43901,555.72,558.035,5.84448,5.91656,9.14653,9.97489,10.5086,5.7798,5.7798,1.0,1.0,1
102735,31.05.2024 11:41:54.580000,274.878,294.9,10.5467,10.586,10.553,68.8448,1.9911,2.16227,12.164,5.43901,555.72,558.035,5.84448,5.91656,9.14653,9.97489,10.5086,5.7798,5.7798,1.0,1.0,1
102736,31.05.2024 11:41:54.590000,275.125,296.796,10.5794,10.619,10.623,69.827,1.99222,2.17972,12.1208,14.5767,555.805,558.17,5.52309,5.93229,9.00587,9.96556,10.5094,6.43084,6.43084,1.0,1.0,1
102737,31.05.2024 11:41:54.600000,275.125,296.796,10.5794,10.619,10.623,69.827,1.99222,2.17972,12.1208,14.5767,555.805,558.17,5.52309,5.93229,9.00587,9.96556,10.5094,6.43084,6.43084,1.0,1.0,1
102738,31.05.2024 11:41:54.610000,281.387,294.406,10.6043,10.634,10.655,70.9073,2.03187,2.17654,13.0859,18.5256,555.935,558.27,4.79683,5.97503,8.36989,10.103,10.5106,6.43084,6.43084,1.0,1.0,1
102739,31.05.2024 11:41:54.620000,276.608,298.608,10.6528,10.632,10.681,72.8309,2.05133,2.17337,13.48,9.31126,556.12,558.41,4.05158,5.45493,7.65169,9.95001,10.5106,6.7636,6.7636,1.0,1.0,1
102740,31.05.2024 11:41:54.630000,272.818,287.402,10.6528,10.619,10.682,72.8309,2.05462,2.17769,13.48,9.31126,556.12,558.41,4.05158,5.45493,7.65169,9.95001,10.5119,6.7636,6.7636,1.0,1.0,1
102741,31.05.2024 11:41:54.640000,272.818,290.204,10.6722,10.645,10.682,73.7082,2.05488,2.16977,15.2785,15.965,556.17,558.48,3.76395,5.14524,7.17032,9.85108,10.5131,6.7636,6.7636,1.0,1.0,1
102742,31.05.2024 11:41:54.650000,272.076,290.204,10.6722,10.645,10.673,74.572,2.04566,2.16281,15.2529,13.0336,556.255,558.585,3.24236,4.66071,6.84018,9.91143,10.5131,6.7636,6.7636,1.0,1.0,1
102743,31.05.2024 11:41:54.660000,251.889,272.488,10.6931,10.656,10.709,74.572,2.03928,2.15522,15.2529,13.0336,556.255,558.585,3.24236,4.66071,6.84018,9.91143,10.5144,6.7636,6.7636,1.0,1.0,1
102744,31.05.2024 11:41:54.670000,251.889,272.488,10.6931,10.656,10.709,74.572,2.03928,2.15522,15.2529,13.0336,556.255,558.585,3.24236,4.66071,6.84018,9.91143,10.5144,6.7636,6.7636,1.0,1.0,1
102745,31.05.2024 11:41:54.680000,251.889,272.488,10.7433,10.656,10.709,75.424,2.03757,2.14283,13.3036,8.92036,556.355,558.735,3.03519,4.58449,6.74515,9.75526,10.5152,5.65682,5.65682,1.0,1.0,1
102746,31.05.2024 11:41:54.690000,228.57,259.387,10.7606,10.619,10.683,76.2204,2.03262,2.14599,14.7355,11.6671,556.36,558.825,3.09077,4.78098,6.64817,9.68578,10.5163,5.65682,5.65682,1.0,1.0,1
102747,31.05.2024 11:41:54.700000,228.57,259.387,10.7784,10.619,10.683,76.9054,2.04541,2.1384,14.6629,15.9148,556.42,558.89,2.75501,4.71508,6.3925,9.59268,10.5163,5.30237,5.30237,1.0,1.0,1
102748,31.05.2024 11:41:54.710000,212.503,244.226,10.7784,10.684,10.73,76.9054,2.04895,2.1303,14.6629,15.9148,556.42,558.89,2.75501,4.71508,6.3925,9.59268,10.5174,5.30237,5.30237,1.0,1.0,1
102749,31.05.2024 11:41:54.720000,212.503,210.361,10.7939,10.685,10.73,77.5437,2.05105,2.12949,15.643,9.75056,556.45,558.96,2.52405,4.415,6.34568,9.44913,10.5189,6.26447,6.26447,1.0,1.0,1
102750,31.05.2024 11:41:54.730000,189.267,210.361,10.7939,10.685,10.743,78.1568,2.04065,2.12748,14.342,9.27118,556.46,559.055,2.2919,4.25431,6.49464,9.2521,10.5189,6.26447,6.26447,1.0,1.0,1
102751,31.05.2024 11:41:54.740000,182.593,176.66,10.81,10.706,10.674,78.1568,2.0249,2.1251,14.342,9.27118,556.46,559.055,2.2919,4.25431,6.49464,9.2521,10.5205,6.26447,6.26447,1.0,1.0,1
102752,31.05.2024 11:41:54.750000,182.593,176.66,10.81,10.706,10.674,78.1568,2.0249,2.1251,14.342,9.27118,556.46,559.055,2.2919,4.25431,6.49464,9.2521,10.5205,6.26447,6.26447,1.0,1.0,1
102753,31.05.2024 11:41:54.760000,182.593,176.66,10.8308,10.706,10.674,78.6943,2.00303,2.12477,13.7453,11.9513,556.475,559.125,2.00511,4.0806,6.17359,9.03305,10.5212,6.26447,6.26447,1.0,1.0,1
102754,31.05.2024 11:41:54.770000,182.593,176.66,10.8308,10.706,10.674,78.6943,2.00303,2.12477,13.7453,11.9513,556.475,559.125,2.00511,4.0806,6.17359,9.03305,10.5212,6.26447,6.26447,1.0,1.0,1
102755,31.05.2024 11:41:54.780000,158.78,151.446,10.8263,10.679,10.727,79.2293,1.95201,2.11527,11.3912,10.9781,556.555,559.225,1.58368,3.94737,5.98736,8.97689,10.5218,6.06916,6.06916,1.0,1.0,1
102756,31.05.2024 11:41:54.790000,158.78,151.446,10.8263,10.679,10.727,79.2293,1.95201,2.11527,11.3912,10.9781,556.555,559.225,1.58368,3.94737,5.98736,8.97689,10.5218,6.06916,6.06916,1.0,1.0,1
102757,31.05.2024 11:41:54.800000,136.121,126.398,10.838,10.74,10.763,79.6143,1.95217,2.11233,9.10097,7.59462,556.57,559.31,1.72724,3.86793,6.08952,8.72828,10.5218,5.79427,5.79427,1.0,1.0,1
102758,31.05.2024 11:41:54.810000,117.087,107.281,10.8591,10.761,10.752,80.187,2.02417,2.11145,12.5202,10.4772,556.59,559.42,1.66096,3.68169,5.97383,8.40653,10.5231,6.15595,6.15595,1.0,1.0,1
102759,31.05.2024 11:41:54.820000,108.682,77.7008,10.8555,10.782,10.744,80.187,2.05282,2.11474,12.5202,10.4772,556.59,559.42,1.66096,3.68169,5.97383,8.40653,10.524,6.05468,6.05468,1.0,1.0,1
102760,31.05.2024 11:41:54.830000,108.682,77.7008,10.8515,10.782,10.744,80.37,2.07367,2.11825,14.4977,8.72564,556.59,559.495,1.55476,3.53411,6.23247,8.29082,10.525,6.2717,6.2717,1.0,1.0,1
102761,31.05.2024 11:41:54.840000,106.622,31.4758,10.8515,10.76,10.736,80.37,2.08227,2.12248,14.4977,8.72564,556.59,559.495,1.55476,3.53411,6.23247,8.29082,10.525,6.2717,6.2717,1.0,1.0,1
102762,31.05.2024 11:41:54.850000,98.4649,46.3074,10.864,10.729,10.74,80.5059,2.06732,2.12449,15.4408,8.74869,556.58,559.56,1.48764,3.42139,6.45518,8.01139,10.526,6.62615,6.62615,1.0,1.0,1
102763,31.05.2024 11:41:54.860000,98.4649,46.3074,10.864,10.729,10.74,80.5059,2.06732,2.12449,15.4408,8.74869,556.58,559.56,1.48764,3.42139,6.45518,8.01139,10.526,6.62615,6.62615,1.0,1.0,1
102764,31.05.2024 11:41:54.870000,98.4649,46.3074,10.8658,10.729,10.74,80.6256,2.04451,2.12416,14.1632,10.0848,556.61,559.6,1.1943,3.33436,6.31074,7.89043,10.526,7.00232,7.00232,1.0,1.0,1
102765,31.05.2024 11:41:54.880000,66.5771,-25.708,10.8563,10.749,10.773,80.7201,1.97743,2.12026,11.6614,10.096,556.645,559.665,1.06786,3.13243,6.34694,7.78005,10.5285,6.85041,6.85041,1.0,1.0,1
102766,31.05.2024 11:41:54.890000,23.3185,-25.708,10.8563,10.749,10.769,80.8086,1.97283,2.12054,10.0604,10.132,556.665,559.73,0.987262,2.985,6.41204,7.71164,10.5285,6.85041,6.85041,1.0,1.0,1
102767,31.05.2024 11:41:54.900000,-25.708,-73.0041,10.841,10.751,10.821,80.8086,1.97887,2.12086,10.0604,10.132,556.665,559.73,0.987262,2.985,6.41204,7.71164,10.5296,6.85041,6.85041,1.0,1.0,1
102768,31.05.2024 11:41:54.910000,-25.708,-73.0041,10.8353,10.751,10.821,80.8857,1.99688,2.12127,10.6078,9.01157,556.66,559.795,1.19082,3.16817,6.51067,7.51688,10.5307,7.55931,7.55931,1.0,1.0,1
102769,31.05.2024 11:41:54.920000,-36.8317,-88.0829,10.8353,10.74,10.764,80.8857,2.04812,2.11912,10.6078,9.01157,556.66,559.795,1.19082,3.16817,6.51067,7.51688,10.5307,7.55931,7.55931,1.0,1.0,1
102770,31.05.2024 11:41:54.930000,-43.9178,-97.5586,10.8243,10.715,10.749,80.9332,2.07172,2.12018,13.2141,9.34827,556.655,559.83,1.21231,3.24653,6.53474,7.51143,10.5317,8.29717,8.29717,1.0,1.0,1
102771,31.05.2024 11:41:54.940000,-43.9178,-97.5586,10.8094,10.715,10.749,80.9948,2.08899,2.1228,13.3615,9.43803,556.66,559.885,1.11333,3.01385,6.59104,7.42661,10.5317,8.39844,8.39844,1.0,1.0,1
102772,31.05.2024 11:41:54.950000,-73.5809,-103.574,10.8094,10.722,10.747,80.9948,2.09286,2.12459,13.3615,9.43803,556.66,559.885,1.11333,3.01385,6.59104,7.42661,10.5337,8.39844,8.39844,1.0,1.0,1
102773,31.05.2024 11:41:54.960000,-73.5809,-107.941,10.7959,10.702,10.747,80.9896,2.06778,2.12618,15.6612,8.6175,556.67,559.945,0.982986,2.97266,6.80446,7.38275,10.5357,8.71672,8.71672,1.0,1.0,1
102774,31.05.2024 11:41:54.970000,-64.5172,-107.941,10.7959,10.702,10.715,81.0579,2.04347,2.12383,15.0802,9.14264,556.68,560.02,1.01244,3.09772,6.87748,7.22777,10.5357,8.71672,8.71672,1.0,1.0,1
102775,31.05.2024 11:41:54.980000,-102.173,-136.533,10.7827,10.73,10.716,81.0579,2.0174,2.12039,15.0802,9.14264,556.68,560.02,1.01244,3.09772,6.87748,7.22777,10.537,8.71672,8.71672,1.0,1.0,1
102776,31.05.2024 11:41:54.990000,-102.173,-136.533,10.7827,10.73,10.716,81.0579,2.0174,2.12039,15.0802,9.14264,556.68,560.02,1.01244,3.09772,6.87748,7.22777,10.537,8.71672,8.71672,1.0,1.0,1
102777,31.05.2024 11:41:55.000000,-102.173,-136.533,10.7642,10.73,10.716,81.1106,1.99283,2.119,11.4485,9.67318,556.68,560.04,1.10247,3.13011,7.03642,7.25141,10.5373,8.97714,8.97714,1.0,1.0,1
102778,31.05.2024 11:41:55.010000,-105.222,-171.469,10.7368,10.704,10.689,81.1206,1.98371,2.11504,9.99244,10.8742,556.69,560.075,1.1189,3.01416,6.84618,7.16585,10.5388,9.12905,9.12905,1.0,1.0,1
102779,31.05.2024 11:41:55.020000,-105.222,-171.469,10.7368,10.704,10.689,81.1206,1.98371,2.11504,9.99244,10.8742,556.69,560.075,1.1189,3.01416,6.84618,7.16585,10.5388,9.12905,9.12905,1.0,1.0,1
102780,31.05.2024 11:41:55.030000,-105.222,-171.469,10.7281,10.704,10.689,81.2449,1.99943,2.11515,11.183,9.35414,556.685,560.115,1.07574,2.87894,6.55721,7.08768,10.5388,9.12905,9.12905,1.0,1.0,1
102781,31.05.2024 11:41:55.040000,-105.222,-171.469,10.7281,10.704,10.689,81.2449,1.99943,2.11515,11.183,9.35414,556.685,560.115,1.07574,2.87894,6.55721,7.08768,10.5388,9.12905,9.12905,1.0,1.0,1
102782,31.05.2024 11:41:55.050000,-107.199,-161.664,10.7271,10.676,10.691,81.2427,2.0688,2.11452,13.1336,8.81786,556.67,560.145,0.912223,2.77305,6.48493,7.11087,10.5423,8.9265,8.9265,1.0,1.0,1
102783,31.05.2024 11:41:55.060000,-107.199,-161.664,10.7271,10.676,10.691,81.2427,2.0688,2.11452,13.1336,8.81786,556.67,560.145,0.912223,2.77305,6.48493,7.11087,10.5423,8.9265,8.9265,1.0,1.0,1
102784,31.05.2024 11:41:55.070000,-130.682,-168.42,10.7032,10.69,10.662,81.1893,2.08189,2.11554,14.1165,8.73673,556.675,560.185,0.695979,2.50031,6.17169,7.16402,10.5422,8.78906,8.78906,1.0,1.0,1
102785,31.05.2024 11:41:55.080000,-136.945,-172.705,10.6984,10.629,10.638,81.1447,2.02868,2.11753,14.1066,7.95821,556.67,560.24,0.585872,2.41623,5.91495,7.17794,10.5435,8.78183,8.78183,1.0,1.0,1
102786,31.05.2024 11:41:55.090000,-143.042,-168.668,10.6695,10.619,10.667,81.2261,2.0067,2.11666,12.4946,10.0411,556.66,560.27,0.550311,2.46271,5.84964,7.0916,10.5438,8.78183,8.78183,1.0,1.0,1
102787,31.05.2024 11:41:55.100000,-143.042,-168.668,10.6695,10.619,10.667,81.2261,2.0067,2.11666,12.4946,10.0411,556.66,560.27,0.550311,2.46271,5.84964,7.0916,10.5438,8.78183,8.78183,1.0,1.0,1
102788,31.05.2024 11:41:55.110000,-143.042,-168.668,10.6496,10.619,10.667,81.2795,1.98985,2.11512,10.091,9.46091,556.655,560.305,0.40134,2.38681,5.71079,6.97764,10.5438,8.12355,8.12355,1.0,1.0,1
102789,31.05.2024 11:41:55.120000,-143.042,-168.668,10.6496,10.619,10.667,81.2795,1.98985,2.11512,10.091,9.46091,556.655,560.305,0.40134,2.38681,5.71079,6.97764,10.5438,8.12355,8.12355,1.0,1.0,1
102790,31.05.2024 11:41:55.130000,-139.087,-181.522,10.6487,10.573,10.669,81.2988,2.00386,2.11246,9.83759,11.0856,556.67,560.345,0.2555,2.17984,5.61773,6.90695,10.5449,8.12355,8.12355,1.0,1.0,1
102791,31.05.2024 11:41:55.140000,-150.705,-169.327,10.6449,10.565,10.621,81.2851,2.04973,2.12006,9.98273,8.15854,556.655,560.365,0.270423,2.22106,5.71285,6.65127,10.5455,8.12355,8.12355,1.0,1.0,1
102792,31.05.2024 11:41:55.150000,-150.705,-169.327,10.6475,10.565,10.621,81.2979,2.07309,2.12221,13.0364,9.30064,556.655,560.405,0.167575,2.12094,5.74993,6.5912,10.5462,7.51592,7.51592,1.0,1.0,1
102793,31.05.2024 11:41:55.160000,-150.705,-169.327,10.6475,10.565,10.621,81.2979,2.07309,2.12221,13.0364,9.30064,556.655,560.405,0.167575,2.12094,5.74993,6.5912,10.5462,7.51592,7.51592,1.0,1.0,1
102794,31.05.2024 11:41:55.170000,-141.724,-175.754,10.6475,10.578,10.641,81.2979,2.1013,2.12311,13.291,9.78375,556.665,560.425,0.221362,1.92918,5.74076,6.51873,10.5462,7.58825,7.58825,1.0,1.0,1
102795,31.05.2024 11:41:55.180000,-141.724,-175.754,10.6475,10.578,10.641,81.2979,2.1013,2.12311,13.291,9.78375,556.665,560.425,0.221362,1.92918,5.74076,6.51873,10.5462,7.58825,7.58825,1.0,1.0,1
102796,31.05.2024 11:41:55.190000,-151.364,-165.784,10.6134,10.584,10.579,81.3353,2.09365,2.12422,14.2575,8.9224,556.68,560.485,0.238597,1.83189,5.73395,6.48712,10.5471,7.46528,7.46528,1.0,1.0,1
102797,31.05.2024 11:41:55.200000,-152.93,-166.113,10.6243,10.599,10.563,81.3333,2.04666,2.12515,13.6782,10.1979,556.68,560.525,0.293719,1.99094,5.71266,6.41485,10.5484,7.46528,7.46528,1.0,1.0,1
102798,31.05.2024 11:41:55.210000,-150.87,-166.113,10.6243,10.599,10.575,81.3108,2.03785,2.12533,13.0821,11.7315,556.685,560.565,0.436179,2.26151,5.85828,6.4549,10.5484,7.46528,7.46528,1.0,1.0,1
102799,31.05.2024 11:41:55.220000,-150.87,-166.113,10.6243,10.599,10.575,81.3108,2.03785,2.12533,13.0821,11.7315,556.685,560.565,0.436179,2.26151,5.85828,6.4549,10.5484,7.46528,7.46528,1.0,1.0,1
102800,31.05.2024 11:41:55.230000,-142.548,-174.188,10.6218,10.565,10.565,81.3108,2.03351,2.12164,12.0705,9.59139,556.68,560.58,0.574134,2.40367,5.81075,6.38042,10.549,7.26273,7.26273,0.0,1.0,1
102801,31.05.2024 11:41:55.240000,-147.656,-170.975,10.6178,10.569,10.544,81.2892,2.05348,2.11986,12.0705,9.59139,556.68,560.58,0.574134,2.40367,5.81075,6.38042,10.5486,7.67507,7.67507,0.0,1.0,1
102802,31.05.2024 11:41:55.250000,-147.656,-170.975,10.6178,10.569,10.544,81.2892,2.05348,2.11986,12.0705,9.59139,556.68,560.58,0.574134,2.40367,5.81075,6.38042,10.5486,7.67507,7.67507,0.0,1.0,1
102803,31.05.2024 11:41:55.260000,-152.27,-176.083,10.6269,10.549,10.542,81.3126,2.06182,2.12064,11.5011,9.91376,556.675,560.595,0.712936,2.34827,5.67567,6.34008,10.5494,8.02229,8.02229,0.0,1.0,1
102804,31.05.2024 11:41:55.270000,-149.222,-179.297,10.63,10.546,10.568,81.3026,2.0672,2.12367,13.6808,10.7819,556.665,560.615,0.652869,2.2552,5.80254,6.46685,10.5497,7.87038,7.87038,0.0,1.0,1
102805,31.05.2024 11:41:55.280000,-149.222,-179.297,10.63,10.546,10.568,81.3026,2.0672,2.12367,13.6808,10.7819,556.665,560.615,0.652869,2.2552,5.80254,6.46685,10.5497,7.87038,7.87038,0.0,1.0,1
102806,31.05.2024 11:41:55.290000,-149.222,-166.525,10.6277,10.576,10.568,81.3228,2.04942,2.11707,14.1038,10.6062,556.665,560.63,0.732585,2.30305,5.78114,6.34892,10.5499,7.87038,7.87038,0.0,1.0,1
102807,31.05.2024 11:41:55.300000,-152.435,-172.046,10.6402,10.557,10.53,81.3585,2.01364,2.11323,11.4741,9.94341,556.665,560.665,0.803119,2.12769,5.80947,6.30765,10.5493,7.87038,7.87038,0.0,1.0,1
102808,31.05.2024 11:41:55.310000,-152.435,-172.046,10.6402,10.557,10.53,81.3585,2.01364,2.11323,11.4741,9.94341,556.665,560.665,0.803119,2.12769,5.80947,6.30765,10.5493,7.87038,7.87038,0.0,1.0,1
102809,31.05.2024 11:41:55.320000,-152.435,-172.046,10.6467,10.557,10.53,81.4241,2.00029,2.11349,9.67272,10.067,556.65,560.69,0.834407,2.11834,5.55289,6.31852,10.5504,8.2176,8.2176,0.0,1.0,1
102810,31.05.2024 11:41:55.330000,-143.784,-170.81,10.6435,10.515,10.596,81.4112,2.00539,2.10979,9.37581,9.80259,556.66,560.71,0.800864,2.1718,5.31835,6.34641,10.5508,8.03675,8.03675,0.0,1.0,1
102811,31.05.2024 11:41:55.340000,-143.784,-170.81,10.643,10.515,10.596,81.4233,2.02048,2.10898,10.971,9.35159,556.635,560.72,0.83813,2.0895,5.15051,6.25703,10.5508,8.68056,8.68056,0.0,1.0,1
102812,31.05.2024 11:41:55.350000,-152.023,-176.166,10.643,10.549,10.622,81.4233,2.0407,2.11094,10.971,9.35159,556.635,560.72,0.83813,2.0895,5.15051,6.25703,10.5516,8.68056,8.68056,0.0,1.0,1
102813,31.05.2024 11:41:55.360000,-152.023,-168.75,10.6503,10.612,10.622,81.4176,2.07988,2.12097,10.3773,9.50102,556.615,560.725,0.80646,1.9338,5.06285,6.18903,10.5525,8.68056,8.68056,0.0,1.0,1
102814,31.05.2024 11:41:55.370000,-150.375,-168.75,10.6503,10.612,10.648,81.4879,2.09136,2.12528,12.998,11.2863,556.61,560.74,0.667331,1.72655,4.90831,6.16283,10.5525,8.68056,8.68056,0.0,1.0,1
102815,31.05.2024 11:41:55.380000,-151.858,-175.342,10.6651,10.568,10.59,81.4879,2.09511,2.12591,12.998,11.2863,556.61,560.74,0.667331,1.72655,4.90831,6.16283,10.5537,8.68056,8.68056,0.0,1.0,1
102816,31.05.2024 11:41:55.390000,-151.858,-175.342,10.6737,10.568,10.59,81.4025,2.08954,2.12351,13.4199,10.4478,556.61,560.76,0.640216,1.61991,4.80082,6.08594,10.5548,7.94993,7.94993,0.0,1.0,1
102817,31.05.2024 11:41:55.400000,-156.555,-177.319,10.6737,10.583,10.646,81.4025,2.06054,2.12581,13.4199,10.4478,556.61,560.76,0.640216,1.61991,4.80082,6.08594,10.5548,7.94993,7.94993,0.0,1.0,1
102818,31.05.2024 11:41:55.410000,-160.51,-176.907,10.6739,10.652,10.621,81.4641,2.04475,2.12554,12.8226,9.48051,556.595,560.785,0.487716,1.44598,4.84877,6.10484,10.5558,7.71846,7.71846,0.0,1.0,1
102819,31.05.2024 11:41:55.420000,-160.51,-176.907,10.6739,10.652,10.621,81.4641,2.04475,2.12554,12.8226,9.48051,556.595,560.785,0.487716,1.44598,4.84877,6.10484,10.5558,7.71846,7.71846,0.0,1.0,1
102820,31.05.2024 11:41:55.430000,-160.51,-176.907,10.6852,10.652,10.621,81.4323,2.03187,2.12449,10.0361,8.19096,556.595,560.82,0.337554,1.35745,4.79637,6.00203,10.5558,7.71846,7.71846,0.0,1.0,1
102821,31.05.2024 11:41:55.440000,-160.51,-176.907,10.6852,10.652,10.621,81.4323,2.03187,2.12449,10.0361,8.19096,556.595,560.82,0.337554,1.35745,4.79637,6.00203,10.5558,7.71846,7.71846,0.0,1.0,1
102822,31.05.2024 11:41:55.450000,-149.469,-176.166,10.6944,10.553,10.659,81.4341,2.04688,2.11984,10.2786,10.7533,556.59,560.835,0.29436,1.41202,4.72625,5.93435,10.5587,7.17592,7.17592,0.0,1.0,1
102823,31.05.2024 11:41:55.460000,-155.154,-181.604,10.6929,10.569,10.64,81.4231,2.08675,2.12089,12.6859,10.6301,556.585,560.85,0.366145,1.35332,4.53726,5.73933,10.5601,7.06018,7.06018,0.0,1.0,1
102824,31.05.2024 11:41:55.470000,-155.154,-181.604,10.6929,10.569,10.64,81.4231,2.08675,2.12089,12.6859,10.6301,556.585,560.85,0.366145,1.35332,4.53726,5.73933,10.5601,7.06018,7.06018,0.0,1.0,1
102825,31.05.2024 11:41:55.480000,-155.154,-181.604,10.6962,10.569,10.64,81.4336,2.10278,2.12344,12.6811,11.0642,556.57,560.85,0.234744,1.35448,4.66129,5.71882,10.5604,7.06018,7.06018,0.0,1.0,1
102826,31.05.2024 11:41:55.490000,-155.154,-181.604,10.6962,10.569,10.64,81.4336,2.10278,2.12344,12.6811,11.0642,556.57,560.85,0.234744,1.35448,4.66129,5.71882,10.5604,7.06018,7.06018,0.0,1.0,1
102827,31.05.2024 11:41:55.500000,-153.342,-172.87,10.7201,10.586,10.654,81.4088,2.1093,2.12512,13.2299,10.7029,556.57,560.855,0.200858,1.26222,4.52502,5.63773,10.5606,7.10358,7.10358,0.0,1.0,1
102828,31.05.2024 11:41:55.510000,-153.342,-172.87,10.7201,10.586,10.654,81.4088,2.1093,2.12512,13.2299,10.7029,556.57,560.855,0.200858,1.26222,4.52502,5.63773,10.5606,7.10358,7.10358,0.0,1.0,1
102829,31.05.2024 11:41:55.520000,-156.638,-171.963,10.7258,10.596,10.699,81.402,2.07115,2.12087,13.7084,10.7738,556.565,560.865,0.242381,1.19963,4.54286,5.48886,10.5611,6.90828,6.90828,0.0,1.0,1
102830,31.05.2024 11:41:55.530000,-156.555,-178.555,10.7238,10.626,10.651,81.4406,2.00934,2.11725,8.74648,10.6105,556.565,560.905,0.262195,1.14196,4.51873,5.48375,10.5621,6.90828,6.90828,0.0,1.0,1
102831,31.05.2024 11:41:55.540000,-154.907,-178.555,10.7292,10.615,10.631,81.4406,2.00497,2.11681,8.74648,10.6105,556.565,560.905,0.262195,1.14196,4.51873,5.48375,10.563,6.86487,6.86487,0.0,1.0,1
102832,31.05.2024 11:41:55.550000,-154.907,-178.555,10.726,10.615,10.631,81.4465,2.01121,2.1157,9.74903,11.3322,556.555,560.91,0.259193,1.16781,4.47908,5.47469,10.5641,6.32957,6.32957,0.0,1.0,1
102833,31.05.2024 11:41:55.560000,-153.342,-179.626,10.726,10.616,10.66,81.4465,2.04361,2.11484,9.74903,11.3322,556.555,560.91,0.259193,1.16781,4.47908,5.47469,10.5641,6.32957,6.32957,0.0,1.0,1
102834,31.05.2024 11:41:55.570000,-153.342,-183.087,10.7305,10.615,10.684,81.4237,2.06656,2.11604,10.314,9.53789,556.55,560.915,0.362674,1.20407,4.64735,5.4337,10.565,6.42361,6.42361,0.0,1.0,1
102835,31.05.2024 11:41:55.580000,-153.342,-183.087,10.7272,10.615,10.684,81.4424,2.08307,2.11825,10.6553,9.73243,556.55,560.935,0.422549,1.18314,4.7508,5.49816,10.565,6.47424,6.47424,0.0,1.0,1
102836,31.05.2024 11:41:55.590000,-144.443,-170.068,10.7272,10.619,10.694,81.4424,2.09569,2.12013,10.6553,9.73243,556.55,560.935,0.422549,1.18314,4.7508,5.49816,10.5661,6.47424,6.47424,0.0,1.0,1
102837,31.05.2024 11:41:55.600000,-144.443,-177.072,10.7343,10.601,10.694,81.4363,2.09474,2.12038,12.7099,10.1635,556.55,560.975,0.584113,1.33142,4.7711,5.40907,10.5673,6.46701,6.46701,0.0,1.0,1
102838,31.05.2024 11:41:55.610000,-155.237,-177.072,10.7343,10.601,10.638,81.4312,2.07856,2.11985,12.7377,9.0521,556.55,560.975,0.696822,1.58855,4.943,5.39208,10.5673,6.46701,6.46701,0.0,1.0,1
102839,31.05.2024 11:41:55.620000,-153.589,-177.154,10.7472,10.615,10.608,81.4312,2.06061,2.11968,12.7377,9.0521,556.55,560.975,0.696822,1.58855,4.943,5.39208,10.5684,6.57552,6.57552,0.0,1.0,1
102840,31.05.2024 11:41:55.630000,-153.589,-177.154,10.7472,10.615,10.608,81.4312,2.06061,2.11968,12.7377,9.0521,556.55,560.975,0.696822,1.58855,4.943,5.39208,10.5684,6.57552,6.57552,0.0,1.0,1
102841,31.05.2024 11:41:55.640000,-153.589,-177.154,10.7428,10.615,10.608,81.4324,2.04121,2.12004,11.5977,11.6349,556.53,560.95,0.78337,1.61289,4.95703,5.46847,10.5701,7.09635,7.09635,0.0,1.0,1
102842,31.05.2024 11:41:55.650000,-153.342,-159.686,10.7313,10.61,10.665,81.436,2.01912,2.1193,8.26738,8.73513,556.525,560.955,0.781791,1.56165,4.97541,5.54795,10.571,7.60271,7.60271,0.0,1.0,1
102843,31.05.2024 11:41:55.660000,-153.342,-159.686,10.7293,10.61,10.665,81.4486,2.03075,2.11818,9.71522,9.88821,556.53,560.97,0.93217,1.54386,4.87707,5.39118,10.571,7.71846,7.71846,0.0,1.0,1
102844,31.05.2024 11:41:55.670000,-153.342,-159.686,10.7293,10.61,10.665,81.4486,2.03075,2.11818,9.71522,9.88821,556.53,560.97,0.93217,1.54386,4.87707,5.39118,10.571,7.71846,7.71846,0.0,1.0,1
102845,31.05.2024 11:41:55.680000,-143.124,-165.619,10.7293,10.593,10.677,81.4486,2.04761,2.11861,11.6056,10.8007,556.535,560.965,0.989604,1.64685,4.88276,5.41432,10.5718,7.76186,7.76186,0.0,1.0,1
102846,31.05.2024 11:41:55.690000,-143.124,-165.619,10.7293,10.593,10.677,81.4486,2.04761,2.11861,11.6056,10.8007,556.535,560.965,0.989604,1.64685,4.88276,5.41432,10.5718,7.76186,7.76186,0.0,1.0,1
102847,31.05.2024 11:41:55.700000,-153.589,-175.671,10.7395,10.648,10.667,81.4597,2.11105,2.12465,13.1174,11.6066,556.515,560.975,1.05422,1.54803,4.85172,5.46838,10.5729,7.76186,7.76186,0.0,1.0,1
102848,31.05.2024 11:41:55.710000,-146.503,-171.716,10.7386,10.634,10.658,81.4721,2.1243,2.12238,11.9545,9.13021,556.51,560.965,1.12184,1.45742,4.77408,5.42271,10.5746,8.10908,8.10908,0.0,1.0,1
102849,31.05.2024 11:41:55.720000,-145.019,-171.963,10.7386,10.638,10.69,81.4721,2.10142,2.12183,11.9545,9.13021,556.51,560.965,1.12184,1.45742,4.77408,5.42271,10.5746,8.10908,8.10908,0.0,1.0,1
102850,31.05.2024 11:41:55.730000,-155.649,-176.166,10.7421,10.6,10.705,81.493,2.08424,2.12374,12.2724,9.96443,556.52,560.975,1.15577,1.43217,4.89087,5.45536,10.5752,8.43461,8.43461,0.0,1.0,1
102851,31.05.2024 11:41:55.740000,-155.649,-176.166,10.7421,10.6,10.705,81.493,2.08424,2.12374,12.2724,9.96443,556.52,560.975,1.15577,1.43217,4.89087,5.45536,10.5752,8.43461,8.43461,0.0,1.0,1
102852,31.05.2024 11:41:55.750000,-155.649,-176.166,10.7401,10.6,10.705,81.4946,2.06828,2.1256,10.689,10.3675,556.515,560.985,1.19221,1.30244,4.84734,5.45615,10.5752,8.87587,8.87587,0.0,1.0,1
102853,31.05.2024 11:41:55.760000,-155.649,-176.166,10.7401,10.6,10.705,81.4946,2.06828,2.1256,10.689,10.3675,556.515,560.985,1.19221,1.30244,4.84734,5.45615,10.5752,8.87587,8.87587,0.0,1.0,1
102854,31.05.2024 11:41:55.770000,-147.986,-174.683,10.7409,10.607,10.716,81.4953,2.06108,2.11916,9.9258,9.85281,556.515,561.01,1.29609,1.37934,4.85106,5.43697,10.5772,8.87587,8.87587,0.0,1.0,1
102855,31.05.2024 11:41:55.780000,-156.473,-172.623,10.7449,10.632,10.711,81.4677,2.07481,2.1195,10.4034,9.09488,556.515,561.0,1.44503,1.52365,4.76511,5.37589,10.5782,9.56307,9.56307,0.0,1.0,1
102856,31.05.2024 11:41:55.790000,-156.473,-172.623,10.7465,10.632,10.711,81.4828,2.08418,2.123,10.2878,9.02093,556.515,560.995,1.50338,1.69095,4.81197,5.43531,10.5796,10.0333,10.0333,0.0,1.0,1
102857,31.05.2024 11:41:55.800000,-151.941,-170.727,10.7465,10.665,10.7,81.4828,2.09108,2.12462,10.2878,9.02093,556.515,560.995,1.50338,1.69095,4.81197,5.43531,10.5796,10.0333,10.0333,0.0,1.0,1
102858,31.05.2024 11:41:55.810000,-154.33,-168.173,10.7407,10.69,10.692,81.4795,2.08694,2.12183,11.5118,11.1483,556.51,560.995,1.58585,1.55894,4.77711,5.46868,10.5802,10.0333,10.0333,0.0,1.0,1
102859,31.05.2024 11:41:55.820000,-154.33,-168.173,10.7407,10.69,10.692,81.4795,2.08694,2.12183,11.5118,11.1483,556.51,560.995,1.58585,1.55894,4.77711,5.46868,10.5802,10.0333,10.0333,0.0,1.0,1
102860,31.05.2024 11:41:55.830000,-154.33,-168.173,10.7286,10.69,10.692,81.4695,2.07792,2.1188,10.4674,9.56913,556.515,561.025,1.7249,1.61903,4.71452,5.40885,10.5802,10.4673,10.4673,0.0,1.0,1
102861,31.05.2024 11:41:55.840000,-154.33,-168.173,10.7286,10.69,10.692,81.4695,2.07792,2.1188,10.4674,9.56913,556.515,561.025,1.7249,1.61903,4.71452,5.40885,10.5802,10.4673,10.4673,0.0,1.0,1
102862,31.05.2024 11:41:55.850000,-141.971,-177.154,10.7352,10.676,10.7,81.4563,2.04002,2.12046,10.5592,9.13698,556.505,561.025,1.75094,1.65544,4.78267,5.3911,10.5823,10.6843,10.6843,0.0,1.0,1
102863,31.05.2024 11:41:55.860000,-141.971,-177.154,10.7352,10.676,10.7,81.4563,2.04002,2.12046,10.5592,9.13698,556.505,561.025,1.75094,1.65544,4.78267,5.3911,10.5823,10.6843,10.6843,0.0,1.0,1
102864,31.05.2024 11:41:55.870000,-151.776,-171.799,10.7408,10.652,10.639,81.4241,2.0384,2.11976,8.48665,11.3504,556.505,561.05,1.83045,1.65608,4.7276,5.37587,10.5835,11.0749,11.0749,0.0,1.0,1
102865,31.05.2024 11:41:55.880000,-151.776,-171.799,10.7408,10.652,10.639,81.4241,2.0384,2.11976,8.48665,11.3504,556.505,561.05,1.83045,1.65608,4.7276,5.37587,10.5835,11.0749,11.0749,0.0,1.0,1
102866,31.05.2024 11:41:55.890000,-148.81,-177.319,10.734,10.634,10.627,81.4284,2.08074,2.11921,8.60171,12.4353,556.5,561.065,1.90765,1.8658,4.86846,5.35111,10.5847,11.4366,11.4366,0.0,1.0,1
102867,31.05.2024 11:41:55.900000,-151.035,-171.387,10.732,10.671,10.646,81.5028,2.10883,2.12661,12.6748,9.74041,556.515,561.08,2.12286,2.03834,5.00972,5.20209,10.5854,12.1962,12.1962,0.0,1.0,1
102868,31.05.2024 11:41:55.910000,-156.802,-180.615,10.732,10.643,10.656,81.5028,2.11583,2.13309,12.6748,9.74041,556.515,561.08,2.12286,2.03834,5.00972,5.20209,10.5861,12.1962,12.1962,0.0,1.0,1
102869,31.05.2024 11:41:55.920000,-156.802,-171.057,10.7215,10.639,10.656,81.5223,2.11151,2.13459,13.8702,13.0077,556.52,561.085,2.13398,1.83487,5.03807,5.33265,10.5862,12.746,12.746,0.0,1.0,1
102870,31.05.2024 11:41:55.930000,-147.491,-171.057,10.7215,10.639,10.629,81.5168,2.09869,2.13379,11.6824,9.74194,556.525,561.11,2.26954,1.90835,5.03691,5.23317,10.5862,12.746,12.746,0.0,1.0,1
102871,31.05.2024 11:41:55.940000,-143.701,-174.271,10.7241,10.627,10.692,81.5168,2.08036,2.13353,11.6824,9.74194,556.525,561.11,2.26954,1.90835,5.03691,5.23317,10.5866,13.1149,13.1149,0.0,1.0,1
102872,31.05.2024 11:41:55.950000,-143.701,-174.271,10.7241,10.627,10.692,81.5168,2.08036,2.13353,11.6824,9.74194,556.525,561.11,2.26954,1.90835,5.03691,5.23317,10.5866,13.1149,13.1149,0.0,1.0,1
102873,31.05.2024 11:41:55.960000,-143.701,-174.271,10.7321,10.627,10.692,81.5317,2.06681,2.1325,10.5225,9.30234,556.52,561.135,2.31857,2.08669,5.13835,5.26652,10.5877,13.5417,13.5417,0.0,1.0,1
102874,31.05.2024 11:41:55.970000,-143.701,-174.271,10.7321,10.627,10.692,81.5317,2.06681,2.1325,10.5225,9.30234,556.52,561.135,2.31857,2.08669,5.13835,5.26652,10.5877,13.5417,13.5417,0.0,1.0,1
102875,31.05.2024 11:41:55.980000,-152.023,-176.66,10.7311,10.665,10.626,81.4943,2.05819,2.13359,8.80336,11.3929,556.52,561.15,2.42752,2.24534,5.20471,5.22874,10.5887,14.3012,14.3012,0.0,1.0,1
102876,31.05.2024 11:41:55.990000,-152.023,-176.66,10.7311,10.665,10.626,81.4943,2.05819,2.13359,8.80336,11.3929,556.52,561.15,2.42752,2.24534,5.20471,5.22874,10.5887,14.3012,14.3012,0.0,1.0,1
102877,31.05.2024 11:41:56.000000,-148.892,-177.731,10.7301,10.595,10.638,81.4932,2.09168,2.1305,8.71998,10.7665,556.515,561.15,2.41562,2.25494,5.19222,5.2585,10.5891,14.3012,14.3012,0.0,1.0,1
102878,31.05.2024 11:41:56.010000,-148.892,-177.731,10.7301,10.595,10.638,81.4932,2.09168,2.1305,8.71998,10.7665,556.515,561.15,2.41562,2.25494,5.19222,5.2585,10.5891,14.3012,14.3012,0.0,1.0,1
102879,31.05.2024 11:41:56.020000,-155.896,-175.507,10.7212,10.586,10.611,81.4993,2.14159,2.13484,12.5228,9.91966,556.48,561.135,2.34527,1.97243,5.14232,5.25938,10.5896,14.4459,14.4459,0.0,1.0,1
102880,31.05.2024 11:41:56.030000,-155.566,-179.462,10.7215,10.624,10.692,81.5128,2.13834,2.13738,12.8301,10.5994,556.48,561.14,2.19992,1.86809,5.04797,5.28213,10.5915,15.0391,15.0391,0.0,1.0,1
102881,31.05.2024 11:41:56.040000,-155.566,-168.75,10.7215,10.645,10.691,81.5128,2.10402,2.13273,12.8301,10.5994,556.48,561.14,2.19992,1.86809,5.04797,5.28213,10.5915,15.0391,15.0391,0.0,1.0,1
102882,31.05.2024 11:41:56.050000,-160.345,-175.507,10.7137,10.586,10.719,81.4706,2.08452,2.13224,12.0908,11.6739,556.465,561.14,2.12599,1.82958,4.94985,5.24402,10.5925,15.0391,15.0391,0.0,1.0,1
102883,31.05.2024 11:41:56.060000,-160.345,-175.507,10.7137,10.586,10.719,81.4706,2.08452,2.13224,12.0908,11.6739,556.465,561.14,2.12599,1.82958,4.94985,5.24402,10.5925,15.0391,15.0391,0.0,1.0,1
102884,31.05.2024 11:41:56.070000,-160.345,-175.507,10.72,10.586,10.719,81.4646,2.06575,2.13113,8.47651,9.56259,556.46,561.14,1.92534,1.5359,4.93018,5.39987,10.5925,15.3574,15.3574,0.0,1.0,1
102885,31.05.2024 11:41:56.080000,-160.345,-175.507,10.72,10.586,10.719,81.4646,2.06575,2.13113,8.47651,9.56259,556.46,561.14,1.92534,1.5359,4.93018,5.39987,10.5925,15.3574,15.3574,0.0,1.0,1
102886,31.05.2024 11:41:56.090000,-153.094,-180.533,10.7376,10.603,10.692,81.4985,2.05491,2.1275,7.25521,10.0785,556.45,561.16,1.70551,1.35446,4.79112,5.48646,10.594,15.4224,15.4224,0.0,1.0,1
102887,31.05.2024 11:41:56.100000,-148.81,-168.585,10.7275,10.563,10.654,81.6084,2.08136,2.12459,8.56109,11.6206,556.455,561.165,1.56325,1.26961,4.73737,5.48418,10.5948,15.4224,15.4224,0.0,1.0,1
102888,31.05.2024 11:41:56.110000,-148.81,-168.585,10.7212,10.563,10.654,81.6104,2.09711,2.12666,9.96246,9.58496,556.46,561.18,1.53826,1.20984,4.60137,5.43765,10.5956,15.6612,15.6612,0.0,1.0,1
102889,31.05.2024 11:41:56.120000,-147.656,-177.814,10.7212,10.569,10.647,81.6104,2.11746,2.1295,9.96246,9.58496,556.46,561.18,1.53826,1.20984,4.60137,5.43765,10.5956,15.6612,15.6612,0.0,1.0,1
102890,31.05.2024 11:41:56.130000,-145.184,-175.095,10.7235,10.63,10.687,81.6004,2.11811,2.12766,11.6749,10.3412,556.48,561.195,1.45428,1.14513,4.66979,5.42791,10.5969,15.9144,15.9144,0.0,1.0,1
102891,31.05.2024 11:41:56.140000,-145.184,-175.095,10.7235,10.63,10.687,81.6004,2.11811,2.12766,11.6749,10.3412,556.48,561.195,1.45428,1.14513,4.66979,5.42791,10.5969,15.9144,15.9144,0.0,1.0,1
102892,31.05.2024 11:41:56.150000,-145.184,-175.095,10.7373,10.63,10.687,81.5363,2.10982,2.12612,10.8665,10.3058,556.465,561.18,1.37176,1.06098,4.56743,5.39576,10.5969,15.9144,15.9144,0.0,1.0,1
102893,31.05.2024 11:41:56.160000,-149.222,-169.409,10.7439,10.593,10.68,81.4746,2.06449,2.12742,9.75983,9.9295,556.445,561.195,1.29479,0.991004,4.5524,5.35841,10.5986,15.7263,15.7263,0.0,1.0,1
102894,31.05.2024 11:41:56.170000,-148.315,-169.409,10.7439,10.593,10.683,81.4468,2.05306,2.12755,8.06039,9.99973,556.46,561.19,1.24358,0.966571,4.56769,5.38319,10.5986,15.7263,15.7263,0.0,1.0,1
102895,31.05.2024 11:41:56.180000,-156.967,-175.919,10.7362,10.575,10.631,81.4468,2.05043,2.12759,8.06039,9.99973,556.46,561.19,1.24358,0.966571,4.56769,5.38319,10.5998,15.8782,15.8782,0.0,1.0,1
102896,31.05.2024 11:41:56.190000,-156.967,-175.919,10.7327,10.575,10.631,81.7575,2.05721,2.12706,7.18762,10.5109,556.45,561.195,1.28747,0.957595,4.46536,5.34297,10.6005,15.9288,15.9288,0.0,1.0,1
102897,31.05.2024 11:41:56.200000,-156.967,-175.919,10.7327,10.575,10.631,81.7575,2.05721,2.12706,7.18762,10.5109,556.45,561.195,1.28747,0.957595,4.46536,5.34297,10.6005,15.9288,15.9288,0.0,1.0,1
102898,31.05.2024 11:41:56.210000,-152.27,-173.364,10.7327,10.577,10.632,81.7575,2.09061,2.12743,8.8026,10.1485,556.435,561.21,1.21195,0.878238,4.42176,5.28931,10.6005,15.9867,15.9867,0.0,1.0,1
102899,31.05.2024 11:41:56.220000,-152.27,-173.364,10.7327,10.577,10.632,81.7575,2.09061,2.12743,8.8026,10.1485,556.435,561.21,1.21195,0.878238,4.42176,5.28931,10.6005,15.9867,15.9867,0.0,1.0,1
