,time,Pinceur Inf Mesure de courant,Pinceur Sup Mesure de courant,Mandrin - Vitesse Actuelle,Pinceur Sup Mesure vitesse lineaire,Pinceur Inf Mesure vitesse lineaire,Mandrin - Mesure Expansion,Pinceur Nord Position entrefer estimee,Pinceur Sud Position entrefer estimee,Pinceur Nord Force entrefer calibree,Pinceur Sud Force entrefer calibree,Guides Nord Entree Position mesuree,Guides Nord Sortie Position mesuree,Guides Nord Entree Force pour regulateur PI,Guides Nord Sortie Force pour regulateur PI,Guides Sud Entree Force pour regulateur PI,Guides Sud Sortie Force pour regulateur PI,Mandrin - Vitesse Actuelle F10,_Excentrage largeur bande jauge bob,_Excentrage largeur bande jauge bob.1,TDB pinceur,Fenetre,Declancheur
85500,31.05.2024 06:41:36.570000,58.667,102.914,10.7077,11.854,11.782,30.9058,2.75138,2.28616,30.7808,11.7903,679.035,680.09,4.81306,8.50574,0.232304,0.590654,10.1004,47.4754,47.4754,1.0,1.0,1
85501,31.05.2024 06:41:36.580000,85.0342,99.9481,10.7043,11.812,11.81,30.9603,2.71681,2.34672,36.5238,19.2647,677.405,678.415,4.56537,7.93647,0.281733,0.533337,10.1009,47.4754,47.4754,1.0,1.0,1
85502,31.05.2024 06:41:36.590000,85.0342,116.016,10.7043,11.695,11.81,30.9603,2.65958,2.40856,36.5238,19.2647,677.405,678.415,4.56537,7.93647,0.281733,0.533337,10.1015,47.8154,47.8154,1.0,1.0,1
85503,31.05.2024 06:41:36.600000,85.0342,116.016,10.7043,11.695,11.81,30.9603,2.65958,2.40856,36.5238,19.2647,677.405,678.415,4.56537,7.93647,0.281733,0.533337,10.1015,47.8154,47.8154,1.0,1.0,1
85504,31.05.2024 06:41:36.610000,167.514,116.016,10.6935,11.695,11.499,30.978,2.50459,2.4353,31.635,33.1502,675.965,677.07,3.52757,6.36435,0.327278,0.469477,10.1015,47.6707,47.6707,1.0,1.0,1
85505,31.05.2024 06:41:36.620000,167.514,116.016,10.6935,11.695,11.499,30.978,2.50459,2.4353,31.635,33.1502,675.965,677.07,3.52757,6.36435,0.327278,0.469477,10.1015,47.6707,47.6707,1.0,1.0,1
85506,31.05.2024 06:41:36.630000,208.301,145.514,10.7058,11.653,11.483,30.9697,2.40088,2.48506,22.8196,26.063,674.63,675.84,2.68592,6.36308,0.328619,0.495543,10.103,46.5784,46.5784,1.0,1.0,1
85507,31.05.2024 06:41:36.640000,208.301,145.514,10.7058,11.653,11.483,30.9697,2.40088,2.48506,22.8196,26.063,674.63,675.84,2.68592,6.36308,0.328619,0.495543,10.103,46.5784,46.5784,1.0,1.0,1
85508,31.05.2024 06:41:36.650000,310.391,235.986,10.7092,11.522,11.25,30.9919,2.46073,2.4271,22.6202,35.175,672.285,673.615,1.91177,6.69437,0.246685,0.338957,10.1036,45.9491,45.9491,1.0,1.0,1
85509,31.05.2024 06:41:36.660000,376.144,276.443,10.7054,11.435,11.196,31.0163,2.59863,2.33651,29.6487,27.0283,671.22,672.49,1.74433,7.97152,0.301039,0.368595,10.1047,44.864,44.864,1.0,1.0,1
85510,31.05.2024 06:41:36.670000,376.144,346.069,10.7054,11.344,11.196,31.0163,2.64981,2.29558,29.6487,27.0283,671.22,672.49,1.74433,7.97152,0.301039,0.368595,10.106,44.1117,44.1117,1.0,1.0,1
85511,31.05.2024 06:41:36.680000,439.673,346.069,10.693,11.344,11.003,30.9938,2.67959,2.21235,33.069,12.5941,670.12,671.25,2.57506,9.87975,0.309366,0.332285,10.106,44.1117,44.1117,1.0,1.0,1
85512,31.05.2024 06:41:36.690000,484.497,394.601,10.693,11.306,10.985,31.0084,2.63937,2.20084,32.5406,13.7943,668.775,669.86,3.87848,11.3229,0.370981,0.313583,10.1078,44.1117,44.1117,1.0,1.0,1
85513,31.05.2024 06:41:36.700000,484.497,394.601,10.7053,11.306,10.985,31.0084,2.57688,2.19871,32.5406,13.7943,668.775,669.86,3.87848,11.3229,0.370981,0.313583,10.1079,44.1117,44.1117,1.0,1.0,1
85514,31.05.2024 06:41:36.710000,554.37,440.661,10.7033,11.272,10.856,30.9959,2.4144,2.18659,28.1379,14.4765,667.36,668.27,4.46218,11.6854,0.368063,0.269115,10.1079,47.6707,47.6707,1.0,1.0,1
85515,31.05.2024 06:41:36.720000,554.37,440.661,10.7033,11.272,10.856,30.9959,2.4144,2.18659,28.1379,14.4765,667.36,668.27,4.46218,11.6854,0.368063,0.269115,10.1079,47.6707,47.6707,1.0,1.0,1
85516,31.05.2024 06:41:36.730000,579.996,462.826,10.7033,11.237,10.899,30.9959,2.33985,2.20503,20.6557,11.2984,665.9,666.72,4.86012,10.8821,0.312449,0.206917,10.1087,52.3944,52.3944,1.0,1.0,1
85517,31.05.2024 06:41:36.740000,579.996,462.826,10.7033,11.237,10.899,30.9959,2.33985,2.20503,20.6557,11.2984,665.9,666.72,4.86012,10.8821,0.312449,0.206917,10.1087,52.3944,52.3944,1.0,1.0,1
85518,31.05.2024 06:41:36.750000,604.468,526.272,10.7104,11.163,10.896,30.9448,2.26347,2.23578,17.5018,16.3658,664.485,665.275,4.70804,9.882,0.314537,0.213333,10.1112,52.3944,52.3944,1.0,1.0,1
85519,31.05.2024 06:41:36.760000,600.595,584.692,10.7037,11.09,10.825,30.9207,2.35817,2.26881,14.7989,19.6669,662.985,663.9,4.89365,9.80757,0.359653,0.206079,10.1117,56.3079,56.3079,1.0,1.0,1
85520,31.05.2024 06:41:36.770000,611.801,613.367,10.7037,11.075,10.78,30.9645,2.43174,2.27368,21.4594,17.9795,661.54,662.51,4.70604,10.5949,0.343927,0.267525,10.1127,56.3079,56.3079,1.0,1.0,1
85521,31.05.2024 06:41:36.780000,611.801,613.367,10.7092,11.075,10.78,30.9645,2.51255,2.27595,21.4594,17.9795,661.54,662.51,4.70604,10.5949,0.343927,0.267525,10.1138,59.592,59.592,1.0,1.0,1
85522,31.05.2024 06:41:36.790000,597.217,650.363,10.7105,11.029,10.732,30.977,2.63572,2.2855,29.1523,19.1937,660.075,660.92,5.25735,11.7595,0.211809,0.248209,10.1138,59.592,59.592,1.0,1.0,1
85523,31.05.2024 06:41:36.800000,597.217,650.363,10.7105,11.029,10.732,30.977,2.63572,2.2855,29.1523,19.1937,660.075,660.92,5.25735,11.7595,0.211809,0.248209,10.1138,59.592,59.592,1.0,1.0,1
85524,31.05.2024 06:41:36.810000,610.4,666.925,10.7105,10.982,10.677,30.977,2.65256,2.28896,33.9241,20.622,658.52,659.2,6.094,11.5408,0.233673,0.207386,10.1149,60.4094,60.4094,1.0,1.0,1
85525,31.05.2024 06:41:36.820000,592.19,659.674,10.7156,10.93,10.699,30.9402,2.59539,2.29394,33.0241,16.8783,656.875,657.575,6.42381,10.8955,0.280918,0.322514,10.1157,60.4094,60.4094,1.0,1.0,1
85526,31.05.2024 06:41:36.830000,592.19,654.565,10.7156,10.906,10.699,30.9402,2.52945,2.29551,33.0241,16.8783,656.875,657.575,6.42381,10.8955,0.280918,0.322514,10.1162,60.8724,60.8724,1.0,1.0,1
85527,31.05.2024 06:41:36.840000,587.329,654.565,10.7174,10.906,10.7,31.0108,2.39288,2.31798,27.5653,18.3284,655.32,656.08,6.27884,10.5708,0.254965,0.329409,10.1162,60.8724,60.8724,1.0,1.0,1
85528,31.05.2024 06:41:36.850000,598.205,653.576,10.7174,10.962,10.66,30.9996,2.34175,2.32363,21.8163,23.0112,653.76,654.59,6.49374,10.8485,0.286491,0.351965,10.1165,60.8724,60.8724,1.0,1.0,1
85529,31.05.2024 06:41:36.860000,598.205,653.576,10.7066,10.962,10.66,30.9996,2.31658,2.31781,21.8163,23.0112,653.76,654.59,6.49374,10.8485,0.286491,0.351965,10.1172,59.1869,59.1869,1.0,1.0,1
85530,31.05.2024 06:41:36.870000,598.205,653.576,10.7066,10.962,10.66,30.9996,2.31658,2.31781,21.8163,23.0112,653.76,654.59,6.49374,10.8485,0.286491,0.351965,10.1172,59.1869,59.1869,1.0,1.0,1
85531,31.05.2024 06:41:36.880000,600.677,651.929,10.7101,10.818,10.568,30.9767,2.32377,2.30463,19.52,22.4023,652.11,653.04,6.7983,11.4502,0.264233,0.402237,10.1172,59.1797,59.1797,1.0,1.0,1
85532,31.05.2024 06:41:36.890000,600.677,651.929,10.7101,10.818,10.568,30.9767,2.32377,2.30463,19.52,22.4023,652.11,653.04,6.7983,11.4502,0.264233,0.402237,10.1172,59.1797,59.1797,1.0,1.0,1
85533,31.05.2024 06:41:36.900000,589.966,646.82,10.7165,10.726,10.464,30.9515,2.40611,2.28814,20.0757,19.2278,650.5,651.45,6.97586,12.2426,0.199667,0.340738,10.1181,56.9083,56.9083,1.0,1.0,1
85534,31.05.2024 06:41:36.910000,589.966,646.82,10.7165,10.726,10.464,30.9515,2.40611,2.28814,20.0757,19.2278,650.5,651.45,6.97586,12.2426,0.199667,0.340738,10.1181,56.9083,56.9083,1.0,1.0,1
85535,31.05.2024 06:41:36.920000,594.497,635.696,10.7208,10.684,10.446,30.9547,2.52883,2.22739,25.2711,22.9735,648.885,649.785,7.22817,13.2562,0.199352,0.396074,10.1196,54.8973,54.8973,1.0,1.0,1
85536,31.05.2024 06:41:36.930000,594.497,635.696,10.7208,10.684,10.446,30.9547,2.52883,2.22739,25.2711,22.9735,648.885,649.785,7.22817,13.2562,0.199352,0.396074,10.1196,54.8973,54.8973,1.0,1.0,1
85537,31.05.2024 06:41:36.940000,577.194,642.37,10.7241,10.632,10.407,30.9708,2.51908,2.19934,30.5853,12.5325,645.42,646.32,6.8564,12.8252,0.317356,0.432804,10.1206,51.7578,51.7578,1.0,1.0,1
85538,31.05.2024 06:41:36.950000,565.988,636.273,10.7399,10.615,10.393,30.96,2.36679,2.21154,27.2549,11.8676,643.73,644.69,6.36762,12.1559,0.347254,0.37244,10.1203,47.3741,47.3741,1.0,1.0,1
85539,31.05.2024 06:41:36.960000,546.872,623.749,10.7399,10.552,10.341,30.96,2.31112,2.22819,27.2549,11.8676,643.73,644.69,6.36762,12.1559,0.347254,0.37244,10.1213,47.3741,47.3741,1.0,1.0,1
85540,31.05.2024 06:41:36.970000,546.872,623.749,10.7399,10.552,10.341,30.96,2.31112,2.22819,27.2549,11.8676,643.73,644.69,6.36762,12.1559,0.347254,0.37244,10.1213,47.3741,47.3741,1.0,1.0,1
85541,31.05.2024 06:41:36.980000,546.872,623.749,10.7502,10.552,10.341,30.9309,2.27039,2.24551,23.1715,16.5297,642.065,643.09,5.88614,11.7444,0.345392,0.390301,10.1213,47.3741,47.3741,1.0,1.0,1
85542,31.05.2024 06:41:36.990000,538.302,575.464,10.7509,10.519,10.341,30.8862,2.23996,2.2949,18.6251,18.7361,640.42,641.565,5.55579,12.2182,0.403868,0.437717,10.1238,45.884,45.884,1.0,1.0,1
85543,31.05.2024 06:41:37.000000,516.22,575.464,10.7579,10.519,10.354,30.8949,2.25697,2.30183,17.0441,19.0501,638.75,639.935,5.50086,13.1096,0.335806,0.494865,10.1238,45.884,45.884,1.0,1.0,1
85544,31.05.2024 06:41:37.010000,482.519,528.332,10.7579,10.409,10.352,30.8885,2.27933,2.30348,17.1813,21.487,637.03,638.24,5.49559,13.7907,0.386614,0.545248,10.1243,45.884,45.884,1.0,1.0,1
85545,31.05.2024 06:41:37.020000,482.519,528.332,10.7509,10.409,10.352,30.8885,2.30135,2.304,17.1813,21.487,637.03,638.24,5.49559,13.7907,0.386614,0.545248,10.1251,42.0862,42.0862,1.0,1.0,1
85546,31.05.2024 06:41:37.030000,461.426,517.785,10.7553,10.376,10.386,30.8725,2.33242,2.29865,21.0388,23.0608,635.355,636.565,5.31032,13.9237,0.391336,0.505869,10.1251,42.0862,42.0862,1.0,1.0,1
85547,31.05.2024 06:41:37.040000,439.92,491.748,10.7553,10.422,10.371,30.8725,2.33001,2.29301,21.0388,23.0608,635.355,636.565,5.31032,13.9237,0.391336,0.505869,10.126,42.0862,42.0862,1.0,1.0,1
85548,31.05.2024 06:41:37.050000,439.92,491.748,10.7588,10.422,10.371,30.9085,2.31505,2.28832,22.5116,20.5613,633.625,634.85,5.00777,13.6246,0.354568,0.466991,10.126,37.4855,37.4855,1.0,1.0,1
85549,31.05.2024 06:41:37.060000,418.167,479.8,10.7655,10.404,10.329,30.9155,2.29406,2.28565,21.1549,20.4936,631.9,633.19,4.61782,13.5034,0.415291,0.547434,10.1267,37.4855,37.4855,1.0,1.0,1
85550,31.05.2024 06:41:37.070000,418.167,450.879,10.7655,10.347,10.329,30.9155,2.26083,2.28329,21.1549,20.4936,631.9,633.19,4.61782,13.5034,0.415291,0.547434,10.1274,37.4421,37.4421,1.0,1.0,1
85551,31.05.2024 06:41:37.080000,397.485,450.879,10.7764,10.347,10.342,30.9107,2.19654,2.26716,19.8131,19.9336,630.205,631.555,4.30901,13.7018,0.388231,0.527233,10.1274,37.4421,37.4421,1.0,1.0,1
85552,31.05.2024 06:41:37.090000,390.481,433.823,10.7764,10.365,10.362,30.931,2.17099,2.26057,15.8775,19.5812,628.525,629.975,4.03848,14.06,0.445568,0.519617,10.1283,37.4421,37.4421,1.0,1.0,1
85553,31.05.2024 06:41:37.100000,390.481,433.823,10.7836,10.365,10.362,30.931,2.15365,2.25523,15.8775,19.5812,628.525,629.975,4.03848,14.06,0.445568,0.519617,10.1292,35.2503,35.2503,1.0,1.0,1
85554,31.05.2024 06:41:37.110000,373.672,401.44,10.7765,10.306,10.373,30.8751,2.16126,2.22821,14.2614,16.3371,626.88,628.305,4.04023,14.5403,0.48477,0.427099,10.1292,30.4832,30.4832,1.0,1.0,1
85555,31.05.2024 06:41:37.120000,373.672,401.44,10.7765,10.306,10.373,30.8751,2.16126,2.22821,14.2614,16.3371,626.88,628.305,4.04023,14.5403,0.48477,0.427099,10.1292,30.4832,30.4832,1.0,1.0,1
85556,31.05.2024 06:41:37.130000,328.107,383.725,10.7765,10.315,10.36,30.8751,2.17447,2.21415,15.102,15.5283,625.235,626.64,4.29517,14.8778,0.548717,0.468588,10.1305,27.8935,27.8935,1.0,1.0,1
85557,31.05.2024 06:41:37.140000,304.047,360.324,10.7844,10.282,10.368,30.9767,2.20718,2.1945,16.5599,12.2094,623.525,624.92,4.73923,14.8642,0.556599,0.411228,10.1316,27.8935,27.8935,1.0,1.0,1
85558,31.05.2024 06:41:37.150000,304.047,334.863,10.7844,10.331,10.368,30.9767,2.22259,2.17405,16.5599,12.2094,623.525,624.92,4.73923,14.8642,0.556599,0.411228,10.1326,27.8935,27.8935,1.0,1.0,1
85559,31.05.2024 06:41:37.160000,297.867,334.863,10.786,10.331,10.364,30.9816,2.22352,2.15484,16.8788,11.8844,621.8,623.26,4.89292,14.6761,0.595285,0.443319,10.1326,26.8229,26.8229,1.0,1.0,1
85560,31.05.2024 06:41:37.170000,297.867,334.863,10.786,10.331,10.364,30.9816,2.22352,2.15484,16.8788,11.8844,621.8,623.26,4.89292,14.6761,0.595285,0.443319,10.1326,26.8229,26.8229,1.0,1.0,1
85561,31.05.2024 06:41:37.180000,292.181,315.994,10.786,10.353,10.353,31.0089,2.21798,2.15252,17.161,9.82402,620.1,621.575,4.78188,14.8096,0.607273,0.421177,10.1335,26.8157,26.8157,1.0,1.0,1
85562,31.05.2024 06:41:37.190000,292.181,315.994,10.786,10.353,10.353,31.0089,2.21798,2.15252,17.161,9.82402,620.1,621.575,4.78188,14.8096,0.607273,0.421177,10.1335,26.8157,26.8157,1.0,1.0,1
85563,31.05.2024 06:41:37.200000,289.957,317.065,10.7794,10.331,10.301,30.9792,2.16294,2.14154,17.2146,11.5363,618.415,619.9,4.62144,14.8953,0.626207,0.36194,10.1342,27.8212,27.8212,1.0,1.0,1
85564,31.05.2024 06:41:37.210000,291.11,327.365,10.7706,10.302,10.381,30.8924,2.11661,2.13955,16.7977,10.9096,616.755,618.255,4.50854,14.9282,0.826336,0.35832,10.1337,28.4505,28.4505,1.0,1.0,1
85565,31.05.2024 06:41:37.220000,296.136,315.912,10.7721,10.34,10.453,30.9161,2.10405,2.13436,12.7933,10.6068,615.17,616.655,4.49497,15.0619,1.02702,0.388754,10.1359,28.4505,28.4505,1.0,1.0,1
85566,31.05.2024 06:41:37.230000,296.136,315.912,10.7721,10.34,10.453,30.9161,2.10405,2.13436,12.7933,10.6068,615.17,616.655,4.49497,15.0619,1.02702,0.388754,10.1359,28.4505,28.4505,1.0,1.0,1
85567,31.05.2024 06:41:37.240000,296.136,320.361,10.7721,10.44,10.453,30.9161,2.09277,2.13305,12.8197,10.6848,613.51,615.02,5.02733,15.5759,1.80429,0.37512,10.1365,28.0527,28.0527,1.0,1.0,1
85568,31.05.2024 06:41:37.250000,297.372,327.53,10.7676,10.532,10.482,31.0266,2.10133,2.13712,13.3933,11.5721,611.84,613.36,5.18989,15.8408,2.52987,0.651203,10.1375,26.8229,26.8229,1.0,1.0,1
85569,31.05.2024 06:41:37.260000,297.372,327.53,10.7558,10.532,10.482,31.0266,2.10899,2.13542,13.3933,11.5721,611.84,613.36,5.18989,15.8408,2.52987,0.651203,10.1384,26.0851,26.0851,1.0,1.0,1
85570,31.05.2024 06:41:37.270000,303.552,332.803,10.7374,10.45,10.515,31.1005,2.12027,2.13218,13.492,10.1369,610.265,611.775,5.42399,16.0226,2.65466,0.852427,10.1384,26.2225,26.2225,1.0,1.0,1
85571,31.05.2024 06:41:37.280000,305.283,329.178,10.7374,10.392,10.521,31.1005,2.12058,2.13386,13.492,10.1369,610.265,611.775,5.42399,16.0226,2.65466,0.852427,10.1394,26.2225,26.2225,1.0,1.0,1
85572,31.05.2024 06:41:37.290000,305.283,329.178,10.7204,10.392,10.521,31.4678,2.11916,2.13621,14.8551,9.76257,608.885,610.195,5.99339,16.5381,3.10898,1.03663,10.1394,27.4812,27.4812,1.0,1.0,1
85573,31.05.2024 06:41:37.300000,300.174,324.646,10.7298,10.461,10.549,32.0476,2.11626,2.14061,14.3736,11.9616,607.72,608.62,4.35978,10.3801,4.27025,1.43807,10.1404,27.4812,27.4812,1.0,1.0,1
85574,31.05.2024 06:41:37.310000,300.174,324.646,10.7298,10.461,10.549,32.0476,2.11626,2.14061,14.3736,11.9616,607.72,608.62,4.35978,10.3801,4.27025,1.43807,10.1404,27.4812,27.4812,1.0,1.0,1
85575,31.05.2024 06:41:37.320000,300.174,326.047,10.7298,10.569,10.549,32.0476,2.11654,2.14103,14.992,12.535,608.06,609.14,0.751182,-0.451709,5.97227,2.78239,10.1414,27.4812,27.4812,1.0,1.0,1
85576,31.05.2024 06:41:37.330000,300.915,324.975,10.7334,10.61,10.61,33.3063,2.12614,2.13497,14.7936,11.8306,607.745,610.23,1.91401,0.763654,7.80703,5.59564,10.1433,27.4812,27.4812,1.0,1.0,1
85577,31.05.2024 06:41:37.340000,300.915,324.975,10.7375,10.61,10.61,33.3063,2.12768,2.13625,14.7936,11.8306,607.745,610.23,1.91401,0.763654,7.80703,5.59564,10.1443,29.3909,29.3909,1.0,1.0,1
85578,31.05.2024 06:41:37.350000,305.2,330.579,10.7046,10.621,10.581,34.2115,2.12086,2.14195,16.2031,10.769,608.035,610.395,-0.389724,6.13438,8.79159,8.46413,10.1443,30.1866,30.1866,1.0,1.0,1
85579,31.05.2024 06:41:37.360000,303.47,326.623,10.7046,10.63,10.656,34.2115,2.11233,2.13995,16.2031,10.769,608.035,610.395,-0.389724,6.13438,8.79159,8.46413,10.1466,30.1866,30.1866,1.0,1.0,1
85580,31.05.2024 06:41:37.370000,303.47,326.623,10.7046,10.63,10.656,34.2115,2.11233,2.13995,16.2031,10.769,608.035,610.395,-0.389724,6.13438,8.79159,8.46413,10.1466,30.1866,30.1866,1.0,1.0,1
85581,31.05.2024 06:41:37.380000,303.47,326.623,10.6577,10.63,10.656,35.1267,2.10569,2.13503,16.0259,11.6232,608.23,610.275,1.11571,6.16876,9.39042,9.51959,10.1466,30.1866,30.1866,1.0,1.0,1
85582,31.05.2024 06:41:37.390000,303.47,326.623,10.6577,10.63,10.656,35.1267,2.10569,2.13503,16.0259,11.6232,608.23,610.275,1.11571,6.16876,9.39042,9.51959,10.1466,30.1866,30.1866,1.0,1.0,1
85583,31.05.2024 06:41:37.400000,307.342,327.447,10.6183,10.631,10.641,35.9831,2.08092,2.14291,14.0042,11.2576,608.365,610.5,2.29364,5.38513,9.78851,9.16739,10.1492,30.2156,30.2156,1.0,1.0,1
85584,31.05.2024 06:41:37.410000,307.342,327.447,10.6183,10.631,10.641,35.9831,2.08092,2.14291,14.0042,11.2576,608.365,610.5,2.29364,5.38513,9.78851,9.16739,10.1492,30.2156,30.2156,1.0,1.0,1
85585,31.05.2024 06:41:37.420000,300.668,333.133,10.5958,10.621,10.629,38.0472,2.0915,2.14077,14.085,13.6877,608.305,610.76,6.32999,7.34426,8.13722,7.95665,10.1508,27.5969,27.5969,1.0,1.0,1
85586,31.05.2024 06:41:37.430000,314.511,328.189,10.4992,10.661,10.61,39.0886,2.12463,2.14511,15.3958,11.7476,608.325,610.73,6.72143,6.61201,7.47795,8.20144,10.152,25.6438,25.6438,1.0,1.0,1
85587,31.05.2024 06:41:37.440000,302.646,338.077,10.4992,10.607,10.572,39.0886,2.13377,2.13969,15.3958,11.7476,608.325,610.73,6.72143,6.61201,7.47795,8.20144,10.1524,25.6438,25.6438,1.0,1.0,1
85588,31.05.2024 06:41:37.450000,302.646,338.077,10.4936,10.607,10.572,40.2904,2.13204,2.14187,16.7203,12.5582,608.3,610.805,7.39509,5.6576,6.90418,8.55306,10.1524,24.4864,24.4864,1.0,1.0,1
85589,31.05.2024 06:41:37.460000,314.841,323.08,10.4749,10.592,10.524,41.4151,2.12412,2.14928,17.3743,13.2621,608.32,610.95,7.39833,5.01409,6.8542,8.63124,10.1546,24.4864,24.4864,1.0,1.0,1
85590,31.05.2024 06:41:37.470000,314.841,331.238,10.4749,10.509,10.524,41.4151,2.11942,2.15154,17.3743,13.2621,608.32,610.95,7.39833,5.01409,6.8542,8.63124,10.1561,24.4864,24.4864,1.0,1.0,1
85591,31.05.2024 06:41:37.480000,299.844,331.238,10.4176,10.509,10.537,42.6446,2.0987,2.15401,15.3988,13.479,608.365,611.1,7.65492,4.71033,7.29342,8.69191,10.1561,24.4864,24.4864,1.0,1.0,1
85592,31.05.2024 06:41:37.490000,309.979,320.444,10.4176,10.509,10.49,43.9111,2.08559,2.15956,16.6898,15.0615,608.375,611.14,8.15623,4.90921,7.8499,8.95761,10.1574,24.4864,24.4864,1.0,1.0,1
85593,31.05.2024 06:41:37.500000,309.979,320.444,10.362,10.509,10.49,43.9111,2.07552,2.16058,16.6898,15.0615,608.375,611.14,8.15623,4.90921,7.8499,8.95761,10.1591,24.1753,24.1753,1.0,1.0,1
85594,31.05.2024 06:41:37.510000,304.211,327.035,10.3696,10.507,10.45,45.074,2.07225,2.1599,14.452,15.0528,608.39,611.185,8.44662,4.77716,8.5958,9.15928,10.1591,23.8281,23.8281,1.0,1.0,1
85595,31.05.2024 06:41:37.520000,304.376,331.65,10.3696,10.491,10.378,45.074,2.07976,2.15713,14.452,15.0528,608.39,611.185,8.44662,4.77716,8.5958,9.15928,10.1609,23.8281,23.8281,1.0,1.0,1
85596,31.05.2024 06:41:37.530000,304.376,331.65,10.3696,10.491,10.378,45.074,2.07976,2.15713,14.452,15.0528,608.39,611.185,8.44662,4.77716,8.5958,9.15928,10.1609,23.8281,23.8281,1.0,1.0,1
85597,31.05.2024 06:41:37.540000,304.376,331.65,10.3676,10.491,10.378,46.3282,2.09503,2.14751,15.6889,16.6634,608.36,611.235,8.64729,4.22597,8.48425,9.09794,10.1609,23.2205,23.2205,1.0,1.0,1
85598,31.05.2024 06:41:37.550000,304.376,331.65,10.3676,10.491,10.378,46.3282,2.09503,2.14751,15.6889,16.6634,608.36,611.235,8.64729,4.22597,8.48425,9.09794,10.1609,23.2205,23.2205,1.0,1.0,1
85599,31.05.2024 06:41:37.560000,309.155,321.35,10.3268,10.481,10.368,47.5167,2.11227,2.16191,16.6609,13.2172,608.395,611.35,8.3283,4.12878,7.86627,9.08756,10.1633,22.5405,22.5405,1.0,1.0,1
85600,31.05.2024 06:41:37.570000,309.155,321.35,10.3268,10.481,10.368,47.5167,2.11227,2.16191,16.6609,13.2172,608.395,611.35,8.3283,4.12878,7.86627,9.08756,10.1633,22.5405,22.5405,1.0,1.0,1
85601,31.05.2024 06:41:37.580000,302.481,329.672,10.2803,10.43,10.326,49.8385,2.10395,2.13674,16.69,15.2415,608.46,611.475,8.62258,4.41865,6.62753,9.60575,10.1649,21.4988,21.4988,1.0,1.0,1
85602,31.05.2024 06:41:37.590000,297.29,326.129,10.2383,10.398,10.307,50.8918,2.04669,2.15005,15.8499,14.1776,608.505,611.515,8.75623,4.40603,6.05274,9.99084,10.1658,20.7465,20.7465,1.0,1.0,1
85603,31.05.2024 06:41:37.600000,307.26,331.32,10.2383,10.402,10.291,50.8918,2.03343,2.1608,15.8499,14.1776,608.505,611.515,8.75623,4.40603,6.05274,9.99084,10.1679,20.7465,20.7465,1.0,1.0,1
85604,31.05.2024 06:41:37.610000,307.26,331.32,10.2265,10.402,10.291,52.1573,2.02612,2.1775,11.9528,13.6761,608.43,611.55,8.97269,4.45771,5.74354,10.0676,10.1679,19.6181,19.6181,1.0,1.0,1
85605,31.05.2024 06:41:37.620000,300.009,320.114,10.1455,10.355,10.28,53.3284,2.03035,2.17616,16.0502,18.5327,608.39,611.54,8.23545,4.29309,5.49854,10.0438,10.1686,19.6181,19.6181,1.0,1.0,1
85606,31.05.2024 06:41:37.630000,300.009,332.968,10.1455,10.337,10.28,53.3284,2.04875,2.15301,16.0502,18.5327,608.39,611.54,8.23545,4.29309,5.49854,10.0438,10.1692,19.6181,19.6181,1.0,1.0,1
85607,31.05.2024 06:41:37.640000,307.507,332.968,10.1499,10.337,10.205,54.4562,2.07048,2.16023,13.3116,15.2504,608.4,611.55,7.45988,3.6833,5.47672,10.1074,10.1692,17.3249,17.3249,1.0,1.0,1
85608,31.05.2024 06:41:37.650000,304.459,325.717,10.1499,10.3,10.243,55.6833,2.09393,2.16984,16.5312,13.2502,608.475,611.64,6.69199,3.37124,5.60092,10.1688,10.1695,17.3249,17.3249,1.0,1.0,1
85609,31.05.2024 06:41:37.660000,304.459,325.717,10.1682,10.3,10.243,55.6833,2.11654,2.17407,16.5312,13.2502,608.475,611.64,6.69199,3.37124,5.60092,10.1688,10.1709,17.3249,17.3249,1.0,1.0,1
85610,31.05.2024 06:41:37.670000,301.575,324.728,10.1195,10.278,10.19,57.0816,2.14253,2.18049,18.5359,18.8289,608.525,611.745,6.5504,3.4396,5.65337,10.2866,10.1709,15.625,15.625,1.0,1.0,1
85611,31.05.2024 06:41:37.680000,306.106,330.084,10.1195,10.244,10.203,57.0816,2.15767,2.1619,18.5359,18.8289,608.525,611.745,6.5504,3.4396,5.65337,10.2866,10.1712,15.625,15.625,1.0,1.0,1
85612,31.05.2024 06:41:37.690000,306.106,330.084,10.1742,10.244,10.203,58.2872,2.13955,2.1508,19.4411,19.7609,608.55,611.835,6.30183,3.98189,5.36832,10.3715,10.1712,14.1348,14.1348,1.0,1.0,1
85613,31.05.2024 06:41:37.700000,302.975,329.59,10.1958,10.212,10.17,59.5326,2.11253,2.15514,18.9285,9.65925,608.58,611.855,6.13001,4.19129,4.99125,10.209,10.1721,14.1348,14.1348,1.0,1.0,1
85614,31.05.2024 06:41:37.710000,302.975,324.893,10.1958,10.21,10.17,59.5326,2.08717,2.1648,18.9285,9.65925,608.58,611.855,6.13001,4.19129,4.99125,10.209,10.1729,14.1348,14.1348,1.0,1.0,1
85615,31.05.2024 06:41:37.720000,305.447,324.893,10.1384,10.21,10.198,61.1702,2.03996,2.16185,14.825,15.8135,608.59,611.915,5.87426,4.40198,4.61359,10.1578,10.1729,12.5289,12.5289,1.0,1.0,1
85616,31.05.2024 06:41:37.730000,302.399,327.53,10.1384,10.223,10.194,62.5978,2.02175,2.16131,15.418,18.5893,608.595,611.87,5.43976,4.5168,4.28765,10.1593,10.1736,12.5289,12.5289,1.0,1.0,1
85617,31.05.2024 06:41:37.740000,302.399,327.53,10.1034,10.223,10.194,62.5978,2.02039,2.15405,15.418,18.5893,608.595,611.87,5.43976,4.5168,4.28765,10.1593,10.1745,10.4528,10.4528,1.0,1.0,1
85618,31.05.2024 06:41:37.750000,306.518,321.68,10.1309,10.178,10.174,63.744,2.03087,2.13233,12.2573,13.1017,608.61,611.85,4.99199,4.28398,4.08457,10.0008,10.1745,9.06394,9.06394,1.0,1.0,1
85619,31.05.2024 06:41:37.760000,306.518,321.68,10.1309,10.178,10.174,63.744,2.03087,2.13233,12.2573,13.1017,608.61,611.85,4.99199,4.28398,4.08457,10.0008,10.1745,9.06394,9.06394,1.0,1.0,1
85620,31.05.2024 06:41:37.770000,298.855,325.14,10.1309,10.169,10.162,63.744,2.03637,2.12993,11.9633,7.22557,608.63,611.88,4.43816,3.51898,4.09452,9.95037,10.1754,9.06394,9.06394,1.0,1.0,1
85621,31.05.2024 06:41:37.780000,298.855,325.14,10.1309,10.169,10.162,63.744,2.03637,2.12993,11.9633,7.22557,608.63,611.88,4.43816,3.51898,4.09452,9.95037,10.1754,9.06394,9.06394,1.0,1.0,1
85622,31.05.2024 06:41:37.790000,305.283,318.384,10.1795,10.196,10.19,66.4741,2.05809,2.13931,15.5671,15.6505,608.685,612.025,4.12139,3.48365,4.231,9.80332,10.1764,9.03501,9.03501,1.0,1.0,1
85623,31.05.2024 06:41:37.800000,305.283,318.384,10.1795,10.196,10.19,66.4741,2.05809,2.13931,15.5671,15.6505,608.685,612.025,4.12139,3.48365,4.231,9.80332,10.1764,9.03501,9.03501,1.0,1.0,1
85624,31.05.2024 06:41:37.810000,293.005,323.245,10.1523,10.209,10.168,68.172,2.07677,2.14422,14.8917,17.8798,608.71,612.065,3.95957,4.16226,4.21229,9.66311,10.1775,7.59549,7.59549,1.0,1.0,1
85625,31.05.2024 06:41:37.820000,298.773,328.189,10.1471,10.217,10.169,69.7861,2.04381,2.14309,16.9579,15.969,608.725,612.05,3.74943,4.24838,4.25828,9.44016,10.1799,6.96615,6.96615,1.0,1.0,1
85626,31.05.2024 06:41:37.830000,299.597,327.365,10.1792,10.164,10.153,71.1142,2.03193,2.16602,13.9911,13.3406,608.745,612.045,3.53184,4.00465,4.38601,9.39594,10.1799,6.47424,6.47424,1.0,1.0,1
85627,31.05.2024 06:41:37.840000,302.069,331.485,10.1792,10.153,10.183,71.1142,2.03336,2.17642,13.9911,13.3406,608.745,612.045,3.53184,4.00465,4.38601,9.39594,10.1809,6.47424,6.47424,1.0,1.0,1
85628,31.05.2024 06:41:37.850000,302.069,331.485,10.2028,10.153,10.183,72.254,2.03769,2.18226,14.906,19.7039,608.745,612.08,3.37222,3.8998,4.12657,9.33342,10.1809,6.35127,6.35127,1.0,1.0,1
85629,31.05.2024 06:41:37.860000,302.811,323.492,10.1756,10.21,10.182,73.0939,2.05633,2.17574,16.7897,19.1758,608.76,612.09,3.15598,3.94429,3.61399,9.19549,10.1824,6.35127,6.35127,1.0,1.0,1
85630,31.05.2024 06:41:37.870000,302.811,331.979,10.1756,10.21,10.182,73.0939,2.07744,2.15225,16.7897,19.1758,608.76,612.09,3.15598,3.94429,3.61399,9.19549,10.1841,5.59896,5.59896,1.0,1.0,1
85631,31.05.2024 06:41:37.880000,303.552,331.979,10.2215,10.21,10.216,73.7298,2.0909,2.15508,15.9094,14.1034,608.755,612.11,3.11784,3.75073,3.40482,9.05778,10.1841,5.83768,5.83768,1.0,1.0,1
85632,31.05.2024 06:41:37.890000,304.706,328.848,10.2215,10.22,10.232,74.3269,2.09688,2.16926,18.0637,13.9405,608.76,612.09,2.84024,3.70882,3.3874,8.92854,10.1841,5.83768,5.83768,1.0,1.0,1
85633,31.05.2024 06:41:37.900000,304.706,328.848,10.2436,10.22,10.232,74.3269,2.09907,2.17657,18.0637,13.9405,608.76,612.09,2.84024,3.70882,3.3874,8.92854,10.185,5.7147,5.7147,1.0,1.0,1
85634,31.05.2024 06:41:37.910000,303.223,332.144,10.2084,10.217,10.205,75.0637,2.08504,2.17553,17.6666,19.8633,608.75,612.055,2.72357,3.30011,3.32819,8.87699,10.185,6.17043,6.17043,1.0,1.0,1
85635,31.05.2024 06:41:37.920000,304.541,325.47,10.2084,10.246,10.231,75.0637,2.07566,2.16586,17.6666,19.8633,608.75,612.055,2.72357,3.30011,3.32819,8.87699,10.1874,6.17043,6.17043,1.0,1.0,1
85636,31.05.2024 06:41:37.930000,304.541,325.47,10.2583,10.246,10.231,75.9674,2.0601,2.16067,16.5081,15.8768,608.73,612.09,2.3506,2.89349,3.4477,8.73405,10.1874,6.17043,6.17043,1.0,1.0,1
85637,31.05.2024 06:41:37.940000,300.586,331.485,10.2768,10.245,10.217,76.9996,2.04024,2.16277,14.0988,11.438,608.75,612.13,2.12071,2.69674,3.61739,8.46211,10.1877,6.17043,6.17043,1.0,1.0,1
85638,31.05.2024 06:41:37.950000,300.586,325.882,10.2768,10.199,10.217,76.9996,2.02636,2.16142,14.0988,11.438,608.75,612.13,2.12071,2.69674,3.61739,8.46211,10.1896,6.04022,6.04022,1.0,1.0,1
85639,31.05.2024 06:41:37.960000,307.013,325.882,10.2661,10.199,10.234,78.0269,2.0296,2.14914,12.6009,17.4032,608.75,612.155,1.98292,2.80084,3.60536,8.34297,10.1896,6.67679,6.67679,1.0,1.0,1
85640,31.05.2024 06:41:37.970000,306.93,330.908,10.2661,10.223,10.253,78.9041,2.03821,2.14922,17.4511,18.7651,608.75,612.185,1.77033,3.00002,3.60049,8.31177,10.1904,6.67679,6.67679,1.0,1.0,1
85641,31.05.2024 06:41:37.980000,306.93,330.908,10.288,10.223,10.253,78.9041,2.06247,2.14357,17.4511,18.7651,608.75,612.185,1.77033,3.00002,3.60049,8.31177,10.1916,6.67679,6.67679,1.0,1.0,1
85642,31.05.2024 06:41:37.990000,304.541,331.155,10.3147,10.218,10.263,79.5152,2.10123,2.12862,16.349,13.215,608.745,612.145,1.7248,2.93696,3.41046,8.06959,10.1916,6.67679,6.67679,1.0,1.0,1
85643,31.05.2024 06:41:38.000000,304.541,331.155,10.3147,10.218,10.263,79.5152,2.10123,2.12862,16.349,13.215,608.745,612.145,1.7248,2.93696,3.41046,8.06959,10.1916,6.67679,6.67679,1.0,1.0,1
85644,31.05.2024 06:41:38.010000,298.938,327.695,10.3147,10.247,10.253,79.5152,2.10432,2.12895,19.1113,12.4387,608.725,612.105,1.64445,2.85839,3.07563,7.80206,10.1929,6.61893,6.61893,1.0,1.0,1
85645,31.05.2024 06:41:38.020000,298.938,327.695,10.3147,10.247,10.253,79.5152,2.10432,2.12895,19.1113,12.4387,608.725,612.105,1.64445,2.85839,3.07563,7.80206,10.1929,6.61893,6.61893,1.0,1.0,1
85646,31.05.2024 06:41:38.030000,294.159,308.578,10.3096,10.269,10.267,80.4458,2.09881,2.15455,18.1729,17.7966,608.71,612.11,1.42875,2.37674,2.97219,7.6965,10.1939,6.61893,6.61893,1.0,1.0,1
85647,31.05.2024 06:41:38.040000,265.979,293.994,10.3494,10.271,10.306,80.8337,2.04871,2.15914,16.4789,18.3529,608.725,612.17,1.2817,2.34532,2.83203,7.5078,10.1952,6.67679,6.67679,1.0,1.0,1
85648,31.05.2024 06:41:38.050000,247.028,259.717,10.3494,10.289,10.319,81.1004,2.0168,2.16301,16.6222,14.3911,608.725,612.17,1.2662,2.64673,2.71354,7.13632,10.1966,6.67679,6.67679,1.0,1.0,1
85649,31.05.2024 06:41:38.060000,247.028,259.717,10.396,10.289,10.319,81.1004,2.00051,2.16856,16.6222,14.3911,608.725,612.17,1.2662,2.64673,2.71354,7.13632,10.1982,6.12702,6.12702,1.0,1.0,1
85650,31.05.2024 06:41:38.070000,238.788,255.679,10.4153,10.278,10.279,81.3087,1.98771,2.16786,10.5513,15.3328,608.735,612.145,1.22602,2.7457,2.85461,7.02828,10.1982,5.32408,5.32408,1.0,1.0,1
85651,31.05.2024 06:41:38.080000,231.454,240.848,10.4153,10.292,10.311,81.3087,1.9984,2.16376,10.5513,15.3328,608.735,612.145,1.22602,2.7457,2.85461,7.02828,10.1996,5.32408,5.32408,1.0,1.0,1
85652,31.05.2024 06:41:38.090000,231.454,240.848,10.4153,10.292,10.311,81.3087,1.9984,2.16376,10.5513,15.3328,608.735,612.145,1.22602,2.7457,2.85461,7.02828,10.1996,5.32408,5.32408,1.0,1.0,1
85653,31.05.2024 06:41:38.100000,231.454,240.848,10.4248,10.292,10.311,81.5228,2.0123,2.16167,11.8137,18.6453,608.72,612.14,1.32436,2.49032,2.8014,6.95366,10.1996,5.32408,5.32408,1.0,1.0,1
85654,31.05.2024 06:41:38.110000,231.454,240.848,10.4248,10.292,10.311,81.5228,2.0123,2.16167,11.8137,18.6453,608.72,612.14,1.32436,2.49032,2.8014,6.95366,10.1996,5.32408,5.32408,1.0,1.0,1
85655,31.05.2024 06:41:38.120000,200.391,170.233,10.42,10.355,10.354,81.6269,2.0635,2.1403,14.277,14.1057,608.71,612.135,1.23805,2.31498,2.64457,6.83851,10.2021,5.32408,5.32408,1.0,1.0,1
85656,31.05.2024 06:41:38.130000,147.574,130.765,10.4544,10.392,10.438,81.8309,2.06247,2.14803,16.955,15.6998,608.68,612.145,1.19142,2.21539,2.66552,6.70835,10.2035,5.02025,5.02025,1.0,1.0,1
85657,31.05.2024 06:41:38.140000,147.574,130.765,10.4726,10.392,10.438,81.8309,2.06067,2.14234,16.955,15.6998,608.68,612.145,1.19142,2.21539,2.66552,6.70835,10.205,5.33132,5.33132,1.0,1.0,1
85658,31.05.2024 06:41:38.150000,123.843,101.926,10.4868,10.426,10.356,81.9288,2.02967,2.13265,16.8047,16.9918,608.675,612.155,1.19055,2.17934,2.70226,6.6446,10.205,4.76708,4.76708,1.0,1.0,1
85659,31.05.2024 06:41:38.160000,124.585,79.1839,10.4868,10.444,10.367,81.9288,2.01447,2.13067,16.8047,16.9918,608.675,612.155,1.19055,2.17934,2.70226,6.6446,10.2063,4.76708,4.76708,1.0,1.0,1
85660,31.05.2024 06:41:38.170000,124.585,79.1839,10.4979,10.444,10.367,81.9604,2.0027,2.12608,13.9696,12.673,608.665,612.14,1.16356,2.3592,2.65376,6.74752,10.2063,4.96238,4.96238,1.0,1.0,1
85661,31.05.2024 06:41:38.180000,108.105,51.7456,10.5259,10.46,10.416,82.0022,1.99677,2.12011,12.7818,14.7883,608.64,612.11,1.11582,2.37602,2.68905,6.752,10.2082,4.96238,4.96238,1.0,1.0,1
85662,31.05.2024 06:41:38.190000,108.105,19.4458,10.5259,10.399,10.416,82.0022,1.99719,2.12411,12.7818,14.7883,608.64,612.11,1.11582,2.37602,2.68905,6.752,10.2092,4.96962,4.96962,1.0,1.0,1
85663,31.05.2024 06:41:38.200000,80.3375,19.4458,10.5238,10.399,10.456,82.0351,2.03263,2.13519,14.0868,16.3923,608.615,612.095,1.14509,2.08158,2.69269,6.54828,10.2092,4.46326,4.46326,1.0,1.0,1
85664,31.05.2024 06:41:38.210000,59.4909,33.7829,10.5238,10.414,10.446,82.0334,2.05928,2.13449,16.047,14.5036,608.62,612.105,0.96734,1.99573,2.79092,6.5564,10.2105,4.46326,4.46326,1.0,1.0,1
85665,31.05.2024 06:41:38.220000,59.4909,33.7829,10.5292,10.414,10.446,82.0334,2.08301,2.12975,16.047,14.5036,608.62,612.105,0.96734,1.99573,2.79092,6.5564,10.212,4.1088,4.1088,1.0,1.0,1
85666,31.05.2024 06:41:38.230000,48.1201,-50.4272,10.5403,10.454,10.41,82.0385,2.10718,2.12779,16.6367,12.7209,608.61,612.11,1.0734,1.99986,2.81348,6.56461,10.212,3.94966,3.94966,1.0,1.0,1
85667,31.05.2024 06:41:38.240000,0.0,-34.9365,10.5403,10.352,10.454,82.0385,2.10352,2.1274,16.6367,12.7209,608.61,612.11,1.0734,1.99986,2.81348,6.56461,10.2132,3.94966,3.94966,1.0,1.0,1
85668,31.05.2024 06:41:38.250000,0.0,-34.9365,10.5651,10.352,10.454,82.0498,2.09118,2.12632,17.4365,13.4927,608.575,612.08,1.12847,1.96148,2.64539,6.59659,10.2132,3.94966,3.94966,1.0,1.0,1
85669,31.05.2024 06:41:38.260000,-25.296,-93.4387,10.5493,10.401,10.48,82.0766,2.06495,2.12749,16.6917,14.7496,608.545,612.06,1.0137,2.0186,2.60463,6.51373,10.2148,3.94966,3.94966,1.0,1.0,1
85670,31.05.2024 06:41:38.270000,-25.296,-93.4387,10.5493,10.401,10.48,82.0766,2.06495,2.12749,16.6917,14.7496,608.545,612.06,1.0137,2.0186,2.60463,6.51373,10.2148,3.94966,3.94966,1.0,1.0,1
85671,31.05.2024 06:41:38.280000,-25.296,-94.9218,10.5493,10.395,10.48,82.0766,2.03781,2.1258,13.5587,13.2792,608.555,612.07,0.850642,1.86315,2.49628,6.29964,10.2163,3.76157,3.76157,1.0,1.0,1
85672,31.05.2024 06:41:38.290000,-97.8882,-129.199,10.5223,10.478,10.495,82.0645,1.97861,2.11541,13.4756,11.8997,608.52,612.055,0.846898,2.0622,2.52291,6.16526,10.2178,3.47222,3.47222,1.0,1.0,1
85673,31.05.2024 06:41:38.300000,-97.8882,-129.199,10.5244,10.478,10.495,82.0645,1.97711,2.115,13.4756,11.8997,608.52,612.055,0.846898,2.0622,2.52291,6.16526,10.2197,3.32755,3.32755,1.0,1.0,1
85674,31.05.2024 06:41:38.310000,-117.334,-175.342,10.5282,10.536,10.519,82.1468,2.00038,2.11134,12.9729,13.6669,608.525,612.02,0.862767,1.92958,2.5447,6.12471,10.2197,3.32755,3.32755,1.0,1.0,1
85675,31.05.2024 06:41:38.320000,-127.057,-185.229,10.5282,10.52,10.442,82.1468,2.02179,2.11029,12.9729,13.6669,608.525,612.02,0.862767,1.92958,2.5447,6.12471,10.2207,3.32755,3.32755,1.0,1.0,1
85676,31.05.2024 06:41:38.330000,-127.057,-185.229,10.5202,10.52,10.442,82.1148,2.04157,2.10886,13.0569,13.0623,608.485,612.0,0.933263,1.79121,2.53471,6.04552,10.2207,2.87181,2.87181,1.0,1.0,1
85677,31.05.2024 06:41:38.340000,-133.649,-189.349,10.5006,10.444,10.456,82.2109,2.05987,2.10841,15.4122,11.4424,608.465,612.02,0.801044,1.57482,2.49294,6.03995,10.2231,2.87181,2.87181,1.0,1.0,1
85678,31.05.2024 06:41:38.350000,-133.649,-194.788,10.5006,10.4,10.456,82.2109,2.07232,2.10882,15.4122,11.4424,608.465,612.02,0.801044,1.57482,2.49294,6.03995,10.2242,2.14843,2.14843,1.0,1.0,1
85679,31.05.2024 06:41:38.360000,-151.776,-194.788,10.5035,10.4,10.473,82.2303,2.0723,2.11185,15.3202,11.3857,608.44,611.985,0.711049,1.77258,2.50385,5.91604,10.2242,2.28588,2.28588,1.0,1.0,1
85680,31.05.2024 06:41:38.370000,-170.068,-195.612,10.5035,10.433,10.453,82.2027,2.06012,2.11237,15.2688,11.8495,608.42,611.975,0.628808,1.83389,2.56464,5.94539,10.225,2.28588,2.28588,1.0,1.0,1
85681,31.05.2024 06:41:38.380000,-170.068,-195.612,10.4935,10.433,10.453,82.2027,2.04272,2.11404,15.2688,11.8495,608.42,611.975,0.628808,1.83389,2.56464,5.94539,10.2275,2.28588,2.28588,1.0,1.0,1
85682,31.05.2024 06:41:38.390000,-175.671,-192.48,10.471,10.473,10.425,82.2958,2.01788,2.11394,13.4728,12.7749,608.425,611.96,0.530599,1.60908,2.48995,5.968,10.2275,2.47397,2.47397,1.0,1.0,1
85683,31.05.2024 06:41:38.400000,-175.671,-192.48,10.471,10.473,10.425,82.2958,2.01788,2.11394,13.4728,12.7749,608.425,611.96,0.530599,1.60908,2.48995,5.968,10.2275,2.47397,2.47397,1.0,1.0,1
85684,31.05.2024 06:41:38.410000,-174.93,-189.679,10.471,10.432,10.392,82.2958,2.01345,2.11454,13.5334,12.5894,608.395,611.94,0.608714,1.84994,2.52523,5.92951,10.2291,2.46672,2.46672,1.0,1.0,1
85685,31.05.2024 06:41:38.420000,-170.316,-191.656,10.4679,10.398,10.403,82.2223,2.02691,2.11297,14.1639,13.1908,608.37,611.94,0.696782,1.78814,2.47122,5.92562,10.2302,2.46672,2.46672,1.0,1.0,1
85686,31.05.2024 06:41:38.430000,-170.316,-198.578,10.4679,10.374,10.403,82.2223,2.04488,2.11369,14.1639,13.1908,608.37,611.94,0.696782,1.78814,2.47122,5.92562,10.2321,2.31482,2.31482,1.0,1.0,1
85687,31.05.2024 06:41:38.440000,-170.316,-198.578,10.4679,10.374,10.403,82.2223,2.04488,2.11369,14.1639,13.1908,608.37,611.94,0.696782,1.78814,2.47122,5.92562,10.2321,2.31482,2.31482,1.0,1.0,1
85688,31.05.2024 06:41:38.450000,-176.66,-198.578,10.4579,10.374,10.356,82.2091,2.07581,2.11566,14.6405,12.4564,608.335,611.9,0.794675,1.78605,2.46013,5.8955,10.2321,2.31482,2.31482,1.0,1.0,1
85689,31.05.2024 06:41:38.460000,-174.271,-195.447,10.4326,10.367,10.373,82.1847,2.0875,2.11751,16.4242,12.5013,608.315,611.88,0.702102,1.85923,2.5083,5.92372,10.2344,1.96759,1.96759,1.0,1.0,1
85690,31.05.2024 06:41:38.470000,-174.271,-195.447,10.4326,10.367,10.373,82.1847,2.0875,2.11751,16.4242,12.5013,608.315,611.88,0.702102,1.85923,2.5083,5.92372,10.2344,1.96759,1.96759,1.0,1.0,1
85691,31.05.2024 06:41:38.480000,-177.978,-200.885,10.4075,10.323,10.263,82.1514,2.07042,2.11381,16.6288,14.3803,608.275,611.87,0.64318,1.53325,2.48644,5.91523,10.2344,1.72888,1.72888,1.0,1.0,1
85692,31.05.2024 06:41:38.490000,-177.649,-198.495,10.4184,10.312,10.354,82.1762,2.03921,2.11121,14.9746,12.7121,608.265,611.83,0.639037,1.62542,2.41932,5.87538,10.2355,1.62037,1.62037,1.0,1.0,1
85693,31.05.2024 06:41:38.500000,-168.75,-194.293,10.3937,10.328,10.325,82.1733,2.03137,2.11121,13.969,12.272,608.245,611.805,0.684711,1.59744,2.45332,5.96004,10.2367,1.62037,1.62037,1.0,1.0,1
85694,31.05.2024 06:41:38.510000,-168.75,-200.473,10.3937,10.338,10.325,82.1733,2.03048,2.11313,13.969,12.272,608.245,611.805,0.684711,1.59744,2.45332,5.96004,10.2381,1.40335,1.40335,1.0,1.0,1
85695,31.05.2024 06:41:38.520000,-177.649,-200.473,10.3672,10.338,10.32,82.1372,2.0565,2.10899,13.5627,12.746,608.215,611.775,0.671289,1.38896,2.46078,6.01588,10.2381,1.48293,1.48293,1.0,1.0,1
85696,31.05.2024 06:41:38.530000,-170.727,-199.731,10.3672,10.379,10.338,82.1288,2.07682,2.10718,13.2738,12.2478,608.19,611.775,0.669841,1.37454,2.43539,6.03246,10.2394,1.48293,1.48293,1.0,1.0,1
85697,31.05.2024 06:41:38.540000,-170.727,-199.731,10.37,10.379,10.338,82.1288,2.09584,2.1097,13.2738,12.2478,608.19,611.775,0.669841,1.37454,2.43539,6.03246,10.2405,1.03444,1.03444,1.0,1.0,1
85698,31.05.2024 06:41:38.550000,-176.66,-196.106,10.3716,10.338,10.303,82.0558,2.1305,2.1154,14.8397,13.3191,608.145,611.755,0.668569,1.28814,2.39717,6.05599,10.2405,1.03444,1.03444,1.0,1.0,1
85699,31.05.2024 06:41:38.560000,-176.66,-196.106,10.3716,10.338,10.303,82.0558,2.1305,2.1154,14.8397,13.3191,608.145,611.755,0.668569,1.28814,2.39717,6.05599,10.2405,1.03444,1.03444,1.0,1.0,1
85700,31.05.2024 06:41:38.570000,-164.795,-197.507,10.3716,10.281,10.324,82.0558,2.13476,2.11747,17.4042,14.6906,608.12,611.715,0.561866,1.09676,2.39692,6.01243,10.2421,0.672743,0.672743,0.0,1.0,1
85701,31.05.2024 06:41:38.580000,-171.304,-200.226,10.3453,10.303,10.315,82.1306,2.11905,2.1257,17.8179,16.03,608.12,611.695,0.608554,1.03044,2.36775,6.08675,10.2432,0.672743,0.672743,0.0,1.0,1
85702,31.05.2024 06:41:38.590000,-171.304,-200.226,10.3453,10.303,10.315,82.1306,2.11905,2.1257,17.8179,16.03,608.12,611.695,0.608554,1.03044,2.36775,6.08675,10.2432,0.672743,0.672743,0.0,1.0,1
85703,31.05.2024 06:41:38.600000,-171.304,-195.941,10.3453,10.311,10.315,82.1306,2.09677,2.12729,15.9533,13.1879,608.09,611.67,0.658923,1.09567,2.37876,6.22605,10.2447,0.30382,0.30382,0.0,1.0,1
85704,31.05.2024 06:41:38.610000,-172.952,-190.585,10.3438,10.299,10.247,82.2234,2.02437,2.12953,11.909,13.643,608.06,611.665,0.829034,1.09114,2.45662,6.22953,10.245,0.30382,0.30382,0.0,1.0,1
85705,31.05.2024 06:41:38.620000,-172.952,-190.585,10.3538,10.299,10.247,82.2234,2.01828,2.1285,11.909,13.643,608.06,611.665,0.829034,1.09114,2.45662,6.22953,10.2465,0.0795722,0.0795722,0.0,1.0,1
85706,31.05.2024 06:41:38.630000,-171.304,-202.862,10.3615,10.277,10.257,82.217,2.03464,2.12236,11.2534,15.0368,608.045,611.64,0.807448,1.11319,2.39265,6.27804,10.2465,0.0,0.0,0.0,1.0,1
85707,31.05.2024 06:41:38.640000,-171.304,-202.862,10.3615,10.277,10.257,82.217,2.03464,2.12236,11.2534,15.0368,608.045,611.64,0.807448,1.11319,2.39265,6.27804,10.2465,0.0,0.0,0.0,1.0,1
85708,31.05.2024 06:41:38.650000,-172.623,-198.248,10.3615,10.26,10.23,82.217,2.05614,2.11894,12.0288,13.1544,608.005,611.6,1.02182,1.30837,2.3206,6.23938,10.2481,-0.600405,-0.600405,0.0,1.0,1
85709,31.05.2024 06:41:38.660000,-172.623,-198.248,10.3615,10.26,10.23,82.217,2.05614,2.11894,12.0288,13.1544,608.005,611.6,1.02182,1.30837,2.3206,6.23938,10.2481,-0.600405,-0.600405,0.0,1.0,1
85710,31.05.2024 06:41:38.670000,-175.095,-197.671,10.352,10.284,10.266,82.1365,2.10028,2.12189,14.1262,11.2945,607.97,611.575,1.00228,1.08454,2.39425,6.33873,10.2486,-0.600405,-0.600405,0.0,1.0,1
85711,31.05.2024 06:41:38.680000,-175.095,-197.671,10.352,10.284,10.266,82.1365,2.10028,2.12189,14.1262,11.2945,607.97,611.575,1.00228,1.08454,2.39425,6.33873,10.2486,-0.600405,-0.600405,0.0,1.0,1
85712,31.05.2024 06:41:38.690000,-171.469,-196.435,10.3659,10.284,10.242,82.1417,2.12714,2.13771,15.7406,13.7295,607.965,611.56,0.927568,1.06695,2.35221,6.30154,10.2498,-1.35272,-1.35272,0.0,1.0,1
85713,31.05.2024 06:41:38.700000,-171.469,-196.435,10.3659,10.284,10.242,82.1417,2.12714,2.13771,15.7406,13.7295,607.965,611.56,0.927568,1.06695,2.35221,6.30154,10.2498,-1.35272,-1.35272,0.0,1.0,1
85714,31.05.2024 06:41:38.710000,-169.986,-196.106,10.366,10.302,10.238,82.1387,2.10148,2.13686,13.7055,14.0911,607.94,611.525,1.01604,1.20757,2.27956,6.27421,10.2536,-1.60591,-1.60591,0.0,1.0,1
85715,31.05.2024 06:41:38.720000,-169.986,-196.106,10.366,10.302,10.238,82.1387,2.10148,2.13686,13.7055,14.0911,607.94,611.525,1.01604,1.20757,2.27956,6.27421,10.2536,-1.60591,-1.60591,0.0,1.0,1
85716,31.05.2024 06:41:38.730000,-176.66,-195.941,10.3691,10.298,10.287,82.1244,2.03349,2.13707,11.2427,10.909,607.875,611.465,1.05247,1.20394,2.27779,6.00417,10.2553,-1.60591,-1.60591,0.0,1.0,1
85717,31.05.2024 06:41:38.740000,-176.66,-195.941,10.3691,10.298,10.287,82.1244,2.03349,2.13707,11.2427,10.909,607.875,611.465,1.05247,1.20394,2.27779,6.00417,10.2553,-1.60591,-1.60591,0.0,1.0,1
85718,31.05.2024 06:41:38.750000,-175.095,-192.81,10.3628,10.323,10.276,82.2124,2.03091,2.13518,10.3031,16.3253,607.845,611.435,1.17311,1.24983,2.21967,5.91683,10.2571,-1.671,-1.671,0.0,1.0,1
85719,31.05.2024 06:41:38.760000,-175.095,-192.81,10.3628,10.323,10.276,82.2124,2.03091,2.13518,10.3031,16.3253,607.845,611.435,1.17311,1.24983,2.21967,5.91683,10.2571,-1.671,-1.671,0.0,1.0,1
85720,31.05.2024 06:41:38.770000,-173.776,-193.057,10.3513,10.349,10.33,82.2003,2.10276,2.12537,13.4115,14.8828,607.83,611.43,1.10903,1.2437,2.37678,5.95759,10.2591,-0.629343,-0.629343,0.0,1.0,1
85721,31.05.2024 06:41:38.780000,-173.529,-195.776,10.3704,10.334,10.348,82.2072,2.15482,2.12657,14.8391,13.7622,607.81,611.385,1.20586,1.45585,2.20411,5.92514,10.2642,-0.629343,-0.629343,0.0,1.0,1
85722,31.05.2024 06:41:38.790000,-172.458,-194.952,10.3931,10.349,10.346,82.1823,2.17348,2.12691,17.6042,13.702,607.765,611.355,1.1501,1.29575,2.07975,5.94336,10.2642,-0.224248,-0.224248,0.0,1.0,1
85723,31.05.2024 06:41:38.800000,-172.458,-194.952,10.3931,10.349,10.346,82.1823,2.17348,2.12691,17.6042,13.702,607.765,611.355,1.1501,1.29575,2.07975,5.94336,10.2642,-0.224248,-0.224248,0.0,1.0,1
85724,31.05.2024 06:41:38.810000,-173.859,-195.117,10.3931,10.345,10.349,82.1823,2.16527,2.12713,16.6801,14.6209,607.745,611.32,1.27006,1.13394,2.1043,5.92397,10.267,-0.122979,-0.122979,0.0,1.0,1
85725,31.05.2024 06:41:38.820000,-173.859,-195.117,10.3931,10.345,10.349,82.1823,2.16527,2.12713,16.6801,14.6209,607.745,611.32,1.27006,1.13394,2.1043,5.92397,10.267,-0.122979,-0.122979,0.0,1.0,1
85726,31.05.2024 06:41:38.830000,-173.199,-195.364,10.399,10.349,10.352,82.1215,2.12465,2.13112,15.2321,11.9542,607.715,611.27,1.25543,1.27955,2.106,6.02386,10.2697,-0.122979,-0.122979,0.0,1.0,1
85727,31.05.2024 06:41:38.840000,-178.226,-198.825,10.4088,10.35,10.339,82.1513,2.06708,2.13447,12.7347,12.3932,607.675,611.24,1.23495,1.09949,2.04527,5.88396,10.2715,0.651039,0.651039,0.0,1.0,1
85728,31.05.2024 06:41:38.850000,-168.091,-195.529,10.4088,10.35,10.334,82.2058,2.06419,2.13458,10.6331,14.0708,607.665,611.235,1.18097,1.03243,2.10488,5.82191,10.2744,0.651039,0.651039,0.0,1.0,1
85729,31.05.2024 06:41:38.860000,-168.091,-195.529,10.4152,10.35,10.334,82.2058,2.07196,2.13184,10.6331,14.0708,607.665,611.235,1.18097,1.03243,2.10488,5.82191,10.2775,0.947632,0.947632,0.0,1.0,1
85730,31.05.2024 06:41:38.870000,-175.507,-196.765,10.4347,10.323,10.346,82.1553,2.10202,2.13029,11.4019,13.8871,607.645,611.205,1.164,1.13861,1.99771,5.86703,10.2775,0.947632,0.947632,0.0,1.0,1
85731,31.05.2024 06:41:38.880000,-171.634,-195.776,10.4347,10.33,10.336,82.1553,2.12007,2.13152,11.4019,13.8871,607.645,611.205,1.164,1.13861,1.99771,5.86703,10.2801,0.947632,0.947632,0.0,1.0,1
85732,31.05.2024 06:41:38.890000,-171.634,-195.776,10.4398,10.33,10.336,82.2483,2.13312,2.13366,12.6212,11.3537,607.605,611.165,1.3028,1.08982,1.96902,5.75181,10.2801,1.84462,1.84462,0.0,1.0,1
85733,31.05.2024 06:41:38.900000,-176.166,-196.518,10.4596,10.365,10.354,82.2846,2.1397,2.13583,14.8661,12.8737,607.6,611.14,1.20957,1.18116,1.96764,5.72449,10.2836,1.84462,1.84462,0.0,1.0,1
85734,31.05.2024 06:41:38.910000,-176.166,-198.907,10.4596,10.363,10.354,82.2846,2.13917,2.13802,14.8661,12.8737,607.6,611.14,1.20957,1.18116,1.96764,5.72449,10.2868,2.09056,2.09056,0.0,1.0,1
85735,31.05.2024 06:41:38.920000,-169.574,-198.907,10.4791,10.363,10.348,82.2458,2.11183,2.13781,15.474,13.7554,607.555,611.115,1.3642,1.25489,1.95209,5.82016,10.2868,2.25694,2.25694,0.0,1.0,1
85736,31.05.2024 06:41:38.930000,-169.574,-198.907,10.4791,10.363,10.348,82.2458,2.11183,2.13781,15.474,13.7554,607.555,611.115,1.3642,1.25489,1.95209,5.82016,10.2868,2.25694,2.25694,0.0,1.0,1
85737,31.05.2024 06:41:38.940000,-175.342,-201.709,10.4791,10.386,10.366,82.2057,2.09257,2.1392,12.2885,12.5751,607.54,611.09,1.37956,1.30386,1.99836,5.76287,10.29,2.25694,2.25694,0.0,1.0,1
85738,31.05.2024 06:41:38.950000,-175.342,-201.709,10.4791,10.386,10.366,82.2057,2.09257,2.1392,12.2885,12.5751,607.54,611.09,1.37956,1.30386,1.99836,5.76287,10.29,2.25694,2.25694,0.0,1.0,1
85739,31.05.2024 06:41:38.960000,-176.66,-197.342,10.48,10.369,10.385,82.2035,2.0543,2.1403,12.3424,13.1932,607.525,611.07,1.4461,1.35697,1.9375,5.78569,10.2933,2.22077,2.22077,0.0,1.0,1
85740,31.05.2024 06:41:38.970000,-169.08,-202.451,10.5057,10.384,10.389,82.2087,2.06884,2.13947,9.90219,13.7754,607.465,611.05,1.59018,1.50857,1.97432,5.79404,10.2964,2.94416,2.94416,0.0,1.0,1
85741,31.05.2024 06:41:38.980000,-172.87,-194.87,10.5058,10.416,10.451,82.1975,2.08761,2.13863,10.407,12.8796,607.46,610.96,1.43084,1.65683,1.98762,5.85237,10.2995,2.94416,2.94416,0.0,1.0,1
85742,31.05.2024 06:41:38.990000,-172.87,-194.87,10.5058,10.469,10.451,82.1975,2.11053,2.14011,10.407,12.8796,607.46,610.96,1.43084,1.65683,1.98762,5.85237,10.3031,3.04542,3.04542,0.0,1.0,1
85743,31.05.2024 06:41:39.000000,-170.892,-194.87,10.4969,10.469,10.455,82.1491,2.14993,2.14732,11.2566,11.5613,607.4,610.915,1.58623,1.42374,2.02516,5.81315,10.3031,3.34201,3.34201,0.0,1.0,1
85744,31.05.2024 06:41:39.010000,-171.387,-195.035,10.4969,10.545,10.471,82.1605,2.16276,2.14919,11.7405,12.894,607.365,610.87,1.34414,1.01751,1.94884,5.88509,10.3064,3.34201,3.34201,0.0,1.0,1
85745,31.05.2024 06:41:39.020000,-171.387,-195.035,10.5061,10.545,10.471,82.1605,2.16641,2.14881,11.7405,12.894,607.365,610.87,1.34414,1.01751,1.94884,5.88509,10.3097,3.77604,3.77604,0.0,1.0,1
85746,31.05.2024 06:41:39.030000,-171.387,-195.035,10.5061,10.545,10.471,82.1605,2.16641,2.14881,11.7405,12.894,607.365,610.87,1.34414,1.01751,1.94884,5.88509,10.3097,3.77604,3.77604,0.0,1.0,1
85747,31.05.2024 06:41:39.040000,-171.551,-193.387,10.5176,10.575,10.525,82.1905,2.14748,2.147,13.6754,15.4141,607.365,610.85,1.24458,0.851928,1.98154,5.91827,10.3097,3.78327,3.78327,0.0,1.0,1
85748,31.05.2024 06:41:39.050000,-171.551,-193.387,10.5176,10.575,10.525,82.1905,2.14748,2.147,13.6754,15.4141,607.365,610.85,1.24458,0.851928,1.98154,5.91827,10.3097,3.78327,3.78327,0.0,1.0,1
85749,31.05.2024 06:41:39.060000,-165.289,-189.596,10.5272,10.498,10.514,82.2054,2.12696,2.15333,13.2124,13.3017,607.34,610.86,1.23469,0.948381,2.07843,6.00345,10.3131,3.78327,3.78327,0.0,1.0,1
85750,31.05.2024 06:41:39.070000,-165.289,-189.596,10.5272,10.498,10.514,82.2054,2.12696,2.15333,13.2124,13.3017,607.34,610.86,1.23469,0.948381,2.07843,6.00345,10.3131,3.78327,3.78327,0.0,1.0,1
85751,31.05.2024 06:41:39.080000,-163.312,-189.844,10.5359,10.517,10.5,82.1972,2.13689,2.14724,13.5116,16.0208,607.32,610.84,1.38425,1.1456,2.01625,6.03069,10.3199,4.53559,4.53559,0.0,1.0,1
85752,31.05.2024 06:41:39.090000,-170.068,-196.765,10.5479,10.529,10.483,82.2065,2.15738,2.14288,13.985,14.1773,607.24,610.68,1.4606,1.2148,2.03647,6.04147,10.323,5.19387,5.19387,0.0,1.0,1
85753,31.05.2024 06:41:39.100000,-170.068,-196.765,10.5627,10.529,10.483,82.2065,2.16418,2.14756,13.985,14.1773,607.24,610.68,1.4606,1.2148,2.03647,6.04147,10.3263,5.24451,5.24451,0.0,1.0,1
85754,31.05.2024 06:41:39.110000,-171.963,-196.188,10.5696,10.478,10.499,82.1407,2.16404,2.15718,15.5139,13.1637,607.21,610.67,1.31337,0.722512,2.02224,6.12479,10.3263,6.11256,6.11256,0.0,1.0,1
85755,31.05.2024 06:41:39.120000,-171.963,-196.188,10.5696,10.478,10.499,82.1407,2.16404,2.15718,15.5139,13.1637,607.21,610.67,1.31337,0.722512,2.02224,6.12479,10.3263,6.11256,6.11256,0.0,1.0,1
85756,31.05.2024 06:41:39.130000,-172.87,-194.952,10.5696,10.421,10.495,82.1407,2.15572,2.15404,15.035,14.7106,607.18,610.67,1.30593,0.822934,2.03949,6.06346,10.3304,6.19936,6.19936,0.0,1.0,1
85757,31.05.2024 06:41:39.140000,-172.87,-194.952,10.5696,10.421,10.495,82.1407,2.15572,2.15404,15.035,14.7106,607.18,610.67,1.30593,0.822934,2.03949,6.06346,10.3304,6.19936,6.19936,0.0,1.0,1
85758,31.05.2024 06:41:39.150000,-170.48,-196.435,10.58,10.456,10.462,82.2395,2.11872,2.14559,12.7538,11.5745,607.16,610.66,1.20579,1.01379,1.96962,6.07586,10.3335,6.19936,6.19936,0.0,1.0,1
85759,31.05.2024 06:41:39.160000,-166.196,-196.847,10.5941,10.542,10.483,82.2579,2.06348,2.14519,8.51286,11.1742,607.165,610.61,1.23988,1.07743,1.97183,6.13413,10.337,7.45805,7.45805,0.0,1.0,1
85760,31.05.2024 06:41:39.170000,-170.81,-196.847,10.5941,10.556,10.476,82.1951,2.06293,2.1455,8.17232,13.0181,607.135,610.545,1.29531,1.14735,1.90677,6.18723,10.3408,7.45805,7.45805,0.0,1.0,1
85761,31.05.2024 06:41:39.180000,-170.81,-196.847,10.5941,10.556,10.476,82.1951,2.06293,2.1455,8.17232,13.0181,607.135,610.545,1.29531,1.14735,1.90677,6.18723,10.3408,7.45805,7.45805,0.0,1.0,1
85762,31.05.2024 06:41:39.190000,-170.81,-196.847,10.5975,10.556,10.476,82.1951,2.07187,2.14336,9.26176,11.172,607.095,610.495,1.41378,0.949016,1.85098,6.13989,10.3446,7.45805,7.45805,0.0,1.0,1
85763,31.05.2024 06:41:39.200000,-170.81,-196.847,10.5975,10.556,10.476,82.1951,2.07187,2.14336,9.26176,11.172,607.095,610.495,1.41378,0.949016,1.85098,6.13989,10.3446,7.45805,7.45805,0.0,1.0,1
85764,31.05.2024 06:41:39.210000,-175.919,-200.308,10.6053,10.554,10.488,82.1676,2.13261,2.14352,10.6672,10.4139,607.045,610.47,1.36786,0.753514,1.79622,6.24362,10.348,8.36227,8.36227,0.0,1.0,1
85765,31.05.2024 06:41:39.220000,-171.963,-192.48,10.6053,10.605,10.566,82.1704,2.16309,2.16427,12.4624,13.2326,607.02,610.46,1.30647,0.778836,1.84738,6.29399,10.3518,8.19589,8.19589,0.0,1.0,1
85766,31.05.2024 06:41:39.230000,-171.963,-199.896,10.6053,10.577,10.566,82.1704,2.16995,2.17207,12.4624,13.2326,607.02,610.46,1.30647,0.778836,1.84738,6.29399,10.3555,8.19589,8.19589,0.0,1.0,1
85767,31.05.2024 06:41:39.240000,-165.701,-199.896,10.5972,10.577,10.529,82.1971,2.16245,2.17174,13.8095,17.3516,607.0,610.425,1.23628,0.901015,1.92156,6.36857,10.3555,8.18143,8.18143,0.0,1.0,1
85768,31.05.2024 06:41:39.250000,-174.518,-193.14,10.5972,10.61,10.546,82.1617,2.14902,2.17379,11.813,12.6907,607.0,610.375,1.34569,1.08165,1.8129,6.34746,10.3594,8.18143,8.18143,0.0,1.0,1
85769,31.05.2024 06:41:39.260000,-174.518,-193.14,10.5972,10.61,10.546,82.1617,2.14902,2.17379,11.813,12.6907,607.0,610.375,1.34569,1.08165,1.8129,6.34746,10.3594,8.18143,8.18143,0.0,1.0,1
85770,31.05.2024 06:41:39.270000,-174.518,-193.14,10.6098,10.61,10.546,82.1617,2.13465,2.17436,11.4991,12.2514,606.97,610.33,1.62888,1.07235,1.78971,6.33193,10.3634,7.92824,7.92824,0.0,1.0,1
85771,31.05.2024 06:41:39.280000,-171.551,-192.81,10.6184,10.59,10.568,82.2346,2.11829,2.17246,10.1697,14.9748,606.95,610.29,1.78751,1.04752,1.7213,6.35212,10.3672,8.34056,8.34056,0.0,1.0,1
85772,31.05.2024 06:41:39.290000,-171.551,-192.81,10.6244,10.59,10.568,82.2088,2.12908,2.16767,10.1697,14.9748,606.95,610.29,1.78751,1.04752,1.7213,6.35212,10.3672,8.23929,8.23929,0.0,1.0,1
85773,31.05.2024 06:41:39.300000,-171.469,-192.48,10.6176,10.586,10.601,82.2188,2.14568,2.16274,11.1629,14.521,606.92,610.225,1.96801,1.04697,1.68333,6.33661,10.3709,8.23929,8.23929,0.0,1.0,1
85774,31.05.2024 06:41:39.310000,-171.469,-198.495,10.6176,10.588,10.601,82.2188,2.16805,2.1616,11.1629,14.521,606.92,610.225,1.96801,1.04697,1.68333,6.33661,10.375,8.43461,8.43461,0.0,1.0,1
85775,31.05.2024 06:41:39.320000,-173.447,-198.495,10.6179,10.588,10.59,82.2689,2.20236,2.16293,9.88727,10.7808,606.87,610.18,1.93661,0.927037,1.70432,6.44608,10.375,8.48524,8.48524,0.0,1.0,1
85776,31.05.2024 06:41:39.330000,-173.364,-193.387,10.6179,10.584,10.527,82.2519,2.20979,2.16371,12.9413,12.9132,606.85,610.165,1.94288,0.653262,1.84712,6.50649,10.3777,8.48524,8.48524,0.0,1.0,1
85777,31.05.2024 06:41:39.340000,-173.364,-193.387,10.6292,10.584,10.527,82.2519,2.21087,2.16697,12.9413,12.9132,606.85,610.165,1.94288,0.653262,1.84712,6.50649,10.3825,8.48524,8.48524,0.0,1.0,1
85778,31.05.2024 06:41:39.350000,-174.271,-193.304,10.6386,10.601,10.582,82.2005,2.1913,2.16926,12.9399,15.3624,606.845,610.15,2.0507,0.944829,1.8994,6.53341,10.3825,8.7529,8.7529,0.0,1.0,1
85779,31.05.2024 06:41:39.360000,-170.233,-192.233,10.6386,10.568,10.552,82.2005,2.17306,2.16817,12.9399,15.3624,606.845,610.15,2.0507,0.944829,1.8994,6.53341,10.3861,8.7529,8.7529,0.0,1.0,1
85780,31.05.2024 06:41:39.370000,-170.233,-192.233,10.6368,10.568,10.552,82.1684,2.15182,2.1676,13.5166,13.1643,606.815,610.125,2.20449,1.10507,1.92978,6.59922,10.3861,8.44184,8.44184,0.0,1.0,1
85781,31.05.2024 06:41:39.380000,-171.057,-191.656,10.6453,10.572,10.538,82.1673,2.13453,2.16765,11.564,10.7874,606.775,610.08,2.35979,1.20263,1.94614,6.64749,10.3902,8.44184,8.44184,0.0,1.0,1
85782,31.05.2024 06:41:39.390000,-171.057,-192.81,10.6453,10.59,10.538,82.1673,2.12604,2.16767,11.564,10.7874,606.775,610.08,2.35979,1.20263,1.94614,6.64749,10.3936,8.57928,8.57928,0.0,1.0,1
85783,31.05.2024 06:41:39.400000,-168.915,-192.81,10.6485,10.59,10.576,82.1458,2.13069,2.1665,9.95475,13.5261,606.755,610.03,2.40001,1.44414,1.91004,6.67062,10.3936,8.57928,8.57928,0.0,1.0,1
85784,31.05.2024 06:41:39.410000,-165.701,-195.035,10.6485,10.599,10.53,82.1467,2.14157,2.16525,10.3143,12.4297,606.745,610.005,2.4343,1.39866,1.93081,6.74171,10.3977,8.57928,8.57928,0.0,1.0,1
85785,31.05.2024 06:41:39.420000,-165.701,-195.035,10.6485,10.599,10.53,82.1467,2.14157,2.16525,10.3143,12.4297,606.745,610.005,2.4343,1.39866,1.93081,6.74171,10.3977,8.57928,8.57928,0.0,1.0,1
85786,31.05.2024 06:41:39.430000,-165.701,-195.035,10.6412,10.599,10.53,82.1467,2.15223,2.16015,11.1366,10.2821,606.7,609.95,2.58831,1.425,1.86502,6.68486,10.4021,8.04398,8.04398,0.0,1.0,1
85787,31.05.2024 06:41:39.440000,-173.941,-199.155,10.6528,10.589,10.602,82.1092,2.16564,2.16777,11.144,9.30082,606.67,609.895,2.52467,1.51139,1.79861,6.75249,10.4062,7.86314,7.86314,0.0,1.0,1
85788,31.05.2024 06:41:39.450000,-173.941,-199.155,10.6528,10.589,10.602,82.1092,2.16564,2.16777,11.144,9.30082,606.67,609.895,2.52467,1.51139,1.79861,6.75249,10.4062,7.86314,7.86314,0.0,1.0,1
85789,31.05.2024 06:41:39.460000,-173.941,-199.155,10.6632,10.589,10.602,82.1283,2.16226,2.16889,11.144,9.30082,606.67,609.895,2.52467,1.51139,1.79861,6.75249,10.4062,8.02951,8.02951,0.0,1.0,1
85790,31.05.2024 06:41:39.470000,-173.941,-199.155,10.6632,10.589,10.602,82.1283,2.16226,2.16889,11.144,9.30082,606.67,609.895,2.52467,1.51139,1.79861,6.75249,10.4062,8.02951,8.02951,0.0,1.0,1
85791,31.05.2024 06:41:39.480000,-172.046,-202.533,10.6489,10.657,10.59,82.0891,2.12013,2.16558,11.1277,13.6225,606.635,609.865,2.51313,1.26297,1.88824,6.80451,10.4146,7.68229,7.68229,0.0,1.0,1
85792,31.05.2024 06:41:39.490000,-172.046,-202.533,10.6489,10.657,10.59,82.0891,2.12013,2.16558,11.1277,13.6225,606.635,609.865,2.51313,1.26297,1.88824,6.80451,10.4146,7.68229,7.68229,0.0,1.0,1
85793,31.05.2024 06:41:39.500000,-170.645,-192.728,10.641,10.691,10.639,82.1129,2.10639,2.17058,7.37987,10.6926,606.59,609.83,2.45157,1.43899,1.69043,6.78796,10.4184,7.58825,7.58825,0.0,1.0,1
85794,31.05.2024 06:41:39.510000,-166.772,-200.967,10.6504,10.626,10.583,82.1475,2.14691,2.1736,8.61937,14.342,606.56,609.795,2.33094,1.60171,1.76653,6.75002,10.4233,7.42187,7.42187,0.0,1.0,1
85795,31.05.2024 06:41:39.520000,-163.477,-200.638,10.6504,10.618,10.607,82.1475,2.16803,2.17311,8.61937,14.342,606.56,609.795,2.33094,1.60171,1.76653,6.75002,10.4268,7.42187,7.42187,0.0,1.0,1
85796,31.05.2024 06:41:39.530000,-163.477,-200.638,10.6592,10.618,10.607,82.1602,2.18557,2.17542,10.7938,13.7513,606.55,609.73,2.23276,1.7765,1.74836,6.81457,10.4268,7.38571,7.38571,0.0,1.0,1
85797,31.05.2024 06:41:39.540000,-172.952,-195.776,10.6555,10.647,10.61,82.1481,2.19704,2.17948,11.5004,10.3577,606.49,609.66,2.29756,1.73869,1.69418,6.78384,10.4309,7.38571,7.38571,0.0,1.0,1
85798,31.05.2024 06:41:39.550000,-172.952,-194.623,10.6555,10.618,10.61,82.1481,2.20336,2.18473,11.5004,10.3577,606.49,609.66,2.29756,1.73869,1.69418,6.78384,10.4351,7.32783,7.32783,0.0,1.0,1
85799,31.05.2024 06:41:39.560000,-163.065,-194.623,10.6628,10.618,10.548,82.1594,2.19254,2.18396,12.4295,14.0109,606.465,609.645,2.01268,1.38607,1.64697,6.806,10.4351,7.32783,7.32783,0.0,1.0,1
