,time,Pinceur Inf Mesure de courant,Pinceur Sup Mesure de courant,Mandrin - Vitesse Actuelle,Pinceur Sup Mesure vitesse lineaire,Pinceur Inf Mesure vitesse lineaire,Mandrin - Mesure Expansion,Pinceur Nord Position entrefer estimee,Pinceur Sud Position entrefer estimee,Pinceur Nord Force entrefer calibree,Pinceur Sud Force entrefer calibree,Guides Nord Entree Position mesuree,Guides Nord Sortie Position mesuree,Guides Nord Entree Force pour regulateur PI,Guides Nord Sortie Force pour regulateur PI,Guides Sud Entree Force pour regulateur PI,Guides Sud Sortie Force pour regulateur PI,Mandrin - Vitesse Actuelle F10,_Excentrage largeur bande jauge bob,_Excentrage largeur bande jauge bob.1,TDB pinceur,Fenetre,Declancheur
89100,31.05.2024 07:43:05.820000,49.9328,80.6671,10.8717,12.006,12.089,30.7922,2.78818,2.2733,29.394,6.86662,682.56,683.37,7.50066,8.09813,0.341513,-0.0276294,10.2694,100.181,100.181,1.0,1.0,1
89101,31.05.2024 07:43:05.830000,79.7607,84.7046,10.8712,11.947,12.049,30.8683,2.71918,2.33392,33.3407,12.9177,680.745,681.59,7.65384,8.73297,0.409452,-0.0331607,10.2705,100.181,100.181,1.0,1.0,1
89102,31.05.2024 07:43:05.840000,79.7607,84.7046,10.8712,11.947,12.049,30.8683,2.71918,2.33392,33.3407,12.9177,680.745,681.59,7.65384,8.73297,0.409452,-0.0331607,10.2705,100.181,100.181,1.0,1.0,1
89103,31.05.2024 07:43:05.850000,131.177,95.9106,10.8725,11.883,11.873,30.8739,2.65747,2.39378,35.0081,22.6625,679.02,679.83,7.51701,8.45279,0.448336,-0.0457683,10.2705,100.239,100.239,1.0,1.0,1
89104,31.05.2024 07:43:05.860000,131.177,95.9106,10.8725,11.883,11.873,30.8739,2.65747,2.39378,35.0081,22.6625,679.02,679.83,7.51701,8.45279,0.448336,-0.0457683,10.2705,100.239,100.239,1.0,1.0,1
89105,31.05.2024 07:43:05.870000,125.326,97.3114,10.8632,11.957,11.866,30.8063,2.39482,2.43466,27.9504,35.1683,677.495,678.15,7.31184,7.58845,0.405539,-0.0344691,10.2738,100.246,100.246,1.0,1.0,1
89106,31.05.2024 07:43:05.880000,125.326,97.3114,10.8632,11.957,11.866,30.8063,2.39482,2.43466,27.9504,35.1683,677.495,678.15,7.31184,7.58845,0.405539,-0.0344691,10.2738,100.246,100.246,1.0,1.0,1
89107,31.05.2024 07:43:05.890000,144.772,95.0866,10.8742,11.898,11.804,30.82,2.28314,2.45984,19.229,24.6644,675.93,676.6,7.38963,7.211,0.362253,-0.00745344,10.2752,100.246,100.246,1.0,1.0,1
89108,31.05.2024 07:43:05.900000,261.612,196.353,10.873,11.783,11.563,30.8336,2.30591,2.40165,14.808,29.2845,672.915,673.62,6.93626,6.55798,0.365126,-0.0775027,10.2768,99.1681,99.1681,1.0,1.0,1
89109,31.05.2024 07:43:05.910000,261.612,196.353,10.873,11.783,11.563,30.8336,2.30591,2.40165,14.808,29.2845,672.915,673.62,6.93626,6.55798,0.365126,-0.0775027,10.2768,99.1681,99.1681,1.0,1.0,1
89110,31.05.2024 07:43:05.920000,261.612,196.353,10.8761,11.783,11.563,30.8335,2.35759,2.37006,21.7996,19.5047,671.505,672.16,7.65436,7.08385,0.311403,-0.116756,10.2782,98.98,98.98,1.0,1.0,1
89111,31.05.2024 07:43:05.930000,312.204,210.855,10.8807,11.775,11.548,30.8513,2.47558,2.29967,21.7996,19.5047,671.505,672.16,7.65436,7.08385,0.311403,-0.116756,10.2804,98.98,98.98,1.0,1.0,1
89112,31.05.2024 07:43:05.940000,345.328,262.765,10.8783,11.672,11.46,30.7782,2.47865,2.28108,22.9239,16.0857,670.05,670.63,8.45358,8.15177,0.27347,-0.0557475,10.2823,98.98,98.98,1.0,1.0,1
89113,31.05.2024 07:43:05.950000,345.328,262.765,10.8783,11.672,11.46,30.8496,2.46174,2.26832,23.3689,16.6887,668.435,668.96,9.35761,8.63243,0.325354,-0.0341296,10.2823,90.5816,90.5816,1.0,1.0,1
89114,31.05.2024 07:43:05.960000,373.92,326.294,10.8774,11.603,11.468,30.8496,2.42322,2.26391,23.3689,16.6887,668.435,668.96,9.35761,8.63243,0.325354,-0.0341296,10.2848,90.5816,90.5816,1.0,1.0,1
89115,31.05.2024 07:43:05.970000,373.92,326.294,10.8774,11.603,11.468,30.8496,2.42322,2.26391,23.3689,16.6887,668.435,668.96,9.35761,8.63243,0.325354,-0.0341296,10.2848,90.5816,90.5816,1.0,1.0,1
89116,31.05.2024 07:43:05.980000,373.92,326.294,10.8874,11.603,11.468,30.9303,2.32433,2.26113,21.038,13.5893,666.76,667.235,9.66388,8.83816,0.228655,-0.169212,10.2869,85.8145,85.8145,1.0,1.0,1
89117,31.05.2024 07:43:05.990000,373.92,326.294,10.8874,11.603,11.468,30.9303,2.32433,2.26113,21.038,13.5893,666.76,667.235,9.66388,8.83816,0.228655,-0.169212,10.2869,85.8145,85.8145,1.0,1.0,1
89118,31.05.2024 07:43:06.000000,435.47,395.013,10.8901,11.556,11.397,30.9038,2.24633,2.268,16.5683,11.0307,665.2,665.52,9.35448,8.01854,0.125853,-0.194297,10.2878,85.8145,85.8145,1.0,1.0,1
89119,31.05.2024 07:43:06.010000,435.47,395.013,10.8901,11.556,11.397,30.9038,2.24633,2.268,16.5683,11.0307,665.2,665.52,9.35448,8.01854,0.125853,-0.194297,10.2878,85.8145,85.8145,1.0,1.0,1
89120,31.05.2024 07:43:06.020000,455.823,441.321,10.8977,11.523,11.376,30.8699,2.25876,2.29087,13.9862,16.3896,663.72,663.895,9.33746,7.33653,0.207781,-0.0814776,10.2898,79.6152,79.6152,1.0,1.0,1
89121,31.05.2024 07:43:06.030000,516.22,476.01,10.8944,11.494,11.298,30.8934,2.35401,2.29032,17.3236,15.4179,660.465,660.87,9.79294,7.0142,0.260489,-0.149162,10.291,79.5573,79.5573,1.0,1.0,1
89122,31.05.2024 07:43:06.040000,516.22,476.01,10.8828,11.494,11.298,30.8934,2.40451,2.29528,17.3236,15.4179,660.465,660.87,9.79294,7.0142,0.260489,-0.149162,10.2919,79.5573,79.5573,1.0,1.0,1
89123,31.05.2024 07:43:06.050000,516.22,476.01,10.8828,11.494,11.298,30.8934,2.40451,2.29528,17.3236,15.4179,660.465,660.87,9.79294,7.0142,0.260489,-0.149162,10.2919,79.5573,79.5573,1.0,1.0,1
89124,31.05.2024 07:43:06.060000,516.22,476.01,10.895,11.494,11.298,30.8813,2.49148,2.29782,23.2013,18.1925,658.92,659.3,10.2141,8.08637,0.383043,-0.0913386,10.2938,76.9387,76.9387,1.0,1.0,1
89125,31.05.2024 07:43:06.070000,516.22,476.01,10.895,11.494,11.298,30.8813,2.49148,2.29782,23.2013,18.1925,658.92,659.3,10.2141,8.08637,0.383043,-0.0913386,10.2938,76.9387,76.9387,1.0,1.0,1
89126,31.05.2024 07:43:06.080000,583.868,556.018,10.8974,11.413,11.207,30.8683,2.50566,2.31998,26.5603,19.7453,657.265,657.635,10.8267,9.7104,0.473043,-0.0439715,10.2942,73.7124,73.7124,1.0,1.0,1
89127,31.05.2024 07:43:06.090000,606.528,623.007,10.896,11.363,11.195,30.8502,2.40381,2.3422,28.0652,20.2629,655.56,656.005,10.8322,10.4335,0.414579,-0.032516,10.2959,70.1823,70.1823,1.0,1.0,1
89128,31.05.2024 07:43:06.100000,601.913,623.007,10.9061,11.363,11.188,30.8162,2.354,2.35323,22.5001,23.0992,653.83,654.28,10.8322,10.4335,0.414579,-0.032516,10.2971,67.8675,67.8675,1.0,1.0,1
89129,31.05.2024 07:43:06.110000,601.913,623.007,10.9061,11.363,11.188,30.8386,2.30941,2.36432,21.1777,22.6696,652.14,652.58,10.3537,10.0305,0.401575,-0.0550609,10.2971,64.8727,64.8727,1.0,1.0,1
89130,31.05.2024 07:43:06.120000,606.198,650.445,10.8959,11.358,11.171,30.8386,2.27552,2.36195,21.1777,22.6696,652.14,652.58,10.3537,10.0305,0.401575,-0.0550609,10.2991,64.8727,64.8727,1.0,1.0,1
89131,31.05.2024 07:43:06.130000,606.198,650.445,10.9023,11.358,11.171,30.8328,2.25939,2.34586,17.2794,22.1163,650.465,650.875,9.97984,9.89045,0.478895,0.00381899,10.3013,60.8796,60.8796,1.0,1.0,1
89132,31.05.2024 07:43:06.140000,600.513,650.94,10.9023,11.32,11.187,30.8328,2.27093,2.34621,17.766,22.2496,648.835,649.235,9.67814,9.70979,0.477007,0.00705004,10.3013,60.8218,60.8218,1.0,1.0,1
89133,31.05.2024 07:43:06.150000,597.629,653.0,10.9167,11.25,11.149,30.9271,2.30315,2.33614,17.766,22.2496,648.835,649.235,9.67814,9.70979,0.477007,0.00705004,10.3029,60.8218,60.8218,1.0,1.0,1
89134,31.05.2024 07:43:06.160000,597.629,653.0,10.9184,11.25,11.149,30.9759,2.33965,2.31918,18.6475,22.4799,647.205,647.62,9.86862,9.7082,0.507757,-0.142047,10.3029,57.5087,57.5087,1.0,1.0,1
89135,31.05.2024 07:43:06.170000,600.924,640.393,10.9184,11.204,11.131,30.9759,2.39613,2.29881,18.6475,22.4799,647.205,647.62,9.86862,9.7082,0.507757,-0.142047,10.3049,57.5087,57.5087,1.0,1.0,1
89136,31.05.2024 07:43:06.180000,592.19,642.865,10.9332,11.178,11.091,30.8939,2.40943,2.28907,23.3722,18.124,645.49,645.985,10.046,9.98266,0.463804,-0.164413,10.3066,55.3819,55.3819,1.0,1.0,1
89137,31.05.2024 07:43:06.190000,592.19,642.865,10.9332,11.178,11.091,30.8939,2.40943,2.28907,23.3722,18.124,645.49,645.985,10.046,9.98266,0.463804,-0.164413,10.3066,55.3819,55.3819,1.0,1.0,1
89138,31.05.2024 07:43:06.200000,581.149,636.026,10.9332,11.135,11.038,30.8951,2.4053,2.27847,24.7647,17.1973,643.78,644.26,10.0094,10.3987,0.488588,-0.248062,10.3066,53.248,53.248,1.0,1.0,1
89139,31.05.2024 07:43:06.210000,581.149,636.026,10.93,11.135,11.038,30.7691,2.33445,2.28309,23.8143,16.2064,642.035,642.58,9.80854,10.1821,0.485949,-0.201744,10.3106,50.3689,50.3689,1.0,1.0,1
89140,31.05.2024 07:43:06.220000,551.651,626.88,10.93,11.088,11.055,30.7691,2.30468,2.28793,21.745,19.6356,640.33,640.93,9.34638,9.86231,0.505659,-0.205242,10.3106,50.3689,50.3689,1.0,1.0,1
89141,31.05.2024 07:43:06.230000,524.707,593.262,10.9424,11.088,11.052,30.7577,2.28149,2.29495,21.745,19.6356,640.33,640.93,9.34638,9.86231,0.505659,-0.205242,10.3122,50.3689,50.3689,1.0,1.0,1
89142,31.05.2024 07:43:06.240000,524.707,593.262,10.9424,11.088,11.052,30.7577,2.28149,2.29495,21.745,19.6356,640.33,640.93,9.34638,9.86231,0.505659,-0.205242,10.3122,50.3689,50.3689,1.0,1.0,1
89143,31.05.2024 07:43:06.250000,498.34,562.362,10.9445,11.045,11.036,30.7941,2.26139,2.30611,19.5041,21.3344,638.64,639.32,9.08749,9.93916,0.479475,-0.170223,10.3122,47.0197,47.0197,1.0,1.0,1
89144,31.05.2024 07:43:06.260000,498.34,562.362,10.9445,11.045,11.036,30.7941,2.26139,2.30611,19.5041,21.3344,638.64,639.32,9.08749,9.93916,0.479475,-0.170223,10.3122,47.0197,47.0197,1.0,1.0,1
89145,31.05.2024 07:43:06.270000,478.482,545.801,10.9548,10.999,11.002,30.8523,2.253,2.32467,18.6801,20.6715,636.98,637.675,8.81249,10.3752,0.450823,-0.138259,10.3155,44.987,44.987,1.0,1.0,1
89146,31.05.2024 07:43:06.280000,469.913,518.115,10.9566,10.99,10.997,30.8284,2.26609,2.3186,18.1213,19.1635,635.275,636.03,8.86758,10.7986,0.438025,-0.125091,10.3168,44.987,44.987,1.0,1.0,1
89147,31.05.2024 07:43:06.290000,469.913,518.115,10.9556,10.99,10.997,30.8296,2.26582,2.30769,17.4809,21.4333,633.6,634.38,8.89371,11.1417,0.428419,-0.10987,10.319,40.842,40.842,1.0,1.0,1
89148,31.05.2024 07:43:06.300000,469.913,518.115,10.9556,10.99,10.997,30.8296,2.26582,2.30769,17.4809,21.4333,633.6,634.38,8.89371,11.1417,0.428419,-0.10987,10.319,40.842,40.842,1.0,1.0,1
89149,31.05.2024 07:43:06.310000,452.115,492.737,10.9556,10.95,10.931,30.8296,2.25953,2.29393,18.989,16.4313,631.925,632.71,8.91932,11.507,0.405687,0.0342755,10.319,38.737,38.737,1.0,1.0,1
89150,31.05.2024 07:43:06.320000,452.115,492.737,10.9556,10.95,10.931,30.8296,2.25953,2.29393,18.989,16.4313,631.925,632.71,8.91932,11.507,0.405687,0.0342755,10.319,38.737,38.737,1.0,1.0,1
89151,31.05.2024 07:43:06.330000,383.642,441.485,10.967,10.884,10.83,30.8076,2.23036,2.26654,18.1249,16.9336,630.255,631.045,9.04047,11.7106,0.411856,-0.043529,10.3205,38.737,38.737,1.0,1.0,1
89152,31.05.2024 07:43:06.340000,383.642,441.485,10.967,10.884,10.83,30.8076,2.23036,2.26654,18.1249,16.9336,630.255,631.045,9.04047,11.7106,0.411856,-0.043529,10.3205,38.737,38.737,1.0,1.0,1
89153,31.05.2024 07:43:06.350000,362.961,405.313,10.9832,10.849,10.866,30.8723,2.21244,2.25094,17.5815,17.6492,628.535,629.37,9.2064,11.7743,0.440222,-0.0771976,10.3247,37.7604,37.7604,1.0,1.0,1
89154,31.05.2024 07:43:06.360000,338.818,396.167,10.9797,10.858,10.864,30.8727,2.18044,2.22668,17.3863,16.5637,626.83,627.68,9.13527,11.8216,0.418749,-0.0366473,10.3264,37.7243,37.7243,1.0,1.0,1
89155,31.05.2024 07:43:06.370000,338.818,396.167,10.9589,10.858,10.864,30.8468,2.16557,2.22117,16.1033,13.3643,625.19,625.96,9.0402,11.7282,0.349588,-0.0869288,10.3281,36.2124,36.2124,1.0,1.0,1
89156,31.05.2024 07:43:06.380000,315.005,362.137,10.9589,10.86,10.881,30.8468,2.15427,2.21943,13.5893,13.2652,623.48,624.285,9.08884,11.6077,0.371851,-0.0473742,10.3281,34.7729,34.7729,1.0,1.0,1
89157,31.05.2024 07:43:06.390000,315.005,362.137,10.9589,10.86,10.881,30.8468,2.15427,2.21943,13.5893,13.2652,623.48,624.285,9.08884,11.6077,0.371851,-0.0473742,10.3281,34.7729,34.7729,1.0,1.0,1
89158,31.05.2024 07:43:06.400000,295.312,350.931,10.974,10.815,10.843,30.8386,2.14207,2.21887,12.8304,13.9211,621.785,622.66,8.98244,11.3944,0.35412,-0.0891833,10.3297,32.9644,32.9644,1.0,1.0,1
89159,31.05.2024 07:43:06.410000,292.676,319.702,10.9763,10.837,10.818,30.8153,2.12709,2.20608,12.8304,13.9211,621.785,622.66,8.98244,11.3944,0.35412,-0.0891833,10.3313,32.9644,32.9644,1.0,1.0,1
89160,31.05.2024 07:43:06.420000,295.642,319.702,10.9614,10.837,10.828,30.8448,2.12953,2.20206,14.3668,15.658,620.25,621.115,8.79142,11.6658,0.409033,0.00933123,10.334,30.3096,30.3096,1.0,1.0,1
89161,31.05.2024 07:43:06.430000,295.642,319.702,10.9614,10.837,10.828,30.8658,2.1341,2.19983,12.5717,11.5103,618.715,619.565,9.49015,12.4683,0.709955,0.267991,10.334,28.0816,28.0816,1.0,1.0,1
89162,31.05.2024 07:43:06.440000,295.395,320.361,10.9547,10.804,10.761,30.8658,2.14198,2.2004,12.5717,11.5103,618.715,619.565,9.49015,12.4683,0.709955,0.267991,10.3354,28.0816,28.0816,1.0,1.0,1
89163,31.05.2024 07:43:06.450000,295.395,320.361,10.9597,10.804,10.761,30.9122,2.15948,2.20149,14.0689,13.8572,616.91,617.925,10.6366,13.2784,1.37208,0.773919,10.3376,28.0671,28.0671,1.0,1.0,1
89164,31.05.2024 07:43:06.460000,300.915,324.564,10.9597,10.73,10.764,30.9122,2.17305,2.20266,15.1989,13.6971,615.11,616.22,10.4692,13.6848,1.7284,1.41367,10.3376,25.1808,25.1808,1.0,1.0,1
89165,31.05.2024 07:43:06.470000,300.915,319.537,10.962,10.688,10.696,30.921,2.17797,2.20412,15.1989,13.6971,615.11,616.22,10.4692,13.6848,1.7284,1.41367,10.3384,25.1808,25.1808,1.0,1.0,1
89166,31.05.2024 07:43:06.480000,300.915,319.537,10.9693,10.688,10.696,30.9823,2.17579,2.205,17.5103,12.3965,613.475,614.545,8.09316,10.416,1.8071,1.7192,10.3384,22.6562,22.6562,1.0,1.0,1
89167,31.05.2024 07:43:06.490000,300.915,321.927,10.9693,10.668,10.671,30.9823,2.16357,2.2056,17.5103,12.3965,613.475,614.545,8.09316,10.416,1.8071,1.7192,10.3403,22.6562,22.6562,1.0,1.0,1
89168,31.05.2024 07:43:06.500000,300.915,321.927,10.9693,10.668,10.671,30.9823,2.16357,2.2056,17.5103,12.3965,613.475,614.545,8.09316,10.416,1.8071,1.7192,10.3403,22.6562,22.6562,1.0,1.0,1
89169,31.05.2024 07:43:06.510000,304.376,324.481,10.9395,10.678,10.645,31.0496,2.14577,2.2057,15.0368,13.9917,613.355,614.16,1.00927,-0.238998,1.9767,1.80903,10.3418,22.6562,22.6562,1.0,1.0,1
89170,31.05.2024 07:43:06.520000,304.376,324.481,10.9395,10.678,10.645,31.0496,2.14577,2.2057,15.0368,13.9917,613.355,614.16,1.00927,-0.238998,1.9767,1.80903,10.3418,22.6562,22.6562,1.0,1.0,1
89171,31.05.2024 07:43:06.530000,304.294,326.706,10.9466,10.614,10.663,31.1831,2.10429,2.20018,14.7466,14.1356,613.565,614.945,-1.41595,-3.34897,2.02931,1.65004,10.3437,20.421,20.421,1.0,1.0,1
89172,31.05.2024 07:43:06.540000,297.125,323.822,10.9427,10.605,10.746,31.6176,2.05556,2.17109,9.82478,10.088,613.885,614.945,-3.40629,2.24047,1.73298,1.55109,10.3445,15.5961,15.5961,1.0,1.0,1
89173,31.05.2024 07:43:06.550000,297.125,323.822,10.9417,10.605,10.746,32.2626,2.0534,2.16688,9.82478,10.088,613.885,614.945,-3.40629,2.24047,1.73298,1.55109,10.3459,15.5961,15.5961,1.0,1.0,1
89174,31.05.2024 07:43:06.560000,297.125,323.822,10.9252,10.605,10.746,33.0536,2.06777,2.14253,10.6939,10.9382,613.96,615.105,-2.06086,0.867663,2.16593,2.53112,10.3459,15.5744,15.5744,1.0,1.0,1
89175,31.05.2024 07:43:06.570000,304.623,323.657,10.9252,10.701,10.773,33.0536,2.07884,2.14194,10.6939,10.9382,613.96,615.105,-2.06086,0.867663,2.16593,2.53112,10.3476,15.5744,15.5744,1.0,1.0,1
89176,31.05.2024 07:43:06.580000,304.623,323.657,10.9252,10.701,10.773,33.0536,2.07884,2.14194,10.6939,10.9382,613.96,615.105,-2.06086,0.867663,2.16593,2.53112,10.3476,15.5744,15.5744,1.0,1.0,1
89177,31.05.2024 07:43:06.590000,299.267,319.537,10.8898,10.765,10.819,33.8877,2.09248,2.14786,10.5642,10.3569,614.03,615.435,-1.00877,2.62252,2.26677,3.03984,10.3488,14.6774,14.6774,1.0,1.0,1
89178,31.05.2024 07:43:06.600000,309.979,323.822,10.8505,10.797,10.796,34.7151,2.11607,2.13762,12.3877,9.5146,614.055,615.32,0.563745,5.38589,2.21316,2.88303,10.3501,13.6719,13.6719,1.0,1.0,1
89179,31.05.2024 07:43:06.610000,309.979,323.822,10.8198,10.797,10.796,35.7301,2.10951,2.1423,15.0313,11.3743,613.925,615.03,1.74835,5.47187,2.29544,2.61455,10.3521,13.6719,13.6719,1.0,1.0,1
89180,31.05.2024 07:43:06.620000,298.114,323.328,10.8198,10.78,10.741,35.7301,2.09597,2.15059,14.0486,11.5,613.865,614.85,1.94045,4.26583,2.18679,2.53299,10.3521,12.1528,12.1528,1.0,1.0,1
89181,31.05.2024 07:43:06.630000,306.436,331.814,10.7882,10.811,10.754,36.8302,2.0898,2.16073,14.0486,11.5,613.865,614.85,1.94045,4.26583,2.18679,2.53299,10.353,12.1528,12.1528,1.0,1.0,1
89182,31.05.2024 07:43:06.640000,306.436,331.814,10.7416,10.811,10.754,37.9789,2.08849,2.16695,13.2416,13.0253,613.79,614.86,1.90894,2.89077,1.82315,2.48165,10.353,12.0949,12.0949,1.0,1.0,1
89183,31.05.2024 07:43:06.650000,303.223,324.646,10.7416,10.841,10.76,37.9789,2.09125,2.1665,13.2416,13.0253,613.79,614.86,1.90894,2.89077,1.82315,2.48165,10.3558,12.0949,12.0949,1.0,1.0,1
89184,31.05.2024 07:43:06.660000,307.754,333.545,10.689,10.785,10.795,39.1062,2.10091,2.16973,14.8426,13.3034,613.755,614.895,1.617,2.16814,1.5644,2.49831,10.3566,12.0949,12.0949,1.0,1.0,1
89185,31.05.2024 07:43:06.670000,307.754,333.545,10.689,10.785,10.795,40.3327,2.10927,2.17002,14.4757,12.6831,613.755,614.955,1.72716,2.164,1.57617,2.96424,10.3566,12.0949,12.0949,1.0,1.0,1
89186,31.05.2024 07:43:06.680000,307.919,328.354,10.6796,10.77,10.778,40.3327,2.11907,2.16528,14.4757,12.6831,613.755,614.955,1.72716,2.164,1.57617,2.96424,10.3587,12.0949,12.0949,1.0,1.0,1
89187,31.05.2024 07:43:06.690000,307.919,328.354,10.659,10.77,10.778,41.4194,2.11552,2.16398,15.5624,12.1881,613.785,615.005,1.81753,2.5211,1.75708,3.49943,10.3593,12.0877,12.0877,1.0,1.0,1
89188,31.05.2024 07:43:06.700000,307.425,331.567,10.659,10.765,10.754,41.4194,2.11172,2.1652,16.2335,13.1059,613.85,614.98,2.425,3.24014,1.72999,3.59708,10.3593,12.1238,12.1238,1.0,1.0,1
89189,31.05.2024 07:43:06.710000,310.226,331.732,10.5975,10.791,10.754,42.4106,2.10688,2.16599,16.2335,13.1059,613.85,614.98,2.425,3.24014,1.72999,3.59708,10.361,12.1238,12.1238,1.0,1.0,1
89190,31.05.2024 07:43:06.720000,310.226,331.732,10.5391,10.791,10.754,43.5029,2.09846,2.16456,15.3567,13.3226,613.81,614.88,3.71295,3.49329,1.6965,3.52054,10.361,11.3209,11.3209,1.0,1.0,1
89191,31.05.2024 07:43:06.730000,304.294,328.107,10.5391,10.776,10.715,43.5029,2.06918,2.17664,15.3567,13.3226,613.81,614.88,3.71295,3.49329,1.6965,3.52054,10.3623,11.3209,11.3209,1.0,1.0,1
89192,31.05.2024 07:43:06.740000,313.852,331.732,10.5355,10.673,10.627,44.5289,2.06125,2.17417,16.0284,11.6369,613.68,614.745,4.41842,3.2996,1.81701,3.60859,10.3643,10.5252,10.5252,1.0,1.0,1
89193,31.05.2024 07:43:06.750000,313.852,331.732,10.5355,10.673,10.627,45.5853,2.05508,2.16897,14.0392,14.2788,613.565,614.695,4.35566,2.68888,1.73612,3.66605,10.3643,9.83796,9.83796,1.0,1.0,1
89194,31.05.2024 07:43:06.760000,304.623,330.826,10.5043,10.641,10.6,45.5853,2.05388,2.17312,14.0392,14.2788,613.565,614.695,4.35566,2.68888,1.73612,3.66605,10.3654,9.83796,9.83796,1.0,1.0,1
89195,31.05.2024 07:43:06.770000,304.623,330.826,10.4783,10.641,10.6,46.7154,2.07682,2.18378,12.969,14.0399,613.525,614.755,4.04134,2.43102,1.50813,3.71924,10.3672,10.0694,10.0694,1.0,1.0,1
89196,31.05.2024 07:43:06.780000,306.271,327.777,10.4783,10.671,10.568,46.7154,2.09749,2.18254,14.6508,13.8504,613.525,614.755,3.78359,2.93955,1.61294,3.9078,10.3672,9.72222,9.72222,1.0,1.0,1
89197,31.05.2024 07:43:06.790000,305.777,327.612,10.4337,10.7,10.573,47.9318,2.11502,2.17969,14.6508,13.8504,613.525,614.755,3.78359,2.93955,1.61294,3.9078,10.3683,9.72222,9.72222,1.0,1.0,1
89198,31.05.2024 07:43:06.800000,305.777,327.612,10.432,10.7,10.573,49.0564,2.12727,2.17866,17.2996,14.2326,613.52,614.705,3.77266,3.27036,1.56659,3.98394,10.3683,9.70775,9.70775,1.0,1.0,1
89199,31.05.2024 07:43:06.810000,303.305,322.998,10.432,10.649,10.512,49.0564,2.14064,2.17883,17.2996,14.2326,613.52,614.705,3.77266,3.27036,1.56659,3.98394,10.3699,9.70775,9.70775,1.0,1.0,1
89200,31.05.2024 07:43:06.820000,303.305,322.998,10.432,10.649,10.512,49.0564,2.14064,2.17883,17.2996,14.2326,613.52,614.705,3.77266,3.27036,1.56659,3.98394,10.3699,9.70775,9.70775,1.0,1.0,1
89201,31.05.2024 07:43:06.830000,303.964,322.998,10.415,10.64,10.561,50.2931,2.13847,2.18323,16.9529,13.6853,613.555,614.63,3.86586,3.4432,1.49193,3.95528,10.3707,9.45457,9.45457,1.0,1.0,1
89202,31.05.2024 07:43:06.840000,303.964,322.998,10.415,10.64,10.561,50.2931,2.13847,2.18323,16.9529,13.6853,613.555,614.63,3.86586,3.4432,1.49193,3.95528,10.3707,9.45457,9.45457,1.0,1.0,1
89203,31.05.2024 07:43:06.850000,301.822,333.215,10.3435,10.605,10.482,51.4322,2.12256,2.19565,18.2622,16.4053,613.525,614.615,4.47113,3.315,1.59567,3.98964,10.3716,9.45457,9.45457,1.0,1.0,1
89204,31.05.2024 07:43:06.860000,301.822,333.215,10.3435,10.605,10.482,51.4322,2.12256,2.19565,18.2622,16.4053,613.525,614.615,4.47113,3.315,1.59567,3.98964,10.3716,9.45457,9.45457,1.0,1.0,1
89205,31.05.2024 07:43:06.870000,299.432,330.579,10.3673,10.507,10.486,52.4471,2.08319,2.18312,16.5773,14.3146,613.345,614.47,4.58178,3.60415,1.65073,3.91086,10.3726,8.09462,8.09462,1.0,1.0,1
89206,31.05.2024 07:43:06.880000,299.432,330.579,10.3673,10.507,10.486,52.4471,2.08319,2.18312,16.5773,14.3146,613.345,614.47,4.58178,3.60415,1.65073,3.91086,10.3726,8.09462,8.09462,1.0,1.0,1
89207,31.05.2024 07:43:06.890000,305.447,322.174,10.3193,10.506,10.458,55.1477,2.06727,2.19311,13.2932,15.1592,613.34,614.465,3.90024,3.17825,1.72616,3.97267,10.374,8.09462,8.09462,1.0,1.0,1
89208,31.05.2024 07:43:06.900000,305.447,322.174,10.3193,10.506,10.458,55.1477,2.06727,2.19311,13.2932,15.1592,613.34,614.465,3.90024,3.17825,1.72616,3.97267,10.374,8.09462,8.09462,1.0,1.0,1
89209,31.05.2024 07:43:06.910000,303.882,327.942,10.2889,10.468,10.445,56.3771,2.07984,2.17782,15.9839,17.7357,613.375,614.475,3.71989,3.0222,1.77184,4.00714,10.3761,7.55209,7.55209,1.0,1.0,1
89210,31.05.2024 07:43:06.920000,304.129,326.953,10.3652,10.482,10.384,57.6475,2.06419,2.16194,15.4621,15.6129,613.4,614.49,3.88943,3.55541,1.67658,4.02242,10.3772,6.49595,6.49595,1.0,1.0,1
89211,31.05.2024 07:43:06.930000,304.129,326.953,10.3652,10.482,10.384,57.6475,2.06419,2.16194,15.4621,15.6129,613.4,614.49,3.88943,3.55541,1.67658,4.02242,10.3772,6.49595,6.49595,1.0,1.0,1
89212,31.05.2024 07:43:06.940000,301.245,330.249,10.3652,10.416,10.388,58.7813,2.05584,2.16002,13.3605,10.6391,613.385,614.4,4.05521,3.82562,1.64163,4.07548,10.3775,6.49595,6.49595,1.0,1.0,1
89213,31.05.2024 07:43:06.950000,301.245,330.249,10.3652,10.416,10.388,58.7813,2.05584,2.16002,13.3605,10.6391,613.385,614.4,4.05521,3.82562,1.64163,4.07548,10.3775,6.49595,6.49595,1.0,1.0,1
89214,31.05.2024 07:43:06.960000,307.095,323.163,10.3224,10.44,10.38,59.8208,2.04434,2.16164,12.8767,13.2398,613.33,614.33,4.46498,3.99612,1.81266,4.00642,10.3779,5.58449,5.58449,1.0,1.0,1
89215,31.05.2024 07:43:06.970000,307.095,323.163,10.3224,10.44,10.38,59.8208,2.04434,2.16164,12.8767,13.2398,613.33,614.33,4.46498,3.99612,1.81266,4.00642,10.3779,5.58449,5.58449,1.0,1.0,1
89216,31.05.2024 07:43:06.980000,307.919,319.784,10.3404,10.4,10.364,61.0208,2.05086,2.14447,13.248,14.3301,613.285,614.265,4.44391,3.87679,1.8033,3.95087,10.3781,4.41985,4.41985,1.0,1.0,1
89217,31.05.2024 07:43:06.990000,308.661,328.189,10.3488,10.392,10.385,63.4167,2.05743,2.16382,12.3961,11.1819,613.205,614.165,4.11035,4.15521,2.04292,3.77469,10.3788,4.06539,4.06539,1.0,1.0,1
89218,31.05.2024 07:43:07.000000,308.661,328.189,10.356,10.392,10.385,63.4167,2.07663,2.1707,12.3961,11.1819,613.205,614.165,4.11035,4.15521,2.04292,3.77469,10.379,4.06539,4.06539,1.0,1.0,1
89219,31.05.2024 07:43:07.010000,308.661,328.189,10.3221,10.392,10.385,64.5887,2.08817,2.19262,15.4052,16.6416,613.21,614.155,3.94154,3.9907,2.08114,3.81541,10.3796,3.7037,3.7037,1.0,1.0,1
89220,31.05.2024 07:43:07.020000,305.777,322.916,10.3221,10.337,10.388,64.5887,2.09839,2.19278,15.6633,17.882,613.215,614.145,3.98191,4.16895,2.23037,3.84304,10.3796,3.42882,3.42882,1.0,1.0,1
89221,31.05.2024 07:43:07.030000,305.777,322.916,10.3221,10.337,10.388,64.5887,2.09839,2.19278,15.6633,17.882,613.215,614.145,3.98191,4.16895,2.23037,3.84304,10.3796,3.42882,3.42882,1.0,1.0,1
89222,31.05.2024 07:43:07.040000,308.496,323.08,10.3738,10.435,10.411,65.8049,2.09805,2.18078,15.8766,15.9289,613.205,614.11,4.25355,4.53827,2.38237,3.75383,10.3806,2.98033,2.98033,1.0,1.0,1
89223,31.05.2024 07:43:07.050000,304.788,324.069,10.3743,10.426,10.375,67.0195,2.02702,2.18764,15.8766,15.9289,613.205,614.11,4.25355,4.53827,2.38237,3.75383,10.3812,2.98033,2.98033,1.0,1.0,1
89224,31.05.2024 07:43:07.060000,307.095,324.069,10.3186,10.426,10.418,68.1405,2.00466,2.1874,13.7969,15.2243,613.175,614.075,4.51027,4.70733,2.48901,3.67875,10.3822,3.11776,3.11776,1.0,1.0,1
89225,31.05.2024 07:43:07.070000,307.095,324.069,10.3186,10.426,10.418,69.2703,1.99042,2.17195,10.889,17.2994,613.16,614.025,4.68904,4.77605,2.66145,3.75557,10.3822,3.125,3.125,1.0,1.0,1
89226,31.05.2024 07:43:07.080000,300.503,326.376,10.3508,10.462,10.424,69.2703,1.98364,2.15548,10.889,17.2994,613.16,614.025,4.68904,4.77605,2.66145,3.75557,10.3826,3.125,3.125,1.0,1.0,1
89227,31.05.2024 07:43:07.090000,300.503,326.376,10.4089,10.462,10.424,70.543,1.98811,2.13987,12.3266,13.098,613.095,613.995,4.70891,4.90558,2.76643,3.74539,10.3837,3.73987,3.73987,1.0,1.0,1
89228,31.05.2024 07:43:07.100000,301.245,328.271,10.4089,10.423,10.456,70.543,2.0027,2.14173,11.1979,9.50747,613.08,613.95,4.5102,4.83906,2.74581,3.76157,10.3837,4.48495,4.48495,1.0,1.0,1
89229,31.05.2024 07:43:07.110000,295.23,335.028,10.444,10.419,10.448,71.7455,2.02532,2.15073,11.1979,9.50747,613.08,613.95,4.5102,4.83906,2.74581,3.76157,10.3846,4.48495,4.48495,1.0,1.0,1
89230,31.05.2024 07:43:07.120000,295.23,335.028,10.4153,10.419,10.448,72.7827,2.05135,2.16324,13.0197,14.6699,613.065,613.945,4.52654,4.92431,3.01681,3.64059,10.3846,4.48495,4.48495,1.0,1.0,1
89231,31.05.2024 07:43:07.130000,295.23,335.028,10.4153,10.419,10.448,72.7827,2.05135,2.16324,13.0197,14.6699,613.065,613.945,4.52654,4.92431,3.01681,3.64059,10.3846,4.48495,4.48495,1.0,1.0,1
89232,31.05.2024 07:43:07.140000,302.811,325.882,10.4153,10.377,10.443,72.7827,2.1148,2.17005,15.8237,18.0626,613.065,613.92,4.55486,5.06266,3.12054,3.55375,10.3853,4.83941,4.83941,1.0,1.0,1
89233,31.05.2024 07:43:07.150000,302.811,325.882,10.4153,10.377,10.443,72.7827,2.1148,2.17005,15.8237,18.0626,613.065,613.92,4.55486,5.06266,3.12054,3.55375,10.3853,4.83941,4.83941,1.0,1.0,1
89234,31.05.2024 07:43:07.160000,307.754,331.814,10.418,10.49,10.437,74.7712,2.14276,2.175,17.4114,13.7583,613.045,613.92,4.71184,5.19972,3.09406,3.5447,10.3862,6.25,6.25,1.0,1.0,1
89235,31.05.2024 07:43:07.170000,300.421,329.013,10.4407,10.488,10.466,75.601,2.09901,2.19596,19.5059,14.8873,613.035,613.895,4.64971,5.28254,3.19766,3.58869,10.3879,6.25,6.25,1.0,1.0,1
89236,31.05.2024 07:43:07.180000,300.421,329.013,10.4407,10.488,10.466,75.601,2.08312,2.18812,16.1091,22.2518,613.015,613.9,4.8299,5.52642,3.24371,3.53673,10.3879,6.30064,6.30064,1.0,1.0,1
89237,31.05.2024 07:43:07.190000,303.058,327.283,10.4391,10.491,10.473,76.2914,2.05333,2.1852,16.1091,22.2518,613.015,613.9,4.8299,5.52642,3.24371,3.53673,10.388,6.30064,6.30064,1.0,1.0,1
89238,31.05.2024 07:43:07.200000,303.058,327.283,10.4391,10.491,10.473,76.2914,2.05333,2.1852,16.1091,22.2518,613.015,613.9,4.8299,5.52642,3.24371,3.53673,10.388,6.30064,6.30064,1.0,1.0,1
89239,31.05.2024 07:43:07.210000,306.106,323.74,10.4966,10.42,10.484,76.875,2.03469,2.18824,15.2402,15.3282,612.97,613.835,4.77374,5.77397,3.17641,3.57736,10.388,7.99334,7.99334,1.0,1.0,1
89240,31.05.2024 07:43:07.220000,306.106,323.74,10.4966,10.42,10.484,76.875,2.03469,2.18824,15.2402,15.3282,612.97,613.835,4.77374,5.77397,3.17641,3.57736,10.388,7.99334,7.99334,1.0,1.0,1
89241,31.05.2024 07:43:07.230000,301.163,329.919,10.5245,10.456,10.525,77.3688,2.01517,2.17551,12.9703,14.9923,612.93,613.77,4.48411,5.54184,3.22551,3.69902,10.3902,7.99334,7.99334,1.0,1.0,1
89242,31.05.2024 07:43:07.240000,307.754,332.391,10.5515,10.419,10.514,77.6683,2.01755,2.16584,12.873,15.4432,612.95,613.77,4.29288,5.2298,3.29893,3.68425,10.391,8.10908,8.10908,1.0,1.0,1
89243,31.05.2024 07:43:07.250000,307.754,332.391,10.5464,10.419,10.514,78.0661,2.02315,2.15418,13.1813,13.3199,612.945,613.81,4.25842,5.17558,3.29608,3.72063,10.392,8.74566,8.74566,1.0,1.0,1
89244,31.05.2024 07:43:07.260000,297.125,329.26,10.5464,10.479,10.537,78.0661,2.01958,2.14426,13.4081,13.0447,612.915,613.79,4.27498,5.68962,3.29058,3.7187,10.392,8.73119,8.73119,1.0,1.0,1
89245,31.05.2024 07:43:07.270000,297.125,329.26,10.5464,10.479,10.537,78.0661,2.01958,2.14426,13.4081,13.0447,612.915,613.79,4.27498,5.68962,3.29058,3.7187,10.392,8.73119,8.73119,1.0,1.0,1
89246,31.05.2024 07:43:07.280000,304.541,323.657,10.5747,10.558,10.537,78.4639,2.00965,2.14366,13.2785,12.7641,612.93,613.715,4.27568,5.67669,3.29865,3.65562,10.3932,8.73119,8.73119,1.0,1.0,1
89247,31.05.2024 07:43:07.290000,304.541,323.657,10.5747,10.558,10.537,78.4639,2.00965,2.14366,13.2785,12.7641,612.93,613.715,4.27568,5.67669,3.29865,3.65562,10.3932,8.73119,8.73119,1.0,1.0,1
89248,31.05.2024 07:43:07.300000,282.541,272.324,10.6086,10.582,10.546,78.7125,1.99822,2.13459,10.8746,13.3421,612.895,613.625,4.44114,5.35678,3.32889,3.58027,10.3945,9.22309,9.22309,1.0,1.0,1
89249,31.05.2024 07:43:07.310000,234.338,256.256,10.6058,10.589,10.581,79.1017,2.00959,2.13396,13.0991,8.88872,612.855,613.63,4.31084,4.61007,3.36721,3.62515,10.3956,9.52691,9.52691,1.0,1.0,1
89250,31.05.2024 07:43:07.320000,234.338,256.256,10.609,10.589,10.581,79.1017,2.02493,2.13032,13.0991,8.88872,612.855,613.63,4.31084,4.61007,3.36721,3.62515,10.3968,9.52691,9.52691,1.0,1.0,1
89251,31.05.2024 07:43:07.330000,234.338,256.256,10.6408,10.589,10.581,79.2775,2.06312,2.1371,11.9911,10.2917,612.87,613.715,4.09035,4.56688,3.26269,3.65611,10.3984,10.0694,10.0694,1.0,1.0,1
89252,31.05.2024 07:43:07.340000,221.32,237.881,10.6408,10.595,10.6,79.2775,2.07659,2.15021,14.963,11.1295,612.885,613.725,4.12953,5.20334,3.31414,3.6862,10.3984,10.5613,10.5613,1.0,1.0,1
89253,31.05.2024 07:43:07.350000,197.424,196.683,10.6615,10.625,10.656,79.4392,2.09002,2.156,14.963,11.1295,612.885,613.725,4.12953,5.20334,3.31414,3.6862,10.3996,10.5613,10.5613,1.0,1.0,1
89254,31.05.2024 07:43:07.360000,197.424,196.683,10.6609,10.625,10.656,79.5726,2.09932,2.15623,15.3802,12.8671,612.895,613.7,4.29653,5.44205,3.36933,3.70829,10.3996,10.7277,10.7277,1.0,1.0,1
89255,31.05.2024 07:43:07.370000,197.424,196.683,10.6609,10.625,10.656,79.5726,2.09932,2.15623,15.3802,12.8671,612.895,613.7,4.29653,5.44205,3.36933,3.70829,10.3996,10.7277,10.7277,1.0,1.0,1
89256,31.05.2024 07:43:07.380000,175.507,170.727,10.6609,10.632,10.618,79.5726,2.09213,2.15934,15.753,10.917,612.88,613.635,4.56463,5.3965,3.30335,3.73055,10.4011,10.5541,10.5541,1.0,1.0,1
89257,31.05.2024 07:43:07.390000,175.507,170.727,10.6609,10.632,10.618,79.5726,2.09213,2.15934,15.753,10.917,612.88,613.635,4.56463,5.3965,3.30335,3.73055,10.4011,10.5541,10.5541,1.0,1.0,1
89258,31.05.2024 07:43:07.400000,136.533,126.068,10.6905,10.655,10.648,79.8723,2.06556,2.16284,16.0025,12.5455,612.84,613.64,4.75979,4.9898,3.31833,3.74958,10.4025,11.0749,11.0749,1.0,1.0,1
89259,31.05.2024 07:43:07.410000,136.533,126.068,10.6905,10.655,10.648,79.8723,2.06556,2.16284,16.0025,12.5455,612.84,613.64,4.75979,4.9898,3.31833,3.74958,10.4025,11.0749,11.0749,1.0,1.0,1
89260,31.05.2024 07:43:07.420000,123.679,123.267,10.736,10.642,10.65,79.9689,2.02621,2.14988,14.2036,13.8857,612.82,613.665,4.74626,4.84553,3.34179,3.80081,10.405,11.8417,11.8417,1.0,1.0,1
89261,31.05.2024 07:43:07.430000,120.465,108.188,10.7042,10.657,10.602,80.0347,2.02514,2.14244,11.7527,12.8708,612.825,613.675,4.6114,5.2065,3.35579,3.87733,10.4064,12.0949,12.0949,1.0,1.0,1
89262,31.05.2024 07:43:07.440000,120.465,108.188,10.7016,10.657,10.602,80.086,2.02807,2.14085,13.1244,14.0916,612.81,613.625,4.57775,5.22256,3.32436,3.97318,10.4064,12.3626,12.3626,1.0,1.0,1
89263,31.05.2024 07:43:07.450000,113.626,90.3076,10.7016,10.679,10.641,80.086,2.03332,2.13875,13.1244,14.0916,612.81,613.625,4.57775,5.22256,3.32436,3.97318,10.4082,12.3626,12.3626,1.0,1.0,1
89264,31.05.2024 07:43:07.460000,100.442,44.989,10.7272,10.652,10.683,80.1337,2.03627,2.13859,12.9057,12.9332,612.805,613.58,4.65375,5.08397,3.33992,3.95222,10.4093,12.3626,12.3626,1.0,1.0,1
89265,31.05.2024 07:43:07.470000,100.442,44.989,10.7272,10.652,10.683,80.1653,2.03898,2.13384,13.5217,14.4668,612.805,613.575,4.64554,4.85227,3.3679,4.02648,10.4093,12.6953,12.6953,1.0,1.0,1
89266,31.05.2024 07:43:07.480000,76.7944,20.5994,10.713,10.628,10.689,80.1653,2.03664,2.13006,13.5217,14.4668,612.805,613.575,4.64554,4.85227,3.3679,4.02648,10.4107,12.6953,12.6953,1.0,1.0,1
89267,31.05.2024 07:43:07.490000,76.7944,20.5994,10.6771,10.628,10.689,80.2208,2.02854,2.12862,12.3926,10.3241,612.785,613.585,4.80189,4.55575,3.44248,4.0921,10.4121,12.811,12.811,1.0,1.0,1
89268,31.05.2024 07:43:07.500000,7.74536,13.5132,10.6771,10.594,10.717,80.2208,2.02709,2.12841,12.4999,10.3082,612.785,613.58,4.84103,4.55324,3.46087,4.25106,10.4121,12.811,12.811,1.0,1.0,1
89269,31.05.2024 07:43:07.510000,22.6593,0.0,10.6899,10.593,10.664,80.2397,2.02814,2.1304,12.4999,10.3082,612.785,613.58,4.84103,4.55324,3.46087,4.25106,10.4136,12.811,12.811,1.0,1.0,1
89270,31.05.2024 07:43:07.520000,22.6593,0.0,10.6899,10.593,10.664,80.2397,2.02814,2.1304,12.4999,10.3082,612.785,613.58,4.84103,4.55324,3.46087,4.25106,10.4136,12.811,12.811,1.0,1.0,1
89271,31.05.2024 07:43:07.530000,-33.2886,-46.6369,10.6958,10.594,10.715,80.2346,2.03531,2.13295,12.0273,11.8987,612.775,613.59,4.97147,4.59033,3.54102,4.30348,10.4136,13.1149,13.1149,1.0,1.0,1
89272,31.05.2024 07:43:07.540000,-33.2886,-46.6369,10.6958,10.594,10.715,80.2346,2.03531,2.13295,12.0273,11.8987,612.775,613.59,4.97147,4.59033,3.54102,4.30348,10.4136,13.1149,13.1149,1.0,1.0,1
89273,31.05.2024 07:43:07.550000,-73.5809,-95.4162,10.6705,10.643,10.711,80.2364,2.0806,2.13035,11.8088,11.1512,612.775,613.61,4.9203,4.51834,3.56378,4.35396,10.4164,13.3102,13.3102,1.0,1.0,1
89274,31.05.2024 07:43:07.560000,-73.5809,-95.4162,10.6705,10.643,10.711,80.2364,2.0806,2.13035,11.8088,11.1512,612.775,613.61,4.9203,4.51834,3.56378,4.35396,10.4164,13.3102,13.3102,1.0,1.0,1
89275,31.05.2024 07:43:07.570000,-55.5359,-104.81,10.6612,10.582,10.628,80.246,2.09177,2.13995,13.3273,11.1275,612.79,613.625,5.02636,4.68927,3.71449,4.42262,10.4182,13.3102,13.3102,1.0,1.0,1
89276,31.05.2024 07:43:07.580000,-55.5359,-104.81,10.6612,10.582,10.628,80.246,2.09177,2.13995,13.3273,11.1275,612.79,613.625,5.02636,4.68927,3.71449,4.42262,10.4182,13.3102,13.3102,1.0,1.0,1
89277,31.05.2024 07:43:07.590000,-69.2962,-103.574,10.6664,10.543,10.542,80.2458,2.06475,2.14002,14.8495,13.5028,612.77,613.585,5.37524,4.90638,3.77899,4.45985,10.4194,13.3102,13.3102,1.0,1.0,1
89278,31.05.2024 07:43:07.600000,-69.2962,-103.574,10.6664,10.543,10.542,80.2458,2.06475,2.14002,14.8495,13.5028,612.77,613.585,5.37524,4.90638,3.77899,4.45985,10.4194,13.3102,13.3102,1.0,1.0,1
89279,31.05.2024 07:43:07.610000,-95.581,-138.18,10.6417,10.544,10.53,80.397,2.00556,2.13129,11.5463,11.9433,612.755,613.58,5.30645,4.75988,3.80601,4.62244,10.4215,13.6068,13.6068,1.0,1.0,1
89280,31.05.2024 07:43:07.620000,-95.581,-138.18,10.6417,10.544,10.53,80.397,2.00556,2.13129,11.5463,11.9433,612.755,613.58,5.30645,4.75988,3.80601,4.62244,10.4215,13.6068,13.6068,1.0,1.0,1
89281,31.05.2024 07:43:07.630000,-99.1241,-145.102,10.6043,10.544,10.512,80.3868,1.99685,2.13202,7.92028,9.02029,612.74,613.585,5.29222,4.6119,3.78713,4.63754,10.4241,13.3681,13.3681,1.0,1.0,1
89282,31.05.2024 07:43:07.640000,-108.023,-193.222,10.6164,10.516,10.564,80.3806,2.05393,2.12803,9.29254,11.231,612.735,613.585,5.24063,4.60751,3.82375,4.7525,10.4253,13.2306,13.2306,1.0,1.0,1
89283,31.05.2024 07:43:07.650000,-108.023,-193.222,10.6138,10.516,10.564,80.4385,2.08523,2.1295,11.7166,12.0553,612.75,613.59,5.13161,4.68582,4.06282,4.90275,10.4262,12.9847,12.9847,1.0,1.0,1
89284,31.05.2024 07:43:07.660000,-129.364,-188.525,10.6138,10.505,10.589,80.4385,2.11585,2.13321,13.7819,11.6973,612.75,613.615,5.15378,4.51757,4.0005,4.98162,10.4262,13.1872,13.1872,1.0,1.0,1
89285,31.05.2024 07:43:07.670000,-129.364,-188.525,10.6138,10.505,10.589,80.4385,2.11585,2.13321,13.7819,11.6973,612.75,613.615,5.15378,4.51757,4.0005,4.98162,10.4262,13.1872,13.1872,1.0,1.0,1
89286,31.05.2024 07:43:07.680000,-143.454,-196.271,10.5842,10.564,10.55,80.4526,2.13707,2.13644,16.6298,10.7851,612.745,613.615,5.23107,4.64291,4.05174,5.2081,10.4287,13.1872,13.1872,1.0,1.0,1
89287,31.05.2024 07:43:07.690000,-147.079,-195.776,10.5765,10.559,10.537,80.4754,2.12917,2.13333,16.6298,10.7851,612.745,613.615,5.23107,4.64291,4.05174,5.2081,10.4295,13.1872,13.1872,1.0,1.0,1
89288,31.05.2024 07:43:07.700000,-161.499,-195.776,10.5742,10.559,10.532,80.4528,2.10651,2.13291,15.607,12.446,612.69,613.615,5.19521,4.76045,4.17331,5.28698,10.4312,13.0281,13.0281,1.0,1.0,1
89289,31.05.2024 07:43:07.710000,-161.499,-195.776,10.5742,10.559,10.532,80.4223,2.07602,2.13428,13.5459,10.5785,612.685,613.59,4.87461,4.56459,4.09403,5.39681,10.4312,12.594,12.594,1.0,1.0,1
89290,31.05.2024 07:43:07.720000,-165.454,-205.005,10.5434,10.557,10.535,80.4223,2.04858,2.13417,13.5459,10.5785,612.685,613.59,4.87461,4.56459,4.09403,5.39681,10.4321,12.594,12.594,1.0,1.0,1
89291,31.05.2024 07:43:07.730000,-165.454,-205.005,10.5252,10.557,10.535,80.3448,2.02237,2.13231,10.9225,10.7658,612.67,613.585,4.77498,4.4568,4.03906,5.54748,10.4334,12.4349,12.4349,1.0,1.0,1
89292,31.05.2024 07:43:07.740000,-164.3,-199.072,10.5252,10.531,10.491,80.3448,2.02747,2.13012,10.4194,9.9639,612.68,613.58,4.52325,4.26552,4.12379,5.66434,10.4334,12.4349,12.4349,1.0,1.0,1
89293,31.05.2024 07:43:07.750000,-164.3,-199.072,10.5252,10.531,10.491,80.3448,2.02747,2.13012,10.4194,9.9639,612.68,613.58,4.52325,4.26552,4.12379,5.66434,10.4334,12.4349,12.4349,1.0,1.0,1
89294,31.05.2024 07:43:07.760000,-163.724,-196.106,10.5162,10.584,10.497,80.3417,2.04264,2.12985,11.8422,10.8457,612.685,613.6,4.40632,4.12653,4.05895,5.87684,10.4344,12.0298,12.0298,1.0,1.0,1
89295,31.05.2024 07:43:07.770000,-176.166,-194.788,10.5267,10.51,10.483,80.2864,2.11061,2.1373,11.8422,10.8457,612.685,613.6,4.40632,4.12653,4.05895,5.87684,10.4354,12.0298,12.0298,1.0,1.0,1
89296,31.05.2024 07:43:07.780000,-169.162,-194.788,10.522,10.51,10.484,80.3163,2.12455,2.13837,13.6431,12.1455,612.67,613.585,4.454,4.0688,3.89159,5.86591,10.4367,12.1094,12.1094,1.0,1.0,1
89297,31.05.2024 07:43:07.790000,-169.162,-194.788,10.522,10.51,10.484,80.3391,2.13046,2.13902,14.9257,12.4632,612.66,613.58,4.38984,3.92613,3.80234,5.99815,10.4367,12.1094,12.1094,1.0,1.0,1
89298,31.05.2024 07:43:07.800000,-175.836,-193.387,10.5015,10.451,10.448,80.3391,2.12508,2.13923,14.9257,12.4632,612.66,613.58,4.38984,3.92613,3.80234,5.99815,10.4379,12.1094,12.1094,1.0,1.0,1
89299,31.05.2024 07:43:07.810000,-175.836,-193.387,10.505,10.451,10.448,80.4528,2.08063,2.13931,14.5017,10.5382,612.65,613.585,4.25114,3.61202,3.61684,6.07893,10.4393,11.7766,11.7766,0.0,1.0,1
89300,31.05.2024 07:43:07.820000,-169.986,-200.226,10.505,10.501,10.45,80.4528,2.05702,2.13932,12.2718,10.275,612.655,613.59,4.01228,3.49174,3.51871,6.16275,10.4393,11.3571,11.3571,0.0,1.0,1
89301,31.05.2024 07:43:07.830000,-160.84,-191.409,10.5106,10.51,10.467,80.4348,2.036,2.13877,12.2718,10.275,612.655,613.59,4.01228,3.49174,3.51871,6.16275,10.4408,11.3571,11.3571,0.0,1.0,1
89302,31.05.2024 07:43:07.840000,-160.84,-191.409,10.5042,10.51,10.467,80.4579,2.02312,2.13733,11.0376,12.9626,612.65,613.585,4.02178,3.46265,3.31489,6.12183,10.4408,11.3571,11.3571,0.0,1.0,1
89303,31.05.2024 07:43:07.850000,-160.84,-191.409,10.5042,10.51,10.467,80.4579,2.02312,2.13733,11.0376,12.9626,612.65,613.585,4.02178,3.46265,3.31489,6.12183,10.4408,11.3571,11.3571,0.0,1.0,1
89304,31.05.2024 07:43:07.860000,-168.091,-200.226,10.5042,10.482,10.446,80.4579,2.03445,2.13714,11.0523,11.6616,612.64,613.59,3.90425,3.33211,3.12726,6.15956,10.4419,11.1111,11.1111,0.0,1.0,1
89305,31.05.2024 07:43:07.870000,-166.69,-205.499,10.5002,10.493,10.456,80.3948,2.08378,2.13893,10.7082,10.4256,612.63,613.575,3.83418,3.13406,3.09554,6.20435,10.4436,10.7494,10.7494,0.0,1.0,1
89306,31.05.2024 07:43:07.880000,-166.69,-205.499,10.5168,10.493,10.456,80.3948,2.11101,2.14071,10.7082,10.4256,612.63,613.575,3.83418,3.13406,3.09554,6.20435,10.4437,10.7494,10.7494,0.0,1.0,1
89307,31.05.2024 07:43:07.890000,-166.69,-205.499,10.5186,10.493,10.456,80.4181,2.15389,2.14313,13.7922,12.3799,612.635,613.57,3.62213,3.02299,2.93501,6.37766,10.4454,10.0694,10.0694,0.0,1.0,1
89308,31.05.2024 07:43:07.900000,-171.387,-198.495,10.5186,10.45,10.481,80.4181,2.16106,2.1445,14.5891,10.7366,612.62,613.575,3.68697,2.86052,2.81022,6.30009,10.4454,10.0694,10.0694,0.0,1.0,1
89309,31.05.2024 07:43:07.910000,-173.776,-187.701,10.5157,10.485,10.429,80.4158,2.15409,2.14548,14.5891,10.7366,612.62,613.575,3.68697,2.86052,2.81022,6.30009,10.4461,10.0694,10.0694,0.0,1.0,1
89310,31.05.2024 07:43:07.920000,-173.776,-187.701,10.5274,10.485,10.429,80.4289,2.13716,2.14387,15.4602,10.5896,612.62,613.57,3.67967,2.82161,2.77688,6.28572,10.4461,9.56307,9.56307,0.0,1.0,1
89311,31.05.2024 07:43:07.930000,-167.926,-189.926,10.5274,10.464,10.408,80.4289,2.08827,2.14525,15.4602,10.5896,612.62,613.57,3.67967,2.82161,2.77688,6.28572,10.447,9.56307,9.56307,0.0,1.0,1
89312,31.05.2024 07:43:07.940000,-170.233,-198.001,10.5404,10.491,10.437,80.426,2.06999,2.14421,12.0311,10.5928,612.6,613.55,3.60289,2.8251,2.62538,6.282,10.4474,9.15076,9.15076,0.0,1.0,1
89313,31.05.2024 07:43:07.950000,-170.233,-198.001,10.5404,10.491,10.437,80.4757,2.05754,2.14388,10.6867,10.4251,612.605,613.55,3.52161,2.59878,2.58479,6.31332,10.4474,8.50694,8.50694,0.0,1.0,1
89314,31.05.2024 07:43:07.960000,-176.495,-198.907,10.532,10.433,10.473,80.4757,2.05585,2.14195,10.6867,10.4251,612.605,613.55,3.52161,2.59878,2.58479,6.31332,10.4482,8.50694,8.50694,0.0,1.0,1
89315,31.05.2024 07:43:07.970000,-176.495,-198.907,10.533,10.433,10.473,80.4841,2.0765,2.13689,9.6182,11.6956,612.595,613.515,3.41758,2.59019,2.53214,6.25246,10.4494,7.71123,7.71123,0.0,1.0,1
89316,31.05.2024 07:43:07.980000,-173.529,-192.151,10.533,10.395,10.5,80.4841,2.09054,2.14062,10.0641,8.89595,612.58,613.485,3.46569,2.56074,2.502,6.26771,10.4494,7.68952,7.68952,0.0,1.0,1
89317,31.05.2024 07:43:07.990000,-178.226,-188.937,10.5299,10.419,10.542,80.4475,2.10768,2.14577,10.0641,8.89595,612.58,613.485,3.46569,2.56074,2.502,6.26771,10.4502,7.68952,7.68952,0.0,1.0,1
89318,31.05.2024 07:43:08.000000,-178.226,-188.937,10.5299,10.419,10.542,80.4475,2.10768,2.14577,10.0641,8.89595,612.58,613.485,3.46569,2.56074,2.502,6.26771,10.4502,7.68952,7.68952,0.0,1.0,1
89319,31.05.2024 07:43:08.010000,-171.304,-193.634,10.5462,10.488,10.546,80.4789,2.12323,2.15016,12.7658,11.9555,612.56,613.47,3.35758,2.30485,2.48647,6.33184,10.4502,7.27721,7.27721,0.0,1.0,1
89320,31.05.2024 07:43:08.020000,-176.166,-188.031,10.5537,10.504,10.515,80.4624,2.12948,2.14952,13.0488,12.1389,612.565,613.47,3.32216,2.01628,2.54814,6.29287,10.452,6.7419,6.7419,0.0,1.0,1
89321,31.05.2024 07:43:08.030000,-176.166,-188.031,10.5537,10.504,10.515,80.4387,2.11302,2.14936,11.7552,8.10886,612.555,613.48,3.30145,2.10807,2.52303,6.32453,10.452,6.53936,6.53936,0.0,1.0,1
89322,31.05.2024 07:43:08.040000,-171.057,-191.08,10.5652,10.538,10.47,80.4387,2.09793,2.14875,11.7552,8.10886,612.555,613.48,3.30145,2.10807,2.52303,6.32453,10.4529,6.53936,6.53936,0.0,1.0,1
89323,31.05.2024 07:43:08.050000,-171.057,-191.08,10.5788,10.538,10.47,80.4459,2.06995,2.15083,9.69196,10.6951,612.565,613.48,3.24662,2.0943,2.60687,6.46469,10.4545,6.77083,6.77083,0.0,1.0,1
89324,31.05.2024 07:43:08.060000,-172.623,-197.836,10.5788,10.485,10.5,80.4459,2.06857,2.14994,11.1946,13.3147,612.555,613.43,3.33994,2.18582,2.55551,6.51836,10.4545,6.77083,6.77083,0.0,1.0,1
89325,31.05.2024 07:43:08.070000,-175.177,-198.578,10.5864,10.458,10.516,80.4235,2.07599,2.14496,11.1946,13.3147,612.555,613.43,3.33994,2.18582,2.55551,6.51836,10.4558,6.77083,6.77083,0.0,1.0,1
89326,31.05.2024 07:43:08.080000,-175.177,-198.578,10.5766,10.458,10.516,80.3761,2.08874,2.14056,11.2191,12.6117,612.54,613.395,3.48546,2.10231,2.42921,6.50913,10.4558,6.63339,6.63339,0.0,1.0,1
89327,31.05.2024 07:43:08.090000,-175.177,-198.578,10.5766,10.458,10.516,80.3761,2.08874,2.14056,11.2191,12.6117,612.54,613.395,3.48546,2.10231,2.42921,6.50913,10.4558,6.63339,6.63339,0.0,1.0,1
89328,31.05.2024 07:43:08.100000,-167.267,-198.578,10.5766,10.445,10.514,80.3761,2.12063,2.1471,10.9169,9.87539,612.515,613.375,3.46185,2.09345,2.4136,6.41332,10.4567,6.61169,6.61169,0.0,1.0,1
89329,31.05.2024 07:43:08.110000,-167.267,-198.578,10.5766,10.445,10.514,80.3761,2.12063,2.1471,10.9169,9.87539,612.515,613.375,3.46185,2.09345,2.4136,6.41332,10.4567,6.61169,6.61169,0.0,1.0,1
89330,31.05.2024 07:43:08.120000,-168.75,-203.769,10.5888,10.503,10.564,80.5456,2.14293,2.15271,13.62,12.8525,612.515,613.365,3.42603,2.03459,2.35424,6.40695,10.4583,6.11979,6.11979,0.0,1.0,1
89331,31.05.2024 07:43:08.130000,-176.413,-197.754,10.6225,10.532,10.536,80.6101,2.12318,2.15158,13.815,12.5283,612.485,613.33,3.50214,2.01612,2.28244,6.3941,10.4607,6.11979,6.11979,0.0,1.0,1
89332,31.05.2024 07:43:08.140000,-176.413,-197.754,10.6225,10.532,10.536,80.6101,2.10511,2.152,11.7997,11.126,612.495,613.31,3.44525,2.04093,2.35124,6.45238,10.4607,5.87384,5.87384,0.0,1.0,1
89333,31.05.2024 07:43:08.150000,-176.413,-197.754,10.6225,10.532,10.536,80.6101,2.10511,2.152,11.7997,11.126,612.495,613.31,3.44525,2.04093,2.35124,6.45238,10.4607,5.87384,5.87384,0.0,1.0,1
89334,31.05.2024 07:43:08.160000,-168.585,-195.776,10.6267,10.579,10.512,80.5509,2.08337,2.15333,9.42636,11.1264,612.485,613.275,3.36322,2.06721,2.40273,6.46217,10.4616,5.82321,5.82321,0.0,1.0,1
89335,31.05.2024 07:43:08.170000,-171.139,-194.376,10.6246,10.594,10.59,80.4521,2.06118,2.15299,9.42636,11.1264,612.485,613.275,3.36322,2.06721,2.40273,6.46217,10.4626,5.82321,5.82321,0.0,1.0,1
89336,31.05.2024 07:43:08.180000,-167.761,-194.376,10.6213,10.594,10.579,80.4254,2.0716,2.15214,9.50356,11.9656,612.455,613.265,3.39752,1.90989,2.36095,6.37877,10.4639,5.82321,5.82321,0.0,1.0,1
89337,31.05.2024 07:43:08.190000,-167.761,-194.376,10.6213,10.594,10.579,80.4289,2.08955,2.1505,10.3387,12.8434,612.46,613.245,3.39921,1.91122,2.38316,6.281,10.4639,5.60619,5.60619,0.0,1.0,1
89338,31.05.2024 07:43:08.200000,-175.259,-192.728,10.6198,10.64,10.648,80.4289,2.1154,2.14792,10.3387,12.8434,612.46,613.245,3.39921,1.91122,2.38316,6.281,10.4652,5.60619,5.60619,0.0,1.0,1
89339,31.05.2024 07:43:08.210000,-175.259,-192.728,10.6204,10.64,10.648,80.3986,2.1588,2.15253,10.8028,10.3718,612.46,613.21,3.39427,2.11001,2.39212,6.35651,10.4667,5.61342,5.61342,0.0,1.0,1
89340,31.05.2024 07:43:08.220000,-163.147,-194.952,10.6204,10.601,10.61,80.3986,2.17389,2.15682,13.071,12.4586,612.44,613.165,3.36421,1.87802,2.45795,6.53732,10.4667,5.31684,5.31684,0.0,1.0,1
89341,31.05.2024 07:43:08.230000,-170.233,-186.465,10.6313,10.637,10.596,80.4074,2.17816,2.15895,13.071,12.4586,612.44,613.165,3.36421,1.87802,2.45795,6.53732,10.468,5.31684,5.31684,0.0,1.0,1
89342,31.05.2024 07:43:08.240000,-170.233,-186.465,10.6313,10.637,10.596,80.4074,2.17816,2.15895,13.071,12.4586,612.44,613.165,3.36421,1.87802,2.45795,6.53732,10.468,5.31684,5.31684,0.0,1.0,1
89343,31.05.2024 07:43:08.250000,-165.454,-192.645,10.6406,10.618,10.549,80.4614,2.17444,2.15909,14.3981,12.5824,612.425,613.14,3.41938,1.70528,2.42293,6.50282,10.468,5.31684,5.31684,0.0,1.0,1
89344,31.05.2024 07:43:08.260000,-166.772,-193.964,10.6278,10.617,10.612,80.4751,2.12598,2.16056,14.0046,12.4318,612.425,613.1,3.51461,1.64439,2.3891,6.39529,10.4707,5.54832,5.54832,0.0,1.0,1
89345,31.05.2024 07:43:08.270000,-166.772,-193.964,10.6278,10.617,10.612,80.4938,2.11235,2.16206,11.5618,12.3962,612.405,613.115,3.58423,1.62691,2.41891,6.38643,10.4707,5.96788,5.96788,0.0,1.0,1
89346,31.05.2024 07:43:08.280000,-174.683,-199.319,10.6301,10.661,10.61,80.4938,2.10479,2.16212,11.5618,12.3962,612.405,613.115,3.58423,1.62691,2.41891,6.38643,10.4715,5.96788,5.96788,0.0,1.0,1
89347,31.05.2024 07:43:08.290000,-174.683,-199.319,10.6326,10.661,10.61,80.4826,2.10954,2.15943,9.92029,13.3642,612.4,613.105,3.62597,1.80578,2.40864,6.32777,10.4735,5.86661,5.86661,0.0,1.0,1
89348,31.05.2024 07:43:08.300000,-174.683,-199.319,10.6326,10.661,10.61,80.4826,2.10954,2.15943,9.92029,13.3642,612.4,613.105,3.62597,1.80578,2.40864,6.32777,10.4735,5.86661,5.86661,0.0,1.0,1
89349,31.05.2024 07:43:08.310000,-167.926,-184.982,10.6326,10.61,10.568,80.4826,2.12025,2.15646,10.6678,9.98919,612.4,613.055,3.69305,2.15128,2.34511,6.3006,10.4744,6.09809,6.09809,0.0,1.0,1
89350,31.05.2024 07:43:08.320000,-172.046,-194.376,10.6325,10.576,10.589,80.5223,2.13799,2.15633,10.414,9.58994,612.375,612.985,3.71518,2.18764,2.50439,6.25741,10.4744,6.61169,6.61169,0.0,1.0,1
89351,31.05.2024 07:43:08.330000,-172.046,-194.376,10.6325,10.576,10.589,80.5223,2.13216,2.15716,10.414,9.58994,612.375,612.985,3.71518,2.18764,2.50439,6.25741,10.4759,6.61169,6.61169,0.0,1.0,1
89352,31.05.2024 07:43:08.340000,-172.046,-194.376,10.6325,10.576,10.589,80.5223,2.13216,2.15716,10.414,9.58994,612.375,612.985,3.71518,2.18764,2.50439,6.25741,10.4759,6.61169,6.61169,0.0,1.0,1
89353,31.05.2024 07:43:08.350000,-167.102,-190.75,10.6391,10.549,10.596,80.5295,2.12302,2.15701,11.599,10.4138,612.355,612.915,3.67101,1.96397,2.52245,6.31511,10.4766,6.51041,6.51041,0.0,1.0,1
89354,31.05.2024 07:43:08.360000,-167.102,-190.75,10.6391,10.549,10.596,80.5295,2.12302,2.15701,11.599,10.4138,612.355,612.915,3.67101,1.96397,2.52245,6.31511,10.4766,6.51041,6.51041,0.0,1.0,1
89355,31.05.2024 07:43:08.370000,-165.289,-198.578,10.6394,10.549,10.587,80.548,2.07693,2.15391,10.8317,11.925,612.345,612.94,3.61281,1.59867,2.51578,6.30607,10.4776,6.69126,6.69126,0.0,1.0,1
89356,31.05.2024 07:43:08.380000,-165.289,-198.578,10.6394,10.549,10.587,80.548,2.07693,2.15391,10.8317,11.925,612.345,612.94,3.61281,1.59867,2.51578,6.30607,10.4776,6.69126,6.69126,0.0,1.0,1
89357,31.05.2024 07:43:08.390000,-176.248,-201.956,10.6407,10.531,10.554,80.4861,2.06759,2.15466,6.24543,10.6122,612.335,612.96,3.52211,2.20986,2.6604,6.39379,10.4785,6.7202,6.7202,0.0,1.0,1
89358,31.05.2024 07:43:08.400000,-173.117,-197.836,10.6395,10.588,10.565,80.5782,2.10466,2.15421,7.92114,12.0853,612.33,612.91,3.37864,2.29174,2.62452,6.39756,10.4798,6.7636,6.7636,0.0,1.0,1
89359,31.05.2024 07:43:08.410000,-173.117,-197.836,10.6395,10.588,10.565,80.5782,2.10466,2.15421,7.92114,12.0853,612.33,612.91,3.37864,2.29174,2.62452,6.39756,10.4798,6.7636,6.7636,0.0,1.0,1
89360,31.05.2024 07:43:08.420000,-173.117,-194.952,10.6395,10.507,10.565,80.5782,2.12205,2.15626,10.4223,10.357,612.33,612.845,3.40465,2.29032,2.61165,6.45287,10.4801,6.37297,6.37297,0.0,1.0,1
89361,31.05.2024 07:43:08.430000,-173.117,-194.952,10.6395,10.507,10.565,80.5782,2.12205,2.15626,10.4223,10.357,612.33,612.845,3.40465,2.29032,2.61165,6.45287,10.4801,6.37297,6.37297,0.0,1.0,1
89362,31.05.2024 07:43:08.440000,-176.907,-189.02,10.643,10.542,10.589,80.5783,2.15289,2.16218,10.4045,10.7593,612.33,612.82,3.51524,2.16146,2.65563,6.4095,10.4809,6.66956,6.66956,0.0,1.0,1
89363,31.05.2024 07:43:08.450000,-170.398,-198.413,10.6024,10.586,10.559,80.5666,2.14793,2.16416,9.81435,11.2756,612.325,612.815,3.60556,2.18528,2.59127,6.41137,10.4831,7.2989,7.2989,0.0,1.0,1
89364,31.05.2024 07:43:08.460000,-170.398,-198.413,10.6024,10.586,10.559,80.5666,2.13609,2.16525,10.4432,10.296,612.31,612.825,3.75232,2.32661,2.60862,6.29964,10.4831,7.2989,7.2989,0.0,1.0,1
89365,31.05.2024 07:43:08.470000,-170.398,-198.413,10.6024,10.586,10.559,80.5666,2.13609,2.16525,10.4432,10.296,612.31,612.825,3.75232,2.32661,2.60862,6.29964,10.4831,7.2989,7.2989,0.0,1.0,1
89366,31.05.2024 07:43:08.480000,-173.364,-191.821,10.6145,10.573,10.573,80.5285,2.12801,2.16536,10.7607,10.5469,612.315,612.78,3.7335,2.50994,2.72358,6.31274,10.4839,7.56655,7.56655,0.0,1.0,1
89367,31.05.2024 07:43:08.490000,-169.574,-197.342,10.6164,10.62,10.553,80.5404,2.13869,2.16804,10.7607,10.5469,612.315,612.78,3.7335,2.50994,2.72358,6.31274,10.4846,7.56655,7.56655,0.0,1.0,1
89368,31.05.2024 07:43:08.500000,-175.836,-197.342,10.6181,10.62,10.566,80.5883,2.15333,2.16798,10.438,14.456,612.33,612.8,3.78865,2.6058,2.71865,6.30627,10.4855,7.87038,7.87038,0.0,1.0,1
89369,31.05.2024 07:43:08.510000,-175.836,-197.342,10.6181,10.62,10.566,80.5793,2.16796,2.16852,10.3202,11.3818,612.32,612.785,3.91781,2.84945,2.79827,6.22089,10.4855,7.87038,7.87038,0.0,1.0,1
89370,31.05.2024 07:43:08.520000,-164.465,-201.05,10.624,10.651,10.57,80.5793,2.17952,2.16995,10.3202,11.3818,612.32,612.785,3.91781,2.84945,2.79827,6.22089,10.4871,7.87038,7.87038,0.0,1.0,1
89371,31.05.2024 07:43:08.530000,-164.465,-201.05,10.6225,10.651,10.57,80.5255,2.18541,2.17784,11.1779,11.3432,612.33,612.76,4.01014,3.03025,2.88108,6.14859,10.4877,7.87038,7.87038,0.0,1.0,1
89372,31.05.2024 07:43:08.540000,-164.465,-201.05,10.6225,10.651,10.57,80.5255,2.18541,2.17784,11.1779,11.3432,612.33,612.76,4.01014,3.03025,2.88108,6.14859,10.4877,7.87038,7.87038,0.0,1.0,1
89373,31.05.2024 07:43:08.550000,-172.046,-203.604,10.6225,10.603,10.585,80.5255,2.17782,2.18012,11.161,12.1869,612.34,612.745,4.20744,3.09599,2.98341,6.11415,10.4877,7.97164,7.97164,0.0,1.0,1
89374,31.05.2024 07:43:08.560000,-172.046,-203.604,10.6225,10.603,10.585,80.5255,2.17782,2.18012,11.161,12.1869,612.34,612.745,4.20744,3.09599,2.98341,6.11415,10.4877,7.97164,7.97164,0.0,1.0,1
89375,31.05.2024 07:43:08.570000,-172.87,-194.458,10.6075,10.514,10.544,80.5344,2.1163,2.17225,10.276,11.3655,612.32,612.745,4.4356,3.24726,3.13445,6.15832,10.4877,8.36227,8.36227,0.0,1.0,1
89376,31.05.2024 07:43:08.580000,-176.907,-190.173,10.6153,10.544,10.535,80.5388,2.06811,2.16418,6.54592,9.51303,612.29,612.71,4.50561,3.49955,3.29383,6.07782,10.4896,8.36227,8.36227,0.0,1.0,1
89377,31.05.2024 07:43:08.590000,-176.907,-190.173,10.6153,10.544,10.535,80.5388,2.06811,2.16418,6.54592,9.51303,612.29,612.71,4.50561,3.49955,3.29383,6.07782,10.4896,8.36227,8.36227,0.0,1.0,1
89378,31.05.2024 07:43:08.600000,-174.93,-198.825,10.6153,10.605,10.538,80.5343,2.05768,2.16224,5.67192,9.72877,612.28,612.705,4.41559,3.52658,3.38362,6.07309,10.4896,9.375,9.375,0.0,1.0,1
89379,31.05.2024 07:43:08.610000,-174.93,-198.825,10.6128,10.605,10.538,80.5192,2.09555,2.15787,7.40798,13.3299,612.28,612.69,4.29478,3.55641,3.4675,6.11494,10.4915,9.375,9.375,0.0,1.0,1
89380,31.05.2024 07:43:08.620000,-173.364,-186.383,10.6128,10.506,10.52,80.5192,2.12171,2.15851,7.77387,12.6704,612.28,612.675,4.25618,3.58501,3.61025,6.14454,10.4915,9.375,9.375,0.0,1.0,1
89381,31.05.2024 07:43:08.630000,-173.364,-186.383,10.6128,10.506,10.52,80.5192,2.12171,2.15851,7.77387,12.6704,612.28,612.675,4.25618,3.58501,3.61025,6.14454,10.4915,9.375,9.375,0.0,1.0,1
89382,31.05.2024 07:43:08.640000,-169.08,-197.589,10.6027,10.552,10.523,80.4339,2.14677,2.1595,11.1337,10.4337,612.28,612.67,4.23988,3.59443,3.60989,6.19749,10.4924,9.44734,9.44734,0.0,1.0,1
89383,31.05.2024 07:43:08.650000,-170.233,-200.226,10.6082,10.536,10.558,80.3942,2.17276,2.17322,11.1337,10.4337,612.28,612.67,4.23988,3.59443,3.60989,6.19749,10.4937,9.44734,9.44734,0.0,1.0,1
89384,31.05.2024 07:43:08.660000,-175.424,-200.226,10.612,10.536,10.568,80.406,2.16145,2.17359,11.6825,12.1796,612.285,612.685,4.21416,3.60495,3.66247,6.26304,10.4945,9.34607,9.34607,0.0,1.0,1
89385,31.05.2024 07:43:08.670000,-175.424,-200.226,10.612,10.536,10.568,80.406,2.16145,2.17359,11.6825,12.1796,612.285,612.685,4.21416,3.60495,3.66247,6.26304,10.4945,9.34607,9.34607,0.0,1.0,1
89386,31.05.2024 07:43:08.680000,-171.963,-197.095,10.612,10.586,10.542,80.3947,2.1421,2.17275,11.1714,11.5463,612.27,612.68,4.15282,3.64229,3.64999,6.23518,10.4945,9.23757,9.23757,0.0,1.0,1
89387,31.05.2024 07:43:08.690000,-171.963,-197.095,10.5985,10.586,10.542,80.4305,2.07944,2.17569,8.64587,10.2001,612.265,612.66,4.11027,3.61024,3.62853,6.18429,10.4965,9.23757,9.23757,0.0,1.0,1
89388,31.05.2024 07:43:08.700000,-171.963,-197.095,10.5985,10.586,10.542,80.4305,2.07944,2.17569,8.64587,10.2001,612.265,612.66,4.11027,3.61024,3.62853,6.18429,10.4965,9.23757,9.23757,0.0,1.0,1
89389,31.05.2024 07:43:08.710000,-167.926,-193.387,10.5985,10.656,10.576,80.4305,2.07481,2.17588,6.68226,10.173,612.26,612.635,4.17213,3.54235,3.56181,5.91903,10.4965,9.28819,9.28819,0.0,1.0,1
89390,31.05.2024 07:43:08.720000,-167.926,-193.387,10.5985,10.656,10.576,80.4305,2.07481,2.17588,6.68226,10.173,612.26,612.635,4.17213,3.54235,3.56181,5.91903,10.4965,9.28819,9.28819,0.0,1.0,1
89391,31.05.2024 07:43:08.730000,-175.507,-193.881,10.5969,10.617,10.567,80.5622,2.12694,2.17155,7.35283,11.6627,612.255,612.65,4.05395,3.40582,3.58388,5.93688,10.4977,9.39669,9.39669,0.0,1.0,1
89392,31.05.2024 07:43:08.740000,-175.507,-193.881,10.5969,10.617,10.567,80.5622,2.12694,2.17155,7.35283,11.6627,612.255,612.65,4.05395,3.40582,3.58388,5.93688,10.4977,9.39669,9.39669,0.0,1.0,1
89393,31.05.2024 07:43:08.750000,-175.259,-203.769,10.5997,10.604,10.564,80.6122,2.19417,2.17475,8.94453,10.5071,612.255,612.665,3.91551,3.33596,3.64338,5.96712,10.5013,9.64265,9.64265,0.0,1.0,1
89394,31.05.2024 07:43:08.760000,-175.259,-203.769,10.5997,10.604,10.564,80.6122,2.19417,2.17475,8.94453,10.5071,612.255,612.665,3.91551,3.33596,3.64338,5.96712,10.5013,9.64265,9.64265,0.0,1.0,1
89395,31.05.2024 07:43:08.770000,-178.802,-192.398,10.6129,10.538,10.59,80.5803,2.23812,2.18792,12.7325,10.6522,612.26,612.66,3.88676,3.32598,3.58685,5.89249,10.5035,9.70052,9.70052,0.0,1.0,1
89396,31.05.2024 07:43:08.780000,-173.859,-194.87,10.6295,10.512,10.596,80.5745,2.20947,2.19241,12.7846,12.4005,612.27,612.655,3.92813,3.11718,3.49162,5.96626,10.5055,9.49074,9.49074,0.0,1.0,1
89397,31.05.2024 07:43:08.790000,-173.859,-194.87,10.6255,10.512,10.596,80.5808,2.17666,2.19322,12.7846,12.4005,612.27,612.655,3.92813,3.11718,3.49162,5.96626,10.5067,9.49074,9.49074,0.0,1.0,1
89398,31.05.2024 07:43:08.800000,-173.859,-194.87,10.6255,10.512,10.596,80.5808,2.17666,2.19322,12.7846,12.4005,612.27,612.655,3.92813,3.11718,3.49162,5.96626,10.5067,9.49074,9.49074,0.0,1.0,1
89399,31.05.2024 07:43:08.810000,-173.859,-194.87,10.6277,10.512,10.596,80.5346,2.11275,2.19404,9.11097,10.568,612.27,612.66,3.97263,3.03196,3.37499,5.96523,10.5067,9.20139,9.20139,0.0,1.0,1
