,time,Pinceur Inf Mesure de courant,Pinceur Sup Mesure de courant,Mandrin - Vitesse Actuelle,Pinceur Sup Mesure vitesse lineaire,Pinceur Inf Mesure vitesse lineaire,Mandrin - Mesure Expansion,Pinceur Nord Position entrefer estimee,Pinceur Sud Position entrefer estimee,Pinceur Nord Force entrefer calibree,Pinceur Sud Force entrefer calibree,Guides Nord Entree Position mesuree,Guides Nord Sortie Position mesuree,Guides Nord Entree Force pour regulateur PI,Guides Nord Sortie Force pour regulateur PI,Guides Sud Entree Force pour regulateur PI,Guides Sud Sortie Force pour regulateur PI,Mandrin - Vitesse Actuelle F10,_Excentrage largeur bande jauge bob,_Excentrage largeur bande jauge bob.1,TDB pinceur,Fenetre,Declancheur
87000,31.05.2024 07:07:19.560000,104.81,63.2812,10.479,11.639,11.549,30.9268,2.57169,2.28616,19.6622,20.4563,682.705,683.43,7.21777,7.88268,0.509296,-0.0655925,9.89341,100.246,100.246,1.0,1.0,1
87001,31.05.2024 07:07:19.570000,105.386,63.858,10.479,11.62,11.483,30.9268,2.60478,2.33009,19.6622,20.4563,682.705,683.43,7.226,7.76172,0.460002,-0.0896423,9.89329,100.246,100.246,1.0,1.0,1
87002,31.05.2024 07:07:19.580000,105.386,63.858,10.476,11.62,11.483,30.9761,2.59839,2.3587,24.421,18.1085,680.92,681.655,7.226,7.76172,0.460002,-0.0896423,9.89329,100.26,100.26,1.0,1.0,1
87003,31.05.2024 07:07:19.590000,105.386,63.858,10.476,11.62,11.483,30.9761,2.59839,2.3587,24.421,18.1085,680.92,681.655,7.226,7.76172,0.460002,-0.0896423,9.89329,100.26,100.26,1.0,1.0,1
87004,31.05.2024 07:07:19.600000,107.199,99.1241,10.4798,11.548,11.507,30.958,2.57044,2.39411,25.4309,21.7797,679.24,679.925,7.11937,7.64883,0.562923,-0.105265,9.89401,100.268,100.268,1.0,1.0,1
87005,31.05.2024 07:07:19.610000,126.068,117.004,10.4833,11.493,11.391,30.9647,2.41365,2.45541,26.6036,36.1466,677.695,678.235,7.32303,6.89561,0.552608,-0.0897739,9.89443,100.253,100.253,1.0,1.0,1
87006,31.05.2024 07:07:19.620000,139.746,133.319,10.4833,11.44,11.392,30.9582,2.35537,2.45491,19.7556,29.4085,676.21,676.74,7.20047,5.61546,0.557281,-0.0814159,9.89458,100.253,100.253,1.0,1.0,1
87007,31.05.2024 07:07:19.630000,139.746,133.319,10.4872,11.44,11.392,30.9582,2.32116,2.45441,19.7556,29.4085,676.21,676.74,7.20047,5.61546,0.557281,-0.0814159,9.8954,100.246,100.246,1.0,1.0,1
87008,31.05.2024 07:07:19.640000,183.417,161.499,10.4839,11.406,11.247,30.9005,2.25636,2.41691,17.1679,24.6647,674.87,675.44,6.72402,4.84039,0.57991,-0.117409,9.8954,100.239,100.239,1.0,1.0,1
87009,31.05.2024 07:07:19.650000,183.417,161.499,10.4839,11.406,11.247,30.9005,2.25636,2.41691,17.1679,24.6647,674.87,675.44,6.72402,4.84039,0.57991,-0.117409,9.8954,100.239,100.239,1.0,1.0,1
87010,31.05.2024 07:07:19.660000,229.559,191.821,10.4839,11.366,11.235,30.9005,2.25041,2.38837,13.4349,30.3388,673.46,674.08,7.06186,5.03301,0.441627,-0.220267,9.89586,100.253,100.253,1.0,1.0,1
87011,31.05.2024 07:07:19.670000,229.559,191.821,10.4839,11.366,11.235,30.9005,2.25041,2.38837,13.4349,30.3388,673.46,674.08,7.06186,5.03301,0.441627,-0.220267,9.89586,100.253,100.253,1.0,1.0,1
87012,31.05.2024 07:07:19.680000,278.174,280.728,10.491,11.2,11.121,30.9261,2.32304,2.32439,13.9351,27.3393,672.12,672.635,7.06668,5.31743,0.452217,-0.267968,9.89728,95.1751,95.1751,1.0,1.0,1
87013,31.05.2024 07:07:19.690000,323.74,355.957,10.4868,11.104,11.032,30.9067,2.47281,2.22174,19.1251,14.4305,670.825,671.2,7.09027,5.22656,0.49076,-0.226895,9.8981,95.1461,95.1461,1.0,1.0,1
87014,31.05.2024 07:07:19.700000,323.74,355.957,10.4868,11.104,11.032,30.9067,2.47281,2.22174,19.1251,14.4305,670.825,671.2,7.09027,5.22656,0.49076,-0.226895,9.8981,95.1461,95.1461,1.0,1.0,1
87015,31.05.2024 07:07:19.710000,352.991,386.279,10.4868,11.088,11.021,30.8798,2.49784,2.19785,23.36,12.5541,669.525,669.79,7.48088,5.69506,0.452007,-0.232991,9.8994,90.9867,90.9867,1.0,1.0,1
87016,31.05.2024 07:07:19.720000,352.991,386.279,10.4868,11.088,11.021,30.8798,2.49784,2.19785,23.36,12.5541,669.525,669.79,7.48088,5.69506,0.452007,-0.232991,9.8994,90.9867,90.9867,1.0,1.0,1
87017,31.05.2024 07:07:19.730000,400.864,418.744,10.4914,11.037,10.927,30.8192,2.47515,2.19272,26.6347,13.0209,668.17,668.33,8.29885,6.17766,0.469017,-0.186843,9.90071,90.9867,90.9867,1.0,1.0,1
87018,31.05.2024 07:07:19.740000,400.864,418.744,10.4914,11.037,10.927,30.8192,2.47515,2.19272,26.6347,13.0209,668.17,668.33,8.29885,6.17766,0.469017,-0.186843,9.90071,90.9867,90.9867,1.0,1.0,1
87019,31.05.2024 07:07:19.750000,429.62,456.564,10.4823,11.0,10.933,30.874,2.40533,2.20161,24.3398,14.0204,666.58,666.85,9.58127,6.59351,0.456569,-0.175902,9.90212,81.2717,81.2717,1.0,1.0,1
87020,31.05.2024 07:07:19.760000,465.546,537.231,10.4856,10.923,10.893,30.8918,2.29672,2.24925,19.7412,14.803,664.98,665.255,9.85943,7.33502,0.387653,-0.238454,9.904,81.2717,81.2717,1.0,1.0,1
87021,31.05.2024 07:07:19.770000,462.085,537.231,10.4909,10.923,10.922,30.8802,2.27536,2.26955,16.2026,17.5148,663.57,663.685,9.52961,7.41185,0.391109,-0.258645,9.904,78.342,78.342,1.0,1.0,1
87022,31.05.2024 07:07:19.780000,489.523,569.613,10.4909,10.913,10.873,30.845,2.27674,2.28897,14.5869,19.9042,662.055,662.18,9.87072,7.40289,0.444576,-0.175683,9.90462,78.342,78.342,1.0,1.0,1
87023,31.05.2024 07:07:19.790000,489.523,569.613,10.4909,10.913,10.873,30.845,2.27674,2.28897,14.5869,19.9042,662.055,662.18,9.87072,7.40289,0.444576,-0.175683,9.90462,78.342,78.342,1.0,1.0,1
87024,31.05.2024 07:07:19.800000,489.523,569.613,10.4907,10.913,10.873,30.845,2.30437,2.30191,18.0447,23.9067,660.39,660.59,10.2728,7.84395,0.449325,-0.162236,9.90494,79.5645,79.5645,1.0,1.0,1
87025,31.05.2024 07:07:19.810000,563.104,640.558,10.492,10.784,10.798,30.8283,2.44243,2.31212,23.2087,22.5191,658.76,658.99,10.1694,8.16776,0.437072,-0.179263,9.9053,79.5645,79.5645,1.0,1.0,1
87026,31.05.2024 07:07:19.820000,563.104,640.558,10.4866,10.784,10.798,30.818,2.48367,2.31192,23.2087,22.5191,658.76,658.99,10.1694,8.16776,0.437072,-0.179263,9.9053,78.899,78.899,1.0,1.0,1
87027,31.05.2024 07:07:19.830000,579.336,649.374,10.4828,10.81,10.825,30.7955,2.50721,2.31186,25.8213,20.8588,657.215,657.39,9.95926,8.3631,0.466037,-0.237334,9.90613,73.8571,73.8571,1.0,1.0,1
87028,31.05.2024 07:07:19.840000,579.336,655.719,10.4828,10.74,10.825,30.7955,2.49842,2.31128,25.8213,20.8588,657.215,657.39,9.95926,8.3631,0.466037,-0.237334,9.90675,73.8571,73.8571,1.0,1.0,1
87029,31.05.2024 07:07:19.850000,579.336,655.719,10.4828,10.74,10.825,30.7955,2.49842,2.31128,25.8213,20.8588,657.215,657.39,9.95926,8.3631,0.466037,-0.237334,9.90675,73.8571,73.8571,1.0,1.0,1
87030,31.05.2024 07:07:19.860000,586.011,655.719,10.489,10.74,10.765,30.8528,2.46589,2.30864,27.4455,23.7531,655.57,655.785,10.1996,8.79369,0.404151,-0.292214,9.90675,73.8571,73.8571,1.0,1.0,1
87031,31.05.2024 07:07:19.870000,586.011,655.719,10.489,10.74,10.765,30.8528,2.46589,2.30864,27.4455,23.7531,655.57,655.785,10.1996,8.79369,0.404151,-0.292214,9.90675,73.8571,73.8571,1.0,1.0,1
87032,31.05.2024 07:07:19.880000,599.194,642.206,10.4932,10.739,10.817,30.7594,2.37034,2.30587,23.9264,22.2239,653.885,654.175,10.0502,8.83,0.455848,-0.255843,9.90777,70.9274,70.9274,1.0,1.0,1
87033,31.05.2024 07:07:19.890000,602.49,642.206,10.4988,10.677,10.786,30.8131,2.23449,2.30863,14.7117,19.195,650.6,650.99,9.57068,9.23549,0.552547,-0.263545,9.90899,67.2092,67.2092,1.0,1.0,1
87034,31.05.2024 07:07:19.900000,602.49,642.206,10.4988,10.677,10.786,30.8131,2.23449,2.30863,14.7117,19.195,650.6,650.99,9.57068,9.23549,0.552547,-0.263545,9.90899,67.2092,67.2092,1.0,1.0,1
87035,31.05.2024 07:07:19.910000,602.49,642.206,10.5047,10.677,10.786,30.8265,2.21491,2.30804,14.7117,19.195,650.6,650.99,9.57068,9.23549,0.552547,-0.263545,9.90899,67.2598,67.2598,1.0,1.0,1
87036,31.05.2024 07:07:19.920000,602.49,642.206,10.5047,10.677,10.786,30.8265,2.21491,2.30804,14.7117,19.195,650.6,650.99,9.57068,9.23549,0.552547,-0.263545,9.90899,67.2598,67.2598,1.0,1.0,1
87037,31.05.2024 07:07:19.930000,595.239,648.633,10.5035,10.559,10.706,30.7969,2.25817,2.28876,14.021,24.3061,648.965,649.435,9.61796,10.0402,0.533561,-0.322547,9.91066,63.4621,63.4621,1.0,1.0,1
87038,31.05.2024 07:07:19.940000,574.805,636.52,10.51,10.506,10.706,30.8456,2.32317,2.27986,18.5503,19.7133,645.58,646.155,9.72472,10.7401,0.486907,-0.24783,9.91157,60.1997,60.1997,1.0,1.0,1
87039,31.05.2024 07:07:19.950000,574.805,636.52,10.5191,10.506,10.706,30.8456,2.35305,2.27634,18.5503,19.7133,645.58,646.155,9.72472,10.7401,0.486907,-0.24783,9.91233,58.167,58.167,1.0,1.0,1
87040,31.05.2024 07:07:19.960000,544.977,608.587,10.5203,10.475,10.638,30.8641,2.37149,2.26871,19.9615,20.7779,643.875,644.465,9.52078,11.067,0.465965,-0.0937622,9.91233,55.0347,55.0347,1.0,1.0,1
87041,31.05.2024 07:07:19.970000,524.872,599.936,10.5203,10.457,10.679,30.8641,2.36534,2.26862,19.9615,20.7779,643.875,644.465,9.52078,11.067,0.465965,-0.0937622,9.91242,55.0347,55.0347,1.0,1.0,1
87042,31.05.2024 07:07:19.980000,524.872,599.936,10.5252,10.457,10.679,30.886,2.34696,2.26955,21.6238,18.4196,642.13,642.77,9.21882,11.0959,0.456752,-0.145055,9.91242,52.0182,52.0182,1.0,1.0,1
87043,31.05.2024 07:07:19.990000,498.752,566.318,10.5235,10.487,10.66,30.9768,2.32268,2.26888,20.8358,18.3827,640.42,641.065,8.734,10.7432,0.422435,-0.23232,9.91357,51.8012,51.8012,1.0,1.0,1
87044,31.05.2024 07:07:20.000000,498.752,545.883,10.5235,10.392,10.66,30.9768,2.27626,2.26877,20.8358,18.3827,640.42,641.065,8.734,10.7432,0.422435,-0.23232,9.91371,51.8012,51.8012,1.0,1.0,1
87045,31.05.2024 07:07:20.010000,476.504,545.883,10.5286,10.392,10.656,30.9465,2.25588,2.2754,19.1755,21.7953,638.725,639.455,8.27491,10.5416,0.388668,-0.218871,9.91371,49.8481,49.8481,1.0,1.0,1
87046,31.05.2024 07:07:20.020000,476.504,545.883,10.5286,10.392,10.656,30.9465,2.25588,2.2754,19.1755,21.7953,638.725,639.455,8.27491,10.5416,0.388668,-0.218871,9.91371,49.8481,49.8481,1.0,1.0,1
87047,31.05.2024 07:07:20.030000,465.381,517.291,10.5286,10.379,10.615,30.9533,2.24541,2.27922,16.8195,22.161,637.12,637.92,8.05223,10.7773,0.331474,-0.223788,9.91469,49.8481,49.8481,1.0,1.0,1
87048,31.05.2024 07:07:20.040000,465.381,517.291,10.5286,10.379,10.615,30.9533,2.24541,2.27922,16.8195,22.161,637.12,637.92,8.05223,10.7773,0.331474,-0.223788,9.91469,49.8481,49.8481,1.0,1.0,1
87049,31.05.2024 07:07:20.050000,450.22,495.044,10.5512,10.35,10.594,30.9689,2.24364,2.27087,17.0038,21.1861,635.46,636.345,8.37221,11.5389,0.357044,-0.182469,9.91615,47.7213,47.7213,1.0,1.0,1
87050,31.05.2024 07:07:20.060000,408.856,480.624,10.5488,10.253,10.509,30.9423,2.25297,2.26332,16.4219,20.6794,633.73,634.655,8.71137,12.2393,0.455936,-0.086024,9.91644,44.647,44.647,1.0,1.0,1
87051,31.05.2024 07:07:20.070000,450.22,495.044,10.5512,10.35,10.594,30.9689,2.24364,2.27087,17.0038,21.1861,635.46,636.345,8.37221,11.5389,0.357044,-0.182469,9.91615,47.7213,47.7213,1.0,1.0,1
87052,31.05.2024 07:07:20.080000,397.732,428.219,10.5498,10.23,10.424,30.924,2.23995,2.24569,17.0038,21.1861,635.46,636.345,8.37221,11.5389,0.357044,-0.182469,9.91819,47.7213,47.7213,1.0,1.0,1
87053,31.05.2024 07:07:20.090000,366.998,428.219,10.543,10.23,10.345,30.8944,2.23306,2.23897,16.737,19.1693,630.325,631.145,8.90352,12.3506,0.506752,-0.176402,9.91819,38.7153,38.7153,1.0,1.0,1
87054,31.05.2024 07:07:20.100000,346.976,393.118,10.543,10.229,10.259,30.8512,2.225,2.22836,15.288,17.7972,628.57,629.395,8.73978,11.5603,0.528316,-0.235013,9.91819,38.7153,38.7153,1.0,1.0,1
87055,31.05.2024 07:07:20.110000,346.976,393.118,10.5554,10.229,10.259,30.8512,2.21962,2.22067,15.288,17.7972,628.57,629.395,8.73978,11.5603,0.528316,-0.235013,9.91973,36.3209,36.3209,1.0,1.0,1
87056,31.05.2024 07:07:20.120000,333.38,388.998,10.5622,10.236,10.3,30.9028,2.20753,2.20784,15.9075,17.5914,626.88,627.795,8.22873,10.9473,0.498298,-0.221144,9.91973,33.5214,33.5214,1.0,1.0,1
87057,31.05.2024 07:07:20.130000,306.106,358.264,10.5622,10.196,10.252,30.9028,2.19895,2.19729,15.9075,17.5914,626.88,627.795,7.93087,10.9992,0.576026,-0.219657,9.9204,33.5214,33.5214,1.0,1.0,1
87058,31.05.2024 07:07:20.140000,306.106,358.264,10.5622,10.196,10.252,30.9028,2.19895,2.19729,15.9075,17.5914,626.88,627.795,7.93087,10.9992,0.576026,-0.219657,9.9204,33.5214,33.5214,1.0,1.0,1
87059,31.05.2024 07:07:20.150000,306.106,358.264,10.5659,10.196,10.252,30.8659,2.19537,2.18722,14.9929,16.9242,625.24,626.23,7.93087,10.9992,0.576026,-0.219657,9.9204,33.5214,33.5214,1.0,1.0,1
87060,31.05.2024 07:07:20.160000,306.106,358.264,10.5659,10.196,10.252,30.8659,2.19537,2.18722,14.9929,16.9242,625.24,626.23,7.93087,10.9992,0.576026,-0.219657,9.9204,33.5214,33.5214,1.0,1.0,1
87061,31.05.2024 07:07:20.170000,302.234,308.331,10.5705,10.154,10.216,30.8764,2.17246,2.17735,14.7077,15.636,623.59,624.53,8.01369,11.6587,0.583786,-0.170363,9.92193,30.9968,30.9968,1.0,1.0,1
87062,31.05.2024 07:07:20.180000,302.234,308.331,10.5705,10.154,10.216,30.8764,2.17246,2.17735,14.7077,15.636,623.59,624.53,8.01369,11.6587,0.583786,-0.170363,9.92193,30.9968,30.9968,1.0,1.0,1
87063,31.05.2024 07:07:20.190000,297.62,316.406,10.5632,10.165,10.174,30.8533,2.16443,2.15708,14.5012,14.351,620.2,621.28,8.3088,11.9006,0.523086,-0.284549,9.92276,24.7396,24.7396,1.0,1.0,1
87064,31.05.2024 07:07:20.200000,297.62,316.406,10.5632,10.165,10.174,30.8533,2.16443,2.15708,14.5012,14.351,620.2,621.28,8.3088,11.9006,0.523086,-0.284549,9.92276,24.7396,24.7396,1.0,1.0,1
87065,31.05.2024 07:07:20.210000,297.208,322.421,10.5712,10.186,10.151,30.9208,2.13977,2.14902,13.0719,12.2812,618.505,619.56,8.19008,12.4336,0.596633,-0.267731,9.92396,24.7396,24.7396,1.0,1.0,1
87066,31.05.2024 07:07:20.220000,297.208,322.421,10.5712,10.186,10.151,30.9208,2.13977,2.14902,13.0719,12.2812,618.505,619.56,8.19008,12.4336,0.596633,-0.267731,9.92396,24.7396,24.7396,1.0,1.0,1
87067,31.05.2024 07:07:20.230000,291.852,325.717,10.5561,10.141,10.169,30.922,2.13191,2.14323,12.9586,12.1776,616.855,617.965,8.17025,12.5863,0.531269,-0.282243,9.92534,21.9546,21.9546,1.0,1.0,1
87068,31.05.2024 07:07:20.240000,291.852,325.717,10.5561,10.141,10.169,30.922,2.13191,2.14323,12.9586,12.1776,616.855,617.965,8.17025,12.5863,0.531269,-0.282243,9.92534,21.9546,21.9546,1.0,1.0,1
87069,31.05.2024 07:07:20.250000,295.807,322.504,10.5543,10.147,10.166,30.8726,2.14208,2.14525,12.8455,12.3933,615.25,616.355,8.12623,12.8535,0.68486,-0.3215,9.92555,18.4028,18.4028,1.0,1.0,1
87070,31.05.2024 07:07:20.260000,303.552,319.208,10.5563,10.125,10.155,30.9615,2.14163,2.14375,13.0553,11.0454,612.255,613.225,9.419,14.2688,3.22956,-0.130549,9.9276,18.4028,18.4028,1.0,1.0,1
87071,31.05.2024 07:07:20.270000,303.552,319.208,10.5563,10.125,10.155,30.9615,2.14163,2.14375,13.0553,11.0454,612.255,613.225,9.419,14.2688,3.22956,-0.130549,9.9276,18.4028,18.4028,1.0,1.0,1
87072,31.05.2024 07:07:20.280000,303.552,319.208,10.5539,10.125,10.155,30.9615,2.13498,2.14614,14.0936,12.3668,610.795,611.725,11.0705,15.1556,5.30911,0.0290368,9.92696,11.6102,11.6102,1.0,1.0,1
87073,31.05.2024 07:07:20.290000,302.728,321.68,10.5537,10.16,10.16,31.2095,2.11047,2.14534,13.7811,14.3152,609.34,610.195,12.883,16.3797,7.83744,0.201463,9.92825,8.44184,8.44184,1.0,1.0,1
87074,31.05.2024 07:07:20.300000,302.728,321.68,10.5202,10.16,10.16,31.8709,2.09724,2.13923,13.7811,14.3152,609.34,610.195,12.883,16.3797,7.83744,0.201463,9.92825,6.86487,6.86487,1.0,1.0,1
87075,31.05.2024 07:07:20.310000,297.867,325.799,10.5163,10.169,10.155,32.477,2.07962,2.12928,12.7986,13.1905,608.085,608.62,13.4211,13.9511,9.82885,0.396392,9.92866,6.8287,6.8287,1.0,1.0,1
87076,31.05.2024 07:07:20.320000,297.867,321.762,10.5163,10.243,10.155,32.477,2.04156,2.11713,12.7986,13.1905,608.085,608.62,13.4211,13.9511,9.82885,0.396392,9.92937,6.8287,6.8287,1.0,1.0,1
87077,31.05.2024 07:07:20.330000,289.297,321.762,10.5235,10.243,10.34,33.1593,2.03461,2.11224,8.22718,8.41631,608.105,608.415,9.0958,3.8248,11.8635,0.53983,9.92937,7.19039,7.19039,1.0,1.0,1
87078,31.05.2024 07:07:20.340000,289.297,321.762,10.5235,10.243,10.34,33.1593,2.03461,2.11224,8.22718,8.41631,608.105,608.415,9.0958,3.8248,11.8635,0.53983,9.92937,7.19039,7.19039,1.0,1.0,1
87079,31.05.2024 07:07:20.350000,315.582,323.822,10.5235,10.308,10.327,34.0841,2.02973,2.10157,10.8079,11.8487,607.945,609.285,10.4027,2.52663,14.5368,0.80438,9.93013,7.19039,7.19039,1.0,1.0,1
87080,31.05.2024 07:07:20.360000,315.582,323.822,10.5235,10.308,10.327,34.0841,2.02973,2.10157,10.8079,11.8487,607.945,609.285,10.4027,2.52663,14.5368,0.80438,9.93013,7.19039,7.19039,1.0,1.0,1
87081,31.05.2024 07:07:20.370000,301.822,328.848,10.5065,10.317,10.351,35.0972,2.06647,2.08749,9.4183,9.15863,608.085,609.445,8.50196,7.65102,16.0688,1.61447,9.93044,7.42911,7.42911,1.0,1.0,1
87082,31.05.2024 07:07:20.380000,306.848,331.897,10.4501,10.355,10.361,36.1126,2.10864,2.0957,11.8216,9.55646,608.3,609.31,9.12684,8.14297,16.8951,2.80744,9.93087,8.10908,8.10908,1.0,1.0,1
87083,31.05.2024 07:07:20.390000,306.848,331.897,10.4501,10.355,10.361,36.1126,2.10864,2.0957,11.8216,9.55646,608.3,609.31,9.12684,8.14297,16.8951,2.80744,9.93087,8.10908,8.10908,1.0,1.0,1
87084,31.05.2024 07:07:20.400000,304.376,324.399,10.3875,10.316,10.32,37.0486,2.12182,2.09818,13.8269,11.4522,608.285,609.575,9.92401,7.58515,17.3857,3.90554,9.93136,8.45631,8.45631,1.0,1.0,1
87085,31.05.2024 07:07:20.410000,299.679,327.035,10.4055,10.308,10.332,38.2399,2.13688,2.12736,15.0864,12.7632,608.455,609.825,10.4342,9.46609,16.6657,3.99232,9.93232,9.24478,9.24478,1.0,1.0,1
87086,31.05.2024 07:07:20.420000,299.679,327.035,10.4055,10.308,10.332,38.2399,2.13688,2.12736,15.0864,12.7632,608.455,609.825,10.4342,9.46609,16.6657,3.99232,9.93232,9.24478,9.24478,1.0,1.0,1
87087,31.05.2024 07:07:20.430000,303.14,325.47,10.4055,10.321,10.329,39.3478,2.13489,2.13355,13.3389,12.846,608.42,609.73,11.3425,10.8508,15.0719,3.43731,9.93321,9.25203,9.25203,1.0,1.0,1
87088,31.05.2024 07:07:20.440000,309.073,331.238,10.2832,10.398,10.319,40.5086,2.11549,2.14258,16.045,13.8737,608.43,609.67,11.4693,10.314,13.9223,2.91223,9.93481,9.91753,9.91753,1.0,1.0,1
87089,31.05.2024 07:07:20.450000,297.125,333.71,10.2832,10.351,10.256,40.5086,2.11119,2.14589,16.045,13.8737,608.43,609.67,11.2545,9.25251,13.3099,2.82243,9.93556,9.91753,9.91753,1.0,1.0,1
87090,31.05.2024 07:07:20.460000,297.125,333.71,10.2832,10.351,10.256,40.5086,2.11119,2.14589,16.045,13.8737,608.43,609.67,11.2545,9.25251,13.3099,2.82243,9.93556,9.91753,9.91753,1.0,1.0,1
87091,31.05.2024 07:07:20.470000,297.125,333.71,10.2657,10.351,10.256,41.6112,2.11038,2.14822,13.5179,14.0166,608.38,609.77,11.2545,9.25251,13.3099,2.82243,9.93556,11.4873,11.4873,1.0,1.0,1
87092,31.05.2024 07:07:20.480000,297.125,333.71,10.2657,10.351,10.256,41.6112,2.11038,2.14822,13.5179,14.0166,608.38,609.77,11.2545,9.25251,13.3099,2.82243,9.93556,11.4873,11.4873,1.0,1.0,1
87093,31.05.2024 07:07:20.490000,310.226,329.425,10.2326,10.301,10.218,42.68,2.10049,2.13273,15.5474,15.1593,608.305,609.905,10.4861,8.93529,12.7903,2.82013,9.93795,11.4873,11.4873,1.0,1.0,1
87094,31.05.2024 07:07:20.500000,310.226,329.425,10.2326,10.301,10.218,42.68,2.10049,2.13273,15.5474,15.1593,608.305,609.905,10.4861,8.93529,12.7903,2.82013,9.93795,11.4873,11.4873,1.0,1.0,1
87095,31.05.2024 07:07:20.510000,305.365,326.953,10.2171,10.302,10.179,44.9465,2.09401,2.13642,13.2066,12.9883,608.485,610.065,8.29576,8.81746,12.1173,3.3202,9.93739,12.2468,12.2468,1.0,1.0,1
87096,31.05.2024 07:07:20.520000,301.575,328.601,10.1147,10.254,10.145,46.0422,2.0703,2.12868,12.2171,12.8306,608.4,610.095,7.52712,8.59492,11.6345,3.21681,9.93989,13.2089,13.2089,1.0,1.0,1
87097,31.05.2024 07:07:20.530000,301.575,328.601,10.1147,10.254,10.145,46.0422,2.0703,2.12868,12.2171,12.8306,608.4,610.095,7.52712,8.59492,11.6345,3.21681,9.93989,13.2089,13.2089,1.0,1.0,1
87098,31.05.2024 07:07:20.540000,305.2,326.211,10.1147,10.239,10.039,46.0422,2.06327,2.12292,11.9414,11.2087,608.435,610.16,6.0674,7.52067,9.86817,3.23393,9.94004,13.2089,13.2089,1.0,1.0,1
87099,31.05.2024 07:07:20.550000,305.2,326.211,10.1147,10.239,10.039,46.0422,2.06327,2.12292,11.9414,11.2087,608.435,610.16,6.0674,7.52067,9.86817,3.23393,9.94004,13.2089,13.2089,1.0,1.0,1
87100,31.05.2024 07:07:20.560000,298.279,334.204,10.0755,10.201,10.082,48.3235,2.06355,2.11764,11.7281,11.1076,608.595,610.305,4.97499,6.88493,8.10918,3.33814,9.94077,14.605,14.605,1.0,1.0,1
87101,31.05.2024 07:07:20.570000,298.279,334.204,10.0755,10.201,10.082,48.3235,2.06355,2.11764,11.7281,11.1076,608.595,610.305,4.97499,6.88493,8.10918,3.33814,9.94077,14.605,14.605,1.0,1.0,1
87102,31.05.2024 07:07:20.580000,310.556,320.361,9.99729,10.181,10.078,49.3731,2.11228,2.12764,13.4217,13.7825,608.685,610.475,4.56367,6.8171,7.188,3.51119,9.94147,13.7225,13.7225,1.0,1.0,1
87103,31.05.2024 07:07:20.590000,305.118,328.931,10.0292,10.155,10.093,50.5857,2.1349,2.13495,14.0215,15.974,608.685,610.525,4.44577,7.12367,5.68239,3.62229,9.94262,13.7225,13.7225,1.0,1.0,1
87104,31.05.2024 07:07:20.600000,300.009,324.646,10.0049,10.158,9.978,51.8983,2.14507,2.12561,16.7156,13.8766,608.745,610.545,3.89358,6.72831,4.2566,3.60847,9.94262,11.14,11.14,1.0,1.0,1
87105,31.05.2024 07:07:20.610000,304.459,324.152,10.0049,10.119,9.99,51.8983,2.1313,2.12804,16.7156,13.8766,608.745,610.545,3.78726,6.03865,4.07083,3.54318,9.94288,11.14,11.14,1.0,1.0,1
87106,31.05.2024 07:07:20.620000,304.459,324.152,9.9397,10.119,9.99,53.181,2.11363,2.15518,15.8688,14.6408,608.775,610.63,3.78726,6.03865,4.07083,3.54318,9.94288,11.0026,11.0026,1.0,1.0,1
87107,31.05.2024 07:07:20.630000,304.459,324.152,9.9397,10.119,9.99,53.181,2.11363,2.15518,15.8688,14.6408,608.775,610.63,3.78726,6.03865,4.07083,3.54318,9.94288,11.0026,11.0026,1.0,1.0,1
87108,31.05.2024 07:07:20.640000,297.208,324.316,9.92212,10.09,9.946,54.4452,2.10157,2.17081,16.0265,16.5303,608.785,610.7,3.44514,5.67883,4.11191,3.51504,9.94334,10.6192,10.6192,1.0,1.0,1
87109,31.05.2024 07:07:20.650000,301.575,332.391,9.92078,10.087,9.964,55.8968,2.06546,2.15342,14.8465,17.9067,608.765,610.765,3.28898,5.4038,4.12924,3.49266,9.94402,10.6192,10.6192,1.0,1.0,1
87110,31.05.2024 07:07:20.660000,296.631,327.695,9.92078,10.051,9.939,57.289,2.06598,2.15019,13.2745,13.1293,608.785,610.82,2.7706,4.81212,4.42679,3.45584,9.94402,10.6192,10.6192,1.0,1.0,1
87111,31.05.2024 07:07:20.670000,296.631,327.695,9.94519,10.051,9.939,57.289,2.06904,2.13403,13.2745,13.1293,608.785,610.82,2.7706,4.81212,4.42679,3.45584,9.94506,10.1997,10.1997,1.0,1.0,1
87112,31.05.2024 07:07:20.680000,297.62,337.582,9.92927,10.027,9.98,58.5702,2.0997,2.14478,12.5541,15.7234,608.8,610.97,2.41485,4.52435,4.583,3.54041,9.94506,9.63541,9.63541,1.0,1.0,1
87113,31.05.2024 07:07:20.690000,300.668,329.755,9.92927,10.012,9.955,58.5702,2.11953,2.14166,12.5541,15.7234,608.8,610.97,2.07033,4.6262,4.14088,3.47049,9.9465,9.63541,9.63541,1.0,1.0,1
87114,31.05.2024 07:07:20.700000,300.668,329.755,9.90733,10.012,9.955,59.921,2.14715,2.11575,15.4601,18.0655,608.835,610.99,2.07033,4.6262,4.14088,3.47049,9.9465,8.57206,8.57206,1.0,1.0,1
87115,31.05.2024 07:07:20.710000,300.668,329.755,9.90733,10.012,9.955,59.921,2.14715,2.11575,15.4601,18.0655,608.835,610.99,2.07033,4.6262,4.14088,3.47049,9.9465,8.57206,8.57206,1.0,1.0,1
87116,31.05.2024 07:07:20.720000,308.002,336.017,9.88703,9.997,9.955,61.2514,2.15305,2.09796,17.7743,13.5895,608.86,611.02,1.99901,4.47726,3.61821,3.35515,9.94635,7.86314,7.86314,1.0,1.0,1
87117,31.05.2024 07:07:20.730000,296.548,330.991,9.92788,9.964,9.95,62.593,2.10505,2.11157,16.1735,8.68472,608.895,611.06,1.99131,4.17901,3.2181,3.26606,9.94598,7.8776,7.8776,1.0,1.0,1
87118,31.05.2024 07:07:20.740000,301.163,329.507,9.92788,9.953,9.906,63.7129,2.0748,2.11423,15.8338,14.7593,608.885,611.14,2.07609,3.90241,2.98396,3.25455,9.94598,7.8776,7.8776,1.0,1.0,1
87119,31.05.2024 07:07:20.750000,301.163,329.507,9.896,9.953,9.906,63.7129,2.04535,2.12001,15.8338,14.7593,608.885,611.14,2.07609,3.90241,2.98396,3.25455,9.94651,6.85041,6.85041,1.0,1.0,1
87120,31.05.2024 07:07:20.760000,301.492,325.14,9.9116,9.948,9.932,64.6769,2.00551,2.10898,12.0472,15.4668,608.88,611.16,2.05051,4.02569,2.86543,3.17738,9.94651,6.04745,6.04745,1.0,1.0,1
87121,31.05.2024 07:07:20.770000,301.987,328.931,9.9116,9.938,9.914,64.6769,1.99715,2.09579,12.0472,15.4668,608.88,611.16,1.95858,3.89354,2.85224,3.23034,9.94687,6.04745,6.04745,1.0,1.0,1
87122,31.05.2024 07:07:20.780000,301.987,328.931,9.95059,9.938,9.914,65.8376,1.99847,2.08519,11.0355,12.8214,608.88,611.14,1.95858,3.89354,2.85224,3.23034,9.94687,6.04022,6.04022,1.0,1.0,1
87123,31.05.2024 07:07:20.790000,301.987,328.931,9.95059,9.938,9.914,65.8376,1.99847,2.08519,11.0355,12.8214,608.88,611.14,1.95858,3.89354,2.85224,3.23034,9.94687,6.04022,6.04022,1.0,1.0,1
87124,31.05.2024 07:07:20.800000,294.9,324.893,9.95041,9.921,9.916,66.9837,2.00397,2.09012,10.858,8.48346,608.875,611.165,1.81776,3.66756,3.12128,3.25346,9.947,5.33853,5.33853,1.0,1.0,1
87125,31.05.2024 07:07:20.810000,294.9,324.893,9.95041,9.921,9.916,66.9837,2.00397,2.09012,10.858,8.48346,608.875,611.165,1.81776,3.66756,3.12128,3.25346,9.947,5.33853,5.33853,1.0,1.0,1
87126,31.05.2024 07:07:20.820000,303.882,327.777,9.89953,9.91,9.912,68.0396,2.07932,2.10379,11.0237,15.1977,608.875,611.165,1.83346,3.50439,3.25841,3.17309,9.94748,5.33853,5.33853,1.0,1.0,1
87127,31.05.2024 07:07:20.830000,296.796,324.564,9.91924,9.927,9.942,69.0683,2.12741,2.10699,15.2666,13.6953,608.88,611.16,1.8031,3.36667,3.45333,3.27035,9.94858,4.60069,4.60069,1.0,1.0,1
87128,31.05.2024 07:07:20.840000,297.455,327.447,9.99168,9.943,9.93,70.0489,2.12717,2.116,16.7657,7.54561,608.875,611.155,1.78918,3.2292,3.70691,3.25704,9.94858,3.87008,3.87008,1.0,1.0,1
87129,31.05.2024 07:07:20.850000,303.717,327.365,9.99168,9.943,9.944,70.0489,2.11222,2.12668,16.7657,7.54561,608.875,611.155,1.87792,3.08774,3.65864,3.19214,9.9492,3.87008,3.87008,1.0,1.0,1
87130,31.05.2024 07:07:20.860000,303.717,327.365,9.97148,9.943,9.944,70.9889,2.09271,2.14512,15.2346,12.9221,608.865,611.2,1.87792,3.08774,3.65864,3.19214,9.9492,3.33478,3.33478,1.0,1.0,1
87131,31.05.2024 07:07:20.870000,303.799,318.548,9.92455,9.953,9.944,71.88,2.05954,2.15639,16.9518,20.0004,608.88,611.21,1.86429,3.28729,3.30231,3.25175,9.94977,3.33478,3.33478,1.0,1.0,1
87132,31.05.2024 07:07:20.880000,303.799,323.657,9.92455,9.974,9.944,71.88,2.02581,2.13307,16.9518,20.0004,608.88,611.21,1.86429,3.28729,3.30231,3.25175,9.95056,3.33478,3.33478,1.0,1.0,1
87133,31.05.2024 07:07:20.890000,300.503,323.657,9.98316,9.974,9.947,72.9299,2.0048,2.13103,11.3396,18.0333,608.865,611.17,1.98312,3.54555,3.0987,3.23805,9.95056,2.64033,2.64033,1.0,1.0,1
87134,31.05.2024 07:07:20.900000,300.503,323.657,9.98316,9.974,9.947,72.9299,2.0048,2.13103,11.3396,18.0333,608.865,611.17,1.98312,3.54555,3.0987,3.23805,9.95056,2.64033,2.64033,1.0,1.0,1
87135,31.05.2024 07:07:20.910000,299.927,320.114,9.98316,9.975,9.944,73.8694,1.99808,2.13116,11.3397,12.0701,608.87,611.11,2.02164,3.38252,3.27827,3.29331,9.95166,2.33652,2.33652,1.0,1.0,1
87136,31.05.2024 07:07:20.920000,299.432,324.975,10.012,9.96,9.972,74.7693,2.0506,2.12941,10.7537,15.4811,608.855,611.105,2.09988,3.06955,3.28169,3.30626,9.95231,2.33652,2.33652,1.0,1.0,1
87137,31.05.2024 07:07:20.930000,299.432,324.975,10.012,9.96,9.972,74.7693,2.0506,2.12941,10.7537,15.4811,608.855,611.105,2.09988,3.06955,3.28169,3.30626,9.95231,2.33652,2.33652,1.0,1.0,1
87138,31.05.2024 07:07:20.940000,298.691,325.387,10.012,9.966,9.991,74.7693,2.08462,2.12014,14.3019,17.0332,608.835,611.095,2.07805,3.02214,3.37506,3.28372,9.95372,2.32928,2.32928,1.0,1.0,1
87139,31.05.2024 07:07:20.950000,298.691,325.387,10.012,9.966,9.991,74.7693,2.08462,2.12014,14.3019,17.0332,608.835,611.095,2.07805,3.02214,3.37506,3.28372,9.95372,2.32928,2.32928,1.0,1.0,1
87140,31.05.2024 07:07:20.960000,301.904,325.717,10.0664,9.985,9.998,76.4384,2.13931,2.11291,16.9537,12.115,608.815,611.085,2.15367,3.05778,3.60891,3.16521,9.95396,2.27141,2.27141,1.0,1.0,1
87141,31.05.2024 07:07:20.970000,302.893,325.882,10.0478,9.999,9.999,77.0703,2.13353,2.13074,16.9666,13.9704,608.81,611.05,2.07032,3.03835,3.58821,3.14924,9.9553,2.27141,2.27141,1.0,1.0,1
87142,31.05.2024 07:07:20.980000,307.342,323.822,10.0478,10.008,9.996,77.6291,2.11006,2.13987,16.7708,17.9247,608.8,611.065,2.01787,2.83179,3.45828,3.12556,9.95619,2.27141,2.27141,1.0,1.0,1
87143,31.05.2024 07:07:20.990000,307.342,323.822,10.0557,10.008,9.996,77.6291,2.08884,2.14093,16.7708,17.9247,608.8,611.065,2.01787,2.83179,3.45828,3.12556,9.95731,2.41609,2.41609,1.0,1.0,1
87144,31.05.2024 07:07:21.000000,304.459,318.631,10.0715,10.019,10.034,78.2298,2.03808,2.13529,14.2883,15.0985,608.8,611.04,1.97722,2.82324,3.57049,3.13974,9.95731,2.011,2.011,1.0,1.0,1
87145,31.05.2024 07:07:21.010000,301.822,315.088,10.0715,10.031,10.042,78.2298,2.02519,2.14203,14.2883,15.0985,608.8,611.04,2.01992,3.06071,3.58717,3.22123,9.95965,2.011,2.011,1.0,1.0,1
87146,31.05.2024 07:07:21.020000,301.822,315.088,10.1042,10.031,10.042,78.7724,2.02018,2.1412,12.4966,12.4929,608.785,611.0,2.01992,3.06071,3.58717,3.22123,9.95965,1.63484,1.63484,1.0,1.0,1
87147,31.05.2024 07:07:21.030000,303.717,305.694,10.1057,10.029,10.046,79.1388,2.02305,2.13816,10.7802,13.8172,608.775,610.96,1.9377,2.69489,3.56403,3.25802,9.96035,1.33826,1.33826,1.0,1.0,1
87148,31.05.2024 07:07:21.040000,303.717,295.23,10.1057,10.018,10.046,79.1388,2.03788,2.127,10.7802,13.8172,608.775,610.96,1.9377,2.69489,3.56403,3.25802,9.96248,1.33826,1.33826,1.0,1.0,1
87149,31.05.2024 07:07:21.050000,302.893,295.23,10.1322,10.018,10.06,79.3992,2.0541,2.12044,12.3088,16.414,608.76,610.95,1.91563,2.5987,3.57254,3.24757,9.96248,1.33102,1.33102,1.0,1.0,1
87150,31.05.2024 07:07:21.060000,302.893,295.23,10.1322,10.018,10.06,79.3992,2.0541,2.12044,12.3088,16.414,608.76,610.95,1.91563,2.5987,3.57254,3.24757,9.96248,1.33102,1.33102,1.0,1.0,1
87151,31.05.2024 07:07:21.070000,293.335,281.634,10.1322,10.031,10.07,79.7469,2.06499,2.12434,13.584,12.3726,608.73,610.925,1.90459,2.74432,3.62926,3.18175,9.9635,1.47569,1.47569,1.0,1.0,1
87152,31.05.2024 07:07:21.080000,280.398,257.41,10.1917,10.06,10.063,80.0876,2.08037,2.11337,13.9815,17.2194,608.73,610.905,1.82337,2.55692,3.63092,3.12702,9.96466,1.57697,1.57697,1.0,1.0,1
87153,31.05.2024 07:07:21.090000,262.601,233.762,10.1917,10.064,10.092,80.0876,2.06836,2.11028,13.9815,17.2194,608.73,610.905,1.72292,2.58998,3.56946,3.17339,9.96572,1.57697,1.57697,1.0,1.0,1
87154,31.05.2024 07:07:21.100000,262.601,233.762,10.2033,10.064,10.092,79.9039,2.04728,2.10898,12.6527,14.5388,608.715,610.855,1.72292,2.58998,3.56946,3.17339,9.96572,1.85908,1.85908,1.0,1.0,1
87155,31.05.2024 07:07:21.110000,243.896,198.825,10.2177,10.073,10.097,80.2285,2.03093,2.10483,13.3031,11.5174,608.705,610.85,1.65091,2.49005,3.5844,3.21026,9.96703,1.671,1.671,1.0,1.0,1
87156,31.05.2024 07:07:21.120000,243.896,177.402,10.2177,10.081,10.097,80.2285,2.01507,2.09901,13.3031,11.5174,608.705,610.85,1.65091,2.49005,3.5844,3.21026,9.96874,1.671,1.671,1.0,1.0,1
87157,31.05.2024 07:07:21.130000,204.758,177.402,10.2393,10.081,10.116,80.4601,1.98745,2.09531,10.6181,10.0317,608.695,610.805,1.56991,2.30598,3.7082,3.29614,9.96874,1.08507,1.08507,1.0,1.0,1
87158,31.05.2024 07:07:21.140000,204.758,177.402,10.2393,10.081,10.116,80.4601,1.98745,2.09531,10.6181,10.0317,608.695,610.805,1.56991,2.30598,3.7082,3.29614,9.96874,1.08507,1.08507,1.0,1.0,1
87159,31.05.2024 07:07:21.150000,193.387,145.102,10.2393,10.144,10.155,80.6339,1.99549,2.09179,10.9253,14.8665,608.685,610.76,1.59654,2.35761,3.41709,3.24336,9.9701,1.08507,1.08507,1.0,1.0,1
87160,31.05.2024 07:07:21.160000,162.241,106.869,10.2574,10.168,10.183,80.7533,2.04224,2.09239,9.94814,12.6288,608.66,610.73,1.64688,2.11452,3.26529,3.16634,9.97163,1.08507,1.08507,1.0,1.0,1
87161,31.05.2024 07:07:21.170000,143.866,98.5473,10.2574,10.179,10.185,80.7533,2.06571,2.09183,9.94814,12.6288,608.66,610.73,1.61231,1.99975,3.43752,3.19924,9.97254,1.08507,1.08507,1.0,1.0,1
87162,31.05.2024 07:07:21.180000,143.866,98.5473,10.2574,10.179,10.185,80.7533,2.06571,2.09183,9.94814,12.6288,608.66,610.73,1.61231,1.99975,3.43752,3.19924,9.97254,1.08507,1.08507,1.0,1.0,1
87163,31.05.2024 07:07:21.190000,143.866,98.5473,10.2581,10.179,10.185,80.8735,2.08058,2.09292,12.2109,14.0884,608.655,610.71,1.61231,1.99975,3.43752,3.19924,9.97254,0.578701,0.578701,1.0,1.0,1
87164,31.05.2024 07:07:21.200000,143.866,98.5473,10.2581,10.179,10.185,80.8735,2.08058,2.09292,12.2109,14.0884,608.655,610.71,1.61231,1.99975,3.43752,3.19924,9.97254,0.578701,0.578701,1.0,1.0,1
87165,31.05.2024 07:07:21.210000,117.252,38.3148,10.2721,10.197,10.178,80.8841,2.07818,2.09578,13.0087,11.98,608.645,610.705,1.65177,1.87716,3.38206,3.25081,9.97501,0.824653,0.824653,1.0,1.0,1
87166,31.05.2024 07:07:21.220000,117.252,38.3148,10.2721,10.197,10.178,80.8841,2.07818,2.09578,13.0087,11.98,608.645,610.705,1.65177,1.87716,3.38206,3.25081,9.97501,0.824653,0.824653,1.0,1.0,1
87167,31.05.2024 07:07:21.230000,106.457,-38.6444,10.2928,10.256,10.196,81.0129,2.04427,2.09548,13.2925,8.95603,608.595,610.625,1.67248,1.98673,3.28809,3.27281,9.97528,0.824653,0.824653,1.0,1.0,1
87168,31.05.2024 07:07:21.240000,99.4537,-67.8955,10.2872,10.201,10.189,81.0995,2.03475,2.09947,12.4474,13.1318,608.595,610.545,1.49556,1.8545,3.2761,3.44543,9.97706,0.0940412,0.0940412,1.0,1.0,1
87169,31.05.2024 07:07:21.250000,99.4537,-67.8955,10.2872,10.201,10.189,81.0995,2.03475,2.09947,12.4474,13.1318,608.595,610.545,1.49556,1.8545,3.2761,3.44543,9.97706,0.0940412,0.0940412,1.0,1.0,1
87170,31.05.2024 07:07:21.260000,67.1539,-72.0978,10.2872,10.143,10.187,81.0995,2.04948,2.09762,12.4925,14.5532,608.59,610.545,1.51582,1.97248,3.37503,3.51336,9.97844,0.0940412,0.0940412,1.0,1.0,1
87171,31.05.2024 07:07:21.270000,67.1539,-72.0978,10.2872,10.143,10.187,81.0995,2.04948,2.09762,12.4925,14.5532,608.59,610.545,1.51582,1.97248,3.37503,3.51336,9.97844,0.0940412,0.0940412,1.0,1.0,1
87172,31.05.2024 07:07:21.280000,42.6819,-55.2887,10.3122,10.092,10.173,81.1885,2.07096,2.09281,13.4288,12.8547,608.575,610.525,1.51095,1.85141,3.41949,3.52751,9.97922,-0.159144,-0.159144,1.0,1.0,1
87173,31.05.2024 07:07:21.290000,20.7642,-84.375,10.2945,10.072,10.172,81.1755,2.06826,2.08837,12.6098,10.9488,608.565,610.475,1.61257,2.11994,3.44904,3.55008,9.98092,-0.556998,-0.556998,1.0,1.0,1
87174,31.05.2024 07:07:21.300000,-16.6443,-104.15,10.2945,10.118,10.18,81.2026,2.05906,2.08905,13.1391,12.2307,608.565,610.435,1.68535,2.06119,3.5638,3.57583,9.98202,-0.556998,-0.556998,1.0,1.0,1
87175,31.05.2024 07:07:21.310000,-16.6443,-104.15,10.2945,10.118,10.18,81.2026,2.05906,2.08905,13.1391,12.2307,608.565,610.435,1.68535,2.06119,3.5638,3.57583,9.98202,-0.556998,-0.556998,1.0,1.0,1
87176,31.05.2024 07:07:21.320000,-16.6443,-104.15,10.2802,10.118,10.18,81.2026,2.04259,2.08648,12.8774,9.60807,608.545,610.385,1.71684,2.07959,3.59446,3.59869,9.98339,-0.810191,-0.810191,1.0,1.0,1
87177,31.05.2024 07:07:21.330000,-77.6184,-156.638,10.2732,10.201,10.17,81.6085,1.99328,2.07278,10.5541,9.53881,608.52,610.36,1.88224,2.00961,3.58825,3.56881,9.98493,-0.89699,-0.89699,1.0,1.0,1
87178,31.05.2024 07:07:21.340000,-16.6443,-104.15,10.2802,10.118,10.18,81.2026,2.04259,2.08648,10.5541,9.53881,608.52,610.36,1.88224,2.00961,3.58825,3.56881,9.98339,-0.810191,-0.810191,1.0,1.0,1
87179,31.05.2024 07:07:21.350000,-16.6443,-104.15,10.2802,10.118,10.18,81.2026,2.04259,2.08648,10.5541,9.53881,608.52,610.36,1.88224,2.00961,3.58825,3.56881,9.98339,-0.810191,-0.810191,1.0,1.0,1
87180,31.05.2024 07:07:21.360000,-95.169,-183.746,10.247,10.201,10.162,81.411,1.98555,2.07281,8.5026,9.76807,608.51,610.355,1.79402,1.92992,3.63941,3.60977,9.9864,-1.06337,-1.06337,1.0,1.0,1
87181,31.05.2024 07:07:21.370000,-97.1466,-182.098,10.2292,10.175,10.158,81.4346,2.03356,2.072,9.20662,14.4756,608.505,610.315,1.6886,2.15982,3.77575,3.68396,9.98777,-1.31655,-1.31655,1.0,1.0,1
87182,31.05.2024 07:07:21.380000,-97.1466,-182.098,10.2292,10.175,10.158,81.4346,2.03356,2.072,9.20662,14.4756,608.505,610.315,1.6886,2.15982,3.77575,3.68396,9.98777,-1.31655,-1.31655,1.0,1.0,1
87183,31.05.2024 07:07:21.390000,-106.128,-197.671,10.2292,10.162,10.134,81.4345,2.05502,2.07365,11.1684,11.1179,608.49,610.27,1.73529,2.34836,3.83854,3.61871,9.98954,-1.114,-1.114,1.0,1.0,1
87184,31.05.2024 07:07:21.400000,-113.049,-187.454,10.2043,10.146,10.105,81.2632,2.08285,2.08573,13.6738,9.74694,608.485,610.19,1.78922,2.10487,3.89407,3.6094,9.99118,-0.614874,-0.614874,1.0,1.0,1
87185,31.05.2024 07:07:21.410000,-136.78,-191.904,10.2043,10.117,10.101,81.2632,2.07525,2.08726,13.6738,9.74694,608.485,610.19,1.83746,1.98795,3.94682,3.6364,9.99368,-0.614874,-0.614874,1.0,1.0,1
87186,31.05.2024 07:07:21.420000,-136.78,-191.904,10.1907,10.117,10.101,81.2512,2.06254,2.08743,14.0,11.2454,608.46,610.17,1.83746,1.98795,3.94682,3.6364,9.99368,0.0651032,0.0651032,1.0,1.0,1
87187,31.05.2024 07:07:21.430000,-136.78,-191.904,10.1907,10.117,10.101,81.2512,2.06254,2.08743,14.0,11.2454,608.46,610.17,1.83746,1.98795,3.94682,3.6364,9.99368,0.0651032,0.0651032,1.0,1.0,1
87188,31.05.2024 07:07:21.440000,-152.93,-191.08,10.1738,10.074,10.093,81.2486,2.04766,2.08725,13.1125,11.6237,608.45,610.17,1.91155,1.94031,3.91143,3.67356,9.99536,0.0651032,0.0651032,1.0,1.0,1
87189,31.05.2024 07:07:21.450000,-152.93,-191.08,10.1738,10.074,10.093,81.2486,2.04766,2.08725,13.1125,11.6237,608.45,610.17,1.91155,1.94031,3.91143,3.67356,9.99536,0.0651032,0.0651032,1.0,1.0,1
87190,31.05.2024 07:07:21.460000,-171.799,-195.117,10.17,10.077,10.079,81.2494,2.00863,2.08686,11.2658,10.0885,608.445,610.145,1.87913,2.19223,3.91115,3.66582,9.99567,0.231482,0.231482,1.0,1.0,1
87191,31.05.2024 07:07:21.470000,-168.42,-190.256,10.1596,10.094,10.077,81.1783,2.02012,2.08736,10.6884,12.7658,608.435,610.125,1.77016,2.45974,3.92123,3.76345,9.99878,0.434026,0.434026,1.0,1.0,1
87192,31.05.2024 07:07:21.480000,-171.387,-197.754,10.1352,10.092,10.053,81.1894,2.06364,2.08629,10.0056,13.1253,608.425,610.065,1.87336,2.44689,4.03737,3.70265,9.99878,0.434026,0.434026,1.0,1.0,1
87193,31.05.2024 07:07:21.490000,-173.364,-195.282,10.1352,10.058,10.022,81.1894,2.0881,2.08689,10.0056,13.1253,608.425,610.065,1.82881,2.42157,3.94702,3.72727,9.9988,0.434026,0.434026,1.0,1.0,1
87194,31.05.2024 07:07:21.500000,-173.364,-195.282,10.1338,10.058,10.022,81.2164,2.10929,2.08731,11.3849,11.2472,608.405,609.985,1.82881,2.42157,3.94702,3.72727,9.9988,0.462964,0.462964,1.0,1.0,1
87195,31.05.2024 07:07:21.510000,-172.046,-195.117,10.1362,10.027,10.029,81.237,2.12002,2.08871,15.211,11.8146,608.38,609.935,1.9116,2.29581,3.96024,3.67884,10.0005,1.16464,1.16464,1.0,1.0,1
87196,31.05.2024 07:07:21.520000,-172.046,-196.6,10.1362,10.009,10.029,81.237,2.11566,2.09152,15.211,11.8146,608.38,609.935,1.9116,2.29581,3.96024,3.67884,10.001,1.16464,1.16464,1.0,1.0,1
87197,31.05.2024 07:07:21.530000,-179.05,-196.6,10.1273,10.009,10.03,81.2053,2.09782,2.091,14.6409,11.8803,608.365,609.955,1.85092,1.98859,3.91134,3.63017,10.001,1.65655,1.65655,1.0,1.0,1
87198,31.05.2024 07:07:21.540000,-170.068,-195.364,10.1273,10.018,10.053,81.2887,2.07315,2.08861,13.5485,11.8974,608.35,609.945,1.8074,2.21058,3.87734,3.57392,10.0016,1.65655,1.65655,1.0,1.0,1
87199,31.05.2024 07:07:21.550000,-170.068,-195.364,10.1101,10.018,10.053,81.2887,2.04545,2.08515,13.5485,11.8974,608.35,609.945,1.8074,2.21058,3.87734,3.57392,10.0025,1.65655,1.65655,1.0,1.0,1
87200,31.05.2024 07:07:21.560000,-171.304,-196.683,10.0932,10.021,10.042,81.303,2.00288,2.07873,9.78747,9.51851,608.345,609.895,1.81632,2.52543,3.77791,3.55124,10.0025,1.95312,1.95312,0.0,1.0,1
87201,31.05.2024 07:07:21.570000,-171.139,-198.001,10.0932,10.015,10.052,81.303,1.99673,2.07752,9.78747,9.51851,608.345,609.895,1.8364,2.41162,3.87413,3.52614,10.0031,1.95312,1.95312,0.0,1.0,1
87202,31.05.2024 07:07:21.580000,-171.139,-198.001,10.0877,10.015,10.052,81.2971,2.00017,2.07809,8.69258,10.7471,608.335,609.81,1.8364,2.41162,3.87413,3.52614,10.0031,2.11227,2.11227,0.0,1.0,1
87203,31.05.2024 07:07:21.590000,-171.139,-198.001,10.0877,10.015,10.052,81.2971,2.00017,2.07809,8.69258,10.7471,608.335,609.81,1.8364,2.41162,3.87413,3.52614,10.0031,2.11227,2.11227,0.0,1.0,1
87204,31.05.2024 07:07:21.600000,-172.046,-192.48,10.1021,10.012,10.024,81.2853,2.0161,2.077,8.59523,8.89994,608.32,609.785,1.77542,2.3132,3.96784,3.61088,10.0044,2.11227,2.11227,0.0,1.0,1
87205,31.05.2024 07:07:21.610000,-165.701,-195.117,10.0948,10.015,10.026,81.2375,2.09065,2.07921,10.7829,10.0132,608.3,609.79,1.71661,1.9813,3.95948,3.67072,10.0052,2.55354,2.55354,0.0,1.0,1
87206,31.05.2024 07:07:21.620000,-168.256,-194.623,10.0948,10.022,9.999,81.2977,2.11041,2.08314,11.7987,10.8526,608.285,609.785,1.68277,2.27461,4.01338,3.68714,10.0052,2.55354,2.55354,0.0,1.0,1
87207,31.05.2024 07:07:21.630000,-168.256,-194.623,10.0851,10.022,9.999,81.2977,2.11807,2.08716,11.7987,10.8526,608.285,609.785,1.68277,2.27461,4.01338,3.68714,10.008,2.56076,2.56076,0.0,1.0,1
87208,31.05.2024 07:07:21.640000,-177.237,-200.391,10.102,10.02,10.011,81.2653,2.10265,2.08914,14.4762,12.3467,608.265,609.71,1.78002,2.58526,4.01638,3.59912,10.008,2.87181,2.87181,0.0,1.0,1
87209,31.05.2024 07:07:21.650000,-171.139,-197.671,10.102,10.007,10.008,81.2653,2.0807,2.08802,14.4762,12.3467,608.265,609.71,1.64641,2.31212,3.91068,3.51404,10.0098,2.87181,2.87181,0.0,1.0,1
87210,31.05.2024 07:07:21.660000,-171.139,-197.671,10.102,10.007,10.008,81.2653,2.0807,2.08802,14.4762,12.3467,608.265,609.71,1.64641,2.31212,3.91068,3.51404,10.0098,2.87181,2.87181,0.0,1.0,1
87211,31.05.2024 07:07:21.670000,-171.139,-197.671,10.1026,10.007,10.008,81.2516,2.05225,2.08871,12.4303,9.46588,608.26,609.645,1.64641,2.31212,3.91068,3.51404,10.0098,2.85735,2.85735,0.0,1.0,1
87212,31.05.2024 07:07:21.680000,-172.046,-201.05,10.0855,10.001,10.011,81.3287,1.99309,2.08766,10.1476,10.2444,608.245,609.63,1.6789,1.94322,3.93976,3.58072,10.0116,3.15393,3.15393,0.0,1.0,1
87213,31.05.2024 07:07:21.690000,-172.046,-201.05,10.0855,10.001,10.011,81.3287,1.99309,2.08766,10.1476,10.2444,608.245,609.63,1.6789,1.94322,3.93976,3.58072,10.0116,3.15393,3.15393,0.0,1.0,1
87214,31.05.2024 07:07:21.700000,-173.529,-201.05,10.0942,10.001,9.999,81.3416,1.99546,2.08636,6.79684,10.9664,608.245,609.63,1.66875,2.08167,3.88796,3.61209,10.0116,3.60967,3.60967,0.0,1.0,1
87215,31.05.2024 07:07:21.710000,-173.529,-201.05,10.0942,10.001,9.999,81.3416,1.99546,2.08636,6.79684,10.9664,608.245,609.63,1.66875,2.08167,3.88796,3.61209,10.0116,3.60967,3.60967,0.0,1.0,1
87216,31.05.2024 07:07:21.720000,-170.892,-195.529,10.1125,10.007,9.992,81.3596,2.03271,2.08655,7.6844,13.6403,608.23,609.605,1.73905,2.189,3.99329,3.63252,10.0139,4.01475,4.01475,0.0,1.0,1
87217,31.05.2024 07:07:21.730000,-173.035,-197.424,10.1236,9.999,10.016,81.3396,2.11336,2.09273,12.356,12.0855,608.19,609.515,1.62785,2.3607,3.92664,3.67499,10.015,4.76708,4.76708,0.0,1.0,1
87218,31.05.2024 07:07:21.740000,-173.035,-197.424,10.1283,9.999,10.016,81.3096,2.12909,2.09718,12.356,12.0855,608.19,609.515,1.62785,2.3607,3.92664,3.67499,10.015,4.76708,4.76708,0.0,1.0,1
87219,31.05.2024 07:07:21.750000,-175.507,-197.836,10.1338,10.005,10.0,81.2808,2.13356,2.10087,14.2122,11.6145,608.165,609.44,1.72895,2.31092,3.90913,3.72154,10.0164,4.89728,4.89728,0.0,1.0,1
87220,31.05.2024 07:07:21.760000,-175.507,-197.012,10.1338,10.018,10.0,81.2808,2.11131,2.09892,14.2122,11.6145,608.165,609.44,1.72895,2.31092,3.90913,3.72154,10.0166,4.89728,4.89728,0.0,1.0,1
87221,31.05.2024 07:07:21.770000,-175.507,-197.012,10.1338,10.018,10.0,81.2808,2.11131,2.09892,14.2122,11.6145,608.165,609.44,1.72895,2.31092,3.90913,3.72154,10.0166,4.89728,4.89728,0.0,1.0,1
87222,31.05.2024 07:07:21.780000,-174.435,-197.012,10.1312,10.018,10.012,81.266,2.08344,2.09841,13.3763,10.8715,608.145,609.42,1.69628,2.10827,3.8143,3.7241,10.0166,4.89728,4.89728,0.0,1.0,1
87223,31.05.2024 07:07:21.790000,-170.48,-197.589,10.1453,10.023,10.06,81.2879,2.03412,2.09488,10.3187,10.5516,608.14,609.41,1.57109,2.03771,3.48748,3.74717,10.0194,5.09982,5.09982,0.0,1.0,1
87224,31.05.2024 07:07:21.800000,-169.327,-199.319,10.1496,10.018,10.067,81.2602,2.02274,2.09341,8.45121,12.6627,608.13,609.38,1.49989,2.06584,3.3233,3.74403,10.0194,6.60446,6.60446,0.0,1.0,1
87225,31.05.2024 07:07:21.810000,-169.327,-199.319,10.1496,10.018,10.067,81.2602,2.02274,2.09341,8.45121,12.6627,608.13,609.38,1.49989,2.06584,3.3233,3.74403,10.0194,6.60446,6.60446,0.0,1.0,1
87226,31.05.2024 07:07:21.820000,-173.776,-198.66,10.1496,10.025,10.095,81.2602,2.03559,2.0916,8.79482,11.945,608.125,609.34,1.56735,2.11258,3.35578,3.78904,10.0205,7.29166,7.29166,0.0,1.0,1
87227,31.05.2024 07:07:21.830000,-173.776,-198.66,10.1496,10.025,10.095,81.2602,2.03559,2.0916,8.79482,11.945,608.125,609.34,1.56735,2.11258,3.35578,3.78904,10.0205,7.29166,7.29166,0.0,1.0,1
87228,31.05.2024 07:07:21.840000,-174.435,-198.166,10.1655,10.04,10.122,81.2826,2.08478,2.08274,11.0653,11.7213,608.12,609.285,1.58136,2.04252,3.29547,3.82125,10.0217,7.29166,7.29166,0.0,1.0,1
87229,31.05.2024 07:07:21.850000,-174.435,-198.166,10.1655,10.04,10.122,81.2826,2.08478,2.08274,11.0653,11.7213,608.12,609.285,1.58136,2.04252,3.29547,3.82125,10.0217,7.29166,7.29166,0.0,1.0,1
87230,31.05.2024 07:07:21.860000,-172.128,-198.743,10.1761,10.052,10.11,81.3103,2.13996,2.08594,13.1888,9.52048,608.09,609.245,1.5283,1.88749,3.45823,3.93666,10.0227,7.76186,7.76186,0.0,1.0,1
87231,31.05.2024 07:07:21.870000,-166.772,-200.473,10.1658,10.058,10.102,81.2546,2.13151,2.09063,13.8985,8.64544,608.085,609.205,1.61455,1.96095,3.50255,3.93,10.0261,7.97888,7.97888,0.0,1.0,1
87232,31.05.2024 07:07:21.880000,-170.81,-201.379,10.1807,10.077,10.077,81.2525,2.07965,2.09138,12.956,10.4696,608.065,609.19,1.58027,1.87173,3.49141,4.04574,10.0261,7.97888,7.97888,0.0,1.0,1
87233,31.05.2024 07:07:21.890000,-174.023,-200.885,10.1807,10.095,10.089,81.2525,2.04719,2.09151,12.956,10.4696,608.065,609.19,1.58027,1.87173,3.49141,4.04574,10.0284,7.97888,7.97888,0.0,1.0,1
87234,31.05.2024 07:07:21.900000,-174.023,-200.885,10.1898,10.095,10.089,81.2843,2.01853,2.09155,10.4048,8.52296,608.045,609.155,1.51372,1.801,3.46521,4.07249,10.0284,8.52865,8.52865,0.0,1.0,1
87235,31.05.2024 07:07:21.910000,-174.023,-200.885,10.1898,10.095,10.089,81.2843,2.01853,2.09155,10.4048,8.52296,608.045,609.155,1.51372,1.801,3.46521,4.07249,10.0284,8.52865,8.52865,0.0,1.0,1
87236,31.05.2024 07:07:21.920000,-174.106,-196.188,10.1993,10.081,10.111,81.2161,2.00063,2.09156,8.01487,9.34607,608.025,609.115,1.59166,1.83568,3.41286,4.03059,10.0297,8.96268,8.96268,0.0,1.0,1
87237,31.05.2024 07:07:21.930000,-177.072,-193.469,10.2061,10.079,10.122,81.1951,2.02988,2.08486,6.83676,11.7216,608.02,609.105,1.57087,1.76522,3.38418,4.07684,10.0313,9.08564,9.08564,0.0,1.0,1
87238,31.05.2024 07:07:21.940000,-168.173,-197.095,10.2061,10.077,10.135,81.2244,2.06008,2.08192,8.53585,12.258,608.0,609.02,1.53637,1.84266,3.29561,4.08327,10.0313,9.08564,9.08564,0.0,1.0,1
87239,31.05.2024 07:07:21.950000,-168.173,-197.095,10.2099,10.077,10.135,81.2244,2.09029,2.08044,8.53585,12.258,608.0,609.02,1.53637,1.84266,3.29561,4.08327,10.0334,9.49074,9.49074,0.0,1.0,1
87240,31.05.2024 07:07:21.960000,-168.915,-193.634,10.2157,10.081,10.125,81.2315,2.13036,2.0919,11.6,8.08464,607.99,608.975,1.52491,1.83591,3.24789,4.165,10.0334,9.49798,9.49798,0.0,1.0,1
87241,31.05.2024 07:07:21.970000,-171.881,-198.166,10.2157,10.09,10.109,81.2315,2.13817,2.09801,11.6,8.08464,607.99,608.975,1.50475,1.56487,3.37263,4.2966,10.0357,9.49798,9.49798,0.0,1.0,1
87242,31.05.2024 07:07:21.980000,-171.881,-198.166,10.2157,10.09,10.109,81.2315,2.13817,2.09801,11.6,8.08464,607.99,608.975,1.50475,1.56487,3.37263,4.2966,10.0357,9.49798,9.49798,0.0,1.0,1
87243,31.05.2024 07:07:21.990000,-171.881,-198.166,10.2288,10.09,10.109,81.2277,2.13191,2.10059,13.1252,13.2754,607.96,608.945,1.50475,1.56487,3.37263,4.2966,10.0357,9.3533,9.3533,0.0,1.0,1
87244,31.05.2024 07:07:22.000000,-171.304,-194.128,10.2282,10.098,10.12,81.2312,2.06477,2.10025,12.5855,12.9265,607.945,608.93,1.47389,1.573,3.19669,4.2656,10.0379,9.50521,9.50521,0.0,1.0,1
87245,31.05.2024 07:07:22.010000,-169.409,-194.128,10.2333,10.098,10.114,81.2283,2.03838,2.1013,11.0225,11.4648,607.925,608.9,1.50569,1.68652,3.18991,4.30455,10.0379,9.70052,9.70052,0.0,1.0,1
87246,31.05.2024 07:07:22.020000,-174.106,-196.765,10.2333,10.138,10.142,81.2955,2.01926,2.10218,7.96301,9.7546,607.915,608.875,1.48202,1.68896,3.24579,4.32295,10.0379,9.70052,9.70052,0.0,1.0,1
87247,31.05.2024 07:07:22.030000,-174.106,-196.765,10.2459,10.138,10.142,81.2955,2.01427,2.10149,7.96301,9.7546,607.915,608.875,1.48202,1.68896,3.24579,4.32295,10.0407,9.85243,9.85243,0.0,1.0,1
87248,31.05.2024 07:07:22.040000,-170.727,-199.072,10.2393,10.165,10.167,81.2752,2.04443,2.09443,7.66137,13.2,607.91,608.825,1.52829,1.82434,3.14537,4.32472,10.0407,9.89584,9.89584,0.0,1.0,1
87249,31.05.2024 07:07:22.050000,-175.012,-195.282,10.2393,10.118,10.189,81.2752,2.07403,2.09097,7.66137,13.2,607.91,608.825,1.57406,1.79822,3.15927,4.41536,10.0419,9.89584,9.89584,0.0,1.0,1
87250,31.05.2024 07:07:22.060000,-175.012,-195.282,10.2198,10.118,10.189,81.2816,2.10567,2.09084,8.42579,10.9251,607.9,608.775,1.57406,1.79822,3.15927,4.41536,10.0419,9.89584,9.89584,0.0,1.0,1
87251,31.05.2024 07:07:22.070000,-174.6,-195.117,10.2314,10.111,10.195,81.3055,2.13826,2.09316,11.5275,9.86636,607.89,608.73,1.62622,1.78618,3.22709,4.52741,10.0434,9.9103,9.9103,0.0,1.0,1
87252,31.05.2024 07:07:22.080000,-174.6,-192.81,10.2314,10.09,10.195,81.3055,2.17019,2.10147,11.5275,9.86636,607.89,608.73,1.62622,1.78618,3.22709,4.52741,10.0447,9.9103,9.9103,0.0,1.0,1
87253,31.05.2024 07:07:22.090000,-165.454,-192.81,10.2501,10.09,10.185,81.305,2.17257,2.10373,13.8963,10.3607,607.86,608.715,1.72022,1.67145,3.19064,4.63544,10.0447,10.5903,10.5903,0.0,1.0,1
87254,31.05.2024 07:07:22.100000,-168.091,-198.413,10.2501,10.141,10.151,81.3052,2.16259,2.10445,15.2548,13.8079,607.85,608.665,1.65333,1.72363,3.23394,4.61324,10.0463,10.5903,10.5903,0.0,1.0,1
87255,31.05.2024 07:07:22.110000,-168.091,-198.413,10.2427,10.141,10.151,81.3052,2.13681,2.10523,15.2548,13.8079,607.85,608.665,1.65333,1.72363,3.23394,4.61324,10.0478,10.5903,10.5903,0.0,1.0,1
87256,31.05.2024 07:07:22.120000,-177.731,-196.847,10.2371,10.173,10.146,81.2937,2.07813,2.10808,12.3015,11.1922,607.83,608.645,1.68207,1.82848,3.20863,4.57359,10.0478,10.8362,10.8362,0.0,1.0,1
87257,31.05.2024 07:07:22.130000,-174.023,-200.555,10.2371,10.156,10.144,81.2937,2.05338,2.10757,12.3015,11.1922,607.83,608.645,1.66783,1.77935,3.11451,4.59336,10.0503,10.8362,10.8362,0.0,1.0,1
87258,31.05.2024 07:07:22.140000,-174.023,-200.555,10.2411,10.156,10.144,81.3114,2.0389,2.1059,9.29028,11.7173,607.82,608.615,1.66783,1.77935,3.11451,4.59336,10.0503,10.8869,10.8869,0.0,1.0,1
87259,31.05.2024 07:07:22.150000,-176.66,-194.458,10.2305,10.16,10.147,81.2861,2.0345,2.10386,8.32475,12.8544,607.815,608.57,1.65318,1.97565,3.13959,4.63849,10.0515,10.8362,10.8362,0.0,1.0,1
87260,31.05.2024 07:07:22.160000,-176.66,-194.458,10.2305,10.16,10.147,81.2861,2.0345,2.10386,8.32475,12.8544,607.815,608.57,1.65318,1.97565,3.13959,4.63849,10.0515,10.8362,10.8362,0.0,1.0,1
87261,31.05.2024 07:07:22.170000,-176.66,-198.907,10.2305,10.19,10.147,81.2861,2.042,2.10093,8.34064,12.3514,607.81,608.555,1.74674,1.9124,3.06078,4.65764,10.053,10.8362,10.8362,0.0,1.0,1
87262,31.05.2024 07:07:22.180000,-171.799,-194.211,10.2308,10.157,10.145,81.2616,2.10534,2.09891,9.95892,8.99531,607.795,608.545,1.7449,1.94981,3.05681,4.86519,10.0549,10.8362,10.8362,0.0,1.0,1
87263,31.05.2024 07:07:22.190000,-171.799,-194.211,10.2308,10.157,10.145,81.2616,2.10534,2.09891,9.95892,8.99531,607.795,608.545,1.7449,1.94981,3.05681,4.86519,10.0549,10.8362,10.8362,0.0,1.0,1
87264,31.05.2024 07:07:22.200000,-171.799,-194.211,10.2332,10.157,10.145,81.2616,2.12059,2.10088,11.6589,10.0265,607.785,608.49,1.80484,2.32707,3.12645,4.88663,10.0556,11.1979,11.1979,0.0,1.0,1
87265,31.05.2024 07:07:22.210000,-173.776,-191.162,10.2421,10.142,10.123,81.243,2.1171,2.10253,11.8945,10.3083,607.76,608.43,1.8734,2.27139,3.12532,4.97869,10.0577,11.4005,11.4005,0.0,1.0,1
87266,31.05.2024 07:07:22.220000,-173.776,-191.162,10.2421,10.142,10.123,81.2265,2.1171,2.10253,11.8945,10.3083,607.76,608.43,1.8734,2.27139,3.12532,4.97869,10.0577,11.4005,11.4005,0.0,1.0,1
87267,31.05.2024 07:07:22.230000,-171.799,-194.211,10.2501,10.157,10.145,81.2616,2.09605,2.10106,11.8945,10.3083,607.76,608.43,1.8734,2.27139,3.12532,4.97869,10.0556,11.1979,11.1979,0.0,1.0,1
87268,31.05.2024 07:07:22.240000,-176.66,-195.117,10.2389,10.141,10.116,81.2659,2.02326,2.1016,9.66262,10.5981,607.745,608.41,1.85553,2.04166,3.15915,5.02255,10.0603,11.5017,11.5017,0.0,1.0,1
87269,31.05.2024 07:07:22.250000,-176.66,-195.117,10.2251,10.141,10.121,81.2194,2.01394,2.10204,7.03257,11.6084,607.725,608.365,1.82227,2.1961,3.09889,4.97693,10.0603,11.3064,11.3064,0.0,1.0,1
87270,31.05.2024 07:07:22.260000,-173.117,-199.731,10.2251,10.141,10.132,81.1911,2.01441,2.10241,5.77346,12.7959,607.685,608.34,1.86444,2.13339,3.0675,4.94895,10.0617,11.3064,11.3064,0.0,1.0,1
87271,31.05.2024 07:07:22.270000,-173.117,-199.731,10.2251,10.141,10.132,81.1911,2.01441,2.10241,5.77346,12.7959,607.685,608.34,1.86444,2.13339,3.0675,4.94895,10.0617,11.3064,11.3064,0.0,1.0,1
87272,31.05.2024 07:07:22.280000,-173.117,-199.731,10.247,10.141,10.132,81.1911,2.02964,2.10102,7.34443,12.8336,607.675,608.33,1.76073,1.85441,3.01081,4.93118,10.0634,11.3064,11.3064,0.0,1.0,1
87273,31.05.2024 07:07:22.290000,-177.731,-194.376,10.2494,10.156,10.165,81.216,2.11315,2.10027,8.73149,10.6059,607.665,608.285,1.6704,2.11156,3.00012,4.92435,10.0646,11.2052,11.2052,0.0,1.0,1
87274,31.05.2024 07:07:22.300000,-177.731,-194.376,10.2494,10.156,10.165,81.216,2.11315,2.10027,8.73149,10.6059,607.665,608.285,1.6704,2.11156,3.00012,4.92435,10.0646,11.2052,11.2052,0.0,1.0,1
87275,31.05.2024 07:07:22.310000,-177.731,-194.376,10.2321,10.156,10.165,81.1959,2.13561,2.10217,8.73149,10.6059,607.665,608.285,1.6704,2.11156,3.00012,4.92435,10.0646,10.7567,10.7567,0.0,1.0,1
87276,31.05.2024 07:07:22.320000,-173.035,-196.93,10.2304,10.154,10.161,81.2085,2.14852,2.11153,12.763,10.1707,607.66,608.255,1.60032,2.17691,3.0014,5.00076,10.0671,10.7711,10.7711,0.0,1.0,1
87277,31.05.2024 07:07:22.330000,-175.012,-196.93,10.2378,10.154,10.157,81.232,2.13304,2.11143,13.3752,10.98,607.65,608.22,1.60712,1.91484,3.08415,5.03885,10.0671,10.3009,10.3009,0.0,1.0,1
87278,31.05.2024 07:07:22.340000,-175.012,-196.93,10.2378,10.154,10.157,81.232,2.13304,2.11143,13.3752,10.98,607.65,608.22,1.60712,1.91484,3.08415,5.03885,10.0671,10.3009,10.3009,0.0,1.0,1
87279,31.05.2024 07:07:22.350000,-169.244,-192.728,10.2378,10.183,10.138,81.267,2.11164,2.11086,12.9991,11.825,607.635,608.21,1.63022,2.21465,3.0848,4.98657,10.0694,9.62819,9.62819,0.0,1.0,1
87280,31.05.2024 07:07:22.360000,-173.282,-199.402,10.2258,10.167,10.144,81.2901,2.0661,2.10942,8.50149,11.6831,607.625,608.21,1.61554,2.31167,3.06529,5.01854,10.0708,9.61372,9.61372,0.0,1.0,1
87281,31.05.2024 07:07:22.370000,-170.892,-194.623,10.2258,10.16,10.147,81.2901,2.06849,2.10871,8.50149,11.6831,607.625,608.21,1.68359,2.40884,2.96662,4.93742,10.0734,9.61372,9.61372,0.0,1.0,1
87282,31.05.2024 07:07:22.380000,-170.892,-194.623,10.2356,10.16,10.147,81.2377,2.0789,2.10698,9.22935,14.3155,607.6,608.17,1.68359,2.40884,2.96662,4.93742,10.0734,9.65712,9.65712,0.0,1.0,1
87283,31.05.2024 07:07:22.390000,-174.023,-200.473,10.2374,10.138,10.153,81.2416,2.09466,2.10675,8.92705,10.143,607.59,608.105,1.63813,2.5216,2.98661,4.96869,10.0748,9.65712,9.65712,0.0,1.0,1
87284,31.05.2024 07:07:22.400000,-174.023,-200.473,10.2374,10.138,10.153,81.2416,2.09466,2.10675,8.92705,10.143,607.59,608.105,1.63813,2.5216,2.98661,4.96869,10.0748,9.65712,9.65712,0.0,1.0,1
87285,31.05.2024 07:07:22.410000,-174.023,-195.776,10.2374,10.145,10.153,81.2416,2.11283,2.10746,12.0097,10.2626,607.57,608.07,1.61841,2.37005,2.98803,5.00974,10.0764,9.55584,9.55584,0.0,1.0,1
87286,31.05.2024 07:07:22.420000,-174.023,-195.776,10.2374,10.145,10.153,81.2416,2.11283,2.10746,12.0097,10.2626,607.57,608.07,1.61841,2.37005,2.98803,5.00974,10.0764,9.55584,9.55584,0.0,1.0,1
87287,31.05.2024 07:07:22.430000,-170.48,-198.99,10.2396,10.171,10.149,81.2185,2.15176,2.11577,12.7289,11.9066,607.55,608.06,1.62985,2.36218,2.94997,4.99673,10.0782,8.71672,8.71672,0.0,1.0,1
87288,31.05.2024 07:07:22.440000,-171.799,-192.728,10.2415,10.122,10.147,81.2108,2.11881,2.11798,12.5836,14.1834,607.55,608.02,1.53001,2.25953,3.03447,5.05923,10.0784,8.71672,8.71672,0.0,1.0,1
87289,31.05.2024 07:07:22.450000,-177.072,-195.694,10.2415,10.132,10.139,81.2108,2.09581,2.11799,12.5836,14.1834,607.55,608.02,1.57136,2.25292,3.04448,5.07198,10.0815,8.71672,8.71672,0.0,1.0,1
87290,31.05.2024 07:07:22.460000,-177.072,-195.694,10.2468,10.132,10.139,81.2258,2.07506,2.118,8.5602,12.0807,607.545,607.99,1.57136,2.25292,3.04448,5.07198,10.0815,8.40567,8.40567,0.0,1.0,1
87291,31.05.2024 07:07:22.470000,-171.881,-199.649,10.2417,10.119,10.124,81.2576,2.05606,2.11759,7.9808,13.5003,607.52,607.995,1.72881,2.1103,2.95403,5.00486,10.0829,8.35504,8.35504,0.0,1.0,1
87292,31.05.2024 07:07:22.480000,-171.881,-193.469,10.2417,10.131,10.124,81.2576,2.04842,2.11487,7.9808,13.5003,607.52,607.995,1.72881,2.1103,2.95403,5.00486,10.0838,8.35504,8.35504,0.0,1.0,1
87293,31.05.2024 07:07:22.490000,-171.881,-193.469,10.2417,10.131,10.124,81.2576,2.04842,2.11487,7.9808,13.5003,607.52,607.995,1.72881,2.1103,2.95403,5.00486,10.0838,8.35504,8.35504,0.0,1.0,1
87294,31.05.2024 07:07:22.500000,-176.66,-193.469,10.2503,10.131,10.145,81.2206,2.05941,2.11067,6.64616,11.549,607.515,607.97,1.82818,2.34586,2.87813,4.99026,10.0838,8.35504,8.35504,0.0,1.0,1
87295,31.05.2024 07:07:22.510000,-170.48,-193.964,10.2462,10.153,10.139,81.267,2.09612,2.10982,9.52951,10.7191,607.495,607.925,1.94249,2.38687,2.7997,4.9593,10.0869,8.22482,8.22482,0.0,1.0,1
87296,31.05.2024 07:07:22.520000,-179.379,-195.776,10.253,10.151,10.141,81.2059,2.1309,2.11347,9.72922,10.6005,607.48,607.93,1.91814,2.19173,2.78646,5.08183,10.0869,8.19589,8.19589,0.0,1.0,1
87297,31.05.2024 07:07:22.530000,-179.379,-195.776,10.253,10.151,10.141,81.2059,2.1309,2.11347,9.72922,10.6005,607.48,607.93,1.91814,2.19173,2.78646,5.08183,10.0869,8.19589,8.19589,0.0,1.0,1
87298,31.05.2024 07:07:22.540000,-170.892,-199.896,10.253,10.132,10.205,81.2059,2.13824,2.11506,10.8371,12.1798,607.465,607.905,1.95915,2.36902,2.87682,5.09424,10.0885,7.68952,7.68952,0.0,1.0,1
87299,31.05.2024 07:07:22.550000,-170.892,-199.896,10.253,10.132,10.205,81.2059,2.13824,2.11506,10.8371,12.1798,607.465,607.905,1.95915,2.36902,2.87682,5.09424,10.0885,7.68952,7.68952,0.0,1.0,1
