,time,Pinceur Inf Mesure de courant,Pinceur Sup Mesure de courant,Mandrin - Vitesse Actuelle,Pinceur Sup Mesure vitesse lineaire,Pinceur Inf Mesure vitesse lineaire,Mandrin - Mesure Expansion,Pinceur Nord Position entrefer estimee,Pinceur Sud Position entrefer estimee,Pinceur Nord Force entrefer calibree,Pinceur Sud Force entrefer calibree,Guides Nord Entree Position mesuree,Guides Nord Sortie Position mesuree,Guides Nord Entree Force pour regulateur PI,Guides Nord Sortie Force pour regulateur PI,Guides Sud Entree Force pour regulateur PI,Guides Sud Sortie Force pour regulateur PI,Mandrin - Vitesse Actuelle F10,_Excentrage largeur bande jauge bob,_Excentrage largeur bande jauge bob.1,TDB pinceur,Fenetre,Declancheur
101400,31.05.2024 11:22:46.870000,42.5171,5.85022,10.738,11.959,11.82,31.336,2.74127,2.38158,33.4669,15.8369,618.045,618.89,5.35571,7.46494,-0.318698,-0.393002,10.133,100.239,100.239,1.0,1.0,1
101401,31.05.2024 11:22:46.880000,42.5171,5.85022,10.738,11.959,11.82,31.336,2.74127,2.38158,33.4669,15.8369,618.045,618.89,5.35571,7.46494,-0.318698,-0.393002,10.133,100.239,100.239,1.0,1.0,1
101402,31.05.2024 11:22:46.890000,106.21,78.9367,10.738,11.876,11.839,31.336,2.7161,2.42209,38.4745,23.6904,616.31,617.15,5.36801,7.55545,-0.27447,-0.26455,10.133,100.239,100.239,1.0,1.0,1
101403,31.05.2024 11:22:46.900000,106.21,78.9367,10.738,11.876,11.839,31.336,2.7161,2.42209,38.4745,23.6904,616.31,617.15,5.36801,7.55545,-0.27447,-0.26455,10.133,100.239,100.239,1.0,1.0,1
101404,31.05.2024 11:22:46.910000,101.678,114.12,10.7373,11.781,11.788,31.3255,2.54601,2.53222,32.7315,30.9461,614.62,615.405,5.50397,7.38761,-0.320491,-0.275734,10.1339,100.239,100.239,1.0,1.0,1
101405,31.05.2024 11:22:46.920000,101.678,114.12,10.7373,11.781,11.788,31.3255,2.54601,2.53222,32.7315,30.9461,614.62,615.405,5.50397,7.38761,-0.320491,-0.275734,10.1339,100.239,100.239,1.0,1.0,1
101406,31.05.2024 11:22:46.930000,117.334,128.046,10.7393,11.788,11.727,31.3262,2.30319,2.54888,22.8006,34.8695,612.955,613.655,5.41125,6.59405,-0.338695,-0.269845,10.135,95.9997,95.9997,1.0,1.0,1
101407,31.05.2024 11:22:46.940000,183.746,151.776,10.7369,11.737,11.6,31.2942,2.269,2.53424,20.0218,31.4451,611.4,612.085,5.16038,5.58366,-0.372218,-0.119753,10.1362,96.0648,96.0648,1.0,1.0,1
101408,31.05.2024 11:22:46.950000,183.746,151.776,10.7369,11.737,11.6,31.2942,2.269,2.53424,20.0218,31.4451,611.4,612.085,5.16038,5.58366,-0.372218,-0.119753,10.1362,96.0648,96.0648,1.0,1.0,1
101409,31.05.2024 11:22:46.960000,183.746,151.776,10.7342,11.737,11.6,31.3568,2.29528,2.50537,17.7167,30.2454,609.975,610.655,5.03878,5.30462,-0.391589,-0.148278,10.1377,89.7787,89.7787,1.0,1.0,1
101410,31.05.2024 11:22:46.970000,183.746,151.776,10.7342,11.737,11.6,31.3568,2.29528,2.50537,17.7167,30.2454,609.975,610.655,5.03878,5.30462,-0.391589,-0.148278,10.1377,89.7787,89.7787,1.0,1.0,1
101411,31.05.2024 11:22:46.980000,313.193,280.234,10.7374,11.504,11.319,31.2898,2.45554,2.36456,20.1705,27.9087,608.585,609.285,5.55145,5.84685,-0.425811,-0.136052,10.1386,85.4818,85.4818,1.0,1.0,1
101412,31.05.2024 11:22:46.990000,360.077,332.144,10.7467,11.454,11.182,31.2998,2.5316,2.2997,25.7901,16.0798,607.085,607.825,6.67207,7.11655,-0.377555,-0.195557,10.1403,85.4818,85.4818,1.0,1.0,1
101413,31.05.2024 11:22:47.000000,360.077,393.53,10.7479,11.331,11.182,31.2225,2.50952,2.28062,28.6964,14.1607,605.49,606.295,7.35004,8.31382,-0.35715,-0.2739,10.1416,83.6372,83.6372,1.0,1.0,1
101414,31.05.2024 11:22:47.010000,454.999,393.53,10.7479,11.331,11.002,31.3238,2.47014,2.28736,28.357,17.0235,603.825,604.575,7.40929,9.31994,-0.318759,-0.254721,10.1416,83.6372,83.6372,1.0,1.0,1
101415,31.05.2024 11:22:47.020000,454.999,393.53,10.7479,11.331,11.002,31.3238,2.47014,2.28736,28.357,17.0235,603.825,604.575,7.40929,9.31994,-0.318759,-0.254721,10.1416,83.6372,83.6372,1.0,1.0,1
101416,31.05.2024 11:22:47.030000,522.235,446.841,10.7403,11.253,11.013,31.3238,2.4126,2.30108,28.357,17.0235,603.825,604.575,6.99016,9.08862,-0.381366,-0.27796,10.1416,83.6372,83.6372,1.0,1.0,1
101417,31.05.2024 11:22:47.040000,522.235,446.841,10.7403,11.253,11.013,31.3238,2.4126,2.30108,28.357,17.0235,603.825,604.575,6.99016,9.08862,-0.381366,-0.27796,10.1416,83.6372,83.6372,1.0,1.0,1
101418,31.05.2024 11:22:47.050000,536.819,505.508,10.7435,11.212,10.935,31.2935,2.27961,2.37861,22.1113,17.5491,602.24,602.885,6.99016,9.08862,-0.381366,-0.27796,10.1438,80.8449,80.8449,1.0,1.0,1
101419,31.05.2024 11:22:47.060000,560.385,536.572,10.749,11.192,10.894,31.3505,2.26385,2.41541,17.9954,26.9965,598.975,599.65,6.3548,8.13732,-0.377746,-0.286454,10.1454,79.8828,79.8828,1.0,1.0,1
101420,31.05.2024 11:22:47.070000,562.28,593.344,10.749,11.064,10.851,31.3505,2.27629,2.42431,17.9954,26.9965,598.975,599.65,6.3548,8.13732,-0.377746,-0.286454,10.1463,77.7705,77.7705,1.0,1.0,1
101421,31.05.2024 11:22:47.080000,562.28,597.217,10.747,10.99,10.851,31.3496,2.34115,2.42541,19.0198,25.3686,597.41,598.165,5.796,8.09267,-0.412272,-0.364373,10.1468,74.7396,74.7396,1.0,1.0,1
101422,31.05.2024 11:22:47.090000,562.28,597.217,10.747,10.99,10.851,31.3496,2.34115,2.42541,19.0198,25.3686,597.41,598.165,5.796,8.09267,-0.412272,-0.364373,10.1468,74.7396,74.7396,1.0,1.0,1
101423,31.05.2024 11:22:47.100000,539.786,597.217,10.747,10.99,10.809,31.3424,2.38275,2.41962,21.9753,25.7146,595.89,596.62,5.9599,8.83224,-0.390086,-0.275683,10.1468,74.7396,74.7396,1.0,1.0,1
101424,31.05.2024 11:22:47.110000,548.767,590.13,10.7387,10.941,10.75,31.302,2.45308,2.40312,25.3506,25.5317,594.32,595.085,6.5449,9.6073,-0.380404,-0.226388,10.1478,71.752,71.752,1.0,1.0,1
101425,31.05.2024 11:22:47.120000,542.01,586.999,10.7387,10.872,10.706,31.302,2.47772,2.39672,25.3506,25.5317,594.32,595.085,6.5449,9.6073,-0.380404,-0.226388,10.1478,71.752,71.752,1.0,1.0,1
101426,31.05.2024 11:22:47.130000,535.419,582.303,10.7477,10.822,10.624,31.3539,2.46211,2.39882,28.2752,24.0933,592.6,593.345,7.26817,10.5619,-0.406703,-0.216771,10.1482,69.4589,69.4589,1.0,1.0,1
101427,31.05.2024 11:22:47.140000,535.419,582.303,10.7487,10.822,10.624,31.3465,2.43219,2.39893,26.8936,22.8332,590.875,591.655,7.23813,10.8886,-0.385047,-0.174292,10.1482,69.4589,69.4589,1.0,1.0,1
101428,31.05.2024 11:22:47.150000,535.336,584.692,10.7487,10.769,10.571,31.3465,2.39554,2.39691,26.8936,22.8332,590.875,591.655,7.23813,10.8886,-0.385047,-0.174292,10.1488,67.0573,67.0573,1.0,1.0,1
101429,31.05.2024 11:22:47.160000,535.336,584.692,10.7487,10.769,10.571,31.3465,2.39554,2.39691,26.8936,22.8332,590.875,591.655,7.23813,10.8886,-0.385047,-0.174292,10.1488,67.0573,67.0573,1.0,1.0,1
101430,31.05.2024 11:22:47.170000,535.336,570.685,10.7529,10.756,10.571,31.39,2.31199,2.39299,24.1717,24.3209,589.225,589.94,6.91634,10.4205,-0.416991,-0.24494,10.1492,64.4604,64.4604,1.0,1.0,1
101431,31.05.2024 11:22:47.180000,537.149,572.25,10.7509,10.723,10.484,31.379,2.26548,2.3831,20.0811,25.1056,587.535,588.36,6.89652,10.2584,-0.382827,-0.345398,10.1503,64.4604,64.4604,1.0,1.0,1
101432,31.05.2024 11:22:47.190000,537.149,572.25,10.7509,10.723,10.484,31.379,2.26548,2.3831,20.0811,25.1056,587.535,588.36,6.89652,10.2584,-0.382827,-0.345398,10.1503,64.4604,64.4604,1.0,1.0,1
101433,31.05.2024 11:22:47.200000,537.149,572.25,10.747,10.723,10.484,31.3963,2.26775,2.37389,18.3313,24.5029,585.875,586.855,6.79545,10.3929,-0.341632,-0.284991,10.151,58.9771,58.9771,1.0,1.0,1
101434,31.05.2024 11:22:47.210000,524.707,585.104,10.7488,10.628,10.434,31.3917,2.33166,2.36229,19.9534,23.5433,584.17,585.33,6.88146,11.3391,-0.396911,-0.324597,10.1516,58.9771,58.9771,1.0,1.0,1
101435,31.05.2024 11:22:47.220000,524.707,585.104,10.7488,10.628,10.434,31.3917,2.33166,2.36229,19.9534,23.5433,584.17,585.33,6.88146,11.3391,-0.396911,-0.324597,10.1516,58.9771,58.9771,1.0,1.0,1
101436,31.05.2024 11:22:47.230000,524.707,585.104,10.7603,10.628,10.434,31.4198,2.35884,2.35652,21.3227,22.7588,582.56,583.68,6.62287,12.489,-0.340453,-0.273779,10.1516,58.9771,58.9771,1.0,1.0,1
101437,31.05.2024 11:22:47.240000,529.568,583.044,10.7688,10.557,10.421,31.3831,2.37772,2.34916,25.1897,20.7844,580.95,582.045,6.95476,13.1966,-0.341998,-0.32565,10.153,53.1612,53.1612,1.0,1.0,1
101438,31.05.2024 11:22:47.250000,530.475,583.044,10.7688,10.557,10.428,31.3697,2.36321,2.35064,24.3665,21.5021,579.225,580.425,7.49777,13.7688,-0.300544,-0.391173,10.153,53.1612,53.1612,1.0,1.0,1
101439,31.05.2024 11:22:47.260000,512.677,571.097,10.7772,10.485,10.368,31.3697,2.34086,2.35098,24.3665,21.5021,579.225,580.425,7.49777,13.7688,-0.300544,-0.391173,10.1526,50.0,50.0,1.0,1.0,1
101440,31.05.2024 11:22:47.270000,512.677,571.097,10.7778,10.485,10.368,31.39,2.30491,2.3514,22.7386,23.0201,577.47,578.78,7.48138,14.2483,-0.261844,-0.300402,10.1537,50.0,50.0,1.0,1.0,1
101441,31.05.2024 11:22:47.280000,498.752,551.898,10.7778,10.432,10.339,31.39,2.2334,2.34356,22.7386,23.0201,577.47,578.78,7.48138,14.2483,-0.261844,-0.300402,10.1537,50.0,50.0,1.0,1.0,1
101442,31.05.2024 11:22:47.290000,498.752,551.898,10.7778,10.432,10.339,31.39,2.2334,2.34356,22.7386,23.0201,577.47,578.78,7.48138,14.2483,-0.261844,-0.300402,10.1537,50.0,50.0,1.0,1.0,1
101443,31.05.2024 11:22:47.300000,477.246,543.658,10.7871,10.364,10.286,31.3366,2.20531,2.33349,19.4746,22.0097,575.715,577.125,7.16164,14.6173,-0.285483,-0.315335,10.1544,43.5692,43.5692,1.0,1.0,1
101444,31.05.2024 11:22:47.310000,469.501,525.613,10.7916,10.363,10.261,31.2922,2.18803,2.32131,17.9867,20.5664,574.02,575.465,6.56041,14.782,-0.338561,-0.235699,10.1552,40.3284,40.3284,1.0,1.0,1
101445,31.05.2024 11:22:47.320000,469.501,525.613,10.7916,10.363,10.261,31.2922,2.18803,2.32131,17.9867,20.5664,574.02,575.465,6.56041,14.782,-0.338561,-0.235699,10.1552,40.3284,40.3284,1.0,1.0,1
101446,31.05.2024 11:22:47.330000,469.501,489.935,10.7941,10.323,10.261,31.2567,2.22589,2.30571,18.1558,22.1359,572.32,573.745,6.21585,14.8024,-0.457206,-0.202593,10.155,40.3284,40.3284,1.0,1.0,1
101447,31.05.2024 11:22:47.340000,419.733,468.429,10.7958,10.252,10.236,31.2724,2.28026,2.29976,19.2681,20.2983,570.6,572.105,5.87019,14.6684,-0.491065,-0.211764,10.1556,40.2923,40.2923,1.0,1.0,1
101448,31.05.2024 11:22:47.350000,419.733,468.429,10.7958,10.252,10.236,31.2724,2.28026,2.29976,19.2681,20.2983,570.6,572.105,5.87019,14.6684,-0.491065,-0.211764,10.1556,40.2923,40.2923,1.0,1.0,1
101449,31.05.2024 11:22:47.360000,419.733,468.429,10.7892,10.252,10.236,31.3518,2.2989,2.29983,22.2296,18.9992,568.87,570.47,5.38792,14.7291,-0.479053,-0.173235,10.1562,36.5234,36.5234,1.0,1.0,1
101450,31.05.2024 11:22:47.370000,419.733,468.429,10.7892,10.252,10.236,31.3518,2.2989,2.29983,22.2296,18.9992,568.87,570.47,5.38792,14.7291,-0.479053,-0.173235,10.1562,36.5234,36.5234,1.0,1.0,1
101451,31.05.2024 11:22:47.380000,374.414,426.077,10.7939,10.247,10.25,31.351,2.25697,2.27979,23.4652,18.7823,567.165,568.825,5.03031,14.903,-0.483459,-0.169058,10.1565,32.8776,32.8776,1.0,1.0,1
101452,31.05.2024 11:22:47.390000,352.002,411.987,10.8046,10.239,10.28,31.3203,2.17436,2.26939,21.2286,17.0212,565.455,567.155,4.67702,14.949,-0.503383,-0.177866,10.1571,29.2173,29.2173,1.0,1.0,1
101453,31.05.2024 11:22:47.400000,352.002,391.717,10.8089,10.264,10.28,31.2836,2.08279,2.24074,15.9097,17.1873,563.77,565.515,4.41703,14.9696,-0.539081,-0.0821481,10.1579,25.9693,25.9693,1.0,1.0,1
101454,31.05.2024 11:22:47.410000,338.901,391.717,10.8089,10.264,10.267,31.2997,2.0514,2.22549,11.9163,13.2904,562.155,563.925,4.34059,15.2154,-0.426917,-0.135098,10.1579,25.9693,25.9693,1.0,1.0,1
101455,31.05.2024 11:22:47.420000,324.069,370.129,10.8083,10.28,10.273,31.2997,2.03832,2.21139,11.9163,13.2904,562.155,563.925,4.34059,15.2154,-0.426917,-0.135098,10.1582,22.5405,22.5405,1.0,1.0,1
101456,31.05.2024 11:22:47.430000,324.069,370.129,10.8,10.28,10.273,31.2432,2.04309,2.19434,9.67226,11.887,560.505,562.245,4.63899,15.7452,0.196401,-0.113127,10.1597,22.4826,22.4826,1.0,1.0,1
101457,31.05.2024 11:22:47.440000,312.451,348.624,10.8,10.269,10.317,31.2432,2.09453,2.15263,9.67226,11.887,560.505,562.245,4.63899,15.7452,0.196401,-0.113127,10.1597,22.4826,22.4826,1.0,1.0,1
101458,31.05.2024 11:22:47.450000,302.975,324.399,10.8015,10.3,10.361,31.2111,2.13202,2.1413,13.6392,9.98741,558.865,560.575,5.15838,16.0436,0.732209,-0.0707231,10.1601,18.6126,18.6126,1.0,1.0,1
101459,31.05.2024 11:22:47.460000,302.975,324.399,10.8139,10.3,10.361,31.2401,2.165,2.13129,15.1198,7.72961,557.235,558.98,5.59131,16.2596,1.044,-0.131608,10.1601,18.6126,18.6126,1.0,1.0,1
101460,31.05.2024 11:22:47.470000,281.882,308.331,10.8139,10.364,10.326,31.2401,2.19298,2.12693,15.1198,7.72961,557.235,558.98,5.59131,16.2596,1.044,-0.131608,10.1609,15.4731,15.4731,1.0,1.0,1
101461,31.05.2024 11:22:47.480000,281.882,308.331,10.8139,10.364,10.326,31.2401,2.19298,2.12693,15.1198,7.72961,557.235,558.98,5.59131,16.2596,1.044,-0.131608,10.1609,15.4731,15.4731,1.0,1.0,1
101462,31.05.2024 11:22:47.490000,281.882,288.721,10.7847,10.373,10.326,31.3037,2.21609,2.14544,16.592,3.24884,555.625,557.39,6.12976,16.7571,1.83369,-0.0840783,10.1617,13.2162,13.2162,1.0,1.0,1
101463,31.05.2024 11:22:47.500000,279.492,285.26,10.7596,10.372,10.491,31.3163,2.18934,2.15044,18.7704,7.1828,554.16,555.83,6.9034,17.442,3.02255,-0.0964246,10.1618,13.2162,13.2162,1.0,1.0,1
101464,31.05.2024 11:22:47.510000,279.492,285.26,10.7509,10.372,10.491,31.2933,2.15538,2.16537,17.3714,10.2408,552.88,554.29,8.29856,18.2076,4.01858,-0.0279832,10.1621,12.7749,12.7749,1.0,1.0,1
101465,31.05.2024 11:22:47.520000,266.556,286.825,10.7509,10.412,10.492,31.2933,2.08868,2.18881,17.3714,10.2408,552.88,554.29,8.29856,18.2076,4.01858,-0.0279832,10.1621,12.7749,12.7749,1.0,1.0,1
101466,31.05.2024 11:22:47.530000,266.556,291.522,10.7578,10.534,10.493,31.2226,2.06317,2.1915,14.3531,10.3318,551.745,552.745,11.0787,19.3626,6.18958,0.361742,10.1635,12.8327,12.8327,1.0,1.0,1
101467,31.05.2024 11:22:47.540000,266.556,291.522,10.7578,10.534,10.493,31.2226,2.06317,2.1915,14.3531,10.3318,551.745,552.745,11.0787,19.3626,6.18958,0.361742,10.1635,12.8327,12.8327,1.0,1.0,1
101468,31.05.2024 11:22:47.550000,266.556,291.522,10.7581,10.534,10.493,31.2525,2.04718,2.19578,11.9122,11.027,550.89,551.325,10.8384,12.336,9.73477,1.06122,10.1635,12.8327,12.8327,1.0,1.0,1
101469,31.05.2024 11:22:47.560000,269.44,291.687,10.7033,10.424,10.481,31.2359,2.06988,2.17277,11.1813,13.3072,551.07,551.995,9.81595,3.3954,12.8632,2.83881,10.1647,13.491,13.491,1.0,1.0,1
101470,31.05.2024 11:22:47.570000,272.241,291.687,10.7033,10.424,10.511,31.2464,2.09034,2.16159,12.3769,10.8774,550.89,552.93,11.5068,5.93798,15.184,5.29826,10.1647,13.491,13.491,1.0,1.0,1
101471,31.05.2024 11:22:47.580000,274.631,292.758,10.6675,10.547,10.502,31.2464,2.1059,2.15524,12.3769,10.8774,550.89,552.93,11.5068,5.93798,15.184,5.29826,10.1656,16.1603,16.1603,1.0,1.0,1
101472,31.05.2024 11:22:47.590000,274.631,292.758,10.6685,10.547,10.502,31.2502,2.12207,2.15473,15.3416,7.86208,551.175,553.11,10.8737,9.94032,16.6405,7.66741,10.1667,16.1603,16.1603,1.0,1.0,1
101473,31.05.2024 11:22:47.600000,280.81,294.818,10.6685,10.579,10.515,31.2502,2.13696,2.15499,15.3416,7.86208,551.175,553.11,10.8737,9.94032,16.6405,7.66741,10.1667,16.1603,16.1603,1.0,1.0,1
101474,31.05.2024 11:22:47.610000,280.81,294.818,10.6685,10.579,10.515,31.2502,2.13696,2.15499,15.3416,7.86208,551.175,553.11,10.8737,9.94032,16.6405,7.66741,10.1667,16.1603,16.1603,1.0,1.0,1
101475,31.05.2024 11:22:47.620000,281.14,294.159,10.6226,10.593,10.505,31.2933,2.13451,2.14941,15.3522,9.94169,551.21,553.125,12.8961,9.36324,16.7276,9.05919,10.1677,15.8782,15.8782,1.0,1.0,1
101476,31.05.2024 11:22:47.630000,276.279,288.226,10.6216,10.532,10.55,31.3168,2.10514,2.15512,17.157,11.3698,551.44,553.4,13.4297,9.22835,15.6947,9.68759,10.1689,14.6846,14.6846,1.0,1.0,1
101477,31.05.2024 11:22:47.640000,276.279,295.23,10.5773,10.477,10.55,31.304,2.08389,2.1712,14.6733,9.98908,551.505,553.6,15.5674,10.0945,14.5244,9.79758,10.1704,14.6846,14.6846,1.0,1.0,1
101478,31.05.2024 11:22:47.650000,275.949,295.23,10.5773,10.477,10.561,31.3462,2.08039,2.17074,15.5397,15.0551,551.405,553.69,16.7294,9.89379,13.0035,9.84782,10.1704,14.6846,14.6846,1.0,1.0,1
101479,31.05.2024 11:22:47.660000,275.949,289.05,10.5438,10.57,10.53,31.3462,2.07706,2.16994,15.5397,15.0551,551.405,553.69,16.7294,9.89379,13.0035,9.84782,10.1713,13.4404,13.4404,1.0,1.0,1
101480,31.05.2024 11:22:47.670000,275.949,289.05,10.5438,10.57,10.53,31.3462,2.07706,2.16994,15.5397,15.0551,551.405,553.69,16.7294,9.89379,13.0035,9.84782,10.1713,13.4404,13.4404,1.0,1.0,1
101481,31.05.2024 11:22:47.680000,275.949,289.05,10.518,10.57,10.53,31.3275,2.07674,2.16842,15.6238,14.1624,551.275,553.75,16.6881,9.15117,11.1602,10.1701,10.1731,12.5362,12.5362,1.0,1.0,1
101482,31.05.2024 11:22:47.690000,275.949,289.05,10.518,10.57,10.53,31.3275,2.07674,2.16842,15.6238,14.1624,551.275,553.75,16.6881,9.15117,11.1602,10.1701,10.1731,12.5362,12.5362,1.0,1.0,1
101483,31.05.2024 11:22:47.700000,274.795,301.163,10.5115,10.627,10.486,31.6317,2.0938,2.15857,13.9554,10.6599,551.16,553.87,15.4955,8.00754,10.4686,10.4378,10.1737,12.037,12.037,1.0,1.0,1
101484,31.05.2024 11:22:47.710000,280.151,300.586,10.435,10.577,10.501,32.0759,2.09496,2.15499,16.1786,11.6253,551.22,554.08,14.0035,6.96177,11.3414,10.6076,10.1749,11.9285,11.9285,1.0,1.0,1
101485,31.05.2024 11:22:47.720000,280.151,288.061,10.3756,10.62,10.501,32.6652,2.09189,2.13604,16.2349,15.5477,551.415,554.33,12.5889,6.4312,12.1072,10.8294,10.1759,11.9285,11.9285,1.0,1.0,1
101486,31.05.2024 11:22:47.730000,280.151,288.061,10.3756,10.62,10.501,32.6652,2.09189,2.13604,16.2349,15.5477,551.415,554.33,12.5889,6.4312,12.1072,10.8294,10.1759,11.9285,11.9285,1.0,1.0,1
101487,31.05.2024 11:22:47.740000,274.96,288.061,10.3756,10.62,10.524,33.3583,2.08316,2.1332,16.4354,11.159,551.645,554.5,11.9362,6.55138,12.0811,11.0422,10.1759,11.9285,11.9285,1.0,1.0,1
101488,31.05.2024 11:22:47.750000,273.889,295.807,10.3565,10.604,10.505,34.1592,2.07843,2.14745,15.8202,10.523,551.9,554.72,11.7086,6.28436,11.7993,11.1975,10.1778,11.509,11.509,1.0,1.0,1
101489,31.05.2024 11:22:47.760000,278.174,300.091,10.3565,10.552,10.505,34.1592,2.07932,2.14262,15.8202,10.523,551.9,554.72,11.7086,6.28436,11.7993,11.1975,10.1778,11.509,11.509,1.0,1.0,1
101490,31.05.2024 11:22:47.770000,271.252,303.14,10.306,10.506,10.428,34.9986,2.08444,2.14353,16.2213,15.493,552.16,554.895,11.9413,6.73397,11.3354,11.2685,10.1791,10.4673,10.4673,1.0,1.0,1
101491,31.05.2024 11:22:47.780000,271.252,303.14,10.2811,10.506,10.428,35.8653,2.09046,2.15002,17.0796,12.5234,552.36,554.96,12.1494,7.31687,10.2484,11.3409,10.1791,10.4673,10.4673,1.0,1.0,1
101492,31.05.2024 11:22:47.790000,280.151,302.234,10.2811,10.531,10.42,35.8653,2.09159,2.15362,17.0796,12.5234,552.36,554.96,12.1494,7.31687,10.2484,11.3409,10.1802,9.72222,9.72222,1.0,1.0,1
101493,31.05.2024 11:22:47.800000,280.151,302.234,10.2811,10.531,10.42,35.8653,2.09159,2.15362,17.0796,12.5234,552.36,554.96,12.1494,7.31687,10.2484,11.3409,10.1802,9.72222,9.72222,1.0,1.0,1
101494,31.05.2024 11:22:47.810000,280.151,295.477,10.2564,10.522,10.42,36.7864,2.09667,2.15496,18.2995,12.9542,552.515,554.945,12.3229,6.92555,9.26388,11.4353,10.181,9.72222,9.72222,1.0,1.0,1
101495,31.05.2024 11:22:47.820000,279.739,298.361,10.1991,10.445,10.298,37.7623,2.08334,2.16714,17.7641,14.5111,552.625,555.015,11.9484,5.77195,8.82105,11.3948,10.1817,8.15972,8.15972,1.0,1.0,1
101496,31.05.2024 11:22:47.830000,279.739,298.361,10.1991,10.445,10.298,37.7623,2.08334,2.16714,17.7641,14.5111,552.625,555.015,11.9484,5.77195,8.82105,11.3948,10.1817,8.15972,8.15972,1.0,1.0,1
101497,31.05.2024 11:22:47.840000,279.739,298.361,10.1938,10.445,10.298,38.8401,2.07998,2.15981,17.4998,15.564,552.76,555.205,10.8844,5.23661,8.76293,11.4293,10.1828,8.15972,8.15972,1.0,1.0,1
101498,31.05.2024 11:22:47.850000,271.912,297.208,10.2127,10.315,10.242,39.9357,2.03374,2.14498,15.3705,13.3375,552.93,555.335,9.70741,5.243,8.74728,11.3169,10.1835,8.26822,8.26822,1.0,1.0,1
101499,31.05.2024 11:22:47.860000,271.912,297.208,10.2127,10.315,10.242,39.9357,2.03374,2.14498,15.3705,13.3375,552.93,555.335,9.70741,5.243,8.74728,11.3169,10.1835,8.26822,8.26822,1.0,1.0,1
101500,31.05.2024 11:22:47.870000,271.912,297.208,10.1653,10.315,10.242,41.082,2.02908,2.14975,15.332,13.8445,553.17,555.4,8.59974,5.23794,9.13652,11.3181,10.1835,8.26822,8.26822,1.0,1.0,1
101501,31.05.2024 11:22:47.880000,271.17,304.706,10.0867,10.326,10.228,42.2297,2.05605,2.14341,16.493,16.296,553.455,555.525,7.87311,4.77401,9.53937,11.2479,10.1846,7.58825,7.58825,1.0,1.0,1
101502,31.05.2024 11:22:47.890000,271.17,304.706,10.0867,10.326,10.228,42.2297,2.05605,2.14341,16.493,16.296,553.455,555.525,7.87311,4.77401,9.53937,11.2479,10.1846,7.58825,7.58825,1.0,1.0,1
101503,31.05.2024 11:22:47.900000,277.02,304.706,10.0867,10.326,10.248,43.3502,2.07597,2.13543,18.6213,13.6184,553.74,555.685,7.72796,4.85783,9.52259,11.0741,10.1846,7.27721,7.27721,1.0,1.0,1
101504,31.05.2024 11:22:47.910000,267.874,301.904,10.1325,10.265,10.275,44.6215,2.08686,2.14576,16.9678,10.1813,553.915,555.795,7.9666,5.2318,8.80977,10.8544,10.1861,6.32957,6.32957,1.0,1.0,1
101505,31.05.2024 11:22:47.920000,267.874,301.904,10.1325,10.265,10.275,44.6215,2.08686,2.14576,16.9678,10.1813,553.915,555.795,7.9666,5.2318,8.80977,10.8544,10.1861,6.32957,6.32957,1.0,1.0,1
101506,31.05.2024 11:22:47.930000,275.455,297.537,10.1325,10.238,10.24,44.6215,2.09013,2.15885,18.9415,15.3794,554.1,555.885,7.93063,5.57218,8.13836,10.6453,10.1861,6.32957,6.32957,1.0,1.0,1
101507,31.05.2024 11:22:47.940000,267.38,293.335,10.0616,10.25,10.205,46.9424,2.07255,2.16738,19.1089,16.2381,554.2,555.95,7.90519,5.92405,8.12719,10.457,10.1868,6.32957,6.32957,1.0,1.0,1
101508,31.05.2024 11:22:47.950000,272.571,301.163,10.0616,10.271,10.188,46.9424,2.06596,2.16203,19.1089,16.2381,554.2,555.95,7.90519,5.92405,8.12719,10.457,10.1866,6.32234,6.32234,1.0,1.0,1
101509,31.05.2024 11:22:47.960000,272.571,301.163,10.0616,10.271,10.188,46.9424,2.06596,2.16203,19.1089,16.2381,554.2,555.95,7.90519,5.92405,8.12719,10.457,10.1866,6.32234,6.32234,1.0,1.0,1
101510,31.05.2024 11:22:47.970000,272.571,299.02,10.0861,10.255,10.188,48.1325,2.04152,2.14651,16.8711,11.4767,554.335,555.98,7.28138,5.94997,8.00513,10.2904,10.187,6.07638,6.07638,1.0,1.0,1
101511,31.05.2024 11:22:47.980000,272.571,299.02,10.0861,10.255,10.188,48.1325,2.04152,2.14651,16.8711,11.4767,554.335,555.98,7.28138,5.94997,8.00513,10.2904,10.187,6.07638,6.07638,1.0,1.0,1
101512,31.05.2024 11:22:47.990000,274.548,303.882,10.0929,10.199,10.187,49.4694,2.04068,2.14403,15.7661,13.2852,554.51,556.02,6.70009,5.47076,7.81456,10.104,10.1872,6.8287,6.8287,1.0,1.0,1
101513,31.05.2024 11:22:48.000000,274.548,303.882,10.0929,10.199,10.187,49.4694,2.04068,2.14403,15.7661,13.2852,554.51,556.02,6.70009,5.47076,7.81456,10.104,10.1872,6.8287,6.8287,1.0,1.0,1
101514,31.05.2024 11:22:48.010000,280.481,290.121,10.0834,10.179,10.202,50.7469,2.10053,2.16513,15.1253,14.9349,554.655,556.19,6.23636,5.17467,8.2556,10.0166,10.1879,6.8287,6.8287,1.0,1.0,1
101515,31.05.2024 11:22:48.020000,272.241,298.773,10.0645,10.188,10.199,53.5277,2.13879,2.15643,19.8756,15.0274,554.975,556.385,5.84386,6.04847,8.62465,9.62259,10.1883,7.80527,7.80527,1.0,1.0,1
101516,31.05.2024 11:22:48.030000,277.597,298.361,10.0645,10.157,10.166,53.5277,2.12997,2.16211,19.8756,15.0274,554.975,556.385,5.84386,6.04847,8.62465,9.62259,10.188,8.05845,8.05845,1.0,1.0,1
101517,31.05.2024 11:22:48.040000,277.597,292.593,10.1003,10.14,10.166,54.734,2.10917,2.18357,19.0128,14.075,555.13,556.445,5.93284,5.92374,8.85053,9.49564,10.1885,8.09462,8.09462,1.0,1.0,1
101518,31.05.2024 11:22:48.050000,277.597,292.593,10.1003,10.14,10.166,54.734,2.10917,2.18357,19.0128,14.075,555.13,556.445,5.93284,5.92374,8.85053,9.49564,10.1885,8.09462,8.09462,1.0,1.0,1
101519,31.05.2024 11:22:48.060000,271.088,292.593,10.1003,10.14,10.163,56.2929,2.08493,2.19551,18.5388,14.5583,555.23,556.57,6.16411,6.14181,8.86426,9.35223,10.1885,8.10908,8.10908,1.0,1.0,1
101520,31.05.2024 11:22:48.070000,273.889,293.252,10.1433,10.113,10.127,57.9962,2.03934,2.17954,16.4775,17.7097,555.315,556.625,6.05528,6.00431,8.42642,9.18991,10.1893,7.96441,7.96441,1.0,1.0,1
101521,31.05.2024 11:22:48.080000,276.526,300.339,10.1433,10.127,10.125,57.9962,2.00725,2.14333,16.4775,17.7097,555.315,556.625,6.05528,6.00431,8.42642,9.18991,10.1893,7.96441,7.96441,1.0,1.0,1
101522,31.05.2024 11:22:48.090000,276.691,289.627,10.1623,10.093,10.147,59.4346,1.99574,2.14621,14.5446,13.6638,555.37,556.695,6.04707,6.1274,8.36991,9.00148,10.1894,8.70949,8.70949,1.0,1.0,1
101523,31.05.2024 11:22:48.100000,276.691,289.627,10.1623,10.093,10.147,59.4346,1.99574,2.14621,14.5446,13.6638,555.37,556.695,6.04707,6.1274,8.36991,9.00148,10.1894,8.70949,8.70949,1.0,1.0,1
101524,31.05.2024 11:22:48.110000,276.691,289.627,10.1772,10.093,10.147,60.6202,2.00141,2.14928,13.5544,10.7588,555.425,556.78,5.73625,5.98461,8.37584,8.91375,10.1894,8.70949,8.70949,1.0,1.0,1
101525,31.05.2024 11:22:48.120000,276.691,289.627,10.1772,10.093,10.147,60.6202,2.00141,2.14928,13.5544,10.7588,555.425,556.78,5.73625,5.98461,8.37584,8.91375,10.1894,8.70949,8.70949,1.0,1.0,1
101526,31.05.2024 11:22:48.130000,278.833,299.267,10.1199,10.095,10.149,61.4959,2.0509,2.13526,15.4526,15.9685,555.465,556.895,5.54897,5.98627,8.54064,8.89071,10.1903,8.77459,8.77459,1.0,1.0,1
101527,31.05.2024 11:22:48.140000,278.339,297.455,10.1524,10.151,10.169,62.372,2.0776,2.10637,17.4321,14.2903,555.53,556.945,5.25854,6.12994,8.77719,8.77843,10.1913,9.32436,9.32436,1.0,1.0,1
101528,31.05.2024 11:22:48.150000,278.339,297.455,10.1698,10.151,10.169,63.2535,2.07553,2.1261,15.7037,8.77881,555.575,557.005,5.108,6.24618,8.8948,8.74652,10.1919,10.2213,10.2213,1.0,1.0,1
101529,31.05.2024 11:22:48.160000,271.912,289.38,10.1698,10.154,10.179,63.2535,2.04926,2.16961,15.7037,8.77881,555.575,557.005,5.108,6.24618,8.8948,8.74652,10.1919,10.2213,10.2213,1.0,1.0,1
101530,31.05.2024 11:22:48.170000,273.312,295.724,10.1719,10.167,10.187,64.2938,2.04295,2.17424,16.4749,15.1551,555.645,557.075,4.97528,5.92522,8.60494,8.73336,10.1922,10.2213,10.2213,1.0,1.0,1
101531,31.05.2024 11:22:48.180000,273.312,295.724,10.1719,10.167,10.187,64.2938,2.04295,2.17424,16.4749,15.1551,555.645,557.075,4.97528,5.92522,8.60494,8.73336,10.1922,10.2213,10.2213,1.0,1.0,1
101532,31.05.2024 11:22:48.190000,273.312,295.724,10.1371,10.167,10.187,65.2019,2.0234,2.18095,17.5944,20.7315,555.705,557.18,5.03748,6.01869,8.46084,8.70339,10.1922,10.2213,10.2213,1.0,1.0,1
101533,31.05.2024 11:22:48.200000,274.466,296.548,10.1872,10.181,10.222,66.1716,2.01769,2.15986,15.4251,14.0657,555.755,557.23,5.11411,6.02165,8.50336,8.71889,10.1945,11.0749,11.0749,1.0,1.0,1
101534,31.05.2024 11:22:48.210000,272.983,296.548,10.1872,10.181,10.231,67.2288,2.0223,2.16255,14.1837,14.3505,555.805,557.31,5.17707,5.8278,8.29373,8.70196,10.1945,11.0749,11.0749,1.0,1.0,1
101535,31.05.2024 11:22:48.220000,272.983,296.548,10.1872,10.181,10.231,67.2288,2.0223,2.16255,14.1837,14.3505,555.805,557.31,5.17707,5.8278,8.29373,8.70196,10.1945,11.0749,11.0749,1.0,1.0,1
101536,31.05.2024 11:22:48.230000,277.762,292.099,10.2101,10.189,10.252,67.2288,2.03464,2.17283,14.1837,14.3505,555.805,557.31,5.24392,5.74137,8.10036,8.6422,10.1941,12.0949,12.0949,1.0,1.0,1
101537,31.05.2024 11:22:48.240000,277.762,292.099,10.2101,10.189,10.252,67.2288,2.03464,2.17283,14.1837,14.3505,555.805,557.31,5.24392,5.74137,8.10036,8.6422,10.1941,12.0949,12.0949,1.0,1.0,1
101538,31.05.2024 11:22:48.250000,274.713,295.395,10.2569,10.193,10.237,68.2928,2.09178,2.152,16.2377,21.0922,555.815,557.385,5.24392,5.74137,8.10036,8.6422,10.1957,11.6464,11.6464,1.0,1.0,1
101539,31.05.2024 11:22:48.260000,274.713,295.395,10.2569,10.193,10.237,68.2928,2.09178,2.152,16.2377,21.0922,555.815,557.385,5.24392,5.74137,8.10036,8.6422,10.1957,11.6464,11.6464,1.0,1.0,1
101540,31.05.2024 11:22:48.270000,273.559,295.56,10.2702,10.189,10.266,70.4999,2.10058,2.14627,19.6368,11.2212,555.885,557.575,5.00178,5.42904,8.30749,8.65627,10.197,12.5145,12.5145,1.0,1.0,1
101541,31.05.2024 11:22:48.280000,273.559,295.56,10.2702,10.189,10.266,70.4999,2.10058,2.14627,19.6368,11.2212,555.885,557.575,5.00178,5.42904,8.30749,8.65627,10.197,12.5145,12.5145,1.0,1.0,1
101542,31.05.2024 11:22:48.290000,274.054,304.211,10.2872,10.308,10.324,71.5516,2.05622,2.14363,18.9148,16.7854,555.935,557.665,4.83306,5.31112,8.47343,8.74006,10.1984,12.5145,12.5145,1.0,1.0,1
101543,31.05.2024 11:22:48.300000,274.054,304.211,10.2872,10.308,10.324,71.5516,2.05622,2.14363,18.9148,16.7854,555.935,557.665,4.83306,5.31112,8.47343,8.74006,10.1984,12.5145,12.5145,1.0,1.0,1
101544,31.05.2024 11:22:48.310000,275.372,285.095,10.3388,10.276,10.288,72.4891,2.02607,2.14728,17.16,19.5048,556.005,557.75,4.86232,5.16598,8.59488,8.77832,10.1993,14.2433,14.2433,1.0,1.0,1
101545,31.05.2024 11:22:48.320000,275.372,285.095,10.3388,10.276,10.288,72.4891,2.02607,2.14728,17.16,19.5048,556.005,557.75,4.86232,5.16598,8.59488,8.77832,10.1993,14.2433,14.2433,1.0,1.0,1
101546,31.05.2024 11:22:48.330000,255.679,285.837,10.3706,10.286,10.304,73.3062,2.02693,2.1291,17.2232,14.6578,556.11,557.845,4.98236,5.21948,8.50851,8.80449,10.2004,14.048,14.048,1.0,1.0,1
101547,31.05.2024 11:22:48.340000,251.642,288.803,10.3763,10.297,10.311,74.7159,2.04167,2.14108,16.1872,16.1897,556.125,557.99,5.32323,4.95439,8.05569,8.82778,10.2016,14.048,14.048,1.0,1.0,1
101548,31.05.2024 11:22:48.350000,232.196,269.934,10.3763,10.301,10.327,74.7159,2.06129,2.1397,16.1872,16.1897,556.125,557.99,5.32323,4.95439,8.05569,8.82778,10.2026,13.2812,13.2812,1.0,1.0,1
101549,31.05.2024 11:22:48.360000,232.196,236.069,10.4062,10.337,10.327,75.2864,2.06856,2.12715,17.7243,15.9326,556.165,558.075,5.25467,4.56306,7.91765,8.84298,10.2037,13.274,13.274,1.0,1.0,1
101550,31.05.2024 11:22:48.370000,232.196,236.069,10.4062,10.337,10.327,75.2864,2.06856,2.12715,17.7243,15.9326,556.165,558.075,5.25467,4.56306,7.91765,8.84298,10.2037,13.274,13.274,1.0,1.0,1
101551,31.05.2024 11:22:48.380000,228.158,236.069,10.4062,10.337,10.312,75.8457,2.06125,2.12325,18.2314,8.98243,556.185,558.205,5.09251,4.28359,8.11574,8.93032,10.2037,13.274,13.274,1.0,1.0,1
101552,31.05.2024 11:22:48.390000,228.158,236.069,10.4062,10.337,10.312,75.8457,2.06125,2.12325,18.2314,8.98243,556.185,558.205,5.09251,4.28359,8.11574,8.93032,10.2037,13.274,13.274,1.0,1.0,1
101553,31.05.2024 11:22:48.400000,221.237,235.821,10.4839,10.313,10.327,76.4395,2.02464,2.10684,15.792,14.5035,556.225,558.31,4.79159,4.43045,8.04522,9.02203,10.2057,13.7225,13.7225,1.0,1.0,1
101554,31.05.2024 11:22:48.410000,177.319,141.641,10.4826,10.409,10.326,77.0615,1.9588,2.10228,13.9039,12.5975,556.265,558.38,4.55275,4.37331,7.79991,9.02151,10.207,13.4766,13.4766,1.0,1.0,1
101555,31.05.2024 11:22:48.420000,177.319,141.641,10.4916,10.409,10.326,77.6201,1.95405,2.09851,12.7865,11.1183,556.32,558.465,4.49626,4.03662,7.78133,8.96021,10.207,13.4766,13.4766,1.0,1.0,1
101556,31.05.2024 11:22:48.430000,159.357,111.978,10.4916,10.388,10.374,77.6201,1.96747,2.09558,12.7865,11.1183,556.32,558.465,4.49626,4.03662,7.78133,8.96021,10.2075,13.4766,13.4766,1.0,1.0,1
101557,31.05.2024 11:22:48.440000,159.357,111.978,10.4916,10.388,10.374,77.6201,1.96747,2.09558,12.7865,11.1183,556.32,558.465,4.49626,4.03662,7.78133,8.96021,10.2075,13.4766,13.4766,1.0,1.0,1
101558,31.05.2024 11:22:48.450000,159.357,107.199,10.5007,10.387,10.374,77.9759,2.00614,2.1008,13.188,12.0286,556.33,558.54,4.24836,4.00921,7.6577,9.02556,10.2085,13.3247,13.3247,1.0,1.0,1
101559,31.05.2024 11:22:48.460000,106.787,103.821,10.5071,10.372,10.404,78.3079,2.06222,2.10447,15.6542,13.5642,556.36,558.62,3.87993,3.97399,7.41951,9.06583,10.2101,12.9268,12.9268,1.0,1.0,1
101560,31.05.2024 11:22:48.470000,106.787,103.821,10.5151,10.372,10.404,78.5706,2.07664,2.11038,17.2962,10.6141,556.39,558.675,3.60057,3.82933,7.22475,9.02196,10.2101,12.9196,12.9196,1.0,1.0,1
101561,31.05.2024 11:22:48.480000,106.787,103.821,10.5151,10.372,10.404,78.5706,2.07664,2.11038,17.2962,10.6141,556.39,558.675,3.60057,3.82933,7.22475,9.02196,10.2101,12.9196,12.9196,1.0,1.0,1
101562,31.05.2024 11:22:48.490000,102.502,92.2851,10.5151,10.453,10.453,78.5706,2.08669,2.12195,19.3376,12.529,556.39,558.785,3.1758,3.6248,6.97989,9.1208,10.2101,12.5289,12.5289,1.0,1.0,1
101563,31.05.2024 11:22:48.500000,102.502,92.2851,10.5151,10.453,10.453,78.5706,2.08669,2.12195,19.3376,12.529,556.39,558.785,3.1758,3.6248,6.97989,9.1208,10.2101,12.5289,12.5289,1.0,1.0,1
101564,31.05.2024 11:22:48.510000,86.1877,71.1914,10.524,10.44,10.425,78.9782,2.05636,2.11911,17.7237,15.0041,556.415,558.885,2.75032,3.45985,6.39334,9.0997,10.2115,12.2323,12.2323,1.0,1.0,1
101565,31.05.2024 11:22:48.520000,84.7046,-47.7081,10.5359,10.471,10.43,79.1185,2.00357,2.10976,15.2818,11.8307,556.46,558.915,2.32307,3.55321,6.03613,9.05087,10.2127,12.2251,12.2251,1.0,1.0,1
101566,31.05.2024 11:22:48.530000,48.2849,-47.7081,10.5359,10.471,10.448,79.2231,2.0022,2.10849,14.4309,12.2739,556.485,558.98,1.97401,3.36775,5.78714,9.09764,10.2127,12.2251,12.2251,1.0,1.0,1
101567,31.05.2024 11:22:48.540000,48.2849,-47.7081,10.5359,10.471,10.448,79.2231,2.0022,2.10849,14.4309,12.2739,556.485,558.98,1.97401,3.36775,5.78714,9.09764,10.2127,12.2251,12.2251,1.0,1.0,1
101568,31.05.2024 11:22:48.550000,17.7978,-65.8355,10.5304,10.403,10.429,79.2231,2.01184,2.10682,14.4309,12.2739,556.485,558.98,1.65109,3.1965,5.4689,9.04519,10.2134,12.5579,12.5579,1.0,1.0,1
101569,31.05.2024 11:22:48.560000,17.7978,-65.8355,10.5304,10.403,10.429,79.2231,2.01184,2.10682,14.4309,12.2739,556.485,558.98,1.65109,3.1965,5.4689,9.04519,10.2134,12.5579,12.5579,1.0,1.0,1
101570,31.05.2024 11:22:48.570000,0.0,-39.798,10.5383,10.342,10.449,79.2627,2.07511,2.09359,15.4512,12.4845,556.5,559.06,1.65109,3.1965,5.4689,9.04519,10.2145,12.5145,12.5145,1.0,1.0,1
101571,31.05.2024 11:22:48.580000,0.0,-39.798,10.5383,10.342,10.449,79.2627,2.07511,2.09359,15.4512,12.4845,556.5,559.06,1.65109,3.1965,5.4689,9.04519,10.2145,12.5145,12.5145,1.0,1.0,1
101572,31.05.2024 11:22:48.590000,-58.4198,-92.2851,10.4992,10.352,10.457,79.3237,2.10318,2.0976,17.7182,10.474,556.52,559.17,0.952305,2.9626,5.0962,8.93569,10.2158,11.9575,11.9575,1.0,1.0,1
101573,31.05.2024 11:22:48.600000,-65.5884,-102.997,10.5021,10.414,10.428,79.346,2.07393,2.10118,19.2273,11.9664,556.56,559.205,0.615105,2.84823,4.89595,8.81124,10.2175,11.9719,11.9719,1.0,1.0,1
101574,31.05.2024 11:22:48.610000,-83.8806,-102.997,10.5021,10.414,10.414,79.3883,2.04708,2.09902,16.7443,12.595,556.575,559.28,0.511029,2.63464,4.84196,8.67644,10.2175,11.9719,11.9719,1.0,1.0,1
101575,31.05.2024 11:22:48.620000,-85.8581,-148.068,10.4857,10.494,10.383,79.3883,2.02069,2.09683,16.7443,12.595,556.575,559.28,0.511029,2.63464,4.84196,8.67644,10.2184,11.9719,11.9719,1.0,1.0,1
101576,31.05.2024 11:22:48.630000,-85.8581,-148.068,10.4857,10.494,10.383,79.3883,2.02069,2.09683,16.7443,12.595,556.575,559.28,0.511029,2.63464,4.84196,8.67644,10.2184,11.9719,11.9719,1.0,1.0,1
101577,31.05.2024 11:22:48.640000,-85.8581,-148.068,10.4582,10.494,10.383,79.464,1.99784,2.0956,14.4029,10.361,556.585,559.335,0.299736,2.68609,4.99103,8.55967,10.2197,11.9141,11.9141,1.0,1.0,1
101578,31.05.2024 11:22:48.650000,-104.892,-162.57,10.4448,10.373,10.416,79.4564,1.98345,2.09427,11.3393,11.7619,556.605,559.375,0.046223,2.66006,4.97508,8.41647,10.2211,12.0732,12.0732,1.0,1.0,1
101579,31.05.2024 11:22:48.660000,-104.892,-162.57,10.4404,10.373,10.416,79.5684,2.00031,2.09328,13.8498,11.7096,556.63,559.4,-0.0127332,2.55576,4.70094,8.17964,10.2211,12.0732,12.0732,1.0,1.0,1
101580,31.05.2024 11:22:48.670000,-113.461,-171.304,10.4404,10.379,10.371,79.5684,2.02554,2.09297,13.8498,11.7096,556.63,559.4,-0.0127332,2.55576,4.70094,8.17964,10.2225,12.0732,12.0732,1.0,1.0,1
101581,31.05.2024 11:22:48.680000,-113.461,-171.304,10.4404,10.379,10.371,79.5684,2.02554,2.09297,13.8498,11.7096,556.63,559.4,-0.0127332,2.55576,4.70094,8.17964,10.2225,12.0732,12.0732,1.0,1.0,1
101582,31.05.2024 11:22:48.690000,-113.461,-169.739,10.4195,10.374,10.371,79.6369,2.07327,2.09561,15.7482,12.1813,556.625,559.435,-0.0442044,2.40054,4.57683,7.89732,10.2221,12.1166,12.1166,1.0,1.0,1
101583,31.05.2024 11:22:48.700000,-113.461,-169.739,10.4195,10.374,10.371,79.6369,2.07327,2.09561,15.7482,12.1813,556.625,559.435,-0.0442044,2.40054,4.57683,7.89732,10.2221,12.1166,12.1166,1.0,1.0,1
101584,31.05.2024 11:22:48.710000,-145.843,-165.536,10.4127,10.359,10.332,79.6909,2.09125,2.10175,18.0193,14.6967,556.63,559.485,-0.263096,2.22365,4.61536,7.74882,10.2229,12.0081,12.0081,1.0,1.0,1
101585,31.05.2024 11:22:48.720000,-148.727,-161.993,10.3917,10.328,10.3,79.7917,2.0447,2.1025,17.6373,14.2323,556.65,559.53,-0.348858,2.19469,4.8142,7.67622,10.2244,12.0081,12.0081,1.0,1.0,1
101586,31.05.2024 11:22:48.730000,-148.727,-161.993,10.3917,10.328,10.3,79.7917,2.0447,2.1025,17.6373,14.2323,556.65,559.53,-0.348858,2.19469,4.8142,7.67622,10.2244,12.0081,12.0081,1.0,1.0,1
101587,31.05.2024 11:22:48.740000,-145.514,-170.892,10.3823,10.29,10.297,79.8612,2.02158,2.1016,16.8242,11.6829,556.65,559.55,-0.403568,2.17268,4.88491,7.52135,10.2249,12.1673,12.1673,1.0,1.0,1
101588,31.05.2024 11:22:48.750000,-144.937,-176.413,10.3733,10.314,10.283,79.9011,1.9945,2.10036,15.0697,12.9759,556.65,559.595,-0.369407,2.0263,4.85706,7.35237,10.2252,12.0587,12.0587,1.0,1.0,1
101589,31.05.2024 11:22:48.760000,-144.937,-168.42,10.3626,10.353,10.283,79.8836,2.00527,2.09482,14.4798,14.4642,556.66,559.64,-0.269138,2.05272,4.87516,7.05678,10.2261,11.9575,11.9575,1.0,1.0,1
101590,31.05.2024 11:22:48.770000,-150.87,-168.42,10.3626,10.353,10.268,79.9065,2.02455,2.0914,13.8225,14.0085,556.66,559.675,-0.171211,1.90198,4.99013,6.92295,10.2261,11.9575,11.9575,1.0,1.0,1
101591,31.05.2024 11:22:48.780000,-147.656,-178.967,10.3502,10.303,10.268,79.9065,2.04517,2.09087,13.8225,14.0085,556.66,559.675,-0.171211,1.90198,4.99013,6.92295,10.2269,12.0298,12.0298,1.0,1.0,1
101592,31.05.2024 11:22:48.790000,-147.656,-178.967,10.3398,10.303,10.268,79.8758,2.07218,2.09197,15.9709,13.0361,556.665,559.69,-0.0582272,1.91329,5.221,6.80334,10.2274,12.2034,12.2034,1.0,1.0,1
101593,31.05.2024 11:22:48.800000,-147.656,-178.967,10.3398,10.303,10.268,79.8758,2.07218,2.09197,15.9709,13.0361,556.665,559.69,-0.0582272,1.91329,5.221,6.80334,10.2274,12.2034,12.2034,1.0,1.0,1
101594,31.05.2024 11:22:48.810000,-152.847,-171.387,10.3398,10.273,10.299,79.8758,2.10437,2.09664,17.5207,13.9652,556.665,559.72,-0.00527161,1.95329,5.42431,6.73615,10.2274,12.3626,12.3626,1.0,1.0,1
101595,31.05.2024 11:22:48.820000,-152.847,-171.387,10.3398,10.273,10.299,79.8758,2.10437,2.09664,17.5207,13.9652,556.665,559.72,-0.00527161,1.95329,5.42431,6.73615,10.2274,12.3626,12.3626,1.0,1.0,1
101596,31.05.2024 11:22:48.830000,-156.72,-177.319,10.3106,10.292,10.257,79.8912,2.11135,2.09854,18.3267,14.4894,556.675,559.78,0.0495418,1.7679,5.40003,6.65757,10.2281,12.3626,12.3626,1.0,1.0,1
101597,31.05.2024 11:22:48.840000,-151.941,-178.72,10.3169,10.28,10.287,79.9016,2.06633,2.10151,16.9126,10.321,556.67,559.815,0.169987,1.77123,5.47082,6.52873,10.229,12.6157,12.6157,1.0,1.0,1
101598,31.05.2024 11:22:48.850000,-151.941,-178.72,10.3169,10.28,10.287,79.9016,2.06633,2.10151,16.9126,10.321,556.67,559.815,0.169987,1.77123,5.47082,6.52873,10.229,12.6157,12.6157,1.0,1.0,1
101599,31.05.2024 11:22:48.860000,-155.566,-178.72,10.3169,10.28,10.284,79.9271,2.05261,2.10159,14.836,13.414,556.675,559.88,0.309738,1.9728,5.49499,6.43201,10.229,12.7242,12.7242,1.0,1.0,1
101600,31.05.2024 11:22:48.870000,-150.293,-170.151,10.3089,10.24,10.263,79.9645,2.04567,2.09832,15.271,14.2212,556.7,559.88,0.4833,2.08519,5.61629,6.28417,10.2304,12.623,12.623,0.0,1.0,1
101601,31.05.2024 11:22:48.880000,-156.39,-168.75,10.3089,10.223,10.242,79.9645,2.06115,2.09771,15.271,14.2212,556.7,559.88,0.4833,2.08519,5.61629,6.28417,10.2304,12.623,12.623,0.0,1.0,1
101602,31.05.2024 11:22:48.890000,-157.379,-171.057,10.3151,10.203,10.257,79.9717,2.07576,2.09834,15.2279,13.2863,556.675,559.875,0.600697,2.04592,5.74387,6.31192,10.2307,12.623,12.623,0.0,1.0,1
101603,31.05.2024 11:22:48.900000,-157.379,-171.057,10.2994,10.203,10.257,79.9955,2.08869,2.09908,15.6922,10.9019,556.675,559.89,0.679604,1.93912,5.63058,6.27331,10.2307,12.623,12.623,0.0,1.0,1
101604,31.05.2024 11:22:48.910000,-154.248,-173.776,10.2994,10.199,10.238,79.9955,2.09506,2.1021,15.6922,10.9019,556.675,559.89,0.679604,1.93912,5.63058,6.27331,10.2307,13.1655,13.1655,0.0,1.0,1
101605,31.05.2024 11:22:48.920000,-154.248,-173.776,10.2994,10.199,10.238,79.9955,2.09506,2.1021,15.6922,10.9019,556.675,559.89,0.679604,1.93912,5.63058,6.27331,10.2307,13.1655,13.1655,0.0,1.0,1
101606,31.05.2024 11:22:48.930000,-154.248,-174.683,10.2948,10.23,10.238,79.9503,2.09593,2.10557,15.4354,14.6799,556.675,559.925,0.809689,1.75887,5.58183,6.15061,10.2318,13.9612,13.9612,0.0,1.0,1
101607,31.05.2024 11:22:48.940000,-153.754,-172.375,10.3131,10.212,10.225,79.9428,2.07355,2.10408,15.6913,11.8782,556.67,559.96,0.867489,1.62504,5.56766,6.12362,10.2314,14.0697,14.0697,0.0,1.0,1
101608,31.05.2024 11:22:48.950000,-153.754,-172.375,10.3131,10.212,10.225,79.9428,2.07355,2.10408,15.6913,11.8782,556.67,559.96,0.867489,1.62504,5.56766,6.12362,10.2314,14.0697,14.0697,0.0,1.0,1
101609,31.05.2024 11:22:48.960000,-153.754,-172.375,10.3219,10.212,10.225,80.0153,2.05457,2.10391,14.9038,12.1304,556.67,559.97,0.894142,1.73746,5.35831,6.14542,10.2326,14.0697,14.0697,0.0,1.0,1
101610,31.05.2024 11:22:48.970000,-155.319,-171.469,10.3207,10.178,10.226,80.0088,2.03219,2.10797,12.9457,13.3822,556.65,559.985,0.841809,1.68017,5.21191,6.18139,10.2331,13.86,13.86,0.0,1.0,1
101611,31.05.2024 11:22:48.980000,-155.319,-171.469,10.3179,10.178,10.226,79.9978,2.03958,2.10966,12.6819,13.8393,556.645,560.0,0.828789,1.61882,5.01957,6.01733,10.2331,13.86,13.86,0.0,1.0,1
101612,31.05.2024 11:22:48.990000,-158.203,-175.259,10.3179,10.233,10.23,79.9978,2.05762,2.10965,12.6819,13.8393,556.645,560.0,0.828789,1.61882,5.01957,6.01733,10.2335,13.9685,13.9685,0.0,1.0,1
101613,31.05.2024 11:22:49.000000,-158.203,-176.907,10.3293,10.254,10.23,80.0038,2.09683,2.11029,12.8329,10.9879,556.63,560.015,0.728997,1.7395,4.84728,6.00374,10.2338,13.9685,13.9685,0.0,1.0,1
101614,31.05.2024 11:22:49.010000,-158.203,-176.907,10.3293,10.254,10.23,80.0038,2.09683,2.11029,12.8329,10.9879,556.63,560.015,0.728997,1.7395,4.84728,6.00374,10.2338,13.9685,13.9685,0.0,1.0,1
101615,31.05.2024 11:22:49.020000,-156.885,-176.907,10.3293,10.254,10.247,79.9349,2.11428,2.11039,14.2076,11.5606,556.625,560.02,0.70446,1.59881,4.64821,5.96102,10.2338,13.9685,13.9685,0.0,1.0,1
101616,31.05.2024 11:22:49.030000,-149.387,-180.286,10.3418,10.244,10.232,79.9236,2.12252,2.11225,14.7785,12.8234,556.625,560.035,0.621937,1.43633,4.46192,5.87134,10.2352,13.6646,13.6646,0.0,1.0,1
101617,31.05.2024 11:22:49.040000,-154.413,-180.533,10.3418,10.245,10.249,79.9236,2.10567,2.10894,14.7785,12.8234,556.625,560.035,0.621937,1.43633,4.46192,5.87134,10.2352,13.6646,13.6646,0.0,1.0,1
101618,31.05.2024 11:22:49.050000,-148.233,-181.851,10.3422,10.227,10.291,80.0057,2.087,2.10846,14.9996,13.0721,556.625,560.07,0.484848,1.37575,4.30361,5.80229,10.2356,13.6646,13.6646,0.0,1.0,1
101619,31.05.2024 11:22:49.060000,-148.233,-181.851,10.3569,10.227,10.291,80.006,2.06796,2.10776,13.0227,12.109,556.625,560.075,0.34737,1.40754,4.22166,5.77847,10.2356,13.6646,13.6646,0.0,1.0,1
101620,31.05.2024 11:22:49.070000,-158.368,-179.626,10.3569,10.243,10.302,80.006,2.05957,2.10627,13.0227,12.109,556.625,560.075,0.34737,1.40754,4.22166,5.77847,10.2367,13.9178,13.9178,0.0,1.0,1
101621,31.05.2024 11:22:49.080000,-158.368,-179.626,10.3569,10.243,10.302,80.006,2.05957,2.10627,13.0227,12.109,556.625,560.075,0.34737,1.40754,4.22166,5.77847,10.2367,13.9178,13.9178,0.0,1.0,1
101622,31.05.2024 11:22:49.090000,-158.368,-174.6,10.3705,10.265,10.302,79.9818,2.05996,2.1066,10.8917,12.6798,556.62,560.09,0.208264,1.38441,4.11153,5.77991,10.2374,13.9178,13.9178,0.0,1.0,1
101623,31.05.2024 11:22:49.100000,-158.368,-174.6,10.3705,10.265,10.302,79.9818,2.05996,2.1066,10.8917,12.6798,556.62,560.09,0.208264,1.38441,4.11153,5.77991,10.2374,13.9178,13.9178,0.0,1.0,1
101624,31.05.2024 11:22:49.110000,-151.776,-173.447,10.3614,10.243,10.259,80.0564,2.10151,2.10568,11.5528,13.162,556.605,560.1,0.222729,1.39475,4.08631,5.75622,10.2381,13.9251,13.9251,0.0,1.0,1
101625,31.05.2024 11:22:49.120000,-153.012,-177.402,10.3688,10.256,10.319,79.9378,2.16882,2.10778,14.177,12.3493,556.605,560.105,0.0849193,1.41314,4.15986,5.78208,10.2387,13.7153,13.7153,0.0,1.0,1
101626,31.05.2024 11:22:49.130000,-153.094,-177.649,10.3854,10.267,10.327,79.9388,2.17334,2.11389,15.9712,12.8129,556.605,560.1,0.130665,1.24735,4.05563,5.73705,10.2394,13.8672,13.8672,0.0,1.0,1
101627,31.05.2024 11:22:49.140000,-153.094,-177.649,10.3854,10.267,10.327,79.9388,2.17334,2.11389,15.9712,12.8129,556.605,560.1,0.130665,1.24735,4.05563,5.73705,10.2394,13.8672,13.8672,0.0,1.0,1
101628,31.05.2024 11:22:49.150000,-153.094,-177.649,10.3882,10.267,10.327,79.959,2.16946,2.11659,15.768,12.9466,556.61,560.11,0.135422,1.17416,4.07836,5.75653,10.2394,13.8672,13.8672,0.0,1.0,1
101629,31.05.2024 11:22:49.160000,-148.068,-177.402,10.3856,10.304,10.304,79.941,2.09637,2.11174,15.505,13.7833,556.6,560.12,0.12719,1.10328,4.17888,5.74647,10.2398,13.9757,13.9757,0.0,1.0,1
101630,31.05.2024 11:22:49.170000,-152.847,-177.402,10.3856,10.304,10.304,79.9825,2.06631,2.11204,13.8827,14.3837,556.595,560.16,0.170594,1.06099,4.13695,5.66903,10.2398,13.9757,13.9757,0.0,1.0,1
101631,31.05.2024 11:22:49.180000,-157.132,-168.091,10.3967,10.275,10.336,79.9825,2.04088,2.10944,13.8827,14.3837,556.595,560.16,0.170594,1.06099,4.13695,5.66903,10.2415,13.9178,13.9178,0.0,1.0,1
101632,31.05.2024 11:22:49.190000,-157.132,-168.091,10.3995,10.275,10.336,79.9819,2.02421,2.10656,10.6111,14.2825,556.58,560.145,0.163258,1.04438,4.11813,5.70531,10.2417,13.86,13.86,0.0,1.0,1
101633,31.05.2024 11:22:49.200000,-146.915,-170.892,10.3995,10.276,10.345,79.9819,2.03795,2.10228,10.6111,14.2825,556.58,560.145,0.163258,1.04438,4.11813,5.70531,10.2417,13.86,13.86,0.0,1.0,1
101634,31.05.2024 11:22:49.210000,-146.915,-170.892,10.3995,10.276,10.345,79.9819,2.03795,2.10228,10.6111,14.2825,556.58,560.145,0.163258,1.04438,4.11813,5.70531,10.2417,13.86,13.86,0.0,1.0,1
101635,31.05.2024 11:22:49.220000,-155.649,-174.023,10.4082,10.291,10.287,80.0034,2.06218,2.09883,9.84927,14.0528,556.58,560.14,0.228928,1.08785,4.14302,5.68192,10.2428,13.7587,13.7587,0.0,1.0,1
101636,31.05.2024 11:22:49.230000,-156.885,-174.435,10.4037,10.3,10.3,79.9913,2.12691,2.10154,11.3216,12.0,556.58,560.135,0.154381,0.970107,4.2217,5.73145,10.2436,13.6646,13.6646,0.0,1.0,1
101637,31.05.2024 11:22:49.240000,-156.885,-165.289,10.4141,10.281,10.3,80.0853,2.16683,2.10648,15.6346,12.9389,556.58,560.14,0.154122,0.863852,4.18792,5.80564,10.2444,13.6646,13.6646,0.0,1.0,1
101638,31.05.2024 11:22:49.250000,-152.353,-165.289,10.4141,10.281,10.302,80.0832,2.16979,2.11015,16.6237,16.4617,556.555,560.15,0.185234,0.732706,4.19095,5.72135,10.2444,13.6646,13.6646,0.0,1.0,1
101639,31.05.2024 11:22:49.260000,-153.918,-173.364,10.4272,10.301,10.311,80.0832,2.15825,2.11305,16.6237,16.4617,556.555,560.15,0.185234,0.732706,4.19095,5.72135,10.2453,13.3174,13.3174,0.0,1.0,1
101640,31.05.2024 11:22:49.270000,-153.918,-173.364,10.4272,10.301,10.311,80.0832,2.15825,2.11305,16.6237,16.4617,556.555,560.15,0.185234,0.732706,4.19095,5.72135,10.2453,13.3174,13.3174,0.0,1.0,1
101641,31.05.2024 11:22:49.280000,-153.918,-173.364,10.4237,10.301,10.311,80.1643,2.13525,2.11278,15.535,13.4888,556.56,560.165,0.164795,0.642214,4.1688,5.66856,10.2461,13.3102,13.3102,0.0,1.0,1
101642,31.05.2024 11:22:49.290000,-153.918,-173.364,10.4237,10.301,10.311,80.1643,2.13525,2.11278,15.535,13.4888,556.56,560.165,0.164795,0.642214,4.1688,5.66856,10.2461,13.3102,13.3102,0.0,1.0,1
101643,31.05.2024 11:22:49.300000,-151.364,-176.907,10.3904,10.329,10.313,80.1809,2.04846,2.10736,13.624,13.0402,556.54,560.175,0.0716479,0.772242,4.13381,5.61228,10.2475,13.3102,13.3102,0.0,1.0,1
101644,31.05.2024 11:22:49.310000,-154.001,-177.154,10.4104,10.339,10.331,80.1548,2.03109,2.10768,10.295,12.6515,556.545,560.16,-0.0226781,0.855292,4.11011,5.6503,10.248,13.5055,13.5055,0.0,1.0,1
101645,31.05.2024 11:22:49.320000,-154.001,-177.154,10.4104,10.339,10.331,80.1548,2.03109,2.10768,10.295,12.6515,556.545,560.16,-0.0226781,0.855292,4.11011,5.6503,10.248,13.5055,13.5055,0.0,1.0,1
101646,31.05.2024 11:22:49.330000,-154.001,-175.836,10.4291,10.304,10.331,80.1104,2.06617,2.10873,11.618,13.5479,556.55,560.145,-0.0681111,0.726988,4.11096,5.66071,10.2493,13.8093,13.8093,0.0,1.0,1
101647,31.05.2024 11:22:49.340000,-154.001,-175.836,10.4291,10.304,10.331,80.1104,2.06617,2.10873,11.618,13.5479,556.55,560.145,-0.0681111,0.726988,4.11096,5.66071,10.2493,13.8093,13.8093,0.0,1.0,1
101648,31.05.2024 11:22:49.350000,-155.072,-178.143,10.427,10.311,10.319,80.174,2.13381,2.11027,12.6448,12.39,556.545,560.14,0.019955,0.616553,4.04098,5.58696,10.2504,13.8093,13.8093,0.0,1.0,1
101649,31.05.2024 11:22:49.360000,-155.072,-178.143,10.427,10.311,10.319,80.174,2.13381,2.11027,12.6448,12.39,556.545,560.14,0.019955,0.616553,4.04098,5.58696,10.2504,13.8093,13.8093,0.0,1.0,1
101650,31.05.2024 11:22:49.370000,-154.001,-172.211,10.4026,10.359,10.315,80.084,2.19789,2.11812,14.1584,13.3216,556.52,560.14,0.153691,0.610697,4.03179,5.54975,10.2511,13.86,13.86,0.0,1.0,1
101651,31.05.2024 11:22:49.380000,-160.757,-179.956,10.4105,10.352,10.325,79.9546,2.18484,2.12105,16.8417,12.1799,556.5,560.135,0.0529063,0.565459,4.0503,5.5668,10.2517,14.0625,14.0625,0.0,1.0,1
101652,31.05.2024 11:22:49.390000,-160.757,-179.956,10.4105,10.352,10.325,79.9546,2.18484,2.12105,16.8417,12.1799,556.5,560.135,0.0529063,0.565459,4.0503,5.5668,10.2517,14.0625,14.0625,0.0,1.0,1
101653,31.05.2024 11:22:49.400000,-147.821,-175.095,10.4105,10.359,10.346,79.9546,2.16452,2.12133,14.1262,12.3922,556.5,560.14,0.0265163,0.555209,4.06017,5.49826,10.2527,14.0987,14.0987,0.0,1.0,1
101654,31.05.2024 11:22:49.410000,-155.649,-176.248,10.4044,10.36,10.359,80.0155,2.10247,2.11909,12.5303,13.0186,556.51,560.13,0.142815,0.687464,4.11621,5.42329,10.2539,14.3591,14.3591,0.0,1.0,1
101655,31.05.2024 11:22:49.420000,-150.293,-175.589,10.4138,10.331,10.349,80.0155,2.09489,2.1192,12.5303,13.0186,556.51,560.13,0.142815,0.687464,4.11621,5.42329,10.2542,14.6123,14.6123,0.0,1.0,1
101656,31.05.2024 11:22:49.430000,-150.293,-175.589,10.4262,10.331,10.349,80.0103,2.09806,2.11924,10.7593,14.0598,556.475,560.12,0.247395,0.667796,4.13283,5.37081,10.2552,14.5182,14.5182,0.0,1.0,1
101657,31.05.2024 11:22:49.440000,-156.885,-179.874,10.4262,10.303,10.332,80.0103,2.12482,2.11925,10.7593,14.0598,556.475,560.12,0.247395,0.667796,4.13283,5.37081,10.2552,14.5182,14.5182,0.0,1.0,1
101658,31.05.2024 11:22:49.450000,-152.682,-177.154,10.4337,10.287,10.351,80.0268,2.14519,2.11925,12.1069,11.7571,556.465,560.125,0.274807,0.652018,4.19013,5.27161,10.2562,14.5616,14.5616,0.0,1.0,1
101659,31.05.2024 11:22:49.460000,-152.682,-177.154,10.4337,10.287,10.351,80.0268,2.14519,2.11925,12.1069,11.7571,556.465,560.125,0.274807,0.652018,4.19013,5.27161,10.2562,14.5616,14.5616,0.0,1.0,1
101660,31.05.2024 11:22:49.470000,-152.682,-177.154,10.4057,10.287,10.351,80.0267,2.16058,2.12053,13.3415,12.5764,556.475,560.12,0.262509,0.75746,4.20558,5.35364,10.2562,14.5616,14.5616,0.0,1.0,1
101661,31.05.2024 11:22:49.480000,-154.33,-177.072,10.4077,10.292,10.34,80.0321,2.15589,2.12073,13.6199,11.9377,556.47,560.08,0.332722,0.82524,4.21271,5.24577,10.2576,14.2867,14.2867,0.0,1.0,1
101662,31.05.2024 11:22:49.490000,-154.413,-177.072,10.4077,10.292,10.315,80.0419,2.13849,2.11972,11.8209,14.4667,556.455,560.055,0.404492,0.675009,4.21869,5.26402,10.2576,14.2867,14.2867,0.0,1.0,1
101663,31.05.2024 11:22:49.500000,-144.443,-172.705,10.4294,10.308,10.32,80.0419,2.11481,2.1194,11.8209,14.4667,556.455,560.055,0.404492,0.675009,4.21869,5.26402,10.2583,13.9106,13.9106,0.0,1.0,1
101664,31.05.2024 11:22:49.510000,-144.443,-172.705,10.4294,10.308,10.32,80.0419,2.11481,2.1194,11.8209,14.4667,556.455,560.055,0.404492,0.675009,4.21869,5.26402,10.2583,13.9106,13.9106,0.0,1.0,1
101665,31.05.2024 11:22:49.520000,-144.443,-172.705,10.4272,10.308,10.32,80.0596,2.09099,2.1193,9.31289,11.1881,556.465,560.075,0.449187,0.443484,4.21905,5.25209,10.2592,13.9106,13.9106,0.0,1.0,1
101666,31.05.2024 11:22:49.530000,-144.443,-172.705,10.4272,10.308,10.32,80.0596,2.09099,2.1193,9.31289,11.1881,556.465,560.075,0.449187,0.443484,4.21905,5.25209,10.2592,13.9106,13.9106,0.0,1.0,1
101667,31.05.2024 11:22:49.540000,-150.705,-175.342,10.4131,10.332,10.366,80.0771,2.06849,2.1145,8.79365,13.6194,556.455,560.09,0.63982,0.658961,4.21338,5.13739,10.2598,13.9178,13.9178,0.0,1.0,1
101668,31.05.2024 11:22:49.550000,-153.259,-173.364,10.4104,10.339,10.344,80.1196,2.10152,2.11549,9.07101,12.404,556.46,560.07,0.691862,0.847292,4.24045,5.15984,10.2608,13.8166,13.8166,0.0,1.0,1
101669,31.05.2024 11:22:49.560000,-153.259,-173.776,10.4085,10.369,10.344,80.1004,2.15479,2.1184,10.7422,13.0378,556.45,560.055,0.715155,0.821326,4.18315,5.14316,10.261,13.6212,13.6212,0.0,1.0,1
101670,31.05.2024 11:22:49.570000,-146.75,-173.776,10.4085,10.369,10.359,80.1448,2.17822,2.12081,12.336,12.428,556.455,560.045,0.847967,0.896429,4.19389,5.1398,10.261,13.6212,13.6212,0.0,1.0,1
101671,31.05.2024 11:22:49.580000,-155.402,-178.308,10.4046,10.364,10.352,80.1448,2.19186,2.12125,12.336,12.428,556.455,560.045,0.847967,0.896429,4.19389,5.1398,10.2621,13.6212,13.6212,0.0,1.0,1
101672,31.05.2024 11:22:49.590000,-155.402,-178.308,10.4046,10.364,10.352,80.1448,2.19186,2.12125,12.336,12.428,556.455,560.045,0.847967,0.896429,4.19389,5.1398,10.2621,13.6212,13.6212,0.0,1.0,1
101673,31.05.2024 11:22:49.600000,-155.402,-178.308,10.4071,10.364,10.352,80.109,2.19531,2.12108,14.7286,12.3133,556.45,560.045,0.994223,0.923876,4.06514,5.23019,10.2631,13.3753,13.3753,0.0,1.0,1
101674,31.05.2024 11:22:49.610000,-155.402,-178.308,10.4071,10.364,10.352,80.109,2.19531,2.12108,14.7286,12.3133,556.45,560.045,0.994223,0.923876,4.06514,5.23019,10.2631,13.3753,13.3753,0.0,1.0,1
101675,31.05.2024 11:22:49.620000,-152.93,-178.72,10.4098,10.33,10.317,80.1866,2.15637,2.12383,11.9884,12.0088,556.455,560.045,1.12782,1.08144,4.06923,5.28288,10.2636,13.4187,13.4187,0.0,1.0,1
101676,31.05.2024 11:22:49.630000,-145.679,-164.383,10.4026,10.361,10.32,80.1999,2.12653,2.12255,12.3308,12.0252,556.47,560.05,1.22653,1.16249,4.15226,5.34172,10.2639,13.4187,13.4187,0.0,1.0,1
101677,31.05.2024 11:22:49.640000,-145.679,-173.199,10.3982,10.367,10.32,80.0951,2.13479,2.12123,10.1451,12.5927,556.47,560.04,1.60543,1.41725,4.15227,5.2689,10.2639,13.2162,13.2162,0.0,1.0,1
101678,31.05.2024 11:22:49.650000,-145.679,-173.199,10.3982,10.367,10.32,80.0951,2.13479,2.12123,10.1451,12.5927,556.47,560.04,1.60543,1.41725,4.15227,5.2689,10.2639,13.2162,13.2162,0.0,1.0,1
101679,31.05.2024 11:22:49.660000,-143.536,-173.199,10.3982,10.367,10.334,80.0795,2.15159,2.12115,11.69,14.2216,556.475,560.03,1.92003,1.52624,4.31601,5.24621,10.2639,12.9268,12.9268,0.0,1.0,1
101680,31.05.2024 11:22:49.670000,-153.012,-173.364,10.3992,10.35,10.334,80.0668,2.19208,2.12301,13.2884,12.5888,556.47,560.015,2.1053,1.52889,4.53571,5.23087,10.2655,12.9268,12.9268,0.0,1.0,1
101681,31.05.2024 11:22:49.680000,-152.023,-179.297,10.3992,10.3,10.34,80.0668,2.21955,2.12955,13.2884,12.5888,556.47,560.015,2.1053,1.52889,4.53571,5.23087,10.2655,12.9268,12.9268,0.0,1.0,1
101682,31.05.2024 11:22:49.690000,-153.094,-175.671,10.4024,10.284,10.308,80.0746,2.22033,2.13155,14.8706,11.9785,556.47,560.01,2.36031,1.51551,4.80284,5.24222,10.2658,12.7242,12.7242,0.0,1.0,1
101683,31.05.2024 11:22:49.700000,-153.094,-175.671,10.3899,10.284,10.308,80.0983,2.21189,2.13218,14.5914,12.4001,556.49,560.03,2.56557,1.58506,5.12283,5.20627,10.2658,12.7242,12.7242,0.0,1.0,1
101684,31.05.2024 11:22:49.710000,-157.544,-173.776,10.3899,10.247,10.279,80.0983,2.19361,2.13087,14.5914,12.4001,556.49,560.03,2.56557,1.58506,5.12283,5.20627,10.2664,12.7242,12.7242,0.0,1.0,1
101685,31.05.2024 11:22:49.720000,-157.544,-173.776,10.3899,10.247,10.279,80.0983,2.19361,2.13087,14.5914,12.4001,556.49,560.03,2.56557,1.58506,5.12283,5.20627,10.2664,12.7242,12.7242,0.0,1.0,1
101686,31.05.2024 11:22:49.730000,-157.544,-172.705,10.4015,10.282,10.279,80.1343,2.13919,2.12724,13.1027,14.1897,556.505,560.035,2.8322,1.83102,5.2834,5.19671,10.2674,12.5289,12.5289,0.0,1.0,1
101687,31.05.2024 11:22:49.740000,-149.634,-176.083,10.4127,10.325,10.303,80.1624,2.0947,2.12617,10.4061,12.7975,556.505,560.055,3.0737,1.96754,5.37626,5.18489,10.2681,12.6157,12.6157,0.0,1.0,1
101688,31.05.2024 11:22:49.750000,-149.634,-176.083,10.4127,10.325,10.303,80.1624,2.0947,2.12617,10.4061,12.7975,556.505,560.055,3.0737,1.96754,5.37626,5.18489,10.2681,12.6157,12.6157,0.0,1.0,1
101689,31.05.2024 11:22:49.760000,-149.634,-176.083,10.3985,10.325,10.303,80.1259,2.0877,2.12445,8.98449,12.5137,556.495,560.065,3.32137,2.04569,5.46655,5.14826,10.2687,12.6157,12.6157,0.0,1.0,1
101690,31.05.2024 11:22:49.770000,-155.319,-175.836,10.3799,10.287,10.347,80.1274,2.13199,2.12056,8.97186,11.2652,556.5,560.08,3.48036,2.41662,5.46039,5.09189,10.2698,12.8183,12.8183,0.0,1.0,1
101691,31.05.2024 11:22:49.780000,-155.319,-175.836,10.3799,10.287,10.347,80.1274,2.13199,2.12056,8.97186,11.2652,556.5,560.08,3.48036,2.41662,5.46039,5.09189,10.2698,12.8183,12.8183,0.0,1.0,1
101692,31.05.2024 11:22:49.790000,-155.319,-175.836,10.3899,10.287,10.347,80.073,2.15777,2.12117,9.48674,12.4388,556.5,560.085,3.54799,2.6019,5.48052,5.13257,10.2698,12.8183,12.8183,0.0,1.0,1
101693,31.05.2024 11:22:49.800000,-156.061,-175.424,10.4043,10.33,10.337,80.086,2.20627,2.12912,11.7534,12.093,556.49,560.085,3.57019,2.61516,5.4745,5.1238,10.2717,12.8255,12.8255,0.0,1.0,1
101694,31.05.2024 11:22:49.810000,-156.061,-175.424,10.4043,10.33,10.337,80.086,2.20627,2.12912,11.7534,12.093,556.49,560.085,3.57019,2.61516,5.4745,5.1238,10.2717,12.8255,12.8255,0.0,1.0,1
101695,31.05.2024 11:22:49.820000,-152.6,-175.424,10.4043,10.33,10.3,80.0813,2.20516,2.12785,12.8377,12.0803,556.475,560.075,3.46625,2.72446,5.46785,5.22652,10.2717,12.9702,12.9702,0.0,1.0,1
101696,31.05.2024 11:22:49.830000,-152.6,-175.424,10.4043,10.33,10.3,80.0813,2.20516,2.12785,12.8377,12.0803,556.475,560.075,3.46625,2.72446,5.46785,5.22652,10.2717,12.9702,12.9702,0.0,1.0,1
101697,31.05.2024 11:22:49.840000,-150.211,-166.36,10.394,10.323,10.297,80.0649,2.17176,2.12949,11.9193,10.0222,556.475,560.075,3.32736,2.71002,5.28603,5.3139,10.2731,12.6013,12.6013,0.0,1.0,1
101698,31.05.2024 11:22:49.850000,-150.211,-166.36,10.394,10.323,10.297,80.0649,2.17176,2.12949,11.9193,10.0222,556.475,560.075,3.32736,2.71002,5.28603,5.3139,10.2731,12.6013,12.6013,0.0,1.0,1
101699,31.05.2024 11:22:49.860000,-152.93,-178.226,10.3969,10.341,10.338,80.0658,2.11632,2.13024,8.86451,9.99197,556.45,560.065,3.01033,2.59594,5.05332,5.40423,10.2733,12.6013,12.6013,0.0,1.0,1
