,time,Pinceur Inf Mesure de courant,Pinceur Sup Mesure de courant,Mandrin - Vitesse Actuelle,Pinceur Sup Mesure vitesse lineaire,Pinceur Inf Mesure vitesse lineaire,Mandrin - Mesure Expansion,Pinceur Nord Position entrefer estimee,Pinceur Sud Position entrefer estimee,Pinceur Nord Force entrefer calibree,Pinceur Sud Force entrefer calibree,Guides Nord Entree Position mesuree,Guides Nord Sortie Position mesuree,Guides Nord Entree Force pour regulateur PI,Guides Nord Sortie Force pour regulateur PI,Guides Sud Entree Force pour regulateur PI,Guides Sud Sortie Force pour regulateur PI,Mandrin - Vitesse Actuelle F10,_Excentrage largeur bande jauge bob,_Excentrage largeur bande jauge bob.1,TDB pinceur,Fenetre,Declancheur
91200,31.05.2024 08:22:54.570000,74.3225,54.5471,11.0167,12.291,12.08,30.1906,2.8261,2.74887,21.3843,35.8363,690.54,692.025,7.0887,3.27386,0.232364,-0.0354777,10.4282,44.8712,44.8712,1.0,1.0,1
91201,31.05.2024 08:22:54.580000,74.3225,54.5471,11.0167,12.291,12.08,30.1593,2.8261,2.74887,21.3843,35.8363,689.715,691.135,6.43305,3.63953,0.231981,-0.106034,10.4283,44.8712,44.8712,1.0,1.0,1
91202,31.05.2024 08:22:54.590000,74.3225,54.5471,11.0167,12.291,12.08,30.1593,2.8261,2.74887,21.3843,35.8363,689.715,691.135,6.43305,3.63953,0.231981,-0.106034,10.4283,44.8712,44.8712,1.0,1.0,1
91203,31.05.2024 08:22:54.600000,79.6783,50.2624,11.0607,12.316,12.032,30.1652,2.95248,2.89189,37.1064,52.1552,688.93,690.3,5.42406,3.01555,0.37173,0.0205678,10.4283,45.5368,45.5368,1.0,1.0,1
91204,31.05.2024 08:22:54.610000,79.6783,50.2624,11.0607,12.316,12.032,30.1652,2.95248,2.89189,37.1064,52.1552,688.93,690.3,5.42406,3.01555,0.37173,0.0205678,10.4283,45.5368,45.5368,1.0,1.0,1
91205,31.05.2024 08:22:54.620000,83.0566,73.9929,11.0601,12.163,11.918,30.0788,2.92479,2.95033,38.9625,48.0438,686.385,687.78,6.12377,3.34222,0.188856,-0.0627452,10.4299,45.761,45.761,1.0,1.0,1
91206,31.05.2024 08:22:54.630000,90.9668,117.334,11.0516,12.042,11.786,30.2179,2.57174,2.67729,32.7129,37.8311,684.665,686.16,6.5767,3.16984,0.135711,-0.0991068,10.4308,45.761,45.761,1.0,1.0,1
91207,31.05.2024 08:22:54.640000,100.607,117.334,11.0923,11.96,11.786,30.1259,2.57174,2.67729,32.7129,37.8311,683.825,685.285,6.51007,3.18332,0.156663,-0.18937,10.4308,45.3631,45.3631,1.0,1.0,1
91208,31.05.2024 08:22:54.650000,127.386,140.735,11.0141,12.023,11.759,30.1396,2.47889,2.47475,19.3047,26.9975,682.185,683.655,6.0354,3.21396,0.201026,-0.151307,10.4318,46.6725,46.6725,1.0,1.0,1
91209,31.05.2024 08:22:54.660000,127.386,140.735,11.0141,12.023,11.759,30.1396,2.47889,2.47475,19.3047,26.9975,682.185,683.655,6.0354,3.21396,0.201026,-0.151307,10.4318,46.6725,46.6725,1.0,1.0,1
91210,31.05.2024 08:22:54.670000,127.386,140.735,11.0141,12.023,11.759,30.1396,2.38953,2.30328,15.3202,9.49253,681.365,682.855,6.26139,3.67216,0.12424,-0.126866,10.4326,47.2801,47.2801,1.0,1.0,1
91211,31.05.2024 08:22:54.680000,148.48,152.847,11.0622,12.004,11.654,30.1108,2.34514,2.1588,10.779,1.937,679.63,681.125,6.37386,4.36711,0.276712,-0.00299937,10.4343,47.2801,47.2801,1.0,1.0,1
91212,31.05.2024 08:22:54.690000,148.48,152.847,11.0622,12.004,11.654,30.1108,2.34514,2.1588,10.779,1.937,679.63,681.125,6.37386,4.36711,0.276712,-0.00299937,10.4343,47.2801,47.2801,1.0,1.0,1
91213,31.05.2024 08:22:54.700000,175.836,203.11,11.0576,11.899,11.511,30.1182,2.34514,2.1588,10.779,1.937,677.995,679.495,6.43456,4.21191,0.282363,-0.0388346,10.4353,47.3958,47.3958,1.0,1.0,1
91214,31.05.2024 08:22:54.710000,175.836,203.11,11.0576,11.899,11.511,30.1182,2.34514,2.1588,10.779,1.937,677.995,679.495,6.43456,4.21191,0.282363,-0.0388346,10.4353,47.3958,47.3958,1.0,1.0,1
91215,31.05.2024 08:22:54.720000,225.934,344.751,11.059,11.769,11.459,30.1435,2.36569,2.1925,11.2799,4.05507,676.315,677.775,6.3779,4.30383,0.282451,-0.059907,10.4367,47.3958,47.3958,1.0,1.0,1
91216,31.05.2024 08:22:54.730000,225.934,344.751,11.059,11.769,11.459,30.1435,2.36569,2.1925,11.2799,4.05507,676.315,677.775,6.3779,4.30383,0.282451,-0.059907,10.4367,47.3958,47.3958,1.0,1.0,1
91217,31.05.2024 08:22:54.740000,300.998,396.002,11.0152,11.775,11.434,30.1901,2.43042,2.3071,10.7427,7.93157,673.79,675.27,6.40971,3.88604,0.171388,-0.154817,10.4375,43.4245,43.4245,1.0,1.0,1
91218,31.05.2024 08:22:54.750000,326.623,410.504,11.0981,11.717,11.342,30.1452,2.45516,2.42471,15.0095,16.6791,672.11,673.58,6.54505,3.36775,0.128929,-0.0278102,10.4384,42.3828,42.3828,1.0,1.0,1
91219,31.05.2024 08:22:54.760000,326.623,410.504,11.0981,11.717,11.342,30.1452,2.47907,2.51624,15.341,23.7663,671.275,672.71,6.42213,3.11571,0.181405,0.0419073,10.4394,42.3828,42.3828,1.0,1.0,1
91220,31.05.2024 08:22:54.770000,355.957,465.051,11.0618,11.59,11.356,30.1244,2.47907,2.51624,15.341,23.7663,669.555,671.02,6.14578,3.27735,0.127096,0.0753278,10.4396,41.616,41.616,1.0,1.0,1
91221,31.05.2024 08:22:54.780000,373.508,503.943,11.0574,11.595,11.273,30.1988,2.47686,2.53995,18.1612,25.2968,668.745,670.23,5.90671,2.98742,0.106325,0.0445661,10.4396,39.5182,39.5182,1.0,1.0,1
91222,31.05.2024 08:22:54.790000,373.508,503.943,11.0574,11.595,11.273,30.1988,2.47686,2.53995,18.1612,25.2968,667.895,669.45,5.93441,3.12689,0.172718,0.0740461,10.4411,39.5182,39.5182,1.0,1.0,1
91223,31.05.2024 08:22:54.800000,397.156,510.782,11.0308,11.714,11.296,30.1298,2.50381,2.53099,18.4238,26.2078,667.09,668.59,5.95381,3.24687,0.124484,0.0252942,10.4411,39.5182,39.5182,1.0,1.0,1
91224,31.05.2024 08:22:54.810000,419.238,522.07,11.0534,11.69,11.271,30.1073,2.49865,2.48069,17.8301,23.1999,665.41,666.81,5.55668,3.17946,0.157243,0.0465955,10.4414,37.3843,37.3843,1.0,1.0,1
91225,31.05.2024 08:22:54.820000,419.238,522.07,11.0534,11.69,11.271,30.1073,2.49865,2.48069,17.8301,23.1999,664.55,665.975,5.60483,3.17915,0.214939,0.0622167,10.4422,37.3843,37.3843,1.0,1.0,1
91226,31.05.2024 08:22:54.830000,425.83,541.269,11.0287,11.667,11.339,30.0657,2.46238,2.39389,19.019,15.3587,663.785,665.145,5.86413,3.22715,0.199233,0.122165,10.4422,35.4745,35.4745,1.0,1.0,1
91227,31.05.2024 08:22:54.840000,425.83,541.269,11.0287,11.667,11.339,30.0657,2.46238,2.39389,19.019,15.3587,663.785,665.145,5.86413,3.22715,0.199233,0.122165,10.4422,35.4745,35.4745,1.0,1.0,1
91228,31.05.2024 08:22:54.850000,425.83,570.932,11.0287,11.667,11.278,30.0657,2.4169,2.33362,15.8324,11.4093,662.945,664.375,5.96041,3.36666,0.213584,0.0758886,10.4426,33.7312,33.7312,1.0,1.0,1
91229,31.05.2024 08:22:54.860000,451.785,556.265,11.0665,11.766,11.328,30.1084,2.38293,2.27876,16.1164,9.84143,660.41,661.875,6.43972,3.36814,0.166665,-0.0341769,10.4429,31.8721,31.8721,1.0,1.0,1
91230,31.05.2024 08:22:54.870000,451.785,556.265,11.0665,11.766,11.328,30.1084,2.38293,2.27876,16.1164,9.84143,660.41,661.875,6.43972,3.36814,0.166665,-0.0341769,10.4435,31.8504,31.8504,1.0,1.0,1
91231,31.05.2024 08:22:54.880000,451.785,545.553,11.0686,11.766,11.282,30.1084,2.37561,2.2781,13.6485,7.16775,659.595,661.04,6.4894,3.39668,0.145147,0.0963697,10.4426,33.7312,33.7312,1.0,1.0,1
91232,31.05.2024 08:22:54.890000,477.905,578.348,11.0749,11.574,11.306,29.998,2.38596,2.29482,12.1289,7.68043,657.16,658.51,5.86171,3.02071,0.162185,0.00672048,10.4437,30.5628,30.5628,1.0,1.0,1
91233,31.05.2024 08:22:54.900000,477.905,578.348,11.0749,11.574,11.306,29.998,2.38596,2.29482,12.1289,7.68043,656.29,657.695,6.3537,3.18594,0.118364,-0.0514765,10.4442,30.5628,30.5628,1.0,1.0,1
91234,31.05.2024 08:22:54.910000,486.639,578.1,11.0452,11.57,11.303,29.9807,2.39358,2.33944,13.6571,11.3482,655.485,656.905,6.27983,3.33248,-0.00036484,-0.110082,10.4442,29.6658,29.6658,1.0,1.0,1
91235,31.05.2024 08:22:54.920000,486.639,578.1,11.0452,11.57,11.303,29.9807,2.40523,2.37143,13.7251,14.0147,654.625,656.095,6.38519,3.24345,0.0267214,-0.0886012,10.4449,29.6658,29.6658,1.0,1.0,1
91236,31.05.2024 08:22:54.930000,493.066,564.752,11.0903,11.685,11.304,29.9944,2.40523,2.37143,13.7251,14.0147,653.01,654.445,6.27745,3.79017,-0.00713593,-0.104886,10.4453,29.6658,29.6658,1.0,1.0,1
91237,31.05.2024 08:22:54.940000,502.46,546.46,11.0855,11.645,11.345,30.0364,2.41242,2.39195,15.2768,15.9366,652.165,653.6,6.49623,3.90221,0.00628036,-0.0378695,10.4453,28.2914,28.2914,1.0,1.0,1
91238,31.05.2024 08:22:54.950000,502.46,546.46,11.0855,11.645,11.345,30.0364,2.41242,2.39195,15.2768,15.9366,651.315,652.79,6.67987,4.2855,-0.00881439,-0.0534182,10.4461,28.2914,28.2914,1.0,1.0,1
91239,31.05.2024 08:22:54.960000,512.594,529.733,11.0954,11.621,11.32,30.0611,2.41511,2.39753,15.0473,15.717,650.46,651.93,6.70155,4.45311,-0.140292,-0.00775629,10.4461,27.3799,27.3799,1.0,1.0,1
91240,31.05.2024 08:22:54.970000,530.392,484.003,11.1012,11.667,11.365,30.12,2.40097,2.3821,15.5046,15.0769,648.815,650.315,6.41818,4.50833,-0.0905424,-0.047349,10.4458,27.3582,27.3582,1.0,1.0,1
91241,31.05.2024 08:22:54.980000,530.392,484.003,11.1012,11.667,11.365,30.12,2.40097,2.3821,15.5046,15.0769,648.035,649.515,5.90344,4.1148,0.0144305,0.0158033,10.4475,27.3582,27.3582,1.0,1.0,1
91242,31.05.2024 08:22:54.990000,514.242,481.036,11.0777,11.679,11.353,30.0935,2.38184,2.35095,14.6022,13.9621,647.195,648.71,5.98041,4.15876,-0.00046593,0.0186605,10.4475,27.351,27.351,1.0,1.0,1
91243,31.05.2024 08:22:55.000000,514.242,481.036,11.0777,11.679,11.353,30.0935,2.37025,2.32616,14.221,13.396,646.34,647.88,5.98921,4.63362,0.0180296,0.109744,10.447,27.351,27.351,1.0,1.0,1
91244,31.05.2024 08:22:55.010000,505.755,445.688,11.1184,11.644,11.412,30.191,2.37025,2.32616,14.221,13.396,644.7,646.245,5.9772,4.54232,0.0911211,0.0691442,10.4488,27.3004,27.3004,1.0,1.0,1
91245,31.05.2024 08:22:55.020000,505.755,445.688,11.1184,11.644,11.412,30.191,2.37025,2.32616,14.221,13.396,644.7,646.245,5.9772,4.54232,0.0911211,0.0691442,10.4488,27.3004,27.3004,1.0,1.0,1
91246,31.05.2024 08:22:55.030000,481.531,428.714,11.1184,11.647,11.427,30.2081,2.36988,2.31129,13.3179,10.5717,643.88,645.435,5.82413,4.72784,0.0989432,0.0710821,10.4488,28.0744,28.0744,1.0,1.0,1
91247,31.05.2024 08:22:55.040000,481.531,428.714,11.1184,11.647,11.427,30.2081,2.36988,2.31129,13.3179,10.5717,643.88,645.435,5.82413,4.72784,0.0989432,0.0710821,10.4488,28.0744,28.0744,1.0,1.0,1
91248,31.05.2024 08:22:55.050000,486.31,401.605,11.1252,11.62,11.468,30.1554,2.37374,2.31041,14.0863,10.7668,641.345,642.95,5.68184,4.96531,0.10326,-0.00642878,10.4489,28.2118,28.2118,1.0,1.0,1
91249,31.05.2024 08:22:55.060000,486.31,401.605,11.1252,11.62,11.468,30.1554,2.37374,2.31041,14.0863,10.7668,641.345,642.95,5.68184,4.96531,0.10326,-0.00642878,10.4489,28.2118,28.2118,1.0,1.0,1
91250,31.05.2024 08:22:55.070000,424.347,379.687,11.1674,11.663,11.469,30.1616,2.37708,2.32004,14.3923,11.8241,639.715,641.3,5.51145,5.46044,0.111835,-0.0198489,10.4502,27.4016,27.4016,1.0,1.0,1
91251,31.05.2024 08:22:55.080000,416.107,331.567,11.1303,11.699,11.493,30.1583,2.37635,2.33354,14.5621,11.5887,637.215,638.875,5.69821,5.22997,0.0634665,-0.0103312,10.4508,27.4016,27.4016,1.0,1.0,1
91252,31.05.2024 08:22:55.090000,396.332,331.567,11.1399,11.621,11.493,30.1642,2.37635,2.33354,14.5621,11.5887,636.375,638.015,5.82197,5.35801,0.0488181,0.00321859,10.4515,27.4016,27.4016,1.0,1.0,1
91253,31.05.2024 08:22:55.100000,396.332,331.567,11.1399,11.621,11.493,30.1642,2.37635,2.33354,14.5621,11.5887,636.375,638.015,5.82197,5.35801,0.0488181,0.00321859,10.4515,27.4016,27.4016,1.0,1.0,1
91254,31.05.2024 08:22:55.110000,375.815,312.286,11.182,11.565,11.456,30.173,2.37127,2.33627,14.8324,12.1293,635.555,637.215,5.88002,5.35358,0.188579,0.0143995,10.4515,26.9893,26.9893,1.0,1.0,1
91255,31.05.2024 08:22:55.120000,375.815,312.286,11.182,11.565,11.456,30.173,2.37127,2.33627,14.8324,12.1293,635.555,637.215,5.88002,5.35358,0.188579,0.0143995,10.4515,26.9893,26.9893,1.0,1.0,1
91256,31.05.2024 08:22:55.130000,340.796,298.691,11.1469,11.647,11.479,30.0896,2.36746,2.336,14.5693,12.5113,633.09,634.73,5.23795,5.14948,-0.0162016,-0.079381,10.4519,26.331,26.331,1.0,1.0,1
91257,31.05.2024 08:22:55.140000,340.796,298.691,11.1469,11.647,11.479,30.0896,2.36746,2.336,14.5693,12.5113,633.09,634.73,5.23795,5.14948,-0.0162016,-0.079381,10.4519,26.331,26.331,1.0,1.0,1
91258,31.05.2024 08:22:55.150000,319.949,293.335,11.1559,11.594,11.449,30.1686,2.3646,2.33271,13.5082,12.0698,631.45,633.13,5.22066,5.28788,-0.0926538,-0.101625,10.4535,26.331,26.331,1.0,1.0,1
91259,31.05.2024 08:22:55.160000,319.949,293.335,11.1559,11.594,11.449,30.1686,2.3646,2.33271,13.5082,12.0698,631.45,633.13,5.22066,5.28788,-0.0926538,-0.101625,10.4535,26.331,26.331,1.0,1.0,1
91260,31.05.2024 08:22:55.170000,313.934,297.702,11.1837,11.569,11.457,30.1702,2.37207,2.32625,14.8871,12.7521,629.05,630.705,5.69423,6.31286,-0.0300546,-0.0996905,10.4541,23.6907,23.6907,1.0,1.0,1
91261,31.05.2024 08:22:55.180000,313.934,297.702,11.1837,11.569,11.457,30.1702,2.37207,2.32625,14.8871,12.7521,629.05,630.705,5.69423,6.31286,-0.0300546,-0.0996905,10.4541,23.6907,23.6907,1.0,1.0,1
91262,31.05.2024 08:22:55.190000,316.489,293.747,11.1626,11.482,11.43,30.2377,2.37521,2.32837,13.6365,11.452,627.42,628.985,6.79002,6.35068,-0.10203,-0.0999385,10.4556,23.6907,23.6907,1.0,1.0,1
91263,31.05.2024 08:22:55.200000,309.155,304.706,11.1736,11.533,11.389,30.1906,2.36872,2.32728,14.5405,11.3885,624.91,626.465,7.10961,4.92021,-0.0488077,-0.301339,10.4561,22.4826,22.4826,1.0,1.0,1
91264,31.05.2024 08:22:55.210000,315.253,304.623,11.1831,11.473,11.369,30.1906,2.36235,2.32534,14.98,11.2007,624.11,625.675,6.89223,4.42922,0.0543436,-0.221021,10.4567,20.9057,20.9057,1.0,1.0,1
91265,31.05.2024 08:22:55.220000,315.253,304.623,11.1831,11.473,11.369,30.1906,2.36235,2.32534,14.98,11.2007,624.11,625.675,6.89223,4.42922,0.0543436,-0.221021,10.4567,20.9057,20.9057,1.0,1.0,1
91266,31.05.2024 08:22:55.230000,315.253,304.623,11.1831,11.473,11.369,30.2584,2.35222,2.32214,14.8338,9.93685,623.28,624.84,6.24359,4.21108,0.164363,-0.181844,10.4578,19.1768,19.1768,1.0,1.0,1
91267,31.05.2024 08:22:55.240000,315.253,304.623,11.1831,11.473,11.369,30.2584,2.35222,2.32214,14.8338,9.93685,623.28,624.84,6.24359,4.21108,0.164363,-0.181844,10.4578,19.1768,19.1768,1.0,1.0,1
91268,31.05.2024 08:22:55.250000,309.485,295.477,11.1791,11.424,11.355,30.4894,2.34423,2.31421,14.0103,10.5975,621.63,623.245,6.05481,4.83978,0.167472,-0.0632907,10.4577,19.1768,19.1768,1.0,1.0,1
91269,31.05.2024 08:22:55.260000,317.807,300.751,11.2092,11.418,11.325,31.6962,2.34384,2.3084,13.6439,9.29887,619.135,620.925,6.11023,5.39495,0.224962,0.00102895,10.4592,17.8313,17.8313,1.0,1.0,1
91270,31.05.2024 08:22:55.270000,317.807,300.751,11.2092,11.418,11.325,31.6962,2.34384,2.3084,13.6439,9.29887,618.325,620.145,5.86818,7.45237,0.170871,-0.0959139,10.4591,17.8313,17.8313,1.0,1.0,1
91271,31.05.2024 08:22:55.280000,318.384,308.414,11.2074,11.441,11.295,32.6856,2.34466,2.30323,14.1337,9.34866,617.49,619.37,5.58481,7.94667,0.214549,-0.117993,10.4591,16.9777,16.9777,1.0,1.0,1
91272,31.05.2024 08:22:55.290000,310.721,303.47,11.1901,11.357,11.281,33.7486,2.34857,2.29968,13.8869,10.6671,615.835,617.785,5.49305,8.73692,0.155954,-0.164624,10.4599,16.9633,16.9633,1.0,1.0,1
91273,31.05.2024 08:22:55.300000,310.721,303.47,11.1901,11.357,11.281,33.7486,2.34857,2.29968,13.8869,10.6671,614.985,616.96,5.45352,9.37935,0.159568,-0.200509,10.4603,16.9633,16.9633,1.0,1.0,1
91274,31.05.2024 08:22:55.310000,310.721,303.47,11.1901,11.357,11.281,33.7486,2.34857,2.29968,13.8869,10.6671,614.985,616.96,5.45352,9.37935,0.159568,-0.200509,10.4603,16.9633,16.9633,1.0,1.0,1
91275,31.05.2024 08:22:55.320000,317.807,296.219,11.1924,11.344,11.183,34.9322,2.34678,2.29862,14.3485,10.2262,614.19,616.175,5.27004,9.93394,0.272142,-0.188733,10.4603,15.5816,15.5816,1.0,1.0,1
91276,31.05.2024 08:22:55.330000,323.657,301.739,11.2722,11.424,11.147,36.1249,2.34199,2.29823,14.1179,9.92322,611.715,613.895,5.29197,10.6736,0.304727,-0.0430537,10.4618,13.5634,13.5634,1.0,1.0,1
91277,31.05.2024 08:22:55.340000,323.657,301.739,11.2722,11.424,11.147,36.1249,2.34199,2.29823,14.1179,9.92322,611.715,613.895,5.29197,10.6736,0.304727,-0.0430537,10.4618,13.5634,13.5634,1.0,1.0,1
91278,31.05.2024 08:22:55.350000,318.054,302.399,11.2722,11.413,11.096,37.3954,2.33272,2.29706,13.8181,10.2782,610.875,613.17,5.25818,11.6694,0.22261,-0.0246707,10.4618,11.8851,11.8851,1.0,1.0,1
91279,31.05.2024 08:22:55.360000,318.054,302.399,11.2722,11.413,11.096,37.3954,2.33272,2.29706,13.8181,10.2782,610.875,613.17,5.25818,11.6694,0.22261,-0.0246707,10.4618,11.8851,11.8851,1.0,1.0,1
91280,31.05.2024 08:22:55.370000,307.59,306.106,11.1829,11.367,11.033,38.7159,2.32775,2.29789,13.3126,10.1351,608.425,611.095,4.08214,14.68,0.271282,0.573113,10.4622,11.8634,11.8634,1.0,1.0,1
91281,31.05.2024 08:22:55.380000,318.384,299.35,11.1854,11.352,11.016,40.1241,2.31502,2.29356,13.3344,10.4935,606.86,609.665,4.77761,18.0653,1.63368,3.39818,10.4638,12.0443,12.0443,1.0,1.0,1
91282,31.05.2024 08:22:55.390000,320.196,307.837,11.1369,11.319,10.936,41.5898,2.31202,2.28854,13.3532,9.7783,606.115,608.98,4.23513,19.8631,3.31992,6.68747,10.4638,12.5362,12.5362,1.0,1.0,1
91283,31.05.2024 08:22:55.400000,320.196,307.837,11.1369,11.319,10.936,41.5898,2.3049,2.28545,12.8869,9.62871,605.44,608.26,-3.75016,11.6965,3.8992,7.66886,10.4647,12.5362,12.5362,1.0,1.0,1
91284,31.05.2024 08:22:55.410000,320.196,307.837,11.1369,11.319,10.936,41.5898,2.3049,2.28545,12.8869,9.62871,605.44,608.26,-3.75016,11.6965,3.8992,7.66886,10.4647,12.5362,12.5362,1.0,1.0,1
91285,31.05.2024 08:22:55.420000,310.062,306.271,11.0631,11.349,10.839,43.0455,2.3049,2.28545,12.8869,9.62871,606.085,608.895,-9.45717,4.19917,4.44516,8.31567,10.4659,12.5362,12.5362,1.0,1.0,1
91286,31.05.2024 08:22:55.430000,310.062,306.271,11.0631,11.349,10.839,43.0455,2.3049,2.28545,12.8869,9.62871,606.085,608.895,-9.45717,4.19917,4.44516,8.31567,10.4659,12.5362,12.5362,1.0,1.0,1
91287,31.05.2024 08:22:55.440000,323.987,298.691,11.0795,11.299,10.74,44.4692,2.2878,2.2749,11.9108,9.37037,605.865,608.725,3.58876,18.2819,6.73967,10.779,10.4658,12.5362,12.5362,1.0,1.0,1
91288,31.05.2024 08:22:55.450000,313.605,299.844,10.9949,11.336,10.771,47.2406,2.27208,2.26383,11.53,9.00132,606.03,608.72,2.35541,10.6938,7.88397,11.9522,10.4675,12.5145,12.5145,1.0,1.0,1
91289,31.05.2024 08:22:55.460000,313.605,299.844,10.9949,11.336,10.771,47.2406,2.27208,2.26383,11.53,9.00132,605.92,608.72,6.09591,11.696,8.24393,11.8495,10.4671,12.5145,12.5145,1.0,1.0,1
91290,31.05.2024 08:22:55.470000,325.387,300.668,10.9924,11.299,10.691,48.6569,2.26326,2.25149,10.8382,7.05698,605.83,608.59,7.43169,14.0837,8.44874,11.5182,10.4671,12.5145,12.5145,1.0,1.0,1
91291,31.05.2024 08:22:55.480000,325.387,300.668,10.9924,11.299,10.691,48.6569,2.26662,2.24993,10.7009,7.85226,605.87,608.585,7.68762,11.73,8.23706,11.1128,10.4687,12.5145,12.5145,1.0,1.0,1
91292,31.05.2024 08:22:55.490000,325.387,300.668,10.9924,11.299,10.691,48.6569,2.26662,2.24993,10.7009,7.85226,605.87,608.585,7.68762,11.73,8.23706,11.1128,10.4687,12.5145,12.5145,1.0,1.0,1
91293,31.05.2024 08:22:55.500000,323.904,304.376,10.8817,11.258,10.65,50.077,2.26662,2.24993,10.7009,7.85226,605.875,608.67,9.27161,11.4922,8.0123,10.6862,10.4689,13.5561,13.5561,1.0,1.0,1
91294,31.05.2024 08:22:55.510000,313.11,303.223,10.8681,11.255,10.676,51.4975,2.27959,2.25012,10.8511,7.0588,605.82,608.595,10.0096,12.064,7.9157,9.51855,10.4701,13.5561,13.5561,1.0,1.0,1
91295,31.05.2024 08:22:55.520000,311.133,303.223,10.8401,11.281,10.676,52.8476,2.27959,2.25012,10.8511,7.0588,605.815,608.64,10.3643,11.2279,7.75129,9.3173,10.4701,13.5561,13.5561,1.0,1.0,1
91296,31.05.2024 08:22:55.530000,322.092,306.766,10.791,11.352,10.663,52.8476,2.28461,2.25457,10.4332,8.08584,605.79,608.64,10.4789,11.875,7.84029,9.26003,10.4711,14.1565,14.1565,1.0,1.0,1
91297,31.05.2024 08:22:55.540000,322.092,306.766,10.791,11.352,10.663,54.2585,2.28461,2.25457,10.4332,8.08584,605.75,608.605,10.5847,12.5274,8.08408,9.28818,10.4726,14.1565,14.1565,1.0,1.0,1
91298,31.05.2024 08:22:55.550000,319.702,302.399,10.7236,11.33,10.594,55.6058,2.28912,2.25727,11.2976,8.75941,605.7,608.585,9.87298,11.0533,8.63646,9.23424,10.4726,14.1565,14.1565,1.0,1.0,1
91299,31.05.2024 08:22:55.560000,319.702,302.399,10.7236,11.33,10.594,55.6058,2.2887,2.26811,11.0617,7.36737,605.645,608.64,9.26632,10.9058,8.6309,9.12566,10.4737,14.1565,14.1565,1.0,1.0,1
91300,31.05.2024 08:22:55.570000,314.346,303.14,10.7752,11.225,10.539,57.0675,2.2887,2.26811,11.0617,7.36737,605.625,608.66,8.08547,11.0904,8.59474,9.29149,10.4748,14.3157,14.3157,1.0,1.0,1
91301,31.05.2024 08:22:55.580000,323.822,303.799,10.7327,11.273,10.59,58.4001,2.28643,2.27293,11.0803,8.23108,605.635,608.66,7.90199,11.7809,8.64959,9.43261,10.4748,14.6123,14.6123,1.0,1.0,1
91302,31.05.2024 08:22:55.590000,323.822,303.799,10.7327,11.273,10.59,58.4001,2.28643,2.27293,11.0803,8.23108,605.635,608.66,7.90199,11.7809,8.64959,9.43261,10.4748,14.6123,14.6123,1.0,1.0,1
91303,31.05.2024 08:22:55.600000,323.822,305.53,10.7327,11.273,10.501,58.4001,2.27686,2.27384,11.2053,7.97509,605.655,608.64,7.96061,11.4147,8.58341,9.90224,10.4754,14.8872,14.8872,1.0,1.0,1
91304,31.05.2024 08:22:55.610000,318.219,304.459,10.5754,11.272,10.443,61.1034,2.27846,2.26283,10.6176,8.01709,605.7,608.655,8.68148,11.0287,8.65339,10.093,10.4768,14.9161,14.9161,1.0,1.0,1
91305,31.05.2024 08:22:55.620000,318.219,304.459,10.5754,11.272,10.443,61.1034,2.27846,2.26283,10.6176,8.01709,605.7,608.655,8.68148,11.0287,8.65339,10.093,10.4768,14.9161,14.9161,1.0,1.0,1
91306,31.05.2024 08:22:55.630000,318.219,304.459,10.5754,11.272,10.443,61.1034,2.28987,2.25608,10.3792,7.46721,605.675,608.66,9.0954,11.0093,8.78059,10.1566,10.4772,14.9667,14.9667,1.0,1.0,1
91307,31.05.2024 08:22:55.640000,312.369,310.886,10.6494,11.235,10.427,62.4206,2.30041,2.25258,12.7713,8.4961,605.595,608.68,8.87462,11.0246,7.99265,10.1202,10.478,15.068,15.068,1.0,1.0,1
91308,31.05.2024 08:22:55.650000,312.369,310.886,10.6494,11.235,10.427,62.4206,2.30041,2.25258,12.7713,8.4961,605.595,608.68,8.87462,11.0246,7.99265,10.1202,10.478,15.068,15.068,1.0,1.0,1
91309,31.05.2024 08:22:55.660000,312.533,300.833,10.5368,11.214,10.539,63.6412,2.30041,2.25258,12.7713,8.4961,605.585,608.725,8.46231,10.9289,7.61617,10.0242,10.4789,15.0391,15.0391,1.0,1.0,1
91310,31.05.2024 08:22:55.670000,312.533,300.833,10.5368,11.214,10.539,63.6412,2.30041,2.25258,12.7713,8.4961,605.585,608.725,8.46231,10.9289,7.61617,10.0242,10.4789,15.0391,15.0391,1.0,1.0,1
91311,31.05.2024 08:22:55.680000,311.215,306.271,10.5664,11.252,10.358,64.9431,2.2884,2.25133,11.6123,7.24708,605.54,608.7,8.6079,11.6551,6.96213,9.70887,10.4784,15.0391,15.0391,1.0,1.0,1
91312,31.05.2024 08:22:55.690000,311.215,306.271,10.5664,11.252,10.358,64.9431,2.2884,2.25133,11.6123,7.24708,605.54,608.7,8.6079,11.6551,6.96213,9.70887,10.4784,15.0391,15.0391,1.0,1.0,1
91313,31.05.2024 08:22:55.700000,313.11,309.732,10.5349,11.232,10.317,67.6528,2.27678,2.25647,12.4995,8.29341,605.535,608.715,8.44735,11.1698,6.99491,9.68297,10.4791,14.974,14.974,1.0,1.0,1
91314,31.05.2024 08:22:55.710000,317.477,304.211,10.5179,11.208,10.335,68.9625,2.2739,2.25854,11.4612,9.48171,605.555,608.715,8.23571,11.3188,7.42739,9.3243,10.4792,14.974,14.974,1.0,1.0,1
91315,31.05.2024 08:22:55.720000,317.477,304.211,10.5179,11.208,10.335,68.9625,2.27348,2.269,11.1276,8.21588,605.57,608.74,8.23558,10.8568,7.55084,9.32356,10.4795,14.974,14.974,1.0,1.0,1
91316,31.05.2024 08:22:55.730000,322.586,304.541,10.4609,11.215,10.304,70.3158,2.27348,2.269,11.1276,8.21588,605.57,608.805,8.91064,11.1521,7.63978,9.40407,10.4794,15.5671,15.5671,1.0,1.0,1
91317,31.05.2024 08:22:55.740000,322.586,304.541,10.4609,11.215,10.304,70.3158,2.27348,2.269,11.1276,8.21588,605.57,608.805,8.91064,11.1521,7.63978,9.40407,10.4794,15.5671,15.5671,1.0,1.0,1
91318,31.05.2024 08:22:55.750000,315.17,311.298,10.5182,11.184,10.273,71.588,2.28608,2.2704,11.5662,9.47197,605.575,608.83,9.47475,12.0146,8.03459,9.59727,10.4794,16.1314,16.1314,1.0,1.0,1
91319,31.05.2024 08:22:55.760000,315.17,311.298,10.5182,11.184,10.273,71.588,2.28608,2.2704,11.5662,9.47197,605.575,608.83,9.47475,12.0146,8.03459,9.59727,10.4794,16.1314,16.1314,1.0,1.0,1
91320,31.05.2024 08:22:55.770000,310.391,304.211,10.4412,11.162,10.285,72.9392,2.29571,2.26921,11.9969,9.86704,605.62,608.875,10.0564,12.4141,8.30801,9.59053,10.4797,16.1314,16.1314,1.0,1.0,1
91321,31.05.2024 08:22:55.780000,311.71,303.717,10.403,11.116,10.363,74.3235,2.30722,2.26407,12.9894,10.6534,605.615,608.915,11.1385,12.9893,8.39917,10.0617,10.4796,17.4841,17.4841,1.0,1.0,1
91322,31.05.2024 08:22:55.790000,324.646,303.47,10.4718,11.102,10.323,75.5936,2.31128,2.26282,13.1662,9.78458,605.605,608.9,11.5378,13.5902,8.5565,10.1567,10.4796,17.3973,17.3973,1.0,1.0,1
91323,31.05.2024 08:22:55.800000,324.646,303.47,10.4718,11.102,10.323,75.5936,2.30238,2.26016,12.8396,8.96651,605.625,608.905,11.6718,13.5106,8.68654,10.1068,10.4799,17.3973,17.3973,1.0,1.0,1
91324,31.05.2024 08:22:55.810000,318.384,305.283,10.4468,11.15,10.307,76.9492,2.30238,2.26016,12.8396,8.96651,605.625,608.91,12.0902,13.2798,8.81933,10.2712,10.4798,17.3973,17.3973,1.0,1.0,1
91325,31.05.2024 08:22:55.820000,318.384,305.283,10.4468,11.15,10.307,76.9492,2.30238,2.26016,12.8396,8.96651,605.625,608.91,12.0902,13.2798,8.81933,10.2712,10.4798,17.3973,17.3973,1.0,1.0,1
91326,31.05.2024 08:22:55.830000,313.357,306.518,10.4468,11.102,10.257,78.2927,2.29386,2.27477,13.2979,7.89918,605.625,608.91,12.4761,13.2606,8.93172,10.4866,10.4798,20.081,20.081,1.0,1.0,1
91327,31.05.2024 08:22:55.840000,323.822,298.938,10.497,11.1,10.286,79.673,2.29619,2.28495,13.08,10.6443,605.625,608.93,12.5342,12.789,9.99042,10.91,10.4801,21.2167,21.2167,1.0,1.0,1
91328,31.05.2024 08:22:55.850000,317.477,309.567,10.514,11.076,10.23,79.673,2.29871,2.28309,12.3373,11.0452,605.625,608.925,12.3784,12.607,10.4313,10.9667,10.4808,21.2167,21.2167,1.0,1.0,1
91329,31.05.2024 08:22:55.860000,317.477,309.567,10.514,11.076,10.23,81.0458,2.29871,2.28309,12.3373,11.0452,605.64,608.935,12.3233,12.5013,10.6141,11.0712,10.4809,21.2167,21.2167,1.0,1.0,1
91330,31.05.2024 08:22:55.870000,320.938,301.904,10.4969,11.056,10.339,82.3442,2.30986,2.29229,12.5282,10.5247,605.655,608.95,12.003,11.795,10.7736,11.2419,10.4809,22.0631,22.0631,1.0,1.0,1
91331,31.05.2024 08:22:55.880000,320.938,301.904,10.4969,11.056,10.339,82.3442,2.30986,2.29229,12.5282,10.5247,605.655,608.95,12.003,11.795,10.7736,11.2419,10.4809,22.0631,22.0631,1.0,1.0,1
91332,31.05.2024 08:22:55.890000,320.938,307.26,10.4969,11.056,10.362,82.3442,2.31649,2.29823,12.6357,9.97217,605.665,608.995,12.0793,12.0748,10.8756,11.2999,10.4813,22.989,22.989,1.0,1.0,1
91333,31.05.2024 08:22:55.900000,320.938,307.26,10.4969,11.056,10.362,82.3442,2.31649,2.29823,12.6357,9.97217,605.665,608.995,12.0793,12.0748,10.8756,11.2999,10.4813,22.989,22.989,1.0,1.0,1
91334,31.05.2024 08:22:55.910000,312.945,301.327,10.5292,11.033,10.388,84.8044,2.31803,2.29732,14.081,10.7942,605.595,608.93,11.8746,12.3474,11.0336,11.1953,10.4802,23.0107,23.0107,1.0,1.0,1
91335,31.05.2024 08:22:55.920000,315.335,300.668,10.5455,11.011,10.318,85.9688,2.31905,2.27278,13.1898,9.07182,605.585,608.93,11.1063,11.0472,10.8132,11.0224,10.481,24.0017,24.0017,1.0,1.0,1
91336,31.05.2024 08:22:55.930000,309.485,301.245,10.5335,11.023,10.36,86.971,2.31588,2.28416,11.8396,7.58473,605.545,608.9,10.7417,10.8425,10.6259,10.9445,10.4809,24.6094,24.6094,1.0,1.0,1
91337,31.05.2024 08:22:55.940000,309.485,301.245,10.5335,11.023,10.36,86.971,2.31588,2.28416,11.8396,7.58473,605.505,608.875,10.2078,10.7592,10.3718,10.6971,10.4818,24.6094,24.6094,1.0,1.0,1
91338,31.05.2024 08:22:55.950000,317.642,304.459,10.5044,11.01,10.407,87.8817,2.32112,2.28701,13.9667,10.6597,605.5,608.845,8.3792,9.17977,9.41248,9.66631,10.4818,26.2225,26.2225,1.0,1.0,1
91339,31.05.2024 08:22:55.960000,317.642,304.459,10.5044,11.01,10.407,87.8817,2.33577,2.29149,13.8654,10.4875,605.49,608.865,8.1055,8.54666,9.09807,9.16167,10.4821,26.2225,26.2225,1.0,1.0,1
91340,31.05.2024 08:22:55.970000,317.725,308.578,10.5762,10.963,10.387,88.6097,2.33577,2.29149,13.8654,10.4875,605.425,608.87,7.29617,8.24138,8.8314,8.7283,10.4821,27.6186,27.6186,1.0,1.0,1
91341,31.05.2024 08:22:55.980000,317.56,301.492,10.5762,10.911,10.377,89.2815,2.32567,2.29575,12.8783,6.48755,605.42,608.86,6.97159,8.15023,8.595,8.16104,10.4821,28.2407,28.2407,1.0,1.0,1
91342,31.05.2024 08:22:55.990000,317.56,301.492,10.5961,10.911,10.377,89.2815,2.32567,2.29575,12.8783,6.48755,605.385,608.835,6.02502,7.87474,8.1442,7.25215,10.4827,28.2407,28.2407,1.0,1.0,1
91343,31.05.2024 08:22:56.000000,316.736,306.848,10.5845,10.941,10.473,90.0303,2.32595,2.30103,13.037,10.3593,605.4,608.84,5.73752,7.62028,7.96343,7.1294,10.4827,28.4939,28.4939,1.0,1.0,1
91344,31.05.2024 08:22:56.010000,313.11,284.436,10.6159,10.941,10.439,90.6416,2.31799,2.29163,13.7283,13.1638,605.43,608.9,5.68794,7.09628,7.78798,7.3024,10.4831,28.4939,28.4939,1.0,1.0,1
91345,31.05.2024 08:22:56.020000,313.11,284.436,10.6159,10.941,10.439,90.6416,2.31799,2.29163,13.7283,13.1638,605.435,608.955,6.14583,7.29682,7.56064,7.4363,10.4833,28.4939,28.4939,1.0,1.0,1
91346,31.05.2024 08:22:56.030000,317.065,285.59,10.5898,10.889,10.461,91.2074,2.3209,2.29176,12.5792,10.0218,605.455,609.005,6.60015,8.52968,6.88642,7.24848,10.4833,29.1884,29.1884,1.0,1.0,1
91347,31.05.2024 08:22:56.040000,317.065,285.59,10.5898,10.889,10.461,91.2074,2.33059,2.27497,11.3767,7.84614,605.47,609.06,7.19486,9.26776,6.73076,7.15637,10.484,29.1884,29.1884,1.0,1.0,1
91348,31.05.2024 08:22:56.050000,319.29,289.297,10.6779,10.859,10.473,91.6945,2.33059,2.27497,11.3767,7.84614,605.49,609.035,7.8572,9.97953,6.79856,7.10109,10.4844,29.1884,29.1884,1.0,1.0,1
91349,31.05.2024 08:22:56.060000,319.043,277.515,10.6467,10.877,10.501,92.0739,2.32598,2.29988,13.3855,9.25534,605.465,609.06,8.39523,10.5352,6.78809,7.31015,10.4844,29.2318,29.2318,1.0,1.0,1
91350,31.05.2024 08:22:56.070000,319.043,277.515,10.6467,10.877,10.501,92.0739,2.32598,2.29988,13.3855,9.25534,605.4,609.065,8.84757,10.6773,7.24514,8.13793,10.4855,29.2318,29.2318,1.0,1.0,1
91351,31.05.2024 08:22:56.080000,319.29,246.698,10.6627,10.88,10.419,92.4535,2.34095,2.30102,14.5565,14.3948,605.38,609.065,8.41316,10.9334,7.61951,8.31082,10.4855,29.2028,29.2028,1.0,1.0,1
91352,31.05.2024 08:22:56.090000,325.14,256.75,10.6996,10.784,10.434,92.8036,2.33831,2.31842,13.6744,10.5292,605.445,609.05,7.77214,10.9826,7.83022,8.28627,10.486,29.2028,29.2028,1.0,1.0,1
91353,31.05.2024 08:22:56.100000,325.14,256.75,10.6996,10.784,10.434,92.8036,2.33831,2.31842,13.6744,10.5292,605.445,609.11,7.99497,10.8427,8.00994,8.21617,10.4865,29.2028,29.2028,1.0,1.0,1
91354,31.05.2024 08:22:56.110000,316.406,274.219,10.7015,10.758,10.43,93.0004,2.33843,2.33865,14.8888,13.0462,605.46,609.125,9.27698,11.0828,8.4783,8.75806,10.4865,29.1088,29.1088,1.0,1.0,1
91355,31.05.2024 08:22:56.120000,316.406,274.219,10.7015,10.758,10.43,93.0004,2.34101,2.34574,14.3316,16.4024,605.43,609.115,9.4961,11.6065,8.65628,8.96023,10.4872,29.1088,29.1088,1.0,1.0,1
91356,31.05.2024 08:22:56.130000,318.054,251.559,10.7341,10.795,10.461,93.1806,2.34101,2.34574,14.3316,16.4024,605.345,609.045,9.58815,11.3518,8.80499,9.05582,10.4865,28.4216,28.4216,1.0,1.0,1
91357,31.05.2024 08:22:56.140000,314.429,236.563,10.7341,10.784,10.448,93.34,2.34037,2.33386,14.6423,14.3969,605.285,609.095,9.45133,10.4487,8.8877,9.14256,10.4865,28.4216,28.4216,1.0,1.0,1
91358,31.05.2024 08:22:56.150000,314.429,236.563,10.7559,10.784,10.448,93.34,2.34037,2.33386,14.6423,14.3969,605.29,609.13,7.60528,10.3329,8.91945,9.14982,10.4878,28.4216,28.4216,1.0,1.0,1
91359,31.05.2024 08:22:56.160000,311.462,245.709,10.7507,10.728,10.497,93.4444,2.32461,2.29158,13.0236,9.16,605.305,609.18,7.55618,10.7633,9.12125,9.3123,10.4878,27.3438,27.3438,1.0,1.0,1
91360,31.05.2024 08:22:56.170000,325.223,239.941,10.7171,10.683,10.559,93.5676,2.30409,2.28117,12.5367,7.59797,605.35,609.18,7.73017,11.3341,9.20918,9.44128,10.4885,27.3438,27.3438,1.0,1.0,1
91361,31.05.2024 08:22:56.180000,325.223,239.941,10.7171,10.683,10.559,93.5676,2.30409,2.28117,12.5367,7.59797,605.35,609.18,7.73017,11.3341,9.20918,9.44128,10.4885,27.3438,27.3438,1.0,1.0,1
91362,31.05.2024 08:22:56.190000,325.223,239.941,10.7171,10.683,10.559,93.5676,2.28832,2.25105,12.3856,8.73497,605.37,609.175,7.82144,11.5496,9.24173,9.45125,10.4896,27.5318,27.5318,1.0,1.0,1
91363,31.05.2024 08:22:56.200000,309.073,230.301,10.7855,10.707,10.536,93.6738,2.29759,2.25634,11.1584,7.17381,605.345,609.185,8.31322,11.5777,9.32992,8.99175,10.4897,27.662,27.662,1.0,1.0,1
91364,31.05.2024 08:22:56.210000,299.597,194.705,10.7632,10.745,10.536,93.7352,2.29759,2.25634,11.1584,7.17381,605.3,609.21,8.15588,11.433,9.37772,9.10875,10.4902,27.662,27.662,1.0,1.0,1
91365,31.05.2024 08:22:56.220000,283.53,186.053,10.8095,10.695,10.579,93.7565,2.30532,2.25995,10.2611,6.28425,605.295,609.25,7.83522,10.9761,9.33579,9.17298,10.4902,27.6259,27.6259,1.0,1.0,1
91366,31.05.2024 08:22:56.230000,283.53,186.053,10.8095,10.695,10.579,93.7565,2.30532,2.25995,10.2611,6.28425,605.295,609.25,7.83522,10.9761,9.33579,9.17298,10.4902,27.6259,27.6259,1.0,1.0,1
91367,31.05.2024 08:22:56.240000,283.53,178.226,10.8095,10.695,10.578,93.7565,2.30181,2.26679,10.4882,7.42085,605.29,609.27,7.59642,11.1159,9.51003,9.18327,10.4915,28.1756,28.1756,1.0,1.0,1
91368,31.05.2024 08:22:56.250000,259.882,157.379,10.8045,10.695,10.579,93.7941,2.2966,2.26596,11.7754,7.90849,605.3,609.265,7.39626,11.0138,9.73676,9.44646,10.492,27.6837,27.6837,1.0,1.0,1
91369,31.05.2024 08:22:56.260000,259.882,157.379,10.8045,10.695,10.579,93.7941,2.2966,2.26596,11.7754,7.90849,605.3,609.265,7.39626,11.0138,9.73676,9.44646,10.492,27.6837,27.6837,1.0,1.0,1
91370,31.05.2024 08:22:56.270000,259.882,157.379,10.8045,10.695,10.579,93.7941,2.29481,2.26505,9.65188,6.1658,605.3,609.265,7.38351,10.6882,9.85664,9.55403,10.4925,26.9965,26.9965,1.0,1.0,1
91371,31.05.2024 08:22:56.280000,244.638,125.986,10.7727,10.681,10.575,93.8024,2.30074,2.26535,9.93182,6.80107,605.305,609.29,7.91118,10.3776,9.94374,9.68755,10.4935,26.9965,26.9965,1.0,1.0,1
91372,31.05.2024 08:22:56.290000,234.833,112.308,10.7317,10.681,10.596,93.8614,2.30074,2.26535,9.93182,6.80107,605.3,609.32,7.67365,10.3783,10.0088,9.78513,10.4944,26.2948,26.2948,1.0,1.0,1
91373,31.05.2024 08:22:56.300000,234.833,112.308,10.7317,10.681,10.596,93.8614,2.30074,2.26535,9.93182,6.80107,605.3,609.32,7.67365,10.3783,10.0088,9.78513,10.4944,26.2948,26.2948,1.0,1.0,1
91374,31.05.2024 08:22:56.310000,234.668,108.682,10.7317,10.655,10.549,93.9122,2.30335,2.26581,10.303,6.741,605.29,609.345,7.98086,10.4049,10.0253,9.82212,10.4944,26.0417,26.0417,1.0,1.0,1
91375,31.05.2024 08:22:56.320000,234.668,108.682,10.7317,10.655,10.549,93.9122,2.30335,2.26581,10.303,6.741,605.29,609.345,7.98086,10.4049,10.0253,9.82212,10.4944,26.0417,26.0417,1.0,1.0,1
91376,31.05.2024 08:22:56.330000,221.484,105.551,10.8099,10.663,10.562,93.9381,2.30565,2.26726,9.27738,6.81695,605.3,609.415,7.95857,10.7724,10.5494,9.42723,10.4959,25.8681,25.8681,1.0,1.0,1
91377,31.05.2024 08:22:56.340000,221.979,75.1465,10.7599,10.689,10.527,93.9616,2.30834,2.26816,10.7904,7.66095,605.375,609.47,8.56289,11.3675,10.7518,9.74207,10.4981,25.8681,25.8681,1.0,1.0,1
91378,31.05.2024 08:22:56.350000,219.26,11.8652,10.7452,10.703,10.542,93.9458,2.32112,2.27147,11.1273,7.09471,605.39,609.525,9.51403,11.9553,11.0078,9.99802,10.4981,23.3796,23.3796,1.0,1.0,1
91379,31.05.2024 08:22:56.360000,219.26,11.8652,10.7452,10.703,10.542,93.9458,2.32112,2.27147,11.1273,7.09471,605.39,609.525,9.51403,11.9553,11.0078,9.99802,10.4981,23.3796,23.3796,1.0,1.0,1
91380,31.05.2024 08:22:56.370000,219.26,0.0,10.7452,10.703,10.554,93.9458,2.32549,2.27456,10.8564,8.51327,605.345,609.51,10.1435,12.4237,11.3919,10.01,10.499,22.3524,22.3524,1.0,1.0,1
91381,31.05.2024 08:22:56.380000,219.26,0.0,10.7452,10.703,10.554,93.9458,2.32549,2.27456,10.8564,8.51327,605.345,609.51,10.1435,12.4237,11.3919,10.01,10.499,22.3524,22.3524,1.0,1.0,1
91382,31.05.2024 08:22:56.390000,188.773,-26.944,10.7305,10.649,10.561,93.9096,2.3214,2.27391,11.4384,8.33731,605.28,609.56,8.44907,11.69,11.9253,10.4567,10.4992,22.3524,22.3524,1.0,1.0,1
91383,31.05.2024 08:22:56.400000,188.773,-26.944,10.7305,10.649,10.561,93.9096,2.3214,2.27391,11.4384,8.33731,605.28,609.56,8.44907,11.69,11.9253,10.4567,10.4992,22.3524,22.3524,1.0,1.0,1
91384,31.05.2024 08:22:56.410000,187.372,-26.944,10.7202,10.64,10.522,93.9587,2.31999,2.27468,11.8212,7.53966,605.32,609.61,8.58393,12.6019,12.0664,10.5094,10.5011,21.5856,21.5856,1.0,1.0,1
91385,31.05.2024 08:22:56.420000,187.372,-26.944,10.7202,10.64,10.522,93.9587,2.31999,2.27468,11.8212,7.53966,605.32,609.61,8.58393,12.6019,12.0664,10.5094,10.5011,21.5856,21.5856,1.0,1.0,1
91386,31.05.2024 08:22:56.430000,170.068,-29.0039,10.7257,10.544,10.509,93.9055,2.3154,2.27297,11.2351,8.05588,605.315,609.645,8.8136,12.4394,12.251,10.7311,10.5023,21.3831,21.3831,1.0,1.0,1
91387,31.05.2024 08:22:56.440000,170.068,-29.0039,10.7257,10.544,10.509,93.9055,2.3154,2.27297,11.2351,8.05588,605.315,609.645,8.8136,12.4394,12.251,10.7311,10.5023,21.3831,21.3831,1.0,1.0,1
91388,31.05.2024 08:22:56.450000,167.926,1.97754,10.7093,10.442,10.501,93.8883,2.30175,2.27318,11.6673,7.09723,605.325,609.77,8.99493,13.0801,12.3895,10.942,10.5024,20.8912,20.8912,1.0,1.0,1
91389,31.05.2024 08:22:56.460000,167.926,1.97754,10.7093,10.442,10.501,93.8883,2.30175,2.27318,11.6673,7.09723,605.325,609.77,8.99493,13.0801,12.3895,10.942,10.5024,20.8912,20.8912,1.0,1.0,1
91390,31.05.2024 08:22:56.470000,146.338,-66.2475,10.7161,10.507,10.493,93.9145,2.2929,2.27478,10.5919,8.23618,605.31,609.82,8.64758,13.4653,12.49,10.9644,10.5033,21.1299,21.1299,1.0,1.0,1
91391,31.05.2024 08:22:56.480000,129.529,-94.2627,10.6253,10.482,10.52,93.9051,2.28936,2.27408,9.52249,8.56113,605.335,609.89,8.33692,13.5083,12.7234,11.2144,10.5045,21.1299,21.1299,1.0,1.0,1
91392,31.05.2024 08:22:56.490000,129.529,-94.2627,10.6253,10.482,10.52,93.9051,2.28936,2.27408,9.52249,8.56113,605.335,609.89,8.33692,13.5083,12.7234,11.2144,10.5045,21.1299,21.1299,1.0,1.0,1
91393,31.05.2024 08:22:56.500000,113.296,-86.5997,10.6882,10.393,10.532,93.9051,2.29372,2.27289,9.57946,7.60179,605.31,609.925,8.42264,13.3518,12.7991,11.2932,10.5052,20.9129,20.9129,1.0,1.0,1
91394,31.05.2024 08:22:56.510000,113.296,-86.5997,10.6882,10.393,10.532,93.9051,2.29372,2.27289,9.57946,7.60179,605.31,609.925,8.42264,13.3518,12.7991,11.2932,10.5052,20.9129,20.9129,1.0,1.0,1
91395,31.05.2024 08:22:56.520000,109.424,-62.7868,10.6405,10.356,10.478,93.9208,2.30986,2.27272,9.15096,7.69448,605.28,609.965,7.5049,13.2335,12.6902,11.4207,10.5062,20.9635,20.9635,1.0,1.0,1
91396,31.05.2024 08:22:56.530000,109.424,-62.7868,10.6405,10.356,10.478,93.9208,2.30986,2.27272,9.15096,7.69448,605.28,609.965,7.5049,13.2335,12.6902,11.4207,10.5062,20.9635,20.9635,1.0,1.0,1
91397,31.05.2024 08:22:56.540000,110.001,-97.7234,10.6059,10.324,10.419,93.9408,2.32215,2.27461,11.0173,8.38501,605.245,610.015,6.77105,12.7377,12.4503,11.3856,10.5088,20.9563,20.9563,1.0,1.0,1
91398,31.05.2024 08:22:56.550000,106.128,-67.8131,10.615,10.248,10.444,93.9609,2.31521,2.27188,10.8411,7.12963,605.255,610.05,6.02291,11.9035,12.092,10.7117,10.5106,20.9563,20.9563,1.0,1.0,1
91399,31.05.2024 08:22:56.560000,106.128,-67.8131,10.615,10.248,10.444,93.9609,2.31521,2.27188,10.8411,7.12963,605.255,610.05,6.02291,11.9035,12.092,10.7117,10.5106,20.9563,20.9563,1.0,1.0,1
91400,31.05.2024 08:22:56.570000,102.585,-67.8131,10.5905,10.178,10.444,93.9713,2.31521,2.27188,10.8411,7.12963,605.275,610.06,6.08512,11.7464,11.9767,10.5567,10.5106,21.4048,21.4048,1.0,1.0,1
91401,31.05.2024 08:22:56.580000,102.585,-67.8131,10.5905,10.178,10.444,93.9713,2.31521,2.27188,10.8411,7.12963,605.275,610.06,6.08512,11.7464,11.9767,10.5567,10.5106,21.4048,21.4048,1.0,1.0,1
91402,31.05.2024 08:22:56.590000,94.9218,-40.7867,10.6104,10.185,10.421,93.9585,2.29062,2.27331,11.1894,7.86038,605.205,610.115,5.81752,11.0052,11.588,10.2898,10.5137,21.4193,21.4193,0.0,1.0,1
91403,31.05.2024 08:22:56.600000,94.9218,-40.7867,10.6104,10.185,10.421,93.9585,2.29062,2.27331,11.1894,7.86038,605.205,610.115,5.81752,11.0052,11.588,10.2898,10.5137,21.4193,21.4193,0.0,1.0,1
91404,31.05.2024 08:22:56.610000,96.6522,-232.031,10.6007,10.367,10.418,93.9468,2.26595,2.2688,9.18395,8.59588,605.21,610.145,5.5962,10.0597,10.7071,10.0576,10.5146,21.998,21.998,0.0,1.0,1
91405,31.05.2024 08:22:56.620000,38.4796,-251.724,10.626,10.566,10.402,93.9821,2.27136,2.26916,7.34109,6.0195,605.255,610.195,5.48927,9.4816,9.98592,10.002,10.5161,21.998,21.998,0.0,1.0,1
91406,31.05.2024 08:22:56.630000,38.4796,-251.724,10.5685,10.566,10.402,93.9821,2.27136,2.26916,7.34109,6.0195,605.285,610.195,6.28295,9.05967,9.64268,9.94657,10.5182,21.998,21.998,0.0,1.0,1
91407,31.05.2024 08:22:56.640000,24.5544,-235.986,10.5858,10.549,10.395,93.9801,2.28635,2.26856,7.19543,8.42534,605.29,610.205,6.90355,8.8915,9.47139,10.0266,10.5182,22.0052,22.0052,0.0,1.0,1
91408,31.05.2024 08:22:56.650000,3.2959,-257.327,10.6385,10.439,10.396,93.9455,2.29736,2.2677,8.86218,7.03681,605.23,610.195,7.04514,8.55344,9.30126,10.0621,10.5192,22.0052,22.0052,0.0,1.0,1
91409,31.05.2024 08:22:56.660000,3.2959,-257.327,10.6385,10.439,10.396,93.9455,2.29736,2.2677,8.86218,7.03681,605.215,610.205,7.24762,8.05394,9.08019,10.1375,10.5214,22.0052,22.0052,0.0,1.0,1
91410,31.05.2024 08:22:56.670000,-12.6892,-266.556,10.6062,10.405,10.357,93.8796,2.29646,2.26916,8.12525,6.66288,605.22,610.225,6.43686,7.24325,8.66304,10.2324,10.5214,22.0414,22.0414,0.0,1.0,1
91411,31.05.2024 08:22:56.680000,-12.6892,-266.556,10.6062,10.405,10.357,93.8796,2.28725,2.27219,9.10806,8.19904,605.23,610.24,6.62903,6.83397,8.64395,10.4251,10.5235,22.0414,22.0414,0.0,1.0,1
91412,31.05.2024 08:22:56.690000,-12.6892,-266.556,10.6062,10.405,10.357,93.8796,2.28725,2.27219,9.10806,8.19904,605.23,610.24,6.62903,6.83397,8.64395,10.4251,10.5235,22.0414,22.0414,0.0,1.0,1
91413,31.05.2024 08:22:56.700000,-43.0115,-257.986,10.6579,10.573,10.365,93.9177,2.28725,2.27219,9.10806,8.19904,605.275,610.23,6.96891,6.94043,8.58246,10.509,10.5256,22.2584,22.2584,0.0,1.0,1
91414,31.05.2024 08:22:56.710000,-43.0115,-257.986,10.6579,10.573,10.365,93.9177,2.28725,2.27219,9.10806,8.19904,605.275,610.23,6.96891,6.94043,8.58246,10.509,10.5256,22.2584,22.2584,0.0,1.0,1
91415,31.05.2024 08:22:56.720000,-59.4909,-254.114,10.6302,10.548,10.439,93.9401,2.27652,2.27308,8.18193,8.33904,605.31,610.215,8.47481,5.91301,8.43421,10.7977,10.5281,22.2584,22.2584,0.0,1.0,1
91416,31.05.2024 08:22:56.730000,-106.705,-261.694,10.6759,10.421,10.457,93.9171,2.27201,2.27455,7.7117,7.81976,605.285,610.225,8.92524,5.7363,8.31606,10.8339,10.5298,22.0124,22.0124,0.0,1.0,1
91417,31.05.2024 08:22:56.740000,-106.705,-261.694,10.6759,10.421,10.457,93.9171,2.27201,2.27455,7.7117,7.81976,605.285,610.24,8.58578,5.57747,8.22646,10.8893,10.5325,22.0124,22.0124,0.0,1.0,1
91418,31.05.2024 08:22:56.750000,-109.094,-264.001,10.6423,10.497,10.503,93.9753,2.27605,2.27306,8.06828,7.35193,605.28,610.25,8.29749,5.01664,8.16857,11.0434,10.5325,21.5639,21.5639,0.0,1.0,1
91419,31.05.2024 08:22:56.760000,-109.094,-264.001,10.6423,10.497,10.503,93.9753,2.27418,2.27106,9.13584,8.27322,605.305,610.265,8.22344,5.01931,8.16951,11.148,10.5349,21.5639,21.5639,0.0,1.0,1
91420,31.05.2024 08:22:56.770000,-117.087,-253.784,10.6665,10.626,10.434,93.9792,2.27418,2.27106,9.13584,8.27322,605.33,610.28,8.42051,5.07425,8.17645,11.2347,10.5372,21.5639,21.5639,0.0,1.0,1
91421,31.05.2024 08:22:56.780000,-135.049,-250.9,10.6665,10.608,10.48,93.9696,2.27496,2.27111,7.40071,8.0186,605.33,610.28,8.66214,5.47409,8.02139,11.1523,10.5372,20.9201,20.9201,0.0,1.0,1
91422,31.05.2024 08:22:56.790000,-135.049,-250.9,10.7099,10.608,10.48,93.9696,2.27496,2.27111,7.40071,8.0186,605.32,610.27,8.70637,5.30379,8.02938,11.0415,10.5402,20.9201,20.9201,0.0,1.0,1
91423,31.05.2024 08:22:56.800000,-167.102,-262.765,10.6255,10.515,10.495,93.9044,2.27473,2.27073,8.20403,8.22891,605.375,610.27,8.63734,4.7829,8.0291,11.1444,10.5402,20.9201,20.9201,0.0,1.0,1
91424,31.05.2024 08:22:56.810000,-182.593,-267.132,10.7109,10.471,10.504,93.9044,2.27334,2.2708,8.89377,7.66179,605.395,610.275,8.77692,4.70184,7.90092,11.2015,10.5421,20.2836,20.2836,0.0,1.0,1
91425,31.05.2024 08:22:56.820000,-182.593,-267.132,10.7109,10.471,10.504,93.8781,2.27334,2.2708,8.89377,7.66179,605.395,610.285,8.98491,4.67884,7.91703,11.0121,10.5444,20.2836,20.2836,0.0,1.0,1
91426,31.05.2024 08:22:56.830000,-197.259,-269.44,10.6738,10.562,10.512,93.8527,2.2748,2.26945,8.36668,7.47132,605.405,610.29,8.95875,4.26011,8.04943,10.6871,10.5444,20.2763,20.2763,0.0,1.0,1
91427,31.05.2024 08:22:56.840000,-197.259,-269.44,10.6738,10.562,10.512,93.8527,2.27235,2.27049,9.11221,8.40107,605.425,610.32,9.09138,4.38393,8.10552,10.6918,10.5469,20.2763,20.2763,0.0,1.0,1
91428,31.05.2024 08:22:56.850000,-240.683,-254.526,10.6634,10.613,10.533,93.9055,2.27235,2.27049,9.11221,8.40107,605.425,610.365,8.91124,4.65734,8.12917,10.7099,10.5492,19.1334,19.1334,0.0,1.0,1
91429,31.05.2024 08:22:56.860000,-240.683,-254.526,10.6634,10.613,10.533,93.9055,2.27235,2.27049,9.11221,8.40107,605.425,610.365,8.91124,4.65734,8.12917,10.7099,10.5492,19.1334,19.1334,0.0,1.0,1
91430,31.05.2024 08:22:56.870000,-275.372,-260.376,10.6954,10.627,10.513,93.853,2.27532,2.27213,8.73881,9.11302,605.425,610.4,8.84396,4.929,8.07496,10.5606,10.5492,18.5402,18.5402,0.0,1.0,1
91431,31.05.2024 08:22:56.880000,-276.031,-262.353,10.7639,10.57,10.455,93.9059,2.27383,2.27125,8.86618,8.24254,605.49,610.385,8.33805,5.93564,8.23163,10.1195,10.5522,17.9977,17.9977,0.0,1.0,1
91432,31.05.2024 08:22:56.890000,-289.133,-264.743,10.7436,10.566,10.474,93.9592,2.27211,2.27045,8.94782,9.4194,605.485,610.38,8.62173,5.96704,8.20105,10.0821,10.5543,17.5926,17.5926,0.0,1.0,1
91433,31.05.2024 08:22:56.900000,-289.133,-264.743,10.7436,10.566,10.474,93.9592,2.27211,2.27045,8.94782,9.4194,605.485,610.385,8.59282,5.96387,8.11488,9.973,10.5569,17.5926,17.5926,0.0,1.0,1
91434,31.05.2024 08:22:56.910000,-273.971,-260.953,10.6961,10.584,10.525,93.9698,2.2703,2.27084,8.77223,8.64404,605.515,610.405,8.51835,5.6776,7.93067,9.77593,10.5569,16.8547,16.8547,0.0,1.0,1
91435,31.05.2024 08:22:56.920000,-273.971,-260.953,10.6961,10.584,10.525,93.9698,2.27086,2.27269,9.119,9.25959,605.535,610.44,8.49221,5.56095,7.92733,9.84178,10.5594,16.8547,16.8547,0.0,1.0,1
91436,31.05.2024 08:22:56.930000,-276.279,-254.278,10.6896,10.643,10.578,93.9701,2.27086,2.27269,9.119,9.25959,605.545,610.505,8.84397,6.20423,7.93265,9.75898,10.5621,16.8475,16.8475,0.0,1.0,1
91437,31.05.2024 08:22:56.940000,-279.327,-251.971,10.7357,10.529,10.571,93.9566,2.26927,2.27174,8.1832,9.45681,605.53,610.515,9.15361,6.88775,7.855,9.53277,10.5621,16.6811,16.6811,0.0,1.0,1
91438,31.05.2024 08:22:56.950000,-279.327,-251.971,10.7357,10.529,10.571,93.9566,2.26927,2.27174,8.1832,9.45681,605.52,610.5,8.45005,7.20289,7.82224,8.70896,10.5652,16.6811,16.6811,0.0,1.0,1
91439,31.05.2024 08:22:56.960000,-279.245,-254.278,10.7304,10.597,10.597,93.9045,2.26796,2.27263,8.75571,8.49613,605.52,610.51,8.08426,6.9051,7.84514,8.51611,10.5652,16.6811,16.6811,0.0,1.0,1
91440,31.05.2024 08:22:56.970000,-273.147,-259.222,10.7919,10.636,10.587,93.8788,2.26614,2.27079,8.65677,8.49817,605.53,610.535,7.71314,6.76367,7.89419,8.5845,10.5679,15.4514,15.4514,0.0,1.0,1
91441,31.05.2024 08:22:56.980000,-273.147,-259.222,10.7919,10.636,10.587,93.8788,2.26614,2.27079,8.65677,8.49817,605.53,610.535,7.71314,6.76367,7.89419,8.5845,10.5679,15.4514,15.4514,0.0,1.0,1
91442,31.05.2024 08:22:56.990000,-273.147,-259.222,10.7919,10.636,10.587,93.8788,2.26503,2.27103,9.46525,8.89168,605.53,610.545,7.12019,6.8425,7.89955,8.47867,10.5708,15.4514,15.4514,0.0,1.0,1
91443,31.05.2024 08:22:57.000000,-270.511,-254.114,10.7938,10.662,10.556,93.9176,2.26676,2.26748,8.56622,9.07614,605.52,610.57,6.01193,7.04662,7.44028,8.36388,10.5741,15.4369,15.4369,0.0,1.0,1
91444,31.05.2024 08:22:57.010000,-270.511,-254.114,10.7938,10.662,10.556,93.9176,2.26676,2.26748,8.56622,9.07614,605.52,610.57,6.01193,7.04662,7.44028,8.36388,10.5741,15.4369,15.4369,0.0,1.0,1
91445,31.05.2024 08:22:57.020000,-277.02,-254.114,10.7561,10.591,10.556,93.9498,2.26676,2.26748,8.56622,9.07614,605.55,610.595,5.90336,7.05239,7.33671,8.37554,10.5769,14.6991,14.6991,0.0,1.0,1
91446,31.05.2024 08:22:57.030000,-277.02,-254.114,10.7561,10.591,10.556,93.9498,2.26676,2.26748,8.56622,9.07614,605.55,610.595,5.90336,7.05239,7.33671,8.37554,10.5769,14.6991,14.6991,0.0,1.0,1
91447,31.05.2024 08:22:57.040000,-279.163,-254.196,10.8266,10.558,10.579,93.8537,2.25318,2.26561,8.16751,6.92257,605.565,610.615,5.53777,6.83529,6.84686,8.31214,10.5806,14.6991,14.6991,0.0,1.0,1
91448,31.05.2024 08:22:57.050000,-271.252,-262.93,10.8073,10.681,10.611,93.9074,2.25121,2.26225,8.62883,7.90022,605.58,610.625,5.32839,6.87774,6.60814,8.37329,10.5833,14.6918,14.6918,0.0,1.0,1
91449,31.05.2024 08:22:57.060000,-271.252,-262.93,10.8073,10.681,10.611,93.8348,2.25121,2.26225,8.62883,7.90022,605.56,610.615,5.31947,6.69525,6.44637,8.29053,10.586,14.6918,14.6918,0.0,1.0,1
91450,31.05.2024 08:22:57.070000,-279.492,-257.904,10.7972,10.66,10.61,93.8516,2.25166,2.26177,7.97482,7.39015,605.585,610.605,5.69054,6.57814,5.95703,8.09651,10.586,13.2451,13.2451,0.0,1.0,1
91451,31.05.2024 08:22:57.080000,-279.492,-257.904,10.7972,10.66,10.61,93.8516,2.25355,2.2617,7.75656,8.06466,605.585,610.6,5.47516,5.93143,5.91646,8.04383,10.59,13.2451,13.2451,0.0,1.0,1
91452,31.05.2024 08:22:57.090000,-277.35,-265.402,10.7834,10.634,10.619,93.8323,2.25355,2.2617,7.75656,8.06466,605.61,610.61,5.61084,5.41947,5.98269,8.02934,10.5924,13.2451,13.2451,0.0,1.0,1
91453,31.05.2024 08:22:57.100000,-266.061,-260.788,10.7834,10.66,10.591,93.9359,2.25528,2.26073,8.044,8.13316,605.59,610.63,5.77466,5.14466,5.9693,8.04367,10.5924,12.8906,12.8906,0.0,1.0,1
91454,31.05.2024 08:22:57.110000,-266.061,-260.788,10.8246,10.66,10.591,93.9359,2.25528,2.26073,8.044,8.13316,605.595,610.655,5.64146,5.06475,5.85112,7.58412,10.5959,12.8906,12.8906,0.0,1.0,1
91455,31.05.2024 08:22:57.120000,-258.728,-252.795,10.8815,10.682,10.591,93.8955,2.25373,2.2592,7.93544,7.20181,605.605,610.665,5.69655,5.20842,5.82423,7.41259,10.5959,12.5,12.5,0.0,1.0,1
91456,31.05.2024 08:22:57.130000,-276.114,-253.043,10.8908,10.672,10.607,93.8983,2.25332,2.25938,8.90879,7.23092,605.645,610.685,5.66895,5.34573,5.8069,7.44275,10.5982,10.9881,10.9881,0.0,1.0,1
91457,31.05.2024 08:22:57.140000,-276.114,-253.043,10.8908,10.672,10.607,93.8983,2.25332,2.25938,8.90879,7.23092,605.64,610.69,5.58723,5.15361,5.85472,7.50583,10.601,10.9881,10.9881,0.0,1.0,1
91458,31.05.2024 08:22:57.150000,-276.114,-253.043,10.8908,10.672,10.607,93.8983,2.25332,2.25938,8.90879,7.23092,605.64,610.69,5.58723,5.15361,5.85472,7.50583,10.601,10.9881,10.9881,0.0,1.0,1
91459,31.05.2024 08:22:57.160000,-276.773,-261.447,10.8823,10.655,10.612,93.82,2.25297,2.25971,8.30335,7.66334,605.645,610.675,6.18847,4.93528,5.82692,7.36067,10.601,11.2341,11.2341,0.0,1.0,1
91460,31.05.2024 08:22:57.170000,-276.773,-261.447,10.8823,10.655,10.612,93.82,2.25297,2.25971,8.30335,7.66334,605.645,610.675,6.18847,4.93528,5.82692,7.36067,10.601,11.2341,11.2341,0.0,1.0,1
91461,31.05.2024 08:22:57.180000,-272.241,-259.634,10.8806,10.689,10.6,93.8317,2.25139,2.26054,8.42573,7.4772,605.645,610.655,6.12029,4.41918,5.81198,7.15767,10.6074,10.735,10.735,0.0,1.0,1
91462,31.05.2024 08:22:57.190000,-271.664,-258.151,10.8641,10.768,10.653,93.8412,2.25273,2.26328,8.49886,8.71103,605.63,610.685,5.8396,3.55891,5.81225,7.01508,10.6104,9.98263,9.98263,0.0,1.0,1
91463,31.05.2024 08:22:57.200000,-264.661,-258.151,10.8618,10.737,10.653,93.8654,2.25273,2.26328,8.49886,8.71103,605.62,610.715,5.90247,3.99829,5.58797,6.67716,10.6104,9.06394,9.06394,0.0,1.0,1
91464,31.05.2024 08:22:57.210000,-270.181,-261.365,10.8433,10.701,10.678,93.9013,2.25754,2.26232,8.77049,8.49786,605.625,610.755,5.69305,4.24554,5.61073,6.37649,10.6138,8.47077,8.47077,0.0,1.0,1
91465,31.05.2024 08:22:57.220000,-270.181,-261.365,10.8433,10.701,10.678,93.9013,2.25754,2.26232,8.77049,8.49786,605.665,610.76,5.20704,4.49071,5.71882,6.05459,10.6169,8.47077,8.47077,0.0,1.0,1
91466,31.05.2024 08:22:57.230000,-272.653,-266.473,10.8371,10.715,10.684,93.8933,2.25834,2.26003,8.81294,8.64804,605.655,610.745,5.47572,4.52193,5.76189,5.6593,10.6169,7.55931,7.55931,0.0,1.0,1
91467,31.05.2024 08:22:57.240000,-272.653,-266.473,10.8371,10.715,10.684,93.8933,2.25891,2.25969,9.32187,8.24835,605.665,610.76,5.32641,4.67877,5.75741,5.5629,10.6207,7.55931,7.55931,0.0,1.0,1
91468,31.05.2024 08:22:57.250000,-283.282,-259.964,10.8925,10.756,10.709,93.9287,2.25891,2.25969,9.32187,8.24835,605.67,610.77,4.99755,4.66973,5.71959,5.48928,10.6242,7.54485,7.54485,0.0,1.0,1
91469,31.05.2024 08:22:57.260000,-283.282,-259.964,10.8925,10.756,10.709,93.9287,2.25891,2.25969,9.32187,8.24835,605.67,610.77,4.99755,4.66973,5.71959,5.48928,10.6242,7.54485,7.54485,0.0,1.0,1
91470,31.05.2024 08:22:57.270000,-270.016,-257.986,10.8687,10.767,10.693,93.8993,2.25359,2.25821,8.92081,8.07398,605.665,610.775,5.3402,4.72931,5.73661,5.37123,10.6242,7.54485,7.54485,0.0,1.0,1
91471,31.05.2024 08:22:57.280000,-270.016,-257.986,10.8687,10.767,10.693,93.8993,2.25359,2.25821,8.92081,8.07398,605.665,610.775,5.3402,4.72931,5.73661,5.37123,10.6242,7.54485,7.54485,0.0,1.0,1
91472,31.05.2024 08:22:57.290000,-267.297,-259.222,10.83,10.724,10.667,93.8863,2.24924,2.25747,9.51791,8.58493,605.65,610.81,5.14743,4.77509,5.71861,5.10094,10.6264,6.75637,6.75637,0.0,1.0,1
91473,31.05.2024 08:22:57.300000,-267.297,-259.222,10.83,10.724,10.667,93.8863,2.24924,2.25747,9.51791,8.58493,605.65,610.81,5.14743,4.77509,5.71861,5.10094,10.6264,6.75637,6.75637,0.0,1.0,1
91474,31.05.2024 08:22:57.310000,-268.204,-259.717,10.9259,10.734,10.667,93.9085,2.24506,2.25611,9.24075,9.15056,605.675,610.805,4.69041,5.09714,5.70518,4.90743,10.6334,6.08362,6.08362,0.0,1.0,1
91475,31.05.2024 08:22:57.320000,-278.174,-256.421,10.9187,10.788,10.7,93.8864,2.24283,2.2539,8.97612,8.77104,605.71,610.81,5.27016,4.49203,5.68743,4.69168,10.6369,5.18663,5.18663,0.0,1.0,1
91476,31.05.2024 08:22:57.330000,-273.807,-256.421,10.9184,10.789,10.7,93.9217,2.24283,2.2539,8.97612,8.77104,605.7,610.805,5.29354,4.39609,5.61697,4.59552,10.6403,5.18663,5.18663,0.0,1.0,1
91477,31.05.2024 08:22:57.340000,-271.747,-256.998,10.8931,10.765,10.71,93.8774,2.24724,2.25379,8.96002,9.48282,605.695,610.815,5.2018,4.25881,5.57741,4.57449,10.6403,4.57899,4.57899,0.0,1.0,1
91478,31.05.2024 08:22:57.350000,-271.747,-256.998,10.8931,10.765,10.71,93.8774,2.24724,2.25379,8.96002,9.48282,605.695,610.815,5.2018,4.25881,5.57741,4.57449,10.6403,4.57899,4.57899,0.0,1.0,1
91479,31.05.2024 08:22:57.360000,-271.747,-263.013,10.8931,10.765,10.672,93.8774,2.24683,2.25445,9.77364,8.11528,605.7,610.85,5.06632,4.18227,5.56095,4.41996,10.6432,4.31135,4.31135,0.0,1.0,1
91480,31.05.2024 08:22:57.370000,-271.747,-263.013,10.8931,10.765,10.672,93.8774,2.24683,2.25445,9.77364,8.11528,605.7,610.85,5.06632,4.18227,5.56095,4.41996,10.6432,4.31135,4.31135,0.0,1.0,1
91481,31.05.2024 08:22:57.380000,-261.694,-261.2,10.9064,10.76,10.663,93.883,2.24509,2.255,9.29393,8.81727,605.73,610.905,5.15076,4.43731,5.5842,4.26953,10.6467,4.31135,4.31135,0.0,1.0,1
91482,31.05.2024 08:22:57.390000,-276.196,-251.147,10.8401,10.777,10.698,93.8416,2.17857,2.20524,9.00579,8.91593,605.765,610.855,5.26897,4.67277,5.67066,4.25818,10.6501,3.76157,3.76157,0.0,1.0,1
91483,31.05.2024 08:22:57.400000,-276.196,-251.147,10.8401,10.777,10.698,93.8416,2.17803,2.2051,8.88825,8.26928,605.795,610.85,5.40385,3.91903,5.75438,4.31703,10.6535,3.76157,3.76157,0.0,1.0,1
91484,31.05.2024 08:22:57.410000,-275.207,-259.717,10.8881,10.768,10.721,93.8784,2.17803,2.2051,8.88825,8.26928,605.815,610.865,5.90259,3.71379,5.64542,4.20776,10.6574,3.21905,3.21905,0.0,1.0,1
91485,31.05.2024 08:22:57.420000,-271.912,-257.739,10.8881,10.79,10.669,93.8914,2.17851,2.20632,7.86112,8.06352,605.81,610.88,6.48238,3.72066,5.58754,4.34407,10.6574,3.21905,3.21905,0.0,1.0,1
91486,31.05.2024 08:22:57.430000,-271.912,-257.739,10.876,10.79,10.669,93.8914,2.17851,2.20632,7.86112,8.06352,605.79,610.895,6.60591,3.86878,5.49866,4.21258,10.6612,3.21905,3.21905,0.0,1.0,1
91487,31.05.2024 08:22:57.440000,-265.073,-259.634,10.9227,10.782,10.722,93.8579,2.17999,2.20635,8.74428,8.13524,605.795,610.915,6.80113,3.72718,5.59016,4.14796,10.6612,3.21905,3.21905,0.0,1.0,1
91488,31.05.2024 08:22:57.450000,-265.073,-259.634,10.9227,10.782,10.722,93.8579,2.17999,2.20635,8.74428,8.13524,605.795,610.915,6.80113,3.72718,5.59016,4.14796,10.6612,3.21905,3.21905,0.0,1.0,1
91489,31.05.2024 08:22:57.460000,-272.324,-260.129,10.843,10.814,10.711,93.8579,2.18547,2.2081,8.56627,8.16832,605.78,610.94,6.43193,3.89177,5.60495,4.1488,10.6648,3.22627,3.22627,0.0,1.0,1
91490,31.05.2024 08:22:57.470000,-272.324,-260.129,10.843,10.814,10.711,93.8579,2.18547,2.2081,8.56627,8.16832,605.78,610.94,6.43193,3.89177,5.60495,4.1488,10.6648,3.22627,3.22627,0.0,1.0,1
91491,31.05.2024 08:22:57.480000,-272.406,-260.376,10.9073,10.814,10.719,93.8569,2.18651,2.20557,9.27458,8.47422,605.8,610.96,5.72725,4.31314,5.73665,3.97667,10.6694,2.76331,2.76331,0.0,1.0,1
91492,31.05.2024 08:22:57.490000,-274.466,-262.848,10.864,10.803,10.755,93.8318,2.18817,2.20357,8.5135,7.70878,605.89,610.975,5.7659,4.21238,5.75322,3.95919,10.6754,2.76331,2.76331,0.0,1.0,1
91493,31.05.2024 08:22:57.500000,-274.219,-259.552,10.8899,10.793,10.705,93.9018,2.18403,2.20375,9.41918,7.31293,605.935,610.99,6.33225,4.45841,5.69353,3.80188,10.6754,1.56973,1.56973,0.0,1.0,1
91494,31.05.2024 08:22:57.510000,-274.219,-259.552,10.8899,10.793,10.705,93.9018,2.18403,2.20375,9.41918,7.31293,605.935,610.985,7.00488,4.45143,5.81962,3.80731,10.6794,1.56973,1.56973,0.0,1.0,1
91495,31.05.2024 08:22:57.520000,-269.275,-262.106,10.941,10.814,10.732,93.8856,2.18071,2.20394,9.40318,8.12003,605.945,611.0,7.34061,4.35975,5.91401,3.87243,10.6794,1.38166,1.38166,0.0,1.0,1
91496,31.05.2024 08:22:57.530000,-272.818,-259.717,10.9225,10.803,10.686,93.8852,2.17926,2.20341,9.24472,8.44646,605.885,610.99,7.1501,4.40795,5.84295,3.73462,10.6821,0.831887,0.831887,0.0,1.0,1
91497,31.05.2024 08:22:57.540000,-272.818,-259.717,10.9225,10.803,10.686,93.8852,2.17926,2.20341,9.24472,8.44646,605.885,610.99,7.1501,4.40795,5.84295,3.73462,10.6821,0.831887,0.831887,0.0,1.0,1
91498,31.05.2024 08:22:57.550000,-272.818,-259.717,10.9225,10.803,10.686,93.8852,2.17397,2.20104,9.12034,8.4473,605.89,611.01,6.83027,4.25809,5.8043,3.74551,10.6864,0.875294,0.875294,0.0,1.0,1
91499,31.05.2024 08:22:57.560000,-256.421,-258.316,10.9157,10.788,10.689,93.8894,2.17232,2.20038,9.47777,8.18106,605.925,611.115,5.69054,4.5382,5.91167,3.73551,10.6892,0.875294,0.875294,0.0,1.0,1
