,time,Pinceur Inf Mesure de courant,Pinceur Sup Mesure de courant,Mandrin - Vitesse Actuelle,Pinceur Sup Mesure vitesse lineaire,Pinceur Inf Mesure vitesse lineaire,Mandrin - Mesure Expansion,Pinceur Nord Position entrefer estimee,Pinceur Sud Position entrefer estimee,Pinceur Nord Force entrefer calibree,Pinceur Sud Force entrefer calibree,Guides Nord Entree Position mesuree,Guides Nord Sortie Position mesuree,Guides Nord Entree Force pour regulateur PI,Guides Nord Sortie Force pour regulateur PI,Guides Sud Entree Force pour regulateur PI,Guides Sud Sortie Force pour regulateur PI,Mandrin - Vitesse Actuelle F10,_Excentrage largeur bande jauge bob,_Excentrage largeur bande jauge bob.1,TDB pinceur,Fenetre,Declancheur
107100,31.05.2024 12:56:14.050000,-34.3597,100.937,10.968,12.34,12.34,31.8997,2.38169,2.17701,23.1152,17.0422,522.73,523.59,4.74564,8.40059,0.187572,0.784849,10.3189,100.246,100.246,1.0,1.0,1
107101,31.05.2024 12:56:14.060000,-18.5394,110.577,10.9626,12.22,12.28,31.9456,2.38447,2.19286,23.1152,17.0422,522.73,523.59,4.74564,8.40059,0.187572,0.784849,10.3167,100.246,100.246,1.0,1.0,1
107102,31.05.2024 12:56:14.070000,-18.5394,110.577,10.9626,12.22,12.28,31.9456,2.38447,2.19286,23.1152,17.0422,522.73,523.59,4.74564,8.40059,0.187572,0.784849,10.3167,100.246,100.246,1.0,1.0,1
107103,31.05.2024 12:56:14.080000,-18.5394,110.577,10.9626,12.22,12.28,31.9456,2.32317,2.30433,26.5599,20.2595,521.15,521.875,5.23075,8.5116,0.202011,0.728395,10.3137,100.224,100.224,1.0,1.0,1
107104,31.05.2024 12:56:14.090000,-18.5394,110.577,10.9626,12.22,12.28,31.9456,2.32317,2.30433,26.5599,20.2595,521.15,521.875,5.23075,8.5116,0.202011,0.728395,10.3137,100.224,100.224,1.0,1.0,1
107105,31.05.2024 12:56:14.100000,88.33,153.342,10.9673,12.164,12.115,31.9118,2.18936,2.34392,24.5681,31.2158,519.31,520.16,6.32281,8.54586,0.207474,0.795064,10.3118,100.217,100.217,1.0,1.0,1
107106,31.05.2024 12:56:14.110000,88.33,153.342,10.9673,12.164,12.115,31.9118,2.18936,2.34392,24.5681,31.2158,519.31,520.16,6.32281,8.54586,0.207474,0.795064,10.3118,100.217,100.217,1.0,1.0,1
107107,31.05.2024 12:56:14.120000,108.517,180.038,10.9692,12.128,12.054,31.9177,2.02068,2.31034,17.5012,34.6805,517.46,518.365,6.34212,8.72914,0.233402,0.804384,10.3089,98.6835,98.6835,1.0,1.0,1
107108,31.05.2024 12:56:14.130000,148.315,234.668,10.9572,12.064,11.873,31.797,2.01804,2.26241,9.23185,25.8,514.38,514.94,5.93558,8.38326,0.231972,0.762018,10.3068,99.1536,99.1536,1.0,1.0,1
107109,31.05.2024 12:56:14.140000,192.398,295.642,10.9511,12.005,11.881,31.8005,2.05737,2.23317,9.23185,25.8,514.38,514.94,5.93558,8.38326,0.231972,0.762018,10.3045,99.1536,99.1536,1.0,1.0,1
107110,31.05.2024 12:56:14.150000,192.398,295.642,10.9511,12.005,11.881,31.8005,2.1793,2.18429,14.0127,25.7848,512.705,513.39,7.3197,8.42657,0.155647,0.718072,10.3022,95.7176,95.7176,1.0,1.0,1
107111,31.05.2024 12:56:14.160000,192.398,295.642,10.9511,12.005,11.881,31.8005,2.1793,2.18429,14.0127,25.7848,512.705,513.39,7.3197,8.42657,0.155647,0.718072,10.3022,95.7176,95.7176,1.0,1.0,1
107112,31.05.2024 12:56:14.170000,247.275,310.721,10.9544,11.997,11.674,31.8618,2.21948,2.1589,21.0263,16.7272,510.915,511.74,8.10803,9.37164,0.230655,0.7325,10.3022,95.7176,95.7176,1.0,1.0,1
107113,31.05.2024 12:56:14.180000,338.406,393.86,10.9555,11.802,11.549,31.78,2.24909,2.13441,19.2644,13.7141,509.225,510.025,8.06246,9.94592,0.277935,0.704938,10.2988,89.945,89.945,1.0,1.0,1
107114,31.05.2024 12:56:14.190000,338.406,393.86,10.9555,11.802,11.549,31.78,2.24909,2.13441,19.2644,13.7141,509.225,510.025,8.06246,9.94592,0.277935,0.704938,10.2988,89.945,89.945,1.0,1.0,1
107115,31.05.2024 12:56:14.200000,396.414,473.373,10.9542,11.637,11.431,31.9109,2.16771,2.15821,21.2506,16.881,507.55,508.275,8.02885,10.1134,0.201877,0.632694,10.2988,86.2702,86.2702,1.0,1.0,1
107116,31.05.2024 12:56:14.210000,459.201,544.812,10.9497,11.67,11.391,31.7675,2.08384,2.16646,15.0289,19.6647,505.805,506.53,8.04325,10.2284,0.236908,0.667673,10.2968,88.057,88.057,1.0,1.0,1
107117,31.05.2024 12:56:14.220000,500.812,563.763,10.9393,11.622,11.333,31.6906,2.04621,2.17282,15.0289,19.6647,505.805,506.53,8.04325,10.2284,0.236908,0.667673,10.2955,88.057,88.057,1.0,1.0,1
107118,31.05.2024 12:56:14.230000,500.812,563.763,10.9393,11.622,11.333,31.6906,2.02911,2.20243,11.9009,16.0838,504.1,504.8,7.82251,10.1907,0.150486,0.595951,10.2944,87.9991,87.9991,1.0,1.0,1
107119,31.05.2024 12:56:14.240000,537.726,606.363,10.9434,11.547,11.318,31.6124,2.04098,2.21129,10.0072,19.6472,502.385,503.14,7.50906,9.69712,0.134857,0.626546,10.2944,87.6302,87.6302,1.0,1.0,1
107120,31.05.2024 12:56:14.250000,576.04,619.299,10.9434,11.423,11.279,31.6214,2.0779,2.21529,10.0072,19.6472,502.385,503.14,7.50906,9.69712,0.134857,0.626546,10.2926,87.6302,87.6302,1.0,1.0,1
107121,31.05.2024 12:56:14.260000,576.04,619.299,10.9375,11.423,11.279,31.6214,2.1173,2.21837,14.3798,23.6424,500.66,501.6,7.1941,9.71283,0.129116,0.661939,10.2909,84.3605,84.3605,1.0,1.0,1
107122,31.05.2024 12:56:14.270000,565.494,607.763,10.9348,11.379,11.175,31.5764,2.1941,2.21057,14.3798,23.6424,500.66,501.6,7.1941,9.71283,0.129116,0.661939,10.2909,80.0637,80.0637,1.0,1.0,1
107123,31.05.2024 12:56:14.280000,568.378,610.73,10.9348,11.32,11.073,31.5764,2.21081,2.20506,18.9567,21.0991,498.975,499.975,7.00085,10.6785,0.106926,0.634393,10.289,80.0637,80.0637,1.0,1.0,1
107124,31.05.2024 12:56:14.290000,568.378,610.73,10.9413,11.32,11.073,31.5435,2.21205,2.20085,18.3561,17.9555,497.285,498.315,6.7842,11.511,0.157642,0.635818,10.289,77.3799,77.3799,1.0,1.0,1
107125,31.05.2024 12:56:14.300000,562.939,608.258,10.9205,11.235,11.072,31.6044,2.19576,2.19856,18.3561,17.9555,497.285,498.315,6.7842,11.511,0.157642,0.635818,10.2871,77.3799,77.3799,1.0,1.0,1
107126,31.05.2024 12:56:14.310000,562.939,608.258,10.9205,11.235,11.072,31.6044,2.11706,2.19357,20.2402,19.6413,495.535,496.57,6.86729,11.9933,0.186046,0.600965,10.2854,76.1863,76.1863,1.0,1.0,1
107127,31.05.2024 12:56:14.320000,562.362,609.823,10.9223,11.162,11.052,31.7483,2.07917,2.1901,15.9747,21.0456,493.76,494.85,6.54542,12.2784,0.163936,0.576641,10.2854,73.3652,73.3652,1.0,1.0,1
107128,31.05.2024 12:56:14.330000,555.029,594.415,10.9223,11.157,11.057,31.7134,2.05039,2.18677,15.9747,21.0456,493.76,494.85,6.54542,12.2784,0.163936,0.576641,10.284,73.3652,73.3652,1.0,1.0,1
107129,31.05.2024 12:56:14.340000,555.029,594.415,10.9223,11.157,11.057,31.7134,2.05039,2.18677,15.9747,21.0456,493.76,494.85,6.54542,12.2784,0.163936,0.576641,10.284,73.3652,73.3652,1.0,1.0,1
107130,31.05.2024 12:56:14.350000,555.029,594.415,10.9231,11.157,11.057,31.7134,2.02925,2.18312,13.1511,20.2961,492.035,493.12,5.9512,12.0388,0.213398,0.537088,10.2831,73.3652,73.3652,1.0,1.0,1
107131,31.05.2024 12:56:14.360000,562.115,608.175,10.9268,11.063,10.975,31.7074,2.03475,2.17938,13.5312,16.9746,490.35,491.54,5.63335,11.8383,0.188576,0.580467,10.2816,73.3218,73.3218,1.0,1.0,1
107132,31.05.2024 12:56:14.370000,562.115,608.175,10.9243,11.063,10.975,31.6848,2.04725,2.17616,12.0515,19.9913,488.755,490.02,5.48327,12.315,0.257686,0.631692,10.2816,68.7355,68.7355,1.0,1.0,1
107133,31.05.2024 12:56:14.380000,565.082,606.445,10.9194,10.993,10.882,31.6802,2.06261,2.17158,12.0515,19.9913,488.755,490.02,5.48327,12.315,0.257686,0.631692,10.2804,68.7355,68.7355,1.0,1.0,1
107134,31.05.2024 12:56:14.390000,565.082,606.445,10.9194,10.993,10.882,31.6802,2.07998,2.16037,13.7393,20.3507,487.095,488.425,5.80162,13.5187,0.21067,0.646852,10.2786,68.7355,68.7355,1.0,1.0,1
107135,31.05.2024 12:56:14.400000,565.082,606.445,10.9194,10.993,10.882,31.6802,2.07998,2.16037,13.7393,20.3507,487.095,488.425,5.80162,13.5187,0.21067,0.646852,10.2786,68.7355,68.7355,1.0,1.0,1
107136,31.05.2024 12:56:14.410000,553.464,607.187,10.9192,10.893,10.868,31.7007,2.0819,2.15907,13.5022,15.5025,485.41,486.75,6.20228,14.3912,0.166126,0.660425,10.2786,66.4424,66.4424,1.0,1.0,1
107137,31.05.2024 12:56:14.420000,553.464,607.187,10.9192,10.893,10.868,31.7007,2.0819,2.15907,13.5022,15.5025,485.41,486.75,6.20228,14.3912,0.166126,0.660425,10.2786,66.4424,66.4424,1.0,1.0,1
107138,31.05.2024 12:56:14.430000,556.183,597.876,10.9282,10.9,10.785,31.7079,2.07966,2.16257,15.1663,16.7051,483.7,485.035,6.51198,14.728,0.244442,0.638753,10.275,69.8061,69.8061,1.0,1.0,1
107139,31.05.2024 12:56:14.440000,556.183,597.876,10.9282,10.9,10.785,31.7079,2.07966,2.16257,15.1663,16.7051,483.7,485.035,6.51198,14.728,0.244442,0.638753,10.275,69.8061,69.8061,1.0,1.0,1
107140,31.05.2024 12:56:14.450000,517.126,573.651,10.9316,10.753,10.765,31.6654,2.09216,2.17505,15.0301,19.7333,482.0,483.34,6.75373,14.9629,0.2397,0.638931,10.2737,69.8061,69.8061,1.0,1.0,1
107141,31.05.2024 12:56:14.460000,517.126,573.651,10.9316,10.753,10.765,31.6654,2.09216,2.17505,15.0301,19.7333,482.0,483.34,6.75373,14.9629,0.2397,0.638931,10.2737,69.8061,69.8061,1.0,1.0,1
107142,31.05.2024 12:56:14.470000,493.808,549.838,10.9332,10.69,10.725,31.6484,2.10895,2.17584,15.8046,22.1933,480.29,481.665,6.63105,14.897,0.204796,0.726732,10.273,69.8061,69.8061,1.0,1.0,1
107143,31.05.2024 12:56:14.480000,493.808,549.838,10.9332,10.69,10.725,31.6484,2.10895,2.17584,15.8046,22.1933,480.29,481.665,6.63105,14.897,0.204796,0.726732,10.273,69.8061,69.8061,1.0,1.0,1
107144,31.05.2024 12:56:14.490000,472.961,536.572,10.9349,10.688,10.719,31.7461,2.09487,2.17357,17.2646,21.1102,476.85,478.34,6.22604,15.1335,0.152576,0.739809,10.2711,73.6111,73.6111,1.0,1.0,1
107145,31.05.2024 12:56:14.500000,472.961,536.572,10.9349,10.688,10.719,31.7461,2.09487,2.17357,17.2646,21.1102,476.85,478.34,6.22604,15.1335,0.152576,0.739809,10.2711,73.6111,73.6111,1.0,1.0,1
107146,31.05.2024 12:56:14.510000,464.062,512.1,10.9418,10.648,10.578,31.8898,2.04713,2.16361,17.3567,22.2996,475.165,476.685,6.0135,15.2021,0.091831,0.782136,10.2687,72.5694,72.5694,1.0,1.0,1
107147,31.05.2024 12:56:14.520000,404.901,461.014,10.9421,10.424,10.5,31.854,1.99232,2.13447,14.1319,19.824,473.485,475.05,5.89141,15.4351,0.0976636,0.753932,10.2674,70.6452,70.6452,1.0,1.0,1
107148,31.05.2024 12:56:14.530000,404.901,461.014,10.9458,10.424,10.5,31.8807,1.99221,2.13226,13.1719,18.6625,471.805,473.44,5.81581,15.9097,0.167732,0.692531,10.2674,67.3539,67.3539,1.0,1.0,1
107149,31.05.2024 12:56:14.540000,386.938,439.755,10.9486,10.392,10.421,31.8567,2.00101,2.1321,13.1719,18.6625,471.805,473.44,5.81581,15.9097,0.167732,0.692531,10.266,67.3539,67.3539,1.0,1.0,1
107150,31.05.2024 12:56:14.550000,386.938,439.755,10.9486,10.392,10.421,31.8567,2.04502,2.126,13.8723,17.2362,470.075,471.77,5.88845,16.475,0.144333,0.684278,10.2656,67.3322,67.3322,1.0,1.0,1
107151,31.05.2024 12:56:14.560000,386.938,439.755,10.9486,10.392,10.421,31.8567,2.04502,2.126,13.8723,17.2362,470.075,471.77,5.88845,16.475,0.144333,0.684278,10.2656,67.3322,67.3322,1.0,1.0,1
107152,31.05.2024 12:56:14.570000,368.481,420.145,10.9399,10.397,10.355,31.6646,2.0658,2.12506,16.5276,18.5777,468.38,470.155,5.52215,16.676,0.194771,0.711889,10.2656,63.5995,63.5995,1.0,1.0,1
107153,31.05.2024 12:56:14.580000,347.882,396.744,10.9418,10.317,10.325,31.6982,2.08371,2.12386,17.6704,16.7346,466.655,468.52,5.41175,17.1085,0.228725,0.666254,10.2651,59.5414,59.5414,1.0,1.0,1
107154,31.05.2024 12:56:14.590000,329.59,372.436,10.9461,10.266,10.29,31.6791,2.04947,2.10988,17.6704,16.7346,466.655,468.52,5.41175,17.1085,0.228725,0.666254,10.2651,56.1777,56.1777,1.0,1.0,1
107155,31.05.2024 12:56:14.600000,329.59,372.436,10.9461,10.266,10.29,31.6791,2.04947,2.10988,17.6704,16.7346,466.655,468.52,5.41175,17.1085,0.228725,0.666254,10.2651,56.1777,56.1777,1.0,1.0,1
107156,31.05.2024 12:56:14.610000,310.226,352.908,10.9461,10.253,10.263,31.6791,2.00703,2.10338,17.6701,16.906,464.945,466.885,5.09315,17.5295,0.164451,0.689548,10.2637,52.6114,52.6114,1.0,1.0,1
107157,31.05.2024 12:56:14.620000,310.226,352.908,10.9461,10.253,10.263,31.6791,2.00703,2.10338,17.6701,16.906,464.945,466.885,5.09315,17.5295,0.164451,0.689548,10.2637,52.6114,52.6114,1.0,1.0,1
107158,31.05.2024 12:56:14.630000,297.867,330.908,10.9376,10.26,10.237,31.9557,1.9042,2.05838,14.8103,15.6088,463.23,465.235,4.78734,17.9206,0.166069,0.701736,10.2631,50.0723,50.0723,1.0,1.0,1
107159,31.05.2024 12:56:14.640000,277.103,306.601,10.9298,10.196,10.349,31.9458,1.78638,2.0265,6.01238,8.81891,459.78,461.92,3.92475,18.2567,0.269371,0.684112,10.2621,50.0723,50.0723,1.0,1.0,1
107160,31.05.2024 12:56:14.650000,280.316,298.773,10.9298,10.234,10.326,31.9296,1.78146,1.99684,6.01238,8.81891,459.78,461.92,3.92475,18.2567,0.269371,0.684112,10.261,50.0723,50.0723,1.0,1.0,1
107161,31.05.2024 12:56:14.660000,280.316,298.773,10.9298,10.234,10.326,31.9296,1.78146,1.99684,6.01238,8.81891,459.78,461.92,3.92475,18.2567,0.269371,0.684112,10.261,50.0723,50.0723,1.0,1.0,1
107162,31.05.2024 12:56:14.670000,280.316,298.773,10.9345,10.234,10.326,31.9296,1.78735,1.97418,5.92676,10.4983,458.165,460.345,3.73062,18.806,0.277393,0.630022,10.2592,50.0434,50.0434,1.0,1.0,1
107163,31.05.2024 12:56:14.680000,279.986,296.713,10.9267,10.277,10.387,31.8676,1.87966,1.95266,6.79567,5.1532,456.53,458.75,3.82676,19.3942,0.726692,0.713373,10.2591,46.8316,46.8316,1.0,1.0,1
107164,31.05.2024 12:56:14.690000,280.316,298.773,10.9345,10.234,10.326,31.9296,1.78735,1.97418,5.92676,10.4983,458.165,460.345,3.73062,18.806,0.277393,0.630022,10.2592,50.0434,50.0434,1.0,1.0,1
107165,31.05.2024 12:56:14.700000,277.762,301.822,10.9098,10.342,10.388,31.8345,1.93659,1.96191,5.92676,10.4983,458.165,460.345,3.73062,18.806,0.277393,0.630022,10.2583,50.0434,50.0434,1.0,1.0,1
107166,31.05.2024 12:56:14.710000,277.762,301.822,10.9098,10.342,10.388,31.8345,1.95263,1.97735,12.7922,10.3897,453.225,455.58,4.23518,20.4587,1.33264,0.853406,10.257,40.0825,40.0825,1.0,1.0,1
107167,31.05.2024 12:56:14.720000,277.762,301.822,10.9098,10.342,10.388,31.8345,1.95263,1.97735,12.7922,10.3897,453.225,455.58,4.23518,20.4587,1.33264,0.853406,10.257,40.0825,40.0825,1.0,1.0,1
107168,31.05.2024 12:56:14.730000,283.118,304.871,10.9136,10.366,10.409,31.7687,1.94055,1.98445,11.9794,6.31139,451.59,453.96,4.46889,21.2318,1.88948,0.878255,10.257,40.0825,40.0825,1.0,1.0,1
107169,31.05.2024 12:56:14.740000,283.118,304.871,10.9136,10.366,10.409,31.7687,1.94055,1.98445,11.9794,6.31139,451.59,453.96,4.46889,21.2318,1.88948,0.878255,10.257,40.0825,40.0825,1.0,1.0,1
107170,31.05.2024 12:56:14.750000,285.507,304.541,10.8918,10.408,10.393,31.791,1.8928,2.00888,10.6013,5.42233,449.98,452.34,4.97273,22.0623,2.59499,0.920648,10.2554,37.8545,37.8545,1.0,1.0,1
107171,31.05.2024 12:56:14.760000,279.904,307.837,10.8875,10.443,10.506,31.7472,1.82937,2.01323,9.0354,10.7586,448.535,450.73,5.47316,22.418,2.68879,0.883012,10.2546,37.7098,37.7098,1.0,1.0,1
107172,31.05.2024 12:56:14.770000,279.904,307.837,10.8896,10.443,10.506,31.7344,1.82463,2.01711,7.62784,10.0887,447.21,449.215,7.01817,22.9837,2.83537,0.827161,10.2546,37.7098,37.7098,1.0,1.0,1
107173,31.05.2024 12:56:14.780000,283.365,308.578,10.8872,10.433,10.544,31.7443,1.82934,2.01554,7.62784,10.0887,447.21,449.215,7.01817,22.9837,2.83537,0.827161,10.254,37.7098,37.7098,1.0,1.0,1
107174,31.05.2024 12:56:14.790000,283.365,308.578,10.8872,10.433,10.544,31.7443,1.84651,2.00854,7.83299,7.63642,446.115,447.74,6.24593,16.4926,4.96374,1.20262,10.2536,38.8961,38.8961,1.0,1.0,1
107175,31.05.2024 12:56:14.800000,283.365,308.578,10.8872,10.433,10.544,31.7443,1.84651,2.00854,7.83299,7.63642,446.115,447.74,6.24593,16.4926,4.96374,1.20262,10.2536,38.8961,38.8961,1.0,1.0,1
107176,31.05.2024 12:56:14.810000,280.481,310.968,10.8811,10.497,10.546,31.7456,1.86345,2.00435,8.52296,8.58545,446.245,448.335,3.25351,5.03651,7.52261,2.5863,10.2536,40.0752,40.0752,1.0,1.0,1
107177,31.05.2024 12:56:14.820000,286.99,307.342,10.8448,10.564,10.629,31.6832,1.87937,1.98536,9.71368,10.9567,445.925,449.475,4.23803,6.39788,9.07016,5.57344,10.2525,41.5799,41.5799,1.0,1.0,1
107178,31.05.2024 12:56:14.830000,286.99,307.342,10.8448,10.564,10.629,31.6832,1.87937,1.98536,9.71368,10.9567,445.925,449.475,4.23803,6.39788,9.07016,5.57344,10.2525,41.5799,41.5799,1.0,1.0,1
107179,31.05.2024 12:56:14.840000,280.646,310.474,10.8554,10.581,10.64,31.6585,1.87496,1.98335,10.6206,6.56961,446.305,449.61,1.83421,9.9809,9.8295,8.70638,10.2525,41.5799,41.5799,1.0,1.0,1
107180,31.05.2024 12:56:14.850000,284.106,307.342,10.7966,10.557,10.688,31.6156,1.85891,1.97146,9.37433,4.74683,446.43,449.765,3.85065,7.8913,10.2243,9.56511,10.2525,38.3681,38.3681,1.0,1.0,1
107181,31.05.2024 12:56:14.860000,285.672,315.005,10.779,10.563,10.702,31.5427,1.85341,1.96798,9.37433,4.74683,446.43,449.765,3.85065,7.8913,10.2243,9.56511,10.2519,38.3681,38.3681,1.0,1.0,1
107182,31.05.2024 12:56:14.870000,285.672,315.005,10.779,10.563,10.702,31.5427,1.85341,1.96798,9.37433,4.74683,446.43,449.765,3.85065,7.8913,10.2243,9.56511,10.2519,38.3681,38.3681,1.0,1.0,1
107183,31.05.2024 12:56:14.880000,285.672,315.005,10.779,10.563,10.702,31.5427,1.85311,1.96871,9.76884,9.19862,446.565,450.255,4.72579,6.58705,10.0724,8.39349,10.2509,38.4838,38.4838,1.0,1.0,1
107184,31.05.2024 12:56:14.890000,285.672,315.005,10.779,10.563,10.702,31.5427,1.85311,1.96871,9.76884,9.19862,446.565,450.255,4.72579,6.58705,10.0724,8.39349,10.2509,38.4838,38.4838,1.0,1.0,1
107185,31.05.2024 12:56:14.900000,284.848,306.354,10.7959,10.61,10.643,31.8971,1.86552,1.98463,9.12582,6.90168,446.705,450.64,6.88413,7.31105,8.88826,6.37769,10.2512,36.6826,36.6826,1.0,1.0,1
107186,31.05.2024 12:56:14.910000,288.473,303.882,10.6756,10.639,10.616,32.4922,1.87297,1.98522,9.36503,7.65954,446.61,450.815,8.49636,7.46232,7.30538,5.54559,10.2509,33.5142,33.5142,1.0,1.0,1
107187,31.05.2024 12:56:14.920000,282.046,304.871,10.6756,10.618,10.659,32.4922,1.86986,1.98661,10.6648,6.26792,446.58,450.915,9.30425,6.70598,6.04622,5.86242,10.2507,33.5142,33.5142,1.0,1.0,1
107188,31.05.2024 12:56:14.930000,282.046,304.871,10.6674,10.618,10.659,33.2274,1.85854,1.98204,9.1865,7.86836,446.47,451.11,9.76233,5.82407,5.40517,6.53826,10.2507,32.7257,32.7257,1.0,1.0,1
107189,31.05.2024 12:56:14.940000,284.683,312.369,10.6603,10.603,10.659,33.8992,1.84118,1.98164,9.1865,7.86836,446.47,451.11,9.76233,5.82407,5.40517,6.53826,10.2507,32.7257,32.7257,1.0,1.0,1
107190,31.05.2024 12:56:14.950000,284.683,312.369,10.6603,10.603,10.659,33.8992,1.81568,1.97928,9.89788,7.63,446.46,451.3,9.19526,4.87475,5.76188,6.52993,10.2506,32.7257,32.7257,1.0,1.0,1
107191,31.05.2024 12:56:14.960000,284.683,312.369,10.6603,10.603,10.659,33.8992,1.81568,1.97928,9.89788,7.63,446.46,451.3,9.19526,4.87475,5.76188,6.52993,10.2506,32.7257,32.7257,1.0,1.0,1
107192,31.05.2024 12:56:14.970000,292.84,310.721,10.5787,10.634,10.63,34.6192,1.80555,1.97346,8.66033,8.86178,446.505,451.465,8.88637,4.22401,6.72867,6.40015,10.2506,32.7619,32.7619,1.0,1.0,1
107193,31.05.2024 12:56:14.980000,281.799,313.357,10.5221,10.647,10.567,35.5109,1.81178,1.97472,8.51462,8.15652,446.585,451.6,8.81185,3.88713,7.55531,6.67059,10.251,32.4653,32.4653,1.0,1.0,1
107194,31.05.2024 12:56:14.990000,293.088,311.38,10.5355,10.61,10.536,36.5955,1.83634,1.98707,8.51462,8.15652,446.585,451.6,8.81185,3.88713,7.55531,6.67059,10.251,31.5176,31.5176,1.0,1.0,1
107195,31.05.2024 12:56:15.000000,277.35,314.346,10.5355,10.596,10.526,36.5955,1.86025,1.99107,10.5381,8.87149,446.635,451.745,9.1162,3.40626,7.96832,6.78479,10.2512,31.5176,31.5176,1.0,1.0,1
107196,31.05.2024 12:56:15.010000,277.35,314.346,10.5031,10.596,10.526,37.548,1.88061,1.99106,10.5629,11.1482,446.67,451.905,9.60688,3.13822,7.78054,6.7187,10.2512,30.4181,30.4181,1.0,1.0,1
107197,31.05.2024 12:56:15.020000,292.676,310.968,10.4394,10.504,10.53,38.5319,1.8929,1.99052,10.5629,11.1482,446.67,451.905,9.60688,3.13822,7.78054,6.7187,10.2511,30.4181,30.4181,1.0,1.0,1
107198,31.05.2024 12:56:15.030000,292.676,310.968,10.4394,10.504,10.53,38.5319,1.90297,2.0007,11.4479,10.3988,446.675,452.04,9.90367,3.41055,7.35879,6.78461,10.251,28.1395,28.1395,1.0,1.0,1
107199,31.05.2024 12:56:15.040000,292.676,310.968,10.4394,10.504,10.53,38.5319,1.90297,2.0007,11.4479,10.3988,446.675,452.04,9.90367,3.41055,7.35879,6.78461,10.251,28.1395,28.1395,1.0,1.0,1
107200,31.05.2024 12:56:15.050000,296.054,307.837,10.452,10.555,10.449,39.5843,1.896,2.00386,11.551,8.20323,446.68,452.05,9.89454,3.79964,6.95864,6.84638,10.251,24.9421,24.9421,1.0,1.0,1
107201,31.05.2024 12:56:15.060000,296.054,307.837,10.452,10.555,10.449,39.5843,1.896,2.00386,11.551,8.20323,446.68,452.05,9.89454,3.79964,6.95864,6.84638,10.251,24.9421,24.9421,1.0,1.0,1
107202,31.05.2024 12:56:15.070000,283.694,312.863,10.442,10.538,10.403,40.6245,1.8768,1.99877,12.7672,10.8449,446.7,452.025,9.73722,3.74956,6.72784,6.95393,10.2511,24.9421,24.9421,1.0,1.0,1
107203,31.05.2024 12:56:15.080000,283.2,315.747,10.3294,10.442,10.395,41.7266,1.85458,1.99169,12.1157,12.9917,446.73,452.075,9.59501,3.19667,6.54614,7.07459,10.2517,24.9349,24.9349,1.0,1.0,1
107204,31.05.2024 12:56:15.090000,283.2,315.747,10.3222,10.442,10.395,42.9181,1.85264,1.99309,12.1558,11.1901,446.765,452.15,9.50563,2.90832,6.47647,7.08905,10.2517,23.1409,23.1409,1.0,1.0,1
107205,31.05.2024 12:56:15.100000,290.039,311.05,10.3412,10.45,10.344,44.0664,1.84909,1.99526,12.1558,11.1901,446.765,452.15,9.50563,2.90832,6.47647,7.08905,10.2506,23.1409,23.1409,1.0,1.0,1
107206,31.05.2024 12:56:15.110000,290.039,311.05,10.3412,10.45,10.344,44.0664,1.86087,1.99582,11.9747,8.91959,446.785,452.165,9.29076,2.83992,6.38808,7.0667,10.2505,23.1409,23.1409,1.0,1.0,1
107207,31.05.2024 12:56:15.120000,290.039,311.05,10.3412,10.45,10.344,44.0664,1.86087,1.99582,11.9747,8.91959,446.785,452.165,9.29076,2.83992,6.38808,7.0667,10.2505,23.1409,23.1409,1.0,1.0,1
107208,31.05.2024 12:56:15.130000,283.777,315.417,10.3249,10.397,10.334,45.2611,1.86288,2.00107,12.328,14.8265,446.84,452.165,9.10486,2.74289,6.40215,7.03057,10.2505,23.1409,23.1409,1.0,1.0,1
107209,31.05.2024 12:56:15.140000,283.777,315.417,10.3249,10.397,10.334,45.2611,1.86288,2.00107,12.328,14.8265,446.84,452.165,9.10486,2.74289,6.40215,7.03057,10.2505,23.1409,23.1409,1.0,1.0,1
107210,31.05.2024 12:56:15.150000,295.148,309.155,10.2512,10.355,10.323,46.4116,1.8589,1.99791,13.9508,10.8701,446.91,452.175,8.7858,2.60425,6.6029,7.07328,10.25,21.8533,21.8533,1.0,1.0,1
107211,31.05.2024 12:56:15.160000,292.428,308.002,10.246,10.332,10.252,47.572,1.81259,1.96709,12.4091,10.5209,447.0,452.2,8.76785,2.39472,6.71951,7.01704,10.2499,21.101,21.101,1.0,1.0,1
107212,31.05.2024 12:56:15.170000,292.428,308.002,10.266,10.332,10.252,48.8356,1.80074,1.96469,9.4741,9.23707,447.045,452.23,8.75741,2.35925,6.84327,7.08891,10.2499,21.101,21.101,1.0,1.0,1
107213,31.05.2024 12:56:15.180000,283.447,313.028,10.2296,10.249,10.293,50.0705,1.79377,1.97045,9.4741,9.23707,447.045,452.23,8.75741,2.35925,6.84327,7.08891,10.2487,21.101,21.101,1.0,1.0,1
107214,31.05.2024 12:56:15.190000,283.447,313.028,10.2296,10.249,10.293,50.0705,1.81743,1.97381,10.5896,11.1905,447.085,452.26,8.70265,2.27163,6.82866,7.17103,10.2482,20.2836,20.2836,1.0,1.0,1
107215,31.05.2024 12:56:15.200000,292.758,309.402,10.1617,10.279,10.231,51.2326,1.84514,1.96854,12.5295,12.5903,447.12,452.275,8.43801,2.37224,6.97436,7.26852,10.2482,19.307,19.307,1.0,1.0,1
107216,31.05.2024 12:56:15.210000,289.38,312.121,10.1617,10.24,10.198,52.4735,1.86702,1.96792,12.5295,12.5903,447.12,452.275,8.43801,2.37224,6.97436,7.26852,10.2477,19.307,19.307,1.0,1.0,1
107217,31.05.2024 12:56:15.220000,289.38,312.121,10.2067,10.24,10.198,52.4735,1.87776,1.97074,13.9696,8.28742,447.205,452.26,8.16538,2.55369,7.14944,7.24058,10.2475,19.307,19.307,1.0,1.0,1
107218,31.05.2024 12:56:15.230000,288.226,309.402,10.2076,10.209,10.167,53.7151,1.89654,1.99805,13.9696,8.28742,447.205,452.26,8.16538,2.55369,7.14944,7.24058,10.2475,17.6577,17.6577,1.0,1.0,1
107219,31.05.2024 12:56:15.240000,275.125,310.144,10.2076,10.171,10.248,53.7151,1.89255,2.01937,13.7699,10.4794,447.22,452.255,8.12364,2.58481,7.18377,7.21395,10.2467,17.6577,17.6577,1.0,1.0,1
107220,31.05.2024 12:56:15.250000,275.125,310.144,10.186,10.171,10.248,54.943,1.88621,2.0224,16.1453,16.4424,447.255,452.245,7.61587,2.55071,7.43771,7.32551,10.2467,16.7607,16.7607,1.0,1.0,1
107221,31.05.2024 12:56:15.260000,295.972,300.421,10.1589,10.172,10.209,56.3494,1.86473,2.01078,16.1453,16.4424,447.255,452.245,7.61587,2.55071,7.43771,7.32551,10.2464,16.7607,16.7607,1.0,1.0,1
107222,31.05.2024 12:56:15.270000,295.972,300.421,10.1589,10.172,10.209,56.3494,1.80648,1.99974,13.1722,12.4325,447.285,452.24,7.11876,2.62577,7.35735,7.2846,10.2453,16.7607,16.7607,1.0,1.0,1
107223,31.05.2024 12:56:15.280000,278.339,312.863,10.1593,10.191,10.174,57.5312,1.77216,1.99777,10.6042,7.16056,447.35,452.235,6.3783,2.62625,6.90319,7.26821,10.2453,16.862,16.862,1.0,1.0,1
107224,31.05.2024 12:56:15.290000,278.339,312.863,10.1593,10.191,10.174,57.5312,1.77216,1.99777,10.6042,7.16056,447.35,452.235,6.3783,2.62625,6.90319,7.26821,10.2453,16.862,16.862,1.0,1.0,1
107225,31.05.2024 12:56:15.300000,290.121,303.635,10.1593,10.166,10.198,58.7289,1.75833,1.99191,10.3342,12.5652,447.425,452.285,5.96465,2.67679,6.6399,7.30504,10.2451,16.5075,16.5075,1.0,1.0,1
107226,31.05.2024 12:56:15.310000,290.039,305.859,10.1383,10.169,10.188,59.986,1.79341,2.0095,10.3342,12.5652,447.425,452.285,5.96465,2.67679,6.6399,7.30504,10.2439,16.0663,16.0663,1.0,1.0,1
107227,31.05.2024 12:56:15.320000,285.754,307.095,10.1383,10.222,10.19,59.986,1.8373,1.9925,12.1866,17.8661,447.485,452.32,5.60787,2.92813,6.45315,7.1753,10.2432,16.0663,16.0663,1.0,1.0,1
107228,31.05.2024 12:56:15.330000,285.754,307.095,10.1215,10.222,10.19,61.1211,1.86798,1.98057,12.5718,10.0636,447.55,452.325,5.32863,3.30854,6.06616,7.05141,10.2432,15.5527,15.5527,1.0,1.0,1
107229,31.05.2024 12:56:15.340000,286.413,315.912,10.1843,10.206,10.151,62.141,1.89497,1.98784,12.5718,10.0636,447.55,452.325,5.32863,3.30854,6.06616,7.05141,10.2427,15.5527,15.5527,1.0,1.0,1
107230,31.05.2024 12:56:15.350000,286.413,315.912,10.1843,10.206,10.151,62.141,1.92663,2.01456,14.9692,9.99106,447.595,452.28,5.0031,3.44462,5.90641,7.03653,10.2419,15.3935,15.3935,1.0,1.0,1
107231,31.05.2024 12:56:15.360000,286.249,309.32,10.1705,10.123,10.153,63.3185,1.92487,2.03496,17.482,15.9151,447.6,452.315,4.76599,3.29581,5.9032,7.00033,10.2419,14.7425,14.7425,1.0,1.0,1
107232,31.05.2024 12:56:15.370000,286.249,309.32,10.1705,10.123,10.153,63.3185,1.92487,2.03496,17.482,15.9151,447.6,452.315,4.76599,3.29581,5.9032,7.00033,10.2419,14.7425,14.7425,1.0,1.0,1
107233,31.05.2024 12:56:15.380000,287.402,306.518,10.1705,10.14,10.153,64.7373,1.92039,2.04185,16.7223,19.8091,447.61,452.31,4.29463,3.64894,6.00054,6.93001,10.2411,14.7352,14.7352,1.0,1.0,1
107234,31.05.2024 12:56:15.390000,283.859,305.612,10.1942,10.177,10.151,66.2057,1.83911,2.00422,16.7223,19.8091,447.61,452.31,4.29463,3.64894,6.00054,6.93001,10.2411,14.4314,14.4314,1.0,1.0,1
107235,31.05.2024 12:56:15.400000,283.859,305.612,10.1942,10.177,10.151,66.2057,1.83911,2.00422,16.7223,19.8091,447.61,452.31,4.29463,3.64894,6.00054,6.93001,10.2411,14.4314,14.4314,1.0,1.0,1
107236,31.05.2024 12:56:15.410000,288.721,314.346,10.1942,10.175,10.151,66.2057,1.81044,2.00727,14.3894,8.40228,447.62,452.235,3.86655,3.94877,6.03572,6.84976,10.2407,14.5255,14.5255,1.0,1.0,1
107237,31.05.2024 12:56:15.420000,278.833,307.837,10.1781,10.127,10.157,68.5608,1.77747,2.01188,10.1092,8.80402,447.65,452.225,3.50683,3.69532,6.10074,6.78436,10.2402,14.5255,14.5255,1.0,1.0,1
107238,31.05.2024 12:56:15.430000,278.833,307.837,10.1781,10.127,10.157,68.5608,1.79266,2.01315,9.68283,17.3397,447.68,452.23,3.2469,3.56188,5.86032,6.75853,10.2391,14.3808,14.3808,1.0,1.0,1
107239,31.05.2024 12:56:15.440000,278.833,307.837,10.1781,10.127,10.157,68.5608,1.79266,2.01315,9.68283,17.3397,447.68,452.23,3.2469,3.56188,5.86032,6.75853,10.2391,14.3808,14.3808,1.0,1.0,1
107240,31.05.2024 12:56:15.450000,286.496,303.305,10.1906,10.149,10.185,69.5003,1.81439,1.99005,10.7493,11.8471,447.71,452.26,3.13889,3.83844,5.50318,6.6362,10.2391,14.1348,14.1348,1.0,1.0,1
107241,31.05.2024 12:56:15.460000,286.496,303.305,10.1906,10.149,10.185,69.5003,1.81439,1.99005,10.7493,11.8471,447.71,452.26,3.13889,3.83844,5.50318,6.6362,10.2391,14.1348,14.1348,1.0,1.0,1
107242,31.05.2024 12:56:15.470000,290.781,311.133,10.2028,10.208,10.191,70.5393,1.84759,1.97356,12.5742,5.05295,447.7,452.275,3.16291,3.94813,5.66909,6.60706,10.2389,14.1348,14.1348,1.0,1.0,1
107243,31.05.2024 12:56:15.480000,283.859,316.324,10.2422,10.175,10.185,71.6445,1.85192,2.00184,13.1663,13.2858,447.675,452.25,2.97466,4.22562,5.7715,6.52174,10.2385,14.171,14.171,1.0,1.0,1
107244,31.05.2024 12:56:15.490000,283.859,316.324,10.2664,10.175,10.185,72.6994,1.83347,1.99962,13.131,15.8648,447.695,452.19,2.59485,4.25546,5.78199,6.47231,10.2385,14.1204,14.1204,1.0,1.0,1
107245,31.05.2024 12:56:15.500000,283.2,311.298,10.2828,10.141,10.209,73.674,1.81807,1.98422,13.131,15.8648,447.695,452.19,2.59485,4.25546,5.78199,6.47231,10.238,14.1204,14.1204,1.0,1.0,1
107246,31.05.2024 12:56:15.510000,283.2,311.298,10.2828,10.141,10.209,73.674,1.78477,1.96499,10.6652,5.89118,447.715,452.205,2.44633,3.90529,5.94239,6.28605,10.2378,14.1204,14.1204,1.0,1.0,1
107247,31.05.2024 12:56:15.520000,288.721,303.47,10.2659,10.172,10.25,74.6127,1.77676,1.97095,9.79118,5.41474,447.74,452.255,2.33875,3.89893,6.19439,6.1578,10.2378,11.4294,11.4294,1.0,1.0,1
107248,31.05.2024 12:56:15.530000,285.507,303.882,10.2659,10.24,10.266,75.4159,1.77859,1.97193,9.79118,5.41474,447.74,452.255,2.33875,3.89893,6.19439,6.1578,10.2379,11.4294,11.4294,1.0,1.0,1
107249,31.05.2024 12:56:15.540000,285.507,303.882,10.2659,10.24,10.266,75.4159,1.77859,1.97193,9.79118,5.41474,447.74,452.255,2.33875,3.89893,6.19439,6.1578,10.2379,11.4294,11.4294,1.0,1.0,1
107250,31.05.2024 12:56:15.550000,285.507,303.882,10.3006,10.24,10.266,75.4159,1.79362,1.97798,8.16758,14.7723,447.745,452.235,2.26519,4.20752,6.08167,6.08679,10.2377,9.78732,9.78732,1.0,1.0,1
107251,31.05.2024 12:56:15.560000,283.53,305.612,10.3394,10.335,10.348,76.1341,1.86581,1.97799,11.7025,12.2093,447.73,452.205,2.42025,4.16809,5.85595,5.9866,10.2379,8.1742,8.1742,1.0,1.0,1
107252,31.05.2024 12:56:15.570000,283.53,305.612,10.3341,10.335,10.348,76.8685,1.88442,1.98164,13.2697,5.06378,447.715,452.195,2.29382,3.80162,5.67665,5.97548,10.2379,8.1742,8.1742,1.0,1.0,1
107253,31.05.2024 12:56:15.580000,283.53,305.612,10.3341,10.335,10.348,76.8685,1.88442,1.98164,13.2697,5.06378,447.715,452.195,2.29382,3.80162,5.67665,5.97548,10.2379,8.1742,8.1742,1.0,1.0,1
107254,31.05.2024 12:56:15.590000,276.031,307.837,10.351,10.351,10.357,77.4884,1.88647,1.98936,12.934,11.7716,447.74,452.22,2.214,3.77208,5.29045,5.93699,10.2375,8.15972,8.15972,1.0,1.0,1
107255,31.05.2024 12:56:15.600000,276.031,307.837,10.351,10.351,10.357,77.4884,1.88647,1.98936,12.934,11.7716,447.74,452.22,2.214,3.77208,5.29045,5.93699,10.2375,8.15972,8.15972,1.0,1.0,1
107256,31.05.2024 12:56:15.610000,259.305,311.05,10.4094,10.327,10.328,78.0704,1.83572,2.0062,12.5179,14.8643,447.74,452.215,2.09123,3.80052,5.2266,5.92986,10.2376,7.45805,7.45805,1.0,1.0,1
107257,31.05.2024 12:56:15.620000,251.395,305.612,10.4238,10.303,10.351,78.6612,1.79526,1.99597,11.2091,9.66237,447.74,452.215,1.96087,3.69866,5.24494,5.90126,10.2377,6.21383,6.21383,1.0,1.0,1
107258,31.05.2024 12:56:15.630000,243.155,307.919,10.435,10.324,10.368,79.1368,1.79093,1.98543,11.2091,9.66237,447.74,452.215,1.96087,3.69866,5.24494,5.90126,10.2377,4.44154,4.44154,1.0,1.0,1
107259,31.05.2024 12:56:15.640000,243.155,307.919,10.435,10.324,10.368,79.1368,1.79093,1.98543,11.2091,9.66237,447.74,452.215,1.96087,3.69866,5.24494,5.90126,10.2377,4.44154,4.44154,1.0,1.0,1
107260,31.05.2024 12:56:15.650000,225.604,311.38,10.435,10.35,10.403,79.1368,1.8075,1.98253,9.25286,10.2693,447.72,452.2,1.84878,3.72329,5.21429,5.91394,10.2381,3.21181,3.21181,1.0,1.0,1
107261,31.05.2024 12:56:15.660000,200.803,299.515,10.5029,10.36,10.414,79.8758,1.86448,1.98818,10.7338,15.624,447.74,452.205,1.69959,3.49227,5.28913,5.92355,10.2386,3.21181,3.21181,1.0,1.0,1
107262,31.05.2024 12:56:15.670000,200.803,299.515,10.5029,10.36,10.414,79.8758,1.92643,1.99075,14.5448,11.8455,447.77,452.23,1.81926,3.29627,5.42961,5.86326,10.2384,1.87355,1.87355,1.0,1.0,1
107263,31.05.2024 12:56:15.680000,200.803,299.515,10.5029,10.36,10.414,79.8758,1.92643,1.99075,14.5448,11.8455,447.77,452.23,1.81926,3.29627,5.42961,5.86326,10.2384,1.87355,1.87355,1.0,1.0,1
107264,31.05.2024 12:56:15.690000,193.469,243.649,10.51,10.424,10.388,80.1333,1.93535,1.99097,15.6518,9.11969,447.715,452.24,2.02135,3.48169,5.35785,5.85799,10.2384,1.85908,1.85908,1.0,1.0,1
107265,31.05.2024 12:56:15.700000,193.469,243.649,10.51,10.424,10.388,80.1333,1.93535,1.99097,15.6518,9.11969,447.715,452.24,2.02135,3.48169,5.35785,5.85799,10.2384,1.85908,1.85908,1.0,1.0,1
107266,31.05.2024 12:56:15.710000,183.417,226.263,10.5301,10.423,10.405,80.4021,1.90422,1.9943,14.7776,12.3343,447.685,452.19,1.88486,3.44933,5.17931,5.85042,10.2383,-0.810191,-0.810191,1.0,1.0,1
107267,31.05.2024 12:56:15.720000,128.787,210.278,10.5443,10.372,10.426,80.6252,1.76538,1.97384,13.183,11.6821,447.68,452.18,1.63328,3.1066,4.88435,5.88061,10.2385,-2.87182,-2.87182,1.0,1.0,1
107268,31.05.2024 12:56:15.730000,128.787,210.278,10.5598,10.372,10.426,80.786,1.72465,1.96378,9.1088,9.41589,447.685,452.21,1.49306,2.91407,4.77282,5.83259,10.2385,-2.87182,-2.87182,1.0,1.0,1
107269,31.05.2024 12:56:15.740000,123.019,160.263,10.5527,10.454,10.453,80.9419,1.7001,1.94794,9.1088,9.41589,447.685,452.21,1.49306,2.91407,4.77282,5.83259,10.2385,-2.87182,-2.87182,1.0,1.0,1
107270,31.05.2024 12:56:15.750000,123.019,160.263,10.5527,10.454,10.453,80.9419,1.70872,1.93261,4.95196,8.31192,447.705,452.23,1.45713,2.96965,4.85683,5.89109,10.2389,-2.87182,-2.87182,1.0,1.0,1
107271,31.05.2024 12:56:15.760000,123.019,160.263,10.5527,10.454,10.453,80.9419,1.70872,1.93261,4.95196,8.31192,447.705,452.23,1.45713,2.96965,4.85683,5.89109,10.2389,-2.87182,-2.87182,1.0,1.0,1
107272,31.05.2024 12:56:15.770000,108.847,131.177,10.549,10.483,10.501,81.025,1.74112,1.93246,6.1569,7.00519,447.68,452.235,1.579,2.98235,4.76149,5.95461,10.2389,-5.65682,-5.65682,1.0,1.0,1
107273,31.05.2024 12:56:15.780000,108.847,131.177,10.549,10.483,10.501,81.025,1.74112,1.93246,6.1569,7.00519,447.68,452.235,1.579,2.98235,4.76149,5.95461,10.2389,-5.65682,-5.65682,1.0,1.0,1
107274,31.05.2024 12:56:15.790000,88.6596,104.068,10.5673,10.523,10.552,81.05,1.84018,1.93446,11.0726,6.54915,447.69,452.225,1.60993,2.84231,4.69386,5.87048,10.2389,-7.66782,-7.66782,1.0,1.0,1
107275,31.05.2024 12:56:15.800000,79.7607,25.296,10.5863,10.588,10.468,81.177,1.93695,1.95885,15.0231,8.8337,447.675,452.23,1.57791,2.69755,4.8327,5.84287,10.2391,-7.66782,-7.66782,1.0,1.0,1
107276,31.05.2024 12:56:15.810000,79.7607,25.296,10.5657,10.588,10.468,81.2603,1.92924,1.9628,16.5659,10.6433,447.665,452.23,1.46261,2.72544,4.91679,5.8454,10.2391,-8.80353,-8.80353,1.0,1.0,1
107277,31.05.2024 12:56:15.820000,56.195,0.0,10.5716,10.573,10.488,81.2435,1.90211,1.9646,16.5659,10.6433,447.665,452.23,1.46261,2.72544,4.91679,5.8454,10.2392,-8.80353,-8.80353,1.0,1.0,1
107278,31.05.2024 12:56:15.830000,56.195,0.0,10.5716,10.573,10.488,81.2435,1.81851,1.9763,14.77,8.98597,447.675,452.215,1.49152,2.70859,4.85255,5.82029,10.2386,-9.75839,-9.75839,1.0,1.0,1
107279,31.05.2024 12:56:15.840000,0.0,-19.1162,10.5939,10.505,10.48,81.2769,1.77842,1.98187,11.9618,10.3669,447.67,452.215,1.59069,2.65964,4.88632,5.82112,10.2386,-9.75839,-9.75839,1.0,1.0,1
107280,31.05.2024 12:56:15.850000,-23.0713,28.1799,10.5939,10.399,10.488,81.2197,1.75485,1.98085,11.9618,10.3669,447.67,452.215,1.59069,2.65964,4.88632,5.82112,10.239,-9.75839,-9.75839,1.0,1.0,1
107281,31.05.2024 12:56:15.860000,-23.0713,28.1799,10.5939,10.399,10.488,81.2197,1.75485,1.98085,11.9618,10.3669,447.67,452.215,1.59069,2.65964,4.88632,5.82112,10.239,-9.75839,-9.75839,1.0,1.0,1
107282,31.05.2024 12:56:15.870000,-23.0713,28.1799,10.5775,10.399,10.488,81.2197,1.74383,1.97395,8.71694,12.0207,447.67,452.245,1.79725,2.61674,5.03113,5.77242,10.2393,-11.292,-11.292,1.0,1.0,1
107283,31.05.2024 12:56:15.880000,-65.4236,-66.5771,10.5514,10.45,10.456,81.3043,1.79522,1.96484,9.86652,10.172,447.655,452.245,1.8785,2.70536,5.15928,5.75879,10.2396,-11.3281,-11.3281,1.0,1.0,1
107284,31.05.2024 12:56:15.890000,-65.4236,-66.5771,10.5514,10.45,10.456,81.3043,1.79522,1.96484,9.86652,10.172,447.655,452.245,1.8785,2.70536,5.15928,5.75879,10.2396,-11.3281,-11.3281,1.0,1.0,1
107285,31.05.2024 12:56:15.900000,-65.4236,-66.5771,10.5504,10.45,10.456,81.286,1.83076,1.96747,11.5988,8.94116,447.665,452.23,1.94232,2.80298,5.25307,5.71185,10.2396,-11.3281,-11.3281,1.0,1.0,1
107286,31.05.2024 12:56:15.910000,-63.3636,-87.4237,10.5477,10.435,10.408,81.2661,1.89824,1.97048,13.6553,9.99187,447.675,452.24,2.01514,2.76317,5.32933,5.65235,10.2402,-12.066,-12.066,1.0,1.0,1
107287,31.05.2024 12:56:15.920000,-96.6522,-103.656,10.5452,10.424,10.441,81.3155,1.88935,1.96647,15.9075,9.43094,447.675,452.26,2.20128,2.79043,5.49282,5.59026,10.2402,-12.7315,-12.7315,1.0,1.0,1
107288,31.05.2024 12:56:15.930000,-102.667,-100.772,10.5452,10.397,10.445,81.3184,1.86804,1.96243,15.9075,9.43094,447.675,452.26,2.20128,2.79043,5.49282,5.59026,10.2403,-12.7315,-12.7315,1.0,1.0,1
107289,31.05.2024 12:56:15.940000,-102.667,-100.772,10.5151,10.397,10.445,81.3184,1.83432,1.9622,12.7472,5.55819,447.68,452.285,2.40683,3.13928,5.60309,5.58743,10.2405,-13.6502,-13.6502,1.0,1.0,1
107290,31.05.2024 12:56:15.950000,-109.753,-102.008,10.5086,10.369,10.447,81.3287,1.77025,1.96227,12.7472,5.55819,447.68,452.285,2.40683,3.13928,5.60309,5.58743,10.2405,-14.1855,-14.1855,1.0,1.0,1
107291,31.05.2024 12:56:15.960000,-123.514,-147.491,10.5086,10.45,10.43,81.3287,1.7523,1.96032,10.4451,9.38603,447.695,452.28,2.6556,3.46782,5.72825,5.61797,10.2404,-14.1855,-14.1855,1.0,1.0,1
107292,31.05.2024 12:56:15.970000,-123.514,-147.491,10.4938,10.45,10.43,81.316,1.75002,1.95875,8.08775,10.214,447.67,452.245,2.88554,3.55544,5.74438,5.51619,10.2404,-14.9016,-14.9016,1.0,1.0,1
107293,31.05.2024 12:56:15.980000,-135.544,-166.36,10.4557,10.387,10.414,81.3152,1.76222,1.95547,8.08775,10.214,447.67,452.245,2.88554,3.55544,5.74438,5.51619,10.2402,-14.9016,-14.9016,1.0,1.0,1
107294,31.05.2024 12:56:15.990000,-135.544,-166.36,10.4557,10.387,10.414,81.3152,1.81423,1.95634,9.30112,6.47094,447.66,452.255,2.98572,3.41381,5.78545,5.47758,10.2406,-14.851,-14.851,1.0,1.0,1
107295,31.05.2024 12:56:16.000000,-135.544,-166.36,10.4557,10.387,10.414,81.3152,1.81423,1.95634,9.30112,6.47094,447.66,452.255,2.98572,3.41381,5.78545,5.47758,10.2406,-14.851,-14.851,1.0,1.0,1
107296,31.05.2024 12:56:16.010000,-146.585,-173.117,10.4213,10.404,10.389,81.3731,1.84434,1.96178,12.5627,8.96796,447.69,452.32,3.08278,3.38797,5.80164,5.39515,10.2406,-15.4297,-15.4297,1.0,1.0,1
107297,31.05.2024 12:56:16.020000,-146.585,-173.117,10.4213,10.404,10.389,81.3731,1.84434,1.96178,12.5627,8.96796,447.69,452.32,3.08278,3.38797,5.80164,5.39515,10.2406,-15.4297,-15.4297,1.0,1.0,1
107298,31.05.2024 12:56:16.030000,-152.188,-174.847,10.4238,10.373,10.374,81.356,1.884,1.96823,13.1279,10.8215,447.69,452.35,3.38887,4.01379,5.86959,5.33854,10.241,-15.6684,-15.6684,1.0,1.0,1
107299,31.05.2024 12:56:16.040000,-152.188,-174.847,10.4238,10.373,10.374,81.356,1.884,1.96823,13.1279,10.8215,447.69,452.35,3.38887,4.01379,5.86959,5.33854,10.241,-15.6684,-15.6684,1.0,1.0,1
107300,31.05.2024 12:56:16.050000,-162.158,-175.424,10.418,10.384,10.293,81.3638,1.84557,1.96529,13.8766,7.55461,447.68,452.35,3.60603,4.37172,5.89565,5.32107,10.2415,-15.9288,-15.9288,1.0,1.0,1
107301,31.05.2024 12:56:16.060000,-159.274,-182.84,10.3925,10.308,10.298,81.3122,1.75891,1.96578,11.5767,5.12689,447.685,452.35,3.752,4.35648,5.989,5.20868,10.2407,-16.5292,-16.5292,0.0,1.0,1
107302,31.05.2024 12:56:16.070000,-159.274,-182.84,10.3925,10.308,10.298,81.3122,1.74644,1.96499,7.05999,9.59311,447.675,452.35,3.73709,4.40293,5.93488,5.12353,10.2403,-16.8258,-16.8258,0.0,1.0,1
107303,31.05.2024 12:56:16.080000,-159.274,-182.84,10.3925,10.308,10.298,81.3122,1.74644,1.96499,7.05999,9.59311,447.675,452.35,3.73709,4.40293,5.93488,5.12353,10.2403,-16.8258,-16.8258,0.0,1.0,1
107304,31.05.2024 12:56:16.090000,-161.499,-177.319,10.3662,10.254,10.302,81.3957,1.7488,1.96347,6.90673,9.00261,447.675,452.385,3.79531,4.41514,5.87909,5.01336,10.2403,-16.8258,-16.8258,0.0,1.0,1
107305,31.05.2024 12:56:16.100000,-161.499,-177.319,10.3662,10.254,10.302,81.3957,1.7488,1.96347,6.90673,9.00261,447.675,452.385,3.79531,4.41514,5.87909,5.01336,10.2403,-16.8258,-16.8258,0.0,1.0,1
107306,31.05.2024 12:56:16.110000,-159.604,-184.076,10.3437,10.26,10.278,81.4616,1.79219,1.96649,7.51044,7.45011,447.68,452.475,3.80915,4.49864,5.84471,4.88387,10.2405,-16.6956,-16.6956,0.0,1.0,1
107307,31.05.2024 12:56:16.120000,-157.544,-181.934,10.3457,10.205,10.241,81.5179,1.8788,1.97282,10.5815,8.37396,447.67,452.5,3.92511,5.05623,5.83655,4.80588,10.2407,-16.1458,-16.1458,0.0,1.0,1
107308,31.05.2024 12:56:16.130000,-157.544,-181.934,10.344,10.205,10.241,81.457,1.89036,1.97324,14.4465,10.4125,447.665,452.48,3.92126,5.3596,5.90503,4.7337,10.2407,-16.1458,-16.1458,0.0,1.0,1
107309,31.05.2024 12:56:16.140000,-155.566,-180.45,10.3438,10.204,10.214,81.515,1.88821,1.97091,14.4465,10.4125,447.665,452.48,3.92126,5.3596,5.90503,4.7337,10.2398,-16.1458,-16.1458,0.0,1.0,1
107310,31.05.2024 12:56:16.150000,-155.566,-180.45,10.3438,10.204,10.214,81.515,1.84198,1.97264,12.4019,7.45338,447.68,452.515,3.90639,5.07023,5.79264,4.63273,10.2398,-15.0608,-15.0608,0.0,1.0,1
107311,31.05.2024 12:56:16.160000,-160.593,-183.829,10.3299,10.192,10.211,81.5719,1.8109,1.97113,11.9524,8.05869,447.695,452.595,3.91889,5.15525,5.69702,4.54492,10.2398,-14.5472,-14.5472,0.0,1.0,1
107312,31.05.2024 12:56:16.170000,-156.885,-179.297,10.3299,10.195,10.214,81.6072,1.78381,1.96668,11.9524,8.05869,447.695,452.595,3.91889,5.15525,5.69702,4.54492,10.2398,-14.5472,-14.5472,0.0,1.0,1
107313,31.05.2024 12:56:16.180000,-156.885,-179.297,10.3299,10.195,10.214,81.6072,1.78381,1.96668,11.9524,8.05869,447.695,452.595,3.91889,5.15525,5.69702,4.54492,10.2398,-14.5472,-14.5472,0.0,1.0,1
107314,31.05.2024 12:56:16.190000,-156.885,-179.297,10.3092,10.195,10.214,81.6072,1.76804,1.96418,6.18205,9.04452,447.715,452.64,3.97346,5.43536,5.76411,4.53516,10.2394,-14.5544,-14.5544,0.0,1.0,1
107315,31.05.2024 12:56:16.200000,-157.544,-180.286,10.3111,10.268,10.234,81.6333,1.80464,1.9608,7.01448,7.44457,447.675,452.665,4.01367,5.56223,5.58755,4.44813,10.2391,-14.5544,-14.5544,0.0,1.0,1
107316,31.05.2024 12:56:16.210000,-157.544,-180.286,10.2959,10.268,10.234,81.5943,1.83366,1.96343,9.54142,6.67319,447.625,452.7,3.75767,5.42348,5.62894,4.43355,10.2391,-13.8961,-13.8961,0.0,1.0,1
107317,31.05.2024 12:56:16.220000,-168.585,-183.499,10.2945,10.307,10.246,81.5659,1.8656,1.96822,9.54142,6.67319,447.625,452.7,3.75767,5.42348,5.62894,4.43355,10.2392,-13.8961,-13.8961,0.0,1.0,1
107318,31.05.2024 12:56:16.230000,-168.585,-183.499,10.2945,10.307,10.246,81.5659,1.90592,1.97515,11.7514,8.34433,447.63,452.755,3.4199,5.31731,5.5168,4.2883,10.2385,-12.84,-12.84,0.0,1.0,1
107319,31.05.2024 12:56:16.240000,-168.585,-183.499,10.2945,10.307,10.246,81.5659,1.90592,1.97515,11.7514,8.34433,447.63,452.755,3.4199,5.31731,5.5168,4.2883,10.2385,-12.84,-12.84,0.0,1.0,1
107320,31.05.2024 12:56:16.250000,-158.203,-185.229,10.297,10.306,10.239,81.4975,1.90572,1.97699,14.2821,9.27292,447.645,452.835,3.21705,5.27978,5.35049,4.25753,10.2385,-11.6826,-11.6826,0.0,1.0,1
107321,31.05.2024 12:56:16.260000,-161.746,-182.181,10.3112,10.284,10.223,81.5369,1.86404,1.97776,13.8265,9.0568,447.64,452.87,3.11317,5.40673,5.17439,4.13431,10.2387,-11.14,-11.14,0.0,1.0,1
107322,31.05.2024 12:56:16.270000,-161.334,-183.417,10.3062,10.292,10.254,81.5113,1.79127,1.97601,13.8265,9.0568,447.64,452.87,3.11317,5.40673,5.17439,4.13431,10.2387,-10.2648,-10.2648,0.0,1.0,1
107323,31.05.2024 12:56:16.280000,-161.334,-183.417,10.3062,10.292,10.254,81.5113,1.79127,1.97601,13.8265,9.0568,447.64,452.87,3.11317,5.40673,5.17439,4.13431,10.2387,-10.2648,-10.2648,0.0,1.0,1
107324,31.05.2024 12:56:16.290000,-163.724,-180.862,10.3062,10.258,10.259,81.5113,1.76127,1.97147,9.19261,7.65056,447.625,452.88,2.88392,5.18518,5.07204,3.96095,10.2383,-10.2431,-10.2431,0.0,1.0,1
107325,31.05.2024 12:56:16.300000,-160.016,-183.087,10.3187,10.227,10.232,81.4994,1.74434,1.96549,7.65418,9.3175,447.62,452.915,2.54274,4.55594,4.83531,3.82049,10.2375,-10.2431,-10.2431,0.0,1.0,1
107326,31.05.2024 12:56:16.310000,-160.016,-183.087,10.3187,10.227,10.232,81.4994,1.79014,1.96545,7.12589,7.75675,447.645,453.01,2.3676,4.19022,4.58023,3.69217,10.2377,-9.38223,-9.38223,0.0,1.0,1
107327,31.05.2024 12:56:16.320000,-162.405,-181.769,10.3196,10.233,10.238,81.4149,1.82789,1.96736,9.85265,7.796,447.645,453.095,2.2281,4.21758,4.54361,3.77104,10.2377,-8.64439,-8.64439,0.0,1.0,1
107328,31.05.2024 12:56:16.330000,-162.405,-181.769,10.3196,10.233,10.238,81.4149,1.82789,1.96736,9.85265,7.796,447.645,453.095,2.2281,4.21758,4.54361,3.77104,10.2377,-8.64439,-8.64439,0.0,1.0,1
107329,31.05.2024 12:56:16.340000,-157.462,-179.214,10.3196,10.276,10.227,81.433,1.86748,1.97056,12.1133,9.89634,447.645,453.15,2.10036,4.19937,4.4115,3.72304,10.2372,-6.75637,-6.75637,0.0,1.0,1
107330,31.05.2024 12:56:16.350000,-160.51,-184.9,10.328,10.273,10.229,81.5003,1.9224,1.98091,12.1133,9.89634,447.645,453.15,2.10036,4.19937,4.4115,3.72304,10.237,-6.75637,-6.75637,0.0,1.0,1
107331,31.05.2024 12:56:16.360000,-160.181,-179.544,10.328,10.225,10.263,81.5003,1.90633,1.98127,14.5329,9.80303,447.655,453.175,2.04238,3.99808,4.33501,3.73136,10.2372,-6.75637,-6.75637,0.0,1.0,1
107332,31.05.2024 12:56:16.370000,-160.181,-179.544,10.3396,10.225,10.263,81.5121,1.87181,1.98194,15.0395,8.48353,447.645,453.21,2.05629,3.72524,4.30702,3.71529,10.2372,-6.75637,-6.75637,0.0,1.0,1
107333,31.05.2024 12:56:16.380000,-169.821,-182.428,10.3509,10.194,10.25,81.5633,1.82917,1.98215,15.0395,8.48353,447.645,453.21,2.05629,3.72524,4.30702,3.71529,10.2366,-6.75637,-6.75637,0.0,1.0,1
107334,31.05.2024 12:56:16.390000,-169.821,-182.428,10.3509,10.194,10.25,81.5633,1.74538,1.97922,9.91891,9.22793,447.64,453.255,1.89336,3.29035,4.12509,3.60129,10.2367,-4.77431,-4.77431,0.0,1.0,1
107335,31.05.2024 12:56:16.400000,-169.821,-182.428,10.3509,10.194,10.25,81.5633,1.74538,1.97922,9.91891,9.22793,447.64,453.255,1.89336,3.29035,4.12509,3.60129,10.2367,-4.77431,-4.77431,0.0,1.0,1
107336,31.05.2024 12:56:16.410000,-162.735,-191.739,10.3614,10.192,10.24,81.5624,1.7199,1.97357,5.84153,9.41378,447.64,453.29,1.76709,2.89467,4.11782,3.64643,10.2367,-4.73814,-4.73814,0.0,1.0,1
107337,31.05.2024 12:56:16.420000,-162.735,-191.739,10.3614,10.192,10.24,81.5624,1.7199,1.97357,5.84153,9.41378,447.64,453.29,1.76709,2.89467,4.11782,3.64643,10.2367,-4.73814,-4.73814,0.0,1.0,1
107338,31.05.2024 12:56:16.430000,-160.84,-177.814,10.3686,10.258,10.271,81.5542,1.72436,1.96618,7.02254,8.61136,447.625,453.32,1.55711,2.54809,4.11755,3.66422,10.2367,-4.73814,-4.73814,0.0,1.0,1
107339,31.05.2024 12:56:16.440000,-162.405,-183.005,10.3741,10.3,10.321,81.5398,1.84717,1.97066,7.46874,9.61488,447.63,453.375,1.49751,2.17141,4.14078,3.68164,10.2366,-3.00926,-3.00926,0.0,1.0,1
107340,31.05.2024 12:56:16.450000,-162.405,-183.005,10.3664,10.3,10.321,81.5733,1.89333,1.97202,12.7744,10.0699,447.635,453.41,1.48644,2.04961,4.12682,3.61853,10.2366,-2.42332,-2.42332,0.0,1.0,1
107341,31.05.2024 12:56:16.460000,-159.027,-187.207,10.3511,10.288,10.32,81.5815,1.92924,1.9756,12.7744,10.0699,447.635,453.41,1.48644,2.04961,4.12682,3.61853,10.2367,-2.42332,-2.42332,0.0,1.0,1
107342,31.05.2024 12:56:16.470000,-159.027,-187.207,10.3511,10.288,10.32,81.5815,1.95242,1.98302,17.4109,9.36511,447.63,453.435,1.4939,1.85173,4.10671,3.59794,10.2369,-2.42332,-2.42332,0.0,1.0,1
107343,31.05.2024 12:56:16.480000,-159.027,-187.207,10.3511,10.288,10.32,81.5815,1.95242,1.98302,17.4109,9.36511,447.63,453.435,1.4939,1.85173,4.10671,3.59794,10.2369,-2.42332,-2.42332,0.0,1.0,1
107344,31.05.2024 12:56:16.490000,-162.323,-177.896,10.3716,10.298,10.334,81.6104,1.93467,1.98647,17.3712,9.70708,447.625,453.45,1.4057,1.60229,4.19748,3.66077,10.2369,-2.14843,-2.14843,0.0,1.0,1
107345,31.05.2024 12:56:16.500000,-166.69,-182.181,10.3817,10.323,10.349,81.5864,1.86162,1.98989,14.8322,10.0419,447.625,453.47,1.36746,1.45401,4.18116,3.64887,10.2375,-1.454,-1.454,0.0,1.0,1
107346,31.05.2024 12:56:16.510000,-158.203,-179.05,10.3991,10.295,10.36,81.5436,1.7883,1.98862,14.8322,10.0419,447.625,453.47,1.36746,1.45401,4.18116,3.64887,10.2375,-1.454,-1.454,0.0,1.0,1
107347,31.05.2024 12:56:16.520000,-167.184,-182.428,10.3991,10.277,10.389,81.5436,1.76928,1.98576,11.4562,12.0528,447.595,453.49,1.33293,1.37462,4.07733,3.64173,10.2373,-1.454,-1.454,0.0,1.0,1
107348,31.05.2024 12:56:16.530000,-167.184,-182.428,10.4057,10.277,10.389,81.4574,1.76249,1.98154,10.051,10.0247,447.595,453.505,1.1175,1.19105,4.03497,3.79365,10.2373,-0.89699,-0.89699,0.0,1.0,1
107349,31.05.2024 12:56:16.540000,-160.757,-182.016,10.4191,10.276,10.386,81.4925,1.76989,1.97805,10.051,10.0247,447.595,453.505,1.1175,1.19105,4.03497,3.79365,10.237,-0.89699,-0.89699,0.0,1.0,1
107350,31.05.2024 12:56:16.550000,-160.757,-182.016,10.4191,10.276,10.386,81.4925,1.76989,1.97805,10.051,10.0247,447.595,453.505,1.1175,1.19105,4.03497,3.79365,10.237,-0.89699,-0.89699,0.0,1.0,1
107351,31.05.2024 12:56:16.560000,-160.757,-182.016,10.4191,10.276,10.386,81.4925,1.81456,1.97324,9.28966,8.95412,447.59,453.51,1.06745,1.20833,3.96967,3.88691,10.2374,-0.159144,-0.159144,0.0,1.0,1
107352,31.05.2024 12:56:16.570000,-157.297,-185.229,10.417,10.302,10.357,81.5779,1.86228,1.97228,11.2272,8.85275,447.575,453.51,1.03361,1.11207,3.92978,3.95141,10.2387,0.347219,0.347219,0.0,1.0,1
107353,31.05.2024 12:56:16.580000,-157.297,-185.229,10.417,10.302,10.357,81.5779,1.86228,1.97228,11.2272,8.85275,447.575,453.51,1.03361,1.11207,3.92978,3.95141,10.2387,0.347219,0.347219,0.0,1.0,1
107354,31.05.2024 12:56:16.590000,-157.297,-185.229,10.4182,10.302,10.357,81.5779,1.87468,1.97102,14.3662,9.21596,447.57,453.51,1.00806,0.968352,3.86923,3.99668,10.2389,0.774011,0.774011,0.0,1.0,1
107355,31.05.2024 12:56:16.600000,-162.405,-183.087,10.4171,10.274,10.371,81.518,1.85261,1.97051,12.5755,8.57967,447.55,453.51,1.0848,1.00045,3.74714,4.01912,10.2389,1.37442,1.37442,0.0,1.0,1
107356,31.05.2024 12:56:16.610000,-162.405,-183.087,10.4275,10.274,10.371,81.5113,1.83392,1.97101,10.8472,7.62873,447.55,453.515,0.948761,0.886073,3.59739,4.1774,10.2389,1.38889,1.38889,0.0,1.0,1
107357,31.05.2024 12:56:16.620000,-162.405,-183.087,10.4171,10.274,10.371,81.518,1.85261,1.97051,10.8472,7.62873,447.55,453.515,0.948761,0.886073,3.59739,4.1774,10.2389,1.38889,1.38889,0.0,1.0,1
107358,31.05.2024 12:56:16.630000,-165.042,-183.499,10.4516,10.25,10.36,81.5737,1.79659,1.97186,10.614,7.82289,447.545,453.52,0.889971,0.930083,3.5578,4.3558,10.2396,1.98929,1.98929,0.0,1.0,1
107359,31.05.2024 12:56:16.640000,-160.016,-185.229,10.4427,10.266,10.364,81.5948,1.79426,1.97198,9.93312,7.97911,447.535,453.51,0.929936,0.951365,3.52074,4.42227,10.2396,2.29311,2.29311,0.0,1.0,1
107360,31.05.2024 12:56:16.650000,-157.709,-181.027,10.4427,10.246,10.383,81.5708,1.80094,1.97202,9.93312,7.97911,447.535,453.51,0.929936,0.951365,3.52074,4.42227,10.24,2.29311,2.29311,0.0,1.0,1
107361,31.05.2024 12:56:16.660000,-157.709,-181.027,10.4366,10.246,10.383,81.5708,1.81367,1.97258,8.91431,8.07118,447.525,453.5,0.862916,0.948676,3.51654,4.5197,10.2403,2.48842,2.48842,0.0,1.0,1
107362,31.05.2024 12:56:16.670000,-161.334,-180.368,10.4522,10.287,10.379,81.4802,1.83239,1.97486,8.91431,8.07118,447.525,453.5,0.862916,0.948676,3.51654,4.5197,10.2403,2.5897,2.5897,0.0,1.0,1
107363,31.05.2024 12:56:16.680000,-163.971,-184.323,10.4522,10.34,10.412,81.4802,1.83817,1.97443,10.6223,6.49126,447.53,453.49,0.85303,1.02265,3.66146,4.88201,10.2411,2.5897,2.5897,0.0,1.0,1
107364,31.05.2024 12:56:16.690000,-163.971,-184.323,10.4534,10.34,10.412,81.5462,1.83804,1.97128,10.6358,6.4423,447.53,453.49,0.900395,1.0276,3.56254,5.62205,10.2411,2.5897,2.5897,0.0,1.0,1
107365,31.05.2024 12:56:16.700000,-165.042,-181.274,10.4339,10.367,10.411,81.5619,1.8307,1.96728,10.6358,6.4423,447.53,453.49,0.900395,1.0276,3.56254,5.62205,10.2412,2.5897,2.5897,0.0,1.0,1
107366,31.05.2024 12:56:16.710000,-165.042,-181.274,10.4339,10.367,10.411,81.5619,1.81504,1.96393,8.93992,6.14183,447.52,453.485,0.96749,1.08306,3.68331,6.65754,10.2422,2.73438,2.73438,0.0,1.0,1
107367,31.05.2024 12:56:16.720000,-165.042,-181.274,10.4339,10.367,10.411,81.5619,1.81504,1.96393,8.93992,6.14183,447.52,453.485,0.96749,1.08306,3.68331,6.65754,10.2422,2.73438,2.73438,0.0,1.0,1
107368,31.05.2024 12:56:16.730000,-167.349,-184.241,10.4377,10.359,10.399,81.5622,1.80954,1.96267,9.52318,7.21991,447.52,453.47,1.11018,1.20633,3.85938,7.64214,10.2422,2.79947,2.79947,0.0,1.0,1
107369,31.05.2024 12:56:16.740000,-156.885,-184.158,10.4426,10.327,10.403,81.5521,1.82398,1.9666,9.11754,8.31482,447.53,453.465,1.2229,1.21125,3.95224,8.60305,10.2432,2.79947,2.79947,0.0,1.0,1
107370,31.05.2024 12:56:16.750000,-156.885,-184.158,10.4426,10.327,10.403,81.5521,1.82398,1.9666,9.11754,8.31482,447.53,453.465,1.2229,1.21125,3.95224,8.60305,10.2432,2.79947,2.79947,0.0,1.0,1
107371,31.05.2024 12:56:16.760000,-163.806,-183.746,10.4357,10.311,10.428,81.55,1.86637,1.97211,10.9653,7.17751,447.525,453.455,1.35061,1.29041,4.11078,9.42612,10.2432,2.85012,2.85012,0.0,1.0,1
107372,31.05.2024 12:56:16.770000,-164.465,-187.619,10.4413,10.352,10.378,81.5782,1.9033,1.97911,12.8484,7.07327,447.52,453.425,1.65033,1.43671,4.19475,9.67793,10.2438,2.45225,2.45225,0.0,1.0,1
107373,31.05.2024 12:56:16.780000,-156.061,-184.9,10.4431,10.336,10.405,81.5732,1.91221,1.98276,12.8484,7.07327,447.52,453.425,1.65033,1.43671,4.19475,9.67793,10.2442,2.45225,2.45225,0.0,1.0,1
107374,31.05.2024 12:56:16.790000,-156.061,-184.9,10.4431,10.336,10.405,81.5732,1.89573,1.98444,14.5492,8.44344,447.5,453.395,1.81623,1.32931,4.24076,10.0139,10.2439,2.11227,2.11227,0.0,1.0,1
107375,31.05.2024 12:56:16.800000,-159.274,-187.537,10.4467,10.342,10.388,81.5762,1.86964,1.98167,14.0965,9.27718,447.505,453.39,1.93237,1.2235,4.43864,10.1406,10.2439,2.11227,2.11227,0.0,1.0,1
107376,31.05.2024 12:56:16.810000,-164.795,-182.181,10.4467,10.332,10.337,81.6869,1.83634,1.97699,14.0965,9.27718,447.505,453.39,1.93237,1.2235,4.43864,10.1406,10.2451,2.11227,2.11227,0.0,1.0,1
107377,31.05.2024 12:56:16.820000,-164.795,-182.181,10.4435,10.332,10.337,81.6869,1.80268,1.97123,8.56153,7.10031,447.48,453.39,2.05957,1.38152,4.71874,10.3299,10.2454,2.37992,2.37992,0.0,1.0,1
107378,31.05.2024 12:56:16.830000,-161.911,-189.926,10.4357,10.336,10.348,81.7246,1.74828,1.96043,8.56153,7.10031,447.48,453.39,2.05957,1.38152,4.71874,10.3299,10.2454,1.91696,1.91696,0.0,1.0,1
107379,31.05.2024 12:56:16.840000,-161.829,-180.286,10.4357,10.282,10.353,81.7246,1.74133,1.95728,6.28679,5.96818,447.475,453.375,2.22022,1.4097,4.85018,10.4556,10.2454,1.91696,1.91696,0.0,1.0,1
107380,31.05.2024 12:56:16.850000,-161.829,-180.286,10.4374,10.282,10.353,81.6897,1.74824,1.95501,6.05372,6.61041,447.485,453.38,2.42964,1.44157,5.18606,10.4096,10.2454,1.62037,1.62037,0.0,1.0,1
107381,31.05.2024 12:56:16.860000,-160.84,-182.84,10.4535,10.289,10.358,81.6429,1.77022,1.95382,6.05372,6.61041,447.485,453.38,2.42964,1.44157,5.18606,10.4096,10.2455,1.62037,1.62037,0.0,1.0,1
107382,31.05.2024 12:56:16.870000,-160.84,-182.84,10.4535,10.289,10.358,81.6429,1.83752,1.96025,6.33504,6.45529,447.495,453.36,2.52878,1.53541,5.52083,10.2904,10.2458,1.12124,1.12124,0.0,1.0,1
107383,31.05.2024 12:56:16.880000,-156.061,-183.005,10.4411,10.282,10.33,81.6608,1.8702,1.96475,10.7645,7.08413,447.495,453.36,2.75231,1.64068,5.57912,9.99659,10.2458,0.730611,0.730611,0.0,1.0,1
107384,31.05.2024 12:56:16.890000,-156.061,-183.005,10.4411,10.282,10.33,81.6608,1.8702,1.96475,10.7645,7.08413,447.495,453.36,2.75231,1.64068,5.57912,9.99659,10.2458,0.730611,0.730611,0.0,1.0,1
107385,31.05.2024 12:56:16.900000,-160.016,-187.701,10.4429,10.291,10.338,81.62,1.89266,1.96617,13.4401,8.06579,447.48,453.36,2.91294,1.67846,5.85497,9.79852,10.2463,0.578701,0.578701,0.0,1.0,1
107386,31.05.2024 12:56:16.910000,-160.345,-183.746,10.4403,10.326,10.348,81.5826,1.86706,1.97691,13.4401,8.06579,447.48,453.36,2.91294,1.67846,5.85497,9.79852,10.2469,0.56424,0.56424,0.0,1.0,1
107387,31.05.2024 12:56:16.920000,-160.84,-187.289,10.4403,10.361,10.299,81.5826,1.83196,1.977,12.5775,7.38832,447.48,453.35,2.98167,1.73939,5.98766,9.82528,10.2472,0.56424,0.56424,0.0,1.0,1
107388,31.05.2024 12:56:16.930000,-160.84,-187.289,10.4333,10.361,10.299,81.6154,1.79399,1.97552,9.62951,8.24064,447.485,453.345,2.93481,1.85287,6.07037,9.83338,10.2472,0.759557,0.759557,0.0,1.0,1
107389,31.05.2024 12:56:16.940000,-157.709,-179.874,10.4156,10.355,10.364,81.6278,1.7602,1.97355,9.62951,8.24064,447.485,453.345,2.93481,1.85287,6.07037,9.83338,10.247,0.759557,0.759557,0.0,1.0,1
107390,31.05.2024 12:56:16.950000,-157.709,-179.874,10.4156,10.355,10.364,81.6278,1.72977,1.96823,6.25852,5.6138,447.49,453.335,3.04549,1.93261,6.30306,9.75439,10.2477,0.766777,0.766777,0.0,1.0,1
107391,31.05.2024 12:56:16.960000,-157.379,-184.817,10.4131,10.335,10.386,81.6255,1.73966,1.9675,5.66789,7.37351,447.48,453.325,3.17155,1.96151,6.36591,9.95761,10.2477,0.954866,0.954866,0.0,1.0,1
107392,31.05.2024 12:56:16.970000,-159.439,-181.274,10.4131,10.328,10.388,81.635,1.76596,1.9691,5.66789,7.37351,447.48,453.325,3.17155,1.96151,6.36591,9.95761,10.2485,0.954866,0.954866,0.0,1.0,1
107393,31.05.2024 12:56:16.980000,-159.439,-181.274,10.4251,10.328,10.388,81.635,1.80279,1.97152,7.1869,7.30266,447.48,453.34,3.37117,2.13985,6.4507,10.3342,10.2492,0.954866,0.954866,0.0,1.0,1
107394,31.05.2024 12:56:16.990000,-163.394,-186.548,10.4261,10.328,10.404,81.6527,1.89,1.97753,7.1869,7.30266,447.48,453.34,3.37117,2.13985,6.4507,10.3342,10.2492,0.969328,0.969328,0.0,1.0,1
107395,31.05.2024 12:56:17.000000,-161.664,-179.297,10.4261,10.336,10.374,81.6527,1.92086,1.98204,11.4073,8.9599,447.465,453.315,3.44475,2.21361,6.60875,10.5486,10.2495,0.969328,0.969328,0.0,1.0,1
107396,31.05.2024 12:56:17.010000,-161.664,-179.297,10.4268,10.336,10.374,81.6954,1.93465,1.98766,15.9684,8.99357,447.455,453.285,3.4628,2.23782,6.68901,10.4743,10.2495,1.54803,1.54803,0.0,1.0,1
107397,31.05.2024 12:56:17.020000,-161.911,-182.263,10.4167,10.38,10.355,81.6958,1.93416,1.98998,15.9684,8.99357,447.455,453.285,3.4628,2.23782,6.68901,10.4743,10.2498,1.54803,1.54803,0.0,1.0,1
107398,31.05.2024 12:56:17.030000,-161.911,-182.263,10.4167,10.38,10.355,81.6958,1.88207,1.99223,16.04,9.79018,447.465,453.27,3.41714,2.15932,6.75629,10.3251,10.2503,1.54803,1.54803,0.0,1.0,1
107399,31.05.2024 12:56:17.040000,-161.911,-182.263,10.4167,10.38,10.355,81.6958,1.88207,1.99223,16.04,9.79018,447.465,453.27,3.41714,2.15932,6.75629,10.3251,10.2503,1.54803,1.54803,0.0,1.0,1
