,time,Pinceur Inf Mesure de courant,Pinceur Sup Mesure de courant,Mandrin - Vitesse Actuelle,Pinceur Sup Mesure vitesse lineaire,Pinceur Inf Mesure vitesse lineaire,Mandrin - Mesure Expansion,Pinceur Nord Position entrefer estimee,Pinceur Sud Position entrefer estimee,Pinceur Nord Force entrefer calibree,Pinceur Sud Force entrefer calibree,Guides Nord Entree Position mesuree,Guides Nord Sortie Position mesuree,Guides Nord Entree Force pour regulateur PI,Guides Nord Sortie Force pour regulateur PI,Guides Sud Entree Force pour regulateur PI,Guides Sud Sortie Force pour regulateur PI,Mandrin - Vitesse Actuelle F10,_Excentrage largeur bande jauge bob,_Excentrage largeur bande jauge bob.1,TDB pinceur,Fenetre,Declancheur
91500,31.05.2024 08:28:11.780000,82.9742,33.6182,10.9618,12.22,12.102,30.793,2.76544,2.31495,34.1161,9.218,684.165,684.97,6.6036,6.81287,0.160045,-0.00458443,10.3556,-2.5246,-2.5246,1.0,1.0,1
91501,31.05.2024 08:28:11.790000,82.9742,33.6182,10.9618,12.22,12.102,30.793,2.76544,2.31495,34.1161,9.218,684.165,684.97,6.6036,6.81287,0.160045,-0.00458443,10.3556,-2.5246,-2.5246,1.0,1.0,1
91502,31.05.2024 08:28:11.800000,92.3675,81.0791,10.9618,12.088,12.037,30.793,2.68653,2.37621,38.103,16.5504,682.445,683.4,6.52279,7.25959,0.238002,-0.0712119,10.3564,-2.5246,-2.5246,1.0,1.0,1
91503,31.05.2024 08:28:11.810000,99.2065,87.5061,10.9718,12.124,12.015,30.8284,2.49516,2.43313,27.739,33.6706,680.7,681.805,6.33607,8.00422,0.211265,0.00303733,10.3571,-2.43779,-2.43779,1.0,1.0,1
91504,31.05.2024 08:28:11.820000,99.2065,87.5061,10.9718,12.124,12.015,30.8284,2.49516,2.43313,27.739,33.6706,680.7,681.805,6.33607,8.00422,0.211265,0.00303733,10.3571,-2.43779,-2.43779,1.0,1.0,1
91505,31.05.2024 08:28:11.830000,99.5361,95.4986,10.9746,12.072,11.988,30.8284,2.33191,2.47503,18.2609,22.144,678.96,680.12,6.63395,9.37091,0.257576,-0.00647652,10.3582,-3.29861,-3.29861,1.0,1.0,1
91506,31.05.2024 08:28:11.840000,118.57,89.8956,10.9761,12.021,11.933,30.833,2.27478,2.50518,13.2702,25.8664,677.31,678.295,6.88531,10.3521,0.345642,-0.108791,10.3592,-0.405088,-0.405088,1.0,1.0,1
91507,31.05.2024 08:28:11.850000,155.566,126.48,10.9779,11.935,11.856,30.8514,2.28868,2.48751,13.2702,25.8664,677.31,678.295,6.88531,10.3521,0.345642,-0.108791,10.3603,-0.405088,-0.405088,1.0,1.0,1
91508,31.05.2024 08:28:11.860000,155.566,126.48,10.9779,11.935,11.856,30.8514,2.28868,2.48751,13.2702,25.8664,677.31,678.295,6.88531,10.3521,0.345642,-0.108791,10.3603,-0.405088,-0.405088,1.0,1.0,1
91509,31.05.2024 08:28:11.870000,155.566,126.48,10.9664,11.935,11.856,30.8161,2.43833,2.46261,15.8242,34.5099,675.6,676.51,6.88436,10.1101,0.341976,-0.0614272,10.3603,-0.405088,-0.405088,1.0,1.0,1
91510,31.05.2024 08:28:11.880000,209.372,206.982,10.9742,11.793,11.647,30.8236,2.59021,2.39833,26.5766,29.715,673.825,674.77,6.9656,9.51293,0.357822,-0.0934554,10.3624,5.17217,5.17217,1.0,1.0,1
91511,31.05.2024 08:28:11.890000,350.683,206.982,10.9742,11.793,11.436,30.8057,2.64711,2.3733,30.9078,18.2095,672.12,673.065,6.96145,8.54159,0.343463,-0.0539771,10.3624,5.17939,5.17939,1.0,1.0,1
91512,31.05.2024 08:28:11.900000,448.242,251.147,10.9789,11.774,11.28,30.8057,2.62856,2.33203,30.9078,18.2095,672.12,673.065,6.96145,8.54159,0.343463,-0.0539771,10.3635,5.17939,5.17939,1.0,1.0,1
91513,31.05.2024 08:28:11.910000,448.242,251.147,10.9791,11.774,11.28,30.8478,2.56343,2.31983,32.6249,17.6071,670.47,671.48,6.85168,8.45894,0.354347,-0.11782,10.3639,5.17939,5.17939,1.0,1.0,1
91514,31.05.2024 08:28:11.920000,505.179,298.855,10.9791,11.711,11.224,30.8478,2.48314,2.3152,27.8619,16.1783,668.765,669.765,6.77804,8.92878,0.369537,-0.159957,10.3639,7.29166,7.29166,1.0,1.0,1
91515,31.05.2024 08:28:11.930000,505.179,298.855,10.9791,11.711,11.224,30.8478,2.48314,2.3152,27.8619,16.1783,668.765,669.765,6.77804,8.92878,0.369537,-0.159957,10.3639,7.29166,7.29166,1.0,1.0,1
91516,31.05.2024 08:28:11.940000,567.471,348.459,10.9864,11.629,11.189,30.8186,2.39496,2.31324,21.1788,14.9992,667.08,668.01,6.8445,9.1855,0.33086,-0.080722,10.3656,11.3426,11.3426,1.0,1.0,1
91517,31.05.2024 08:28:11.950000,599.359,394.437,10.9727,11.608,11.126,30.7926,2.18818,2.3169,14.57,18.3332,665.365,666.205,7.13567,8.86864,0.286006,-0.108493,10.3666,17.5058,17.5058,1.0,1.0,1
91518,31.05.2024 08:28:11.960000,599.359,424.1,10.9786,11.592,11.126,30.86,2.16705,2.31473,14.57,18.3332,665.365,666.205,7.13567,8.86864,0.286006,-0.108493,10.3673,17.5058,17.5058,1.0,1.0,1
91519,31.05.2024 08:28:11.970000,598.617,424.1,10.9786,11.592,11.134,30.7897,2.18031,2.31285,12.1678,19.1989,663.63,664.47,7.28229,8.12876,0.286281,-0.193374,10.3673,24.2332,24.2332,1.0,1.0,1
91520,31.05.2024 08:28:11.980000,608.752,466.122,10.9826,11.525,11.1,30.7897,2.27396,2.30969,12.1678,19.1989,663.63,664.47,7.28229,8.12876,0.286281,-0.193374,10.3683,31.2717,31.2717,1.0,1.0,1
91521,31.05.2024 08:28:11.990000,608.752,466.122,10.9833,11.525,11.1,30.8305,2.348,2.30921,17.6867,17.4836,661.925,662.865,6.80789,7.8733,0.319782,-0.148444,10.3688,31.2717,31.2717,1.0,1.0,1
91522,31.05.2024 08:28:12.000000,598.37,538.467,10.9833,11.434,11.06,30.8305,2.43181,2.3055,22.5941,18.464,660.215,661.25,6.63967,8.27431,0.288738,-0.118766,10.3688,31.3296,31.3296,1.0,1.0,1
91523,31.05.2024 08:28:12.010000,593.921,582.138,10.9847,11.446,11.031,30.7692,2.49939,2.30392,22.5941,18.464,660.215,661.25,6.63967,8.27431,0.288738,-0.118766,10.3692,31.3296,31.3296,1.0,1.0,1
91524,31.05.2024 08:28:12.020000,593.921,582.138,10.9722,11.446,11.031,30.8261,2.56138,2.32231,30.6742,18.1896,658.515,659.525,6.5774,8.7189,0.325584,-0.169807,10.3692,35.1707,35.1707,1.0,1.0,1
91525,31.05.2024 08:28:12.030000,596.063,627.292,10.9722,11.381,11.021,30.8261,2.55089,2.33962,30.3951,18.0578,656.885,657.785,6.51422,9.0993,0.407733,-0.143993,10.3695,38.5851,38.5851,1.0,1.0,1
91526,31.05.2024 08:28:12.040000,596.063,647.314,10.9835,11.343,11.021,30.7909,2.51424,2.35405,30.3951,18.0578,656.885,657.785,6.51422,9.0993,0.407733,-0.143993,10.3707,38.5851,38.5851,1.0,1.0,1
91527,31.05.2024 08:28:12.050000,596.063,647.314,10.9835,11.343,11.021,30.7909,2.51424,2.35405,30.3951,18.0578,656.885,657.785,6.51422,9.0993,0.407733,-0.143993,10.3707,38.5851,38.5851,1.0,1.0,1
91528,31.05.2024 08:28:12.060000,591.943,647.314,10.9835,11.343,11.008,30.7966,2.4581,2.36797,29.5928,24.6647,655.22,656.105,6.74142,9.3246,0.329414,-0.178516,10.3707,43.0845,43.0845,1.0,1.0,1
91529,31.05.2024 08:28:12.070000,589.389,645.502,10.9876,11.334,10.984,30.8014,2.28355,2.39362,25.3976,25.8393,653.53,654.48,7.00374,9.30576,0.307907,-0.146949,10.3723,49.8481,49.8481,1.0,1.0,1
91530,31.05.2024 08:28:12.080000,591.202,649.951,10.9876,11.338,10.981,30.8014,2.25689,2.39352,18.5335,24.1959,651.815,652.78,7.27792,9.5915,0.333354,-0.0744735,10.3723,49.8481,49.8481,1.0,1.0,1
91531,31.05.2024 08:28:12.090000,590.625,653.164,10.9946,11.31,10.945,30.7722,2.2533,2.3935,18.5335,24.1959,651.815,652.78,7.27792,9.5915,0.333354,-0.0744735,10.3735,49.8481,49.8481,1.0,1.0,1
91532,31.05.2024 08:28:12.100000,590.625,653.164,10.994,11.31,10.945,30.8269,2.30397,2.38563,17.8321,23.3564,650.125,651.085,7.30862,9.9533,0.409793,-0.0731727,10.3735,56.9878,56.9878,1.0,1.0,1
91533,31.05.2024 08:28:12.110000,592.19,652.67,10.994,11.26,10.913,30.8269,2.35062,2.37036,22.0347,25.3955,648.465,649.39,7.26114,10.1789,0.497882,-0.032508,10.374,61.4439,61.4439,1.0,1.0,1
91534,31.05.2024 08:28:12.120000,592.19,652.67,10.994,11.26,10.913,30.8269,2.35062,2.37036,22.0347,25.3955,648.465,649.39,7.26114,10.1789,0.497882,-0.032508,10.374,61.4439,61.4439,1.0,1.0,1
91535,31.05.2024 08:28:12.130000,592.19,652.67,10.9931,11.26,10.913,30.8448,2.39571,2.35477,26.9857,20.7944,646.88,647.655,7.44282,10.361,0.407199,-0.0903617,10.3751,61.4439,61.4439,1.0,1.0,1
91536,31.05.2024 08:28:12.140000,585.846,644.183,11.0064,11.182,10.881,30.7893,2.4512,2.32091,26.9857,20.7944,646.88,647.655,7.44282,10.361,0.407199,-0.0903617,10.3746,63.831,63.831,1.0,1.0,1
91537,31.05.2024 08:28:12.150000,585.846,644.183,11.0165,11.182,10.881,30.7981,2.4348,2.31276,28.2058,18.2706,645.205,645.93,7.96165,10.1456,0.349086,-0.0967742,10.3761,63.831,63.831,1.0,1.0,1
91538,31.05.2024 08:28:12.160000,574.64,638.415,11.0165,11.143,10.789,30.7981,2.40702,2.30867,26.3079,19.2428,643.485,644.26,8.12599,9.85531,0.347728,-0.101226,10.3761,66.3773,66.3773,1.0,1.0,1
91539,31.05.2024 08:28:12.170000,543.411,615.674,11.0235,11.115,10.817,30.835,2.37136,2.30985,26.3079,19.2428,643.485,644.26,8.12599,9.85531,0.347728,-0.101226,10.3758,66.3773,66.3773,1.0,1.0,1
91540,31.05.2024 08:28:12.180000,543.411,615.674,11.0235,11.115,10.817,30.835,2.37136,2.30985,26.3079,19.2428,643.485,644.26,8.12599,9.85531,0.347728,-0.101226,10.3758,66.3773,66.3773,1.0,1.0,1
91541,31.05.2024 08:28:12.190000,543.411,615.674,11.0229,11.115,10.817,30.8467,2.30057,2.31782,23.3934,19.6255,641.83,642.61,8.14854,9.72505,0.378543,-0.0840598,10.3758,66.3773,66.3773,1.0,1.0,1
91542,31.05.2024 08:28:12.200000,519.928,581.891,11.0183,11.03,10.76,30.8075,2.25733,2.31948,20.3506,18.4337,640.19,640.96,8.34834,9.88853,0.473907,-0.018653,10.3764,66.399,66.399,1.0,1.0,1
91543,31.05.2024 08:28:12.210000,496.939,581.891,11.0183,11.03,10.736,30.8843,2.24878,2.32358,19.0124,20.1494,638.5,639.245,8.61809,10.0703,0.43201,-0.0458404,10.3764,65.748,65.748,1.0,1.0,1
91544,31.05.2024 08:28:12.220000,477.411,546.954,11.0332,10.963,10.726,30.8843,2.24864,2.32304,19.0124,20.1494,638.5,639.245,8.61809,10.0703,0.43201,-0.0458404,10.3772,63.3029,63.3029,1.0,1.0,1
91545,31.05.2024 08:28:12.230000,477.411,546.954,11.0367,10.963,10.726,30.8588,2.25237,2.3157,18.2975,19.0969,636.815,637.51,8.63294,10.0552,0.446334,-0.0999671,10.378,63.3029,63.3029,1.0,1.0,1
91546,31.05.2024 08:28:12.240000,477.411,546.954,11.0367,10.963,10.726,30.8588,2.25237,2.3157,18.2975,19.0969,636.815,637.51,8.63294,10.0552,0.446334,-0.0999671,10.378,63.3029,63.3029,1.0,1.0,1
91547,31.05.2024 08:28:12.250000,458.295,524.954,11.0367,10.941,10.752,30.8588,2.25287,2.30683,18.4479,20.2128,635.165,635.78,8.49304,9.95,0.49694,-0.0266296,10.378,63.3029,63.3029,1.0,1.0,1
91548,31.05.2024 08:28:12.260000,458.295,524.954,11.0367,10.941,10.752,30.8588,2.25287,2.30683,18.4479,20.2128,635.165,635.78,8.49304,9.95,0.49694,-0.0266296,10.378,63.3029,63.3029,1.0,1.0,1
91549,31.05.2024 08:28:12.270000,441.815,504.19,11.0407,10.875,10.674,30.8398,2.24217,2.29501,19.0065,18.2926,633.5,634.05,8.50666,9.67218,0.526344,0.0200318,10.3786,59.2448,59.2448,1.0,1.0,1
91550,31.05.2024 08:28:12.280000,439.261,452.032,11.036,10.836,10.636,30.8341,2.21585,2.28156,18.852,16.783,631.805,632.37,8.62884,9.3511,0.525409,0.0135392,10.3804,55.8521,55.8521,1.0,1.0,1
91551,31.05.2024 08:28:12.290000,439.261,452.032,11.036,10.836,10.636,30.8341,2.21585,2.28156,18.852,16.783,631.805,632.37,8.62884,9.3511,0.525409,0.0135392,10.3804,55.8521,55.8521,1.0,1.0,1
91552,31.05.2024 08:28:12.300000,385.043,452.032,11.036,10.836,10.653,30.84,2.206,2.27676,17.7197,16.8805,630.145,630.73,8.49776,9.17009,0.494319,-0.0695106,10.3804,53.4071,53.4071,1.0,1.0,1
91553,31.05.2024 08:28:12.310000,385.043,452.032,11.036,10.836,10.653,30.84,2.206,2.27676,17.7197,16.8805,630.145,630.73,8.49776,9.17009,0.494319,-0.0695106,10.3804,53.4071,53.4071,1.0,1.0,1
91554,31.05.2024 08:28:12.320000,367.575,426.654,11.0526,10.786,10.647,30.8566,2.18182,2.26549,16.6699,14.6587,628.525,629.07,8.52776,9.30062,0.441123,-0.097953,10.3826,50.7523,50.7523,1.0,1.0,1
91555,31.05.2024 08:28:12.330000,367.575,426.654,11.0526,10.786,10.647,30.8566,2.18182,2.26549,16.6699,14.6587,628.525,629.07,8.52776,9.30062,0.441123,-0.097953,10.3826,50.7523,50.7523,1.0,1.0,1
91556,31.05.2024 08:28:12.340000,319.784,368.729,11.052,10.786,10.689,30.9076,2.17383,2.24602,15.6025,14.0929,626.85,627.43,8.89331,9.50648,0.373222,-0.102794,10.383,50.7089,50.7089,1.0,1.0,1
91557,31.05.2024 08:28:12.350000,298.773,347.14,11.0485,10.772,10.68,30.887,2.16975,2.23452,15.4775,13.4159,623.46,623.92,8.79019,9.70067,0.387062,-0.0897743,10.3841,44.9653,44.9653,1.0,1.0,1
91558,31.05.2024 08:28:12.360000,298.773,327.612,11.0468,10.716,10.68,30.8701,2.16754,2.23067,15.4775,13.4159,623.46,623.92,8.79019,9.70067,0.387062,-0.0897743,10.3838,44.9653,44.9653,1.0,1.0,1
91559,31.05.2024 08:28:12.370000,298.773,327.612,11.0468,10.716,10.68,30.8701,2.16754,2.23067,15.4775,13.4159,623.46,623.92,8.79019,9.70067,0.387062,-0.0897743,10.3838,44.9653,44.9653,1.0,1.0,1
91560,31.05.2024 08:28:12.380000,289.545,327.612,11.0468,10.716,10.705,30.8419,2.16575,2.22904,15.1628,11.9903,621.825,622.225,8.67069,9.18293,0.332725,-0.0510055,10.3838,41.3773,41.3773,1.0,1.0,1
91561,31.05.2024 08:28:12.390000,291.852,320.032,11.0543,10.71,10.73,30.8914,2.15803,2.21249,16.0802,12.807,620.09,620.565,8.7171,8.97203,0.383518,-0.0035888,10.3855,38.303,38.303,1.0,1.0,1
91562,31.05.2024 08:28:12.400000,295.807,320.361,11.0543,10.745,10.741,30.8914,2.15708,2.2092,15.4567,10.3581,618.415,618.94,8.47829,8.9209,0.369892,-0.107764,10.3855,38.303,38.303,1.0,1.0,1
91563,31.05.2024 08:28:12.410000,292.84,319.784,11.0393,10.756,10.774,30.9021,2.14911,2.21116,15.4567,10.3581,618.415,618.94,8.47829,8.9209,0.369892,-0.107764,10.3865,38.303,38.303,1.0,1.0,1
91564,31.05.2024 08:28:12.420000,292.84,319.784,11.0288,10.756,10.774,30.9306,2.15624,2.20253,16.0169,12.0146,616.9,617.39,8.40763,8.98353,0.420463,-0.118705,10.3865,35.5107,35.5107,1.0,1.0,1
91565,31.05.2024 08:28:12.430000,292.84,319.784,11.0288,10.756,10.774,30.9306,2.15624,2.20253,16.0169,12.0146,616.9,617.39,8.40763,8.98353,0.420463,-0.118705,10.3865,35.5107,35.5107,1.0,1.0,1
91566,31.05.2024 08:28:12.440000,302.975,318.96,11.0288,10.734,10.711,30.9306,2.15163,2.2028,16.331,13.9437,615.3,615.79,9.16287,9.86884,0.548667,0.0115288,10.3868,35.4601,35.4601,1.0,1.0,1
91567,31.05.2024 08:28:12.450000,302.975,318.96,11.0288,10.734,10.711,30.9306,2.15163,2.2028,16.331,13.9437,615.3,615.79,9.16287,9.86884,0.548667,0.0115288,10.3868,35.4601,35.4601,1.0,1.0,1
91568,31.05.2024 08:28:12.460000,294.076,313.852,11.0182,10.753,10.725,31.1175,2.14629,2.19988,15.9719,12.3726,613.61,614.165,9.8413,10.8001,0.543983,0.434293,10.3876,29.4849,29.4849,1.0,1.0,1
91569,31.05.2024 08:28:12.470000,294.076,313.852,11.0182,10.753,10.725,31.1175,2.14629,2.19988,15.9719,12.3726,613.61,614.165,9.8413,10.8001,0.543983,0.434293,10.3876,29.4849,29.4849,1.0,1.0,1
91570,31.05.2024 08:28:12.480000,302.151,323.245,11.0092,10.741,10.734,31.3699,2.09758,2.18812,14.9423,11.3507,612.025,612.56,10.0866,11.4081,0.699687,1.71483,10.3889,29.4849,29.4849,1.0,1.0,1
91571,31.05.2024 08:28:12.490000,302.151,323.245,11.0092,10.741,10.734,31.3699,2.09758,2.18812,14.9423,11.3507,612.025,612.56,10.0866,11.4081,0.699687,1.71483,10.3889,29.4849,29.4849,1.0,1.0,1
91572,31.05.2024 08:28:12.500000,298.361,317.065,10.981,10.717,10.691,32.0247,2.04828,2.18336,14.6471,12.7241,610.575,611.01,10.7529,11.984,1.14705,3.22857,10.3892,26.8012,26.8012,1.0,1.0,1
91573,31.05.2024 08:28:12.510000,298.361,317.065,10.981,10.717,10.691,32.0247,2.04828,2.18336,14.6471,12.7241,610.575,611.01,10.7529,11.984,1.14705,3.22857,10.3892,26.8012,26.8012,1.0,1.0,1
91574,31.05.2024 08:28:12.520000,303.47,317.148,10.9742,10.759,10.825,32.7493,2.02489,2.15685,11.2078,12.0003,608.69,608.69,6.3508,2.42696,5.08094,7.31927,10.3904,21.195,21.195,1.0,1.0,1
91575,31.05.2024 08:28:12.530000,303.47,317.148,10.9742,10.759,10.825,32.7493,2.02489,2.15685,11.2078,12.0003,608.69,608.69,6.3508,2.42696,5.08094,7.31927,10.3904,21.195,21.195,1.0,1.0,1
91576,31.05.2024 08:28:12.540000,298.032,326.953,10.9548,10.747,10.83,34.5559,2.03986,2.15476,11.1821,8.78356,608.945,609.59,5.88635,-2.07136,6.97868,9.85178,10.3913,19.3721,19.3721,1.0,1.0,1
91577,31.05.2024 08:28:12.550000,298.032,326.953,10.9548,10.747,10.83,34.5559,2.03986,2.15476,11.1821,8.78356,608.945,609.59,5.88635,-2.07136,6.97868,9.85178,10.3913,19.3721,19.3721,1.0,1.0,1
91578,31.05.2024 08:28:12.560000,307.26,321.268,10.9124,10.826,10.797,35.5865,2.06092,2.1433,13.9692,11.7385,609.0,610.08,5.83433,4.23351,9.03185,11.4234,10.3935,18.9164,18.9164,1.0,1.0,1
91579,31.05.2024 08:28:12.570000,307.26,321.268,10.9124,10.826,10.797,35.5865,2.06092,2.1433,13.9692,11.7385,609.0,610.08,5.83433,4.23351,9.03185,11.4234,10.3935,18.9164,18.9164,1.0,1.0,1
91580,31.05.2024 08:28:12.580000,304.047,329.59,10.8757,10.814,10.867,36.4271,2.05786,2.1378,14.6791,8.39884,609.22,609.735,6.83773,7.53188,10.192,11.7721,10.3946,16.0084,16.0084,1.0,1.0,1
91581,31.05.2024 08:28:12.590000,304.047,329.59,10.8757,10.814,10.867,36.4271,2.05786,2.1378,14.6791,8.39884,609.22,609.735,6.83773,7.53188,10.192,11.7721,10.3946,16.0084,16.0084,1.0,1.0,1
91582,31.05.2024 08:28:12.600000,305.447,330.414,10.8107,10.893,10.832,37.4591,2.04703,2.15537,12.6823,10.7106,609.285,609.855,9.02954,6.2776,9.26224,10.1159,10.395,11.5162,11.5162,1.0,1.0,1
91583,31.05.2024 08:28:12.610000,305.447,330.414,10.8107,10.893,10.832,37.4591,2.04703,2.15537,12.6823,10.7106,609.285,609.855,9.02954,6.2776,9.26224,10.1159,10.395,11.5162,11.5162,1.0,1.0,1
91584,31.05.2024 08:28:12.620000,304.871,329.095,10.7716,10.933,10.807,39.489,2.05172,2.16097,14.0524,13.3539,609.23,609.86,10.1025,7.44664,9.35599,10.0171,10.3958,9.40393,9.40393,1.0,1.0,1
91585,31.05.2024 08:28:12.630000,304.871,329.095,10.7716,10.933,10.807,39.489,2.05172,2.16097,14.0524,13.3539,609.23,609.86,10.1025,7.44664,9.35599,10.0171,10.3958,9.40393,9.40393,1.0,1.0,1
91586,31.05.2024 08:28:12.640000,307.59,331.979,10.6844,10.875,10.808,40.5226,2.10271,2.16536,14.1911,11.9079,609.23,609.765,10.1789,7.51088,8.56009,10.4248,10.3985,9.4835,9.4835,1.0,1.0,1
91587,31.05.2024 08:28:12.650000,311.133,327.2,10.6457,10.845,10.752,41.5872,2.12764,2.18049,18.1522,15.0241,609.27,609.785,10.2526,6.7504,7.66648,10.3394,10.3988,8.21036,8.21036,1.0,1.0,1
91588,31.05.2024 08:28:12.660000,311.133,327.2,10.6457,10.845,10.752,41.5872,2.12764,2.18049,18.1522,15.0241,609.27,609.785,10.2526,6.7504,7.66648,10.3394,10.3988,8.21036,8.21036,1.0,1.0,1
91589,31.05.2024 08:28:12.670000,311.133,327.2,10.6109,10.845,10.752,42.7168,2.13203,2.18253,18.6697,14.7599,609.28,609.93,10.2633,6.64463,7.33225,10.1148,10.3988,7.98611,7.98611,1.0,1.0,1
91590,31.05.2024 08:28:12.680000,311.133,327.2,10.6109,10.845,10.752,42.7168,2.13203,2.18253,18.6697,14.7599,609.28,609.93,10.2633,6.64463,7.33225,10.1148,10.3988,7.98611,7.98611,1.0,1.0,1
91591,31.05.2024 08:28:12.690000,305.447,333.298,10.5304,10.702,10.652,43.7401,2.11433,2.1948,17.5065,16.0205,609.31,609.965,10.1351,7.23575,7.71426,10.0801,10.4005,7.56655,7.56655,1.0,1.0,1
91592,31.05.2024 08:28:12.700000,305.447,333.298,10.5304,10.702,10.652,43.7401,2.11433,2.1948,17.5065,16.0205,609.31,609.965,10.1351,7.23575,7.71426,10.0801,10.4005,7.56655,7.56655,1.0,1.0,1
91593,31.05.2024 08:28:12.710000,302.811,328.436,10.5033,10.708,10.546,44.9289,2.08996,2.20096,17.4441,14.9862,609.315,609.895,10.0332,7.38078,7.98614,9.93823,10.4012,7.65336,7.65336,1.0,1.0,1
91594,31.05.2024 08:28:12.720000,302.811,328.436,10.5033,10.708,10.546,44.9289,2.08996,2.20096,17.4441,14.9862,609.315,609.895,10.0332,7.38078,7.98614,9.93823,10.4012,7.65336,7.65336,1.0,1.0,1
91595,31.05.2024 08:28:12.730000,307.178,322.339,10.4957,10.692,10.49,46.2497,2.09265,2.19697,16.6003,17.7446,609.425,610.035,9.52134,6.13522,8.62767,9.64853,10.4019,8.04398,8.04398,1.0,1.0,1
91596,31.05.2024 08:28:12.740000,299.185,325.14,10.4184,10.644,10.522,48.6086,2.10672,2.20061,15.6835,13.2158,609.495,610.17,9.38177,6.67304,8.79739,9.59675,10.4031,8.31163,8.31163,1.0,1.0,1
91597,31.05.2024 08:28:12.750000,307.178,334.451,10.4184,10.64,10.506,48.6086,2.11252,2.18526,16.622,16.4567,609.585,610.15,9.44756,7.41299,8.33058,9.39443,10.4035,8.3261,8.3261,1.0,1.0,1
91598,31.05.2024 08:28:12.760000,307.178,334.451,10.4184,10.64,10.506,48.6086,2.11252,2.18526,16.622,16.4567,609.585,610.15,9.44756,7.41299,8.33058,9.39443,10.4035,8.3261,8.3261,1.0,1.0,1
91599,31.05.2024 08:28:12.770000,307.178,334.451,10.3797,10.64,10.506,49.8694,2.1064,2.17124,17.8542,12.7802,609.625,610.14,9.63587,7.21102,8.02904,9.16609,10.4049,8.02951,8.02951,1.0,1.0,1
91600,31.05.2024 08:28:12.780000,302.399,330.249,10.3936,10.594,10.45,51.1182,2.06793,2.16493,17.8542,12.7802,609.625,610.14,9.63587,7.21102,8.02904,9.16609,10.4051,8.73119,8.73119,1.0,1.0,1
91601,31.05.2024 08:28:12.790000,302.399,330.249,10.3684,10.594,10.45,52.4306,2.04383,2.17713,14.7617,11.8065,609.675,610.26,9.49126,6.82614,8.0512,9.08111,10.4052,8.73119,8.73119,1.0,1.0,1
91602,31.05.2024 08:28:12.800000,310.638,325.387,10.3684,10.615,10.481,52.4306,2.02214,2.18087,14.0567,13.662,609.65,610.26,9.40449,7.44919,7.86222,8.87522,10.4052,8.73119,8.73119,1.0,1.0,1
91603,31.05.2024 08:28:12.810000,304.541,324.399,10.3248,10.507,10.464,53.679,2.01616,2.16564,14.0567,13.662,609.65,610.26,9.40449,7.44919,7.86222,8.87522,10.4057,8.73119,8.73119,1.0,1.0,1
91604,31.05.2024 08:28:12.820000,304.541,324.399,10.3248,10.507,10.464,53.679,2.01616,2.16564,14.0567,13.662,609.65,610.26,9.40449,7.44919,7.86222,8.87522,10.4057,8.73119,8.73119,1.0,1.0,1
91605,31.05.2024 08:28:12.830000,304.541,324.399,10.3528,10.507,10.464,54.792,1.99224,2.1524,14.0422,13.8895,609.65,610.245,8.58025,7.27646,7.79503,8.731,10.4057,9.49074,9.49074,1.0,1.0,1
91606,31.05.2024 08:28:12.840000,308.002,328.601,10.3499,10.52,10.401,55.9533,2.00531,2.15686,11.468,6.8617,609.78,610.275,7.70752,6.27878,7.96237,8.61201,10.4062,10.0333,10.0333,1.0,1.0,1
91607,31.05.2024 08:28:12.850000,305.777,328.601,10.3499,10.52,10.438,57.0765,2.0324,2.16308,12.8157,12.919,609.865,610.45,7.32663,6.11162,8.32131,8.46533,10.4062,10.0333,10.0333,1.0,1.0,1
91608,31.05.2024 08:28:12.860000,305.777,328.601,10.3499,10.52,10.438,57.0765,2.0324,2.16308,12.8157,12.919,609.865,610.45,7.32663,6.11162,8.32131,8.46533,10.4062,10.0333,10.0333,1.0,1.0,1
91609,31.05.2024 08:28:12.870000,303.14,333.627,10.3258,10.506,10.413,57.0765,2.07903,2.18047,15.1889,14.6341,609.975,610.515,6.96936,6.60818,8.08879,8.25884,10.407,10.0333,10.0333,1.0,1.0,1
91610,31.05.2024 08:28:12.880000,301.987,326.953,10.3264,10.518,10.405,58.1682,2.12853,2.16244,16.4322,11.969,610.015,610.575,7.06004,6.68827,7.55598,7.93106,10.4072,10.8869,10.8869,1.0,1.0,1
91611,31.05.2024 08:28:12.890000,301.987,326.953,10.3264,10.518,10.405,58.1682,2.12853,2.16244,16.4322,11.969,610.015,610.575,7.06004,6.68827,7.55598,7.93106,10.4072,10.8869,10.8869,1.0,1.0,1
91612,31.05.2024 08:28:12.900000,300.421,329.755,10.3599,10.466,10.429,59.2884,2.12375,2.18118,18.1617,11.7273,610.08,610.63,6.56781,6.7898,7.64627,7.98884,10.4076,11.1835,11.1835,1.0,1.0,1
91613,31.05.2024 08:28:12.910000,311.133,326.294,10.3128,10.426,10.391,60.4514,2.07624,2.21027,17.1366,19.2098,610.14,610.65,6.42555,6.83718,7.14699,7.84448,10.4078,11.1835,11.1835,1.0,1.0,1
91614,31.05.2024 08:28:12.920000,311.133,322.421,10.2903,10.371,10.391,61.5738,2.04723,2.21771,17.1366,19.2098,610.14,610.65,6.42555,6.83718,7.14699,7.84448,10.4079,11.1835,11.1835,1.0,1.0,1
91615,31.05.2024 08:28:12.930000,301.08,322.421,10.2903,10.371,10.371,62.6793,2.02899,2.21448,14.9003,16.8382,610.15,610.645,6.10817,6.6811,6.6511,7.7417,10.4079,10.7422,10.7422,1.0,1.0,1
91616,31.05.2024 08:28:12.940000,306.518,322.833,10.3653,10.426,10.341,62.6793,1.99747,2.18776,14.9003,16.8382,610.15,610.645,6.10817,6.6811,6.6511,7.7417,10.4082,10.735,10.735,1.0,1.0,1
91617,31.05.2024 08:28:12.950000,306.518,322.833,10.4262,10.426,10.341,63.8313,1.99332,2.17654,11.8268,10.6728,610.19,610.64,5.56454,6.05086,6.6841,7.72195,10.4084,10.735,10.735,1.0,1.0,1
91618,31.05.2024 08:28:12.960000,305.365,332.886,10.4262,10.387,10.37,63.8313,1.9983,2.177,11.4733,12.1776,610.22,610.715,5.26034,5.55506,6.51669,7.55779,10.4084,10.735,10.735,1.0,1.0,1
91619,31.05.2024 08:28:12.970000,305.365,332.886,10.4262,10.387,10.37,63.8313,1.9983,2.177,11.4733,12.1776,610.22,610.715,5.26034,5.55506,6.51669,7.55779,10.4084,10.735,10.735,1.0,1.0,1
91620,31.05.2024 08:28:12.980000,304.376,321.02,10.3615,10.353,10.409,65.1167,2.00968,2.1831,13.2831,16.6502,610.27,610.75,4.87689,5.38411,6.43434,7.59853,10.4081,11.046,11.046,1.0,1.0,1
91621,31.05.2024 08:28:12.990000,304.129,332.556,10.332,10.4,10.426,66.337,2.06421,2.14894,16.6654,12.6405,610.345,610.79,4.77937,5.24938,6.59828,7.45495,10.4087,11.1907,11.1907,1.0,1.0,1
91622,31.05.2024 08:28:13.000000,304.129,323.74,10.4073,10.446,10.426,67.4698,2.06483,2.13993,16.6654,12.6405,610.345,610.79,4.77937,5.24938,6.59828,7.45495,10.4088,11.1907,11.1907,1.0,1.0,1
91623,31.05.2024 08:28:13.010000,304.129,323.74,10.4073,10.446,10.426,67.4698,2.06483,2.13993,16.6654,12.6405,610.345,610.79,4.77937,5.24938,6.59828,7.45495,10.4088,11.1907,11.1907,1.0,1.0,1
91624,31.05.2024 08:28:13.020000,301.08,323.74,10.4073,10.446,10.407,68.5466,2.05235,2.13407,17.6684,8.66492,610.43,610.82,4.97359,5.01099,6.51602,7.25401,10.4088,10.612,10.612,1.0,1.0,1
91625,31.05.2024 08:28:13.030000,301.08,323.74,10.4073,10.446,10.407,68.5466,2.05235,2.13407,17.6684,8.66492,610.43,610.82,4.97359,5.01099,6.51602,7.25401,10.4088,10.612,10.612,1.0,1.0,1
91626,31.05.2024 08:28:13.040000,302.069,328.271,10.4283,10.411,10.432,69.5913,2.01593,2.15684,14.5567,10.963,610.455,610.905,5.12527,4.92532,6.75787,7.17905,10.4094,10.612,10.612,1.0,1.0,1
91627,31.05.2024 08:28:13.050000,302.069,328.271,10.4283,10.411,10.432,69.5913,2.01593,2.15684,14.5567,10.963,610.455,610.905,5.12527,4.92532,6.75787,7.17905,10.4094,10.612,10.612,1.0,1.0,1
91628,31.05.2024 08:28:13.060000,301.822,328.436,10.4024,10.436,10.455,70.7917,2.01159,2.15574,15.6838,16.9726,610.485,610.89,5.41848,4.91654,6.70366,7.07678,10.409,10.3154,10.3154,1.0,1.0,1
91629,31.05.2024 08:28:13.070000,301.822,328.436,10.4024,10.436,10.455,70.7917,2.01159,2.15574,15.6838,16.9726,610.485,610.89,5.41848,4.91654,6.70366,7.07678,10.409,10.3154,10.3154,1.0,1.0,1
91630,31.05.2024 08:28:13.080000,309.32,330.414,10.4494,10.389,10.445,71.7131,2.01809,2.15817,14.7707,10.7676,610.495,610.935,5.61041,4.63296,6.90652,6.96587,10.4102,10.7277,10.7277,1.0,1.0,1
91631,31.05.2024 08:28:13.090000,309.32,330.414,10.4494,10.389,10.445,71.7131,2.01809,2.15817,14.7707,10.7676,610.495,610.935,5.61041,4.63296,6.90652,6.96587,10.4102,10.7277,10.7277,1.0,1.0,1
91632,31.05.2024 08:28:13.100000,305.859,330.991,10.4295,10.411,10.414,73.6169,2.01852,2.17288,15.7008,16.0834,610.53,611.005,5.50454,4.56255,6.96545,6.91747,10.4102,10.5975,10.5975,1.0,1.0,1
91633,31.05.2024 08:28:13.110000,300.174,321.844,10.5002,10.482,10.446,74.5982,2.02886,2.16634,15.7448,17.8507,610.57,611.06,5.62232,4.7686,7.17522,6.95743,10.4108,10.6988,10.6988,1.0,1.0,1
91634,31.05.2024 08:28:13.120000,308.249,328.601,10.5002,10.501,10.444,74.5982,2.02386,2.16502,16.6452,11.5709,610.655,611.07,5.66339,4.89941,7.64821,6.94807,10.4108,11.14,11.14,1.0,1.0,1
91635,31.05.2024 08:28:13.130000,302.646,330.249,10.4917,10.46,10.471,75.4054,2.0183,2.16247,16.6452,11.5709,610.655,611.07,5.66339,4.89941,7.64821,6.94807,10.4114,11.14,11.14,1.0,1.0,1
91636,31.05.2024 08:28:13.140000,302.646,330.249,10.4917,10.46,10.471,75.4054,2.0183,2.16247,16.6452,11.5709,610.655,611.07,5.66339,4.89941,7.64821,6.94807,10.4114,11.14,11.14,1.0,1.0,1
91637,31.05.2024 08:28:13.150000,302.646,330.249,10.4773,10.46,10.471,76.2267,1.9934,2.16496,14.5654,14.0497,610.695,611.08,6.05468,4.87051,7.64384,6.98642,10.4114,11.292,11.292,1.0,1.0,1
91638,31.05.2024 08:28:13.160000,301.575,320.938,10.5305,10.474,10.493,76.855,1.99429,2.17493,15.4063,17.3024,610.68,611.11,6.53264,4.85361,7.66553,6.96342,10.4129,11.2992,11.2992,1.0,1.0,1
91639,31.05.2024 08:28:13.170000,304.376,320.938,10.5305,10.474,10.515,77.5832,2.00252,2.17503,15.0345,14.8499,610.7,611.17,6.54251,4.82812,7.8627,6.89148,10.4129,11.14,11.14,1.0,1.0,1
91640,31.05.2024 08:28:13.180000,308.414,327.612,10.5731,10.49,10.481,77.5832,2.03246,2.16944,15.0345,14.8499,610.7,611.17,6.54251,4.82812,7.8627,6.89148,10.4136,11.2992,11.2992,1.0,1.0,1
91641,31.05.2024 08:28:13.190000,308.414,327.612,10.5504,10.49,10.481,78.1071,2.04065,2.17579,16.4959,13.7078,610.74,611.16,6.5781,5.1525,7.91495,6.97661,10.4144,11.2992,11.2992,1.0,1.0,1
91642,31.05.2024 08:28:13.200000,308.414,327.612,10.5504,10.49,10.481,78.1071,2.04065,2.17579,16.4959,13.7078,610.74,611.16,6.5781,5.1525,7.91495,6.97661,10.4144,11.2992,11.2992,1.0,1.0,1
91643,31.05.2024 08:28:13.210000,307.013,324.975,10.5504,10.497,10.497,78.1071,2.04087,2.1911,17.5217,14.9419,610.755,611.195,6.76785,4.99354,7.99534,6.94292,10.4144,11.2992,11.2992,1.0,1.0,1
91644,31.05.2024 08:28:13.220000,307.013,324.975,10.5504,10.497,10.497,78.1071,2.04087,2.1911,17.5217,14.9419,610.755,611.195,6.76785,4.99354,7.99534,6.94292,10.4144,11.2992,11.2992,1.0,1.0,1
91645,31.05.2024 08:28:13.230000,298.361,326.953,10.582,10.474,10.5,79.418,2.05,2.17804,17.5784,18.4661,610.795,611.265,6.63307,4.95083,8.06849,6.95791,10.4152,10.9447,10.9447,1.0,1.0,1
91646,31.05.2024 08:28:13.240000,292.84,325.14,10.6167,10.495,10.48,79.7755,2.02918,2.1782,18.5605,14.5766,610.845,611.26,6.57528,5.53341,8.18616,7.10239,10.4173,11.2124,11.2124,1.0,1.0,1
91647,31.05.2024 08:28:13.250000,268.945,325.14,10.6167,10.495,10.542,80.0662,2.02409,2.16923,15.2055,13.9589,610.875,611.225,6.58395,5.22586,8.30306,7.13901,10.4173,11.2124,11.2124,1.0,1.0,1
91648,31.05.2024 08:28:13.260000,268.945,325.14,10.6167,10.495,10.542,80.0662,2.02409,2.16923,15.2055,13.9589,610.875,611.225,6.58395,5.22586,8.30306,7.13901,10.4173,11.2124,11.2124,1.0,1.0,1
91649,31.05.2024 08:28:13.270000,243.814,279.986,10.6547,10.612,10.567,80.0662,2.01075,2.15426,16.3373,14.1214,610.955,611.26,6.69109,4.7118,8.32188,7.12792,10.4181,11.046,11.046,1.0,1.0,1
91650,31.05.2024 08:28:13.280000,243.814,279.986,10.6547,10.612,10.567,80.0662,2.01075,2.15426,16.3373,14.1214,610.955,611.26,6.69109,4.7118,8.32188,7.12792,10.4181,11.046,11.046,1.0,1.0,1
91651,31.05.2024 08:28:13.290000,212.338,234.668,10.6464,10.553,10.634,80.261,2.01248,2.13236,15.8584,11.2872,611.03,611.34,7.03731,4.67209,8.41195,7.17626,10.4179,10.3009,10.3009,1.0,1.0,1
91652,31.05.2024 08:28:13.300000,187.042,280.975,10.6823,10.483,10.636,80.5892,2.00962,2.12261,15.6194,10.1433,611.06,611.415,7.26585,4.72436,8.4737,7.27825,10.4188,10.3009,10.3009,1.0,1.0,1
91653,31.05.2024 08:28:13.310000,187.042,280.975,10.6823,10.483,10.636,80.5892,2.00962,2.12261,15.6194,10.1433,611.06,611.415,7.26585,4.72436,8.4737,7.27825,10.4188,10.3009,10.3009,1.0,1.0,1
91654,31.05.2024 08:28:13.320000,178.308,252.96,10.6823,10.581,10.619,80.5892,2.00792,2.12901,15.2731,9.89029,611.06,611.445,7.3373,4.8766,8.4374,7.29948,10.4199,10.5975,10.5975,1.0,1.0,1
91655,31.05.2024 08:28:13.330000,178.308,252.96,10.6823,10.581,10.619,80.5892,2.00792,2.12901,15.2731,9.89029,611.06,611.445,7.3373,4.8766,8.4374,7.29948,10.4199,10.5975,10.5975,1.0,1.0,1
91656,31.05.2024 08:28:13.340000,158.121,185.229,10.6989,10.631,10.646,80.9656,1.99963,2.12052,14.3247,12.6805,611.1,611.485,7.11596,5.02308,8.40948,7.40681,10.4204,10.5975,10.5975,1.0,1.0,1
91657,31.05.2024 08:28:13.350000,136.862,142.136,10.7046,10.708,10.681,81.0036,1.98301,2.14596,13.5703,10.8501,611.18,611.575,6.77979,5.03859,8.4498,7.50795,10.4219,11.169,11.169,1.0,1.0,1
91658,31.05.2024 08:28:13.360000,118.076,122.855,10.7046,10.671,10.616,81.0036,1.97714,2.14448,12.0725,10.8989,611.255,611.63,6.85661,5.38046,8.42498,7.58778,10.4219,11.3426,11.3426,1.0,1.0,1
91659,31.05.2024 08:28:13.370000,110.083,104.727,10.7344,10.7,10.632,81.0069,1.97935,2.15228,12.0725,10.8989,611.255,611.63,6.85661,5.38046,8.42498,7.58778,10.4229,11.3426,11.3426,1.0,1.0,1
91660,31.05.2024 08:28:13.380000,110.083,104.727,10.7397,10.7,10.632,81.0697,2.00414,2.15313,11.1272,13.9809,611.355,611.695,6.833,5.71479,8.35505,7.64556,10.4229,11.3426,11.3426,1.0,1.0,1
91661,31.05.2024 08:28:13.390000,110.083,104.727,10.7397,10.7,10.632,81.0697,2.00414,2.15313,11.1272,13.9809,611.355,611.695,6.833,5.71479,8.35505,7.64556,10.4229,11.3426,11.3426,1.0,1.0,1
91662,31.05.2024 08:28:13.400000,111.649,94.2627,10.7397,10.69,10.637,81.0697,2.01606,2.14492,13.6539,13.1132,611.375,611.68,7.10042,5.95086,8.3416,7.7521,10.4236,12.0443,12.0443,1.0,1.0,1
91663,31.05.2024 08:28:13.410000,111.649,94.2627,10.7397,10.69,10.637,81.0697,2.01606,2.14492,13.6539,13.1132,611.375,611.68,7.10042,5.95086,8.3416,7.7521,10.4236,12.0443,12.0443,1.0,1.0,1
91664,31.05.2024 08:28:13.420000,104.48,71.6034,10.7171,10.706,10.664,81.2653,2.0284,2.13811,14.9758,10.9711,611.35,611.695,6.90114,5.76417,8.36006,7.95259,10.4243,12.1455,12.1455,1.0,1.0,1
91665,31.05.2024 08:28:13.430000,99.2065,57.2662,10.7243,10.639,10.661,81.2306,2.01746,2.12102,14.3851,11.0014,611.435,611.79,6.20774,5.46963,8.06993,7.98556,10.4263,12.6519,12.6519,1.0,1.0,1
91666,31.05.2024 08:28:13.440000,99.2065,57.2662,10.7243,10.639,10.661,81.2306,2.01746,2.12102,14.3851,11.0014,611.435,611.79,6.20774,5.46963,8.06993,7.98556,10.4263,12.6519,12.6519,1.0,1.0,1
91667,31.05.2024 08:28:13.450000,82.1502,55.9479,10.7243,10.649,10.677,81.2306,2.00683,2.11875,14.6278,10.6751,611.485,611.895,5.59487,5.6534,7.8918,8.14337,10.4263,13.2378,13.2378,1.0,1.0,1
91668,31.05.2024 08:28:13.460000,82.1502,55.9479,10.7243,10.649,10.677,81.2306,2.00683,2.11875,14.6278,10.6751,611.485,611.895,5.59487,5.6534,7.8918,8.14337,10.4263,13.2378,13.2378,1.0,1.0,1
91669,31.05.2024 08:28:13.470000,29.2511,7.16858,10.6883,10.68,10.671,81.2673,1.98239,2.11064,11.8727,8.24273,611.585,611.955,5.08465,5.95418,7.83384,8.22448,10.4277,13.1293,13.1293,1.0,1.0,1
91670,31.05.2024 08:28:13.480000,10.5469,-71.521,10.7022,10.655,10.683,81.3402,1.99311,2.11988,11.9634,8.39201,611.64,611.945,4.95136,6.07596,7.50025,8.36443,10.43,14.1059,14.1059,1.0,1.0,1
91671,31.05.2024 08:28:13.490000,-45.2362,-71.521,10.7022,10.655,10.705,81.3166,2.00882,2.12212,13.5206,11.4082,611.685,611.945,4.45469,5.63438,7.16602,8.52234,10.43,14.1059,14.1059,1.0,1.0,1
91672,31.05.2024 08:28:13.500000,-58.9966,-100.442,10.7043,10.624,10.658,81.3166,2.04913,2.12253,13.5206,11.4082,611.685,611.945,4.45469,5.63438,7.16602,8.52234,10.4313,14.9016,14.9016,1.0,1.0,1
91673,31.05.2024 08:28:13.510000,-58.9966,-100.442,10.6578,10.624,10.658,81.2786,2.06469,2.12575,16.2777,12.1801,611.745,612.06,3.9909,4.96673,7.02615,8.51654,10.4316,14.9016,14.9016,1.0,1.0,1
91674,31.05.2024 08:28:13.520000,-58.9966,-100.442,10.6578,10.624,10.658,81.2786,2.06469,2.12575,16.2777,12.1801,611.745,612.06,3.9909,4.96673,7.02615,8.51654,10.4316,14.9016,14.9016,1.0,1.0,1
91675,31.05.2024 08:28:13.530000,-58.5846,-102.173,10.6578,10.616,10.616,81.2786,2.07545,2.12904,16.9645,10.6621,611.76,612.155,3.68907,4.969,6.79371,8.55715,10.4316,15.2633,15.2633,1.0,1.0,1
91676,31.05.2024 08:28:13.540000,-58.5846,-102.173,10.6578,10.616,10.616,81.2786,2.07545,2.12904,16.9645,10.6621,611.76,612.155,3.68907,4.969,6.79371,8.55715,10.4316,15.2633,15.2633,1.0,1.0,1
91677,31.05.2024 08:28:13.550000,-79.2663,-102.008,10.6589,10.583,10.593,81.2679,2.05655,2.12967,16.1173,12.0926,611.81,612.17,3.14219,5.0622,6.64038,8.59637,10.4333,15.2633,15.2633,1.0,1.0,1
91678,31.05.2024 08:28:13.560000,-92.8619,-138.428,10.6505,10.639,10.582,81.219,2.01934,2.12181,15.4222,11.761,611.88,612.185,2.89162,4.6153,6.32893,8.50407,10.4349,15.8854,15.8854,1.0,1.0,1
91679,31.05.2024 08:28:13.570000,-98.4649,-138.428,10.6505,10.639,10.589,81.2046,2.00035,2.11694,14.1562,11.4538,611.91,612.28,2.61194,4.09818,6.02817,8.42941,10.4349,16.2182,16.2182,1.0,1.0,1
91680,31.05.2024 08:28:13.580000,-98.4649,-138.428,10.6505,10.639,10.589,81.2046,2.00035,2.11694,14.1562,11.4538,611.91,612.28,2.61194,4.09818,6.02817,8.42941,10.4349,16.2182,16.2182,1.0,1.0,1
91681,31.05.2024 08:28:13.590000,-99.8657,-156.885,10.6069,10.552,10.562,81.2046,1.98041,2.11239,12.8213,10.3196,611.925,612.335,2.4156,3.89271,5.96562,8.37414,10.4353,16.2182,16.2182,1.0,1.0,1
91682,31.05.2024 08:28:13.600000,-105.716,-177.649,10.6057,10.551,10.542,81.1882,1.99019,2.10534,12.773,9.98627,611.955,612.375,2.20799,3.8339,5.60029,8.21913,10.4368,16.3194,16.3194,1.0,1.0,1
91683,31.05.2024 08:28:13.610000,-105.716,-177.649,10.6057,10.551,10.542,81.1882,1.99019,2.10534,12.773,9.98627,611.955,612.375,2.20799,3.8339,5.60029,8.21913,10.4368,16.3194,16.3194,1.0,1.0,1
91684,31.05.2024 08:28:13.620000,-107.364,-180.945,10.6038,10.51,10.509,81.1336,2.00204,2.10603,12.4683,9.06516,612.0,612.435,1.94872,3.42282,5.27001,8.20523,10.4377,16.4207,16.4207,1.0,1.0,1
91685,31.05.2024 08:28:13.630000,-120.053,-187.207,10.5893,10.505,10.52,81.126,2.03073,2.10758,14.0603,9.55213,612.01,612.485,1.8605,3.25574,5.14642,8.00054,10.4384,16.4207,16.4207,1.0,1.0,1
91686,31.05.2024 08:28:13.640000,-120.053,-191.162,10.5673,10.506,10.52,81.1275,2.02727,2.10738,14.0603,9.55213,612.01,612.485,1.8605,3.25574,5.14642,8.00054,10.4393,16.4207,16.4207,1.0,1.0,1
91687,31.05.2024 08:28:13.650000,-141.641,-191.162,10.5673,10.506,10.506,81.1951,2.01628,2.10667,14.8598,10.1852,612.045,612.535,1.60835,2.98299,5.07419,7.94901,10.4393,16.2833,16.2833,1.0,1.0,1
91688,31.05.2024 08:28:13.660000,-159.604,-199.649,10.5641,10.474,10.518,81.1951,1.97814,2.10319,14.8598,10.1852,612.045,612.535,1.60835,2.98299,5.07419,7.94901,10.4403,16.5292,16.5292,1.0,1.0,1
91689,31.05.2024 08:28:13.670000,-159.604,-199.649,10.5641,10.474,10.518,81.1951,1.97814,2.10319,14.8598,10.1852,612.045,612.535,1.60835,2.98299,5.07419,7.94901,10.4403,16.5292,16.5292,1.0,1.0,1
91690,31.05.2024 08:28:13.680000,-159.604,-199.649,10.5627,10.474,10.518,81.1999,1.9615,2.10234,13.6042,10.4467,612.065,612.58,1.55762,2.72919,4.9865,7.90675,10.4413,16.1675,16.1675,1.0,1.0,1
91691,31.05.2024 08:28:13.690000,-161.499,-205.005,10.5322,10.497,10.497,81.2499,1.95383,2.10396,12.0692,10.5159,612.065,612.65,1.39914,2.59954,5.0028,7.85444,10.4423,16.1675,16.1675,1.0,1.0,1
91692,31.05.2024 08:28:13.700000,-161.499,-205.005,10.5174,10.497,10.497,81.2248,1.99113,2.10422,11.952,11.1973,612.075,612.67,1.19109,2.6623,5.19402,7.86888,10.4423,16.3846,16.3846,1.0,1.0,1
91693,31.05.2024 08:28:13.710000,-166.113,-195.941,10.5174,10.556,10.527,81.2248,2.02363,2.10472,13.3109,9.8935,612.115,612.68,1.112,2.50421,5.29318,7.82066,10.4431,15.8203,15.8203,1.0,1.0,1
91694,31.05.2024 08:28:13.720000,-166.113,-195.941,10.5196,10.556,10.527,81.2304,2.05648,2.10893,13.3109,9.8935,612.115,612.68,1.112,2.50421,5.29318,7.82066,10.4442,15.8203,15.8203,1.0,1.0,1
91695,31.05.2024 08:28:13.730000,-164.877,-197.424,10.5196,10.531,10.52,81.321,2.08564,2.11501,15.3532,9.31266,612.14,612.77,1.06656,2.2111,5.03815,7.74082,10.4442,15.6829,15.6829,1.0,1.0,1
91696,31.05.2024 08:28:13.740000,-175.424,-199.484,10.5201,10.511,10.499,81.321,2.11799,2.12417,15.3532,9.31266,612.14,612.77,1.06656,2.2111,5.03815,7.74082,10.4436,15.6829,15.6829,1.0,1.0,1
91697,31.05.2024 08:28:13.750000,-175.424,-199.484,10.5055,10.511,10.499,81.3104,2.1174,2.12553,19.3539,11.8071,612.15,612.815,1.10197,2.46929,5.09085,7.80945,10.4445,15.6829,15.6829,1.0,1.0,1
91698,31.05.2024 08:28:13.760000,-175.424,-199.484,10.5055,10.511,10.499,81.3104,2.1174,2.12553,19.3539,11.8071,612.15,612.815,1.10197,2.46929,5.09085,7.80945,10.4445,15.6829,15.6829,1.0,1.0,1
91699,31.05.2024 08:28:13.770000,-170.975,-197.259,10.5055,10.569,10.459,81.3104,2.1057,2.12724,18.6888,12.8851,612.16,612.805,1.15889,2.63745,5.18768,7.77178,10.4445,15.6829,15.6829,1.0,1.0,1
91700,31.05.2024 08:28:13.780000,-170.975,-197.259,10.5055,10.569,10.459,81.3104,2.1057,2.12724,18.6888,12.8851,612.16,612.805,1.15889,2.63745,5.18768,7.77178,10.4445,15.6829,15.6829,1.0,1.0,1
91701,31.05.2024 08:28:13.790000,-170.81,-194.128,10.5127,10.553,10.461,81.3262,2.03955,2.12635,16.1675,12.7603,612.185,612.805,1.18105,2.49217,5.00359,7.71768,10.4446,15.9216,15.9216,0.0,1.0,1
91702,31.05.2024 08:28:13.800000,-175.177,-199.319,10.4957,10.425,10.462,81.2875,2.02361,2.12618,13.0899,11.4572,612.19,612.84,1.36395,2.43594,5.16436,7.57321,10.4458,16.5148,16.5148,0.0,1.0,1
91703,31.05.2024 08:28:13.810000,-176.331,-199.319,10.4957,10.425,10.464,81.3712,2.02887,2.12562,13.9043,14.0851,612.185,612.84,1.33261,2.31896,5.22652,7.48939,10.4458,16.6016,16.6016,0.0,1.0,1
91704,31.05.2024 08:28:13.820000,-174.023,-196.93,10.5022,10.416,10.523,81.3712,2.05759,2.12245,13.9043,14.0851,612.185,612.84,1.33261,2.31896,5.22652,7.48939,10.446,16.6016,16.6016,0.0,1.0,1
91705,31.05.2024 08:28:13.830000,-174.023,-196.93,10.5127,10.416,10.523,81.3481,2.07371,2.12325,13.203,10.1938,612.19,612.835,1.29796,2.26704,5.01069,7.46428,10.4468,16.6016,16.6016,0.0,1.0,1
91706,31.05.2024 08:28:13.840000,-174.023,-196.93,10.5127,10.416,10.523,81.3481,2.07371,2.12325,13.203,10.1938,612.19,612.835,1.29796,2.26704,5.01069,7.46428,10.4468,16.6016,16.6016,0.0,1.0,1
91707,31.05.2024 08:28:13.850000,-170.563,-196.106,10.5127,10.456,10.504,81.3481,2.08656,2.12525,14.465,11.4261,612.19,612.87,1.21684,2.17697,5.17497,7.49876,10.4468,16.4135,16.4135,0.0,1.0,1
91708,31.05.2024 08:28:13.860000,-169.409,-195.117,10.5309,10.461,10.459,81.2914,2.08289,2.13301,14.8665,12.0271,612.215,612.865,1.17083,1.95893,5.24797,7.56457,10.4469,16.4279,16.4279,0.0,1.0,1
91709,31.05.2024 08:28:13.870000,-169.409,-195.117,10.5309,10.461,10.459,81.2914,2.08289,2.13301,14.8665,12.0271,612.215,612.865,1.17083,1.95893,5.24797,7.56457,10.4469,16.4279,16.4279,0.0,1.0,1
91710,31.05.2024 08:28:13.880000,-165.372,-190.668,10.5309,10.43,10.436,81.2914,2.06253,2.12934,15.0515,11.265,612.27,612.885,1.36904,1.89023,5.10649,7.50367,10.4472,16.4279,16.4279,0.0,1.0,1
91711,31.05.2024 08:28:13.890000,-175.095,-195.282,10.5255,10.436,10.429,81.2458,2.00612,2.11941,10.3731,9.77838,612.275,612.885,1.73627,1.77011,4.89291,7.36787,10.4483,16.8113,16.8113,0.0,1.0,1
91712,31.05.2024 08:28:13.900000,-166.772,-200.226,10.5216,10.374,10.458,81.2458,1.97275,2.11756,10.3731,9.77838,612.275,612.885,1.73627,1.77011,4.89291,7.36787,10.4485,17.0139,17.0139,0.0,1.0,1
91713,31.05.2024 08:28:13.910000,-166.772,-200.226,10.5309,10.374,10.458,81.3138,1.97473,2.11687,9.94229,10.7339,612.285,612.92,1.93895,1.77531,4.8165,7.37602,10.4494,17.0139,17.0139,0.0,1.0,1
91714,31.05.2024 08:28:13.920000,-170.892,-193.222,10.5309,10.449,10.517,81.3138,1.99203,2.11473,10.5548,13.0567,612.29,612.895,1.99769,1.88351,4.92367,7.52073,10.4494,17.0139,17.0139,0.0,1.0,1
91715,31.05.2024 08:28:13.930000,-173.035,-199.814,10.5282,10.453,10.553,81.3817,2.01898,2.11279,10.5548,13.0567,612.29,612.895,1.99769,1.88351,4.92367,7.52073,10.4498,17.0139,17.0139,0.0,1.0,1
91716,31.05.2024 08:28:13.940000,-173.035,-199.814,10.5407,10.453,10.553,81.4184,2.08011,2.11476,11.8563,11.2802,612.29,612.905,2.21333,1.76173,4.96647,7.57498,10.4498,16.9199,16.9199,0.0,1.0,1
91717,31.05.2024 08:28:13.950000,-182.593,-199.979,10.5407,10.501,10.551,81.4184,2.10054,2.12083,12.9248,9.67149,612.285,612.9,2.24353,1.64054,5.11559,7.73848,10.4507,16.9199,16.9199,0.0,1.0,1
91718,31.05.2024 08:28:13.960000,-182.593,-197.012,10.5547,10.454,10.551,81.3656,2.11183,2.12781,12.9248,9.67149,612.285,612.9,2.24353,1.64054,5.11559,7.73848,10.4511,16.9199,16.9199,0.0,1.0,1
91719,31.05.2024 08:28:13.970000,-182.593,-197.012,10.5547,10.454,10.551,81.3656,2.11183,2.12781,12.9248,9.67149,612.285,612.9,2.24353,1.64054,5.11559,7.73848,10.4511,16.9199,16.9199,0.0,1.0,1
91720,31.05.2024 08:28:13.980000,-174.683,-197.012,10.5547,10.454,10.55,81.3548,2.1107,2.13229,14.6248,13.102,612.31,612.915,2.23975,1.56644,5.24957,7.83023,10.4511,16.9054,16.9054,0.0,1.0,1
91721,31.05.2024 08:28:13.990000,-174.683,-197.012,10.5547,10.454,10.55,81.3548,2.1107,2.13229,14.6248,13.102,612.31,612.915,2.23975,1.56644,5.24957,7.83023,10.4511,16.9054,16.9054,0.0,1.0,1
91722,31.05.2024 08:28:14.000000,-170.727,-200.143,10.5329,10.46,10.525,81.3119,2.05421,2.13616,14.265,12.2992,612.325,612.94,2.3196,1.43422,5.14285,7.88038,10.4524,16.8113,16.8113,0.0,1.0,1
91723,31.05.2024 08:28:14.010000,-167.926,-194.87,10.548,10.618,10.535,81.3418,2.02313,2.13708,11.2583,10.6022,612.315,612.95,2.34248,1.59886,5.13941,8.05207,10.4518,16.616,16.616,0.0,1.0,1
91724,31.05.2024 08:28:14.020000,-167.926,-194.87,10.548,10.618,10.535,81.3418,2.02313,2.13708,11.2583,10.6022,612.315,612.95,2.34248,1.59886,5.13941,8.05207,10.4518,16.616,16.616,0.0,1.0,1
91725,31.05.2024 08:28:14.030000,-167.926,-194.87,10.5688,10.618,10.535,81.3655,2.02926,2.13121,8.98609,10.7504,612.325,612.945,2.35624,1.72868,5.16548,8.09845,10.4518,16.1386,16.1386,0.0,1.0,1
91726,31.05.2024 08:28:14.040000,-167.926,-194.87,10.5688,10.618,10.535,81.3655,2.02926,2.13121,8.98609,10.7504,612.325,612.945,2.35624,1.72868,5.16548,8.09845,10.4518,16.1386,16.1386,0.0,1.0,1
91727,31.05.2024 08:28:14.050000,-170.975,-198.99,10.5719,10.586,10.561,81.2381,2.07647,2.12331,10.4263,11.1975,612.345,612.93,2.39219,1.78638,5.07364,8.16155,10.4528,15.4948,15.4948,0.0,1.0,1
91728,31.05.2024 08:28:14.060000,-175.424,-198.166,10.5688,10.518,10.517,81.2544,2.14536,2.1323,11.599,9.73432,612.34,612.935,2.41973,1.73357,5.11563,8.29124,10.4532,15.3356,15.3356,0.0,1.0,1
91729,31.05.2024 08:28:14.070000,-175.424,-198.166,10.5847,10.518,10.517,81.3241,2.15065,2.13358,16.9426,11.5781,612.345,612.92,2.33953,1.71737,5.2855,8.49072,10.454,15.3356,15.3356,0.0,1.0,1
91730,31.05.2024 08:28:14.080000,-168.256,-185.806,10.5847,10.519,10.583,81.3241,2.14635,2.13303,16.6626,10.9619,612.36,612.935,2.2225,1.55201,5.16198,8.7817,10.454,14.8872,14.8872,0.0,1.0,1
91731,31.05.2024 08:28:14.090000,-172.128,-192.151,10.5958,10.531,10.528,81.3511,2.12832,2.13189,16.6626,10.9619,612.36,612.935,2.2225,1.55201,5.16198,8.7817,10.4544,14.8872,14.8872,0.0,1.0,1
91732,31.05.2024 08:28:14.100000,-172.128,-192.151,10.5958,10.531,10.528,81.3511,2.12832,2.13189,16.6626,10.9619,612.36,612.935,2.2225,1.55201,5.16198,8.7817,10.4544,14.8872,14.8872,0.0,1.0,1
91733,31.05.2024 08:28:14.110000,-172.128,-192.151,10.598,10.531,10.528,81.3164,2.06167,2.12992,15.5561,11.3431,612.35,612.97,2.12919,1.49786,5.07645,8.90509,10.4544,14.634,14.634,0.0,1.0,1
91734,31.05.2024 08:28:14.120000,-172.128,-192.151,10.598,10.531,10.528,81.3164,2.06167,2.12992,15.5561,11.3431,612.35,612.97,2.12919,1.49786,5.07645,8.90509,10.4544,14.634,14.634,0.0,1.0,1
91735,31.05.2024 08:28:14.130000,-161.829,-192.233,10.5976,10.426,10.532,81.291,2.00281,2.13003,12.1046,10.1055,612.355,612.97,2.02286,1.78505,5.08415,9.01071,10.4557,14.634,14.634,0.0,1.0,1
91736,31.05.2024 08:28:14.140000,-161.829,-192.233,10.5976,10.426,10.532,81.291,2.00281,2.13003,12.1046,10.1055,612.355,612.97,2.02286,1.78505,5.08415,9.01071,10.4557,14.634,14.634,0.0,1.0,1
91737,31.05.2024 08:28:14.150000,-173.282,-191.904,10.6079,10.449,10.601,81.2759,1.99503,2.12194,9.37092,11.2619,612.385,612.95,1.86139,1.82071,4.78147,9.14166,10.4565,13.8817,13.8817,0.0,1.0,1
91738,31.05.2024 08:28:14.160000,-173.282,-191.904,10.6079,10.449,10.601,81.2759,1.99503,2.12194,9.37092,11.2619,612.385,612.95,1.86139,1.82071,4.78147,9.14166,10.4565,13.8817,13.8817,0.0,1.0,1
91739,31.05.2024 08:28:14.170000,-175.919,-199.484,10.6017,10.563,10.584,81.3197,2.03618,2.1156,10.6763,9.49974,612.385,612.92,1.8812,1.77814,4.68125,9.56445,10.4578,13.8817,13.8817,0.0,1.0,1
91740,31.05.2024 08:28:14.180000,-175.919,-199.484,10.6017,10.563,10.584,81.3197,2.03618,2.1156,10.6763,9.49974,612.385,612.92,1.8812,1.77814,4.68125,9.56445,10.4578,13.8817,13.8817,0.0,1.0,1
91741,31.05.2024 08:28:14.190000,-169.08,-203.11,10.5901,10.624,10.604,81.2513,2.08329,2.11764,12.3838,11.0308,612.39,612.9,1.79925,1.63311,4.68655,9.7513,10.4588,13.6719,13.6719,0.0,1.0,1
91742,31.05.2024 08:28:14.200000,-174.353,-198.166,10.6029,10.632,10.594,81.3414,2.07225,2.11866,12.4479,12.2123,612.395,612.9,1.63669,1.4642,4.65798,10.0276,10.4592,14.0263,14.0263,0.0,1.0,1
91743,31.05.2024 08:28:14.210000,-172.705,-198.166,10.6029,10.632,10.594,81.2985,2.0603,2.11927,11.3202,10.1441,612.385,612.91,1.53454,1.34267,4.69636,9.93552,10.4592,14.0263,14.0263,0.0,1.0,1
91744,31.05.2024 08:28:14.220000,-172.705,-198.166,10.6029,10.632,10.594,81.2985,2.0603,2.11927,11.3202,10.1441,612.385,612.91,1.53454,1.34267,4.69636,9.93552,10.4592,14.0263,14.0263,0.0,1.0,1
91745,31.05.2024 08:28:14.230000,-166.36,-190.42,10.6022,10.627,10.627,81.2985,2.03876,2.12149,9.58052,11.8202,612.39,612.895,1.32332,1.32784,4.55569,9.83783,10.4599,13.6719,13.6719,0.0,1.0,1
91746,31.05.2024 08:28:14.240000,-166.36,-190.42,10.6022,10.627,10.627,81.2985,2.03876,2.12149,9.58052,11.8202,612.39,612.895,1.32332,1.32784,4.55569,9.83783,10.4599,13.6719,13.6719,0.0,1.0,1
91747,31.05.2024 08:28:14.250000,-166.855,-194.293,10.5979,10.64,10.58,81.3034,2.0466,2.12372,10.6455,12.3841,612.395,612.895,1.17362,1.26525,4.3571,9.76869,10.4604,14.3229,14.3229,0.0,1.0,1
91748,31.05.2024 08:28:14.260000,-174.518,-192.892,10.5993,10.619,10.542,81.3377,2.11288,2.12926,11.6441,11.1468,612.41,612.905,0.962667,1.29234,4.36895,9.59459,10.461,14.3229,14.3229,0.0,1.0,1
91749,31.05.2024 08:28:14.270000,-172.046,-193.222,10.5993,10.512,10.542,81.3377,2.13349,2.13349,13.6337,11.757,612.4,612.895,0.795495,1.36456,4.50385,9.41326,10.4618,14.3808,14.3808,0.0,1.0,1
91750,31.05.2024 08:28:14.280000,-172.046,-198.331,10.6009,10.569,10.542,81.3935,2.14746,2.13698,13.6337,11.757,612.4,612.895,0.795495,1.36456,4.50385,9.41326,10.4623,14.3808,14.3808,0.0,1.0,1
91751,31.05.2024 08:28:14.290000,-172.046,-198.331,10.6009,10.569,10.542,81.3935,2.14746,2.13698,13.6337,11.757,612.4,612.895,0.795495,1.36456,4.50385,9.41326,10.4623,14.3808,14.3808,0.0,1.0,1
91752,31.05.2024 08:28:14.300000,-168.42,-198.331,10.6009,10.569,10.538,81.3856,2.15314,2.13766,14.8261,11.8631,612.41,612.865,0.698148,1.20838,4.47396,9.19482,10.4623,14.4748,14.4748,0.0,1.0,1
91753,31.05.2024 08:28:14.310000,-166.113,-196.93,10.6239,10.567,10.538,81.4203,2.10722,2.13785,13.8443,11.2655,612.42,612.865,0.605023,1.11682,4.5794,9.0823,10.4637,14.7714,14.7714,0.0,1.0,1
91754,31.05.2024 08:28:14.320000,-169.821,-194.705,10.6239,10.564,10.506,81.4203,2.08274,2.13643,11.326,10.6291,612.425,612.875,0.542317,1.18519,4.80602,8.7544,10.4637,15.0174,15.0174,0.0,1.0,1
91755,31.05.2024 08:28:14.330000,-168.503,-196.435,10.6271,10.532,10.513,81.3903,2.06039,2.13726,11.326,10.6291,612.425,612.875,0.542317,1.18519,4.80602,8.7544,10.4645,15.0174,15.0174,0.0,1.0,1
91756,31.05.2024 08:28:14.340000,-168.503,-196.435,10.6116,10.532,10.513,81.411,2.04019,2.13907,9.31489,9.88861,612.425,612.87,0.506108,1.1686,4.72107,8.42991,10.4645,14.8148,14.8148,0.0,1.0,1
91757,31.05.2024 08:28:14.350000,-172.705,-188.525,10.6116,10.528,10.533,81.411,2.04352,2.13705,8.42544,13.4061,612.425,612.855,0.509786,1.37647,4.70262,8.10417,10.4656,14.728,14.728,0.0,1.0,1
91758,31.05.2024 08:28:14.360000,-172.705,-188.525,10.6116,10.528,10.533,81.411,2.04352,2.13705,8.42544,13.4061,612.425,612.855,0.509786,1.37647,4.70262,8.10417,10.4656,14.728,14.728,0.0,1.0,1
91759,31.05.2024 08:28:14.370000,-172.705,-198.331,10.6066,10.557,10.533,81.3543,2.05433,2.13444,8.01389,10.3819,612.44,612.845,0.532208,1.39322,4.69834,7.81429,10.4662,14.6701,14.6701,0.0,1.0,1
91760,31.05.2024 08:28:14.380000,-170.645,-197.424,10.6141,10.566,10.569,81.3708,2.09595,2.13694,8.01389,10.3819,612.44,612.845,0.532208,1.39322,4.69834,7.81429,10.4675,14.6701,14.6701,0.0,1.0,1
91761,31.05.2024 08:28:14.390000,-170.645,-197.424,10.6033,10.566,10.569,81.368,2.09901,2.13752,9.73803,10.4505,612.47,612.81,0.571919,1.41545,4.88849,7.68821,10.4685,14.6701,14.6701,0.0,1.0,1
91762,31.05.2024 08:28:14.400000,-175.342,-193.716,10.6033,10.564,10.598,81.368,2.09944,2.13783,11.0405,11.2795,612.48,612.805,0.834668,1.41196,4.91875,7.44031,10.4685,14.8003,14.8003,0.0,1.0,1
91763,31.05.2024 08:28:14.410000,-174.106,-195.117,10.5961,10.535,10.603,81.3011,2.09322,2.13611,11.0405,11.2795,612.48,612.805,0.834668,1.41196,4.91875,7.44031,10.4692,14.8003,14.8003,0.0,1.0,1
91764,31.05.2024 08:28:14.420000,-174.106,-195.117,10.5961,10.535,10.603,81.3011,2.09322,2.13611,11.0405,11.2795,612.48,612.805,0.834668,1.41196,4.91875,7.44031,10.4692,14.8003,14.8003,0.0,1.0,1
91765,31.05.2024 08:28:14.430000,-174.106,-195.117,10.5974,10.535,10.603,81.2878,2.06208,2.13257,10.384,10.3485,612.5,612.82,1.05314,1.29071,5.0876,7.36205,10.4692,14.8365,14.8365,0.0,1.0,1
91766,31.05.2024 08:28:14.440000,-174.683,-190.832,10.5948,10.578,10.565,81.3245,2.03743,2.13258,9.98492,9.80077,612.495,612.82,1.22738,1.50328,5.23807,7.32584,10.4703,14.8365,14.8365,0.0,1.0,1
91767,31.05.2024 08:28:14.450000,-169.739,-190.832,10.5948,10.578,10.583,81.2963,2.03798,2.13066,7.55274,10.58,612.49,612.82,1.40033,1.69759,5.23894,7.17898,10.4703,14.7859,14.7859,0.0,1.0,1
91768,31.05.2024 08:28:14.460000,-176.001,-199.896,10.5892,10.601,10.589,81.2963,2.06483,2.13028,7.55274,10.58,612.49,612.82,1.40033,1.69759,5.23894,7.17898,10.4715,14.1276,14.1276,0.0,1.0,1
91769,31.05.2024 08:28:14.470000,-176.001,-199.896,10.5872,10.601,10.589,81.3091,2.08837,2.13198,8.96325,11.4446,612.49,612.795,1.47714,1.72557,5.13306,7.08395,10.4714,14.1276,14.1276,0.0,1.0,1
91770,31.05.2024 08:28:14.480000,-176.001,-199.896,10.5872,10.601,10.589,81.3091,2.08837,2.13198,8.96325,11.4446,612.49,612.795,1.47714,1.72557,5.13306,7.08395,10.4714,14.1276,14.1276,0.0,1.0,1
91771,31.05.2024 08:28:14.490000,-169.656,-199.237,10.5872,10.555,10.568,81.3091,2.11237,2.13404,10.4691,10.5889,612.495,612.785,1.43034,1.69407,5.15198,7.04042,10.4714,14.1276,14.1276,0.0,1.0,1
91772,31.05.2024 08:28:14.500000,-169.656,-199.237,10.5872,10.555,10.568,81.3091,2.11237,2.13404,10.4691,10.5889,612.495,612.785,1.43034,1.69407,5.15198,7.04042,10.4714,14.1276,14.1276,0.0,1.0,1
91773,31.05.2024 08:28:14.510000,-172.046,-191.739,10.605,10.558,10.581,81.2863,2.1503,2.15034,13.2058,11.0703,612.5,612.775,1.53522,1.76718,5.07445,6.82312,10.4725,14.1131,14.1131,0.0,1.0,1
91774,31.05.2024 08:28:14.520000,-172.046,-191.739,10.605,10.558,10.581,81.2863,2.1503,2.15034,13.2058,11.0703,612.5,612.775,1.53522,1.76718,5.07445,6.82312,10.4725,14.1131,14.1131,0.0,1.0,1
91775,31.05.2024 08:28:14.530000,-162.817,-199.649,10.6008,10.596,10.571,81.3368,2.12911,2.15118,14.2629,12.8868,612.495,612.765,1.66025,1.70126,4.94516,6.71995,10.4735,13.4838,13.4838,0.0,1.0,1
91776,31.05.2024 08:28:14.540000,-162.817,-199.649,10.6008,10.596,10.571,81.3368,2.12911,2.15118,14.2629,12.8868,612.495,612.765,1.66025,1.70126,4.94516,6.71995,10.4735,13.4838,13.4838,0.0,1.0,1
91777,31.05.2024 08:28:14.550000,-169.327,-203.686,10.5965,10.629,10.505,81.382,2.06017,2.14867,12.408,12.9675,612.51,612.77,1.7078,1.82684,4.96234,6.69501,10.4742,13.2885,13.2885,0.0,1.0,1
91778,31.05.2024 08:28:14.560000,-169.327,-203.686,10.5965,10.629,10.505,81.382,2.06017,2.14867,12.408,12.9675,612.51,612.77,1.7078,1.82684,4.96234,6.69501,10.4742,13.2885,13.2885,0.0,1.0,1
91779,31.05.2024 08:28:14.570000,-176.001,-195.612,10.6047,10.566,10.521,81.3834,2.04542,2.14684,9.63923,12.6416,612.5,612.77,1.80451,2.18824,4.74678,6.68591,10.4749,12.7532,12.7532,0.0,1.0,1
91780,31.05.2024 08:28:14.580000,-170.233,-195.776,10.5993,10.554,10.546,81.3653,2.10338,2.14042,11.1347,12.3403,612.505,612.735,1.74507,2.1648,4.73289,6.75692,10.4754,12.7532,12.7532,0.0,1.0,1
91781,31.05.2024 08:28:14.590000,-176.166,-192.892,10.5993,10.596,10.6,81.3653,2.12948,2.13821,12.059,10.5812,612.51,612.725,1.66763,2.01823,4.65112,6.80441,10.4757,12.7677,12.7677,0.0,1.0,1
91782,31.05.2024 08:28:14.600000,-176.166,-185.559,10.6028,10.581,10.6,81.3517,2.14692,2.13878,12.059,10.5812,612.51,612.725,1.66763,2.01823,4.65112,6.80441,10.4761,12.7677,12.7677,0.0,1.0,1
91783,31.05.2024 08:28:14.610000,-176.166,-185.559,10.6028,10.581,10.6,81.3517,2.14692,2.13878,12.059,10.5812,612.51,612.725,1.66763,2.01823,4.65112,6.80441,10.4761,12.7677,12.7677,0.0,1.0,1
91784,31.05.2024 08:28:14.620000,-174.6,-185.559,10.6028,10.581,10.602,81.3517,2.15899,2.14379,13.2584,10.8447,612.515,612.745,1.65645,1.97749,4.62312,6.87684,10.4761,12.3264,12.3264,0.0,1.0,1
91785,31.05.2024 08:28:14.630000,-170.316,-194.623,10.5804,10.562,10.596,81.3739,2.12869,2.14773,13.8971,13.6265,612.52,612.76,1.64071,2.03923,4.64335,7.02768,10.4779,11.8345,11.8345,0.0,1.0,1
91786,31.05.2024 08:28:14.640000,-169.739,-190.338,10.5804,10.601,10.55,81.3739,2.10348,2.14599,11.5743,10.8788,612.52,612.75,1.5666,2.1852,4.52807,7.08967,10.4779,11.7983,11.7983,0.0,1.0,1
91787,31.05.2024 08:28:14.650000,-176.413,-189.02,10.5745,10.629,10.594,81.2679,2.07743,2.14393,11.5743,10.8788,612.52,612.75,1.5666,2.1852,4.52807,7.08967,10.4792,11.7983,11.7983,0.0,1.0,1
91788,31.05.2024 08:28:14.660000,-176.413,-189.02,10.5933,10.629,10.594,81.2696,2.04124,2.1435,10.1981,11.1396,612.52,612.75,1.59641,2.23067,4.53543,7.06875,10.4792,11.6609,11.6609,0.0,1.0,1
91789,31.05.2024 08:28:14.670000,-170.81,-200.308,10.5933,10.583,10.618,81.2696,2.04197,2.14273,8.79831,13.2499,612.52,612.77,1.53093,2.26666,4.48243,7.0708,10.479,11.4583,11.4583,0.0,1.0,1
91790,31.05.2024 08:28:14.680000,-170.81,-188.361,10.5891,10.565,10.618,81.3189,2.05083,2.14195,8.79831,13.2499,612.52,612.77,1.53093,2.26666,4.48243,7.0708,10.4792,11.4583,11.4583,0.0,1.0,1
91791,31.05.2024 08:28:14.690000,-171.387,-188.361,10.5891,10.565,10.583,81.3278,2.06562,2.14297,9.31146,13.7566,612.535,612.74,1.35188,2.33853,4.46171,7.02462,10.4792,11.4583,11.4583,0.0,1.0,1
91792,31.05.2024 08:28:14.700000,-177.814,-196.847,10.5824,10.589,10.594,81.3278,2.11036,2.1424,9.31146,13.7566,612.535,612.74,1.35188,2.33853,4.46171,7.02462,10.4806,11.7549,11.7549,0.0,1.0,1
91793,31.05.2024 08:28:14.710000,-177.814,-196.847,10.5801,10.589,10.594,81.3289,2.12804,2.14486,9.4587,8.18187,612.52,612.72,1.28288,2.3205,4.47386,7.024,10.4802,11.7549,11.7549,0.0,1.0,1
91794,31.05.2024 08:28:14.720000,-177.814,-196.847,10.5801,10.589,10.594,81.3289,2.12804,2.14486,9.4587,8.18187,612.52,612.72,1.28288,2.3205,4.47386,7.024,10.4802,11.7549,11.7549,0.0,1.0,1
91795,31.05.2024 08:28:14.730000,-168.832,-199.072,10.5801,10.557,10.536,81.3289,2.13765,2.14841,11.9692,10.449,612.515,612.71,1.22983,2.0154,4.50042,6.96382,10.4802,11.9575,11.9575,0.0,1.0,1
91796,31.05.2024 08:28:14.740000,-168.832,-199.072,10.5801,10.557,10.536,81.3289,2.13765,2.14841,11.9692,10.449,612.515,612.71,1.22983,2.0154,4.50042,6.96382,10.4802,11.9575,11.9575,0.0,1.0,1
91797,31.05.2024 08:28:14.750000,-172.787,-189.267,10.5984,10.564,10.526,81.3574,2.12016,2.14799,11.9308,12.1891,612.515,612.72,1.0814,1.90026,4.54689,6.97838,10.4816,11.9575,11.9575,0.0,1.0,1
91798,31.05.2024 08:28:14.760000,-172.787,-189.267,10.5984,10.564,10.526,81.3574,2.12016,2.14799,11.9308,12.1891,612.515,612.72,1.0814,1.90026,4.54689,6.97838,10.4816,11.9575,11.9575,0.0,1.0,1
91799,31.05.2024 08:28:14.770000,-163.559,-194.046,10.5879,10.577,10.521,81.3575,2.08974,2.15058,11.287,11.1678,612.52,612.725,1.0151,1.95359,4.61764,6.86308,10.4823,11.5524,11.5524,0.0,1.0,1
