,time,Pinceur Inf Mesure de courant,Pinceur Sup Mesure de courant,Mandrin - Vitesse Actuelle,Pinceur Sup Mesure vitesse lineaire,Pinceur Inf Mesure vitesse lineaire,Mandrin - Mesure Expansion,Pinceur Nord Position entrefer estimee,Pinceur Sud Position entrefer estimee,Pinceur Nord Force entrefer calibree,Pinceur Sud Force entrefer calibree,Guides Nord Entree Position mesuree,Guides Nord Sortie Position mesuree,Guides Nord Entree Force pour regulateur PI,Guides Nord Sortie Force pour regulateur PI,Guides Sud Entree Force pour regulateur PI,Guides Sud Sortie Force pour regulateur PI,Mandrin - Vitesse Actuelle F10,_Excentrage largeur bande jauge bob,_Excentrage largeur bande jauge bob.1,TDB pinceur,Fenetre,Declancheur
83700,31.05.2024 06:09:44.290000,99.6185,50.592,10.8218,12.242,12.039,30.837,2.86353,2.2441,30.2491,9.21384,688.305,689.185,4.84884,7.25939,-0.127754,-0.220374,10.2073,17.5998,17.5998,1.0,1.0,1
83701,31.05.2024 06:09:44.300000,99.6185,50.592,10.8218,12.242,12.039,30.837,2.86353,2.2441,30.2491,9.21384,688.305,689.185,4.84884,7.25939,-0.127754,-0.220374,10.2073,17.5998,17.5998,1.0,1.0,1
83702,31.05.2024 06:09:44.310000,98.3001,70.4498,10.8218,12.123,12.023,30.8588,2.90202,2.24387,35.0806,12.1135,686.57,687.52,4.7572,6.99401,-0.0546528,-0.21115,10.2079,17.8385,17.8385,1.0,1.0,1
83703,31.05.2024 06:09:44.320000,98.2177,82.5622,10.8137,12.048,12.009,30.9415,2.64794,2.38476,35.8101,12.3649,684.925,685.775,4.3631,5.99715,-0.0649601,-0.207549,10.2083,17.8385,17.8385,1.0,1.0,1
83704,31.05.2024 06:09:44.330000,121.289,78.1952,10.8137,12.111,11.877,30.9415,2.50989,2.38985,26.3046,31.7778,683.485,684.225,3.81206,4.25308,-0.1474,-0.27638,10.2088,17.7445,17.7445,1.0,1.0,1
83705,31.05.2024 06:09:44.340000,121.289,78.1952,10.8202,12.111,11.877,30.9994,2.37432,2.37685,26.3046,31.7778,683.485,684.225,3.81206,4.25308,-0.1474,-0.27638,10.2088,18.3883,18.3883,1.0,1.0,1
83706,31.05.2024 06:09:44.350000,121.289,78.1952,10.8202,12.111,11.877,30.9994,2.37432,2.37685,26.3046,31.7778,683.485,684.225,3.81206,4.25308,-0.1474,-0.27638,10.2088,18.3883,18.3883,1.0,1.0,1
83707,31.05.2024 06:09:44.360000,162.158,79.4311,10.8204,12.114,11.81,30.9827,2.2767,2.39381,13.4378,18.7307,682.22,682.97,2.97946,2.58649,-0.170856,-0.2098,10.2094,18.7862,18.7862,1.0,1.0,1
83708,31.05.2024 06:09:44.370000,249.087,108.682,10.8217,11.989,11.711,30.9038,2.24337,2.38436,6.39907,17.6909,681.03,681.84,2.49161,1.79239,-0.210716,-0.185351,10.2103,21.8244,21.8244,1.0,1.0,1
83709,31.05.2024 06:09:44.380000,301.163,136.45,10.8217,11.855,11.568,30.886,2.33717,2.35335,9.62414,27.9559,679.825,680.71,2.39389,2.23279,-0.211342,-0.224502,10.2106,21.8244,21.8244,1.0,1.0,1
83710,31.05.2024 06:09:44.390000,301.163,136.45,10.8279,11.855,11.568,30.886,2.45721,2.29883,9.62414,27.9559,679.825,680.71,2.39389,2.23279,-0.211342,-0.224502,10.2115,21.8244,21.8244,1.0,1.0,1
83711,31.05.2024 06:09:44.400000,301.163,136.45,10.8217,11.855,11.568,30.886,2.33717,2.35335,22.7747,21.3907,678.665,679.49,2.50059,3.02258,-0.244308,-0.171569,10.2106,21.8244,21.8244,1.0,1.0,1
83712,31.05.2024 06:09:44.410000,440.744,264.331,10.8124,11.677,11.356,30.8423,2.72404,2.17078,26.1834,0.59043,677.56,678.185,2.82627,3.99346,-0.250038,-0.130742,10.2115,23.8426,23.8426,1.0,1.0,1
83713,31.05.2024 06:09:44.420000,440.744,264.331,10.8171,11.677,11.356,30.8528,2.73354,2.15632,26.1834,0.59043,677.56,678.185,2.82627,3.99346,-0.250038,-0.130742,10.2115,23.1771,23.1771,1.0,1.0,1
83714,31.05.2024 06:09:44.430000,514.902,342.197,10.8215,11.605,11.27,30.8524,2.7085,2.13936,30.9296,5.17104,676.395,676.84,3.69679,4.92296,-0.342048,-0.239285,10.2123,23.1771,23.1771,1.0,1.0,1
83715,31.05.2024 06:09:44.440000,514.902,392.129,10.8215,11.62,11.27,30.8524,2.55543,2.14261,30.9296,5.17104,676.395,676.84,3.69679,4.92296,-0.342048,-0.239285,10.2129,23.1699,23.1699,1.0,1.0,1
83716,31.05.2024 06:09:44.450000,514.902,392.129,10.8215,11.62,11.27,30.8524,2.55543,2.14261,30.9296,5.17104,676.395,676.84,3.69679,4.92296,-0.342048,-0.239285,10.2129,23.1699,23.1699,1.0,1.0,1
83717,31.05.2024 06:09:44.460000,562.362,392.129,10.8242,11.62,11.222,30.8502,2.44355,2.15357,29.1108,13.2169,675.01,675.49,4.94891,5.82256,-0.248642,-0.266717,10.2129,25.8464,25.8464,1.0,1.0,1
83718,31.05.2024 06:09:44.470000,562.362,392.129,10.8242,11.62,11.222,30.8502,2.44355,2.15357,29.1108,13.2169,675.01,675.49,4.94891,5.82256,-0.248642,-0.266717,10.2129,25.8464,25.8464,1.0,1.0,1
83719,31.05.2024 06:09:44.480000,592.026,422.946,10.8228,11.589,11.245,30.808,2.22745,2.21252,17.8064,3.34567,673.57,673.99,5.90409,6.54549,-0.268795,-0.264148,10.2144,33.2755,33.2755,1.0,1.0,1
83720,31.05.2024 06:09:44.490000,625.809,492.407,10.8152,11.537,11.24,30.8174,2.07147,2.29325,2.66538,19.8088,670.69,670.945,7.00448,7.01777,-0.155239,-0.274064,10.2153,33.2755,33.2755,1.0,1.0,1
83721,31.05.2024 06:09:44.500000,625.809,492.407,10.8182,11.537,11.24,30.8677,2.09983,2.31232,2.66538,19.8088,670.69,670.945,7.00448,7.01777,-0.155239,-0.274064,10.2153,42.8964,42.8964,1.0,1.0,1
83722,31.05.2024 06:09:44.510000,652.753,531.299,10.8266,11.461,11.22,30.8828,2.16599,2.32159,5.25482,19.6955,669.105,669.395,7.10091,6.92336,-0.124229,-0.24075,10.2159,42.8964,42.8964,1.0,1.0,1
83723,31.05.2024 06:09:44.520000,652.753,598.947,10.8266,11.426,11.22,30.8828,2.35992,2.33189,5.25482,19.6955,669.105,669.395,7.10091,6.92336,-0.124229,-0.24075,10.2163,53.7037,53.7037,1.0,1.0,1
83724,31.05.2024 06:09:44.530000,710.843,626.715,10.8303,11.425,11.141,30.8608,2.44958,2.33211,13.1028,17.5619,667.585,667.93,6.79523,6.57204,-0.114666,-0.299228,10.2163,53.7037,53.7037,1.0,1.0,1
83725,31.05.2024 06:09:44.540000,652.753,598.947,10.8266,11.426,11.22,30.8828,2.35992,2.33189,5.25482,19.6955,669.105,669.395,7.10091,6.92336,-0.124229,-0.24075,10.2163,53.7037,53.7037,1.0,1.0,1
83726,31.05.2024 06:09:44.550000,710.843,626.715,10.8313,11.425,11.141,30.8913,2.56212,2.32571,5.25482,19.6955,669.105,669.395,7.10091,6.92336,-0.124229,-0.24075,10.2162,53.7037,53.7037,1.0,1.0,1
83727,31.05.2024 06:09:44.560000,718.835,678.461,10.825,11.358,11.15,30.8335,2.55707,2.3277,26.5912,20.01,664.5,664.8,7.15202,7.37486,-0.135357,-0.332133,10.2162,53.7037,53.7037,1.0,1.0,1
83728,31.05.2024 06:09:44.570000,707.959,695.599,10.825,11.385,11.153,30.8335,2.51608,2.3285,25.9052,17.3637,662.945,663.19,7.23185,7.17687,-0.16024,-0.359408,10.2167,68.1424,68.1424,1.0,1.0,1
83729,31.05.2024 06:09:44.580000,707.959,695.599,10.8178,11.385,11.153,30.8947,2.45841,2.32724,25.9052,17.3637,662.945,663.19,7.23185,7.17687,-0.16024,-0.359408,10.2167,69.0032,69.0032,1.0,1.0,1
83730,31.05.2024 06:09:44.590000,711.337,708.618,10.8295,11.374,11.186,30.9041,2.39562,2.32559,22.1878,21.1095,661.31,661.625,7.40072,7.69766,-0.199489,-0.361268,10.2165,69.0032,69.0032,1.0,1.0,1
83731,31.05.2024 06:09:44.600000,711.337,701.944,10.8295,11.376,11.186,30.9041,2.2746,2.32788,22.1878,21.1095,661.31,661.625,7.40072,7.69766,-0.199489,-0.361268,10.2176,69.0032,69.0032,1.0,1.0,1
83732,31.05.2024 06:09:44.610000,703.921,701.944,10.8281,11.376,11.187,30.9191,2.24221,2.31878,15.8525,18.7576,659.675,660.04,7.35825,7.79938,-0.208118,-0.322072,10.2176,67.8313,67.8313,1.0,1.0,1
83733,31.05.2024 06:09:44.620000,703.921,701.944,10.8281,11.376,11.187,30.9191,2.24221,2.31878,15.8525,18.7576,659.675,660.04,7.35825,7.79938,-0.208118,-0.322072,10.2176,67.8313,67.8313,1.0,1.0,1
83734,31.05.2024 06:09:44.630000,701.367,706.97,10.8281,11.324,11.193,30.8388,2.23368,2.30331,11.7668,17.2735,658.07,658.44,7.55508,7.8545,-0.139076,-0.317395,10.2174,66.7607,66.7607,1.0,1.0,1
83735,31.05.2024 06:09:44.640000,701.367,706.97,10.8281,11.324,11.193,30.8388,2.23368,2.30331,11.7668,17.2735,658.07,658.44,7.55508,7.8545,-0.139076,-0.317395,10.2174,66.7607,66.7607,1.0,1.0,1
83736,31.05.2024 06:09:44.650000,700.708,699.225,10.8511,11.28,11.181,30.8806,2.34014,2.27686,14.5143,18.8223,656.42,656.8,7.52058,8.34172,-0.166973,-0.217027,10.2178,65.625,65.625,1.0,1.0,1
83737,31.05.2024 06:09:44.660000,700.708,699.225,10.8511,11.28,11.181,30.8806,2.34014,2.27686,14.5143,18.8223,656.42,656.8,7.52058,8.34172,-0.166973,-0.217027,10.2178,65.625,65.625,1.0,1.0,1
83738,31.05.2024 06:09:44.670000,700.625,704.004,10.8346,11.263,11.184,30.8606,2.45359,2.2311,17.5079,15.8572,654.735,655.245,7.45103,8.53901,-0.0414311,-0.254975,10.218,64.8365,64.8365,1.0,1.0,1
83739,31.05.2024 06:09:44.680000,698.977,697.247,10.8444,11.158,11.122,30.8755,2.51573,2.18009,22.945,11.2785,653.06,653.64,7.30045,8.98749,-0.0187527,-0.266473,10.2186,64.0914,64.0914,1.0,1.0,1
83740,31.05.2024 06:09:44.690000,702.191,697.247,10.8535,11.158,11.106,30.8881,2.49832,2.16855,26.3255,8.16256,651.33,651.92,7.07418,9.54785,-0.0128514,-0.257949,10.2186,62.1962,62.1962,1.0,1.0,1
83741,31.05.2024 06:09:44.700000,667.914,690.243,10.8535,11.128,11.139,30.9317,2.46669,2.1634,23.4361,9.72815,649.6,650.165,6.5895,9.32864,-0.0707661,-0.257356,10.2186,62.1962,62.1962,1.0,1.0,1
83742,31.05.2024 06:09:44.710000,667.914,690.243,10.861,11.128,11.139,30.9317,2.41822,2.16584,23.4361,9.72815,649.6,650.165,6.5895,9.32864,-0.0707661,-0.257356,10.2188,62.1962,62.1962,1.0,1.0,1
83743,31.05.2024 06:09:44.720000,667.914,690.243,10.861,11.128,11.139,30.9317,2.41822,2.16584,23.4361,9.72815,649.6,650.165,6.5895,9.32864,-0.0707661,-0.257356,10.2188,62.1962,62.1962,1.0,1.0,1
83744,31.05.2024 06:09:44.730000,637.262,699.719,10.8668,11.152,11.154,30.9261,2.31899,2.18651,19.4374,9.27409,647.91,648.58,6.08319,8.84212,-0.0315739,-0.341613,10.2188,60.6554,60.6554,1.0,1.0,1
83745,31.05.2024 06:09:44.740000,637.262,699.719,10.8668,11.152,11.154,30.9261,2.31899,2.18651,19.4374,9.27409,647.91,648.58,6.08319,8.84212,-0.0315739,-0.341613,10.2188,60.6554,60.6554,1.0,1.0,1
83746,31.05.2024 06:09:44.750000,609.329,694.363,10.8677,11.111,11.153,30.9155,2.24388,2.21739,16.6689,12.3634,646.265,646.975,5.65425,8.76509,-0.103389,-0.319022,10.2189,60.7422,60.7422,1.0,1.0,1
83747,31.05.2024 06:09:44.760000,609.329,694.363,10.8677,11.111,11.153,30.9155,2.24388,2.21739,16.6689,12.3634,646.265,646.975,5.65425,8.76509,-0.103389,-0.319022,10.2189,60.7422,60.7422,1.0,1.0,1
83748,31.05.2024 06:09:44.770000,587.411,632.73,10.873,11.011,11.142,30.9515,2.23736,2.26856,12.3115,12.3993,644.585,645.34,5.61802,9.01649,-0.167728,-0.349889,10.2196,58.695,58.695,1.0,1.0,1
83749,31.05.2024 06:09:44.780000,587.411,632.73,10.873,11.011,11.142,30.9515,2.23736,2.26856,12.3115,12.3993,644.585,645.34,5.61802,9.01649,-0.167728,-0.349889,10.2196,58.695,58.695,1.0,1.0,1
83750,31.05.2024 06:09:44.790000,527.838,615.014,10.8841,11.029,11.07,30.9044,2.28512,2.27781,14.3316,16.8189,641.22,642.05,5.68389,9.73504,-0.151073,-0.303546,10.2202,56.4453,56.4453,1.0,1.0,1
83751,31.05.2024 06:09:44.800000,496.692,578.43,10.8983,10.979,11.018,30.9346,2.35357,2.27598,17.0981,15.3051,639.52,640.34,5.68377,9.92184,-0.171104,-0.263789,10.2206,55.0781,55.0781,1.0,1.0,1
83752,31.05.2024 06:09:44.810000,463.65,532.04,10.8983,10.958,10.967,30.9346,2.36344,2.27394,18.9586,19.338,637.82,638.61,5.69439,9.83986,-0.177238,-0.339799,10.2211,52.0689,52.0689,1.0,1.0,1
83753,31.05.2024 06:09:44.820000,463.65,532.04,10.8947,10.958,10.967,30.9971,2.36066,2.27234,18.9586,19.338,637.82,638.61,5.69439,9.83986,-0.177238,-0.339799,10.2211,52.0689,52.0689,1.0,1.0,1
83754,31.05.2024 06:09:44.830000,432.834,511.358,10.8949,10.933,10.922,31.035,2.34869,2.27033,19.9159,16.8056,636.115,636.98,5.60012,9.51565,-0.163295,-0.26628,10.2217,52.0689,52.0689,1.0,1.0,1
83755,31.05.2024 06:09:44.840000,432.834,463.403,10.8949,10.943,10.922,31.035,2.30743,2.26841,19.9159,16.8056,636.115,636.98,5.60012,9.51565,-0.163295,-0.26628,10.2225,52.0327,52.0327,1.0,1.0,1
83756,31.05.2024 06:09:44.850000,373.096,454.257,10.8926,10.912,10.937,30.9772,2.27756,2.26703,18.6491,15.4918,634.475,635.38,5.44152,9.54231,-0.0685192,-0.344029,10.2225,50.3545,50.3545,1.0,1.0,1
83757,31.05.2024 06:09:44.860000,432.834,463.403,10.8949,10.943,10.922,31.035,2.30743,2.26841,19.9159,16.8056,636.115,636.98,5.60012,9.51565,-0.163295,-0.26628,10.2225,50.3545,50.3545,1.0,1.0,1
83758,31.05.2024 06:09:44.870000,373.096,454.257,10.8962,10.912,10.937,30.9463,2.22208,2.26457,19.9159,16.8056,636.115,636.98,5.60012,9.51565,-0.163295,-0.26628,10.2227,49.1971,49.1971,1.0,1.0,1
83759,31.05.2024 06:09:44.880000,368.234,416.519,10.9055,10.848,10.902,30.9465,2.18357,2.26011,13.3557,16.1397,631.19,631.94,5.85983,10.1988,0.0858387,-0.358848,10.2227,49.1971,49.1971,1.0,1.0,1
83760,31.05.2024 06:09:44.890000,373.837,414.294,10.9055,10.87,10.893,30.9465,2.17555,2.2482,12.3987,14.6085,629.485,630.245,6.29169,9.91834,0.0187458,-0.388616,10.2232,49.1971,49.1971,1.0,1.0,1
83761,31.05.2024 06:09:44.900000,373.837,414.294,10.9068,10.87,10.893,30.9273,2.17524,2.23485,12.3987,14.6085,629.485,630.245,6.29169,9.91834,0.0187458,-0.388616,10.2232,45.9418,45.9418,1.0,1.0,1
83762,31.05.2024 06:09:44.910000,373.837,414.294,10.9068,10.87,10.893,30.9273,2.17524,2.23485,12.3987,14.6085,629.485,630.245,6.29169,9.91834,0.0187458,-0.388616,10.2232,45.9418,45.9418,1.0,1.0,1
83763,31.05.2024 06:09:44.920000,375.732,417.261,10.8839,10.859,10.825,30.9201,2.17785,2.22438,12.3135,13.4534,627.775,628.585,6.32294,9.53874,0.0560383,-0.387853,10.2237,44.213,44.213,1.0,1.0,1
83764,31.05.2024 06:09:44.930000,379.523,420.969,10.8962,10.868,10.823,30.8172,2.21135,2.21371,13.289,12.9739,626.095,626.865,6.23928,9.43245,0.0201114,-0.325709,10.2239,44.213,44.213,1.0,1.0,1
83765,31.05.2024 06:09:44.940000,384.302,420.227,10.8962,10.804,10.74,30.8528,2.22399,2.21185,14.7806,11.0585,624.405,625.18,6.15351,9.16611,-0.0346752,-0.34625,10.2246,44.213,44.213,1.0,1.0,1
83766,31.05.2024 06:09:44.950000,384.302,420.227,10.8847,10.804,10.74,30.8528,2.23073,2.20871,14.7806,11.0585,624.405,625.18,6.15351,9.16611,-0.0346752,-0.34625,10.2248,42.3466,42.3466,1.0,1.0,1
83767,31.05.2024 06:09:44.960000,383.148,412.482,10.8767,10.734,10.811,30.8344,2.22822,2.20348,14.6966,13.2332,622.735,623.57,6.03994,8.7478,-0.142086,-0.366561,10.2248,42.3466,42.3466,1.0,1.0,1
83768,31.05.2024 06:09:44.970000,381.747,408.444,10.8767,10.758,10.775,30.8344,2.21516,2.21465,14.6966,13.2332,622.735,623.57,5.835,9.01284,-0.0883747,-0.239226,10.2255,40.871,40.871,1.0,1.0,1
83769,31.05.2024 06:09:44.980000,381.747,408.444,10.8761,10.758,10.775,31.0773,2.19804,2.22443,14.4826,13.1185,621.115,622.135,5.835,9.01284,-0.0883747,-0.239226,10.2255,40.871,40.871,1.0,1.0,1
83770,31.05.2024 06:09:44.990000,387.433,419.238,10.8729,10.727,10.776,31.3826,2.18496,2.22656,13.47,14.0271,619.45,620.25,6.02954,9.3859,0.00264776,-0.200633,10.226,40.871,40.871,1.0,1.0,1
83771,31.05.2024 06:09:45.000000,387.433,419.321,10.8729,10.748,10.776,31.3826,2.14552,2.23217,13.47,14.0271,619.45,620.25,6.02954,9.3859,0.00264776,-0.200633,10.2261,36.3354,36.3354,1.0,1.0,1
83772,31.05.2024 06:09:45.010000,387.103,419.321,10.862,10.748,10.773,31.8158,2.13157,2.23448,10.7694,13.1113,617.81,618.64,6.14501,9.53637,0.266121,-0.0741949,10.2261,36.3354,36.3354,1.0,1.0,1
83773,31.05.2024 06:09:45.020000,390.976,420.474,10.862,10.716,10.74,32.5228,2.12615,2.22911,8.70179,13.2985,616.355,617.18,6.35406,10.0674,0.475525,0.2102,10.2266,36.3354,36.3354,1.0,1.0,1
83774,31.05.2024 06:09:45.030000,390.976,420.474,10.8448,10.716,10.74,32.5228,2.12563,2.22043,8.70179,13.2985,616.355,617.18,6.35406,10.0674,0.475525,0.2102,10.227,34.3171,34.3171,1.0,1.0,1
83775,31.05.2024 06:09:45.040000,390.976,420.474,10.862,10.716,10.74,32.5228,2.12615,2.22911,10.1188,11.9726,614.955,615.66,7.75416,11.5051,1.67957,0.724994,10.2266,34.3171,34.3171,1.0,1.0,1
83776,31.05.2024 06:09:45.050000,380.182,424.924,10.8625,10.752,10.701,33.3176,2.14587,2.2138,10.3221,13.7476,613.455,614.12,9.90796,12.9205,4.27436,2.65907,10.2278,34.2086,34.2086,1.0,1.0,1
83777,31.05.2024 06:09:45.060000,380.182,424.924,10.8625,10.752,10.701,33.3176,2.14587,2.2138,10.3221,13.7476,613.455,614.12,9.90796,12.9205,4.27436,2.65907,10.2278,34.2086,34.2086,1.0,1.0,1
83778,31.05.2024 06:09:45.070000,380.182,424.924,10.8439,10.752,10.701,34.0412,2.15992,2.20258,10.7281,11.3247,612.615,612.805,6.53852,5.16661,6.5719,5.9766,10.2278,31.6334,31.6334,1.0,1.0,1
83779,31.05.2024 06:09:45.080000,387.433,428.879,10.7836,10.695,10.689,34.9406,2.17771,2.19326,10.7281,11.3247,612.615,612.805,6.53852,5.16661,6.5719,5.9766,10.2288,30.2662,30.2662,1.0,1.0,1
83780,31.05.2024 06:09:45.090000,387.433,428.879,10.7836,10.695,10.689,34.9406,2.17771,2.19326,10.7281,11.3247,612.615,612.805,6.53852,5.16661,6.5719,5.9766,10.2288,30.2662,30.2662,1.0,1.0,1
83781,31.05.2024 06:09:45.100000,388.422,428.879,10.7289,10.695,10.674,36.0175,2.17543,2.19444,11.5831,10.9759,612.965,613.575,4.46857,-2.19668,8.16479,8.5749,10.2288,29.6875,29.6875,1.0,1.0,1
83782,31.05.2024 06:09:45.110000,388.422,428.879,10.7289,10.695,10.674,36.0175,2.17543,2.19444,11.5831,10.9759,612.965,613.575,4.46857,-2.19668,8.16479,8.5749,10.2288,29.6875,29.6875,1.0,1.0,1
83783,31.05.2024 06:09:45.120000,387.268,411.987,10.6994,10.717,10.7,36.956,2.16229,2.20968,12.5435,13.1317,612.845,614.235,5.31782,2.25316,10.2677,10.1557,10.2291,29.4126,29.4126,1.0,1.0,1
83784,31.05.2024 06:09:45.130000,387.021,425.5,10.6505,10.743,10.686,37.9836,2.14841,2.21701,10.3428,11.1639,613.17,613.83,6.82471,5.32163,11.2586,10.8967,10.2296,28.588,28.588,1.0,1.0,1
83785,31.05.2024 06:09:45.140000,387.021,425.5,10.6412,10.743,10.686,39.0385,2.15281,2.22335,10.3428,11.1639,613.17,613.83,6.82471,5.32163,11.2586,10.8967,10.2296,28.5663,28.5663,1.0,1.0,1
83786,31.05.2024 06:09:45.150000,387.021,425.5,10.6412,10.743,10.686,39.0385,2.15281,2.22335,10.3428,11.1639,613.17,613.83,6.82471,5.32163,11.2586,10.8967,10.2296,28.5663,28.5663,1.0,1.0,1
83787,31.05.2024 06:09:45.160000,384.631,429.208,10.6121,10.687,10.655,40.2492,2.16372,2.22043,11.6724,14.6636,613.305,613.98,7.47337,4.91288,11.2383,10.4961,10.2312,27.4233,27.4233,1.0,1.0,1
83788,31.05.2024 06:09:45.170000,384.631,429.208,10.6121,10.687,10.655,40.2492,2.16372,2.22043,11.6724,14.6636,613.305,613.98,7.47337,4.91288,11.2383,10.4961,10.2312,27.4233,27.4233,1.0,1.0,1
83789,31.05.2024 06:09:45.180000,393.283,416.931,10.5436,10.717,10.691,41.4791,2.19065,2.2278,13.2921,12.6077,613.285,613.95,9.27874,6.0276,11.0791,10.0813,10.2314,27.4233,27.4233,1.0,1.0,1
83790,31.05.2024 06:09:45.190000,391.141,419.238,10.5482,10.732,10.596,42.7072,2.19695,2.22505,12.6559,13.2878,613.23,613.805,10.0652,5.76653,9.77283,9.59432,10.2318,24.7613,24.7613,1.0,1.0,1
83791,31.05.2024 06:09:45.200000,393.118,427.148,10.541,10.688,10.582,44.0192,2.18612,2.22116,13.5093,11.8241,613.195,613.77,10.4801,4.40306,8.97651,8.94786,10.2318,24.7613,24.7613,1.0,1.0,1
83792,31.05.2024 06:09:45.210000,388.586,427.313,10.541,10.586,10.563,44.0192,2.17548,2.21445,15.5982,13.9123,613.1,613.83,10.1416,3.6121,9.21458,8.83045,10.2323,24.103,24.103,1.0,1.0,1
83793,31.05.2024 06:09:45.220000,388.586,427.313,10.4988,10.586,10.563,45.0884,2.16359,2.21812,15.5982,13.9123,613.1,613.83,10.1416,3.6121,9.21458,8.83045,10.2323,24.103,24.103,1.0,1.0,1
83794,31.05.2024 06:09:45.230000,395.755,425.253,10.4327,10.634,10.509,46.2004,2.1559,2.22252,12.8017,12.4434,613.16,613.88,9.28024,3.36986,8.83204,8.77932,10.2324,24.103,24.103,1.0,1.0,1
83795,31.05.2024 06:09:45.240000,395.755,422.534,10.4327,10.637,10.509,46.2004,2.15651,2.21346,12.8017,12.4434,613.16,613.88,9.28024,3.36986,8.83204,8.77932,10.2328,23.6762,23.6762,1.0,1.0,1
83796,31.05.2024 06:09:45.250000,394.354,422.534,10.4457,10.637,10.453,47.3234,2.15462,2.21914,13.3642,16.3586,613.255,613.905,9.15473,3.37408,8.98894,8.75119,10.2328,23.6762,23.6762,1.0,1.0,1
83797,31.05.2024 06:09:45.260000,394.354,422.534,10.4457,10.637,10.453,47.3234,2.15462,2.21914,13.3642,16.3586,613.255,613.905,9.15473,3.37408,8.98894,8.75119,10.2328,23.6762,23.6762,1.0,1.0,1
83798,31.05.2024 06:09:45.270000,390.481,425.665,10.4457,10.618,10.453,48.4206,2.1585,2.22488,13.6898,12.7209,613.39,613.875,9.34951,3.41971,9.05733,8.48427,10.2331,23.6762,23.6762,1.0,1.0,1
83799,31.05.2024 06:09:45.280000,387.598,422.204,10.3992,10.61,10.503,49.5471,2.18303,2.24166,13.456,12.0296,613.45,613.915,10.1137,3.07212,8.85033,8.43972,10.2335,23.6762,23.6762,1.0,1.0,1
83800,31.05.2024 06:09:45.290000,386.444,423.935,10.3992,10.505,10.475,49.5471,2.18842,2.24405,14.2616,16.045,613.455,614.0,10.6674,3.20821,8.93347,8.4347,10.2342,23.4881,23.4881,1.0,1.0,1
83801,31.05.2024 06:09:45.300000,386.444,423.935,10.3564,10.505,10.475,50.6452,2.19008,2.22875,14.2616,16.045,613.455,614.0,10.6674,3.20821,8.93347,8.4347,10.2342,23.0686,23.0686,1.0,1.0,1
83802,31.05.2024 06:09:45.310000,393.777,423.276,10.3255,10.495,10.402,51.7874,2.18068,2.22544,12.7284,13.0289,613.52,614.01,10.8806,3.99424,8.84006,8.67014,10.2346,23.0686,23.0686,1.0,1.0,1
83803,31.05.2024 06:09:45.320000,393.777,425.583,10.3255,10.49,10.402,51.7874,2.15552,2.24048,12.7284,13.0289,613.52,614.01,10.8806,3.99424,8.84006,8.67014,10.2347,23.0686,23.0686,1.0,1.0,1
83804,31.05.2024 06:09:45.330000,388.916,425.583,10.3429,10.49,10.445,52.8909,2.15471,2.24479,10.7515,12.8422,613.565,613.86,11.2825,4.33662,8.66899,8.76096,10.2347,22.6707,22.6707,1.0,1.0,1
83805,31.05.2024 06:09:45.340000,392.212,421.545,10.3429,10.443,10.361,54.1093,2.14526,2.25139,12.0942,14.8733,613.585,613.87,11.3862,3.48772,9.01633,8.93377,10.235,22.6707,22.6707,1.0,1.0,1
83806,31.05.2024 06:09:45.350000,392.212,421.545,10.3328,10.443,10.361,54.1093,2.15189,2.25538,12.0942,14.8733,613.585,613.87,11.3862,3.48772,9.01633,8.93377,10.2345,22.7286,22.7286,1.0,1.0,1
83807,31.05.2024 06:09:45.360000,392.212,421.545,10.3429,10.443,10.361,54.1093,2.14526,2.25139,14.1192,18.0776,613.66,613.985,11.1619,3.43464,9.27109,9.24783,10.235,22.7286,22.7286,1.0,1.0,1
83808,31.05.2024 06:09:45.370000,385.455,422.287,10.2707,10.417,10.371,55.041,2.17002,2.21228,12.7888,10.9128,613.75,613.975,11.2504,4.41058,9.79141,9.41241,10.2339,22.7286,22.7286,1.0,1.0,1
83809,31.05.2024 06:09:45.380000,385.455,422.287,10.2817,10.417,10.371,56.3651,2.17054,2.21916,12.7888,10.9128,613.75,613.975,11.2504,4.41058,9.79141,9.41241,10.2339,22.1282,22.1282,1.0,1.0,1
83810,31.05.2024 06:09:45.390000,381.253,421.216,10.2589,10.416,10.379,57.6755,2.17517,2.21681,12.7952,11.1894,613.84,613.93,11.1853,4.71238,10.2302,9.66952,10.2347,22.1282,22.1282,1.0,1.0,1
83811,31.05.2024 06:09:45.400000,381.253,421.71,10.2589,10.454,10.379,57.6755,2.177,2.22262,12.7952,11.1894,613.84,613.93,11.1853,4.71238,10.2302,9.66952,10.2341,21.8388,21.8388,1.0,1.0,1
83812,31.05.2024 06:09:45.410000,381.253,421.71,10.2589,10.454,10.379,57.6755,2.177,2.22262,12.7952,11.1894,613.84,613.93,11.1853,4.71238,10.2302,9.66952,10.2341,21.8388,21.8388,1.0,1.0,1
83813,31.05.2024 06:09:45.420000,385.538,421.71,10.2185,10.454,10.324,58.9525,2.1769,2.22361,13.9708,14.8597,613.97,613.935,11.1829,4.30132,10.2075,9.738,10.2341,21.8316,21.8316,1.0,1.0,1
83814,31.05.2024 06:09:45.430000,385.538,421.71,10.2185,10.454,10.324,58.9525,2.1769,2.22361,13.9708,14.8597,613.97,613.935,11.1829,4.30132,10.2075,9.738,10.2341,21.8316,21.8316,1.0,1.0,1
83815,31.05.2024 06:09:45.440000,388.092,418.579,10.2966,10.417,10.339,60.2516,2.15277,2.2106,13.4357,13.9331,614.135,614.015,11.1991,4.70979,10.4666,9.88938,10.2331,21.9329,21.9329,1.0,1.0,1
83816,31.05.2024 06:09:45.450000,388.751,416.601,10.2835,10.383,10.301,61.4969,2.11218,2.23381,11.12,14.2653,614.265,613.985,11.5188,5.25684,10.1888,9.9797,10.2331,21.9763,21.9763,1.0,1.0,1
83817,31.05.2024 06:09:45.460000,388.751,416.601,10.217,10.383,10.301,62.6538,2.11907,2.23362,11.12,14.2653,614.265,613.985,11.5188,5.25684,10.1888,9.9797,10.2331,21.9763,21.9763,1.0,1.0,1
83818,31.05.2024 06:09:45.470000,385.373,418.332,10.2387,10.347,10.313,63.8273,2.12932,2.22686,11.4971,18.2514,614.345,614.01,11.1899,5.32425,10.2623,10.0929,10.2327,21.9763,21.9763,1.0,1.0,1
83819,31.05.2024 06:09:45.480000,385.373,423.605,10.2387,10.315,10.313,63.8273,2.15167,2.19872,11.4971,18.2514,614.345,614.01,11.1899,5.32425,10.2623,10.0929,10.2331,21.6724,21.6724,1.0,1.0,1
83820,31.05.2024 06:09:45.490000,381.665,423.276,10.2653,10.277,10.294,65.267,2.15267,2.19585,13.6272,11.8946,614.4,614.075,10.8069,6.08008,10.2749,10.0552,10.2331,21.6724,21.6724,1.0,1.0,1
83821,31.05.2024 06:09:45.500000,385.373,423.605,10.2387,10.315,10.313,63.8273,2.15167,2.19872,11.4971,18.2514,614.345,614.01,11.1899,5.32425,10.2623,10.0929,10.2331,21.6724,21.6724,1.0,1.0,1
83822,31.05.2024 06:09:45.510000,381.665,423.276,10.3122,10.277,10.294,66.7643,2.13883,2.20993,11.4971,18.2514,614.345,614.01,11.1899,5.32425,10.2623,10.0929,10.2332,21.6218,21.6218,1.0,1.0,1
83823,31.05.2024 06:09:45.520000,388.504,418.332,10.2671,10.307,10.315,68.3555,2.1217,2.21768,11.7384,14.755,614.59,613.99,9.33315,6.59111,9.97431,10.4755,10.2332,21.6218,21.6218,1.0,1.0,1
83824,31.05.2024 06:09:45.530000,381.583,424.264,10.2671,10.353,10.323,68.3555,2.11422,2.21881,12.2048,13.1044,614.605,613.995,8.35099,6.52544,9.77027,10.782,10.2333,23.0758,23.0758,1.0,1.0,1
83825,31.05.2024 06:09:45.540000,381.583,424.264,10.2117,10.353,10.323,69.6334,2.10296,2.20867,12.2048,13.1044,614.605,613.995,8.35099,6.52544,9.77027,10.782,10.2333,23.0252,23.0252,1.0,1.0,1
83826,31.05.2024 06:09:45.550000,381.583,424.264,10.2117,10.353,10.323,69.6334,2.10296,2.20867,12.2048,13.1044,614.605,613.995,8.35099,6.52544,9.77027,10.782,10.2333,23.0252,23.0252,1.0,1.0,1
83827,31.05.2024 06:09:45.560000,388.751,422.369,10.3061,10.366,10.284,70.7384,2.08334,2.19247,10.122,8.81966,614.745,613.995,6.9484,6.67675,9.14759,11.0877,10.2342,23.0252,23.0252,1.0,1.0,1
83828,31.05.2024 06:09:45.570000,389.905,425.748,10.3076,10.334,10.309,71.6618,2.06784,2.2347,8.93495,8.48501,614.915,614.02,6.11849,6.65062,8.10496,11.1436,10.2342,23.7269,23.7269,1.0,1.0,1
83829,31.05.2024 06:09:45.580000,389.74,416.684,10.3076,10.364,10.315,72.7682,2.0816,2.22337,10.5724,18.9389,615.055,614.095,5.63115,6.58698,7.56121,11.2074,10.2336,23.7269,23.7269,1.0,1.0,1
83830,31.05.2024 06:09:45.590000,389.74,416.684,10.3076,10.364,10.315,72.7682,2.0816,2.22337,10.5724,18.9389,615.055,614.095,5.63115,6.58698,7.56121,11.2074,10.2336,23.7269,23.7269,1.0,1.0,1
83831,31.05.2024 06:09:45.600000,389.74,416.684,10.2645,10.364,10.315,72.7682,2.11871,2.20711,12.757,13.0808,615.135,614.155,5.3608,7.13028,7.10503,11.343,10.2342,24.1319,24.1319,1.0,1.0,1
83832,31.05.2024 06:09:45.610000,389.74,416.684,10.2645,10.364,10.315,72.7682,2.11871,2.20711,12.757,13.0808,615.135,614.155,5.3608,7.13028,7.10503,11.343,10.2342,24.1319,24.1319,1.0,1.0,1
83833,31.05.2024 06:09:45.620000,385.373,426.654,10.2775,10.33,10.308,74.0315,2.17339,2.21976,13.2753,8.67131,615.28,614.155,4.96052,7.44437,6.65511,11.3671,10.2342,24.1319,24.1319,1.0,1.0,1
83834,31.05.2024 06:09:45.630000,385.785,423.028,10.339,10.345,10.333,76.2529,2.17666,2.24621,14.3667,17.9101,615.36,614.18,5.0555,7.48296,6.49455,11.2754,10.2344,24.0958,24.0958,1.0,1.0,1
83835,31.05.2024 06:09:45.640000,385.785,418.414,10.339,10.334,10.333,76.2529,2.15829,2.25062,14.3667,17.9101,615.36,614.18,5.0555,7.48296,6.49455,11.2754,10.2347,24.0958,24.0958,1.0,1.0,1
83836,31.05.2024 06:09:45.650000,385.785,418.414,10.339,10.334,10.333,76.2529,2.15829,2.25062,14.3667,17.9101,615.36,614.18,5.0555,7.48296,6.49455,11.2754,10.2347,24.0958,24.0958,1.0,1.0,1
83837,31.05.2024 06:09:45.660000,388.01,418.414,10.3178,10.334,10.317,77.2144,2.15115,2.23941,15.7858,20.2134,615.4,614.19,5.05291,7.46178,6.61829,11.3752,10.2347,24.6889,24.6889,1.0,1.0,1
83838,31.05.2024 06:09:45.670000,388.01,418.414,10.3178,10.334,10.317,77.2144,2.15115,2.23941,15.7858,20.2134,615.4,614.19,5.05291,7.46178,6.61829,11.3752,10.2347,24.6889,24.6889,1.0,1.0,1
83839,31.05.2024 06:09:45.680000,389.822,418.085,10.3668,10.374,10.3,78.2008,2.11841,2.2411,11.9638,12.6986,615.445,614.255,4.79226,7.53731,6.70785,11.3069,10.2355,24.6889,24.6889,1.0,1.0,1
83840,31.05.2024 06:09:45.690000,389.822,418.085,10.3668,10.374,10.3,78.2008,2.11841,2.2411,11.9638,12.6986,615.445,614.255,4.79226,7.53731,6.70785,11.3069,10.2355,24.6889,24.6889,1.0,1.0,1
83841,31.05.2024 06:09:45.700000,383.066,424.676,10.3413,10.359,10.359,79.7314,2.11416,2.24064,10.8836,16.4674,615.64,614.38,4.49918,7.6304,7.19844,11.3152,10.2359,25.1374,25.1374,1.0,1.0,1
83842,31.05.2024 06:09:45.710000,383.066,424.676,10.3413,10.359,10.359,79.7314,2.11416,2.24064,10.8836,16.4674,615.64,614.38,4.49918,7.6304,7.19844,11.3152,10.2359,25.1374,25.1374,1.0,1.0,1
83843,31.05.2024 06:09:45.720000,392.871,421.051,10.3765,10.388,10.379,81.6761,2.15064,2.22824,10.7465,14.1474,615.755,614.41,5.14771,7.73379,7.31817,11.2071,10.2364,25.8319,25.8319,1.0,1.0,1
83844,31.05.2024 06:09:45.730000,392.871,421.051,10.3765,10.388,10.379,81.6761,2.15064,2.22824,10.7465,14.1474,615.755,614.41,5.14771,7.73379,7.31817,11.2071,10.2364,25.8319,25.8319,1.0,1.0,1
83845,31.05.2024 06:09:45.740000,388.833,423.605,10.3951,10.395,10.391,82.3801,2.17568,2.20669,12.2773,8.86348,615.8,614.46,5.83365,7.70822,7.48403,11.2924,10.2369,25.246,25.246,1.0,1.0,1
83846,31.05.2024 06:09:45.750000,388.833,423.605,10.3951,10.395,10.391,82.3801,2.17568,2.20669,12.2773,8.86348,615.8,614.46,5.83365,7.70822,7.48403,11.2924,10.2369,25.246,25.246,1.0,1.0,1
83847,31.05.2024 06:09:45.760000,389.41,424.512,10.4167,10.413,10.419,83.022,2.14684,2.23718,11.1979,10.5723,615.795,614.515,6.35713,7.64279,7.6189,11.2081,10.2379,25.4991,25.4991,1.0,1.0,1
83848,31.05.2024 06:09:45.770000,385.29,396.496,10.4029,10.433,10.413,83.5909,2.06718,2.22497,9.04349,9.94947,615.875,614.67,6.53198,7.7013,7.85392,11.2149,10.2385,25.4919,25.4919,1.0,1.0,1
83849,31.05.2024 06:09:45.780000,385.29,396.496,10.3999,10.433,10.413,84.0808,2.04394,2.22892,9.04349,9.94947,615.875,614.67,6.53198,7.7013,7.85392,11.2149,10.2385,25.7885,25.7885,1.0,1.0,1
83850,31.05.2024 06:09:45.790000,385.29,396.496,10.3999,10.433,10.413,84.0808,2.04394,2.22892,9.04349,9.94947,615.875,614.67,6.53198,7.7013,7.85392,11.2149,10.2385,25.7885,25.7885,1.0,1.0,1
83851,31.05.2024 06:09:45.800000,387.68,392.624,10.4625,10.424,10.372,84.5048,2.0335,2.21652,5.47567,10.0022,615.96,614.79,6.58893,7.6805,8.12781,11.3084,10.2389,25.7885,25.7885,1.0,1.0,1
83852,31.05.2024 06:09:45.810000,387.68,392.624,10.4625,10.424,10.372,84.5048,2.0335,2.21652,5.47567,10.0022,615.96,614.79,6.58893,7.6805,8.12781,11.3084,10.2389,25.7885,25.7885,1.0,1.0,1
83853,31.05.2024 06:09:45.820000,382.324,393.695,10.4406,10.396,10.454,84.9141,2.06332,2.21679,8.33409,14.1335,615.995,614.86,7.05392,7.83465,8.28256,11.2825,10.2401,25.5064,25.5064,1.0,1.0,1
83854,31.05.2024 06:09:45.830000,360.571,354.062,10.4575,10.51,10.467,85.2935,2.13257,2.19096,9.71129,12.42,616.055,614.91,7.12667,7.70413,8.38424,11.4078,10.2399,24.7902,24.7902,1.0,1.0,1
83855,31.05.2024 06:09:45.840000,348.953,335.522,10.4756,10.433,10.479,85.6085,2.16117,2.2105,11.5927,7.43134,616.125,614.95,7.2324,7.34241,8.62489,11.5635,10.2399,24.7902,24.7902,1.0,1.0,1
83856,31.05.2024 06:09:45.850000,332.062,352.084,10.4756,10.4,10.508,85.6085,2.17316,2.20883,13.8844,9.27148,616.155,615.065,7.37327,6.71629,8.81274,11.592,10.2408,24.7902,24.7902,1.0,1.0,1
83857,31.05.2024 06:09:45.860000,332.062,352.084,10.4999,10.4,10.508,85.8318,2.16581,2.21087,13.8844,9.27148,616.155,615.065,7.37327,6.71629,8.81274,11.592,10.2408,23.8571,23.8571,1.0,1.0,1
83858,31.05.2024 06:09:45.870000,300.998,328.848,10.5288,10.44,10.493,86.0041,2.14652,2.22182,12.9968,13.8825,616.19,615.19,7.29853,6.39584,8.98729,11.7288,10.2406,23.8571,23.8571,1.0,1.0,1
83859,31.05.2024 06:09:45.880000,300.998,328.848,10.5288,10.44,10.493,86.0041,2.14652,2.22182,12.9968,13.8825,616.19,615.19,7.29853,6.39584,8.98729,11.7288,10.2406,23.8571,23.8571,1.0,1.0,1
83860,31.05.2024 06:09:45.890000,300.998,276.196,10.5288,10.495,10.493,86.0041,2.11101,2.22824,11.9718,12.3472,616.215,615.285,7.01688,6.48192,8.79488,11.7885,10.2415,22.7503,22.7503,1.0,1.0,1
83861,31.05.2024 06:09:45.900000,284.683,268.121,10.5304,10.473,10.523,86.0261,2.07906,2.23119,9.54901,12.2104,616.265,615.37,6.51915,6.29107,8.63978,11.878,10.2418,22.7503,22.7503,1.0,1.0,1
83862,31.05.2024 06:09:45.910000,284.683,268.121,10.5275,10.473,10.523,86.0261,2.06988,2.22797,9.54901,12.2104,616.265,615.37,6.51915,6.29107,8.63978,11.878,10.2422,21.4627,21.4627,1.0,1.0,1
83863,31.05.2024 06:09:45.920000,261.694,246.039,10.5611,10.464,10.538,86.1353,2.08069,2.22824,8.5854,14.9603,616.395,615.46,6.12554,5.96259,8.32974,11.8854,10.2422,21.4627,21.4627,1.0,1.0,1
83864,31.05.2024 06:09:45.930000,256.421,212.75,10.5611,10.554,10.479,86.1353,2.10002,2.22045,10.2779,14.4229,616.475,615.55,6.1682,5.88371,8.19494,11.9319,10.2429,20.3704,20.3704,1.0,1.0,1
83865,31.05.2024 06:09:45.940000,256.421,212.75,10.5744,10.554,10.479,86.2303,2.11491,2.20952,10.2779,14.4229,616.475,615.55,6.1682,5.88371,8.19494,11.9319,10.2429,20.3704,20.3704,1.0,1.0,1
83866,31.05.2024 06:09:45.950000,256.586,184.488,10.5694,10.568,10.449,86.332,2.12992,2.20583,11.227,10.7927,616.505,615.575,6.10103,5.6269,7.99917,11.9516,10.2434,20.3704,20.3704,1.0,1.0,1
83867,31.05.2024 06:09:45.960000,256.586,184.488,10.5694,10.568,10.449,86.332,2.12992,2.20583,11.227,10.7927,616.505,615.575,6.10103,5.6269,7.99917,11.9516,10.2434,20.3704,20.3704,1.0,1.0,1
83868,31.05.2024 06:09:45.970000,256.586,139.664,10.5694,10.595,10.449,86.332,2.14883,2.20427,12.2262,11.6204,616.565,615.68,5.76971,4.88624,7.57515,11.9255,10.244,19.958,19.958,1.0,1.0,1
83869,31.05.2024 06:09:45.980000,212.421,108.682,10.5753,10.56,10.523,86.4576,2.13551,2.19867,10.5854,11.6784,616.65,615.815,5.4193,4.60425,7.41579,11.9833,10.245,19.9508,19.9508,1.0,1.0,1
83870,31.05.2024 06:09:45.990000,212.421,108.682,10.5711,10.56,10.523,86.4576,2.12132,2.19733,10.5854,11.6784,616.65,615.815,5.4193,4.60425,7.41579,11.9833,10.2453,18.8006,18.8006,1.0,1.0,1
83871,31.05.2024 06:09:46.000000,212.421,108.682,10.5711,10.56,10.523,86.4576,2.12132,2.19733,10.5854,11.6784,616.65,615.815,5.4193,4.60425,7.41579,11.9833,10.2453,18.8006,18.8006,1.0,1.0,1
83872,31.05.2024 06:09:46.010000,196.271,108.847,10.5649,10.545,10.524,86.4836,2.09723,2.19997,9.82929,8.21668,616.72,615.94,5.16896,4.82893,7.051,11.9799,10.2453,17.6288,17.6288,1.0,1.0,1
83873,31.05.2024 06:09:46.020000,163.806,100.772,10.5633,10.573,10.526,86.5431,2.0921,2.20582,9.30667,11.2754,616.755,616.0,4.82901,4.96783,6.92226,12.1352,10.2466,17.2164,17.2164,1.0,1.0,1
83874,31.05.2024 06:09:46.030000,147.079,97.8882,10.5735,10.527,10.523,86.5557,2.09862,2.20562,8.12722,11.6415,616.79,616.05,4.27536,4.89258,6.8644,12.0719,10.2469,17.2164,17.2164,1.0,1.0,1
83875,31.05.2024 06:09:46.040000,147.079,95.8282,10.5735,10.503,10.523,86.5557,2.11906,2.20831,8.12722,11.6415,616.79,616.05,4.27536,4.89258,6.8644,12.0719,10.2477,17.1586,17.1586,1.0,1.0,1
83876,31.05.2024 06:09:46.050000,147.079,95.8282,10.5735,10.503,10.523,86.5557,2.11906,2.20831,8.12722,11.6415,616.79,616.05,4.27536,4.89258,6.8644,12.0719,10.2477,17.1586,17.1586,1.0,1.0,1
83877,31.05.2024 06:09:46.060000,142.383,95.8282,10.5661,10.503,10.471,86.5372,2.12685,2.21038,7.83366,9.8229,616.88,616.075,3.59902,4.73288,6.39212,12.1059,10.2477,16.4135,16.4135,1.0,1.0,1
83878,31.05.2024 06:09:46.070000,142.383,95.8282,10.5661,10.503,10.471,86.5372,2.12685,2.21038,7.83366,9.8229,616.88,616.075,3.59902,4.73288,6.39212,12.1059,10.2477,16.4135,16.4135,1.0,1.0,1
83879,31.05.2024 06:09:46.080000,142.218,97.3938,10.5587,10.486,10.486,86.5389,2.12971,2.21394,9.71728,11.4961,616.93,616.125,3.27648,4.2759,6.0768,12.0056,10.2478,16.4207,16.4207,1.0,1.0,1
83880,31.05.2024 06:09:46.090000,112.802,-0.164795,10.5494,10.494,10.448,86.554,2.09167,2.21128,8.17074,10.714,617.05,616.3,2.43136,3.8313,5.75481,11.5661,10.2488,15.8131,15.8131,1.0,1.0,1
83881,31.05.2024 06:09:46.100000,112.802,-0.164795,10.5497,10.494,10.448,86.5238,2.07411,2.21131,8.17074,10.714,617.05,616.3,2.43136,3.8313,5.75481,11.5661,10.2488,15.0463,15.0463,1.0,1.0,1
83882,31.05.2024 06:09:46.110000,104.974,-57.5958,10.5599,10.516,10.441,86.5014,2.06147,2.21037,6.46007,10.0606,617.09,616.375,2.43112,3.82414,5.50169,11.2497,10.2489,15.0463,15.0463,1.0,1.0,1
83883,31.05.2024 06:09:46.120000,104.974,-44.989,10.5599,10.417,10.441,86.5014,2.05547,2.2102,6.46007,10.0606,617.09,616.375,2.43112,3.82414,5.50169,11.2497,10.2495,15.0463,15.0463,1.0,1.0,1
83884,31.05.2024 06:09:46.130000,46.8017,-42.2699,10.5457,10.369,10.506,86.5729,2.06603,2.20947,7.80299,11.1725,617.115,616.4,2.25443,3.88629,5.79216,11.0657,10.2495,14.511,14.511,1.0,1.0,1
83885,31.05.2024 06:09:46.140000,104.974,-44.989,10.5599,10.417,10.441,86.5014,2.05547,2.2102,6.46007,10.0606,617.09,616.375,2.43112,3.82414,5.50169,11.2497,10.2495,14.511,14.511,1.0,1.0,1
83886,31.05.2024 06:09:46.150000,46.8017,-42.2699,10.5324,10.369,10.506,86.5821,2.10054,2.20918,6.46007,10.0606,617.09,616.375,2.43112,3.82414,5.50169,11.2497,10.2503,13.8744,13.8744,1.0,1.0,1
83887,31.05.2024 06:09:46.160000,5.43823,-73.2513,10.5444,10.392,10.473,86.5896,2.13687,2.21174,8.67136,8.97652,617.175,616.455,1.6635,3.22862,5.2636,10.3274,10.2503,13.8744,13.8744,1.0,1.0,1
83888,31.05.2024 06:09:46.170000,3.70788,-94.5923,10.5444,10.362,10.429,86.5896,2.14389,2.21201,10.6862,10.1353,617.195,616.52,1.38749,2.99698,5.23646,10.1013,10.2509,13.8889,13.8889,1.0,1.0,1
83889,31.05.2024 06:09:46.180000,3.70788,-94.5923,10.5313,10.362,10.429,86.5698,2.14213,2.21059,10.6862,10.1353,617.195,616.52,1.38749,2.99698,5.23646,10.1013,10.2509,13.8889,13.8889,1.0,1.0,1
83890,31.05.2024 06:09:46.190000,11.2061,-107.776,10.5208,10.424,10.417,86.5517,2.13103,2.21037,10.2212,10.6365,617.225,616.6,1.24889,3.04201,5.08932,9.90961,10.2514,13.8889,13.8889,1.0,1.0,1
83891,31.05.2024 06:09:46.200000,11.2061,-133.813,10.5208,10.438,10.417,86.5517,2.0967,2.20829,10.2212,10.6365,617.225,616.6,1.24889,3.04201,5.08932,9.90961,10.252,13.491,13.491,1.0,1.0,1
83892,31.05.2024 06:09:46.210000,-32.135,-133.813,10.5079,10.438,10.406,86.5795,2.08038,2.2064,10.7534,12.4784,617.24,616.66,1.07365,3.23802,4.99742,9.84143,10.252,12.9051,12.9051,1.0,1.0,1
83893,31.05.2024 06:09:46.220000,-32.135,-133.813,10.5079,10.438,10.406,86.5795,2.08038,2.2064,10.7534,12.4784,617.24,616.66,1.07365,3.23802,4.99742,9.84143,10.252,12.9051,12.9051,1.0,1.0,1
83894,31.05.2024 06:09:46.230000,-72.7569,-188.525,10.5079,10.464,10.437,86.6376,2.07031,2.2058,9.59103,12.1246,617.27,616.7,0.941281,3.40101,4.98257,9.80655,10.2527,12.9051,12.9051,1.0,1.0,1
83895,31.05.2024 06:09:46.240000,-104.15,-208.218,10.4848,10.412,10.425,86.6174,2.09876,2.19987,9.48415,10.2325,617.275,616.72,0.842138,3.3544,4.92771,9.75305,10.2531,12.9051,12.9051,1.0,1.0,1
83896,31.05.2024 06:09:46.250000,-104.15,-208.218,10.4848,10.412,10.425,86.6174,2.09876,2.19987,9.48415,10.2325,617.275,616.72,0.842138,3.3544,4.92771,9.75305,10.2531,12.9051,12.9051,1.0,1.0,1
83897,31.05.2024 06:09:46.260000,-104.81,-226.428,10.4848,10.397,10.399,86.6174,2.11682,2.20072,9.50834,9.90283,617.275,616.745,0.851232,3.51452,4.88559,9.5567,10.2538,12.8038,12.8038,1.0,1.0,1
83898,31.05.2024 06:09:46.270000,-103.738,-258.646,10.4598,10.401,10.374,86.6307,2.15021,2.20553,9.93215,7.66754,617.28,616.745,0.749776,3.22482,5.00388,9.36189,10.2547,12.8038,12.8038,1.0,1.0,1
83899,31.05.2024 06:09:46.280000,-103.738,-263.672,10.4598,10.404,10.374,86.6307,2.15715,2.21244,9.93215,7.66754,617.28,616.745,0.749776,3.22482,5.00388,9.36189,10.2547,12.7966,12.7966,1.0,1.0,1
83900,31.05.2024 06:09:46.290000,-109.177,-263.672,10.464,10.404,10.388,86.6218,2.14577,2.21374,10.0403,10.4105,617.285,616.795,0.610276,3.0362,4.80378,9.26078,10.2547,12.8979,12.8979,0.0,1.0,1
83901,31.05.2024 06:09:46.300000,-133.813,-264.661,10.464,10.308,10.363,86.6216,2.12789,2.21168,10.0981,10.1188,617.3,616.87,0.387098,2.94521,4.6347,9.15168,10.2554,12.8979,12.8979,0.0,1.0,1
83902,31.05.2024 06:09:46.310000,-133.813,-264.661,10.444,10.308,10.363,86.6216,2.10319,2.21121,10.0981,10.1188,617.3,616.87,0.387098,2.94521,4.6347,9.15168,10.2557,13.1944,13.1944,0.0,1.0,1
83903,31.05.2024 06:09:46.320000,-133.813,-264.661,10.464,10.308,10.363,86.6216,2.12789,2.21168,9.08395,10.3333,617.305,616.88,0.265039,3.16776,4.69625,9.06878,10.2554,13.1944,13.1944,0.0,1.0,1
83904,31.05.2024 06:09:46.330000,-184.158,-259.058,10.4268,10.355,10.352,86.608,2.04572,2.21304,7.29683,10.2755,617.3,616.885,0.103276,3.06357,4.47944,8.90756,10.2559,13.0932,13.0932,0.0,1.0,1
83905,31.05.2024 06:09:46.340000,-184.158,-259.058,10.4324,10.355,10.352,86.6719,2.0451,2.21115,7.29683,10.2755,617.3,616.885,0.103276,3.06357,4.47944,8.90756,10.2559,13.7225,13.7225,0.0,1.0,1
83906,31.05.2024 06:09:46.350000,-199.237,-264.084,10.4287,10.324,10.354,86.6554,2.05673,2.20881,7.37167,8.84126,617.3,616.895,-0.0878323,2.81891,4.23892,8.69975,10.2567,13.7225,13.7225,0.0,1.0,1
83907,31.05.2024 06:09:46.360000,-199.237,-265.073,10.4287,10.278,10.354,86.6554,2.10084,2.20944,7.37167,8.84126,617.3,616.895,-0.0878323,2.81891,4.23892,8.69975,10.2567,14.0191,14.0191,0.0,1.0,1
83908,31.05.2024 06:09:46.370000,-199.237,-265.073,10.4287,10.278,10.354,86.6554,2.10084,2.20944,7.37167,8.84126,617.3,616.895,-0.0878323,2.81891,4.23892,8.69975,10.2567,14.0191,14.0191,0.0,1.0,1
83909,31.05.2024 06:09:46.380000,-235.821,-265.073,10.404,10.278,10.335,86.624,2.12301,2.20978,7.88965,7.00922,617.32,616.93,-0.129809,2.62152,4.20244,8.44241,10.2567,14.0263,14.0263,0.0,1.0,1
83910,31.05.2024 06:09:46.390000,-235.821,-265.073,10.404,10.278,10.335,86.624,2.12301,2.20978,7.88965,7.00922,617.32,616.93,-0.129809,2.62152,4.20244,8.44241,10.2567,14.0263,14.0263,0.0,1.0,1
83911,31.05.2024 06:09:46.400000,-230.96,-264.578,10.3978,10.305,10.284,86.6098,2.14392,2.21574,10.3725,8.95283,617.335,616.97,-0.229956,2.39323,4.2476,8.22712,10.2574,14.1204,14.1204,0.0,1.0,1
83912,31.05.2024 06:09:46.410000,-234.915,-263.754,10.4075,10.266,10.308,86.5787,2.10741,2.2184,9.51468,9.83172,617.36,617.055,-0.0879696,2.59308,4.32095,7.80941,10.2577,14.3736,14.3736,0.0,1.0,1
83913,31.05.2024 06:09:46.420000,-234.915,-263.754,10.4124,10.266,10.308,86.5412,2.07834,2.21881,9.51468,9.83172,617.36,617.055,-0.0879696,2.59308,4.32095,7.80941,10.2577,14.3736,14.3736,0.0,1.0,1
83914,31.05.2024 06:09:46.430000,-236.893,-266.391,10.3965,10.256,10.296,86.5012,2.05324,2.22004,6.46422,6.9588,617.36,617.09,0.237317,2.73539,4.37643,7.43556,10.2579,14.3736,14.3736,0.0,1.0,1
83915,31.05.2024 06:09:46.440000,-236.893,-264.001,10.3965,10.223,10.296,86.5012,2.02412,2.21339,6.46422,6.9588,617.36,617.09,0.237317,2.73539,4.37643,7.43556,10.2582,15.2561,15.2561,0.0,1.0,1
83916,31.05.2024 06:09:46.450000,-238.293,-264.001,10.3855,10.223,10.283,86.5314,2.02573,2.21103,4.8213,8.49128,617.36,617.08,0.378553,2.81306,4.44445,7.24381,10.2582,15.2561,15.2561,0.0,1.0,1
83917,31.05.2024 06:09:46.460000,-238.293,-264.001,10.3855,10.223,10.283,86.5314,2.02573,2.21103,4.8213,8.49128,617.36,617.08,0.378553,2.81306,4.44445,7.24381,10.2582,15.2561,15.2561,0.0,1.0,1
83918,31.05.2024 06:09:46.470000,-238.87,-267.874,10.3855,10.271,10.328,86.559,2.03752,2.20781,6.01637,11.33,617.36,617.095,0.531602,2.72328,4.41878,6.90662,10.2583,16.1097,16.1097,0.0,1.0,1
83919,31.05.2024 06:09:46.480000,-237.717,-264.249,10.3764,10.288,10.338,86.5868,2.1278,2.19755,7.03369,8.04933,617.36,617.12,0.675676,2.43781,4.30087,6.70881,10.2594,16.1097,16.1097,0.0,1.0,1
83920,31.05.2024 06:09:46.490000,-237.717,-264.249,10.3764,10.288,10.338,86.5868,2.1278,2.19755,7.03369,8.04933,617.36,617.12,0.675676,2.43781,4.30087,6.70881,10.2594,16.1097,16.1097,0.0,1.0,1
83921,31.05.2024 06:09:46.500000,-237.552,-266.803,10.3764,10.355,10.331,86.5868,2.1585,2.20181,10.9785,7.54016,617.36,617.15,0.712594,2.42516,4.51302,6.74718,10.2593,16.4207,16.4207,0.0,1.0,1
83922,31.05.2024 06:09:46.510000,-237.552,-266.803,10.3764,10.355,10.331,86.5868,2.1585,2.20181,10.9785,7.54016,617.36,617.15,0.712594,2.42516,4.51302,6.74718,10.2593,16.4207,16.4207,0.0,1.0,1
83923,31.05.2024 06:09:46.520000,-238.623,-258.151,10.3721,10.321,10.328,86.5528,2.18878,2.20365,12.9338,9.77161,617.35,617.16,0.762433,2.56631,4.39815,6.69535,10.2604,16.4207,16.4207,0.0,1.0,1
83924,31.05.2024 06:09:46.530000,-229.971,-261.777,10.3897,10.307,10.317,86.6053,2.14448,2.21107,12.8321,8.39314,617.35,617.195,0.770795,2.4944,4.25705,6.68702,10.2601,17.4624,17.4624,0.0,1.0,1
83925,31.05.2024 06:09:46.540000,-234.668,-268.78,10.3897,10.271,10.307,86.5738,2.11663,2.21235,10.6822,7.90361,617.36,617.235,0.73124,2.51968,4.27343,6.69741,10.2595,17.4624,17.4624,0.0,1.0,1
83926,31.05.2024 06:09:46.550000,-234.668,-268.78,10.3897,10.271,10.307,86.5738,2.11663,2.21235,10.6822,7.90361,617.36,617.235,0.73124,2.51968,4.27343,6.69741,10.2595,17.4624,17.4624,0.0,1.0,1
83927,31.05.2024 06:09:46.560000,-234.668,-268.78,10.3795,10.271,10.307,86.5738,2.08697,2.21371,9.37826,9.02247,617.35,617.245,0.658956,2.72274,4.25778,6.74844,10.2603,17.419,17.419,0.0,1.0,1
83928,31.05.2024 06:09:46.570000,-234.668,-268.78,10.3795,10.271,10.307,86.5738,2.08697,2.21371,9.37826,9.02247,617.35,617.245,0.658956,2.72274,4.25778,6.74844,10.2603,17.419,17.419,0.0,1.0,1
83929,31.05.2024 06:09:46.580000,-237.305,-264.249,10.3724,10.282,10.317,86.544,2.05466,2.21009,7.61202,10.7323,617.345,617.235,0.695119,2.67566,4.20912,6.71951,10.2603,17.419,17.419,0.0,1.0,1
83930,31.05.2024 06:09:46.590000,-229.23,-269.604,10.4033,10.249,10.311,86.5313,2.08095,2.20766,8.75133,11.254,617.355,617.27,0.638143,2.34875,4.07074,6.68757,10.2606,17.4624,17.4624,0.0,1.0,1
83931,31.05.2024 06:09:46.600000,-229.23,-269.604,10.4033,10.249,10.311,86.5313,2.08095,2.20766,8.75133,11.254,617.355,617.27,0.638143,2.34875,4.07074,6.68757,10.2606,17.4624,17.4624,0.0,1.0,1
83932,31.05.2024 06:09:46.610000,-229.23,-261.365,10.4033,10.29,10.311,86.5313,2.12031,2.21148,10.0656,9.82006,617.34,617.29,0.721563,2.38351,4.07583,6.70428,10.2607,17.2671,17.2671,0.0,1.0,1
83933,31.05.2024 06:09:46.620000,-233.267,-267.956,10.3974,10.282,10.286,86.4978,2.14329,2.21207,11.3163,10.2841,617.345,617.285,0.671395,2.27312,4.06535,6.63346,10.261,17.3177,17.3177,0.0,1.0,1
83934,31.05.2024 06:09:46.630000,-233.267,-267.956,10.4037,10.282,10.286,86.4978,2.13903,2.21156,11.3163,10.2841,617.345,617.285,0.671395,2.27312,4.06535,6.63346,10.2615,16.9777,16.9777,0.0,1.0,1
83935,31.05.2024 06:09:46.640000,-232.938,-267.462,10.4074,10.274,10.286,86.52,2.10405,2.21073,10.8653,9.55995,617.325,617.3,0.653848,2.09938,3.8554,6.59805,10.2615,16.9777,16.9777,0.0,1.0,1
83936,31.05.2024 06:09:46.650000,-232.938,-267.462,10.4074,10.274,10.286,86.52,2.10405,2.21073,10.8653,9.55995,617.325,617.3,0.653848,2.09938,3.8554,6.59805,10.2615,16.9777,16.9777,0.0,1.0,1
83937,31.05.2024 06:09:46.660000,-232.855,-265.402,10.4074,10.29,10.319,86.52,2.08188,2.21018,8.21615,8.2054,617.325,617.33,0.499971,2.15421,3.70208,6.68632,10.2618,16.8692,16.8692,0.0,1.0,1
83938,31.05.2024 06:09:46.670000,-232.855,-265.402,10.4074,10.29,10.319,86.52,2.08188,2.21018,8.21615,8.2054,617.325,617.33,0.499971,2.15421,3.70208,6.68632,10.2618,16.8692,16.8692,0.0,1.0,1
83939,31.05.2024 06:09:46.680000,-238.623,-263.672,10.425,10.303,10.313,86.5829,2.04179,2.20996,7.08205,10.2519,617.33,617.33,0.445478,2.15407,3.70826,6.60728,10.2623,16.7752,16.7752,0.0,1.0,1
83940,31.05.2024 06:09:46.690000,-238.623,-263.672,10.425,10.303,10.313,86.5829,2.04179,2.20996,7.08205,10.2519,617.33,617.33,0.445478,2.15407,3.70826,6.60728,10.2623,16.7752,16.7752,0.0,1.0,1
83941,31.05.2024 06:09:46.700000,-228.406,-265.155,10.4174,10.268,10.319,86.5633,2.0581,2.20433,5.1672,9.69443,617.33,617.345,0.415708,2.02631,3.54744,6.47251,10.2623,16.8909,16.8909,0.0,1.0,1
83942,31.05.2024 06:09:46.710000,-228.406,-265.155,10.4174,10.268,10.319,86.5633,2.0581,2.20433,5.1672,9.69443,617.33,617.345,0.415708,2.02631,3.54744,6.47251,10.2623,16.8909,16.8909,0.0,1.0,1
83943,31.05.2024 06:09:46.720000,-233.02,-264.496,10.4241,10.3,10.36,86.5975,2.10493,2.20596,5.85532,9.00787,617.32,617.365,0.334813,1.87343,3.53372,6.46346,10.2634,16.7318,16.7318,0.0,1.0,1
83944,31.05.2024 06:09:46.730000,-237.469,-266.061,10.4309,10.34,10.389,86.5586,2.15323,2.20554,9.64231,8.72019,617.325,617.375,0.421552,1.80724,3.25432,6.48088,10.2637,16.8258,16.8258,0.0,1.0,1
83945,31.05.2024 06:09:46.740000,-237.469,-266.061,10.4175,10.34,10.389,86.5944,2.15304,2.20625,9.64231,8.72019,617.325,617.375,0.421552,1.80724,3.25432,6.48088,10.2637,16.8258,16.8258,0.0,1.0,1
83946,31.05.2024 06:09:46.750000,-237.469,-266.061,10.4175,10.34,10.389,86.5944,2.15304,2.20625,9.64231,8.72019,617.325,617.375,0.421552,1.80724,3.25432,6.48088,10.2637,16.8258,16.8258,0.0,1.0,1
83947,31.05.2024 06:09:46.760000,-226.511,-263.672,10.427,10.369,10.368,86.6281,2.14392,2.20479,10.5536,9.35242,617.315,617.39,0.439428,1.68163,3.20229,6.47118,10.2642,16.7824,16.7824,0.0,1.0,1
83948,31.05.2024 06:09:46.770000,-226.511,-263.672,10.427,10.369,10.368,86.6281,2.14392,2.20479,10.5536,9.35242,617.315,617.39,0.439428,1.68163,3.20229,6.47118,10.2642,16.7824,16.7824,0.0,1.0,1
83949,31.05.2024 06:09:46.780000,-236.563,-261.529,10.4417,10.324,10.406,86.6269,2.09892,2.21042,9.71314,8.1469,617.32,617.39,0.363069,1.67298,3.20968,6.55997,10.2644,16.833,16.833,0.0,1.0,1
83950,31.05.2024 06:09:46.790000,-229.065,-261.117,10.4468,10.288,10.398,86.6045,2.09338,2.20714,9.3711,11.2705,617.315,617.4,0.337381,1.5116,3.0908,6.52425,10.2645,16.833,16.833,0.0,1.0,1
83951,31.05.2024 06:09:46.800000,-230.63,-269.028,10.4362,10.303,10.381,86.5876,2.11164,2.20227,9.00591,10.3392,617.315,617.405,0.308675,1.45985,3.17406,6.598,10.2645,16.833,16.833,0.0,1.0,1
83952,31.05.2024 06:09:46.810000,-234.091,-262.765,10.4362,10.351,10.381,86.5876,2.12469,2.20149,9.45535,7.01756,617.315,617.415,0.380063,1.43092,3.13131,6.69154,10.2651,16.833,16.833,0.0,1.0,1
83953,31.05.2024 06:09:46.820000,-234.091,-262.765,10.4486,10.351,10.381,86.6193,2.1388,2.20371,9.45535,7.01756,617.315,617.415,0.380063,1.43092,3.13131,6.69154,10.2651,16.8258,16.8258,0.0,1.0,1
83954,31.05.2024 06:09:46.830000,-230.878,-264.084,10.4526,10.314,10.386,86.6252,2.14475,2.20869,11.0074,8.30584,617.315,617.425,0.424462,1.32112,3.06618,6.70171,10.2653,16.8258,16.8258,0.0,1.0,1
83955,31.05.2024 06:09:46.840000,-230.878,-260.376,10.4526,10.329,10.386,86.6252,2.14306,2.21083,11.0074,8.30584,617.315,617.425,0.424462,1.32112,3.06618,6.70171,10.2656,16.8258,16.8258,0.0,1.0,1
83956,31.05.2024 06:09:46.850000,-230.713,-260.376,10.4539,10.329,10.349,86.5506,2.13155,2.20949,11.5433,9.65922,617.31,617.42,0.463727,1.47386,3.15833,6.77592,10.2656,16.5292,16.5292,0.0,1.0,1
83957,31.05.2024 06:09:46.860000,-239.117,-270.428,10.4539,10.352,10.374,86.6251,2.1125,2.20924,9.71946,7.87533,617.315,617.43,0.498433,1.31634,3.18054,6.78775,10.2658,16.5292,16.5292,0.0,1.0,1
83958,31.05.2024 06:09:46.870000,-239.117,-270.428,10.453,10.352,10.374,86.6251,2.09068,2.20971,9.71946,7.87533,617.315,617.43,0.498433,1.31634,3.18054,6.78775,10.266,15.8058,15.8058,0.0,1.0,1
83959,31.05.2024 06:09:46.880000,-231.866,-265.073,10.4593,10.336,10.33,86.6102,2.05274,2.21001,7.33769,8.37244,617.295,617.42,0.642247,1.30613,3.1454,6.68364,10.266,15.8058,15.8058,0.0,1.0,1
83960,31.05.2024 06:09:46.890000,-231.866,-265.073,10.4593,10.336,10.33,86.6102,2.05274,2.21001,7.33769,8.37244,617.295,617.42,0.642247,1.30613,3.1454,6.68364,10.266,15.8058,15.8058,0.0,1.0,1
83961,31.05.2024 06:09:46.900000,-233.102,-267.38,10.4593,10.349,10.315,86.6102,2.04519,2.20845,7.80014,10.3142,617.3,617.425,0.687616,1.24317,3.08509,6.70326,10.2661,15.8058,15.8058,0.0,1.0,1
83962,31.05.2024 06:09:46.910000,-235.08,-262.518,10.4635,10.349,10.342,86.5444,2.0554,2.20455,6.42433,9.65354,617.305,617.415,0.684442,1.21522,3.09298,6.78576,10.2668,15.7986,15.7986,0.0,1.0,1
83963,31.05.2024 06:09:46.920000,-235.08,-262.518,10.4635,10.349,10.342,86.5444,2.0554,2.20455,6.42433,9.65354,617.305,617.415,0.684442,1.21522,3.09298,6.78576,10.2668,15.7986,15.7986,0.0,1.0,1
83964,31.05.2024 06:09:46.930000,-235.08,-268.945,10.4635,10.331,10.342,86.5444,2.08789,2.20345,7.79606,8.24373,617.305,617.4,0.727098,1.11914,3.0583,6.75653,10.2672,15.7118,15.7118,0.0,1.0,1
83965,31.05.2024 06:09:46.940000,-235.986,-264.331,10.4449,10.341,10.373,86.5458,2.11229,2.2081,8.54607,8.20461,617.305,617.43,0.792455,1.13859,3.08531,6.7788,10.2676,15.5961,15.5961,0.0,1.0,1
83966,31.05.2024 06:09:46.950000,-235.986,-264.331,10.4532,10.341,10.373,86.5458,2.11812,2.21031,8.54607,8.20461,617.305,617.43,0.792455,1.13859,3.08531,6.7788,10.2682,15.4442,15.4442,0.0,1.0,1
83967,31.05.2024 06:09:46.960000,-238.129,-264.908,10.456,10.389,10.403,86.5727,2.11309,2.21093,9.02994,8.66478,617.305,617.43,0.874808,1.20513,3.16284,6.73298,10.2682,15.4442,15.4442,0.0,1.0,1
83968,31.05.2024 06:09:46.970000,-238.129,-264.908,10.456,10.389,10.403,86.5727,2.11309,2.21093,9.02994,8.66478,617.305,617.43,0.874808,1.20513,3.16284,6.73298,10.2682,15.4442,15.4442,0.0,1.0,1
83969,31.05.2024 06:09:46.980000,-231.29,-262.765,10.456,10.4,10.366,86.5727,2.10451,2.21175,8.7134,10.1641,617.315,617.415,0.927076,1.33166,3.16471,6.68241,10.2689,14.851,14.851,0.0,1.0,1
83970,31.05.2024 06:09:46.990000,-231.29,-262.765,10.456,10.4,10.366,86.5727,2.10451,2.21175,8.7134,10.1641,617.315,617.415,0.927076,1.33166,3.16471,6.68241,10.2689,14.851,14.851,0.0,1.0,1
83971,31.05.2024 06:09:47.000000,-227.994,-265.814,10.4531,10.389,10.363,86.6258,2.08729,2.21323,6.97774,8.80543,617.315,617.415,1.11259,1.34171,3.15101,6.68177,10.269,14.851,14.851,0.0,1.0,1
83972,31.05.2024 06:09:47.010000,-227.994,-265.814,10.4531,10.389,10.363,86.6258,2.08729,2.21323,6.97774,8.80543,617.315,617.415,1.11259,1.34171,3.15101,6.68177,10.269,14.851,14.851,0.0,1.0,1
83973,31.05.2024 06:09:47.020000,-231.454,-259.552,10.4619,10.353,10.358,86.6219,2.09337,2.21315,6.10845,8.43405,617.305,617.415,1.18534,1.45997,3.13861,6.74923,10.2692,14.9884,14.9884,0.0,1.0,1
83974,31.05.2024 06:09:47.030000,-231.454,-259.552,10.4619,10.353,10.358,86.6219,2.09337,2.21315,6.10845,8.43405,617.305,617.415,1.18534,1.45997,3.13861,6.74923,10.2692,14.9884,14.9884,0.0,1.0,1
83975,31.05.2024 06:09:47.040000,-232.69,-265.567,10.4461,10.377,10.372,86.581,2.12343,2.21447,7.66441,8.9986,617.315,617.415,1.35368,1.55353,3.12056,6.64871,10.2693,14.8944,14.8944,0.0,1.0,1
83976,31.05.2024 06:09:47.050000,-232.526,-260.788,10.4438,10.336,10.373,86.5619,2.17148,2.21715,11.9191,9.90137,617.315,617.42,1.44505,1.69007,3.11441,6.65054,10.2704,14.8944,14.8944,0.0,1.0,1
83977,31.05.2024 06:09:47.060000,-232.526,-260.788,10.4494,10.336,10.373,86.5368,2.17473,2.21673,11.9191,9.90137,617.315,617.42,1.44505,1.69007,3.11441,6.65054,10.2704,14.7425,14.7425,0.0,1.0,1
83978,31.05.2024 06:09:47.070000,-234.833,-266.473,10.458,10.34,10.333,86.5942,2.17014,2.2166,11.4675,9.70819,617.31,617.42,1.52036,1.74415,3.15422,6.71143,10.271,14.7425,14.7425,0.0,1.0,1
83979,31.05.2024 06:09:47.080000,-234.833,-259.634,10.458,10.375,10.333,86.5942,2.13555,2.21823,11.4675,9.70819,617.31,617.42,1.52036,1.74415,3.15422,6.71143,10.2712,14.7425,14.7425,0.0,1.0,1
83980,31.05.2024 06:09:47.090000,-225.522,-259.634,10.4605,10.375,10.336,86.5442,2.11453,2.21858,12.0312,9.326,617.3,617.415,1.59239,1.89794,3.13927,6.68523,10.2712,15.0318,15.0318,0.0,1.0,1
83981,31.05.2024 06:09:47.100000,-225.522,-259.634,10.4605,10.375,10.336,86.5442,2.11453,2.21858,12.0312,9.326,617.3,617.415,1.59239,1.89794,3.13927,6.68523,10.2712,15.0318,15.0318,0.0,1.0,1
83982,31.05.2024 06:09:47.110000,-234.256,-264.166,10.4605,10.369,10.346,86.5508,2.09529,2.21869,9.56536,8.4041,617.295,617.425,1.4869,1.895,3.1058,6.74426,10.2716,15.4948,15.4948,0.0,1.0,1
83983,31.05.2024 06:09:47.120000,-232.855,-266.061,10.4438,10.374,10.37,86.5612,2.07542,2.21575,6.56973,7.50893,617.29,617.425,1.48602,2.0513,3.08349,6.77682,10.2719,15.4948,15.4948,0.0,1.0,1
83984,31.05.2024 06:09:47.130000,-236.563,-269.934,10.4438,10.371,10.334,86.5612,2.0816,2.21629,7.52971,8.34982,617.285,617.415,1.40936,2.07144,3.00415,6.85663,10.2724,15.4948,15.4948,0.0,1.0,1
83985,31.05.2024 06:09:47.140000,-236.563,-269.934,10.4553,10.371,10.334,86.5604,2.09164,2.21701,7.52971,8.34982,617.285,617.415,1.40936,2.07144,3.00415,6.85663,10.2724,15.3935,15.3935,0.0,1.0,1
83986,31.05.2024 06:09:47.150000,-236.563,-269.934,10.4553,10.371,10.334,86.5604,2.09164,2.21701,7.52971,8.34982,617.285,617.415,1.40936,2.07144,3.00415,6.85663,10.2724,15.3935,15.3935,0.0,1.0,1
83987,31.05.2024 06:09:47.160000,-227.005,-260.458,10.4567,10.396,10.328,86.5643,2.10426,2.21875,6.96646,8.6307,617.27,617.42,1.49031,2.00228,2.96508,6.77456,10.2732,15.6322,15.6322,0.0,1.0,1
83988,31.05.2024 06:09:47.170000,-227.005,-260.458,10.4567,10.396,10.328,86.5643,2.10426,2.21875,6.96646,8.6307,617.27,617.42,1.49031,2.00228,2.96508,6.77456,10.2732,15.6322,15.6322,0.0,1.0,1
83989,31.05.2024 06:09:47.180000,-233.267,-265.073,10.4508,10.351,10.382,86.5142,2.11815,2.21584,8.6011,9.64973,617.275,617.415,1.37788,1.98205,2.91028,6.78243,10.2738,15.6322,15.6322,0.0,1.0,1
83990,31.05.2024 06:09:47.190000,-234.009,-263.672,10.4512,10.384,10.383,86.534,2.09871,2.21202,10.8493,10.579,617.26,617.42,1.25809,1.9899,2.84399,6.74184,10.2755,15.5744,15.5744,0.0,1.0,1
83991,31.05.2024 06:09:47.200000,-234.009,-263.672,10.4512,10.384,10.383,86.534,2.09871,2.21202,10.8493,10.579,617.26,617.42,1.25809,1.9899,2.84399,6.74184,10.2755,15.5744,15.5744,0.0,1.0,1
83992,31.05.2024 06:09:47.210000,-238.623,-267.297,10.4418,10.419,10.427,86.5564,2.07068,2.21205,10.0783,8.45776,617.255,617.415,1.17648,1.87588,2.70677,6.60191,10.2755,15.5888,15.5888,0.0,1.0,1
83993,31.05.2024 06:09:47.220000,-238.623,-267.297,10.4418,10.419,10.427,86.5564,2.07068,2.21205,10.0783,8.45776,617.255,617.415,1.17648,1.87588,2.70677,6.60191,10.2755,15.5888,15.5888,0.0,1.0,1
83994,31.05.2024 06:09:47.230000,-233.926,-261.859,10.4321,10.397,10.391,86.5719,2.05986,2.21451,7.25821,7.13147,617.25,617.405,0.895032,1.87393,2.72479,6.66411,10.2765,15.4369,15.4369,0.0,1.0,1
83995,31.05.2024 06:09:47.240000,-235.739,-263.26,10.4369,10.413,10.367,86.5907,2.09749,2.21253,7.40784,8.717,617.245,617.42,0.800164,1.86102,2.67086,6.68695,10.2767,15.4369,15.4369,0.0,1.0,1
83996,31.05.2024 06:09:47.250000,-231.784,-263.26,10.4502,10.413,10.372,86.6118,2.1145,2.21504,7.08696,8.66646,617.245,617.435,0.641963,1.86718,2.70197,6.67729,10.2767,15.7407,15.7407,0.0,1.0,1
83997,31.05.2024 06:09:47.260000,-236.398,-269.44,10.4502,10.356,10.355,86.6164,2.13288,2.21703,7.97773,7.54927,617.245,617.43,0.549564,1.99599,2.63545,6.63524,10.2772,15.7407,15.7407,0.0,1.0,1
83998,31.05.2024 06:09:47.270000,-236.398,-269.44,10.4502,10.356,10.355,86.6164,2.13288,2.21703,7.97773,7.54927,617.245,617.43,0.549564,1.99599,2.63545,6.63524,10.2772,15.7407,15.7407,0.0,1.0,1
83999,31.05.2024 06:09:47.280000,-236.398,-269.44,10.4477,10.356,10.355,86.6164,2.14391,2.22067,10.7466,9.81871,617.245,617.43,0.480989,2.03739,2.76132,6.71823,10.2781,15.7914,15.7914,0.0,1.0,1
