,time,Pinceur Inf Mesure de courant,Pinceur Sup Mesure de courant,Mandrin - Vitesse Actuelle,Pinceur Sup Mesure vitesse lineaire,Pinceur Inf Mesure vitesse lineaire,Mandrin - Mesure Expansion,Pinceur Nord Position entrefer estimee,Pinceur Sud Position entrefer estimee,Pinceur Nord Force entrefer calibree,Pinceur Sud Force entrefer calibree,Guides Nord Entree Position mesuree,Guides Nord Sortie Position mesuree,Guides Nord Entree Force pour regulateur PI,Guides Nord Sortie Force pour regulateur PI,Guides Sud Entree Force pour regulateur PI,Guides Sud Sortie Force pour regulateur PI,Mandrin - Vitesse Actuelle F10,_Excentrage largeur bande jauge bob,_Excentrage largeur bande jauge bob.1,TDB pinceur,Fenetre,Declancheur
114600,31.05.2024 14:12:10.710000,135.214,30.9814,6.72109,6.91,6.678,40.6546,4.93695,4.26198,35.8873,35.385,493.795,494.76,4.43638,7.56955,-0.0843906,-0.0116699,5.84518,47.309,47.309,1.0,1.0,1
114601,31.05.2024 14:12:10.720000,135.214,30.9814,6.72109,6.91,6.678,40.6546,4.93695,4.26198,35.8873,35.385,493.795,494.76,4.43638,7.56955,-0.0843906,-0.0116699,5.84518,47.309,47.309,1.0,1.0,1
114602,31.05.2024 14:12:10.730000,135.214,30.9814,6.7199,6.91,6.678,40.7414,5.12518,4.29304,51.9573,29.6721,492.06,492.995,4.37963,7.56798,-0.0875683,-0.0477264,5.84587,46.6652,46.6652,1.0,1.0,1
114603,31.05.2024 14:12:10.740000,224.78,138.675,6.71831,6.731,6.38,40.6432,5.08547,4.45003,61.366,29.0626,490.33,491.26,4.46324,7.51611,-0.0355663,-0.0133827,5.84627,46.6652,46.6652,1.0,1.0,1
114604,31.05.2024 14:12:10.750000,224.78,138.675,6.71831,6.731,6.38,40.6432,5.08547,4.45003,61.366,29.0626,490.33,491.26,4.46324,7.51611,-0.0355663,-0.0133827,5.84627,46.6652,46.6652,1.0,1.0,1
114605,31.05.2024 14:12:10.760000,405.148,228.57,6.71914,6.601,6.101,40.6751,4.93087,4.51362,57.6268,53.5654,488.61,489.52,4.66187,7.49458,-0.0476131,-0.0572879,5.84634,46.6652,46.6652,1.0,1.0,1
114606,31.05.2024 14:12:10.770000,512.924,255.679,6.71754,6.627,5.866,40.5805,4.44235,4.60879,44.4724,59.9178,486.945,487.81,4.60172,6.81927,-0.102373,-0.0222023,5.84689,46.7954,46.7954,1.0,1.0,1
114607,31.05.2024 14:12:10.780000,619.711,291.605,6.72156,6.516,5.756,40.5775,4.3368,4.61536,44.4724,59.9178,486.945,487.81,4.53268,5.97789,-0.142286,-0.103949,5.84795,47.3886,47.3886,1.0,1.0,1
114608,31.05.2024 14:12:10.790000,662.97,404.242,6.72156,6.27,5.755,40.5775,4.25313,4.59341,28.915,50.4881,485.365,486.26,4.53268,5.97789,-0.142286,-0.103949,5.84795,47.3524,47.3524,1.0,1.0,1
114609,31.05.2024 14:12:10.800000,662.97,404.242,6.71992,6.27,5.755,40.5594,4.2293,4.55943,20.6244,47.2642,483.825,484.725,4.45267,6.01887,-0.140539,-0.122412,5.84949,47.3524,47.3524,1.0,1.0,1
114610,31.05.2024 14:12:10.810000,654.318,546.707,6.72095,6.066,5.862,40.4874,4.26816,4.49702,20.6244,47.2642,483.825,484.725,4.45267,6.01887,-0.140539,-0.122412,5.84949,47.2656,47.2656,1.0,1.0,1
114611,31.05.2024 14:12:10.820000,654.318,546.707,6.72095,6.066,5.862,40.4874,4.26816,4.49702,20.6244,47.2642,483.825,484.725,4.45267,6.01887,-0.140539,-0.122412,5.84949,47.2656,47.2656,1.0,1.0,1
114612,31.05.2024 14:12:10.830000,654.318,613.367,6.72095,6.062,5.862,40.4874,4.34963,4.31635,23.6275,50.066,482.345,483.115,4.38679,6.05638,-0.170691,-0.21036,5.85015,48.3941,48.3941,1.0,1.0,1
114613,31.05.2024 14:12:10.840000,667.172,631.082,6.72114,6.07,5.895,40.577,4.4469,4.19671,27.8054,29.7655,480.86,481.565,4.56868,5.79807,-0.143114,-0.223935,5.85076,46.8099,46.8099,1.0,1.0,1
114614,31.05.2024 14:12:10.850000,667.172,631.082,6.72114,6.07,5.895,40.577,4.4469,4.19671,27.8054,29.7655,480.86,481.565,4.56868,5.79807,-0.143114,-0.223935,5.85076,46.8099,46.8099,1.0,1.0,1
114615,31.05.2024 14:12:10.860000,667.172,631.082,6.72473,6.07,5.895,40.577,4.46145,4.15775,33.0378,21.691,479.38,480.055,4.94493,5.82768,-0.0710506,-0.265164,5.85165,46.8895,46.8895,1.0,1.0,1
114616,31.05.2024 14:12:10.870000,694.116,710.595,6.72396,5.809,5.893,40.5776,4.44351,4.11275,35.5953,27.4346,477.87,478.51,5.28453,6.19811,-0.123022,-0.273667,5.85227,47.1788,47.1788,1.0,1.0,1
114617,31.05.2024 14:12:10.880000,694.116,710.595,6.72335,5.809,5.893,40.543,4.41935,4.09291,33.3622,23.3333,476.32,476.9,5.78041,6.62186,-0.115519,-0.36468,5.8523,47.1788,47.1788,1.0,1.0,1
114618,31.05.2024 14:12:10.890000,704.416,715.21,6.71843,5.841,5.846,40.5356,4.39565,4.08487,33.3622,23.3333,476.32,476.9,5.78041,6.62186,-0.115519,-0.36468,5.8523,48.3579,48.3579,1.0,1.0,1
114619,31.05.2024 14:12:10.900000,704.416,715.21,6.71843,5.841,5.846,40.5356,4.32972,4.0938,29.7104,13.7336,474.73,475.285,6.05594,6.69571,-0.103491,-0.326855,5.85255,48.3579,48.3579,1.0,1.0,1
114620,31.05.2024 14:12:10.910000,704.416,715.21,6.71843,5.841,5.846,40.5356,4.32972,4.0938,29.7104,13.7336,474.73,475.285,6.05594,6.69571,-0.103491,-0.326855,5.85255,48.3579,48.3579,1.0,1.0,1
114621,31.05.2024 14:12:10.920000,692.138,703.344,6.72604,5.901,5.809,40.5994,4.29729,4.10775,29.1133,20.4525,473.09,473.625,6.20381,6.84767,-0.0683384,-0.347497,5.8531,48.5966,48.5966,1.0,1.0,1
114622,31.05.2024 14:12:10.930000,693.457,707.3,6.72706,5.829,5.797,40.6267,4.19986,4.17725,26.9818,28.132,471.445,471.995,6.05966,6.91604,-0.152117,-0.357159,5.85376,48.5966,48.5966,1.0,1.0,1
114623,31.05.2024 14:12:10.940000,684.887,702.932,6.72646,5.732,5.802,40.6488,4.17811,4.20059,26.9818,28.132,471.445,471.995,5.83288,7.04809,-0.111992,-0.369349,5.85374,48.3652,48.3652,1.0,1.0,1
114624,31.05.2024 14:12:10.950000,689.831,696.505,6.72646,5.776,5.787,40.6488,4.16764,4.22249,24.5204,26.4026,469.79,470.345,5.83288,7.04809,-0.111992,-0.369349,5.85374,49.1392,49.1392,1.0,1.0,1
114625,31.05.2024 14:12:10.960000,689.831,696.505,6.72553,5.776,5.787,40.6375,4.16293,4.2388,24.2049,28.7691,468.155,468.69,5.61446,7.17046,-0.0849285,-0.381799,5.85406,49.1392,49.1392,1.0,1.0,1
114626,31.05.2024 14:12:10.970000,689.831,696.505,6.72553,5.776,5.787,40.6375,4.16293,4.2388,24.2049,28.7691,468.155,468.69,5.61446,7.17046,-0.0849285,-0.381799,5.85406,49.1392,49.1392,1.0,1.0,1
114627,31.05.2024 14:12:10.980000,692.386,684.146,6.71679,5.841,5.814,40.6566,4.16406,4.25349,24.206,33.7863,466.515,467.04,5.49628,7.19717,-0.0947704,-0.30106,5.85406,49.1392,49.1392,1.0,1.0,1
114628,31.05.2024 14:12:10.990000,692.386,684.146,6.71679,5.841,5.814,40.6566,4.16406,4.25349,24.206,33.7863,466.515,467.04,5.49628,7.19717,-0.0947704,-0.30106,5.85406,49.1392,49.1392,1.0,1.0,1
114629,31.05.2024 14:12:11.000000,686.206,705.157,6.73006,5.845,5.84,40.7571,4.1782,4.25134,24.862,31.8686,464.865,465.415,5.61925,7.20842,-0.235453,-0.355796,5.85504,49.3417,49.3417,1.0,1.0,1
114630,31.05.2024 14:12:11.010000,689.502,696.67,6.72907,5.806,5.855,40.6034,4.15418,4.20978,25.6095,31.3996,463.205,463.77,5.68839,7.47256,-0.251747,-0.360144,5.85495,49.5009,49.5009,1.0,1.0,1
114631,31.05.2024 14:12:11.020000,689.502,696.67,6.72907,5.806,5.855,40.6034,4.15418,4.20978,25.6095,31.3996,463.205,463.77,5.68839,7.47256,-0.251747,-0.360144,5.85495,49.5009,49.5009,1.0,1.0,1
114632,31.05.2024 14:12:11.030000,690.49,689.584,6.73246,5.847,5.857,40.6702,4.13351,4.20211,25.0421,29.2986,461.55,462.075,5.78932,7.71478,-0.228718,-0.385527,5.85493,49.5009,49.5009,1.0,1.0,1
114633,31.05.2024 14:12:11.040000,690.49,689.584,6.73246,5.847,5.857,40.6702,4.13351,4.20211,25.0421,29.2986,461.55,462.075,5.78932,7.71478,-0.228718,-0.385527,5.85493,49.5009,49.5009,1.0,1.0,1
114634,31.05.2024 14:12:11.050000,692.88,701.037,6.73323,5.916,5.89,40.7033,4.0814,4.18958,21.2274,27.4527,459.93,460.425,5.86962,7.7824,-0.189165,-0.273911,5.85516,49.5009,49.5009,1.0,1.0,1
114635,31.05.2024 14:12:11.060000,690.655,690.49,6.72688,5.874,5.896,40.6537,4.05716,4.17817,20.9088,28.13,458.26,458.765,6.22105,7.86796,-0.157137,-0.27294,5.85521,49.5009,49.5009,1.0,1.0,1
114636,31.05.2024 14:12:11.070000,691.479,690.49,6.7294,5.874,5.921,40.6695,4.0684,4.17747,22.1902,28.109,456.57,457.065,6.40928,8.00449,-0.0924892,-0.302445,5.85524,49.4068,49.4068,1.0,1.0,1
114637,31.05.2024 14:12:11.080000,691.479,690.49,6.7294,5.874,5.921,40.6864,4.08805,4.17852,22.1902,28.109,456.57,457.065,6.40928,8.00449,-0.0924892,-0.302445,5.85524,49.9132,49.9132,1.0,1.0,1
114638,31.05.2024 14:12:11.090000,691.479,690.49,6.7294,5.874,5.921,40.6864,4.08805,4.17852,22.1902,28.109,456.57,457.065,6.40928,8.00449,-0.0924892,-0.302445,5.85524,49.9132,49.9132,1.0,1.0,1
114639,31.05.2024 14:12:11.100000,685.794,684.228,6.72705,5.872,5.886,40.6864,4.11011,4.18369,21.8994,27.7696,454.92,455.38,6.51353,7.74572,-0.133053,-0.349086,5.85527,49.7106,49.7106,1.0,1.0,1
114640,31.05.2024 14:12:11.110000,685.794,684.228,6.72705,5.872,5.886,40.6864,4.11011,4.18369,21.8994,27.7696,454.92,455.38,6.51353,7.74572,-0.133053,-0.349086,5.85527,49.7106,49.7106,1.0,1.0,1
114641,31.05.2024 14:12:11.120000,695.929,686.618,6.73311,5.936,5.894,40.5919,4.17799,4.20126,25.0565,28.5781,453.265,453.705,6.67388,7.62301,-0.0799675,-0.385676,5.85589,48.3073,48.3073,1.0,1.0,1
114642,31.05.2024 14:12:11.130000,695.929,686.618,6.73311,5.936,5.894,40.5919,4.17799,4.20126,25.0565,28.5781,453.265,453.705,6.67388,7.62301,-0.0799675,-0.385676,5.85589,48.3073,48.3073,1.0,1.0,1
114643,31.05.2024 14:12:11.140000,687.854,699.719,6.73707,5.866,5.896,40.6014,4.1939,4.20349,26.8088,31.1029,451.615,452.01,6.75931,7.48632,-0.063942,-0.293153,5.85587,48.2928,48.2928,1.0,1.0,1
114644,31.05.2024 14:12:11.150000,680.932,689.419,6.73943,5.865,5.877,40.6262,4.16543,4.20588,27.7005,31.1384,448.36,448.75,7.06013,7.5825,-0.0520611,-0.208907,5.85676,46.6652,46.6652,1.0,1.0,1
114645,31.05.2024 14:12:11.160000,680.932,689.419,6.73943,5.865,5.877,40.6262,4.16543,4.20588,27.7005,31.1384,448.36,448.75,7.06013,7.5825,-0.0520611,-0.208907,5.85676,46.6652,46.6652,1.0,1.0,1
114646,31.05.2024 14:12:11.170000,687.689,689.667,6.73943,5.917,5.89,40.6362,4.13936,4.20612,26.4026,30.587,446.72,447.12,7.25575,7.82518,-0.0511189,-0.232533,5.85676,45.081,45.081,1.0,1.0,1
114647,31.05.2024 14:12:11.180000,692.715,697.741,6.7402,5.918,5.873,40.6217,4.04597,4.17988,26.4026,30.587,446.72,447.12,7.25575,7.82518,-0.0511189,-0.232533,5.85717,43.8151,43.8151,1.0,1.0,1
114648,31.05.2024 14:12:11.190000,692.798,704.91,6.7402,5.857,5.872,40.6217,4.01542,4.16745,23.0031,26.4855,445.035,445.475,7.71329,8.22435,0.025238,-0.239081,5.85717,42.1875,42.1875,1.0,1.0,1
114649,31.05.2024 14:12:11.200000,692.798,704.91,6.7388,5.857,5.872,40.5657,3.9865,4.15527,20.3326,24.7127,443.365,443.835,7.83093,8.60213,0.0425167,-0.189627,5.85753,42.1875,42.1875,1.0,1.0,1
114650,31.05.2024 14:12:11.210000,686.041,687.277,6.73942,5.852,5.854,40.6671,3.96477,4.14666,20.3326,24.7127,443.365,443.835,7.83093,8.60213,0.0425167,-0.189627,5.85753,42.1875,42.1875,1.0,1.0,1
114651,31.05.2024 14:12:11.220000,686.041,687.277,6.73942,5.852,5.854,40.6671,3.94395,4.12392,17.873,26.7055,441.67,442.175,7.92532,9.04405,0.0536175,-0.199425,5.85816,42.1875,42.1875,1.0,1.0,1
114652,31.05.2024 14:12:11.230000,686.041,687.277,6.73942,5.852,5.854,40.6671,3.94395,4.12392,17.873,26.7055,441.67,442.175,7.92532,9.04405,0.0536175,-0.199425,5.85816,42.1875,42.1875,1.0,1.0,1
114653,31.05.2024 14:12:11.240000,689.007,686.7,6.74015,5.882,5.858,40.6482,3.94834,4.1043,18.8019,25.769,439.97,440.535,8.00733,9.48116,-0.0108852,-0.233977,5.85846,42.2237,42.2237,1.0,1.0,1
114654,31.05.2024 14:12:11.250000,689.007,686.7,6.74015,5.882,5.858,40.6482,3.94834,4.1043,18.8019,25.769,439.97,440.535,8.00733,9.48116,-0.0108852,-0.233977,5.85846,42.2237,42.2237,1.0,1.0,1
114655,31.05.2024 14:12:11.260000,682.416,689.584,6.73934,5.914,5.885,40.6614,3.9522,4.02996,17.6343,20.8073,438.27,438.89,7.95334,9.9494,0.0772629,-0.188184,5.85886,37.1094,37.1094,1.0,1.0,1
114656,31.05.2024 14:12:11.270000,691.067,682.416,6.7472,5.96,5.964,40.5971,3.96398,4.02495,18.3001,14.1732,436.55,437.265,7.73822,10.1923,0.0770893,-0.247872,5.85923,33.9627,33.9627,1.0,1.0,1
114657,31.05.2024 14:12:11.280000,691.067,682.416,6.7472,5.96,5.964,40.5971,3.96398,4.02495,18.3001,14.1732,436.55,437.265,7.73822,10.1923,0.0770893,-0.247872,5.85923,33.9627,33.9627,1.0,1.0,1
114658,31.05.2024 14:12:11.290000,691.067,682.416,6.74207,5.96,5.964,40.547,3.98821,4.02317,19.2062,22.6806,434.82,435.615,7.50578,10.5353,0.0796776,-0.232867,5.85956,27.3004,27.3004,1.0,1.0,1
114659,31.05.2024 14:12:11.300000,688.348,669.891,6.72488,6.068,5.955,40.6016,4.07265,4.05472,23.4079,21.7892,433.155,434.01,7.13602,10.8677,0.151272,-0.191378,5.8597,27.3004,27.3004,1.0,1.0,1
114660,31.05.2024 14:12:11.310000,693.457,668.161,6.70142,6.055,5.925,40.702,4.08953,4.07805,24.1009,21.0461,431.5,432.435,6.94403,11.3518,0.105875,-0.143067,5.85993,27.3004,27.3004,1.0,1.0,1
114661,31.05.2024 14:12:11.320000,690.985,691.314,6.70142,5.937,5.923,40.645,4.08444,4.09897,24.1009,21.0461,431.5,432.435,6.94403,11.3518,0.105875,-0.143067,5.85993,26.4974,26.4974,1.0,1.0,1
114662,31.05.2024 14:12:11.330000,690.985,691.314,6.70982,5.937,5.923,40.645,4.06332,4.11947,24.8202,23.5628,429.795,430.835,7.07416,12.037,0.111486,-0.188464,5.86049,26.4974,26.4974,1.0,1.0,1
114663,31.05.2024 14:12:11.340000,692.221,683.487,6.71197,5.896,5.925,40.6828,3.98863,4.14411,24.8202,23.5628,429.795,430.835,7.07416,12.037,0.111486,-0.188464,5.86097,20.9635,20.9635,1.0,1.0,1
114664,31.05.2024 14:12:11.350000,693.457,686.618,6.71197,5.977,5.957,40.6828,3.9518,4.12948,23.3138,27.9622,428.135,429.25,6.98552,12.8427,0.102264,-0.196584,5.86097,18.5258,18.5258,1.0,1.0,1
114665,31.05.2024 14:12:11.360000,693.457,686.618,6.73554,5.977,5.957,40.5765,3.91865,4.11163,19.0526,25.9085,426.455,427.63,7.03509,13.5049,0.0432262,-0.236424,5.86141,18.5258,18.5258,1.0,1.0,1
114666,31.05.2024 14:12:11.370000,695.022,682.004,6.73447,6.065,5.946,40.5809,3.8889,4.1053,19.0526,25.9085,426.455,427.63,7.03509,13.5049,0.0432262,-0.236424,5.86141,18.5258,18.5258,1.0,1.0,1
114667,31.05.2024 14:12:11.380000,695.022,682.004,6.73447,6.065,5.946,40.5809,3.86431,4.092,17.2482,19.8626,424.8,426.0,6.93021,13.976,0.0366554,-0.289239,5.86178,18.5258,18.5258,1.0,1.0,1
114668,31.05.2024 14:12:11.390000,696.341,683.24,6.67993,6.038,5.935,40.5843,3.87058,4.07084,15.0292,24.5645,423.08,424.415,6.91665,14.3212,0.0664406,-0.300351,5.86237,15.748,15.748,1.0,1.0,1
114669,31.05.2024 14:12:11.400000,696.341,683.24,6.67993,6.038,5.935,40.6164,3.88534,4.05799,15.0292,24.5645,423.08,424.415,6.91665,14.3212,0.0664406,-0.300351,5.86237,12.3915,12.3915,1.0,1.0,1
114670,31.05.2024 14:12:11.410000,687.607,688.431,6.66959,5.936,5.856,40.6164,3.90539,4.05393,17.5049,21.7803,421.4,422.84,6.76289,14.9182,0.108765,-0.316989,5.86295,12.3915,12.3915,1.0,1.0,1
114671,31.05.2024 14:12:11.420000,683.322,684.228,6.6901,5.95,5.846,40.5839,3.95568,4.04294,17.5049,21.7803,421.4,422.84,6.73551,15.5112,0.104103,-0.267558,5.86327,12.3119,12.3119,1.0,1.0,1
114672,31.05.2024 14:12:11.430000,690.243,688.925,6.6901,5.988,5.843,40.5839,3.97732,4.04324,20.2041,17.7876,419.875,421.28,6.73551,15.5112,0.104103,-0.267558,5.86327,8.29717,8.29717,1.0,1.0,1
114673,31.05.2024 14:12:11.440000,690.243,688.925,6.6901,5.988,5.843,40.5839,3.97732,4.04324,20.2041,17.7876,419.875,421.28,6.73551,15.5112,0.104103,-0.267558,5.86327,8.29717,8.29717,1.0,1.0,1
114674,31.05.2024 14:12:11.450000,690.243,688.925,6.71019,5.988,5.843,40.6588,3.98939,4.05816,21.5789,18.8114,418.305,419.74,7.48611,16.1834,0.309315,-0.283629,5.86361,4.81771,4.81771,1.0,1.0,1
114675,31.05.2024 14:12:11.460000,686.206,695.682,6.74695,5.934,5.863,40.6952,3.99383,4.08019,23.2001,25.0815,416.78,418.2,8.3294,17.088,0.84362,-0.280535,5.86396,4.81771,4.81771,1.0,1.0,1
114676,31.05.2024 14:12:11.470000,690.655,684.063,6.71729,5.904,5.865,40.6806,3.96913,4.08052,24.0131,23.5222,415.335,416.745,9.50481,17.9485,2.17134,-0.301722,5.86432,2.15568,2.15568,1.0,1.0,1
114677,31.05.2024 14:12:11.480000,689.996,681.592,6.71729,5.912,5.885,40.6219,3.9352,4.07386,24.0131,23.5222,415.335,416.745,9.50481,17.9485,2.17134,-0.301722,5.86432,0.144675,0.144675,1.0,1.0,1
114678,31.05.2024 14:12:11.490000,689.996,681.592,6.6914,5.912,5.885,40.6219,3.89785,4.0594,20.1095,20.4151,413.76,415.285,10.9736,19.2814,3.9189,-0.325589,5.86475,0.144675,0.144675,1.0,1.0,1
114679,31.05.2024 14:12:11.500000,683.816,682.168,6.69664,5.955,5.918,40.6298,3.82042,4.05341,20.1095,20.4151,413.76,415.285,10.9736,19.2814,3.9189,-0.325589,5.86498,-1.27315,-1.27315,1.0,1.0,1
114680,31.05.2024 14:12:11.510000,687.442,692.88,6.69664,5.989,5.961,40.6298,3.80692,4.04689,14.878,18.0827,412.27,413.88,11.987,20.7026,4.9109,-0.29926,5.86498,-3.21904,-3.21904,1.0,1.0,1
114681,31.05.2024 14:12:11.520000,687.442,692.88,6.69664,5.989,5.961,40.6298,3.80692,4.04689,14.878,18.0827,412.27,413.88,11.987,20.7026,4.9109,-0.29926,5.86498,-3.21904,-3.21904,1.0,1.0,1
114682,31.05.2024 14:12:11.530000,687.442,692.88,6.71181,5.989,5.961,40.6338,3.80845,4.02238,16.706,23.2606,410.705,412.48,13.2747,22.3807,6.30616,-0.315196,5.86525,-3.24074,-3.24074,1.0,1.0,1
114683,31.05.2024 14:12:11.540000,687.607,685.876,6.65089,5.999,5.963,40.64,3.87989,3.98562,17.0103,16.1224,409.07,411.045,13.8205,23.513,7.91863,-0.324574,5.86548,-3.24074,-3.24074,1.0,1.0,1
114684,31.05.2024 14:12:11.550000,691.809,683.075,6.65123,6.034,5.976,40.7208,3.91216,3.98101,18.5868,15.6073,407.685,409.84,13.1529,22.7843,8.56708,-0.189635,5.86589,-3.24074,-3.24074,1.0,1.0,1
114685,31.05.2024 14:12:11.560000,691.809,683.075,6.65123,6.034,5.976,40.9411,3.93645,3.97536,18.5868,15.6073,407.685,409.84,13.1529,22.7843,8.56708,-0.189635,5.86589,-4.68026,-4.68026,1.0,1.0,1
114686,31.05.2024 14:12:11.570000,684.97,686.288,6.64557,6.052,5.946,40.9411,3.94578,3.97842,22.2686,18.4261,407.255,409.4,7.13373,14.9071,9.37302,-0.0870769,5.86642,-4.68026,-4.68026,1.0,1.0,1
114687,31.05.2024 14:12:11.580000,682.992,690.078,6.65687,6.023,5.932,41.46,3.93153,3.98742,22.2686,18.4261,407.255,409.4,5.63047,13.3739,10.6598,0.313379,5.86662,-6.40191,-6.40191,1.0,1.0,1
114688,31.05.2024 14:12:11.590000,693.045,690.573,6.65687,5.981,5.943,41.46,3.91328,3.98191,22.1055,17.3425,407.27,410.165,5.63047,13.3739,10.6598,0.313379,5.86662,-6.40191,-6.40191,1.0,1.0,1
114689,31.05.2024 14:12:11.600000,693.045,690.573,6.65687,5.981,5.943,41.46,3.91328,3.98191,22.1055,17.3425,407.27,410.165,5.63047,13.3739,10.6598,0.313379,5.86662,-6.40191,-6.40191,1.0,1.0,1
114690,31.05.2024 14:12:11.610000,693.045,690.573,6.59681,5.981,5.943,42.0968,3.88436,3.9867,19.8334,15.4941,407.185,410.4,3.37257,18.69,11.7095,0.940591,5.86704,-6.46701,-6.46701,1.0,1.0,1
114691,31.05.2024 14:12:11.620000,687.689,682.91,6.5806,6.004,5.89,42.8081,3.82595,4.00754,18.2131,20.4761,407.76,410.275,1.9957,19.1416,12.0513,1.67362,5.86748,-6.46701,-6.46701,1.0,1.0,1
114692,31.05.2024 14:12:11.630000,666.513,692.715,6.60611,6.036,5.845,43.7054,3.82833,4.01366,18.3177,21.9842,407.95,410.395,4.46852,17.9122,11.3734,2.07741,5.86823,-6.03299,-6.03299,1.0,1.0,1
114693,31.05.2024 14:12:11.640000,666.513,692.715,6.60611,6.036,5.845,44.7102,3.84005,4.02964,18.3177,21.9842,407.95,410.395,4.46852,17.9122,11.3734,2.07741,5.86823,-6.03299,-6.03299,1.0,1.0,1
114694,31.05.2024 14:12:11.650000,627.868,690.655,6.62621,6.002,5.834,44.7102,3.86137,4.03687,19.3201,18.8423,408.08,410.535,6.58763,18.4795,10.4206,2.63834,5.86856,-6.03299,-6.03299,1.0,1.0,1
114695,31.05.2024 14:12:11.660000,628.198,695.517,6.58615,5.947,5.895,45.7855,3.90883,4.01347,19.3201,18.8423,408.08,410.535,6.58763,18.4795,10.4206,2.63834,5.86924,-5.25174,-5.25174,1.0,1.0,1
114696,31.05.2024 14:12:11.670000,578.43,670.221,6.58615,5.928,5.9,45.7855,3.91628,4.00617,20.4963,20.4355,407.775,410.61,8.94299,17.2566,9.32022,3.10916,5.86924,-4.81047,-4.81047,1.0,1.0,1
114697,31.05.2024 14:12:11.680000,578.43,670.221,6.56727,5.928,5.9,46.8493,3.92056,4.00688,22.3692,18.2565,407.51,410.8,8.47465,15.3946,8.09949,3.58421,5.86974,-4.81047,-4.81047,1.0,1.0,1
114698,31.05.2024 14:12:11.690000,571.673,642.206,6.53066,6.009,5.989,47.9083,3.91592,4.00612,22.3692,18.2565,407.51,410.8,8.47465,15.3946,8.09949,3.58421,5.86974,-5.2011,-5.2011,1.0,1.0,1
114699,31.05.2024 14:12:11.700000,571.673,642.206,6.53066,6.009,5.989,47.9083,3.91277,3.99107,22.5712,17.9958,407.4,411.12,7.24449,14.4337,7.09258,3.91317,5.87004,-5.2011,-5.2011,1.0,1.0,1
114700,31.05.2024 14:12:11.710000,556.347,625.397,6.51125,6.06,5.941,48.9393,3.90442,3.99059,23.7271,20.1235,407.385,411.445,5.46282,13.8097,7.35547,4.26871,5.87017,-5.2011,-5.2011,1.0,1.0,1
114701,31.05.2024 14:12:11.720000,560.303,619.382,6.51125,6.035,5.887,50.114,3.90628,3.98839,23.7271,20.1235,407.385,411.445,5.46282,13.8097,7.35547,4.26871,5.87017,-4.50666,-4.50666,1.0,1.0,1
114702,31.05.2024 14:12:11.730000,560.303,619.382,6.50628,6.035,5.887,50.114,3.90803,3.9849,21.5984,17.6595,407.535,411.715,4.33354,13.3156,8.0393,4.64622,5.8705,-4.50666,-4.50666,1.0,1.0,1
114703,31.05.2024 14:12:11.740000,551.98,607.763,6.53326,5.962,5.89,51.2606,3.887,3.96878,21.5984,17.6595,407.535,411.715,4.53312,13.004,7.93792,4.92185,5.87071,-4.49942,-4.49942,1.0,1.0,1
114704,31.05.2024 14:12:11.750000,564.752,607.599,6.53326,5.972,5.941,51.2606,3.85781,3.96246,21.7341,14.7769,407.675,411.9,4.53312,13.004,7.93792,4.92185,5.87071,-3.34925,-3.34925,1.0,1.0,1
114705,31.05.2024 14:12:11.760000,564.752,607.599,6.5433,5.972,5.941,52.403,3.83141,3.95217,19.2038,14.7929,407.71,412.1,5.37114,12.0429,7.69148,4.98735,5.87134,-3.34925,-3.34925,1.0,1.0,1
114706,31.05.2024 14:12:11.770000,547.696,599.853,6.47532,6.038,6.009,53.5252,3.80553,3.93617,19.2038,14.7929,407.71,412.1,5.37114,12.0429,7.69148,4.98735,5.87134,-3.2552,-3.2552,1.0,1.0,1
114707,31.05.2024 14:12:11.780000,547.696,599.853,6.47532,6.038,6.009,53.5252,3.7738,3.9124,16.4007,14.2832,407.685,412.34,6.00792,10.8993,7.5458,4.96187,5.8715,-3.2552,-3.2552,1.0,1.0,1
114708,31.05.2024 14:12:11.790000,569.778,598.782,6.41892,6.165,6.007,54.823,3.76296,3.90207,16.6482,11.2184,407.6,412.63,6.38739,10.3288,7.23597,5.00446,5.87181,-4.13773,-4.13773,1.0,1.0,1
114709,31.05.2024 14:12:11.800000,564.258,605.868,6.41892,6.161,6.003,56.0537,3.77906,3.89727,16.6482,11.2184,407.6,412.63,6.38739,10.3288,7.23597,5.00446,5.87181,-4.60069,-4.60069,1.0,1.0,1
114710,31.05.2024 14:12:11.810000,564.258,605.868,6.4474,6.161,6.003,56.0537,3.80902,3.89769,15.331,9.89126,407.55,412.855,6.03708,9.82882,6.8725,5.15032,5.87241,-4.60069,-4.60069,1.0,1.0,1
114711,31.05.2024 14:12:11.820000,564.258,605.868,6.4474,6.161,6.003,56.0537,3.80902,3.89769,15.331,9.89126,407.55,412.855,6.03708,9.82882,6.8725,5.15032,5.87241,-4.60069,-4.60069,1.0,1.0,1
114712,31.05.2024 14:12:11.830000,565.823,609.082,6.50355,6.126,5.96,57.2137,3.89361,3.92924,21.1098,14.6937,407.51,413.035,5.83311,9.48357,6.31588,5.20207,5.87292,-4.5573,-4.5573,1.0,1.0,1
114713,31.05.2024 14:12:11.840000,565.823,609.082,6.50355,6.126,5.96,57.2137,3.89361,3.92924,21.1098,14.6937,407.51,413.035,5.83311,9.48357,6.31588,5.20207,5.87292,-4.5573,-4.5573,1.0,1.0,1
114714,31.05.2024 14:12:11.850000,557.336,615.756,6.46604,6.099,5.973,58.3592,3.96052,3.9227,25.035,15.2537,407.525,413.215,5.21486,9.035,5.83162,5.04656,5.8731,-4.5573,-4.5573,1.0,1.0,1
114715,31.05.2024 14:12:11.860000,557.336,615.756,6.46604,6.099,5.973,58.3592,3.96052,3.9227,25.035,15.2537,407.525,413.215,5.21486,9.035,5.83162,5.04656,5.8731,-4.5573,-4.5573,1.0,1.0,1
114716,31.05.2024 14:12:11.870000,559.396,606.61,6.4353,6.082,5.988,59.4596,3.9567,3.91915,27.1133,12.0074,407.6,413.405,5.05772,8.59914,5.78615,4.86765,5.87335,-4.55005,-4.55005,1.0,1.0,1
114717,31.05.2024 14:12:11.880000,559.396,606.61,6.4353,6.082,5.988,59.4596,3.9567,3.91915,27.1133,12.0074,407.6,413.405,5.05772,8.59914,5.78615,4.86765,5.87335,-4.55005,-4.55005,1.0,1.0,1
114718,31.05.2024 14:12:11.890000,571.838,605.786,6.41147,6.105,6.022,61.9338,3.90217,3.93435,25.1173,14.2533,407.615,413.54,5.45367,8.41638,5.74547,4.75658,5.8741,-3.39989,-3.39989,1.0,1.0,1
114719,31.05.2024 14:12:11.900000,571.838,605.786,6.41147,6.105,6.022,61.9338,3.90217,3.93435,25.1173,14.2533,407.615,413.54,5.45367,8.41638,5.74547,4.75658,5.8741,-3.39989,-3.39989,1.0,1.0,1
114720,31.05.2024 14:12:11.910000,569.531,606.61,6.34041,6.11,5.969,63.1272,3.80594,3.93681,22.732,18.6818,407.595,413.64,6.00337,7.53779,6.03221,4.73959,5.87502,-3.38542,-3.38542,1.0,1.0,1
114721,31.05.2024 14:12:11.920000,564.917,618.97,6.33637,6.024,6.008,64.2587,3.74516,3.9802,14.9055,14.4969,407.515,413.845,5.82878,7.09161,6.20627,4.71175,5.87558,-3.5952,-3.5952,1.0,1.0,1
114722,31.05.2024 14:12:11.930000,564.917,618.97,6.33637,6.024,6.008,64.2587,3.74516,3.9802,14.9055,14.4969,407.515,413.845,5.82878,7.09161,6.20627,4.71175,5.87558,-3.5952,-3.5952,1.0,1.0,1
114723,31.05.2024 14:12:11.940000,563.351,611.719,6.30828,6.025,5.942,65.3712,3.73327,3.9758,15.7302,21.424,407.48,414.005,5.74731,6.74958,6.38399,4.65791,5.87558,-3.5952,-3.5952,1.0,1.0,1
114724,31.05.2024 14:12:11.950000,550.25,601.913,6.26915,6.066,5.994,66.5404,3.73359,3.95077,17.0588,17.0387,407.535,414.1,5.54665,6.89939,6.3307,4.69673,5.87672,-3.5952,-3.5952,1.0,1.0,1
114725,31.05.2024 14:12:11.960000,550.25,601.913,6.26915,6.066,5.994,66.5404,3.73359,3.95077,17.0588,17.0387,407.535,414.1,5.54665,6.89939,6.3307,4.69673,5.87672,-3.5952,-3.5952,1.0,1.0,1
114726,31.05.2024 14:12:11.970000,562.445,591.943,6.26915,6.083,5.977,67.6497,3.74569,3.91929,14.2215,8.16024,407.59,414.12,5.8512,6.92676,6.13052,4.73014,5.87672,-3.43605,-3.43605,1.0,1.0,1
114727,31.05.2024 14:12:11.980000,563.434,580.572,6.15797,6.068,5.998,68.798,3.79007,3.88602,14.2215,8.16024,407.59,414.12,5.8512,6.92676,6.13052,4.73014,5.8782,-3.43605,-3.43605,1.0,1.0,1
114728,31.05.2024 14:12:11.990000,572.992,595.898,6.15797,6.043,5.897,68.798,3.79641,3.86146,19.3798,12.9175,407.57,414.13,6.37924,6.66143,6.27992,4.79686,5.8782,-3.43605,-3.43605,1.0,1.0,1
114729,31.05.2024 14:12:12.000000,572.992,595.898,6.15797,6.043,5.897,68.798,3.79641,3.86146,19.3798,12.9175,407.57,414.13,6.37924,6.66143,6.27992,4.79686,5.8782,-3.43605,-3.43605,1.0,1.0,1
114730,31.05.2024 14:12:12.010000,572.992,595.898,6.1607,6.043,5.897,69.9156,3.80131,3.84267,19.6172,15.3916,407.515,414.17,6.65072,6.16245,6.38608,4.73508,5.87848,-3.13947,-3.13947,1.0,1.0,1
114731,31.05.2024 14:12:12.020000,572.992,595.898,6.1607,6.043,5.897,69.9156,3.80131,3.84267,19.6172,15.3916,407.515,414.17,6.65072,6.16245,6.38608,4.73508,5.87848,-3.13947,-3.13947,1.0,1.0,1
114732,31.05.2024 14:12:12.030000,556.43,589.636,6.14453,6.052,5.915,71.0772,3.77003,3.87154,21.0246,8.94261,407.5,414.25,6.59243,5.72219,6.41904,4.71967,5.87889,-2.98756,-2.98756,1.0,1.0,1
114733,31.05.2024 14:12:12.040000,550.744,591.696,6.05748,6.02,5.857,73.5117,3.77781,3.8899,17.1838,14.332,407.5,414.32,6.55618,5.69922,6.49854,4.72516,5.87939,-2.98756,-2.98756,1.0,1.0,1
114734,31.05.2024 14:12:12.050000,550.744,591.696,6.05748,6.02,5.857,73.5117,3.77781,3.8899,17.1838,14.332,407.5,414.32,6.55618,5.69922,6.49854,4.72516,5.87939,-2.98756,-2.98756,1.0,1.0,1
114735,31.05.2024 14:12:12.060000,550.744,591.696,6.03675,6.02,5.857,73.5117,3.77397,3.91913,18.7397,19.1008,407.505,414.315,6.41554,5.7672,6.37987,4.71313,5.87989,-2.98032,-2.98032,1.0,1.0,1
114736,31.05.2024 14:12:12.070000,550.744,591.696,6.03675,6.02,5.857,73.5117,3.77397,3.91913,18.7397,19.1008,407.505,414.315,6.41554,5.7672,6.37987,4.71313,5.87989,-2.98032,-2.98032,1.0,1.0,1
114737,31.05.2024 14:12:12.080000,557.995,603.561,6.01754,5.99,5.932,74.5621,3.8112,3.94722,20.0448,15.2834,407.495,414.3,6.55924,5.45345,6.10625,4.75247,5.88049,-3.37818,-3.37818,1.0,1.0,1
114738,31.05.2024 14:12:12.090000,548.19,586.505,5.91464,6.016,5.906,76.446,3.82467,3.97125,19.612,16.3728,407.505,414.28,6.63276,5.05035,5.9862,4.83985,5.8811,-3.37818,-3.37818,1.0,1.0,1
114739,31.05.2024 14:12:12.100000,548.19,586.505,5.91464,6.016,5.906,76.446,3.82467,3.97125,19.612,16.3728,407.505,414.28,6.63276,5.05035,5.9862,4.83985,5.8811,-3.37818,-3.37818,1.0,1.0,1
114740,31.05.2024 14:12:12.110000,548.19,580.82,5.91464,5.98,5.906,76.446,3.82804,3.97134,21.1041,24.5146,407.505,414.3,6.59851,4.59515,6.04846,4.83065,5.88166,-3.87731,-3.87731,1.0,1.0,1
114741,31.05.2024 14:12:12.120000,571.673,595.404,5.93083,5.934,5.795,78.6537,3.80564,3.99362,23.0236,20.3617,407.51,414.35,6.57098,4.16436,5.90846,4.73379,5.88199,-3.6386,-3.6386,1.0,1.0,1
114742,31.05.2024 14:12:12.130000,571.673,595.404,5.93083,5.934,5.795,78.6537,3.80564,3.99362,23.0236,20.3617,407.51,414.35,6.57098,4.16436,5.90846,4.73379,5.88199,-3.6386,-3.6386,1.0,1.0,1
114743,31.05.2024 14:12:12.140000,571.673,595.404,5.93253,5.934,5.795,78.6537,3.80145,3.98695,20.071,19.6401,407.445,414.425,6.61975,4.28778,5.88313,4.68457,5.8821,-3.49392,-3.49392,1.0,1.0,1
114744,31.05.2024 14:12:12.150000,539.209,601.336,5.91621,5.926,5.89,79.8382,3.7441,3.95912,21.5259,21.0493,407.465,414.415,6.29355,4.7412,5.8314,4.68577,5.88231,-3.49392,-3.49392,1.0,1.0,1
114745,31.05.2024 14:12:12.160000,539.209,601.336,5.90777,5.926,5.89,80.8122,3.74016,3.93631,18.8207,18.2547,407.48,414.36,6.35956,4.97584,5.75475,4.6917,5.88281,-3.49392,-3.49392,1.0,1.0,1
114746,31.05.2024 14:12:12.170000,539.209,601.336,5.90777,5.926,5.89,80.8122,3.74016,3.93631,18.8207,18.2547,407.48,414.36,6.35956,4.97584,5.75475,4.6917,5.88281,-3.49392,-3.49392,1.0,1.0,1
114747,31.05.2024 14:12:12.180000,545.059,585.928,5.87426,5.932,5.82,81.7686,3.7367,3.9083,17.7912,14.0371,407.475,414.315,6.28303,4.43644,5.78732,4.69234,5.88281,-3.38542,-3.38542,1.0,1.0,1
114748,31.05.2024 14:12:12.190000,545.059,585.928,5.87426,5.932,5.82,81.7686,3.7367,3.9083,17.7912,14.0371,407.475,414.315,6.28303,4.43644,5.78732,4.69234,5.88281,-3.38542,-3.38542,1.0,1.0,1
114749,31.05.2024 14:12:12.200000,533.194,579.996,5.86235,5.919,5.869,82.6643,3.74594,3.88345,19.283,14.4897,407.465,414.35,6.34773,4.1338,5.88091,4.67272,5.88332,-3.24798,-3.24798,1.0,1.0,1
114750,31.05.2024 14:12:12.210000,543.823,578.677,5.9082,5.888,5.817,83.5834,3.77095,3.87944,18.5465,12.2753,407.475,414.34,6.38307,4.27469,5.82261,4.68853,5.88321,-3.26968,-3.26968,1.0,1.0,1
114751,31.05.2024 14:12:12.220000,541.104,578.76,5.95259,5.891,5.815,84.4901,3.77369,3.88341,18.5465,12.2753,407.475,414.34,6.41836,4.17427,5.85769,4.62739,5.88343,-3.38542,-3.38542,1.0,1.0,1
114752,31.05.2024 14:12:12.230000,530.31,567.142,5.95259,5.91,5.853,84.4901,3.78582,3.8822,20.6249,11.5409,407.48,414.355,6.41836,4.17427,5.85769,4.62739,5.88343,-3.33478,-3.33478,1.0,1.0,1
114753,31.05.2024 14:12:12.240000,530.31,567.142,5.91231,5.91,5.853,85.4282,3.78511,3.88293,20.2248,16.5382,407.47,414.35,6.50261,4.11915,6.06196,4.61304,5.88365,-3.33478,-3.33478,1.0,1.0,1
114754,31.05.2024 14:12:12.250000,530.31,567.142,5.91231,5.91,5.853,85.4282,3.78511,3.88293,20.2248,16.5382,407.47,414.35,6.50261,4.11915,6.06196,4.61304,5.88365,-3.33478,-3.33478,1.0,1.0,1
114755,31.05.2024 14:12:12.260000,499.74,546.707,5.87097,5.935,5.891,86.2513,3.78443,3.88838,21.537,16.376,407.45,414.315,6.48099,4.48462,6.05041,4.57942,5.88365,-3.11776,-3.11776,1.0,1.0,1
114756,31.05.2024 14:12:12.270000,491.665,512.512,5.89729,5.968,5.887,87.0141,3.79774,3.92386,21.0497,14.8675,407.465,414.26,6.33827,4.26041,6.04336,4.66743,5.88306,-3.19733,-3.19733,1.0,1.0,1
114757,31.05.2024 14:12:12.280000,491.665,512.512,5.89729,5.968,5.887,87.0141,3.79774,3.92386,21.0497,14.8675,407.465,414.26,6.33827,4.26041,6.04336,4.66743,5.88306,-3.19733,-3.19733,1.0,1.0,1
114758,31.05.2024 14:12:12.290000,478.976,491.171,5.89729,5.964,5.898,87.9377,3.80943,3.94844,21.0616,20.9525,407.475,414.245,6.34878,3.80683,6.18391,4.73363,5.88306,-2.78501,-2.78501,1.0,1.0,1
114759,31.05.2024 14:12:12.300000,488.04,495.044,5.93385,5.939,5.839,88.6745,3.85578,3.97117,21.0616,20.9525,407.475,414.245,6.34878,3.80683,6.18391,4.73363,5.88292,-2.6114,-2.6114,1.0,1.0,1
114760,31.05.2024 14:12:12.310000,487.298,490.43,5.93385,5.902,5.822,88.6745,3.83492,3.97449,25.4823,26.0738,407.53,414.325,6.45939,3.88899,6.32157,4.67391,5.88292,-2.11227,-2.11227,1.0,1.0,1
114761,31.05.2024 14:12:12.320000,487.298,490.43,5.94247,5.902,5.822,89.3051,3.81611,3.98005,20.3945,18.3323,407.54,414.335,6.79919,4.54382,6.38763,4.70965,5.88268,-2.11227,-2.11227,1.0,1.0,1
114762,31.05.2024 14:12:12.330000,487.298,490.43,5.94247,5.902,5.822,89.3051,3.81611,3.98005,20.3945,18.3323,407.54,414.335,6.79919,4.54382,6.38763,4.70965,5.88268,-2.11227,-2.11227,1.0,1.0,1
114763,31.05.2024 14:12:12.340000,446.264,481.613,5.96921,5.906,5.936,89.8864,3.79617,3.97744,20.7283,18.8868,407.495,414.295,6.98029,4.81566,6.48494,4.73955,5.88268,-2.11227,-2.11227,1.0,1.0,1
114764,31.05.2024 14:12:12.350000,438.025,430.279,5.92149,5.991,5.878,90.3998,3.72152,3.94264,19.5928,23.3737,407.435,414.235,6.91795,4.78729,6.53832,4.78742,5.88262,-1.01997,-1.01997,1.0,1.0,1
114765,31.05.2024 14:12:12.360000,438.025,430.279,5.92149,5.991,5.878,90.7096,3.71032,3.91896,19.5928,23.3737,407.435,414.235,6.91795,4.78729,6.53832,4.78742,5.88262,-1.01273,-1.01273,1.0,1.0,1
114766,31.05.2024 14:12:12.370000,441.568,400.699,5.90398,6.016,5.831,90.7096,3.71157,3.90658,16.3375,15.625,407.465,414.18,6.52084,4.72328,6.62287,4.74051,5.88279,-1.01273,-1.01273,1.0,1.0,1
114767,31.05.2024 14:12:12.380000,441.568,400.699,5.90398,6.016,5.831,90.7096,3.71157,3.90658,16.3375,15.625,407.465,414.18,6.52084,4.72328,6.62287,4.74051,5.88279,-1.01273,-1.01273,1.0,1.0,1
114768,31.05.2024 14:12:12.390000,429.785,394.766,5.96979,5.937,5.88,90.9977,3.72966,3.89086,16.9321,12.2317,407.56,414.175,6.47591,4.3689,6.73214,4.60539,5.88288,-1.01273,-1.01273,1.0,1.0,1
114769,31.05.2024 14:12:12.400000,416.519,417.261,6.00708,5.899,5.889,91.217,3.7585,3.88152,19.1867,16.7125,407.52,414.215,6.89868,4.24532,6.76509,4.55887,5.88288,-1.15018,-1.15018,1.0,1.0,1
114770,31.05.2024 14:12:12.410000,399.463,390.976,5.97724,5.934,5.874,91.3571,3.77778,3.87428,19.1867,16.7125,407.52,414.215,6.89868,4.24532,6.76509,4.55887,5.88288,-1.23698,-1.23698,1.0,1.0,1
114771,31.05.2024 14:12:12.420000,399.463,390.976,5.97724,5.934,5.874,91.3571,3.77737,3.84263,21.3226,17.9972,407.51,414.2,6.94053,4.63807,6.53529,4.60825,5.88317,-1.23698,-1.23698,1.0,1.0,1
114772,31.05.2024 14:12:12.430000,373.92,357.605,5.96724,5.978,5.936,91.4852,3.75011,3.84269,21.0697,7.11135,407.51,414.16,6.94184,4.79048,6.48963,4.65155,5.88311,-1.23698,-1.23698,1.0,1.0,1
114773,31.05.2024 14:12:12.440000,373.92,357.605,5.96724,5.978,5.936,91.7488,3.73777,3.84311,21.0697,7.11135,407.51,414.16,6.94184,4.79048,6.48963,4.65155,5.88311,-0.217013,-0.217013,1.0,1.0,1
114774,31.05.2024 14:12:12.450000,324.811,322.504,5.95226,5.996,6.016,91.7488,3.73171,3.83807,17.2853,13.1359,407.55,414.165,6.8501,4.65624,6.50839,4.70727,5.88326,-0.217013,-0.217013,1.0,1.0,1
114775,31.05.2024 14:12:12.460000,324.811,322.504,5.95226,5.996,6.016,91.7488,3.73171,3.83807,17.2853,13.1359,407.55,414.165,6.8501,4.65624,6.50839,4.70727,5.88326,-0.217013,-0.217013,1.0,1.0,1
114776,31.05.2024 14:12:12.470000,301.163,287.155,5.95265,6.008,5.984,92.0386,3.70884,3.88026,19.9087,18.0887,407.52,414.16,6.98082,4.88438,6.42511,4.7562,5.88338,-0.217013,-0.217013,1.0,1.0,1
114777,31.05.2024 14:12:12.480000,312.698,241.672,5.97096,6.025,5.913,92.3163,3.733,3.8714,18.1004,15.7003,407.505,414.13,6.79348,5.06861,6.27598,4.79603,5.8837,-0.202551,-0.202551,1.0,1.0,1
114778,31.05.2024 14:12:12.490000,289.792,228.735,5.9946,5.985,5.953,92.6148,3.74731,3.85793,18.1004,15.7003,407.505,414.13,6.79348,5.06861,6.27598,4.79603,5.8837,0.0940412,0.0940412,1.0,1.0,1
114779,31.05.2024 14:12:12.500000,289.792,228.735,5.9946,5.985,5.953,92.6148,3.73593,3.8994,19.5094,10.0466,407.575,414.125,6.69876,4.81612,6.29864,4.7581,5.884,0.0940412,0.0940412,1.0,1.0,1
114780,31.05.2024 14:12:12.510000,289.792,228.735,5.9946,5.985,5.953,92.6148,3.73593,3.8994,19.5094,10.0466,407.575,414.125,6.69876,4.81612,6.29864,4.7581,5.884,0.0940412,0.0940412,1.0,1.0,1
114781,31.05.2024 14:12:12.520000,275.207,225.439,5.99962,5.969,5.91,92.7527,3.75119,3.89323,17.9572,18.2699,407.565,414.15,6.88546,4.9664,6.26042,4.86027,5.88432,0.629343,0.629343,1.0,1.0,1
114782,31.05.2024 14:12:12.530000,244.061,192.975,5.96136,6.009,5.98,92.805,3.7152,3.8607,19.6395,18.6829,407.565,414.125,6.94755,5.22722,6.22068,5.11118,5.88455,1.03444,1.03444,1.0,1.0,1
114783,31.05.2024 14:12:12.540000,220.99,157.873,5.96926,6.044,5.952,92.9007,3.70452,3.84865,19.6395,18.6829,407.565,414.125,6.87276,5.26849,6.22359,5.15682,5.88494,1.28762,1.28762,1.0,1.0,1
114784,31.05.2024 14:12:12.550000,219.177,124.338,5.96926,6.02,5.906,92.9007,3.68206,3.83702,17.8392,10.1952,407.525,414.11,6.87276,5.26849,6.22359,5.15682,5.88494,1.33102,1.33102,1.0,1.0,1
114785,31.05.2024 14:12:12.560000,219.177,124.338,5.99176,6.02,5.906,93.0072,3.65978,3.83043,16.4166,11.0395,407.55,414.09,6.56645,5.28185,6.28996,5.23542,5.88519,1.33102,1.33102,1.0,1.0,1
114786,31.05.2024 14:12:12.570000,208.96,110.66,5.99722,5.968,5.915,93.0903,3.64711,3.82834,16.4166,11.0395,407.55,414.09,6.56645,5.28185,6.28996,5.23542,5.88519,1.28038,1.28038,1.0,1.0,1
114787,31.05.2024 14:12:12.580000,208.96,110.66,5.99722,5.968,5.915,93.0903,3.62417,3.81179,16.5158,13.2799,407.56,414.085,6.55834,5.33493,6.30667,5.30022,5.88577,1.28038,1.28038,1.0,1.0,1
114788,31.05.2024 14:12:12.590000,208.96,110.66,5.99722,5.968,5.915,93.0903,3.62417,3.81179,16.5158,13.2799,407.56,414.085,6.55834,5.33493,6.30667,5.30022,5.88577,1.28038,1.28038,1.0,1.0,1
114789,31.05.2024 14:12:12.600000,200.803,112.472,5.98911,5.936,5.871,93.1097,3.62477,3.80534,13.4323,8.04493,407.575,414.105,6.41802,5.27442,6.28389,5.36603,5.88644,1.53357,1.53357,1.0,1.0,1
114790,31.05.2024 14:12:12.610000,164.96,104.562,5.97408,5.955,5.924,93.158,3.66408,3.80325,14.943,7.35225,407.58,414.105,6.41935,5.42752,6.3041,5.39915,5.8869,1.87355,1.87355,1.0,1.0,1
114791,31.05.2024 14:12:12.620000,164.96,104.562,5.97408,5.955,5.924,93.158,3.66408,3.80325,14.943,7.35225,407.58,414.105,6.41935,5.42752,6.3041,5.39915,5.8869,1.87355,1.87355,1.0,1.0,1
114792,31.05.2024 14:12:12.630000,143.619,87.7533,5.95522,5.981,5.93,93.1259,3.68085,3.81199,16.9574,12.4606,407.57,414.075,6.38885,5.55306,6.36458,5.57263,5.88743,1.87355,1.87355,1.0,1.0,1
114793,31.05.2024 14:12:12.640000,143.619,87.7533,5.95522,5.981,5.93,93.1259,3.68085,3.81199,16.9574,12.4606,407.57,414.075,6.38885,5.55306,6.36458,5.57263,5.88743,1.87355,1.87355,1.0,1.0,1
114794,31.05.2024 14:12:12.650000,134.72,22.5769,5.9645,6.021,5.914,93.1484,3.73163,3.81973,17.1364,13.24,407.58,414.04,6.30748,5.25357,6.4164,5.63614,5.88805,2.33652,2.33652,1.0,1.0,1
114795,31.05.2024 14:12:12.660000,134.72,22.5769,5.9645,6.021,5.914,93.1484,3.73163,3.81973,17.1364,13.24,407.58,414.04,6.30748,5.25357,6.4164,5.63614,5.88805,2.33652,2.33652,1.0,1.0,1
114796,31.05.2024 14:12:12.670000,124.667,-25.296,5.98007,5.978,5.928,93.1923,3.77384,3.84126,21.1983,11.3332,407.62,414.05,6.0755,4.97299,6.56919,5.74418,5.88862,2.33652,2.33652,1.0,1.0,1
114797,31.05.2024 14:12:12.680000,105.798,-28.8391,5.96758,5.937,5.917,93.1863,3.77832,3.84948,20.1265,15.7623,407.665,414.09,6.10914,4.9763,6.65066,5.80393,5.88897,2.53906,2.53906,1.0,1.0,1
114798,31.05.2024 14:12:12.690000,105.798,-28.8391,5.9573,5.937,5.917,93.1863,3.77027,3.85245,22.3317,17.2593,407.675,414.12,6.37797,5.2013,6.74711,5.97427,5.88925,2.53906,2.53906,1.0,1.0,1
114799,31.05.2024 14:12:12.700000,100.113,-39.3036,5.98115,5.923,5.894,93.1734,3.7395,3.85642,22.3317,17.2593,407.675,414.12,6.5368,5.47117,6.89013,6.03922,5.88951,2.73438,2.73438,1.0,1.0,1
114800,31.05.2024 14:12:12.710000,82.1502,-42.4347,5.98115,5.866,5.88,93.1734,3.72225,3.84938,21.4835,14.9591,407.66,414.11,6.5368,5.47117,6.89013,6.03922,5.88951,2.73438,2.73438,0.0,1.0,1
114801,31.05.2024 14:12:12.720000,82.1502,-42.4347,5.96966,5.866,5.88,93.1317,3.6991,3.84017,19.5556,14.198,407.62,414.085,6.52599,5.52465,6.85004,6.09036,5.88984,2.73438,2.73438,0.0,1.0,1
114802,31.05.2024 14:12:12.730000,45.3186,-79.1839,5.95151,5.888,5.899,93.1636,3.68196,3.83388,19.5556,14.198,407.62,414.085,6.52599,5.52465,6.85004,6.09036,5.88984,2.69097,2.69097,0.0,1.0,1
114803,31.05.2024 14:12:12.740000,45.3186,-79.1839,5.95151,5.888,5.899,93.1636,3.64778,3.81911,18.491,14.5625,407.61,414.06,6.2016,5.45152,6.74275,6.17587,5.89024,2.69097,2.69097,0.0,1.0,1
114804,31.05.2024 14:12:12.750000,25.2136,-102.832,5.93608,5.913,5.907,93.4317,3.63912,3.80444,16.0736,12.0316,407.64,414.01,5.89274,5.12831,6.80761,6.26981,5.89027,2.64033,2.64033,0.0,1.0,1
114805,31.05.2024 14:12:12.760000,25.2136,-102.832,5.93608,5.913,5.907,93.4317,3.63912,3.80444,16.0736,12.0316,407.64,414.01,5.89274,5.12831,6.80761,6.26981,5.89027,2.64033,2.64033,0.0,1.0,1
114806,31.05.2024 14:12:12.770000,7.25097,-111.813,5.93608,5.926,5.881,93.3447,3.63392,3.79228,16.4286,12.0669,407.675,414.015,5.839,4.7097,6.89727,6.39517,5.89027,2.64033,2.64033,0.0,1.0,1
114807,31.05.2024 14:12:12.780000,-5.76782,-119.311,5.95621,5.937,5.879,93.2695,3.64109,3.78241,16.4286,12.0669,407.675,414.015,5.839,4.7097,6.89727,6.39517,5.89089,2.19908,2.19908,0.0,1.0,1
114808,31.05.2024 14:12:12.790000,-17.8802,-123.184,5.95621,5.941,5.869,93.2695,3.65385,3.78249,16.3115,11.4051,407.695,414.09,5.94685,4.39893,6.89347,6.52804,5.89089,2.19184,2.19184,0.0,1.0,1
114809,31.05.2024 14:12:12.800000,-17.8802,-123.184,5.96463,5.941,5.869,93.2198,3.67278,3.78585,16.8529,11.2219,407.675,414.14,6.07823,4.71636,6.918,6.55194,5.89152,2.19184,2.19184,0.0,1.0,1
114810,31.05.2024 14:12:12.810000,-30.4047,-140.57,5.95255,5.907,5.868,93.3108,3.69509,3.79142,16.8529,11.2219,407.675,414.14,6.07823,4.71636,6.918,6.55194,5.89152,1.80122,1.80122,0.0,1.0,1
114811,31.05.2024 14:12:12.820000,-30.4047,-140.57,5.95255,5.907,5.868,93.3108,3.69509,3.79142,16.8529,11.2219,407.675,414.14,6.07823,4.71636,6.918,6.55194,5.89152,1.80122,1.80122,0.0,1.0,1
114812,31.05.2024 14:12:12.830000,-30.4047,-155.484,5.95255,5.908,5.868,93.3108,3.72829,3.79692,19.0441,11.6556,407.675,414.105,6.01421,5.07057,6.85445,6.63842,5.89158,1.80122,1.80122,0.0,1.0,1
114813,31.05.2024 14:12:12.840000,-30.4047,-155.484,5.95255,5.908,5.868,93.3108,3.72829,3.79692,19.0441,11.6556,407.675,414.105,6.01421,5.07057,6.85445,6.63842,5.89158,1.80122,1.80122,0.0,1.0,1
114814,31.05.2024 14:12:12.850000,-46.8017,-155.484,5.96468,5.908,5.855,93.1891,3.73683,3.80158,20.3255,10.8568,407.67,414.035,5.8957,4.92423,6.56095,6.61926,5.89164,1.75782,1.75782,0.0,1.0,1
114815,31.05.2024 14:12:12.860000,-118.817,-207.312,5.98139,5.975,5.942,93.0952,3.71474,3.81629,21.8372,11.4271,407.705,414.0,5.68,3.90476,6.30279,6.54325,5.89187,1.64931,1.64931,0.0,1.0,1
114816,31.05.2024 14:12:12.870000,-115.439,-234.421,5.98139,5.992,5.922,93.0952,3.70516,3.81055,20.7497,14.9253,407.745,414.04,5.68,3.90476,6.30279,6.54325,5.89187,1.64931,1.64931,0.0,1.0,1
114817,31.05.2024 14:12:12.880000,-115.439,-234.421,5.96615,5.992,5.922,93.1103,3.69697,3.81001,20.137,14.7074,407.76,414.085,5.84546,3.8294,6.33313,6.58849,5.89191,1.64931,1.64931,0.0,1.0,1
114818,31.05.2024 14:12:12.890000,-115.439,-234.421,5.96615,5.992,5.922,93.1103,3.69697,3.81001,20.137,14.7074,407.76,414.085,5.84546,3.8294,6.33313,6.58849,5.89191,1.64931,1.64931,0.0,1.0,1
114819,31.05.2024 14:12:12.900000,-124.091,-251.807,5.97062,5.987,5.932,93.1306,3.689,3.81412,18.3969,10.5874,407.73,414.115,5.84156,3.99307,6.33059,6.71616,5.89191,1.64931,1.64931,0.0,1.0,1
114820,31.05.2024 14:12:12.910000,-124.091,-251.807,5.97062,5.987,5.932,93.1306,3.689,3.81412,18.3969,10.5874,407.73,414.115,5.84156,3.99307,6.33059,6.71616,5.89191,1.64931,1.64931,0.0,1.0,1
114821,31.05.2024 14:12:12.920000,-127.469,-269.522,5.97578,5.991,5.951,93.417,3.65147,3.80076,16.7871,13.615,407.73,414.105,5.71879,4.16981,6.31153,6.66306,5.89258,1.80122,1.80122,0.0,1.0,1
114822,31.05.2024 14:12:12.930000,-132.742,-285.425,5.97801,5.986,5.918,93.3517,3.59866,3.78108,16.1858,15.1819,407.715,414.08,5.59832,4.24932,6.24557,6.59875,5.89316,2.09056,2.09056,0.0,1.0,1
114823,31.05.2024 14:12:12.940000,-146.832,-299.103,5.98541,5.978,5.969,93.271,3.58713,3.77285,16.1858,15.1819,407.715,414.08,5.59832,4.24932,6.24557,6.59875,5.89341,2.09056,2.09056,0.0,1.0,1
114824,31.05.2024 14:12:12.950000,-156.473,-305.859,5.98541,5.955,5.963,93.271,3.58037,3.7639,14.672,9.52719,407.745,414.05,5.29739,4.17426,6.04634,6.67417,5.89341,2.04717,2.04717,0.0,1.0,1
114825,31.05.2024 14:12:12.960000,-156.473,-305.859,5.98541,5.955,5.963,93.271,3.58037,3.7639,14.672,9.52719,407.745,414.05,5.29739,4.17426,6.04634,6.67417,5.89341,2.04717,2.04717,0.0,1.0,1
114826,31.05.2024 14:12:12.970000,-156.473,-305.859,5.98092,5.955,5.963,93.2354,3.57952,3.75427,13.2219,9.88586,407.77,414.06,5.17512,3.89843,5.99693,6.75344,5.8937,1.99653,1.99653,0.0,1.0,1
114827,31.05.2024 14:12:12.980000,-164.548,-310.474,5.9764,5.952,5.916,93.2237,3.60791,3.74401,13.432,8.83639,407.785,414.095,5.24325,3.82637,5.98194,6.67951,5.89412,1.99653,1.99653,0.0,1.0,1
114828,31.05.2024 14:12:12.990000,-164.548,-310.474,5.9764,5.952,5.916,93.2237,3.60791,3.74401,13.432,8.83639,407.785,414.095,5.24325,3.82637,5.98194,6.67951,5.89412,1.99653,1.99653,0.0,1.0,1
114829,31.05.2024 14:12:13.000000,-158.615,-328.931,5.98745,5.946,5.89,93.2121,3.62702,3.74529,14.9843,9.57062,407.775,414.12,5.26054,3.94516,5.87169,6.73354,5.89452,2.28588,2.28588,0.0,1.0,1
114830,31.05.2024 14:12:13.010000,-158.615,-328.931,5.98745,5.946,5.89,93.2121,3.62702,3.74529,14.9843,9.57062,407.775,414.12,5.26054,3.94516,5.87169,6.73354,5.89452,2.28588,2.28588,0.0,1.0,1
114831,31.05.2024 14:12:13.020000,-174.023,-343.432,5.99403,5.952,5.909,93.0846,3.68648,3.75916,16.2231,8.63822,407.78,414.11,5.22161,4.22021,5.80867,6.64855,5.8953,2.28588,2.28588,0.0,1.0,1
114832,31.05.2024 14:12:13.030000,-174.023,-343.432,5.99403,5.952,5.909,93.0846,3.68648,3.75916,16.2231,8.63822,407.78,414.11,5.22161,4.22021,5.80867,6.64855,5.8953,2.28588,2.28588,0.0,1.0,1
114833,31.05.2024 14:12:13.040000,-209.042,-381.583,5.98177,5.984,5.928,93.0512,3.71328,3.77085,18.2489,11.4739,407.78,414.095,4.99901,4.23199,5.91183,6.7563,5.89596,2.73438,2.73438,0.0,1.0,1
114834,31.05.2024 14:12:13.050000,-229.724,-401.44,5.96705,5.997,5.944,93.1577,3.71247,3.78743,19.5322,11.4942,407.79,414.075,4.9188,4.15348,5.84912,6.79465,5.89687,2.73438,2.73438,0.0,1.0,1
114835,31.05.2024 14:12:13.060000,-229.724,-401.44,5.96705,5.997,5.944,93.1577,3.7054,3.79138,18.9704,10.9141,407.83,414.04,4.73599,4.08177,5.80874,6.82474,5.89762,2.73438,2.73438,0.0,1.0,1
114836,31.05.2024 14:12:13.070000,-240.353,-404.819,5.97362,5.981,5.916,93.2244,3.69673,3.79563,19.0818,13.6291,407.84,414.035,4.81168,3.79156,5.79218,6.75575,5.8981,2.70544,2.70544,0.0,1.0,1
114837,31.05.2024 14:12:13.080000,-243.484,-404.901,5.97362,5.962,5.899,93.211,3.6882,3.79697,19.0818,13.6291,407.84,414.035,4.81168,3.79156,5.79218,6.75575,5.8981,2.70544,2.70544,0.0,1.0,1
114838,31.05.2024 14:12:13.090000,-243.484,-404.901,5.96412,5.962,5.899,93.211,3.67695,3.79668,19.4263,13.2148,407.865,414.08,4.82061,3.56201,5.93396,6.72051,5.89836,2.70544,2.70544,0.0,1.0,1
114839,31.05.2024 14:12:13.100000,-240.601,-414.953,5.97291,5.971,5.893,93.2135,3.65779,3.79193,19.4263,13.2148,407.865,414.08,4.82061,3.56201,5.93396,6.72051,5.89862,2.43779,2.43779,0.0,1.0,1
114840,31.05.2024 14:12:13.110000,-240.601,-414.953,5.97291,5.971,5.893,93.2135,3.65779,3.79193,19.4263,13.2148,407.865,414.08,4.82061,3.56201,5.93396,6.72051,5.89862,2.43779,2.43779,0.0,1.0,1
114841,31.05.2024 14:12:13.120000,-252.466,-398.886,5.97291,5.965,5.906,93.2135,3.64877,3.78851,17.0444,11.5164,407.865,414.115,4.93988,3.8005,6.0679,6.68402,5.89862,2.45225,2.45225,0.0,1.0,1
114842,31.05.2024 14:12:13.130000,-267.874,-401.523,5.98341,5.959,5.89,93.2159,3.63498,3.77508,15.9501,10.4437,407.885,414.1,4.91003,4.13955,6.09112,6.70165,5.89923,2.43779,2.43779,0.0,1.0,1
114843,31.05.2024 14:12:13.140000,-267.874,-401.523,5.98341,5.959,5.89,93.2159,3.63563,3.76867,15.3492,11.5129,407.87,414.055,5.02355,4.15488,6.16299,6.58312,5.8996,2.43779,2.43779,0.0,1.0,1
114844,31.05.2024 14:12:13.150000,-267.874,-401.523,5.98341,5.959,5.89,93.2159,3.63563,3.76867,15.3492,11.5129,407.87,414.055,5.02355,4.15488,6.16299,6.58312,5.8996,2.43779,2.43779,0.0,1.0,1
114845,31.05.2024 14:12:13.160000,-273.395,-401.111,5.98865,5.949,5.896,93.213,3.64132,3.76513,14.3619,10.2767,407.865,414.055,4.98268,3.9103,6.21084,6.60668,5.90013,2.7199,2.7199,0.0,1.0,1
114846,31.05.2024 14:12:13.170000,-287.32,-409.68,5.99282,5.955,5.91,93.1999,3.68189,3.76381,15.485,10.3917,407.86,414.055,4.8993,3.98763,6.21214,6.58922,5.90063,3.02373,3.02373,0.0,1.0,1
114847,31.05.2024 14:12:13.180000,-287.32,-409.68,5.99282,5.955,5.91,93.1999,3.68189,3.76381,15.485,10.3917,407.86,414.055,4.8993,3.98763,6.21214,6.58922,5.90063,3.02373,3.02373,0.0,1.0,1
114848,31.05.2024 14:12:13.190000,-298.279,-400.122,5.99336,5.958,5.885,93.2144,3.69862,3.76716,18.8527,11.8813,407.865,414.045,4.70727,4.00456,6.07066,6.56381,5.90078,3.25521,3.25521,0.0,1.0,1
114849,31.05.2024 14:12:13.200000,-310.886,-404.571,6.00465,5.955,5.904,93.2596,3.73183,3.77109,19.637,11.8518,407.9,414.05,4.64866,3.9048,5.96175,6.51231,5.90134,2.98756,2.98756,0.0,1.0,1
114850,31.05.2024 14:12:13.210000,-318.054,-400.122,6.01812,5.941,5.909,93.2489,3.74047,3.77708,19.637,11.8518,407.9,414.05,4.64866,3.9048,5.96175,6.51231,5.90134,3.03096,3.03096,0.0,1.0,1
114851,31.05.2024 14:12:13.220000,-318.054,-400.122,6.01812,5.941,5.909,93.2489,3.74313,3.78649,20.0146,8.67814,407.89,414.055,4.70058,3.97133,5.93167,6.4188,5.9017,3.03096,3.03096,0.0,1.0,1
114852,31.05.2024 14:12:13.230000,-325.47,-406.631,6.01574,5.931,5.907,93.2904,3.73395,3.78734,19.184,13.3511,407.885,414.05,4.52731,4.1116,6.03865,6.46854,5.90232,3.33478,3.33478,0.0,1.0,1
114853,31.05.2024 14:12:13.240000,-334.863,-401.605,6.01574,5.955,5.901,93.2171,3.7205,3.7876,19.184,13.3511,407.885,414.05,4.52731,4.1116,6.03865,6.46854,5.90232,3.33478,3.33478,0.0,1.0,1
114854,31.05.2024 14:12:13.250000,-334.863,-401.605,6.01366,5.955,5.901,93.2171,3.701,3.78769,18.653,13.4507,407.89,414.05,4.39572,4.06832,5.94787,6.4579,5.90268,3.33478,3.33478,0.0,1.0,1
114855,31.05.2024 14:12:13.260000,-365.433,-398.804,6.0206,5.973,5.93,93.2093,3.6681,3.78591,18.653,13.4507,407.89,414.05,4.39572,4.06832,5.94787,6.4579,5.90308,3.5301,3.5301,0.0,1.0,1
114856,31.05.2024 14:12:13.270000,-358.841,-399.875,6.0206,5.985,5.961,93.2093,3.65546,3.7851,15.8311,9.99623,407.925,414.045,4.27699,4.12875,5.88387,6.39303,5.90308,3.5301,3.5301,0.0,1.0,1
114857,31.05.2024 14:12:13.280000,-358.841,-399.875,6.0206,5.985,5.961,93.2093,3.65546,3.7851,15.8311,9.99623,407.925,414.045,4.27699,4.12875,5.88387,6.39303,5.90308,3.5301,3.5301,0.0,1.0,1
114858,31.05.2024 14:12:13.290000,-358.841,-399.875,6.0063,5.985,5.961,93.2107,3.64854,3.78237,14.5463,12.5056,407.92,414.04,4.55079,4.19711,6.01151,6.31678,5.90341,3.5301,3.5301,0.0,1.0,1
114859,31.05.2024 14:12:13.300000,-358.841,-399.875,6.0063,5.985,5.961,93.2107,3.64854,3.78237,14.5463,12.5056,407.92,414.04,4.55079,4.19711,6.01151,6.31678,5.90341,3.5301,3.5301,0.0,1.0,1
114860,31.05.2024 14:12:13.310000,-362.054,-399.463,5.99466,6.002,5.912,93.1946,3.64355,3.77286,14.462,12.5438,407.89,414.01,4.54058,4.16438,6.08392,6.36956,5.90354,3.76882,3.76882,0.0,1.0,1
114861,31.05.2024 14:12:13.320000,-361.066,-406.879,5.98644,6.035,5.918,93.146,3.64702,3.7679,13.7487,8.66587,407.875,414.005,4.30277,3.8994,6.03034,6.32847,5.90389,3.51562,3.51562,0.0,1.0,1
114862,31.05.2024 14:12:13.330000,-361.066,-406.879,6.00671,6.035,5.918,93.146,3.64522,3.76115,13.7766,12.4654,407.915,414.01,3.99037,3.78129,6.03871,6.39834,5.90445,3.51562,3.51562,0.0,1.0,1
114863,31.05.2024 14:12:13.340000,-361.972,-401.358,6.00194,6.012,5.957,93.0792,3.64167,3.75024,13.7766,12.4654,407.915,414.01,4.1329,3.74465,6.07483,6.3228,5.90488,3.51562,3.51562,0.0,1.0,1
114864,31.05.2024 14:12:13.350000,-361.395,-406.961,6.00194,5.991,5.971,93.0792,3.63978,3.75004,13.6993,11.533,407.95,414.015,4.1329,3.74465,6.07483,6.3228,5.90488,3.71094,3.71094,0.0,1.0,1
114865,31.05.2024 14:12:13.360000,-361.395,-406.961,6.00855,5.991,5.971,93.2006,3.64089,3.75021,14.0927,8.20805,407.965,414.015,4.27187,3.71306,6.01499,6.36854,5.90544,3.71094,3.71094,0.0,1.0,1
114866,31.05.2024 14:12:13.370000,-358.182,-401.852,6.00024,5.993,5.964,93.1561,3.64727,3.74899,14.0927,8.20805,407.965,414.015,4.27187,3.71306,6.01499,6.36854,5.90544,3.73264,3.73264,0.0,1.0,1
114867,31.05.2024 14:12:13.380000,-358.182,-401.852,6.00024,5.993,5.964,93.1561,3.65957,3.74794,14.3534,7.97791,407.98,414.01,4.43446,3.75651,5.89471,6.29573,5.90593,3.73264,3.73264,0.0,1.0,1
114868,31.05.2024 14:12:13.390000,-360.983,-408.115,6.0056,6.014,5.922,93.0868,3.66846,3.74931,14.446,10.7475,407.975,414.02,4.38216,3.80487,5.98071,6.32103,5.90666,3.73264,3.73264,0.0,1.0,1
114869,31.05.2024 14:12:13.400000,-364.609,-402.759,6.0056,5.993,5.933,93.1691,3.67278,3.75053,14.446,10.7475,407.975,414.02,4.38216,3.80487,5.98071,6.32103,5.90666,4.02923,4.02923,0.0,1.0,1
114870,31.05.2024 14:12:13.410000,-364.609,-402.759,6.01135,5.993,5.933,93.1691,3.6762,3.75156,16.213,9.13293,407.99,414.015,4.47258,3.81029,6.09461,6.32486,5.90728,4.02923,4.02923,0.0,1.0,1
114871,31.05.2024 14:12:13.420000,-361.478,-401.276,6.00508,5.962,5.952,93.1584,3.67676,3.75588,16.213,9.13293,407.99,414.015,4.47258,3.81029,6.09461,6.32486,5.90778,4.27518,4.27518,0.0,1.0,1
114872,31.05.2024 14:12:13.430000,-360.489,-402.347,6.00508,5.963,5.939,93.1584,3.67635,3.7553,16.141,7.40737,408.045,414.01,4.55115,3.87146,5.98856,6.29836,5.90778,4.81771,4.81771,0.0,1.0,1
114873,31.05.2024 14:12:13.440000,-360.489,-402.347,6.00439,5.963,5.939,93.1711,3.67454,3.75488,14.7255,10.0432,408.055,413.995,4.95685,3.97236,5.9638,6.26096,5.90854,4.81771,4.81771,0.0,1.0,1
114874,31.05.2024 14:12:13.450000,-360.489,-402.347,6.00439,5.963,5.939,93.1711,3.67454,3.75488,14.7255,10.0432,408.055,413.995,4.95685,3.97236,5.9638,6.26096,5.90854,4.81771,4.81771,0.0,1.0,1
114875,31.05.2024 14:12:13.460000,-361.56,-402.347,5.99878,6.001,5.942,93.2479,3.67223,3.75348,15.4151,9.517,408.065,413.985,5.14509,3.98451,6.07358,6.30804,5.90854,5.03472,5.03472,0.0,1.0,1
114876,31.05.2024 14:12:13.470000,-361.56,-402.347,5.99878,6.001,5.942,93.2479,3.67223,3.75348,15.4151,9.517,408.065,413.985,5.14509,3.98451,6.07358,6.30804,5.90854,5.03472,5.03472,0.0,1.0,1
114877,31.05.2024 14:12:13.480000,-357.934,-408.197,6.00395,6.023,5.956,93.2586,3.66267,3.75252,13.9698,8.03495,408.05,413.99,5.35903,3.89724,6.07539,6.30731,5.91015,4.92622,4.92622,0.0,1.0,1
114878,31.05.2024 14:12:13.490000,-357.934,-408.197,6.00395,6.023,5.956,93.2586,3.66267,3.75252,13.9698,8.03495,408.05,413.99,5.35903,3.89724,6.07539,6.30731,5.91015,4.92622,4.92622,0.0,1.0,1
114879,31.05.2024 14:12:13.500000,-365.021,-396.167,6.00189,6.019,5.941,93.2575,3.64687,3.75304,13.4338,7.4179,408.06,414.0,5.33422,3.85457,6.22083,6.38912,5.91103,4.94069,4.94069,0.0,1.0,1
114880,31.05.2024 14:12:13.510000,-359.17,-401.028,6.00003,6.002,5.928,93.2413,3.63917,3.75006,13.7847,9.81629,408.06,413.975,5.32771,3.93563,6.29767,6.45433,5.91103,4.68026,4.68026,0.0,1.0,1
114881,31.05.2024 14:12:13.520000,-359.17,-401.028,6.01099,6.002,5.928,93.2096,3.63609,3.74538,13.8514,7.50062,408.09,413.975,5.331,3.82078,6.18267,6.33729,5.91113,4.68026,4.68026,0.0,1.0,1
114882,31.05.2024 14:12:13.530000,-362.466,-400.946,6.02953,6.011,5.938,93.2193,3.62987,3.73993,13.8514,7.50062,408.09,413.975,5.331,3.82078,6.18267,6.33729,5.91113,4.62963,4.62963,0.0,1.0,1
114883,31.05.2024 14:12:13.540000,-362.466,-400.946,6.02953,6.011,5.938,93.2193,3.62644,3.73718,13.0684,6.34601,408.105,413.98,5.34751,3.84951,6.30124,6.30297,5.91155,4.62963,4.62963,0.0,1.0,1
114884,31.05.2024 14:12:13.550000,-362.466,-400.946,6.02953,6.011,5.938,93.2193,3.62644,3.73718,13.0684,6.34601,408.105,413.98,5.34751,3.84951,6.30124,6.30297,5.91155,4.62963,4.62963,0.0,1.0,1
114885,31.05.2024 14:12:13.560000,-357.687,-400.122,6.02679,6.004,5.959,93.0987,3.62873,3.73807,12.6682,9.65656,408.115,413.98,5.3729,3.81605,6.34083,6.31887,5.91222,4.67303,4.67303,0.0,1.0,1
114886,31.05.2024 14:12:13.570000,-356.616,-406.714,6.04035,5.989,5.972,93.0597,3.67112,3.74391,14.3657,10.1924,408.125,413.98,5.44323,3.76098,6.329,6.3558,5.91247,4.67303,4.67303,0.0,1.0,1
114887,31.05.2024 14:12:13.580000,-360.983,-405.89,6.03477,6.004,5.96,93.029,3.69316,3.74859,14.3657,10.1924,408.125,413.98,5.54525,3.79557,6.31581,6.38013,5.9129,4.52112,4.52112,0.0,1.0,1
114888,31.05.2024 14:12:13.590000,-359.253,-403.583,6.03477,6.017,5.961,93.029,3.71701,3.75349,14.6878,8.06491,408.125,413.975,5.54525,3.79557,6.31581,6.38013,5.9129,4.33304,4.33304,0.0,1.0,1
114889,31.05.2024 14:12:13.600000,-359.253,-403.583,6.03281,6.017,5.961,93.0544,3.73865,3.75828,16.9162,10.9005,408.125,413.965,5.57859,3.81809,6.37299,6.37546,5.91337,4.33304,4.33304,0.0,1.0,1
114890,31.05.2024 14:12:13.610000,-356.039,-402.264,6.04658,5.998,5.961,93.0799,3.75348,3.7624,16.9162,10.9005,408.125,413.965,5.57859,3.81809,6.37299,6.37546,5.91337,4.14497,4.14497,0.0,1.0,1
114891,31.05.2024 14:12:13.620000,-356.039,-402.264,6.04658,5.998,5.961,93.0799,3.76638,3.77283,19.1604,12.2851,408.125,413.965,5.51002,3.70812,6.44808,6.4067,5.91359,4.14497,4.14497,0.0,1.0,1
114892,31.05.2024 14:12:13.630000,-359.912,-409.433,6.03864,5.988,5.943,93.1033,3.76494,3.77731,19.4636,11.2271,408.145,413.97,5.39277,3.70617,6.46484,6.39973,5.91433,4.14497,4.14497,0.0,1.0,1
114893,31.05.2024 14:12:13.640000,-359.912,-409.433,6.03864,5.988,5.943,93.1633,3.75955,3.78142,19.4636,11.2271,408.145,413.97,5.39277,3.70617,6.46484,6.39973,5.91433,3.68924,3.68924,0.0,1.0,1
114894,31.05.2024 14:12:13.650000,-359.418,-398.227,6.05,5.974,5.978,93.1633,3.7512,3.78272,18.7529,13.9879,408.165,413.965,5.26885,3.66532,6.43876,6.43931,5.91441,3.68924,3.68924,0.0,1.0,1
114895,31.05.2024 14:12:13.660000,-359.418,-398.227,6.05,5.974,5.978,93.1633,3.7512,3.78272,18.7529,13.9879,408.165,413.965,5.26885,3.66532,6.43876,6.43931,5.91441,3.68924,3.68924,0.0,1.0,1
114896,31.05.2024 14:12:13.670000,-366.174,-402.182,6.04725,5.981,5.937,93.2068,3.72106,3.78103,17.4802,13.2215,408.19,413.96,5.34107,3.78345,6.40303,6.48682,5.91481,3.49393,3.49393,0.0,1.0,1
114897,31.05.2024 14:12:13.680000,-365.185,-404.489,6.03578,6.01,5.917,93.2602,3.68245,3.77191,16.2193,10.723,408.195,413.97,5.40278,3.76472,6.32577,6.57493,5.9153,3.49393,3.49393,0.0,1.0,1
114898,31.05.2024 14:12:13.690000,-362.961,-394.849,6.03188,6.007,5.973,93.2576,3.66314,3.76958,16.2193,10.723,408.195,413.97,5.40278,3.76472,6.32577,6.57493,5.9153,3.29138,3.29138,0.0,1.0,1
114899,31.05.2024 14:12:13.700000,-362.961,-394.849,6.03188,6.007,5.973,93.2576,3.63898,3.75893,13.6007,12.5324,408.21,413.97,5.30113,3.8822,6.30784,6.60542,5.91562,3.29138,3.29138,0.0,1.0,1
