,time,Pinceur Inf Mesure de courant,Pinceur Sup Mesure de courant,Mandrin - Vitesse Actuelle,Pinceur Sup Mesure vitesse lineaire,Pinceur Inf Mesure vitesse lineaire,Mandrin - Mesure Expansion,Pinceur Nord Position entrefer estimee,Pinceur Sud Position entrefer estimee,Pinceur Nord Force entrefer calibree,Pinceur Sud Force entrefer calibree,Guides Nord Entree Position mesuree,Guides Nord Sortie Position mesuree,Guides Nord Entree Force pour regulateur PI,Guides Nord Sortie Force pour regulateur PI,Guides Sud Entree Force pour regulateur PI,Guides Sud Sortie Force pour regulateur PI,Mandrin - Vitesse Actuelle F10,_Excentrage largeur bande jauge bob,_Excentrage largeur bande jauge bob.1,TDB pinceur,Fenetre,Declancheur
112500,31.05.2024 13:54:48.170000,204.098,91.8731,7.31508,7.412,7.106,39.7721,4.75037,3.88257,44.0038,25.0265,521.27,522.29,3.71623,8.44481,0.0226531,-0.283791,6.36436,37.5579,37.5579,1.0,1.0,1
112501,31.05.2024 13:54:48.180000,285.59,145.926,7.31333,7.247,6.956,39.7959,4.62473,4.01092,56.8604,35.7508,517.88,518.86,3.98434,8.18701,-0.0267434,-0.283348,6.36497,34.252,34.252,1.0,1.0,1
112502,31.05.2024 13:54:48.190000,381.665,207.724,7.31333,7.183,6.78,39.8274,4.47933,4.05851,56.8604,35.7508,517.88,518.86,3.98434,8.18701,-0.0267434,-0.283348,6.3653,34.2376,34.2376,1.0,1.0,1
112503,31.05.2024 13:54:48.200000,381.665,207.724,7.31456,7.183,6.78,39.8274,4.29582,4.07167,47.5696,54.1819,516.22,517.195,4.01558,7.61005,-0.0976739,-0.2799,6.36641,34.2376,34.2376,1.0,1.0,1
112504,31.05.2024 13:54:48.210000,381.665,207.724,7.31456,7.183,6.78,39.8274,4.29582,4.07167,47.5696,54.1819,516.22,517.195,4.01558,7.61005,-0.0976739,-0.2799,6.36641,34.2376,34.2376,1.0,1.0,1
112505,31.05.2024 13:54:48.220000,567.142,236.481,7.31906,7.196,6.407,39.8151,3.9728,4.10275,31.29,47.4908,514.675,515.67,3.78144,7.05589,-0.0450273,-0.375271,6.36641,34.2376,34.2376,1.0,1.0,1
112506,31.05.2024 13:54:48.230000,567.142,236.481,7.31906,7.196,6.407,39.8151,3.9728,4.10275,31.29,47.4908,514.675,515.67,3.78144,7.05589,-0.0450273,-0.375271,6.36641,34.2376,34.2376,1.0,1.0,1
112507,31.05.2024 13:54:48.240000,661.981,291.852,7.31131,7.076,6.297,39.7747,3.74884,4.10589,20.3523,40.2894,513.15,514.225,3.63458,7.1707,-0.047812,-0.339138,6.36742,33.912,33.912,1.0,1.0,1
112508,31.05.2024 13:54:48.250000,661.981,291.852,7.31131,7.076,6.297,39.7747,3.74884,4.10589,20.3523,40.2894,513.15,514.225,3.63458,7.1707,-0.047812,-0.339138,6.36742,33.912,33.912,1.0,1.0,1
112509,31.05.2024 13:54:48.260000,704.498,524.295,7.31538,6.748,6.28,39.7771,3.90277,3.97601,17.2346,49.7926,511.69,512.655,3.72878,7.77544,0.0318656,-0.294413,6.36941,33.0295,33.0295,1.0,1.0,1
112510,31.05.2024 13:54:48.270000,677.884,584.363,7.31481,6.731,6.449,39.8043,4.11724,3.85516,25.8632,41.1463,510.215,511.13,4.00898,8.09086,-0.00294352,-0.29418,6.37042,33.9627,33.9627,1.0,1.0,1
112511,31.05.2024 13:54:48.280000,677.884,584.363,7.31481,6.731,6.449,39.8043,4.11724,3.85516,25.8632,41.1463,510.215,511.13,4.00898,8.09086,-0.00294352,-0.29418,6.37042,33.9627,33.9627,1.0,1.0,1
112512,31.05.2024 13:54:48.290000,677.884,584.363,7.31735,6.731,6.449,39.8043,4.2308,3.80805,32.9102,24.5565,508.7,509.61,4.39283,8.31412,-0.14448,-0.259525,6.3714,34.3316,34.3316,1.0,1.0,1
112513,31.05.2024 13:54:48.300000,695.764,685.547,7.32328,6.415,6.478,39.7833,4.33927,3.75756,41.474,22.3987,507.16,508.04,4.66376,8.82609,-0.101939,-0.220684,6.37198,34.3316,34.3316,1.0,1.0,1
112514,31.05.2024 13:54:48.310000,695.764,685.547,7.32384,6.415,6.478,39.6978,4.31047,3.7396,43.6223,29.2122,505.555,506.4,4.99929,9.11207,-0.0970902,-0.212133,6.37198,35.2358,35.2358,1.0,1.0,1
112515,31.05.2024 13:54:48.320000,705.404,691.644,7.32229,6.397,6.382,39.6966,4.26318,3.71682,43.6223,29.2122,505.555,506.4,4.99929,9.11207,-0.0970902,-0.212133,6.37248,35.2865,35.2865,1.0,1.0,1
112516,31.05.2024 13:54:48.330000,705.404,689.419,7.32229,6.449,6.382,39.6966,4.09319,3.71092,40.0324,19.6381,503.925,504.825,4.9211,9.02952,-0.020308,-0.217024,6.37248,35.2865,35.2865,1.0,1.0,1
112517,31.05.2024 13:54:48.340000,705.404,689.419,7.32229,6.449,6.382,39.6966,4.09319,3.71092,40.0324,19.6381,503.925,504.825,4.9211,9.02952,-0.020308,-0.217024,6.37248,35.2865,35.2865,1.0,1.0,1
112518,31.05.2024 13:54:48.350000,696.917,689.419,7.31766,6.449,6.354,39.6748,3.98594,3.72113,33.0632,16.2056,502.3,503.275,4.70013,9.33503,-0.0222383,-0.25205,6.37327,36.263,36.263,1.0,1.0,1
112519,31.05.2024 13:54:48.360000,696.917,689.419,7.31766,6.449,6.354,39.6748,3.98594,3.72113,33.0632,16.2056,502.3,503.275,4.70013,9.33503,-0.0222383,-0.25205,6.37327,36.263,36.263,1.0,1.0,1
112520,31.05.2024 13:54:48.370000,698.236,693.869,7.31457,6.447,6.308,39.735,3.69762,3.7902,22.6872,26.3841,500.665,501.74,4.56076,10.0622,-0.00131083,-0.297482,6.3739,35.5903,35.5903,1.0,1.0,1
112521,31.05.2024 13:54:48.380000,692.056,689.09,7.31282,6.253,6.293,39.8159,3.63047,3.81411,16.461,28.5144,499.04,500.095,4.41006,10.864,0.0237861,-0.33378,6.37384,34.9392,34.9392,1.0,1.0,1
112522,31.05.2024 13:54:48.390000,692.056,689.09,7.32612,6.253,6.293,39.8107,3.64518,3.82381,13.1266,25.0338,497.385,498.43,4.2474,11.1693,-0.00298166,-0.351933,6.37384,34.8958,34.8958,1.0,1.0,1
112523,31.05.2024 13:54:48.400000,689.419,688.76,7.32647,6.318,6.323,39.7469,3.69003,3.83235,13.1266,25.0338,497.385,498.43,4.2474,11.1693,-0.00298166,-0.351933,6.37456,34.6716,34.6716,1.0,1.0,1
112524,31.05.2024 13:54:48.410000,689.419,689.172,7.32647,6.372,6.323,39.7469,3.81659,3.83447,17.4893,29.6338,495.715,496.74,4.12121,11.1503,-0.0140786,-0.377737,6.37456,34.6716,34.6716,1.0,1.0,1
112525,31.05.2024 13:54:48.420000,689.419,689.172,7.32647,6.372,6.323,39.7469,3.81659,3.83447,17.4893,29.6338,495.715,496.74,4.12121,11.1503,-0.0140786,-0.377737,6.37456,34.6716,34.6716,1.0,1.0,1
112526,31.05.2024 13:54:48.430000,689.914,689.172,7.32164,6.372,6.327,39.774,3.88298,3.83197,23.252,29.7124,494.035,495.055,3.88894,10.8166,-0.0323091,-0.345797,6.37481,34.6354,34.6354,1.0,1.0,1
112527,31.05.2024 13:54:48.440000,689.914,688.183,7.32452,6.335,6.345,39.7677,4.00589,3.79369,28.3276,26.8418,492.385,493.395,3.66296,10.5919,-0.0307984,-0.162535,6.37505,34.6354,34.6354,1.0,1.0,1
112528,31.05.2024 13:54:48.450000,692.138,688.431,7.32918,6.291,6.4,39.7745,4.00178,3.78992,28.3276,26.8418,492.385,493.395,3.66296,10.5919,-0.0307984,-0.162535,6.37505,34.252,34.252,1.0,1.0,1
112529,31.05.2024 13:54:48.460000,696.917,685.547,7.32918,6.342,6.414,39.7745,3.97655,3.7842,31.9588,24.6323,490.72,491.74,3.74548,10.5046,-0.0974717,-0.285402,6.37495,34.252,34.252,1.0,1.0,1
112530,31.05.2024 13:54:48.470000,696.917,685.547,7.32788,6.342,6.414,39.689,3.93536,3.77692,30.6745,27.2272,489.055,490.135,3.71809,10.6114,-0.0358186,-0.238663,6.37495,30.7147,30.7147,1.0,1.0,1
112531,31.05.2024 13:54:48.480000,696.917,685.547,7.32788,6.342,6.414,39.689,3.93536,3.77692,30.6745,27.2272,489.055,490.135,3.71809,10.6114,-0.0358186,-0.238663,6.37495,30.7147,30.7147,1.0,1.0,1
112532,31.05.2024 13:54:48.490000,699.554,695.105,7.32387,6.44,6.417,39.6153,3.88757,3.77185,30.6745,27.2272,489.055,490.135,3.71809,10.6114,-0.0358186,-0.238663,6.37496,29.3403,29.3403,1.0,1.0,1
112533,31.05.2024 13:54:48.500000,699.554,695.105,7.32387,6.44,6.417,39.6153,3.88757,3.77185,30.6745,27.2272,489.055,490.135,3.71809,10.6114,-0.0358186,-0.238663,6.37496,29.3403,29.3403,1.0,1.0,1
112534,31.05.2024 13:54:48.510000,687.442,686.865,7.31717,6.432,6.427,39.5394,3.74762,3.76785,22.9094,25.0848,485.73,486.9,4.01139,11.5861,-0.0543809,-0.298574,6.3754,29.3403,29.3403,1.0,1.0,1
112535,31.05.2024 13:54:48.520000,691.891,682.416,7.32972,6.375,6.439,39.6639,3.68682,3.765,18.8438,24.7184,484.055,485.205,4.23959,11.9793,0.0264564,-0.291475,6.37577,28.2552,28.2552,1.0,1.0,1
112536,31.05.2024 13:54:48.530000,686.453,688.595,7.32982,6.4,6.445,39.6292,3.68648,3.76634,18.8438,24.7184,484.055,485.205,4.33202,12.0761,-0.0194764,-0.361311,6.37577,26.4757,26.4757,1.0,1.0,1
112537,31.05.2024 13:54:48.540000,694.693,698.071,7.32982,6.482,6.447,39.6292,3.69003,3.7658,19.0536,23.7102,482.385,483.51,4.33202,12.0761,-0.0194764,-0.361311,6.37551,26.4757,26.4757,1.0,1.0,1
112538,31.05.2024 13:54:48.550000,694.693,698.071,7.32676,6.482,6.447,39.6769,3.70426,3.76508,17.4923,23.3961,480.695,481.78,4.3656,11.8952,0.0360541,-0.3281,6.37551,26.4757,26.4757,1.0,1.0,1
112539,31.05.2024 13:54:48.560000,694.528,696.753,7.33789,6.493,6.446,39.688,3.72468,3.76582,17.4923,23.3961,480.695,481.78,4.3656,11.8952,0.0360541,-0.3281,6.37585,22.9167,22.9167,1.0,1.0,1
112540,31.05.2024 13:54:48.570000,694.528,692.633,7.33789,6.41,6.446,39.688,3.77115,3.77214,20.0093,25.9139,478.99,480.095,4.42638,11.8105,-0.0103631,-0.308752,6.37585,22.9167,22.9167,1.0,1.0,1
112541,31.05.2024 13:54:48.580000,693.21,692.633,7.33202,6.41,6.451,39.6909,3.7934,3.77161,22.3308,25.8671,477.315,478.415,4.27762,11.6458,0.0605483,-0.274895,6.37632,20.9563,20.9563,1.0,1.0,1
112542,31.05.2024 13:54:48.590000,690.49,685.299,7.33202,6.399,6.415,39.7542,3.80579,3.77144,22.3308,25.8671,477.315,478.415,4.27762,11.6458,0.0605483,-0.274895,6.37674,20.9563,20.9563,1.0,1.0,1
112543,31.05.2024 13:54:48.600000,690.49,685.299,7.32813,6.399,6.415,39.7542,3.8063,3.77139,24.0518,26.5817,475.65,476.775,4.1474,11.4801,0.0651565,-0.247229,6.377,20.9563,20.9563,1.0,1.0,1
112544,31.05.2024 13:54:48.610000,690.49,685.299,7.32813,6.399,6.415,39.7542,3.8063,3.77139,24.0518,26.5817,475.65,476.775,4.1474,11.4801,0.0651565,-0.247229,6.377,20.9563,20.9563,1.0,1.0,1
112545,31.05.2024 13:54:48.620000,688.595,688.183,7.3333,6.44,6.425,39.7326,3.78548,3.77016,24.0518,26.5817,475.65,476.775,4.08027,11.6605,0.102304,-0.250006,6.377,19.9291,19.9291,1.0,1.0,1
112546,31.05.2024 13:54:48.630000,690.655,691.562,7.33277,6.426,6.44,39.7021,3.74334,3.75527,22.8684,25.8537,472.235,473.37,4.00449,11.5744,0.129587,-0.259083,6.37723,19.9074,19.9074,1.0,1.0,1
112547,31.05.2024 13:54:48.640000,690.161,691.397,7.33869,6.428,6.442,39.7441,3.71429,3.74144,22.8684,25.8537,472.235,473.37,4.00449,11.5744,0.129587,-0.259083,6.37792,18.9598,18.9598,1.0,1.0,1
112548,31.05.2024 13:54:48.650000,690.161,687.03,7.33869,6.444,6.442,39.7441,3.6639,3.71599,21.8038,22.2038,470.58,471.665,3.81873,11.2787,0.127431,-0.319195,6.37792,18.9598,18.9598,1.0,1.0,1
112549,31.05.2024 13:54:48.660000,688.101,687.03,7.33639,6.444,6.462,39.8071,3.64871,3.71168,16.8446,20.5143,468.905,470.075,3.87426,11.3695,0.0723243,-0.333405,6.37843,17.3611,17.3611,1.0,1.0,1
112550,31.05.2024 13:54:48.670000,693.786,686.453,7.33639,6.494,6.457,39.8601,3.64249,3.71334,16.8446,20.5143,468.905,470.075,3.87426,11.3695,0.0723243,-0.333405,6.37869,15.6901,15.6901,1.0,1.0,1
112551,31.05.2024 13:54:48.680000,693.786,686.453,7.33452,6.494,6.457,39.8601,3.65213,3.71536,17.5836,22.4199,467.225,468.525,3.90357,11.9641,0.0503249,-0.236788,6.37915,15.6901,15.6901,1.0,1.0,1
112552,31.05.2024 13:54:48.690000,695.105,696.835,7.325,6.52,6.432,39.7973,3.67467,3.7116,17.5836,22.4199,467.225,468.525,3.90357,11.9641,0.0503249,-0.236788,6.37915,13.3825,13.3825,1.0,1.0,1
112553,31.05.2024 13:54:48.700000,692.303,695.022,7.325,6.482,6.42,39.7973,3.68099,3.70394,19.7348,24.4579,465.525,466.94,3.90836,12.8508,0.0411277,-0.226151,6.3797,13.3825,13.3825,1.0,1.0,1
112554,31.05.2024 13:54:48.710000,692.303,695.022,7.32279,6.482,6.42,39.8018,3.66938,3.69208,19.6662,19.5416,463.845,465.285,3.79805,13.5944,0.04849,-0.294659,6.3797,11.8417,11.8417,1.0,1.0,1
112555,31.05.2024 13:54:48.720000,692.303,695.022,7.32279,6.482,6.42,39.8018,3.66938,3.69208,19.6662,19.5416,463.845,465.285,3.79805,13.5944,0.04849,-0.294659,6.3797,11.8417,11.8417,1.0,1.0,1
112556,31.05.2024 13:54:48.730000,684.228,685.382,7.31904,6.445,6.482,39.774,3.64277,3.68906,16.7414,14.756,462.18,463.595,3.6574,14.0125,0.0248199,-0.294958,6.38048,11.8128,11.8128,1.0,1.0,1
112557,31.05.2024 13:54:48.740000,684.228,685.382,7.31904,6.445,6.482,39.774,3.64277,3.68906,16.7414,14.756,462.18,463.595,3.6574,14.0125,0.0248199,-0.294958,6.38048,11.8128,11.8128,1.0,1.0,1
112558,31.05.2024 13:54:48.750000,686.947,689.584,7.32992,6.529,6.47,39.7913,3.59606,3.67863,16.9811,22.8795,460.515,462.005,3.57881,14.3017,0.152105,-0.193823,6.38093,8.95544,8.95544,1.0,1.0,1
112559,31.05.2024 13:54:48.760000,687.442,692.798,7.34835,6.578,6.474,39.7763,3.61926,3.6684,18.2891,20.9838,458.87,460.345,3.5947,14.5388,0.130151,-0.333162,6.38252,8.13802,8.13802,1.0,1.0,1
112560,31.05.2024 13:54:48.770000,688.843,698.153,7.34556,6.54,6.457,39.8653,3.63947,3.66738,18.2891,20.9838,458.87,460.345,3.5947,14.5388,0.130151,-0.333162,6.38252,8.13802,8.13802,1.0,1.0,1
112561,31.05.2024 13:54:48.780000,684.393,692.056,7.34556,6.452,6.455,39.8653,3.65289,3.68112,17.3315,16.0729,457.27,458.76,3.68431,15.1146,0.268209,-0.251213,6.38264,8.13802,8.13802,1.0,1.0,1
112562,31.05.2024 13:54:48.790000,684.393,692.056,7.31492,6.452,6.455,39.8967,3.67344,3.70243,20.5267,19.9793,455.815,457.18,4.25152,15.7773,0.941999,-0.292486,6.38264,8.62268,8.62268,1.0,1.0,1
112563,31.05.2024 13:54:48.800000,684.393,692.056,7.31492,6.452,6.455,39.8967,3.67344,3.70243,20.5267,19.9793,455.815,457.18,4.25152,15.7773,0.941999,-0.292486,6.38264,8.62268,8.62268,1.0,1.0,1
112564,31.05.2024 13:54:48.810000,691.809,687.936,7.31003,6.456,6.487,39.7444,3.69743,3.71469,20.5267,19.9793,455.815,457.18,4.25152,15.7773,0.941999,-0.292486,6.38338,8.80353,8.80353,1.0,1.0,1
112565,31.05.2024 13:54:48.820000,691.809,687.936,7.31003,6.456,6.487,39.7444,3.69743,3.71469,20.5267,19.9793,455.815,457.18,4.25152,15.7773,0.941999,-0.292486,6.38338,8.80353,8.80353,1.0,1.0,1
112566,31.05.2024 13:54:48.830000,687.689,687.524,7.30171,6.547,6.444,39.7936,3.75201,3.73594,24.3229,23.3235,452.6,454.09,6.73367,17.3545,3.47079,-0.20577,6.38422,9.06394,9.06394,1.0,1.0,1
112567,31.05.2024 13:54:48.840000,692.386,694.61,7.32838,6.521,6.389,39.7938,3.73742,3.77368,25.7027,23.1198,450.985,452.515,7.44677,18.1085,3.72961,-0.205555,6.38569,9.06394,9.06394,1.0,1.0,1
112568,31.05.2024 13:54:48.850000,681.18,695.434,7.35058,6.427,6.372,39.8489,3.71029,3.77702,25.7027,23.1198,450.985,452.515,7.97761,19.038,4.68961,-0.0815907,6.38569,8.93374,8.93374,1.0,1.0,1
112569,31.05.2024 13:54:48.860000,685.711,690.161,7.35058,6.411,6.352,39.8489,3.6804,3.77488,23.6454,27.723,449.43,450.975,7.97761,19.038,4.68961,-0.0815907,6.38577,8.93374,8.93374,1.0,1.0,1
112570,31.05.2024 13:54:48.870000,685.711,690.161,7.34395,6.411,6.352,39.7974,3.64858,3.76969,21.8881,27.5825,448.065,449.42,8.81625,19.9515,5.97351,0.00969696,6.38577,9.74393,9.74393,1.0,1.0,1
112571,31.05.2024 13:54:48.880000,685.711,690.161,7.34395,6.411,6.352,39.7974,3.64858,3.76969,21.8881,27.5825,448.065,449.42,8.81625,19.9515,5.97351,0.00969696,6.38577,9.74393,9.74393,1.0,1.0,1
112572,31.05.2024 13:54:48.890000,695.187,699.801,7.33073,6.457,6.352,39.7738,3.61378,3.75869,20.5362,23.0675,446.595,447.845,10.5707,20.8813,6.14706,0.22864,6.38658,9.74393,9.74393,1.0,1.0,1
112573,31.05.2024 13:54:48.900000,689.337,700.049,7.32256,6.439,6.344,39.729,3.54879,3.72974,18.3509,25.4567,445.6,446.5,6.86502,11.9709,6.86638,0.554348,6.38739,9.3316,9.3316,1.0,1.0,1
112574,31.05.2024 13:54:48.910000,690.82,690.655,7.32256,6.399,6.356,39.7835,3.54924,3.71981,18.3509,25.4567,445.6,446.5,6.86502,11.9709,6.86638,0.554348,6.38779,7.64612,7.64612,1.0,1.0,1
112575,31.05.2024 13:54:48.920000,690.82,690.655,7.34582,6.399,6.356,39.7835,3.56128,3.71042,16.1883,22.736,445.77,447.36,3.97812,3.68011,8.1546,1.11451,6.38812,7.64612,7.64612,1.0,1.0,1
112576,31.05.2024 13:54:48.930000,690.82,690.655,7.34582,6.399,6.356,39.7835,3.56128,3.71042,16.1883,22.736,445.77,447.36,3.97812,3.68011,8.1546,1.11451,6.38812,7.64612,7.64612,1.0,1.0,1
112577,31.05.2024 13:54:48.940000,692.798,684.146,7.36327,6.388,6.344,39.7406,3.59987,3.7058,16.1883,22.736,445.77,447.36,3.33479,7.3232,8.35812,1.91047,6.38812,7.64612,7.64612,1.0,1.0,1
112578,31.05.2024 13:54:48.950000,695.352,689.502,7.35783,6.409,6.348,39.753,3.64254,3.70431,21.5815,22.6571,445.985,448.165,1.20473,11.1741,8.7153,2.43182,6.38818,7.27721,7.27721,1.0,1.0,1
112579,31.05.2024 13:54:48.960000,692.468,688.101,7.35728,6.414,6.354,39.7484,3.66213,3.70593,21.5815,22.6571,445.985,448.165,1.20473,11.1741,8.7153,2.43182,6.38879,7.51592,7.51592,1.0,1.0,1
112580,31.05.2024 13:54:48.970000,692.468,690.326,7.35728,6.395,6.354,39.7484,3.67313,3.70438,22.193,23.2039,446.0,448.135,3.19001,9.83835,8.80248,2.8499,6.38879,7.51592,7.51592,1.0,1.0,1
112581,31.05.2024 13:54:48.980000,689.502,690.326,7.36789,6.395,6.367,39.7913,3.66851,3.70222,22.6737,21.2176,446.18,448.51,3.65189,9.62193,7.85331,3.48679,6.38915,7.41464,7.41464,1.0,1.0,1
112582,31.05.2024 13:54:48.990000,662.887,687.936,7.36789,6.401,6.41,39.8395,3.65792,3.69979,22.6737,21.2176,446.18,448.51,3.65189,9.62193,7.85331,3.48679,6.38947,7.704,7.704,1.0,1.0,1
112583,31.05.2024 13:54:49.000000,662.887,687.936,7.37448,6.401,6.41,39.8395,3.64006,3.69656,22.944,21.8189,446.245,448.59,5.88884,12.1818,6.78557,3.88623,6.38989,7.704,7.704,1.0,1.0,1
112584,31.05.2024 13:54:49.010000,662.887,687.936,7.37448,6.401,6.41,39.8395,3.64006,3.69656,22.944,21.8189,446.245,448.59,5.88884,12.1818,6.78557,3.88623,6.38989,7.704,7.704,1.0,1.0,1
112585,31.05.2024 13:54:49.020000,642.535,686.618,7.35799,6.519,6.465,39.8221,3.59441,3.6753,20.8307,22.7073,446.01,448.3,7.26787,12.7657,5.9613,4.29165,6.38989,7.66782,7.66782,1.0,1.0,1
112586,31.05.2024 13:54:49.030000,613.696,693.457,7.34556,6.575,6.46,39.7552,3.5447,3.66287,19.2699,17.5967,445.825,448.195,7.06324,10.6105,4.8647,4.68628,6.39028,7.20487,7.20487,1.0,1.0,1
112587,31.05.2024 13:54:49.040000,584.61,673.022,7.33893,6.57,6.514,40.0166,3.52475,3.65014,19.2699,17.5967,445.825,448.195,7.06324,10.6105,4.8647,4.68628,6.39033,7.21209,7.21209,1.0,1.0,1
112588,31.05.2024 13:54:49.050000,584.61,641.546,7.33893,6.587,6.514,40.0166,3.48273,3.60639,17.2132,17.901,445.675,448.315,6.06027,8.66013,4.70219,4.93919,6.39033,7.21209,7.21209,1.0,1.0,1
112589,31.05.2024 13:54:49.060000,584.61,641.546,7.33893,6.587,6.514,40.0166,3.48273,3.60639,17.2132,17.901,445.675,448.315,6.06027,8.66013,4.70219,4.93919,6.39033,7.21209,7.21209,1.0,1.0,1
112590,31.05.2024 13:54:49.070000,572.745,641.546,7.32727,6.587,6.533,40.4607,3.46365,3.59314,16.3298,14.7839,445.635,448.465,4.39652,8.15619,5.67508,5.27364,6.39023,7.21209,7.21209,1.0,1.0,1
112591,31.05.2024 13:54:49.080000,548.52,612.378,7.29902,6.632,6.567,41.0691,3.43372,3.53928,13.061,11.2008,445.685,448.515,3.41119,7.81825,5.57915,5.42025,6.39081,7.97164,7.97164,1.0,1.0,1
112592,31.05.2024 13:54:49.090000,557.666,615.509,7.26611,6.698,6.642,41.8045,3.43553,3.53477,13.061,11.2008,445.685,448.515,3.41119,7.81825,5.57915,5.42025,6.39081,8.45631,8.45631,1.0,1.0,1
112593,31.05.2024 13:54:49.100000,557.666,615.509,7.26611,6.698,6.642,41.8045,3.43553,3.53477,13.061,11.2008,445.685,448.515,3.41119,7.81825,5.57915,5.42025,6.39081,8.45631,8.45631,1.0,1.0,1
112594,31.05.2024 13:54:49.110000,553.711,615.344,7.26611,6.757,6.631,41.8045,3.45273,3.53261,12.647,10.3849,445.835,448.655,2.91175,7.24176,5.61076,5.59785,6.39094,8.45631,8.45631,1.0,1.0,1
112595,31.05.2024 13:54:49.120000,553.711,615.344,7.26611,6.757,6.631,41.8045,3.45273,3.53261,12.647,10.3849,445.835,448.655,2.91175,7.24176,5.61076,5.59785,6.39094,8.45631,8.45631,1.0,1.0,1
112596,31.05.2024 13:54:49.130000,558.325,608.093,7.21232,6.734,6.648,43.6222,3.56839,3.55601,13.997,13.3594,445.905,448.83,3.58004,7.27663,6.07248,5.6414,6.39165,9.17245,9.17245,1.0,1.0,1
112597,31.05.2024 13:54:49.140000,557.501,602.984,7.18258,6.734,6.619,44.6958,3.63453,3.58762,22.3206,15.2073,445.77,448.81,4.93805,8.03333,6.29483,5.79993,6.39187,9.375,9.375,1.0,1.0,1
112598,31.05.2024 13:54:49.150000,552.145,606.363,7.18258,6.692,6.577,45.7681,3.65481,3.59858,22.3206,15.2073,445.77,448.81,4.93805,8.03333,6.29483,5.79993,6.39308,9.375,9.375,1.0,1.0,1
112599,31.05.2024 13:54:49.160000,552.145,606.363,7.18258,6.692,6.577,45.7681,3.65481,3.59858,22.3206,15.2073,445.77,448.81,4.93805,8.03333,6.29483,5.79993,6.39308,9.375,9.375,1.0,1.0,1
112600,31.05.2024 13:54:49.170000,552.145,606.363,7.16164,6.692,6.577,45.7681,3.65476,3.61568,23.8764,15.423,445.64,448.79,4.90055,7.30965,6.48623,5.7584,6.39433,9.38947,9.38947,1.0,1.0,1
112601,31.05.2024 13:54:49.180000,552.145,606.363,7.16164,6.692,6.577,45.7681,3.65476,3.61568,23.8764,15.423,445.64,448.79,4.90055,7.30965,6.48623,5.7584,6.39433,9.38947,9.38947,1.0,1.0,1
112602,31.05.2024 13:54:49.190000,567.471,606.692,7.13088,6.693,6.602,46.8819,3.61827,3.65933,24.9767,19.8456,445.62,448.87,4.24475,6.83114,6.52899,5.7869,6.39489,9.38947,9.38947,1.0,1.0,1
112603,31.05.2024 13:54:49.200000,563.434,607.434,7.0496,6.704,6.551,49.1062,3.54916,3.65898,23.9208,20.9191,445.64,448.955,3.91204,6.49859,6.5794,5.91394,6.39637,9.8886,9.8886,1.0,1.0,1
112604,31.05.2024 13:54:49.210000,567.471,606.692,7.13088,6.693,6.602,46.8819,3.61827,3.65933,24.9767,19.8456,445.62,448.87,4.24475,6.83114,6.52899,5.7869,6.39637,9.8886,9.8886,1.0,1.0,1
112605,31.05.2024 13:54:49.220000,565.576,607.434,7.03049,6.704,6.509,50.3163,3.52488,3.649,19.3939,19.0165,445.655,448.995,4.14207,6.46684,6.99437,5.8609,6.39747,9.8886,9.8886,1.0,1.0,1
112606,31.05.2024 13:54:49.230000,562.692,608.011,7.03049,6.636,6.479,51.5318,3.51653,3.64047,19.3939,19.0165,445.655,448.995,4.14207,6.46684,6.99437,5.8609,6.39822,9.18692,9.18692,1.0,1.0,1
112607,31.05.2024 13:54:49.240000,562.692,608.011,7.01931,6.636,6.479,51.5318,3.51397,3.63381,19.9078,21.1477,445.635,449.035,4.47816,6.22874,7.06205,5.8548,6.39913,9.18692,9.18692,1.0,1.0,1
112608,31.05.2024 13:54:49.250000,562.692,608.011,7.01931,6.636,6.479,51.5318,3.51397,3.63381,19.9078,21.1477,445.635,449.035,4.47816,6.22874,7.06205,5.8548,6.39913,9.18692,9.18692,1.0,1.0,1
112609,31.05.2024 13:54:49.260000,549.096,611.883,6.97613,6.596,6.525,52.5709,3.50596,3.60896,19.9078,21.1477,445.635,449.035,4.58345,6.2711,7.22682,5.92717,6.39913,9.17969,9.17969,1.0,1.0,1
112610,31.05.2024 13:54:49.270000,567.718,613.531,6.90995,6.653,6.581,53.7863,3.50824,3.58044,18.2209,13.7265,445.525,449.005,4.52321,6.22234,6.80626,5.92542,6.4,9.38947,9.38947,1.0,1.0,1
112611,31.05.2024 13:54:49.280000,559.808,603.149,6.86423,6.692,6.554,54.8735,3.50566,3.58926,18.2209,13.7265,445.525,449.005,4.52321,6.22234,6.80626,5.92542,6.40127,9.72946,9.72946,1.0,1.0,1
112612,31.05.2024 13:54:49.290000,559.808,591.943,6.86423,6.666,6.554,54.8735,3.53167,3.56705,17.6266,14.1933,445.515,449.0,4.27658,5.71339,6.48319,5.87862,6.40127,9.72946,9.72946,1.0,1.0,1
112613,31.05.2024 13:54:49.300000,564.999,591.943,6.81604,6.666,6.56,56.0413,3.54102,3.5567,19.7307,17.8819,445.5,449.03,4.23714,5.49685,6.54238,5.95896,6.40206,9.68605,9.68605,1.0,1.0,1
112614,31.05.2024 13:54:49.310000,560.22,609.164,6.81604,6.646,6.509,57.1065,3.54742,3.56758,19.7307,17.8819,445.5,449.03,4.23714,5.49685,6.54238,5.95896,6.40277,9.03501,9.03501,1.0,1.0,1
112615,31.05.2024 13:54:49.320000,560.22,609.164,6.78578,6.646,6.509,57.1065,3.55546,3.58414,20.4501,11.378,445.485,449.045,4.16627,5.58279,6.42196,6.00067,6.40363,9.03501,9.03501,1.0,1.0,1
112616,31.05.2024 13:54:49.330000,562.445,604.88,6.76274,6.61,6.532,58.2215,3.56857,3.58723,20.4501,11.378,445.485,449.045,4.1507,5.42674,6.27922,6.04057,6.40363,9.38223,9.38223,1.0,1.0,1
112617,31.05.2024 13:54:49.340000,563.681,607.681,6.76274,6.646,6.584,58.2215,3.57434,3.5928,20.9708,16.0764,445.49,449.05,4.1507,5.42674,6.27922,6.04057,6.40455,9.38223,9.38223,1.0,1.0,1
112618,31.05.2024 13:54:49.350000,563.681,607.681,6.70204,6.646,6.584,59.3625,3.58615,3.60919,24.2544,18.3024,445.515,449.105,4.33817,5.27944,6.28353,6.16445,6.40455,9.36776,9.36776,1.0,1.0,1
112619,31.05.2024 13:54:49.360000,566.235,578.924,6.65274,6.668,6.536,60.5817,3.59947,3.61821,24.2544,18.3024,445.515,449.105,4.33817,5.27944,6.28353,6.16445,6.4054,9.88136,9.88136,1.0,1.0,1
112620,31.05.2024 13:54:49.370000,566.235,583.456,6.65274,6.608,6.536,60.5817,3.60065,3.62456,24.5099,18.8574,445.48,449.13,4.82688,5.54806,6.3781,6.17344,6.4054,9.88136,9.88136,1.0,1.0,1
112621,31.05.2024 13:54:49.380000,566.235,583.456,6.65274,6.608,6.536,60.5817,3.60065,3.62456,24.5099,18.8574,445.48,449.13,4.82688,5.54806,6.3781,6.17344,6.4054,9.88136,9.88136,1.0,1.0,1
112622,31.05.2024 13:54:49.390000,558.984,583.456,6.64214,6.608,6.431,61.6974,3.59309,3.62553,22.9509,17.1518,445.365,449.075,4.95883,5.92717,6.42653,6.30521,6.40588,10.0333,10.0333,1.0,1.0,1
112623,31.05.2024 13:54:49.400000,569.449,602.572,6.59601,6.553,6.397,62.7852,3.49155,3.62084,21.3488,16.2096,445.315,449.01,4.50007,5.25583,6.32266,6.28728,6.40737,10.0333,10.0333,1.0,1.0,1
112624,31.05.2024 13:54:49.410000,555.441,604.797,6.56046,6.559,6.373,63.9034,3.45013,3.61706,21.3488,16.2096,445.315,449.01,4.50007,5.25583,6.32266,6.28728,6.40737,10.0839,10.0839,1.0,1.0,1
112625,31.05.2024 13:54:49.420000,562.692,593.921,6.56046,6.607,6.496,63.9034,3.42182,3.61357,17.7666,15.6578,445.31,449.02,4.12048,4.88334,6.3054,6.35348,6.40784,10.0839,10.0839,1.0,1.0,1
112626,31.05.2024 13:54:49.430000,562.692,593.921,6.54152,6.607,6.496,65.0302,3.39775,3.59682,15.7786,18.8103,445.375,449.07,3.91151,4.81289,6.30422,6.51068,6.40784,10.0622,10.0622,1.0,1.0,1
112627,31.05.2024 13:54:49.440000,562.692,593.921,6.54152,6.607,6.496,65.0302,3.39775,3.59682,15.7786,18.8103,445.375,449.07,3.91151,4.81289,6.30422,6.51068,6.40784,10.0622,10.0622,1.0,1.0,1
112628,31.05.2024 13:54:49.450000,553.876,581.726,6.47337,6.589,6.453,66.2024,3.38281,3.57249,15.7786,18.8103,445.375,449.07,3.91151,4.81289,6.30422,6.51068,6.40828,10.0622,10.0622,1.0,1.0,1
112629,31.05.2024 13:54:49.460000,563.186,588.482,6.4576,6.554,6.435,67.287,3.40917,3.56277,14.601,12.1373,445.36,449.12,4.93329,5.36891,6.23618,6.53946,6.40864,10.0477,10.0477,1.0,1.0,1
112630,31.05.2024 13:54:49.470000,562.939,604.468,6.4576,6.509,6.423,68.2588,3.44024,3.55095,14.601,12.1373,445.36,449.12,4.93329,5.36891,6.23618,6.53946,6.40898,10.8218,10.8218,1.0,1.0,1
112631,31.05.2024 13:54:49.480000,562.939,604.468,6.48099,6.509,6.423,68.2588,3.48246,3.54559,18.9072,15.0772,445.315,449.09,5.12473,5.59264,6.5084,6.53436,6.40935,10.8218,10.8218,1.0,1.0,1
112632,31.05.2024 13:54:49.490000,561.621,609.411,6.45364,6.509,6.353,69.3601,3.55126,3.5754,18.9072,15.0772,445.315,449.09,5.17229,5.61243,6.55562,6.47109,6.40935,10.4818,10.4818,1.0,1.0,1
112633,31.05.2024 13:54:49.500000,561.868,610.483,6.45364,6.464,6.359,69.3601,3.58287,3.58716,21.3521,15.7633,445.225,448.99,5.17229,5.61243,6.55562,6.47109,6.40922,10.4818,10.4818,1.0,1.0,1
112634,31.05.2024 13:54:49.510000,561.868,610.483,6.45364,6.464,6.359,69.3601,3.58287,3.58716,21.3521,15.7633,445.225,448.99,5.17229,5.61243,6.55562,6.47109,6.40922,10.4818,10.4818,1.0,1.0,1
112635,31.05.2024 13:54:49.520000,561.868,610.483,6.42344,6.464,6.359,70.3601,3.60558,3.59208,22.3927,16.2076,445.17,448.95,4.69456,5.07215,6.55656,6.49693,6.40922,10.4818,10.4818,1.0,1.0,1
112636,31.05.2024 13:54:49.530000,558.984,606.857,6.4453,6.405,6.364,71.4952,3.55639,3.62204,25.1662,17.6969,445.17,448.97,4.26826,4.64002,6.50767,6.53635,6.40971,10.4311,10.4311,1.0,1.0,1
112637,31.05.2024 13:54:49.540000,544.482,606.857,6.43379,6.405,6.374,72.4591,3.52829,3.62569,21.7444,19.9679,445.25,449.015,4.06212,4.53157,6.12754,6.60258,6.40971,10.4239,10.4239,1.0,1.0,1
112638,31.05.2024 13:54:49.550000,547.201,597.217,6.43379,6.451,6.366,73.339,3.49966,3.62686,21.7444,19.9679,445.25,449.015,4.06212,4.53157,6.12754,6.60258,6.40964,10.6915,10.6915,1.0,1.0,1
112639,31.05.2024 13:54:49.560000,547.201,597.217,6.39691,6.451,6.366,73.339,3.4738,3.6268,19.7623,19.3267,445.26,449.065,4.51067,4.67137,5.88423,6.69241,6.40994,10.6915,10.6915,1.0,1.0,1
112640,31.05.2024 13:54:49.570000,547.201,597.217,6.39691,6.451,6.366,73.339,3.4738,3.6268,19.7623,19.3267,445.26,449.065,4.51067,4.67137,5.88423,6.69241,6.40994,10.6915,10.6915,1.0,1.0,1
112641,31.05.2024 13:54:49.580000,541.434,576.288,6.41713,6.437,6.338,74.3317,3.43552,3.61534,19.7623,19.3267,445.26,449.065,5.01636,5.1288,5.82598,6.69456,6.40994,10.8579,10.8579,1.0,1.0,1
112642,31.05.2024 13:54:49.590000,533.276,579.501,6.45285,6.414,6.385,75.334,3.42634,3.60635,17.5956,17.2872,445.135,448.905,5.12877,5.07286,5.82757,6.68902,6.40964,11.0315,11.0315,1.0,1.0,1
112643,31.05.2024 13:54:49.600000,543.164,581.149,6.43238,6.411,6.322,76.1439,3.43338,3.60138,17.5956,17.2872,445.135,448.905,5.12877,5.07286,5.82757,6.68902,6.40975,11.0749,11.0749,1.0,1.0,1
112644,31.05.2024 13:54:49.610000,543.164,576.535,6.43238,6.422,6.322,76.1439,3.44534,3.57984,18.6187,19.3772,445.045,448.91,4.74825,4.33714,5.94753,6.73578,6.40975,11.0749,11.0749,1.0,1.0,1
112645,31.05.2024 13:54:49.620000,543.164,576.535,6.43238,6.422,6.322,76.1439,3.44534,3.57984,18.6187,19.3772,445.045,448.91,4.74825,4.33714,5.94753,6.73578,6.40975,11.0749,11.0749,1.0,1.0,1
112646,31.05.2024 13:54:49.630000,556.677,576.535,6.4093,6.422,6.297,77.0447,3.44843,3.57301,17.6955,15.8574,445.06,448.93,4.09733,4.10161,5.99363,6.69706,6.40945,11.0243,11.0243,1.0,1.0,1
112647,31.05.2024 13:54:49.640000,556.677,576.535,6.4093,6.422,6.297,77.0447,3.44843,3.57301,17.6955,15.8574,445.06,448.93,4.09733,4.10161,5.99363,6.69706,6.40945,11.0243,11.0243,1.0,1.0,1
112648,31.05.2024 13:54:49.650000,539.868,556.842,6.44704,6.428,6.373,77.9294,3.47522,3.58284,18.3113,14.4432,445.1,448.91,4.01913,4.21224,6.00798,6.76957,6.40886,11.0388,11.0388,1.0,1.0,1
112649,31.05.2024 13:54:49.660000,523.8,540.939,6.44739,6.435,6.337,78.6502,3.49647,3.58654,20.961,17.4761,445.105,448.925,4.25133,4.10925,6.09636,6.77248,6.40875,10.735,10.735,1.0,1.0,1
112650,31.05.2024 13:54:49.670000,523.8,540.939,6.45545,6.435,6.337,79.2763,3.50127,3.58417,20.404,19.0702,445.1,448.935,4.56904,4.18582,5.97889,6.69342,6.40875,11.1835,11.1835,1.0,1.0,1
112651,31.05.2024 13:54:49.680000,512.842,534.759,6.48777,6.432,6.349,79.8055,3.50207,3.5937,20.404,19.0702,445.1,448.935,4.56904,4.18582,5.97889,6.69342,6.40876,11.1835,11.1835,1.0,1.0,1
112652,31.05.2024 13:54:49.690000,512.842,517.538,6.48777,6.437,6.349,79.8055,3.50519,3.60744,20.4599,14.0554,445.055,448.9,4.76179,4.42991,5.65181,6.64303,6.40876,11.1835,11.1835,1.0,1.0,1
112653,31.05.2024 13:54:49.700000,512.842,517.538,6.48777,6.437,6.349,79.8055,3.50519,3.60744,20.4599,14.0554,445.055,448.9,4.76179,4.42991,5.65181,6.64303,6.40876,11.1835,11.1835,1.0,1.0,1
112654,31.05.2024 13:54:49.710000,502.954,517.538,6.49758,6.437,6.376,80.4436,3.50167,3.59949,19.9268,18.2739,445.015,448.835,4.68291,4.27698,5.76284,6.63247,6.40854,11.4439,11.4439,1.0,1.0,1
112655,31.05.2024 13:54:49.720000,482.519,498.999,6.48826,6.46,6.38,80.8947,3.49122,3.5951,20.5999,21.2605,444.975,448.825,4.38922,3.8977,5.91057,6.74054,6.4089,11.4873,11.4873,1.0,1.0,1
112656,31.05.2024 13:54:49.730000,463.65,481.448,6.48217,6.46,6.461,81.3234,3.49715,3.59266,20.5999,21.2605,444.975,448.825,4.38922,3.8977,5.91057,6.74054,6.4089,11.4873,11.4873,1.0,1.0,1
112657,31.05.2024 13:54:49.740000,463.65,481.448,6.48217,6.46,6.461,81.3234,3.49715,3.59266,20.5999,21.2605,444.975,448.825,4.38922,3.8977,5.91057,6.74054,6.4089,11.4873,11.4873,1.0,1.0,1
112658,31.05.2024 13:54:49.750000,439.508,439.673,6.48217,6.513,6.45,81.3234,3.49785,3.59158,19.9648,15.6867,444.975,448.84,4.15514,3.79439,5.9243,6.7668,6.40881,11.4945,11.4945,1.0,1.0,1
112659,31.05.2024 13:54:49.760000,439.508,439.673,6.48217,6.513,6.45,81.3234,3.49785,3.59158,19.9648,15.6867,444.975,448.84,4.15514,3.79439,5.9243,6.7668,6.40881,11.4945,11.4945,1.0,1.0,1
112660,31.05.2024 13:54:49.770000,431.515,392.377,6.50088,6.581,6.415,81.964,3.48398,3.58923,21.0398,17.7722,445.02,448.855,4.32835,3.86283,6.13434,6.84235,6.40874,11.5017,11.5017,1.0,1.0,1
112661,31.05.2024 13:54:49.780000,407.043,388.916,6.51122,6.486,6.452,82.2706,3.44872,3.58536,18.0656,15.7589,444.975,448.84,4.97282,4.49368,6.16056,6.81525,6.40877,11.2341,11.2341,1.0,1.0,1
112662,31.05.2024 13:54:49.790000,403.83,394.849,6.51122,6.476,6.439,82.5519,3.43133,3.5827,18.0656,15.7589,444.975,448.84,4.97282,4.49368,6.16056,6.81525,6.40931,11.2341,11.2341,1.0,1.0,1
112663,31.05.2024 13:54:49.800000,403.83,394.849,6.51419,6.476,6.439,82.5519,3.42409,3.57638,16.5093,13.9314,444.94,448.77,5.02106,4.49777,6.14719,6.91876,6.40943,11.2341,11.2341,1.0,1.0,1
112664,31.05.2024 13:54:49.810000,385.208,374.249,6.52596,6.511,6.463,82.722,3.40386,3.57597,16.5093,13.9314,444.94,448.77,4.73477,4.02781,6.13656,6.96534,6.40943,11.6898,11.6898,1.0,1.0,1
112665,31.05.2024 13:54:49.820000,387.762,340.301,6.52596,6.507,6.425,82.722,3.40454,3.55939,16.5264,17.2989,444.915,448.745,4.73477,4.02781,6.13656,6.96534,6.40956,11.6898,11.6898,1.0,1.0,1
112666,31.05.2024 13:54:49.830000,387.762,340.301,6.53798,6.507,6.425,82.8579,3.41118,3.53666,16.4398,15.1801,444.91,448.74,4.77165,3.8803,6.07232,7.01785,6.40956,11.386,11.386,1.0,1.0,1
112667,31.05.2024 13:54:49.840000,363.29,337.5,6.56426,6.475,6.476,83.0881,3.40484,3.53052,16.4398,15.1801,444.91,448.74,4.77165,3.8803,6.07232,7.01785,6.41026,11.386,11.386,1.0,1.0,1
112668,31.05.2024 13:54:49.850000,363.29,337.5,6.56426,6.475,6.476,83.0881,3.40484,3.53052,16.4398,15.1801,444.91,448.74,4.77165,3.8803,6.07232,7.01785,6.41026,11.386,11.386,1.0,1.0,1
112669,31.05.2024 13:54:49.860000,363.29,317.807,6.56426,6.5,6.476,83.0881,3.41319,3.52142,16.3916,9.15779,444.92,448.74,4.68425,3.9435,6.19754,7.21137,6.41101,11.4005,11.4005,1.0,1.0,1
112670,31.05.2024 13:54:49.870000,307.59,259.222,6.52308,6.591,6.49,83.3888,3.42864,3.50511,15.479,12.3698,444.93,448.75,4.87546,4.01595,6.25887,7.58274,6.41096,10.8435,10.8435,1.0,1.0,1
112671,31.05.2024 13:54:49.880000,307.59,259.222,6.49553,6.591,6.49,83.3888,3.44269,3.51954,19.0338,12.5115,444.93,448.75,5.02487,4.18146,6.29493,7.81139,6.41168,10.8435,10.8435,1.0,1.0,1
112672,31.05.2024 13:54:49.890000,307.59,259.222,6.49553,6.591,6.49,83.3888,3.44269,3.51954,19.0338,12.5115,444.93,448.75,5.02487,4.18146,6.29493,7.81139,6.41168,10.8435,10.8435,1.0,1.0,1
112673,31.05.2024 13:54:49.900000,297.867,222.473,6.54266,6.636,6.48,83.4684,3.48355,3.52986,19.0338,12.5115,444.93,448.75,5.20279,4.47738,6.42351,7.73077,6.41168,10.8001,10.8001,1.0,1.0,1
112674,31.05.2024 13:54:49.910000,303.882,204.181,6.5765,6.546,6.426,83.593,3.48289,3.55052,21.0559,13.5231,444.87,448.68,5.15381,4.44245,6.52987,7.83393,6.41161,10.7422,10.7422,1.0,1.0,1
112675,31.05.2024 13:54:49.920000,284.518,226.758,6.57272,6.455,6.442,83.6504,3.47073,3.56146,21.0559,13.5231,444.87,448.68,5.15381,4.44245,6.52987,7.83393,6.41242,10.4456,10.4456,1.0,1.0,1
112676,31.05.2024 13:54:49.930000,284.518,212.668,6.57272,6.474,6.442,83.6504,3.42467,3.561,20.3851,15.9172,444.885,448.665,5.07848,4.19218,6.69169,7.91961,6.41242,10.4456,10.4456,1.0,1.0,1
112677,31.05.2024 13:54:49.940000,266.638,212.668,6.55408,6.474,6.447,83.6245,3.393,3.55724,17.5794,16.0304,444.9,448.69,5.13714,4.24388,6.66836,7.99997,6.41311,10.4745,10.4745,1.0,1.0,1
112678,31.05.2024 13:54:49.950000,251.724,151.117,6.55408,6.543,6.463,83.6747,3.36272,3.55399,17.5794,16.0304,444.9,448.69,5.13714,4.24388,6.66836,7.99997,6.41328,10.4818,10.4818,1.0,1.0,1
112679,31.05.2024 13:54:49.960000,251.724,151.117,6.55678,6.543,6.463,83.6747,3.34164,3.54192,15.578,13.2859,444.905,448.7,5.25045,4.37386,6.73096,8.16106,6.41422,10.4818,10.4818,1.0,1.0,1
112680,31.05.2024 13:54:49.970000,251.724,151.117,6.55678,6.543,6.463,83.6747,3.34164,3.54192,15.578,13.2859,444.905,448.7,5.25045,4.37386,6.73096,8.16106,6.41422,10.4818,10.4818,1.0,1.0,1
112681,31.05.2024 13:54:49.980000,230.466,132.825,6.56815,6.549,6.467,83.5712,3.31811,3.5183,10.9762,11.3069,444.865,448.69,5.38825,4.55607,6.92361,8.23453,6.41422,10.5903,10.5903,1.0,1.0,1
112682,31.05.2024 13:54:49.990000,206.158,121.948,6.55791,6.498,6.468,83.7781,3.34435,3.5115,12.8076,11.7464,444.78,448.65,5.30605,4.6289,7.00175,8.15348,6.41451,10.4818,10.4818,1.0,1.0,1
112683,31.05.2024 13:54:50.000000,181.686,116.016,6.54265,6.456,6.485,83.743,3.36953,3.50567,12.8076,11.7464,444.78,448.65,5.30605,4.6289,7.00175,8.15348,6.41456,10.1924,10.1924,1.0,1.0,1
112684,31.05.2024 13:54:50.010000,181.686,107.034,6.54265,6.486,6.485,83.743,3.44336,3.51001,16.7175,13.3638,444.79,448.62,4.91648,4.45476,6.88388,8.13395,6.41456,10.1924,10.1924,1.0,1.0,1
112685,31.05.2024 13:54:50.020000,181.686,107.034,6.54265,6.486,6.485,83.743,3.44336,3.51001,16.7175,13.3638,444.79,448.62,4.91648,4.45476,6.88388,8.13395,6.41456,10.1924,10.1924,1.0,1.0,1
112686,31.05.2024 13:54:50.030000,156.308,107.034,6.54688,6.486,6.487,83.8066,3.47691,3.52012,18.9478,13.8791,444.85,448.63,4.87426,4.21542,6.86176,8.2051,6.41503,10.1924,10.1924,1.0,1.0,1
112687,31.05.2024 13:54:50.040000,146.503,81.9031,6.55648,6.532,6.447,83.8468,3.50423,3.54631,23.1807,13.9535,444.865,448.66,5.24489,4.18626,6.90643,8.09652,6.41617,9.89584,9.89584,1.0,1.0,1
112688,31.05.2024 13:54:50.050000,142.136,20.5994,6.56132,6.536,6.409,83.9012,3.48904,3.56031,23.1807,13.9535,444.865,448.66,5.24489,4.18626,6.90643,8.09652,6.41617,9.8452,9.8452,1.0,1.0,1
112689,31.05.2024 13:54:50.060000,120.712,0.0,6.56132,6.466,6.446,83.9012,3.47441,3.56423,23.0641,14.2487,444.855,448.675,5.48114,4.4254,7.06273,8.11157,6.41642,9.8452,9.8452,1.0,1.0,1
112690,31.05.2024 13:54:50.070000,120.712,0.0,6.56306,6.466,6.446,83.9987,3.44915,3.56246,21.3923,17.3653,444.83,448.67,5.68316,4.62727,7.14541,8.05056,6.41642,9.8452,9.8452,1.0,1.0,1
112691,31.05.2024 13:54:50.080000,120.712,0.0,6.56306,6.466,6.446,83.9987,3.44915,3.56246,21.3923,17.3653,444.83,448.67,5.68316,4.62727,7.14541,8.05056,6.41642,9.8452,9.8452,1.0,1.0,1
112692,31.05.2024 13:54:50.090000,108.847,7.16858,6.5489,6.462,6.447,83.9453,3.42042,3.55944,21.3923,17.3653,444.83,448.67,5.68316,4.62727,7.14541,8.05056,6.41693,9.68605,9.68605,1.0,1.0,1
112693,31.05.2024 13:54:50.100000,104.15,-6.3446,6.53855,6.425,6.461,83.9099,3.36347,3.54965,14.5602,15.9761,444.795,448.585,5.42065,4.65878,7.46775,7.93843,6.41768,10.0767,10.0767,1.0,1.0,1
112694,31.05.2024 13:54:50.110000,69.7906,-46.8841,6.53855,6.426,6.475,83.8195,3.35951,3.54357,14.5602,15.9761,444.795,448.585,5.42065,4.65878,7.46775,7.93843,6.41818,10.0767,10.0767,1.0,1.0,1
112695,31.05.2024 13:54:50.120000,69.7906,-46.8841,6.51925,6.426,6.475,83.8195,3.35667,3.53164,14.993,12.7391,444.78,448.56,5.37105,4.19139,7.41576,7.8198,6.41849,10.0767,10.0767,1.0,1.0,1
112696,31.05.2024 13:54:50.130000,69.7906,-46.8841,6.51925,6.426,6.475,83.8195,3.35667,3.53164,14.993,12.7391,444.78,448.56,5.37105,4.19139,7.41576,7.8198,6.41849,10.0767,10.0767,1.0,1.0,1
112697,31.05.2024 13:54:50.140000,46.7193,-99.4537,6.52148,6.471,6.47,83.7856,3.37406,3.51418,14.5527,13.5857,444.795,448.605,5.19467,3.97123,7.47477,7.77827,6.41849,9.98987,9.98987,1.0,1.0,1
112698,31.05.2024 13:54:50.150000,46.7193,-99.4537,6.52148,6.471,6.47,83.7856,3.37406,3.51418,14.5527,13.5857,444.795,448.605,5.19467,3.97123,7.47477,7.77827,6.41849,9.98987,9.98987,1.0,1.0,1
112699,31.05.2024 13:54:50.160000,5.27344,-123.761,6.52592,6.511,6.481,83.8035,3.41349,3.50546,15.6229,10.8693,444.835,448.635,5.19961,4.13953,7.3849,7.75179,6.41864,9.89584,9.89584,1.0,1.0,1
112700,31.05.2024 13:54:50.170000,-8.56933,-151.611,6.52165,6.516,6.466,83.8327,3.46045,3.5083,18.292,12.7359,444.84,448.65,5.44032,4.35614,7.19151,7.76178,6.41989,9.89584,9.89584,0.0,1.0,1
112701,31.05.2024 13:54:50.180000,-42.7643,-151.611,6.50569,6.516,6.45,83.9295,3.4673,3.50594,20.2624,12.6794,444.82,448.64,5.61818,4.54539,7.29163,7.71467,6.41989,9.932,9.932,0.0,1.0,1
112702,31.05.2024 13:54:50.190000,-42.5995,-173.282,6.50569,6.478,6.395,83.9417,3.46818,3.50798,20.2624,12.6794,444.82,448.64,5.61818,4.54539,7.29163,7.71467,6.42015,9.8452,9.8452,0.0,1.0,1
112703,31.05.2024 13:54:50.200000,-42.5995,-173.282,6.50335,6.478,6.395,83.9417,3.46194,3.51282,19.8078,11.5157,444.785,448.615,5.74298,4.60057,7.2488,7.69186,6.42092,9.8452,9.8452,0.0,1.0,1
112704,31.05.2024 13:54:50.210000,-42.5995,-173.282,6.50335,6.478,6.395,83.9417,3.46194,3.51282,19.8078,11.5157,444.785,448.615,5.74298,4.60057,7.2488,7.69186,6.42092,9.8452,9.8452,0.0,1.0,1
112705,31.05.2024 13:54:50.220000,-57.843,-181.934,6.5271,6.467,6.411,83.9238,3.44747,3.51405,19.8078,11.5157,444.785,448.615,5.39204,4.47958,7.20402,7.75572,6.42092,9.98987,9.98987,0.0,1.0,1
112706,31.05.2024 13:54:50.230000,-110.825,-209.949,6.51426,6.51,6.442,83.8697,3.43086,3.51219,19.3908,15.6366,444.77,448.555,5.2364,4.27553,7.28217,7.69619,6.42155,9.94647,9.94647,0.0,1.0,1
112707,31.05.2024 13:54:50.240000,-101.514,-247.275,6.49351,6.524,6.405,83.8932,3.42321,3.51222,19.3908,15.6366,444.77,448.555,5.2364,4.27553,7.28217,7.69619,6.42211,9.93924,9.93924,0.0,1.0,1
112708,31.05.2024 13:54:50.250000,-101.514,-262.518,6.49351,6.518,6.405,83.8932,3.41433,3.51105,18.0596,12.0303,444.76,448.56,5.00996,3.97058,7.22677,7.69654,6.42211,9.93924,9.93924,0.0,1.0,1
112709,31.05.2024 13:54:50.260000,-101.514,-262.518,6.49351,6.518,6.405,83.8932,3.41433,3.51105,18.0596,12.0303,444.76,448.56,5.00996,3.97058,7.22677,7.69654,6.42211,9.93924,9.93924,0.0,1.0,1
112710,31.05.2024 13:54:50.270000,-105.963,-262.518,6.48691,6.518,6.42,83.9744,3.41118,3.51132,16.6032,10.7428,444.765,448.565,4.94419,3.94231,7.27936,7.74718,6.42253,9.932,9.932,0.0,1.0,1
112711,31.05.2024 13:54:50.280000,-105.963,-262.518,6.48691,6.518,6.42,83.9744,3.41118,3.51132,16.6032,10.7428,444.765,448.565,4.94419,3.94231,7.27936,7.74718,6.42253,9.932,9.932,0.0,1.0,1
112712,31.05.2024 13:54:50.290000,-108.765,-275.043,6.50008,6.488,6.417,84.0005,3.39043,3.50481,16.6606,13.6675,444.755,448.575,4.9111,3.95888,7.16922,7.71716,6.42365,9.93924,9.93924,0.0,1.0,1
112713,31.05.2024 13:54:50.300000,-115.521,-300.668,6.50489,6.471,6.397,84.0276,3.36289,3.49299,16.44,12.6647,444.76,448.575,4.85322,3.90293,7.05946,7.76672,6.4238,10.0405,10.0405,0.0,1.0,1
112714,31.05.2024 13:54:50.310000,-115.521,-300.668,6.50489,6.471,6.397,84.0276,3.36289,3.49299,16.44,12.6647,444.76,448.575,4.85322,3.90293,7.05946,7.76672,6.4238,10.0405,10.0405,0.0,1.0,1
112715,31.05.2024 13:54:50.320000,-115.521,-300.668,6.50463,6.471,6.397,83.9949,3.34717,3.48475,15.0123,11.8474,444.755,448.57,4.80539,4.01031,7.01266,7.83916,6.4238,10.0405,10.0405,0.0,1.0,1
112716,31.05.2024 13:54:50.330000,-127.634,-322.174,6.50954,6.476,6.405,84.0244,3.31924,3.46185,12.7579,10.0644,444.755,448.565,4.84095,3.90661,7.02713,7.87493,6.42467,9.98263,9.98263,0.0,1.0,1
112717,31.05.2024 13:54:50.340000,-127.634,-322.174,6.50954,6.476,6.405,84.0244,3.31924,3.46185,12.7579,10.0644,444.755,448.565,4.84095,3.90661,7.02713,7.87493,6.42467,9.98263,9.98263,0.0,1.0,1
112718,31.05.2024 13:54:50.350000,-138.757,-322.174,6.51451,6.476,6.429,83.9868,3.32247,3.45962,12.6229,11.2166,444.745,448.565,4.78773,3.78805,6.93992,7.92165,6.42467,9.79456,9.79456,0.0,1.0,1
112719,31.05.2024 13:54:50.360000,-164.136,-347.058,6.51775,6.488,6.434,84.0357,3.37592,3.46248,12.4876,8.82069,444.715,448.545,4.67379,3.85974,7.02336,7.823,6.4249,9.79456,9.79456,0.0,1.0,1
112720,31.05.2024 13:54:50.370000,-180.698,-361.23,6.51374,6.499,6.429,84.0186,3.39836,3.46616,12.4876,8.82069,444.715,448.545,4.67379,3.85974,7.02336,7.823,6.4249,9.85243,9.85243,0.0,1.0,1
112721,31.05.2024 13:54:50.380000,-198.495,-384.549,6.51374,6.491,6.424,84.0186,3.41955,3.47185,13.8095,9.40375,444.71,448.54,4.41141,3.70784,6.99187,7.77845,6.42506,9.85243,9.85243,0.0,1.0,1
112722,31.05.2024 13:54:50.390000,-198.495,-384.549,6.51374,6.491,6.424,84.0186,3.41955,3.47185,13.8095,9.40375,444.71,448.54,4.41141,3.70784,6.99187,7.77845,6.42506,9.85243,9.85243,0.0,1.0,1
112723,31.05.2024 13:54:50.400000,-198.495,-384.549,6.52394,6.491,6.424,84.0465,3.43406,3.47816,15.5714,11.6259,444.715,448.54,4.24979,3.70282,6.94626,7.78661,6.42506,10.0405,10.0405,0.0,1.0,1
112724,31.05.2024 13:54:50.410000,-201.709,-410.998,6.55379,6.508,6.438,84.0918,3.44155,3.49605,18.4519,12.8443,444.725,448.535,4.17829,3.73984,6.84068,7.79818,6.42567,10.0405,10.0405,0.0,1.0,1
112725,31.05.2024 13:54:50.420000,-219.507,-410.998,6.5559,6.508,6.45,84.064,3.43435,3.49905,18.1621,12.7576,444.725,448.54,4.15526,3.74144,6.79645,7.8828,6.42567,9.93924,9.93924,0.0,1.0,1
112726,31.05.2024 13:54:50.430000,-219.507,-410.998,6.5559,6.508,6.45,84.064,3.43435,3.49905,18.1621,12.7576,444.725,448.54,4.15526,3.74144,6.79645,7.8828,6.42567,9.93924,9.93924,0.0,1.0,1
112727,31.05.2024 13:54:50.440000,-224.039,-407.703,6.5559,6.511,6.439,84.0861,3.42358,3.50182,17.1666,10.4992,444.72,448.535,4.18534,3.76526,6.86854,7.87152,6.42578,9.99711,9.99711,0.0,1.0,1
112728,31.05.2024 13:54:50.450000,-254.608,-409.598,6.54729,6.511,6.447,84.0523,3.38063,3.50264,17.1666,10.4992,444.72,448.535,4.19293,3.81747,6.84622,7.82552,6.42604,9.99711,9.99711,0.0,1.0,1
112729,31.05.2024 13:54:50.460000,-256.421,-409.103,6.54729,6.518,6.44,84.0523,3.36333,3.49739,15.6224,12.6272,444.715,448.515,4.19293,3.81747,6.84622,7.82552,6.42619,9.99711,9.99711,0.0,1.0,1
112730,31.05.2024 13:54:50.470000,-256.421,-409.103,6.5693,6.518,6.44,84.0692,3.34649,3.49194,14.726,11.7882,444.7,448.5,4.0948,3.78066,6.86249,7.79386,6.42619,9.99711,9.99711,0.0,1.0,1
112731,31.05.2024 13:54:50.480000,-279.986,-408.774,6.57888,6.524,6.47,84.0693,3.33254,3.48569,14.726,11.7882,444.7,448.5,4.0948,3.78066,6.86249,7.79386,6.42662,9.8452,9.8452,0.0,1.0,1
112732,31.05.2024 13:54:50.490000,-279.986,-408.774,6.57888,6.524,6.47,84.0693,3.33254,3.48569,14.726,11.7882,444.7,448.5,4.0948,3.78066,6.86249,7.79386,6.42662,9.8452,9.8452,0.0,1.0,1
112733,31.05.2024 13:54:50.500000,-279.986,-403.418,6.57888,6.54,6.47,84.0693,3.32109,3.4739,12.0697,10.8081,444.715,448.505,4.10298,3.68914,7.03403,7.84986,6.42715,9.68605,9.68605,0.0,1.0,1
112734,31.05.2024 13:54:50.510000,-324.975,-401.935,6.55414,6.566,6.496,84.0715,3.33708,3.46726,12.1542,10.154,444.715,448.5,4.16966,3.71622,6.98944,7.77626,6.42727,9.68605,9.68605,0.0,1.0,1
112735,31.05.2024 13:54:50.520000,-324.975,-401.935,6.55613,6.566,6.496,84.0715,3.3545,3.46735,13.3477,11.237,444.715,448.5,4.15646,3.81353,7.03853,7.74322,6.42764,9.68605,9.68605,0.0,1.0,1
112736,31.05.2024 13:54:50.530000,-324.975,-401.935,6.55613,6.566,6.496,84.0715,3.3545,3.46735,13.3477,11.237,444.715,448.5,4.15646,3.81353,7.03853,7.74322,6.42764,9.68605,9.68605,0.0,1.0,1
112737,31.05.2024 13:54:50.540000,-334.946,-404.983,6.5625,6.57,6.497,83.9674,3.40331,3.47065,13.3477,11.237,444.715,448.5,4.27988,3.82444,7.00049,7.73168,6.42764,9.28096,9.28096,0.0,1.0,1
112738,31.05.2024 13:54:50.550000,-336.182,-405.231,6.57125,6.557,6.475,83.9566,3.44709,3.47908,16.9985,8.2294,444.715,448.495,4.30396,3.78809,6.92104,7.80226,6.4282,9.03501,9.03501,0.0,1.0,1
112739,31.05.2024 13:54:50.560000,-353.567,-397.98,6.56628,6.568,6.488,84.023,3.46253,3.4841,16.9985,8.2294,444.715,448.495,4.30396,3.78809,6.92104,7.80226,6.42858,8.93374,8.93374,0.0,1.0,1
112740,31.05.2024 13:54:50.570000,-353.567,-400.287,6.56628,6.549,6.488,84.023,3.47534,3.49365,17.1772,10.9807,444.715,448.495,4.39844,3.98811,7.02794,7.77894,6.42858,8.93374,8.93374,0.0,1.0,1
112741,31.05.2024 13:54:50.580000,-367.245,-400.287,6.55989,6.549,6.481,83.9989,3.47469,3.50052,18.4466,12.861,444.705,448.49,4.54459,3.98262,6.97043,7.74541,6.42915,8.83247,8.83247,0.0,1.0,1
112742,31.05.2024 13:54:50.590000,-362.549,-402.099,6.55989,6.564,6.47,83.8827,3.46997,3.50251,18.4466,12.861,444.705,448.49,4.54459,3.98262,6.97043,7.74541,6.42979,8.72396,8.72396,0.0,1.0,1
112743,31.05.2024 13:54:50.600000,-362.549,-402.099,6.55989,6.564,6.47,83.8827,3.46997,3.50251,18.4466,12.861,444.705,448.49,4.54459,3.98262,6.97043,7.74541,6.42979,8.72396,8.72396,0.0,1.0,1
112744,31.05.2024 13:54:50.610000,-362.549,-402.099,6.56366,6.564,6.47,83.8827,3.46355,3.50205,18.803,13.7339,444.7,448.495,4.59068,4.08366,7.00157,7.75833,6.43059,8.68779,8.68779,0.0,1.0,1
112745,31.05.2024 13:54:50.620000,-362.549,-402.099,6.56366,6.564,6.47,83.8827,3.46355,3.50205,18.803,13.7339,444.7,448.495,4.59068,4.08366,7.00157,7.75833,6.43059,8.68779,8.68779,0.0,1.0,1
112746,31.05.2024 13:54:50.630000,-366.916,-407.043,6.55939,6.563,6.484,83.9475,3.42985,3.50206,17.601,12.3807,444.705,448.48,4.70416,4.20465,7.00289,7.71129,6.43116,8.68779,8.68779,0.0,1.0,1
112747,31.05.2024 13:54:50.640000,-358.017,-402.759,6.56558,6.545,6.473,83.9886,3.39376,3.49771,16.2986,12.1922,444.685,448.46,4.79723,4.04129,7.02914,7.69692,6.43133,8.52865,8.52865,0.0,1.0,1
112748,31.05.2024 13:54:50.650000,-358.017,-402.759,6.56558,6.545,6.473,83.9886,3.39376,3.49771,16.2986,12.1922,444.685,448.46,4.79723,4.04129,7.02914,7.69692,6.43133,8.52865,8.52865,0.0,1.0,1
112749,31.05.2024 13:54:50.660000,-358.017,-405.395,6.56558,6.558,6.473,83.9886,3.38286,3.491,14.2615,12.7043,444.67,448.46,4.75778,4.03227,7.02069,7.73694,6.43226,8.28993,8.28993,0.0,1.0,1
112750,31.05.2024 13:54:50.670000,-363.537,-399.628,6.57015,6.525,6.457,83.9984,3.36394,3.47672,13.3415,11.1014,444.665,448.46,4.68905,3.98875,6.98095,7.72415,6.43265,7.92824,7.92824,0.0,1.0,1
112751,31.05.2024 13:54:50.680000,-363.537,-399.628,6.57015,6.525,6.457,83.9984,3.36394,3.47672,13.3415,11.1014,444.665,448.46,4.68905,3.98875,6.98095,7.72415,6.43265,7.92824,7.92824,0.0,1.0,1
112752,31.05.2024 13:54:50.690000,-363.537,-399.628,6.57141,6.525,6.457,83.9984,3.35495,3.47239,11.925,7.88902,444.675,448.46,4.55628,4.03657,6.98378,7.79557,6.43315,7.92824,7.92824,0.0,1.0,1
112753,31.05.2024 13:54:50.700000,-360.571,-399.463,6.58047,6.507,6.461,84.01,3.35187,3.4615,10.9368,10.0003,444.695,448.47,4.55877,4.01728,6.95385,7.8211,6.43412,7.92824,7.92824,0.0,1.0,1
112754,31.05.2024 13:54:50.710000,-360.571,-399.463,6.58289,6.507,6.461,83.996,3.35926,3.46006,11.3753,11.2521,444.705,448.475,4.76276,4.0957,6.98644,7.89479,6.43412,7.76909,7.76909,0.0,1.0,1
112755,31.05.2024 13:54:50.720000,-360.571,-399.463,6.58289,6.507,6.461,83.996,3.35926,3.46006,11.3753,11.2521,444.705,448.475,4.76276,4.0957,6.98644,7.89479,6.43412,7.76909,7.76909,0.0,1.0,1
112756,31.05.2024 13:54:50.730000,-361.89,-401.358,6.57528,6.516,6.48,84.0209,3.36795,3.46056,11.3753,11.2521,444.705,448.475,4.76276,4.0957,6.98644,7.89479,6.43461,7.87038,7.87038,0.0,1.0,1
112757,31.05.2024 13:54:50.740000,-357.193,-397.897,6.56639,6.541,6.47,83.9862,3.40631,3.46796,14.6754,9.23477,444.63,448.465,5.0254,4.10149,7.05441,7.84474,6.43525,7.87038,7.87038,0.0,1.0,1
112758,31.05.2024 13:54:50.750000,-362.878,-396.579,6.56639,6.553,6.489,84.0241,3.41824,3.47282,14.6754,9.23477,444.63,448.465,5.0254,4.10149,7.05441,7.84474,6.43569,7.51592,7.51592,0.0,1.0,1
112759,31.05.2024 13:54:50.760000,-362.878,-396.579,6.56564,6.553,6.489,84.0241,3.42694,3.47664,15.7183,10.8501,444.635,448.455,4.88656,4.00116,7.08349,7.84102,6.43575,7.51592,7.51592,0.0,1.0,1
112760,31.05.2024 13:54:50.770000,-355.463,-401.523,6.57933,6.541,6.493,84.0868,3.43587,3.48006,15.7183,10.8501,444.635,448.455,4.76313,3.95752,7.16537,7.88257,6.43575,7.17592,7.17592,0.0,1.0,1
112761,31.05.2024 13:54:50.780000,-360.571,-405.643,6.57933,6.556,6.48,84.0868,3.43059,3.4829,15.9059,10.4016,444.665,448.46,4.76313,3.95752,7.16537,7.88257,6.4366,7.17592,7.17592,0.0,1.0,1
112762,31.05.2024 13:54:50.790000,-360.571,-405.643,6.59762,6.556,6.48,84.1246,3.42408,3.48284,15.5881,10.2906,444.705,448.48,4.80951,3.96171,7.2201,7.86611,6.4366,7.16146,7.16146,0.0,1.0,1
112763,31.05.2024 13:54:50.800000,-360.571,-405.643,6.59762,6.556,6.48,84.1246,3.42408,3.48284,15.5881,10.2906,444.705,448.48,4.80951,3.96171,7.2201,7.86611,6.4366,7.16146,7.16146,0.0,1.0,1
112764,31.05.2024 13:54:50.810000,-354.227,-399.216,6.59369,6.529,6.477,84.1783,3.40965,3.481,14.5296,11.8998,444.715,448.5,5.0674,4.07164,7.22956,7.91043,6.43698,7.16146,7.16146,0.0,1.0,1
112765,31.05.2024 13:54:50.820000,-359.994,-403.912,6.58385,6.51,6.482,84.2019,3.3526,3.47707,12.5588,9.58364,444.685,448.495,5.2263,4.31316,7.33106,7.94829,6.4374,7.06018,7.06018,0.0,1.0,1
112766,31.05.2024 13:54:50.830000,-357.605,-403.418,6.58385,6.555,6.484,84.2164,3.33392,3.47218,12.5588,9.58364,444.685,448.495,5.2263,4.31316,7.33106,7.94829,6.43767,6.7202,6.7202,0.0,1.0,1
112767,31.05.2024 13:54:50.840000,-357.605,-403.418,6.59036,6.555,6.484,84.2164,3.3182,3.46558,10.6767,7.03799,444.66,448.485,5.20237,4.26309,7.31564,7.91987,6.43818,6.7202,6.7202,0.0,1.0,1
112768,31.05.2024 13:54:50.850000,-357.605,-403.418,6.59036,6.555,6.484,84.2164,3.3182,3.46558,10.6767,7.03799,444.66,448.485,5.20237,4.26309,7.31564,7.91987,6.43818,6.7202,6.7202,0.0,1.0,1
112769,31.05.2024 13:54:50.860000,-358.758,-396.167,6.59375,6.567,6.479,84.1064,3.30079,3.45255,10.6767,7.03799,444.66,448.485,5.04424,4.16858,7.27017,8.00811,6.43818,6.7202,6.7202,0.0,1.0,1
112770,31.05.2024 13:54:50.870000,-364.032,-396.167,6.59381,6.57,6.525,84.1543,3.31372,3.4506,9.16168,8.5433,444.665,448.48,5.03914,4.09859,7.30209,7.91781,6.43892,6.45979,6.45979,0.0,1.0,1
112771,31.05.2024 13:54:50.880000,-355.71,-398.886,6.58302,6.573,6.513,84.1665,3.33492,3.45154,9.16168,8.5433,444.665,448.48,5.03914,4.09859,7.30209,7.91781,6.43904,6.36574,6.36574,0.0,1.0,1
112772,31.05.2024 13:54:50.890000,-355.71,-398.309,6.58302,6.582,6.513,84.1665,3.39314,3.4559,12.0706,8.45416,444.66,448.48,4.97501,3.96102,7.26858,7.91418,6.43904,6.36574,6.36574,0.0,1.0,1
112773,31.05.2024 13:54:50.900000,-358.429,-398.309,6.56618,6.582,6.528,84.1763,3.42586,3.46052,13.9748,6.20086,444.665,448.485,4.9443,3.93541,7.21783,7.97388,6.43937,6.20659,6.20659,0.0,1.0,1
112774,31.05.2024 13:54:50.910000,-358.429,-398.309,6.56618,6.582,6.528,84.1763,3.42586,3.46052,13.9748,6.20086,444.665,448.485,4.9443,3.93541,7.21783,7.97388,6.43937,6.20659,6.20659,0.0,1.0,1
112775,31.05.2024 13:54:50.920000,-354.474,-402.347,6.56618,6.625,6.518,84.2445,3.45108,3.46897,16.5048,8.54086,444.68,448.495,4.92779,3.91105,7.1453,7.9698,6.43992,6.25,6.25,0.0,1.0,1
112776,31.05.2024 13:54:50.930000,-354.474,-402.347,6.56618,6.625,6.518,84.2445,3.45108,3.46897,16.5048,8.54086,444.68,448.495,4.92779,3.91105,7.1453,7.9698,6.43992,6.25,6.25,0.0,1.0,1
112777,31.05.2024 13:54:50.940000,-362.796,-401.523,6.55033,6.624,6.482,84.2272,3.494,3.50294,18.5674,12.8449,444.69,448.5,4.93564,3.89307,7.14775,8.12179,6.44055,6.25,6.25,0.0,1.0,1
112778,31.05.2024 13:54:50.950000,-358.676,-400.864,6.55385,6.567,6.48,84.1884,3.48723,3.52235,18.2014,13.3755,444.685,448.495,4.96876,3.97298,7.16327,8.10093,6.44109,6.11256,6.11256,0.0,1.0,1
112779,31.05.2024 13:54:50.960000,-354.309,-396.414,6.55387,6.544,6.48,84.1817,3.47591,3.52941,18.2014,13.3755,444.685,448.495,4.96876,3.97298,7.16327,8.10093,6.44153,5.95342,5.95342,0.0,1.0,1
112780,31.05.2024 13:54:50.970000,-354.309,-403.83,6.55387,6.539,6.48,84.1817,3.44213,3.53433,16.5523,12.2473,444.685,448.495,4.90967,3.88623,7.22375,8.16403,6.44153,5.95342,5.95342,0.0,1.0,1
112781,31.05.2024 13:54:50.980000,-354.309,-403.83,6.55387,6.539,6.48,84.1817,3.44213,3.53433,16.5523,12.2473,444.685,448.495,4.90967,3.88623,7.22375,8.16403,6.44153,5.95342,5.95342,0.0,1.0,1
112782,31.05.2024 13:54:50.990000,-358.429,-403.83,6.55008,6.539,6.453,84.1554,3.42313,3.52945,16.488,14.6386,444.685,448.51,4.87394,3.80765,7.31105,8.18762,6.44221,5.80873,5.80873,0.0,1.0,1
112783,31.05.2024 13:54:51.000000,-354.639,-398.392,6.53838,6.535,6.433,84.2286,3.37094,3.50999,13.1442,13.4977,444.695,448.51,4.92556,3.89198,7.2649,8.1014,6.44312,5.8015,5.8015,0.0,1.0,1
112784,31.05.2024 13:54:51.010000,-358.429,-400.946,6.54456,6.525,6.465,84.1832,3.36511,3.49898,13.1442,13.4977,444.695,448.51,4.92556,3.89198,7.2649,8.1014,6.44312,6.01128,6.01128,0.0,1.0,1
112785,31.05.2024 13:54:51.020000,-361.23,-407.208,6.54456,6.516,6.455,84.1832,3.36582,3.49062,11.1878,9.96172,444.695,448.51,4.86831,3.80029,7.35025,8.1305,6.44432,6.01128,6.01128,0.0,1.0,1
112786,31.05.2024 13:54:51.030000,-361.23,-407.208,6.536,6.516,6.455,84.1448,3.3728,3.48583,12.128,9.57269,444.695,448.515,4.77976,3.7117,7.37664,8.15486,6.44432,6.11256,6.11256,0.0,1.0,1
112787,31.05.2024 13:54:51.040000,-361.23,-407.208,6.536,6.516,6.455,84.1448,3.3728,3.48583,12.128,9.57269,444.695,448.515,4.77976,3.7117,7.37664,8.15486,6.44432,6.11256,6.11256,0.0,1.0,1
112788,31.05.2024 13:54:51.050000,-360.736,-397.32,6.54593,6.512,6.459,84.1413,3.38674,3.48225,12.128,9.57269,444.695,448.515,4.77976,3.7117,7.37664,8.15486,6.44499,6.19936,6.19936,0.0,1.0,1
112789,31.05.2024 13:54:51.060000,-354.803,-400.534,6.53808,6.508,6.448,84.159,3.44155,3.47921,15.1538,9.45792,444.7,448.53,4.74656,3.66803,7.48616,8.10723,6.44551,6.25,6.25,0.0,1.0,1
112790,31.05.2024 13:54:51.070000,-359.994,-393.283,6.53808,6.48,6.447,84.1067,3.46031,3.48017,15.1538,9.45792,444.7,448.53,4.74656,3.66803,7.48616,8.10723,6.44628,6.34404,6.34404,0.0,1.0,1
112791,31.05.2024 13:54:51.080000,-359.994,-393.283,6.54861,6.48,6.447,84.1067,3.47297,3.48174,15.7695,9.25557,444.695,448.53,4.73837,3.65261,7.60015,8.05206,6.44644,6.34404,6.34404,0.0,1.0,1
112792,31.05.2024 13:54:51.090000,-360.324,-396.249,6.55236,6.47,6.469,84.1424,3.4839,3.48558,15.7695,9.25557,444.695,448.53,4.65433,3.66775,7.65707,8.04359,6.44644,6.34404,6.34404,0.0,1.0,1
112793,31.05.2024 13:54:51.100000,-361.89,-398.556,6.55236,6.474,6.466,84.1424,3.48216,3.4867,16.7759,10.2171,444.7,448.53,4.65433,3.66775,7.65707,8.04359,6.44733,6.34404,6.34404,0.0,1.0,1
112794,31.05.2024 13:54:51.110000,-361.89,-398.556,6.54768,6.474,6.466,84.1306,3.47708,3.48953,16.4598,11.2935,444.7,448.53,4.55195,3.63968,7.7206,7.96598,6.44733,6.42361,6.42361,0.0,1.0,1
112795,31.05.2024 13:54:51.120000,-360.818,-401.44,6.55151,6.537,6.451,84.187,3.47206,3.49288,16.4598,11.2935,444.7,448.53,4.55195,3.63968,7.7206,7.96598,6.44774,6.55381,6.55381,0.0,1.0,1
112796,31.05.2024 13:54:51.130000,-360.818,-395.837,6.55151,6.532,6.451,84.187,3.45672,3.49693,15.3553,10.984,444.7,448.53,4.63586,3.57956,7.75329,7.86695,6.44774,6.55381,6.55381,0.0,1.0,1
112797,31.05.2024 13:54:51.140000,-357.77,-395.837,6.548,6.532,6.453,84.2164,3.4471,3.49877,15.5996,8.26279,444.705,448.545,4.63524,3.53503,7.71225,7.79091,6.44753,6.55381,6.55381,0.0,1.0,1
112798,31.05.2024 13:54:51.150000,-359.912,-403.665,6.548,6.536,6.455,84.2251,3.43682,3.49744,15.5996,8.26279,444.705,448.545,4.63524,3.53503,7.71225,7.79091,6.44813,6.70572,6.70572,0.0,1.0,1
112799,31.05.2024 13:54:51.160000,-359.912,-403.665,6.548,6.536,6.455,84.2251,3.43682,3.49744,15.5996,8.26279,444.705,448.545,4.63524,3.53503,7.71225,7.79091,6.44813,6.70572,6.70572,0.0,1.0,1
