,time,Pinceur Inf Mesure de courant,Pinceur Sup Mesure de courant,Mandrin - Vitesse Actuelle,Pinceur Sup Mesure vitesse lineaire,Pinceur Inf Mesure vitesse lineaire,Mandrin - Mesure Expansion,Pinceur Nord Position entrefer estimee,Pinceur Sud Position entrefer estimee,Pinceur Nord Force entrefer calibree,Pinceur Sud Force entrefer calibree,Guides Nord Entree Position mesuree,Guides Nord Sortie Position mesuree,Guides Nord Entree Force pour regulateur PI,Guides Nord Sortie Force pour regulateur PI,Guides Sud Entree Force pour regulateur PI,Guides Sud Sortie Force pour regulateur PI,Mandrin - Vitesse Actuelle F10,_Excentrage largeur bande jauge bob,_Excentrage largeur bande jauge bob.1,TDB pinceur,Fenetre,Declancheur
110400,31.05.2024 13:34:18.900000,-83.8806,93.8507,9.6571,10.909,10.823,31.4522,2.34285,2.14452,22.7613,15.3031,499.535,500.63,3.44917,8.80435,0.51196,0.817373,9.09579,100.231,100.231,1.0,1.0,1
110401,31.05.2024 13:34:18.910000,-83.8806,93.8507,9.6571,10.909,10.823,31.4522,2.34285,2.14452,22.7613,15.3031,499.535,500.63,3.44917,8.80435,0.51196,0.817373,9.09579,100.231,100.231,1.0,1.0,1
110402,31.05.2024 13:34:18.920000,-83.8806,93.8507,9.66111,10.909,10.823,31.4522,2.30484,2.19202,24.3412,22.2049,497.795,498.87,3.5507,8.59334,0.444505,0.764538,9.09445,100.224,100.224,1.0,1.0,1
110403,31.05.2024 13:34:18.930000,30.9814,120.712,9.66044,10.747,10.632,31.4338,2.18921,2.3152,23.2101,25.7221,496.04,497.135,3.60328,8.57407,0.566808,0.816759,9.09394,100.224,100.224,1.0,1.0,1
110404,31.05.2024 13:34:18.940000,30.9814,120.712,9.64449,10.747,10.632,31.5338,2.14985,2.33081,19.7563,39.8455,494.445,495.375,3.79078,8.47842,0.480165,0.775806,9.09394,100.224,100.224,1.0,1.0,1
110405,31.05.2024 13:34:18.950000,30.9814,120.712,9.64449,10.747,10.632,31.5338,2.14985,2.33081,19.7563,39.8455,494.445,495.375,3.79078,8.47842,0.480165,0.775806,9.09394,100.224,100.224,1.0,1.0,1
110406,31.05.2024 13:34:18.960000,110.989,170.233,9.64686,10.652,10.49,31.5244,2.1176,2.3128,17.2421,37.0112,492.83,493.63,4.42778,8.35584,0.534245,0.763035,9.09235,100.231,100.231,1.0,1.0,1
110407,31.05.2024 13:34:18.970000,110.989,170.233,9.64686,10.652,10.49,31.5244,2.1176,2.3128,17.2421,37.0112,492.83,493.63,4.42778,8.35584,0.534245,0.763035,9.09235,100.231,100.231,1.0,1.0,1
110408,31.05.2024 13:34:18.980000,137.686,192.48,9.6471,10.593,10.459,31.5896,2.11325,2.31731,17.5139,26.444,491.05,491.9,5.53986,8.2274,0.546258,0.739548,9.09185,100.239,100.239,1.0,1.0,1
110409,31.05.2024 13:34:18.990000,137.686,192.48,9.6471,10.593,10.459,31.5896,2.11325,2.31731,17.5139,26.444,491.05,491.9,5.53986,8.2274,0.546258,0.739548,9.09185,100.239,100.239,1.0,1.0,1
110410,31.05.2024 13:34:19.000000,179.05,266.968,9.65369,10.516,10.304,31.6037,2.17839,2.22076,16.5291,34.4053,489.41,490.195,5.79144,8.12154,0.506482,0.744965,9.09084,100.174,100.174,1.0,1.0,1
110411,31.05.2024 13:34:19.010000,346.728,383.807,9.65835,10.334,9.978,31.5603,2.21084,2.16365,21.2451,31.587,487.74,488.445,6.2377,8.16125,0.460122,0.727245,9.09084,100.239,100.239,1.0,1.0,1
110412,31.05.2024 13:34:19.020000,346.728,383.807,9.6609,10.334,9.978,31.5555,2.20828,2.13537,21.5282,19.6366,485.925,486.72,6.60196,8.14886,0.513185,0.757294,9.09084,100.224,100.224,1.0,1.0,1
110413,31.05.2024 13:34:19.030000,430.362,451.538,9.64404,10.26,9.872,31.5417,2.16757,2.12652,21.5282,19.6366,485.925,486.72,6.60196,8.14886,0.513185,0.757294,9.0911,99.0668,99.0668,1.0,1.0,1
110414,31.05.2024 13:34:19.040000,430.362,514.407,9.64404,10.167,9.872,31.5417,2.14005,2.14375,19.0781,17.3359,484.175,485.005,6.23875,8.18795,0.506921,0.74815,9.09109,99.0668,99.0668,1.0,1.0,1
110415,31.05.2024 13:34:19.050000,505.755,514.407,9.64182,10.167,9.755,31.5624,2.12294,2.15494,18.4607,24.8945,482.48,483.325,5.78069,8.11894,0.453942,0.714437,9.09109,93.6053,93.6053,1.0,1.0,1
110416,31.05.2024 13:34:19.060000,505.755,514.407,9.64182,10.167,9.755,31.5624,2.12294,2.15494,18.4607,24.8945,482.48,483.325,5.78069,8.11894,0.453942,0.714437,9.09109,93.6053,93.6053,1.0,1.0,1
110417,31.05.2024 13:34:19.070000,531.134,568.13,9.64182,10.122,9.69,31.5446,2.11832,2.15666,17.0894,27.2313,480.8,481.65,5.45517,8.35375,0.499246,0.738644,9.09144,93.5764,93.5764,1.0,1.0,1
110418,31.05.2024 13:34:19.080000,537.973,577.441,9.64304,10.018,9.602,31.4976,2.11485,2.16534,17.954,21.0961,479.105,480.03,5.21459,8.56655,0.558309,0.753338,9.09184,93.5764,93.5764,1.0,1.0,1
110419,31.05.2024 13:34:19.090000,539.95,583.951,9.64304,9.825,9.518,31.4976,2.11348,2.17025,17.954,21.0961,479.105,480.03,5.21459,8.56655,0.558309,0.753338,9.09145,93.5764,93.5764,1.0,1.0,1
110420,31.05.2024 13:34:19.100000,539.95,583.951,9.64819,9.825,9.518,31.5487,2.11048,2.16251,15.3544,24.4554,477.41,478.295,5.09662,9.19163,0.503362,0.789,9.09145,87.16,87.16,1.0,1.0,1
110421,31.05.2024 13:34:19.110000,534.183,571.756,9.64736,9.784,9.493,31.6008,2.07348,2.14789,15.3544,24.4554,477.41,478.295,5.09662,9.19163,0.503362,0.789,9.0912,72.0776,72.0776,1.0,1.0,1
110422,31.05.2024 13:34:19.120000,534.183,574.393,9.64736,9.774,9.493,31.6008,2.06748,2.12777,17.8186,24.4259,475.685,476.585,5.01359,9.52095,0.445121,0.782042,9.08962,72.0776,72.0776,1.0,1.0,1
110423,31.05.2024 13:34:19.130000,535.419,574.393,9.63962,9.774,9.435,31.5826,2.05088,2.10516,16.0619,20.223,473.975,474.87,4.73384,9.64601,0.547372,0.815823,9.08962,72.0776,72.0776,1.0,1.0,1
110424,31.05.2024 13:34:19.140000,525.86,574.145,9.63962,9.731,9.418,31.8895,2.03576,2.09346,16.0619,20.223,473.975,474.87,4.73384,9.64601,0.547372,0.815823,9.08889,65.7697,65.7697,1.0,1.0,1
110425,31.05.2024 13:34:19.150000,525.86,574.145,9.63962,9.731,9.418,31.8895,2.03576,2.09346,16.0619,20.223,473.975,474.87,4.73384,9.64601,0.547372,0.815823,9.08889,65.7697,65.7697,1.0,1.0,1
110426,31.05.2024 13:34:19.160000,525.86,574.145,9.6468,9.731,9.418,31.8895,2.03455,2.09458,12.9466,17.3444,472.2,473.19,4.48547,9.67272,0.500976,0.718451,9.08748,59.375,59.375,1.0,1.0,1
110427,31.05.2024 13:34:19.170000,525.86,574.145,9.6468,9.731,9.418,31.8895,2.03455,2.09458,12.9466,17.3444,472.2,473.19,4.48547,9.67272,0.500976,0.718451,9.08748,59.375,59.375,1.0,1.0,1
110428,31.05.2024 13:34:19.180000,524.048,563.598,9.65253,9.591,9.382,31.8591,2.05792,2.09722,13.7854,20.1258,470.425,471.515,3.99533,9.69926,0.436059,0.692991,9.08676,53.4505,53.4505,1.0,1.0,1
110429,31.05.2024 13:34:19.190000,524.048,563.598,9.65253,9.591,9.382,31.8591,2.05792,2.09722,13.7854,20.1258,470.425,471.515,3.99533,9.69926,0.436059,0.692991,9.08676,53.4505,53.4505,1.0,1.0,1
110430,31.05.2024 13:34:19.200000,521.411,567.554,9.64851,9.581,9.263,31.7335,2.1181,2.09497,15.1349,21.2458,468.715,469.915,3.60506,9.83977,0.445933,0.698935,9.0854,53.4505,53.4505,1.0,1.0,1
110431,31.05.2024 13:34:19.210000,519.021,567.389,9.64478,9.519,9.256,31.6889,2.13066,2.11314,17.0247,21.1438,465.26,466.68,2.98714,11.318,0.397754,0.736116,9.08418,41.4062,41.4062,1.0,1.0,1
110432,31.05.2024 13:34:19.220000,522.565,566.894,9.64478,9.393,9.263,31.653,2.12024,2.12063,17.0247,21.1438,465.26,466.68,2.98714,11.318,0.397754,0.736116,9.08231,35.2286,35.2286,1.0,1.0,1
110433,31.05.2024 13:34:19.230000,522.565,566.894,9.62992,9.393,9.263,31.653,2.1023,2.12951,18.1792,23.6146,463.565,464.975,2.76755,12.053,0.44032,0.751158,9.08005,35.2286,35.2286,1.0,1.0,1
110434,31.05.2024 13:34:19.240000,522.565,566.894,9.62992,9.393,9.263,31.653,2.1023,2.12951,18.1792,23.6146,463.565,464.975,2.76755,12.053,0.44032,0.751158,9.08005,35.2286,35.2286,1.0,1.0,1
110435,31.05.2024 13:34:19.250000,522.07,559.973,9.6389,9.366,9.193,31.6486,2.06885,2.12707,18.2148,24.6666,461.885,463.215,2.91382,12.3183,0.430249,0.723173,9.08005,35.2286,35.2286,1.0,1.0,1
110436,31.05.2024 13:34:19.260000,529.404,564.752,9.64272,9.342,9.138,31.622,2.03483,2.13137,14.7396,20.9007,460.185,461.48,3.05517,12.1111,0.471692,0.659161,9.07778,29.2245,29.2245,1.0,1.0,1
110437,31.05.2024 13:34:19.270000,518.197,566.894,9.64808,9.273,9.148,31.5676,2.02727,2.13482,14.7396,20.9007,460.185,461.48,3.05517,12.1111,0.471692,0.659161,9.07561,29.0509,29.0509,1.0,1.0,1
110438,31.05.2024 13:34:19.280000,518.197,566.894,9.64808,9.273,9.148,31.5676,2.02727,2.13482,14.7396,20.9007,460.185,461.48,3.05517,12.1111,0.471692,0.659161,9.07561,29.0509,29.0509,1.0,1.0,1
110439,31.05.2024 13:34:19.290000,518.197,561.621,9.64808,9.212,9.148,31.5676,2.03984,2.13532,14.0345,23.5043,458.475,459.785,3.07679,11.4476,0.438685,0.734512,9.07358,23.3579,23.3579,1.0,1.0,1
110440,31.05.2024 13:34:19.300000,518.197,561.621,9.64808,9.212,9.148,31.5676,2.03984,2.13532,14.0345,23.5043,458.475,459.785,3.07679,11.4476,0.438685,0.734512,9.07358,23.3579,23.3579,1.0,1.0,1
110441,31.05.2024 13:34:19.310000,526.602,562.033,9.65296,9.137,9.078,31.4855,2.08122,2.12168,15.0395,24.5689,456.8,458.145,3.10068,11.3371,0.501901,0.713373,9.07172,16.4786,16.4786,1.0,1.0,1
110442,31.05.2024 13:34:19.320000,526.602,562.033,9.65296,9.137,9.078,31.4855,2.08122,2.12168,15.0395,24.5689,456.8,458.145,3.10068,11.3371,0.501901,0.713373,9.07172,16.4786,16.4786,1.0,1.0,1
110443,31.05.2024 13:34:19.330000,507.651,561.621,9.64657,9.135,9.114,31.4293,2.09627,2.11289,17.5375,18.5647,453.495,454.8,3.52327,12.0502,0.522687,0.794973,9.06987,8.53588,8.53588,1.0,1.0,1
110444,31.05.2024 13:34:19.340000,503.613,543.164,9.65711,9.082,9.1,31.8072,2.04261,2.10265,16.4456,20.6135,451.845,453.12,3.77377,12.2653,0.469094,0.823509,9.06819,1.82291,1.82291,1.0,1.0,1
110445,31.05.2024 13:34:19.350000,503.613,543.164,9.65711,9.082,9.1,31.8072,2.04261,2.10265,16.4456,20.6135,451.845,453.12,3.77377,12.2653,0.469094,0.823509,9.06819,1.82291,1.82291,1.0,1.0,1
110446,31.05.2024 13:34:19.360000,470.737,520.175,9.66639,9.015,9.076,31.7669,1.96321,2.07453,14.4956,21.6082,450.175,451.425,4.12084,12.2563,0.43154,0.745836,9.06598,-4.47048,-4.47048,1.0,1.0,1
110447,31.05.2024 13:34:19.370000,470.737,520.175,9.66639,9.015,9.076,31.7669,1.96321,2.07453,14.4956,21.6082,450.175,451.425,4.12084,12.2563,0.43154,0.745836,9.06598,-4.47048,-4.47048,1.0,1.0,1
110448,31.05.2024 13:34:19.380000,459.118,511.935,9.66568,9.029,9.058,31.6444,1.88143,2.03021,9.07805,16.2126,448.5,449.82,4.28371,12.225,0.446675,0.733223,9.06458,-4.33304,-4.33304,1.0,1.0,1
110449,31.05.2024 13:34:19.390000,440.661,484.909,9.67212,9.04,9.048,31.6325,1.83967,1.98964,5.97162,13.2954,446.835,448.26,4.39719,12.5547,0.46609,0.849014,9.06046,-7.7474,-7.7474,1.0,1.0,1
110450,31.05.2024 13:34:19.400000,440.661,484.909,9.67212,9.04,9.048,31.6325,1.83967,1.98964,5.97162,13.2954,446.835,448.26,4.39719,12.5547,0.46609,0.849014,9.06046,-7.7474,-7.7474,1.0,1.0,1
110451,31.05.2024 13:34:19.410000,415.53,478.07,9.66916,9.072,9.027,31.5676,1.85678,1.97359,6.4015,14.2767,445.175,446.895,4.61423,13.3475,0.458859,0.861795,9.06046,-7.51591,-7.51591,1.0,1.0,1
110452,31.05.2024 13:34:19.420000,415.53,478.07,9.66916,9.072,9.027,31.5676,1.85678,1.97359,6.4015,14.2767,445.175,446.895,4.61423,13.3475,0.458859,0.861795,9.06046,-7.51591,-7.51591,1.0,1.0,1
110453,31.05.2024 13:34:19.430000,404.983,452.115,9.64706,9.016,8.998,31.5287,1.91918,1.96172,9.3156,13.273,443.515,445.08,4.83157,14.3177,0.388621,0.817759,9.05817,-7.51591,-7.51591,1.0,1.0,1
110454,31.05.2024 13:34:19.440000,404.983,452.115,9.64706,9.016,8.998,31.5287,1.91918,1.96172,9.3156,13.273,443.515,445.08,4.83157,14.3177,0.388621,0.817759,9.05817,-7.51591,-7.51591,1.0,1.0,1
110455,31.05.2024 13:34:19.450000,386.279,417.261,9.63644,8.981,8.985,31.6046,1.99082,1.97903,11.5748,11.8895,441.81,443.46,5.03458,15.2237,0.362102,0.798872,9.05356,-6.14873,-6.14873,1.0,1.0,1
110456,31.05.2024 13:34:19.460000,386.279,417.261,9.63644,8.981,8.985,31.6046,1.99082,1.97903,11.5748,11.8895,441.81,443.46,5.03458,15.2237,0.362102,0.798872,9.05356,-6.14873,-6.14873,1.0,1.0,1
110457,31.05.2024 13:34:19.470000,363.785,407.785,9.63142,9.009,8.971,31.4817,1.98077,2.0083,13.6328,14.3052,440.085,441.825,4.89203,15.8741,0.417369,0.894543,9.05227,1.54803,1.54803,1.0,1.0,1
110458,31.05.2024 13:34:19.480000,363.785,407.785,9.63142,9.009,8.971,31.4817,1.98077,2.0083,13.6328,14.3052,440.085,441.825,4.89203,15.8741,0.417369,0.894543,9.05227,1.54803,1.54803,1.0,1.0,1
110459,31.05.2024 13:34:19.490000,343.185,385.043,9.64641,8.975,8.965,31.462,1.89654,2.00646,11.0224,14.2448,436.745,438.65,4.504,17.011,0.32656,0.832582,9.04917,4.84665,4.84665,1.0,1.0,1
110460,31.05.2024 13:34:19.500000,343.185,385.043,9.64641,8.975,8.965,31.462,1.89654,2.00646,11.0224,14.2448,436.745,438.65,4.504,17.011,0.32656,0.832582,9.04917,4.84665,4.84665,1.0,1.0,1
110461,31.05.2024 13:34:19.510000,316.241,365.35,9.64767,8.952,9.012,31.6028,1.8287,1.99759,7.77349,12.0904,435.055,437.07,4.39295,17.7816,0.371737,0.794752,9.04772,5.79427,5.79427,1.0,1.0,1
110462,31.05.2024 13:34:19.520000,311.215,335.522,9.64986,9.06,9.047,31.5507,1.79829,1.95974,6.09048,15.3967,433.385,435.485,4.25018,18.4824,0.57153,0.808645,9.04247,5.79427,5.79427,1.0,1.0,1
110463,31.05.2024 13:34:19.530000,289.957,335.522,9.62869,9.06,9.025,31.4922,1.81207,1.94003,6.41349,13.0205,431.715,433.925,4.12379,19.2817,0.880492,0.782417,9.04247,4.56452,4.56452,1.0,1.0,1
110464,31.05.2024 13:34:19.540000,271.912,314.841,9.62869,9.053,9.085,31.4978,1.82978,1.927,6.41349,13.0205,431.715,433.925,4.12379,19.2817,0.880492,0.782417,9.03988,3.32755,3.32755,1.0,1.0,1
110465,31.05.2024 13:34:19.550000,271.912,314.841,9.61929,9.053,9.085,31.4978,1.84981,1.9189,7.59758,6.74544,430.015,432.36,3.97321,20.0362,1.07658,0.831549,9.03744,3.32755,3.32755,1.0,1.0,1
110466,31.05.2024 13:34:19.560000,271.912,314.841,9.61929,9.053,9.085,31.4978,1.84981,1.9189,7.59758,6.74544,430.015,432.36,3.97321,20.0362,1.07658,0.831549,9.03744,3.32755,3.32755,1.0,1.0,1
110467,31.05.2024 13:34:19.570000,265.485,296.548,9.60923,9.1,9.208,31.4772,1.89195,1.9174,8.63069,8.5837,428.305,430.775,3.73668,20.8482,1.30264,0.83939,9.03744,3.24798,3.24798,1.0,1.0,1
110468,31.05.2024 13:34:19.580000,261.282,278.915,9.62028,9.137,9.225,31.4234,1.90991,1.91984,12.7751,13.3729,426.6,429.22,3.41829,21.4,1.31379,0.781467,9.0356,3.81944,3.81944,1.0,1.0,1
110469,31.05.2024 13:34:19.590000,261.282,278.915,9.62028,9.137,9.225,31.4234,1.90991,1.91984,12.7751,13.3729,426.6,429.22,3.41829,21.4,1.31379,0.781467,9.0356,3.81944,3.81944,1.0,1.0,1
110470,31.05.2024 13:34:19.600000,268.616,282.541,9.5954,9.287,9.266,31.5416,1.90524,1.92753,11.7479,10.4722,424.945,427.665,2.98312,22.1563,1.39019,0.826962,9.03336,3.83391,3.83391,1.0,1.0,1
110471,31.05.2024 13:34:19.610000,268.616,282.541,9.5954,9.287,9.266,31.5416,1.90524,1.92753,11.7479,10.4722,424.945,427.665,2.98312,22.1563,1.39019,0.826962,9.03336,3.83391,3.83391,1.0,1.0,1
110472,31.05.2024 13:34:19.620000,262.106,285.26,9.56738,9.342,9.269,31.5061,1.872,1.9465,10.1904,8.57966,423.39,426.1,2.85156,22.8134,1.61551,0.858088,9.03097,4.27518,4.27518,1.0,1.0,1
110473,31.05.2024 13:34:19.630000,262.106,285.26,9.56738,9.342,9.269,31.5061,1.872,1.9465,10.1904,8.57966,423.39,426.1,2.85156,22.8134,1.61551,0.858088,9.03097,4.27518,4.27518,1.0,1.0,1
110474,31.05.2024 13:34:19.640000,268.204,292.346,9.56397,9.316,9.313,31.513,1.85108,1.96032,10.1523,14.1977,422.045,424.605,3.32127,23.6758,2.62426,0.835396,9.02715,4.58623,4.58623,1.0,1.0,1
110475,31.05.2024 13:34:19.650000,266.885,283.035,9.56555,9.335,9.32,31.5587,1.87779,1.96095,10.7241,14.2434,420.815,423.14,5.27298,24.7589,4.62759,0.760939,9.02529,5.17939,5.17939,1.0,1.0,1
110476,31.05.2024 13:34:19.660000,266.885,283.035,9.57601,9.335,9.32,31.6116,1.89575,1.96564,12.0736,12.8043,419.56,421.71,8.27575,26.0568,7.79452,0.881552,9.02529,5.33853,5.33853,1.0,1.0,1
110477,31.05.2024 13:34:19.670000,269.687,291.357,9.54049,9.382,9.339,31.602,1.93145,1.97183,12.0736,12.8043,419.56,421.71,8.27575,26.0568,7.79452,0.881552,9.02335,5.0926,5.0926,1.0,1.0,1
110478,31.05.2024 13:34:19.680000,269.687,292.758,9.54049,9.323,9.339,31.602,1.93704,1.97105,12.3842,14.4136,418.48,420.295,7.47361,18.2855,10.9211,1.47272,9.02101,5.0926,5.0926,1.0,1.0,1
110479,31.05.2024 13:34:19.690000,269.852,292.758,9.50097,9.323,9.325,31.5595,1.93739,1.96876,14.7872,14.6902,418.485,420.99,5.19527,7.88474,13.1772,2.97931,9.02101,5.17939,5.17939,1.0,1.0,1
110480,31.05.2024 13:34:19.700000,269.852,292.758,9.50097,9.323,9.325,31.5595,1.93739,1.96876,14.7872,14.6902,418.485,420.99,5.19527,7.88474,13.1772,2.97931,9.02101,5.17939,5.17939,1.0,1.0,1
110481,31.05.2024 13:34:19.710000,269.769,295.148,9.50097,9.23,9.276,31.525,1.91667,1.96844,14.3583,13.5431,418.06,422.015,5.27814,9.3598,14.2199,4.38926,9.01946,5.17939,5.17939,1.0,1.0,1
110482,31.05.2024 13:34:19.720000,268.945,293.994,9.47046,9.189,9.297,31.5729,1.79409,1.94186,9.71234,12.8713,418.275,422.26,2.09174,11.5256,14.1874,5.1049,9.01717,5.64237,5.64237,1.0,1.0,1
110483,31.05.2024 13:34:19.730000,263.342,288.803,9.47046,9.295,9.313,31.5729,1.74327,1.93241,9.71234,12.8713,418.275,422.26,2.09174,11.5256,14.1874,5.1049,9.01633,5.64237,5.64237,1.0,1.0,1
110484,31.05.2024 13:34:19.740000,263.342,288.803,9.43415,9.295,9.313,31.5056,1.70886,1.92078,5.76956,11.6862,418.285,422.51,2.18084,9.14128,12.5009,5.56799,9.01633,5.39641,5.39641,1.0,1.0,1
110485,31.05.2024 13:34:19.750000,272.983,288.721,9.38175,9.344,9.331,31.4914,1.68555,1.87591,5.76956,11.6862,418.285,422.51,2.18084,9.14128,12.5009,5.56799,9.01397,4.6441,4.6441,1.0,1.0,1
110486,31.05.2024 13:34:19.760000,272.983,288.721,9.38175,9.344,9.331,31.4914,1.68555,1.87591,5.76956,11.6862,418.285,422.51,2.18084,9.14128,12.5009,5.56799,9.01397,4.6441,4.6441,1.0,1.0,1
110487,31.05.2024 13:34:19.770000,272.983,297.125,9.38175,9.355,9.331,31.4914,1.70422,1.87058,4.39486,10.8085,418.585,422.96,1.55534,8.51929,10.009,5.37849,9.01292,3.02373,3.02373,1.0,1.0,1
110488,31.05.2024 13:34:19.780000,272.983,284.766,9.34013,9.337,9.301,31.5715,1.80784,1.87169,4.87374,6.9544,418.85,423.345,3.52204,8.64659,8.02685,4.68794,9.01123,1.98929,1.98929,1.0,1.0,1
110489,31.05.2024 13:34:19.790000,272.983,284.766,9.31745,9.337,9.301,31.5715,1.86606,1.87743,9.6475,10.3076,418.785,423.74,5.83937,7.86255,5.8349,3.97936,9.0099,1.98929,1.98929,1.0,1.0,1
110490,31.05.2024 13:34:19.800000,272.983,284.766,9.31745,9.337,9.301,31.5715,1.86606,1.87743,9.6475,10.3076,418.785,423.74,5.83937,7.86255,5.8349,3.97936,9.0099,1.98929,1.98929,1.0,1.0,1
110491,31.05.2024 13:34:19.810000,274.301,297.949,9.24984,9.294,9.272,31.5044,1.96562,1.91083,16.1295,13.292,418.775,423.985,7.05581,8.18431,4.57758,3.94325,9.0099,1.98929,1.98929,1.0,1.0,1
110492,31.05.2024 13:34:19.820000,274.301,297.949,9.24984,9.294,9.272,31.5044,1.96562,1.91083,16.1295,13.292,418.775,423.985,7.05581,8.18431,4.57758,3.94325,9.0099,1.98929,1.98929,1.0,1.0,1
110493,31.05.2024 13:34:19.830000,263.919,292.017,9.23044,9.288,9.276,31.5646,1.98322,1.94192,18.4934,13.455,418.64,424.1,7.8459,8.17512,5.3436,3.99244,9.00814,1.09954,1.09954,1.0,1.0,1
110494,31.05.2024 13:34:19.840000,273.807,290.698,9.22258,9.194,9.276,31.8885,1.87094,1.98428,17.3216,16.6776,418.625,424.255,7.49572,6.6992,7.76474,4.18325,9.00547,2.47397,2.47397,1.0,1.0,1
110495,31.05.2024 13:34:19.850000,273.807,290.698,9.22258,9.194,9.276,31.8885,1.87094,1.98428,17.3216,16.6776,418.625,424.255,7.49572,6.6992,7.76474,4.18325,9.00547,2.47397,2.47397,1.0,1.0,1
110496,31.05.2024 13:34:19.860000,264.249,290.698,9.17247,9.194,9.225,32.3816,1.81663,1.98841,13.3614,18.2504,418.78,424.5,7.44483,5.32816,9.52073,4.71226,9.00547,2.47397,2.47397,1.0,1.0,1
110497,31.05.2024 13:34:19.870000,264.249,290.698,9.17247,9.194,9.225,32.3816,1.81663,1.98841,13.3614,18.2504,418.78,424.5,7.44483,5.32816,9.52073,4.71226,9.00547,2.47397,2.47397,1.0,1.0,1
110498,31.05.2024 13:34:19.880000,276.691,292.84,9.10988,9.203,9.167,33.0079,1.68246,1.95274,9.17513,17.1927,418.895,424.73,8.2087,5.27419,10.4794,5.47267,9.00361,2.47397,2.47397,1.0,1.0,1
110499,31.05.2024 13:34:19.890000,276.691,292.84,9.10988,9.203,9.167,33.0079,1.68246,1.95274,9.17513,17.1927,418.895,424.73,8.2087,5.27419,10.4794,5.47267,9.00361,2.47397,2.47397,1.0,1.0,1
110500,31.05.2024 13:34:19.900000,276.526,291.357,9.08331,9.163,9.173,33.7867,1.69696,1.93279,5.90269,12.0725,418.97,424.92,9.30133,5.15059,11.0483,5.84445,9.00248,2.40163,2.40163,1.0,1.0,1
110501,31.05.2024 13:34:19.910000,271.5,293.417,9.05074,9.115,9.066,35.594,1.85361,1.90952,5.89014,13.6333,418.96,425.015,10.2062,4.80103,10.6832,6.19028,9.00179,2.40885,2.40885,1.0,1.0,1
110502,31.05.2024 13:34:19.920000,271.5,295.642,9.05074,9.094,9.066,35.594,1.90756,1.91689,12.1512,13.5907,418.96,425.11,10.6255,4.51094,9.39442,6.49896,9.00124,2.40885,2.40885,1.0,1.0,1
110503,31.05.2024 13:34:19.930000,270.181,295.642,9.01987,9.094,9.101,36.5482,1.95579,1.92279,16.3549,12.5882,418.875,425.2,10.9257,4.10074,8.94159,6.86805,9.00124,0.245951,0.245951,1.0,1.0,1
110504,31.05.2024 13:34:19.940000,271.747,292.181,8.96579,9.084,9.06,37.5464,1.99951,1.94462,16.3549,12.5882,418.875,425.2,10.9257,4.10074,8.94159,6.86805,9.00015,-0.542536,-0.542536,1.0,1.0,1
110505,31.05.2024 13:34:19.950000,271.5,295.642,9.05074,9.094,9.066,35.594,1.90756,1.91689,16.3549,12.5882,418.875,425.2,10.9257,4.10074,8.94159,6.86805,9.00124,2.40885,2.40885,1.0,1.0,1
110506,31.05.2024 13:34:19.960000,277.844,294.653,8.97804,9.029,9.023,38.5964,1.94502,1.96529,21.0647,18.0502,418.87,425.385,10.3917,3.31371,8.07005,7.2491,8.99883,-0.752315,-0.752315,1.0,1.0,1
110507,31.05.2024 13:34:19.970000,277.844,294.653,8.97804,9.029,9.023,38.5964,1.94502,1.96529,21.0647,18.0502,418.87,425.385,10.3917,3.31371,8.07005,7.2491,8.99883,-0.752315,-0.752315,1.0,1.0,1
110508,31.05.2024 13:34:19.980000,270.016,294.076,8.97804,9.021,8.948,38.5964,1.89783,1.96265,21.0647,18.0502,418.87,425.385,10.3917,3.31371,8.07005,7.2491,8.99838,-0.976562,-0.976562,1.0,1.0,1
110509,31.05.2024 13:34:19.990000,270.016,294.076,8.97804,9.021,8.948,38.5964,1.89783,1.96265,21.0647,18.0502,418.87,425.385,10.3917,3.31371,8.07005,7.2491,8.99838,-0.976562,-0.976562,1.0,1.0,1
110510,31.05.2024 13:34:20.000000,258.893,293.417,8.93897,8.954,8.962,40.6761,1.72247,1.96405,15.6213,14.9727,418.94,425.445,10.1762,3.11171,7.86765,7.43266,8.99727,-0.875287,-0.875287,1.0,1.0,1
110511,31.05.2024 13:34:20.010000,258.893,293.417,8.93897,8.954,8.962,40.6761,1.72247,1.96405,15.6213,14.9727,418.94,425.445,10.1762,3.11171,7.86765,7.43266,8.99727,-0.875287,-0.875287,1.0,1.0,1
110512,31.05.2024 13:34:20.020000,268.286,285.919,8.88682,8.936,8.947,41.788,1.67143,1.92716,6.75837,16.4367,419.16,425.575,10.5248,2.65647,7.96071,7.80426,8.99758,-0.875287,-0.875287,1.0,1.0,1
110513,31.05.2024 13:34:20.030000,269.192,291.769,8.86923,8.944,8.945,42.9875,1.74083,1.89011,8.04051,12.2328,419.32,425.67,11.0671,2.63014,8.06738,7.93303,8.99534,-0.875287,-0.875287,1.0,1.0,1
110514,31.05.2024 13:34:20.040000,269.44,289.462,8.86689,8.939,8.909,44.125,1.78687,1.88593,11.191,11.9282,419.355,425.745,11.9596,2.97369,8.53751,8.07661,8.99534,-1.32378,-1.32378,1.0,1.0,1
110515,31.05.2024 13:34:20.050000,269.11,289.709,8.86689,8.884,8.873,44.125,1.83294,1.88557,11.191,11.9282,419.355,425.745,11.9596,2.97369,8.53751,8.07661,8.9939,-1.32378,-1.32378,1.0,1.0,1
110516,31.05.2024 13:34:20.060000,269.11,289.709,8.86689,8.884,8.873,44.125,1.83294,1.88557,11.191,11.9282,419.355,425.745,11.9596,2.97369,8.53751,8.07661,8.9939,-1.32378,-1.32378,1.0,1.0,1
110517,31.05.2024 13:34:20.070000,269.11,289.709,8.86726,8.884,8.873,45.343,1.8745,1.886,13.299,12.0642,419.365,425.735,12.309,3.30393,8.70301,8.13147,8.9939,-1.81568,-1.81568,1.0,1.0,1
110518,31.05.2024 13:34:20.080000,269.11,289.709,8.86726,8.884,8.873,45.343,1.8745,1.886,13.299,12.0642,419.365,425.735,12.309,3.30393,8.70301,8.13147,8.9939,-1.81568,-1.81568,1.0,1.0,1
110519,31.05.2024 13:34:20.090000,272.571,289.545,8.85912,8.853,8.901,46.5508,1.92,1.93214,18.1632,11.0706,419.38,425.715,12.3045,3.26209,8.98036,8.20981,8.99199,-2.56076,-2.56076,1.0,1.0,1
110520,31.05.2024 13:34:20.100000,267.38,294.9,8.83224,8.887,8.822,48.9324,1.86842,1.93518,18.1302,16.0782,419.41,425.725,12.0449,2.9734,9.33453,8.25526,8.99097,-3.1684,-3.1684,1.0,1.0,1
110521,31.05.2024 13:34:20.110000,267.38,294.9,8.83224,8.887,8.822,48.9324,1.86842,1.93518,18.1302,16.0782,419.41,425.725,12.0449,2.9734,9.33453,8.25526,8.99097,-3.1684,-3.1684,1.0,1.0,1
110522,31.05.2024 13:34:20.120000,267.38,294.9,8.81722,8.887,8.822,48.9324,1.82291,1.93761,16.4723,15.0357,419.435,425.73,11.4149,2.88764,9.69573,8.31228,8.99024,-4.02199,-4.02199,1.0,1.0,1
110523,31.05.2024 13:34:20.130000,265.979,290.369,8.82427,8.818,8.859,50.0815,1.6966,1.93987,9.20158,13.555,419.52,425.76,10.4334,2.65083,9.77051,8.3989,8.98914,-4.02199,-4.02199,1.0,1.0,1
110524,31.05.2024 13:34:20.140000,265.979,290.369,8.82427,8.818,8.859,50.0815,1.6966,1.93987,9.20158,13.555,419.52,425.76,10.4334,2.65083,9.77051,8.3989,8.98914,-4.02199,-4.02199,1.0,1.0,1
110525,31.05.2024 13:34:20.150000,265.979,290.369,8.83298,8.818,8.859,51.4087,1.67981,1.93287,8.30223,16.3904,419.675,425.8,9.57761,2.57033,9.90906,8.48717,8.98914,-4.42708,-4.42708,1.0,1.0,1
110526,31.05.2024 13:34:20.160000,265.979,294.488,8.81165,8.88,8.862,52.6367,1.75216,1.90315,8.09908,15.2546,419.87,425.825,9.14001,2.71048,9.87315,8.44127,8.98773,-4.92622,-4.92622,1.0,1.0,1
110527,31.05.2024 13:34:20.170000,271.994,294.488,8.84906,8.88,8.874,53.9626,1.80283,1.89704,9.30783,11.45,420.06,425.865,9.05466,2.85417,9.42339,8.37749,8.98773,-5.80151,-5.80151,1.0,1.0,1
110528,31.05.2024 13:34:20.180000,273.477,294.736,8.84906,8.832,8.833,55.0855,1.84881,1.89867,9.30783,11.45,420.06,425.865,9.05466,2.85417,9.42339,8.37749,8.98691,-6.66957,-6.66957,1.0,1.0,1
110529,31.05.2024 13:34:20.190000,273.477,294.736,8.79656,8.832,8.833,55.0855,1.88956,1.91525,16.1044,12.0532,420.205,425.865,9.20754,2.90935,9.02484,8.38398,8.98621,-6.66957,-6.66957,1.0,1.0,1
110530,31.05.2024 13:34:20.200000,273.477,294.736,8.79656,8.832,8.833,55.0855,1.88956,1.91525,16.1044,12.0532,420.205,425.865,9.20754,2.90935,9.02484,8.38398,8.98621,-6.66957,-6.66957,1.0,1.0,1
110531,31.05.2024 13:34:20.210000,267.627,292.181,8.83966,8.786,8.825,56.3762,1.93219,1.94337,20.419,19.94,420.27,425.86,9.07679,3.21637,9.14281,8.42086,8.98621,-6.66957,-6.66957,1.0,1.0,1
110532,31.05.2024 13:34:20.220000,267.627,292.181,8.83966,8.786,8.825,56.3762,1.93219,1.94337,20.419,19.94,420.27,425.86,9.07679,3.21637,9.14281,8.42086,8.98621,-6.66957,-6.66957,1.0,1.0,1
110533,31.05.2024 13:34:20.230000,264.661,281.717,8.86421,8.814,8.863,57.4307,1.91639,1.9585,18.5334,17.7336,420.365,425.845,8.49095,3.11019,9.07871,8.38347,8.98569,-7.43634,-7.43634,1.0,1.0,1
110534,31.05.2024 13:34:20.240000,269.604,294.9,8.86286,8.835,8.858,58.5717,1.79845,1.97016,16.0876,14.2168,420.49,425.89,7.70249,2.88794,9.06401,8.41299,8.9843,-7.94271,-7.94271,1.0,1.0,1
110535,31.05.2024 13:34:20.250000,269.604,294.9,8.86286,8.835,8.858,58.5717,1.79845,1.97016,16.0876,14.2168,420.49,425.89,7.70249,2.88794,9.06401,8.41299,8.9843,-7.94271,-7.94271,1.0,1.0,1
110536,31.05.2024 13:34:20.260000,268.945,294.9,8.85505,8.835,8.815,59.7127,1.76679,1.97633,12.288,18.996,420.655,425.945,7.06254,3.06636,9.23215,8.32659,8.9843,-7.94271,-7.94271,1.0,1.0,1
110537,31.05.2024 13:34:20.270000,268.945,294.9,8.85505,8.835,8.815,59.7127,1.76679,1.97633,12.288,18.996,420.655,425.945,7.06254,3.06636,9.23215,8.32659,8.9843,-7.94271,-7.94271,1.0,1.0,1
110538,31.05.2024 13:34:20.280000,261.859,290.616,8.85656,8.815,8.855,60.8402,1.75527,1.96446,12.505,20.4544,420.77,425.93,6.90706,3.4857,9.28113,8.18023,8.98338,-8.38397,-8.38397,1.0,1.0,1
110539,31.05.2024 13:34:20.290000,270.264,295.23,8.89091,8.905,8.894,62.1216,1.81229,1.93535,9.66234,15.5817,420.87,425.925,6.63277,3.70354,9.06545,8.114,8.98226,-8.49248,-8.49248,1.0,1.0,1
110540,31.05.2024 13:34:20.300000,270.264,295.23,8.89091,8.905,8.894,62.1216,1.81229,1.93535,9.66234,15.5817,420.87,425.925,6.63277,3.70354,9.06545,8.114,8.98226,-8.49248,-8.49248,1.0,1.0,1
110541,31.05.2024 13:34:20.310000,270.264,295.23,8.90703,8.905,8.894,63.2189,1.84674,1.91672,13.7576,16.1864,420.895,425.955,6.37774,3.83968,8.74189,8.19238,8.98226,-8.49248,-8.49248,1.0,1.0,1
110542,31.05.2024 13:34:20.320000,271.335,290.039,8.90404,8.897,8.885,64.3386,1.90955,1.93747,18.114,16.2589,420.93,425.945,6.03051,4.25246,8.50192,8.07951,8.98199,-8.73843,-8.73843,1.0,1.0,1
110543,31.05.2024 13:34:20.330000,267.792,290.039,8.90646,8.897,8.882,65.3786,1.9152,1.93108,17.8136,16.5737,420.955,425.935,5.58689,4.34561,8.21225,8.01509,8.98199,-8.73843,-8.73843,1.0,1.0,1
110544,31.05.2024 13:34:20.340000,271.417,291.852,8.90646,8.899,8.925,66.4496,1.90166,1.93845,17.8136,16.5737,420.955,425.935,5.58689,4.34561,8.21225,8.01509,8.9817,-9.10735,-9.10735,1.0,1.0,1
110545,31.05.2024 13:34:20.350000,271.417,291.852,8.9046,8.899,8.925,66.4496,1.8697,1.95195,18.8512,14.4465,420.995,425.94,4.92848,4.35636,8.07789,8.0835,8.98177,-9.10735,-9.10735,1.0,1.0,1
110546,31.05.2024 13:34:20.360000,270.016,294.076,8.92753,8.925,8.915,67.4365,1.7982,1.93634,13.9247,17.0863,421.05,425.95,4.50104,4.55033,8.04071,7.99584,8.98177,-8.71672,-8.71672,1.0,1.0,1
110547,31.05.2024 13:34:20.370000,266.473,292.676,8.92753,8.934,8.933,67.4365,1.74502,1.93551,13.9247,17.0863,421.05,425.95,4.50104,4.55033,8.04071,7.99584,8.98149,-8.71672,-8.71672,1.0,1.0,1
110548,31.05.2024 13:34:20.380000,266.473,292.676,8.94863,8.934,8.933,68.5645,1.70676,1.94724,11.6228,15.9134,421.095,425.96,4.16784,4.48817,8.06882,8.01502,8.98149,-8.17419,-8.17419,1.0,1.0,1
110549,31.05.2024 13:34:20.390000,266.473,292.676,8.94863,8.934,8.933,68.5645,1.70676,1.94724,11.6228,15.9134,421.095,425.96,4.16784,4.48817,8.06882,8.01502,8.98149,-8.17419,-8.17419,1.0,1.0,1
110550,31.05.2024 13:34:20.400000,266.968,297.043,8.98909,8.917,8.919,69.6644,1.68156,1.94031,8.5292,16.849,421.175,425.965,4.07816,4.54737,8.14371,8.0033,8.9815,-8.17419,-8.17419,1.0,1.0,1
110551,31.05.2024 13:34:20.410000,263.754,295.148,8.99438,8.907,8.952,70.7342,1.72225,1.92229,8.79823,13.6503,421.225,425.985,4.16251,4.46897,8.32378,8.05281,8.98154,-7.07465,-7.07465,1.0,1.0,1
110552,31.05.2024 13:34:20.420000,263.754,295.148,8.99438,8.907,8.952,70.7342,1.72225,1.92229,8.79823,13.6503,421.225,425.985,4.16251,4.46897,8.32378,8.05281,8.98154,-7.07465,-7.07465,1.0,1.0,1
110553,31.05.2024 13:34:20.430000,233.762,285.754,8.99438,8.944,8.988,71.8231,1.77389,1.91718,12.6773,12.8306,421.23,425.97,4.40257,4.55283,8.39752,7.99903,8.98172,-7.06742,-7.06742,1.0,1.0,1
110554,31.05.2024 13:34:20.440000,233.762,285.754,8.99438,8.944,8.988,71.8231,1.77389,1.91718,12.6773,12.8306,421.23,425.97,4.40257,4.55283,8.39752,7.99903,8.98172,-7.06742,-7.06742,1.0,1.0,1
110555,31.05.2024 13:34:20.450000,228.818,297.043,9.0289,8.994,8.99,72.8109,1.91262,1.92032,16.9108,14.9203,421.24,425.975,4.35677,4.37428,8.21167,8.02619,8.98189,-5.84491,-5.84491,1.0,1.0,1
110556,31.05.2024 13:34:20.460000,228.818,297.043,9.0289,8.994,8.99,72.8109,1.91262,1.92032,16.9108,14.9203,421.24,425.975,4.35677,4.37428,8.21167,8.02619,8.98189,-5.84491,-5.84491,1.0,1.0,1
110557,31.05.2024 13:34:20.470000,217.859,290.616,9.03732,9.0,8.999,73.7124,1.93713,1.95221,19.6499,15.6176,421.265,426.015,4.14688,4.16237,8.22744,8.00413,8.98279,-4.68026,-4.68026,1.0,1.0,1
110558,31.05.2024 13:34:20.480000,203.686,288.885,9.09037,9.018,9.013,74.4656,1.85146,1.9653,18.997,15.9891,421.3,426.06,4.10051,4.26972,8.36277,7.82421,8.9837,-3.32031,-3.32031,1.0,1.0,1
110559,31.05.2024 13:34:20.490000,203.686,288.885,9.09037,9.018,9.013,74.4656,1.85146,1.9653,18.997,15.9891,421.3,426.06,4.10051,4.26972,8.36277,7.82421,8.9837,-3.32031,-3.32031,1.0,1.0,1
110560,31.05.2024 13:34:20.500000,192.645,288.885,9.12904,9.018,9.016,75.151,1.80532,1.96693,16.1884,17.0853,421.32,426.07,4.03666,4.44364,8.49703,7.85377,8.9837,-3.32031,-3.32031,1.0,1.0,1
110561,31.05.2024 13:34:20.510000,192.645,288.885,9.12904,9.018,9.016,75.151,1.80532,1.96693,16.1884,17.0853,421.32,426.07,4.03666,4.44364,8.49703,7.85377,8.9837,-3.32031,-3.32031,1.0,1.0,1
110562,31.05.2024 13:34:20.520000,174.93,274.054,9.13359,9.024,9.023,75.6207,1.68999,1.94725,10.6548,15.2804,421.345,426.07,3.97314,4.22209,8.64374,7.75765,8.984,-3.19733,-3.19733,1.0,1.0,1
110563,31.05.2024 13:34:20.530000,174.93,274.054,9.13359,9.024,9.023,75.6207,1.68999,1.94725,10.6548,15.2804,421.345,426.07,3.97314,4.22209,8.64374,7.75765,8.984,-3.19733,-3.19733,1.0,1.0,1
110564,31.05.2024 13:34:20.540000,154.907,254.69,9.14931,9.047,9.065,76.1395,1.70196,1.92122,7.30989,15.9349,421.36,426.1,3.94855,4.10708,8.79415,7.63168,8.98406,-3.18287,-3.18287,1.0,1.0,1
110565,31.05.2024 13:34:20.550000,117.087,200.226,9.20371,9.095,9.096,76.918,1.83618,1.89629,9.55348,13.6869,421.365,426.13,3.93897,4.08476,8.63105,7.51428,8.98461,-2.40162,-2.40162,1.0,1.0,1
110566,31.05.2024 13:34:20.560000,117.087,200.226,9.20371,9.095,9.096,76.918,1.83618,1.89629,9.55348,13.6869,421.365,426.13,3.93897,4.08476,8.63105,7.51428,8.98461,-2.40162,-2.40162,1.0,1.0,1
110567,31.05.2024 13:34:20.570000,117.087,178.308,9.20371,9.114,9.096,76.918,1.88589,1.89573,12.5504,11.6065,421.4,426.145,3.66664,4.01199,8.54281,7.66717,8.98455,-2.34375,-2.34375,1.0,1.0,1
110568,31.05.2024 13:34:20.580000,117.087,178.308,9.20371,9.114,9.096,76.918,1.88589,1.89573,12.5504,11.6065,421.4,426.145,3.66664,4.01199,8.54281,7.66717,8.98455,-2.34375,-2.34375,1.0,1.0,1
110569,31.05.2024 13:34:20.590000,96.0754,117.911,9.21701,9.214,9.176,77.4185,1.95338,1.91192,16.4275,9.01679,421.43,426.19,3.72814,4.00831,8.63042,7.66095,8.985,-2.34375,-2.34375,1.0,1.0,1
110570,31.05.2024 13:34:20.600000,96.0754,117.911,9.21701,9.214,9.176,77.4185,1.95338,1.91192,16.4275,9.01679,421.43,426.19,3.72814,4.00831,8.63042,7.66095,8.985,-2.34375,-2.34375,1.0,1.0,1
110571,31.05.2024 13:34:20.610000,66.5771,106.869,9.21852,9.189,9.162,77.5484,1.91715,1.93014,19.3351,13.8955,421.43,426.24,3.67292,4.07906,8.44363,7.64501,8.98538,-1.28038,-1.28038,1.0,1.0,1
110572,31.05.2024 13:34:20.620000,66.5771,106.869,9.21852,9.189,9.162,77.5484,1.91715,1.93014,19.3351,13.8955,421.43,426.24,3.67292,4.07906,8.44363,7.64501,8.98538,-1.28038,-1.28038,1.0,1.0,1
110573,31.05.2024 13:34:20.630000,50.5096,85.9405,9.25352,9.237,9.162,77.7253,1.81471,1.94168,14.8993,14.2064,421.435,426.25,3.6154,4.03444,8.50248,7.55258,8.98581,-1.24421,-1.24421,1.0,1.0,1
110574,31.05.2024 13:34:20.640000,50.5096,85.9405,9.25352,9.237,9.162,77.7253,1.81471,1.94168,14.8993,14.2064,421.435,426.25,3.6154,4.03444,8.50248,7.55258,8.98581,-1.24421,-1.24421,1.0,1.0,1
110575,31.05.2024 13:34:20.650000,18.869,0.0823974,9.27029,9.22,9.193,77.8446,1.68287,1.93195,9.50312,12.6,421.445,426.285,3.47152,3.86698,8.54059,7.60444,8.9867,-1.24421,-1.24421,1.0,1.0,1
110576,31.05.2024 13:34:20.660000,18.869,0.0823974,9.27029,9.22,9.193,77.8446,1.68287,1.93195,9.50312,12.6,421.445,426.285,3.47152,3.86698,8.54059,7.60444,8.9867,-1.24421,-1.24421,1.0,1.0,1
110577,31.05.2024 13:34:20.670000,-33.0414,16.6443,9.26913,9.206,9.188,78.0679,1.69213,1.91371,7.68383,14.8992,421.47,426.315,3.28756,3.86343,8.5378,7.6168,8.9872,0.766777,0.766777,1.0,1.0,1
110578,31.05.2024 13:34:20.680000,-33.0414,16.6443,9.26913,9.206,9.188,78.0679,1.69213,1.91371,7.68383,14.8992,421.47,426.315,3.28756,3.86343,8.5378,7.6168,8.9872,0.766777,0.766777,1.0,1.0,1
110579,31.05.2024 13:34:20.690000,-70.0378,-7.25097,9.29972,9.177,9.198,78.1993,1.81938,1.89449,10.7327,12.7497,421.455,426.385,2.91691,3.72419,8.71449,7.67237,8.98768,0.687204,0.687204,1.0,1.0,1
110580,31.05.2024 13:34:20.700000,-70.0378,-7.25097,9.29972,9.177,9.198,78.1993,1.81938,1.89449,10.7327,12.7497,421.455,426.385,2.91691,3.72419,8.71449,7.67237,8.98768,0.687204,0.687204,1.0,1.0,1
110581,31.05.2024 13:34:20.710000,-98.0529,-62.8692,9.31678,9.156,9.192,78.331,1.90497,1.89811,15.0999,11.3802,421.455,426.42,2.68863,3.69342,8.481,7.6822,8.98833,0.115737,0.115737,1.0,1.0,1
110582,31.05.2024 13:34:20.720000,-98.0529,-62.8692,9.31678,9.156,9.192,78.331,1.90497,1.89811,15.0999,11.3802,421.455,426.42,2.68863,3.69342,8.481,7.6822,8.98833,0.115737,0.115737,1.0,1.0,1
110583,31.05.2024 13:34:20.730000,-106.375,-47.2137,9.31784,9.113,9.227,78.6289,1.90352,1.9081,18.3043,12.4798,421.45,426.415,2.26162,3.71804,8.4953,7.83247,8.99013,0.846349,0.846349,1.0,1.0,1
110584,31.05.2024 13:34:20.740000,-106.375,-47.2137,9.31784,9.113,9.227,78.6289,1.90352,1.9081,18.3043,12.4798,421.45,426.415,2.26162,3.71804,8.4953,7.83247,8.99013,0.846349,0.846349,1.0,1.0,1
110585,31.05.2024 13:34:20.750000,-120.465,-109.671,9.30066,9.187,9.167,78.7206,1.8108,1.91004,15.9455,11.429,421.445,426.42,2.076,3.511,8.45116,7.78758,8.99056,1.01997,1.01997,1.0,1.0,1
110586,31.05.2024 13:34:20.760000,-120.465,-109.671,9.30066,9.187,9.167,78.7206,1.8108,1.91004,15.9455,11.429,421.445,426.42,2.076,3.511,8.45116,7.78758,8.99056,1.01997,1.01997,1.0,1.0,1
110587,31.05.2024 13:34:20.770000,-137.933,-128.54,9.30691,9.192,9.216,78.7521,1.66044,1.89751,6.89063,11.9289,421.45,426.47,1.54618,3.17008,8.09252,7.70674,8.99165,1.29485,1.29485,1.0,1.0,1
110588,31.05.2024 13:34:20.780000,-137.933,-128.54,9.30691,9.192,9.216,78.7521,1.66044,1.89751,6.89063,11.9289,421.45,426.47,1.54618,3.17008,8.09252,7.70674,8.99165,1.29485,1.29485,1.0,1.0,1
110589,31.05.2024 13:34:20.790000,-146.915,-146.667,9.29957,9.227,9.191,78.7705,1.63865,1.88296,5.66901,12.803,421.435,426.485,1.24759,2.96495,7.98646,7.76027,8.99201,1.24421,1.24421,1.0,1.0,1
110590,31.05.2024 13:34:20.800000,-152.682,-180.121,9.28397,9.202,9.207,78.8276,1.75467,1.86667,5.3221,8.48141,421.43,426.485,0.950728,2.92949,7.62526,7.52502,8.99301,1.4974,1.4974,1.0,1.0,1
110591,31.05.2024 13:34:20.810000,-152.847,-180.121,9.2787,9.202,9.229,78.8324,1.81382,1.86924,8.94366,9.42772,421.43,426.49,0.733687,2.65687,7.19679,7.1756,8.99301,1.4974,1.4974,1.0,1.0,1
110592,31.05.2024 13:34:20.820000,-150.046,-178.638,9.2787,9.233,9.233,78.8656,1.8658,1.8718,8.94366,9.42772,421.43,426.49,0.733687,2.65687,7.19679,7.1756,8.99343,1.25869,1.25869,1.0,1.0,1
110593,31.05.2024 13:34:20.830000,-150.046,-178.638,9.25995,9.233,9.233,78.8656,1.90601,1.88046,14.2774,9.84206,421.44,426.51,0.533108,2.47827,7.10308,7.03294,8.99386,1.25869,1.25869,1.0,1.0,1
110594,31.05.2024 13:34:20.840000,-150.046,-178.638,9.25995,9.233,9.233,78.8656,1.90601,1.88046,14.2774,9.84206,421.44,426.51,0.533108,2.47827,7.10308,7.03294,8.99386,1.25869,1.25869,1.0,1.0,1
110595,31.05.2024 13:34:20.850000,-154.33,-172.705,9.23497,9.24,9.231,78.9325,1.93566,1.90701,17.0905,12.0165,421.445,426.535,0.526625,2.2375,6.94919,6.9357,8.99386,1.25869,1.25869,1.0,1.0,1
110596,31.05.2024 13:34:20.860000,-151.282,-167.926,9.22953,9.273,9.208,78.926,1.89228,1.93024,16.4159,12.8518,421.445,426.545,0.451838,2.20067,6.89443,6.93189,8.99437,1.34549,1.34549,1.0,1.0,1
110597,31.05.2024 13:34:20.870000,-153.342,-177.978,9.22763,9.214,9.173,78.97,1.80217,1.94447,16.4159,12.8518,421.445,426.545,0.451838,2.20067,6.89443,6.93189,8.9954,1.34549,1.34549,1.0,1.0,1
110598,31.05.2024 13:34:20.880000,-153.342,-170.645,9.22763,9.154,9.173,78.97,1.75874,1.94196,13.0411,14.6785,421.435,426.55,0.455909,2.09917,6.76793,6.81926,8.99606,1.34549,1.34549,1.0,1.0,1
110599,31.05.2024 13:34:20.890000,-153.342,-170.645,9.22763,9.154,9.173,78.97,1.75874,1.94196,13.0411,14.6785,421.435,426.55,0.455909,2.09917,6.76793,6.81926,8.99606,1.34549,1.34549,1.0,1.0,1
110600,31.05.2024 13:34:20.900000,-153.671,-170.645,9.21134,9.154,9.165,78.9446,1.72639,1.93774,9.55526,13.4847,421.43,426.555,0.324565,1.95217,6.60188,6.72991,8.99606,1.59867,1.59867,1.0,1.0,1
110601,31.05.2024 13:34:20.910000,-153.671,-170.645,9.21134,9.154,9.165,78.9446,1.72639,1.93774,9.55526,13.4847,421.43,426.555,0.324565,1.95217,6.60188,6.72991,8.99606,1.59867,1.59867,1.0,1.0,1
110602,31.05.2024 13:34:20.920000,-155.896,-176.66,9.20665,9.103,9.148,78.9215,1.73848,1.92001,7.57624,14.7647,421.43,426.56,0.348161,1.89394,6.44741,6.66343,8.9977,1.79398,1.79398,0.0,1.0,1
110603,31.05.2024 13:34:20.930000,-155.649,-176.331,9.20467,9.163,9.099,78.9645,1.81395,1.90646,8.24143,11.8662,421.44,426.565,0.358536,1.80842,6.41532,6.59818,8.9983,1.79398,1.79398,0.0,1.0,1
110604,31.05.2024 13:34:20.940000,-155.649,-176.331,9.18384,9.163,9.099,78.9594,1.85602,1.9041,12.6354,11.2054,421.43,426.56,0.460185,1.72912,6.27588,6.44813,8.9983,1.90248,1.90248,0.0,1.0,1
110605,31.05.2024 13:34:20.950000,-157.132,-178.885,9.15633,9.157,9.095,78.9844,1.90685,1.90676,12.6354,11.2054,421.43,426.56,0.460185,1.72912,6.27588,6.44813,8.99915,1.90248,1.90248,0.0,1.0,1
110606,31.05.2024 13:34:20.960000,-157.132,-179.379,9.15633,9.141,9.095,78.9844,1.9126,1.91205,14.8313,9.84731,421.43,426.56,0.476672,1.64728,6.23714,6.37662,8.99959,1.90248,1.90248,0.0,1.0,1
110607,31.05.2024 13:34:20.970000,-157.132,-179.379,9.15633,9.141,9.095,78.9844,1.9126,1.91205,14.8313,9.84731,421.43,426.56,0.476672,1.64728,6.23714,6.37662,8.99959,1.90248,1.90248,0.0,1.0,1
110608,31.05.2024 13:34:20.980000,-157.297,-179.379,9.15249,9.141,9.098,78.9277,1.89885,1.91673,15.826,11.3058,421.425,426.565,0.543799,1.66722,6.22687,6.29971,8.99959,2.19908,2.19908,0.0,1.0,1
110609,31.05.2024 13:34:20.990000,-150.046,-178.802,9.15285,9.09,9.076,78.9203,1.77664,1.91521,13.4146,12.1671,421.425,426.565,0.536698,1.68458,6.22488,6.36788,9.00208,1.96036,1.96036,0.0,1.0,1
110610,31.05.2024 13:34:21.000000,-155.319,-176.001,9.14687,9.095,9.06,78.8468,1.72838,1.91216,10.7324,12.4904,421.425,426.57,0.634177,1.72334,6.27821,6.3502,9.00208,2.04717,2.04717,0.0,1.0,1
110611,31.05.2024 13:34:21.010000,-158.862,-178.802,9.14687,9.063,9.049,78.8468,1.68762,1.90549,10.7324,12.4904,421.425,426.57,0.634177,1.72334,6.27821,6.3502,9.00278,2.04717,2.04717,0.0,1.0,1
110612,31.05.2024 13:34:21.020000,-158.862,-178.802,9.13738,9.063,9.049,78.8475,1.66159,1.90006,5.71494,10.1929,421.42,426.57,0.725211,1.67287,6.21623,6.4251,9.00278,2.19908,2.19908,0.0,1.0,1
110613,31.05.2024 13:34:21.030000,-157.544,-174.518,9.13372,9.044,9.047,78.7624,1.67645,1.89139,5.71494,10.1929,421.42,426.57,0.725211,1.67287,6.21623,6.4251,9.0034,2.20631,2.20631,0.0,1.0,1
110614,31.05.2024 13:34:21.040000,-157.544,-177.319,9.13372,9.009,9.047,78.7624,1.71116,1.88441,3.60142,10.1105,421.41,426.57,0.77114,1.70557,6.06414,6.41754,9.00379,2.20631,2.20631,0.0,1.0,1
110615,31.05.2024 13:34:21.050000,-154.578,-177.319,9.1155,9.009,9.043,78.84,1.75782,1.88208,7.51685,9.78177,421.41,426.565,0.806958,1.638,6.07965,6.41672,9.00379,2.30034,2.30034,0.0,1.0,1
110616,31.05.2024 13:34:21.060000,-158.368,-174.683,9.1155,9.036,9.034,78.8923,1.81009,1.88435,7.51685,9.78177,421.41,426.565,0.806958,1.638,6.07965,6.41672,9.00415,2.19908,2.19908,0.0,1.0,1
110617,31.05.2024 13:34:21.070000,-158.368,-174.683,9.10908,9.036,9.034,78.8923,1.85775,1.88808,10.7334,9.48233,421.4,426.57,0.913272,1.77789,6.10846,6.41404,9.00499,2.19908,2.19908,0.0,1.0,1
110618,31.05.2024 13:34:21.080000,-158.368,-174.683,9.10908,9.036,9.034,78.8923,1.85775,1.88808,10.7334,9.48233,421.4,426.57,0.913272,1.77789,6.10846,6.41404,9.00499,2.19908,2.19908,0.0,1.0,1
110619,31.05.2024 13:34:21.090000,-156.226,-178.638,9.10597,9.036,9.049,79.0261,1.91749,1.90235,14.0293,7.98345,421.395,426.57,0.90947,1.82726,5.97505,6.49033,9.00499,2.19908,2.19908,0.0,1.0,1
110620,31.05.2024 13:34:21.100000,-156.226,-178.638,9.10597,9.036,9.049,79.0261,1.91749,1.90235,14.0293,7.98345,421.395,426.57,0.90947,1.82726,5.97505,6.49033,9.00499,2.19908,2.19908,0.0,1.0,1
110621,31.05.2024 13:34:21.110000,-151.611,-171.057,9.0869,9.06,9.037,79.0454,1.90912,1.92198,15.4688,10.2309,421.38,426.57,0.886767,1.9819,6.06213,6.58201,9.00472,2.19908,2.19908,0.0,1.0,1
110622,31.05.2024 13:34:21.120000,-155.402,-175.507,9.08358,9.077,9.04,78.9554,1.79585,1.93731,14.8244,12.0059,421.37,426.565,1.1575,2.05135,6.04721,6.5865,9.0053,2.19908,2.19908,0.0,1.0,1
110623,31.05.2024 13:34:21.130000,-157.709,-175.507,9.08878,9.077,9.029,78.9266,1.75135,1.93476,10.3617,11.8838,421.365,426.56,1.20161,2.10346,6.05937,6.61756,9.0053,2.25694,2.25694,0.0,1.0,1
110624,31.05.2024 13:34:21.140000,-151.117,-175.342,9.08878,9.057,9.03,78.9836,1.7163,1.92889,10.3617,11.8838,421.365,426.56,1.20161,2.10346,6.05937,6.61756,9.00631,2.46672,2.46672,0.0,1.0,1
110625,31.05.2024 13:34:21.150000,-151.117,-175.342,9.08759,9.057,9.03,78.9836,1.69915,1.92499,5.86624,12.9198,421.38,426.555,1.28008,2.21606,6.20092,6.61637,9.00665,2.46672,2.46672,0.0,1.0,1
110626,31.05.2024 13:34:21.160000,-151.117,-175.342,9.08759,9.057,9.03,78.9836,1.69915,1.92499,5.86624,12.9198,421.38,426.555,1.28008,2.21606,6.20092,6.61637,9.00665,2.46672,2.46672,0.0,1.0,1
110627,31.05.2024 13:34:21.170000,-155.731,-174.6,9.08391,9.036,9.027,78.943,1.72396,1.91543,8.54242,12.9253,421.36,426.555,1.40959,2.2552,6.27973,6.60034,9.00665,2.46672,2.46672,0.0,1.0,1
110628,31.05.2024 13:34:21.180000,-155.731,-174.6,9.08391,9.036,9.027,78.943,1.72396,1.91543,8.54242,12.9253,421.36,426.555,1.40959,2.2552,6.27973,6.60034,9.00665,2.46672,2.46672,0.0,1.0,1
110629,31.05.2024 13:34:21.190000,-158.615,-176.66,9.08081,8.995,9.032,79.0433,1.81725,1.91378,10.4008,12.4839,421.345,426.545,1.49233,2.35385,6.20558,6.61472,9.00703,3.32755,3.32755,0.0,1.0,1
110630,31.05.2024 13:34:21.200000,-151.694,-185.806,9.0798,9.025,9.038,79.1203,1.95619,1.91937,14.3883,11.8308,421.345,426.52,1.36026,2.40838,6.25251,6.77714,9.00843,3.92072,3.92072,0.0,1.0,1
110631,31.05.2024 13:34:21.210000,-153.342,-185.806,9.0808,9.025,9.023,79.1304,1.97069,1.93056,17.5072,11.011,421.335,426.505,1.47898,2.3506,6.23592,6.67761,9.00843,3.92072,3.92072,0.0,1.0,1
110632,31.05.2024 13:34:21.220000,-156.967,-177.484,9.0808,9.039,9.011,79.1118,1.9668,1.93915,17.5072,11.011,421.335,426.505,1.47898,2.3506,6.23592,6.67761,9.00873,4.6224,4.6224,0.0,1.0,1
110633,31.05.2024 13:34:21.230000,-156.967,-177.484,9.08799,9.039,9.011,79.1118,1.94246,1.94415,16.9245,13.6286,421.35,426.49,1.52802,2.21625,6.26224,6.67163,9.00917,4.6224,4.6224,0.0,1.0,1
110634,31.05.2024 13:34:21.240000,-158.203,-178.72,9.09735,9.011,9.019,79.0675,1.84428,1.94794,14.4086,13.1802,421.34,426.485,1.64472,2.11013,6.35793,6.69272,9.00917,4.97685,4.97685,0.0,1.0,1
110635,31.05.2024 13:34:21.250000,-152.188,-178.226,9.09735,9.005,9.017,79.0675,1.78446,1.9451,14.4086,13.1802,421.34,426.485,1.64472,2.11013,6.35793,6.69272,9.00958,4.97685,4.97685,0.0,1.0,1
110636,31.05.2024 13:34:21.260000,-152.188,-178.226,9.09886,9.005,9.017,79.1057,1.72884,1.93722,7.95906,10.3086,421.33,426.495,1.75199,2.05979,6.3591,6.68442,9.00958,5.58449,5.58449,0.0,1.0,1
110637,31.05.2024 13:34:21.270000,-155.566,-178.967,9.09639,9.019,9.01,79.0616,1.66143,1.91879,7.95906,10.3086,421.33,426.495,1.75199,2.05979,6.3591,6.68442,9.01025,5.58449,5.58449,0.0,1.0,1
110638,31.05.2024 13:34:21.280000,-155.566,-176.825,9.09639,9.049,9.01,79.0616,1.66127,1.91028,4.29658,12.118,421.325,426.49,1.90744,2.08833,6.48219,6.68097,9.01083,5.58449,5.58449,0.0,1.0,1
110639,31.05.2024 13:34:21.290000,-152.93,-176.825,9.10475,9.049,9.022,79.004,1.68719,1.9003,4.87618,11.469,421.32,426.49,1.9874,2.06806,6.51618,6.68815,9.01083,5.93895,5.93895,0.0,1.0,1
110640,31.05.2024 13:34:21.300000,-152.93,-176.825,9.10475,9.049,9.022,79.004,1.68719,1.9003,4.87618,11.469,421.32,426.49,1.9874,2.06806,6.51618,6.68815,9.01083,5.93895,5.93895,0.0,1.0,1
110641,31.05.2024 13:34:21.310000,-156.885,-182.016,9.10475,9.021,9.017,78.9296,1.7286,1.89239,7.4955,10.4797,421.335,426.49,1.93367,2.05754,6.62133,6.80569,9.01113,6.04022,6.04022,0.0,1.0,1
110642,31.05.2024 13:34:21.320000,-152.847,-176.495,9.1147,9.052,9.025,78.933,1.88389,1.88964,11.3703,8.8511,421.33,426.485,2.02745,2.12723,6.63922,6.77603,9.01155,5.98959,5.98959,0.0,1.0,1
110643,31.05.2024 13:34:21.330000,-150.458,-178.967,9.1147,9.05,9.033,78.933,1.91273,1.89491,11.3703,8.8511,421.33,426.485,2.02745,2.12723,6.63922,6.77603,9.01123,5.98959,5.98959,0.0,1.0,1
110644,31.05.2024 13:34:21.340000,-150.458,-178.967,9.1147,9.05,9.033,78.933,1.91273,1.89491,11.3703,8.8511,421.33,426.485,2.02745,2.12723,6.63922,6.77603,9.01123,5.98959,5.98959,0.0,1.0,1
110645,31.05.2024 13:34:21.350000,-150.458,-178.967,9.12677,9.05,9.033,78.8424,1.92456,1.90506,15.6121,10.1702,421.33,426.485,2.12637,2.07821,6.73169,6.83404,9.01123,6.35127,6.35127,0.0,1.0,1
110646,31.05.2024 13:34:21.360000,-153.012,-177.154,9.12111,9.072,9.058,78.9159,1.84442,1.92646,16.0176,12.8353,421.325,426.495,2.23686,2.07873,6.83938,6.79534,9.01236,6.50319,6.50319,0.0,1.0,1
110647,31.05.2024 13:34:21.370000,-155.072,-177.154,9.11296,9.072,9.065,79.0273,1.79277,1.92905,10.8053,11.3021,421.335,426.49,2.26761,1.93916,6.87534,6.92098,9.01236,6.56106,6.56106,0.0,1.0,1
110648,31.05.2024 13:34:21.380000,-149.634,-177.154,9.11296,9.096,9.081,79.0059,1.74116,1.92859,10.8053,11.3021,421.335,426.49,2.26761,1.93916,6.87534,6.92098,9.01319,6.55381,6.55381,0.0,1.0,1
110649,31.05.2024 13:34:21.390000,-149.634,-177.154,9.11893,9.096,9.081,79.0059,1.69546,1.92489,7.61934,10.792,421.32,426.505,2.41713,1.97598,6.90826,6.8348,9.01342,6.55381,6.55381,0.0,1.0,1
110650,31.05.2024 13:34:21.400000,-149.634,-177.154,9.11893,9.096,9.081,79.0059,1.69546,1.92489,7.61934,10.792,421.32,426.505,2.41713,1.97598,6.90826,6.8348,9.01342,6.55381,6.55381,0.0,1.0,1
110651,31.05.2024 13:34:21.410000,-154.66,-176.907,9.13871,9.119,9.088,78.9369,1.66029,1.91716,4.84277,13.2509,421.315,426.505,2.56524,2.09848,7.0189,6.93322,9.01342,6.3151,6.3151,0.0,1.0,1
110652,31.05.2024 13:34:21.420000,-154.66,-176.907,9.13871,9.119,9.088,78.9369,1.66029,1.91716,4.84277,13.2509,421.315,426.505,2.56524,2.09848,7.0189,6.93322,9.01342,6.3151,6.3151,0.0,1.0,1
110653,31.05.2024 13:34:21.430000,-155.154,-170.233,9.14418,9.1,9.077,78.9009,1.71045,1.90719,5.26386,12.0332,421.315,426.49,2.57793,2.28767,7.08075,6.91209,9.01404,6.83594,6.83594,0.0,1.0,1
110654,31.05.2024 13:34:21.440000,-155.978,-172.623,9.15378,9.084,9.085,78.9931,1.87322,1.91025,8.37682,10.2984,421.26,426.48,2.59076,2.15566,7.07327,6.9016,9.01586,6.83594,6.83594,0.0,1.0,1
110655,31.05.2024 13:34:21.450000,-157.05,-172.623,9.15935,9.084,9.085,78.9771,1.91684,1.91521,15.1345,10.3498,421.245,426.47,2.28108,2.09472,7.13013,6.84851,9.01586,6.83594,6.83594,0.0,1.0,1
110656,31.05.2024 13:34:21.460000,-157.05,-172.623,9.15935,9.084,9.085,78.9771,1.91684,1.91521,15.1345,10.3498,421.245,426.47,2.28108,2.09472,7.13013,6.84851,9.01586,6.83594,6.83594,0.0,1.0,1
110657,31.05.2024 13:34:21.470000,-150.54,-179.709,9.15935,9.084,9.095,78.9468,1.94583,1.92376,17.9172,14.5885,421.24,426.475,1.96552,1.93555,6.83429,6.8095,9.01701,7.55209,7.55209,0.0,1.0,1
110658,31.05.2024 13:34:21.480000,-150.54,-179.709,9.15935,9.084,9.095,78.9468,1.94583,1.92376,17.9172,14.5885,421.24,426.475,1.96552,1.93555,6.83429,6.8095,9.01701,7.55209,7.55209,0.0,1.0,1
110659,31.05.2024 13:34:21.490000,-149.387,-172.787,9.15985,9.119,9.085,78.9432,1.91398,1.94856,17.1745,12.7067,421.26,426.48,1.7293,1.95541,6.71279,6.74807,9.01794,7.84143,7.84143,0.0,1.0,1
110660,31.05.2024 13:34:21.500000,-154.742,-174.6,9.16929,9.111,9.097,78.9673,1.82085,1.95516,12.8789,12.8471,421.26,426.47,1.63828,2.03943,6.4526,6.78274,9.0191,7.84143,7.84143,0.0,1.0,1
110661,31.05.2024 13:34:21.510000,-158.945,-180.615,9.17439,9.074,9.1,78.989,1.73514,1.95008,12.8789,12.8471,421.26,426.47,1.63828,2.03943,6.4526,6.78274,9.01987,9.01331,9.01331,0.0,1.0,1
110662,31.05.2024 13:34:21.520000,-158.945,-180.615,9.17439,9.074,9.1,78.989,1.73514,1.95008,12.8789,12.8471,421.26,426.47,1.63828,2.03943,6.4526,6.78274,9.01987,9.01331,9.01331,0.0,1.0,1
110663,31.05.2024 13:34:21.530000,-158.945,-180.945,9.17439,9.107,9.1,78.989,1.71373,1.94427,9.6033,12.9302,421.235,426.465,1.5228,2.01084,6.2405,6.8117,9.0215,9.02778,9.02778,0.0,1.0,1
110664,31.05.2024 13:34:21.540000,-160.922,-174.518,9.19311,9.135,9.09,78.982,1.72925,1.92958,6.46213,12.5132,421.22,426.455,1.35359,1.96945,6.07233,6.70187,9.02252,9.02778,9.02778,0.0,1.0,1
110665,31.05.2024 13:34:21.550000,-160.922,-174.518,9.18376,9.135,9.09,78.982,1.76394,1.92305,8.61845,11.6948,421.195,426.455,1.17341,2.01503,5.89146,6.63731,9.02432,9.02778,9.02778,0.0,1.0,1
110666,31.05.2024 13:34:21.560000,-157.956,-173.364,9.19114,9.121,9.13,78.9514,1.85141,1.91818,12.2975,10.8902,421.195,426.45,0.939185,2.1164,5.78272,6.66713,9.02432,9.97541,9.97541,0.0,1.0,1
110667,31.05.2024 13:34:21.570000,-156.638,-172.54,9.19114,9.135,9.12,78.9514,1.89212,1.91945,12.2975,10.8902,421.195,426.45,0.939185,2.1164,5.78272,6.66713,9.02506,9.97541,9.97541,0.0,1.0,1
110668,31.05.2024 13:34:21.580000,-156.638,-172.54,9.20272,9.135,9.12,78.9194,1.91834,1.9225,15.4565,10.5745,421.205,426.445,0.897187,2.07963,5.80225,6.70994,9.02506,9.97541,9.97541,0.0,1.0,1
110669,31.05.2024 13:34:21.590000,-156.638,-172.54,9.20272,9.135,9.12,78.9194,1.91834,1.9225,15.4565,10.5745,421.205,426.445,0.897187,2.07963,5.80225,6.70994,9.02506,9.97541,9.97541,0.0,1.0,1
110670,31.05.2024 13:34:21.600000,-159.521,-172.375,9.21305,9.137,9.119,78.903,1.91709,1.92859,16.4143,11.0533,421.205,426.44,0.883942,2.11345,5.80781,6.67867,9.02654,10.026,10.026,0.0,1.0,1
110671,31.05.2024 13:34:21.610000,-159.521,-172.375,9.21305,9.137,9.119,78.903,1.91709,1.92859,16.4143,11.0533,421.205,426.44,0.883942,2.11345,5.80781,6.67867,9.02654,10.026,10.026,0.0,1.0,1
110672,31.05.2024 13:34:21.620000,-158.203,-179.462,9.2105,9.125,9.115,78.9313,1.84243,1.93008,14.4774,11.0071,421.185,426.435,0.924086,2.11234,5.70474,6.58474,9.02766,10.272,10.272,0.0,1.0,1
110673,31.05.2024 13:34:21.630000,-158.203,-179.462,9.2105,9.125,9.115,78.9313,1.84243,1.93008,14.4774,11.0071,421.185,426.435,0.924086,2.11234,5.70474,6.58474,9.02766,10.272,10.272,0.0,1.0,1
110674,31.05.2024 13:34:21.640000,-148.48,-172.211,9.20922,9.15,9.151,78.9462,1.68975,1.92214,9.72885,9.24659,421.185,426.43,0.606297,2.04733,5.72888,6.61081,9.02981,10.5252,10.5252,0.0,1.0,1
110675,31.05.2024 13:34:21.650000,-151.941,-168.091,9.2129,9.17,9.17,78.953,1.65383,1.90944,6.46926,10.2809,421.185,426.42,0.59569,2.15457,5.83282,6.58668,9.03077,10.5179,10.5179,0.0,1.0,1
110676,31.05.2024 13:34:21.660000,-151.941,-168.091,9.2129,9.17,9.17,78.953,1.65383,1.90944,6.46926,10.2809,421.185,426.42,0.59569,2.15457,5.83282,6.58668,9.03077,10.5179,10.5179,0.0,1.0,1
110677,31.05.2024 13:34:21.670000,-151.941,-168.091,9.2159,9.17,9.17,79.0481,1.66936,1.90764,4.04419,9.6133,421.175,426.42,0.569384,2.09522,5.74352,6.55923,9.03077,10.7784,10.7784,0.0,1.0,1
110678,31.05.2024 13:34:21.680000,-154.001,-168.915,9.21167,9.152,9.16,79.0359,1.8122,1.90392,7.28889,8.27194,421.175,426.42,0.597636,2.12326,5.65191,6.50942,9.03312,11.0388,11.0388,0.0,1.0,1
110679,31.05.2024 13:34:21.690000,-156.72,-168.915,9.20037,9.152,9.176,79.074,1.86723,1.91147,12.7029,8.80707,421.145,426.405,0.60447,2.02068,5.62781,6.52404,9.03312,11.48,11.48,0.0,1.0,1
110680,31.05.2024 13:34:21.700000,-157.626,-175.342,9.20037,9.133,9.169,79.0869,1.91098,1.91861,12.7029,8.80707,421.145,426.405,0.60447,2.02068,5.62781,6.52404,9.03411,11.4945,11.4945,0.0,1.0,1
110681,31.05.2024 13:34:21.710000,-157.626,-175.342,9.21491,9.133,9.169,79.0869,1.93612,1.92895,16.622,8.84602,421.13,426.395,0.615069,2.02899,5.6296,6.5108,9.03511,11.4945,11.4945,0.0,1.0,1
110682,31.05.2024 13:34:21.720000,-157.626,-175.342,9.21491,9.133,9.169,79.0869,1.93612,1.92895,16.622,8.84602,421.13,426.395,0.615069,2.02899,5.6296,6.5108,9.03511,11.4945,11.4945,0.0,1.0,1
110683,31.05.2024 13:34:21.730000,-154.742,-174.023,9.23196,9.152,9.186,79.0688,1.9314,1.95217,16.3379,11.192,421.13,426.395,0.594331,1.91626,5.43221,6.4603,9.03511,11.6464,11.6464,0.0,1.0,1
110684,31.05.2024 13:34:21.740000,-154.742,-174.023,9.23196,9.152,9.186,79.0688,1.9314,1.95217,16.3379,11.192,421.13,426.395,0.594331,1.91626,5.43221,6.4603,9.03511,11.6464,11.6464,0.0,1.0,1
110685,31.05.2024 13:34:21.750000,-151.117,-175.424,9.22261,9.204,9.154,79.0529,1.85541,1.95948,14.8593,12.683,421.14,426.39,0.568942,1.92633,5.47566,6.50256,9.0366,11.6464,11.6464,0.0,1.0,1
110686,31.05.2024 13:34:21.760000,-151.117,-175.424,9.22261,9.204,9.154,79.0529,1.85541,1.95948,14.8593,12.683,421.14,426.39,0.568942,1.92633,5.47566,6.50256,9.0366,11.6464,11.6464,0.0,1.0,1
110687,31.05.2024 13:34:21.770000,-152.435,-177.072,9.21254,9.172,9.112,78.9706,1.70784,1.95167,11.0455,13.0353,421.13,426.375,0.760873,2.00903,5.4791,6.42554,9.03933,11.849,11.849,0.0,1.0,1
110688,31.05.2024 13:34:21.780000,-152.435,-177.072,9.21254,9.172,9.112,78.9706,1.70784,1.95167,11.0455,13.0353,421.13,426.375,0.760873,2.00903,5.4791,6.42554,9.03933,11.849,11.849,0.0,1.0,1
110689,31.05.2024 13:34:21.790000,-157.626,-174.023,9.22543,9.142,9.162,78.9318,1.67648,1.93611,5.32355,12.2022,421.125,426.38,0.851634,1.88602,5.56291,6.42623,9.04078,12.0515,12.0515,0.0,1.0,1
110690,31.05.2024 13:34:21.800000,-159.027,-170.068,9.21959,9.151,9.146,78.9991,1.78973,1.92215,9.30632,10.3054,421.11,426.355,1.15431,1.84739,5.79267,6.30003,9.04251,11.8562,11.8562,0.0,1.0,1
110691,31.05.2024 13:34:21.810000,-159.027,-170.068,9.21959,9.151,9.146,78.9991,1.78973,1.92215,9.30632,10.3054,421.11,426.355,1.15431,1.84739,5.79267,6.30003,9.04251,11.8562,11.8562,0.0,1.0,1
110692,31.05.2024 13:34:21.820000,-151.117,-182.675,9.21959,9.148,9.126,78.9991,1.84857,1.92221,9.30632,10.3054,421.11,426.355,1.15431,1.84739,5.79267,6.30003,9.04428,11.8562,11.8562,0.0,1.0,1
110693,31.05.2024 13:34:21.830000,-157.873,-176.495,9.23584,9.141,9.133,79.0914,1.97085,1.94255,14.2076,10.456,421.11,426.34,1.31804,1.83909,5.80207,6.18312,9.04514,11.4366,11.4366,0.0,1.0,1
110694,31.05.2024 13:34:21.840000,-157.873,-180.368,9.23584,9.133,9.133,79.0914,1.97454,1.95596,16.5311,10.2035,421.1,426.345,1.40963,1.6585,5.87837,6.18323,9.04636,11.4366,11.4366,0.0,1.0,1
110695,31.05.2024 13:34:21.850000,-157.873,-180.368,9.23584,9.133,9.133,79.0914,1.97454,1.95596,16.5311,10.2035,421.1,426.345,1.40963,1.6585,5.87837,6.18323,9.04636,11.4366,11.4366,0.0,1.0,1
110696,31.05.2024 13:34:21.860000,-149.799,-180.368,9.23431,9.133,9.127,79.1256,1.95498,1.96525,19.5443,14.4414,421.1,426.335,1.59823,1.75407,6.06326,6.14704,9.04636,11.0532,11.0532,0.0,1.0,1
110697,31.05.2024 13:34:21.870000,-149.799,-180.368,9.23431,9.133,9.127,79.1256,1.95498,1.96525,19.5443,14.4414,421.1,426.335,1.59823,1.75407,6.06326,6.14704,9.04636,11.0532,11.0532,0.0,1.0,1
110698,31.05.2024 13:34:21.880000,-155.566,-175.671,9.23365,9.093,9.147,79.1085,1.79554,1.96695,16.3845,13.1477,421.065,426.335,1.79694,1.75865,6.08942,6.031,9.04901,10.5469,10.5469,0.0,1.0,1
110699,31.05.2024 13:34:21.890000,-149.634,-176.001,9.23963,9.146,9.154,79.0729,1.68162,1.95261,9.78053,11.4162,421.03,426.325,1.68502,1.79274,6.20332,6.05993,9.0505,10.5469,10.5469,0.0,1.0,1
