,time,Pinceur Inf Mesure de courant,Pinceur Sup Mesure de courant,Mandrin - Vitesse Actuelle,Pinceur Sup Mesure vitesse lineaire,Pinceur Inf Mesure vitesse lineaire,Mandrin - Mesure Expansion,Pinceur Nord Position entrefer estimee,Pinceur Sud Position entrefer estimee,Pinceur Nord Force entrefer calibree,Pinceur Sud Force entrefer calibree,Guides Nord Entree Position mesuree,Guides Nord Sortie Position mesuree,Guides Nord Entree Force pour regulateur PI,Guides Nord Sortie Force pour regulateur PI,Guides Sud Entree Force pour regulateur PI,Guides Sud Sortie Force pour regulateur PI,Mandrin - Vitesse Actuelle F10,_Excentrage largeur bande jauge bob,_Excentrage largeur bande jauge bob.1,TDB pinceur,Fenetre,Declancheur
128400,31.05.2024 22:39:29.740000,74.2401,38.4796,7.53093,7.834,7.617,39.038,5.04395,3.1882,50.3,27.959,861.58,862.445,7.87294,7.95552,0.347606,-0.119437,6.54689,-3.13947,-3.13947,1.0,1.0,1
128401,31.05.2024 22:39:29.750000,193.304,109.671,7.52862,7.683,7.376,39.0865,5.42923,3.11234,81.8876,1.02823,859.815,860.69,7.78159,7.79265,0.299286,-0.221296,6.54714,-2.32928,-2.32928,1.0,1.0,1
128402,31.05.2024 22:39:29.760000,193.304,109.671,7.52862,7.683,7.376,39.0865,5.42923,3.11234,81.8876,1.02823,859.815,860.69,7.78159,7.79265,0.299286,-0.221296,6.54714,-2.32928,-2.32928,1.0,1.0,1
128403,31.05.2024 22:39:29.770000,286.496,185.477,7.53204,7.473,7.152,39.0642,5.29701,3.08656,96.8135,-1.28256,858.07,858.98,7.58395,7.66864,0.203186,-0.261043,6.54714,-1.63484,-1.63484,1.0,1.0,1
128404,31.05.2024 22:39:29.780000,286.496,185.477,7.53204,7.473,7.152,39.0642,5.29701,3.08656,96.8135,-1.28256,858.07,858.98,7.58395,7.66864,0.203186,-0.261043,6.54714,-1.63484,-1.63484,1.0,1.0,1
128405,31.05.2024 22:39:29.790000,378.122,235.986,7.52602,7.442,7.039,39.0161,4.33617,3.37952,78.0937,10.0079,856.435,857.3,6.96211,6.76603,0.288212,-0.386672,6.54719,-1.63484,-1.63484,1.0,1.0,1
128406,31.05.2024 22:39:29.800000,482.107,246.945,7.5243,7.469,6.938,39.0111,3.65771,3.64389,45.2856,32.1803,854.98,855.815,6.10611,5.08165,1.44664,-0.462384,6.54825,-1.38165,-1.38165,1.0,1.0,1
128407,31.05.2024 22:39:29.810000,482.107,246.945,7.52672,7.469,6.938,39.0119,3.30012,3.78117,17.8721,48.7174,853.53,854.56,5.35832,4.40571,3.15841,-0.296455,6.54825,-2.22077,-2.22077,1.0,1.0,1
128408,31.05.2024 22:39:29.820000,482.107,246.945,7.52672,7.469,6.938,39.0119,3.30012,3.78117,17.8721,48.7174,853.53,854.56,5.35832,4.40571,3.15841,-0.296455,6.54825,-2.22077,-2.22077,1.0,1.0,1
128409,31.05.2024 22:39:29.830000,567.389,347.8,7.53109,7.175,6.7,38.9648,3.25177,3.79181,3.83602,46.7917,852.205,853.27,4.12215,4.67306,3.92305,-0.205962,6.54888,-0.159144,-0.159144,1.0,1.0,1
128410,31.05.2024 22:39:29.840000,632.812,478.894,7.5366,6.968,6.631,38.9033,3.53977,3.74927,7.18266,46.4134,850.925,851.94,3.44071,5.34403,3.77486,-0.18201,6.54889,0.679985,0.679985,1.0,1.0,1
128411,31.05.2024 22:39:29.850000,632.812,478.894,7.5366,6.968,6.631,38.9033,3.53977,3.74927,7.18266,46.4134,850.925,851.94,3.44071,5.34403,3.77486,-0.18201,6.54889,0.679985,0.679985,1.0,1.0,1
128412,31.05.2024 22:39:29.860000,689.996,605.539,7.5366,6.887,6.558,38.9417,3.75929,3.66874,30.6299,45.7784,849.61,850.68,3.37845,6.00459,2.75488,-0.357347,6.54962,-1.26591,-1.26591,1.0,1.0,1
128413,31.05.2024 22:39:29.870000,689.996,605.539,7.5366,6.887,6.558,38.9417,3.75929,3.66874,30.6299,45.7784,849.61,850.68,3.37845,6.00459,2.75488,-0.357347,6.54962,-1.26591,-1.26591,1.0,1.0,1
128414,31.05.2024 22:39:29.880000,704.91,639.404,7.5248,6.901,6.549,38.8863,4.42739,3.47686,51.8059,32.982,848.27,849.415,3.84767,7.45813,1.85332,-0.426343,6.5503,-1.26591,-1.26591,1.0,1.0,1
128415,31.05.2024 22:39:29.890000,709.359,720.895,7.52184,6.652,6.475,38.9218,4.47703,3.3407,61.799,19.9088,846.86,848.14,4.85714,9.64572,1.04869,-0.384612,6.55095,-1.26591,-1.26591,1.0,1.0,1
128416,31.05.2024 22:39:29.900000,709.359,720.895,7.52184,6.652,6.475,38.9218,4.47703,3.3407,61.799,19.9088,846.86,848.14,4.85714,9.64572,1.04869,-0.384612,6.55095,-1.26591,-1.26591,1.0,1.0,1
128417,31.05.2024 22:39:29.910000,697.0,709.195,7.52641,6.41,6.41,38.9169,4.37526,3.30616,57.8896,18.9888,845.42,846.345,5.50894,10.6135,0.0421293,-0.316356,6.55099,0.0216961,0.0216961,1.0,1.0,1
128418,31.05.2024 22:39:29.920000,697.0,709.195,7.52641,6.41,6.41,38.9169,4.37526,3.30616,57.8896,18.9888,845.42,846.345,5.50894,10.6135,0.0421293,-0.316356,6.55099,0.0216961,0.0216961,1.0,1.0,1
128419,31.05.2024 22:39:29.930000,699.554,713.232,7.53057,6.413,6.378,38.923,4.09528,3.19486,48.4922,14.1069,843.855,844.72,6.32065,10.7048,-0.748799,-0.311507,6.55074,3.58796,3.58796,1.0,1.0,1
128420,31.05.2024 22:39:29.940000,699.554,713.232,7.53057,6.413,6.378,38.923,4.09528,3.19486,48.4922,14.1069,843.855,844.72,6.32065,10.7048,-0.748799,-0.311507,6.55074,3.58796,3.58796,1.0,1.0,1
128421,31.05.2024 22:39:29.950000,699.472,706.064,7.53325,6.571,6.388,38.9738,3.58311,3.14693,36.1917,1.65028,842.345,843.12,6.50718,10.2377,-1.25439,-0.276658,6.55149,9.59925,9.59925,1.0,1.0,1
128422,31.05.2024 22:39:29.960000,692.221,697.165,7.53316,6.321,6.419,39.0087,3.35353,3.23178,19.5727,2.88251,840.745,841.545,6.60945,9.65533,-1.10496,-0.287109,6.55089,9.59925,9.59925,1.0,1.0,1
128423,31.05.2024 22:39:29.970000,692.221,697.165,7.53316,6.321,6.419,39.0087,3.35353,3.23178,19.5727,2.88251,840.745,841.545,6.60945,9.65533,-1.10496,-0.287109,6.55089,9.59925,9.59925,1.0,1.0,1
128424,31.05.2024 22:39:29.980000,692.221,697.165,7.52868,6.321,6.419,39.0518,3.29479,3.29708,9.2702,19.4561,839.16,840.055,6.59756,9.47158,0.183803,-0.344445,6.55089,11.3498,11.3498,1.0,1.0,1
128425,31.05.2024 22:39:29.990000,696.094,675.0,7.52501,6.436,6.424,39.0099,3.40047,3.45292,8.93725,27.9487,837.57,838.605,6.57562,9.87996,1.06709,-0.285671,6.55037,14.3301,14.3301,1.0,1.0,1
128426,31.05.2024 22:39:30.000000,689.09,675.0,7.52117,6.436,6.394,39.0454,3.48361,3.46513,13.9296,24.2756,835.975,837.04,6.67094,10.9454,1.40321,-0.302085,6.55037,14.3301,14.3301,1.0,1.0,1
128427,31.05.2024 22:39:30.010000,692.138,715.951,7.52117,6.456,6.43,39.0408,3.5651,3.4794,13.9296,24.2756,835.975,837.04,6.67094,10.9454,1.40321,-0.302085,6.54941,14.3301,14.3301,1.0,1.0,1
128428,31.05.2024 22:39:30.020000,692.138,715.951,7.52964,6.456,6.43,39.0408,3.6768,3.49122,22.2646,25.3265,834.415,835.44,6.93081,11.86,1.32077,-0.273189,6.5492,15.9071,15.9071,1.0,1.0,1
128429,31.05.2024 22:39:30.030000,687.524,692.056,7.53338,6.346,6.463,39.0256,3.71406,3.47513,26.855,31.1538,832.825,833.805,7.50207,12.3521,0.842838,-0.136733,6.5492,15.9071,15.9071,1.0,1.0,1
128430,31.05.2024 22:39:30.040000,687.524,692.056,7.53338,6.346,6.463,39.0256,3.71406,3.47513,26.855,31.1538,832.825,833.805,7.50207,12.3521,0.842838,-0.136733,6.5492,15.9071,15.9071,1.0,1.0,1
128431,31.05.2024 22:39:30.050000,690.82,683.487,7.53338,6.381,6.479,39.0256,3.73262,3.45454,31.7366,26.6994,831.135,832.095,8.13421,12.529,0.397491,-0.187303,6.54879,17.2888,17.2888,1.0,1.0,1
128432,31.05.2024 22:39:30.060000,696.835,681.921,7.52735,6.551,6.487,39.0235,3.67612,3.40076,27.6418,19.6324,829.39,830.395,8.10564,11.96,-0.00284982,-0.185964,6.54866,17.636,17.636,1.0,1.0,1
128433,31.05.2024 22:39:30.070000,690.82,683.487,7.53338,6.381,6.479,39.0256,3.73262,3.45454,27.6418,19.6324,829.39,830.395,8.10564,11.96,-0.00284982,-0.185964,6.54879,17.2888,17.2888,1.0,1.0,1
128434,31.05.2024 22:39:30.080000,693.869,696.753,7.53309,6.616,6.511,38.9978,3.59266,3.34603,24.0012,20.4228,827.725,828.755,7.73147,11.4807,-0.728268,-0.256463,6.54791,19.4806,19.4806,1.0,1.0,1
128435,31.05.2024 22:39:30.090000,686.041,686.453,7.53309,6.492,6.552,38.8913,3.55681,3.32412,24.0012,20.4228,827.725,828.755,7.73147,11.4807,-0.728268,-0.256463,6.54709,19.4806,19.4806,1.0,1.0,1
128436,31.05.2024 22:39:30.100000,686.041,686.453,7.53256,6.492,6.552,38.8913,3.49889,3.28118,22.411,18.3486,826.005,827.2,7.36849,11.3119,-1.05708,-0.277498,6.54706,21.8895,21.8895,1.0,1.0,1
128437,31.05.2024 22:39:30.110000,694.693,677.719,7.53067,6.44,6.584,38.9399,3.47582,3.26853,22.0535,13.8966,824.325,825.655,6.7372,11.8888,-0.382683,-0.205163,6.54706,21.8895,21.8895,1.0,1.0,1
128438,31.05.2024 22:39:30.120000,687.771,680.273,7.53067,6.545,6.598,38.9399,3.46086,3.27565,22.0535,13.8966,824.325,825.655,6.7372,11.8888,-0.382683,-0.205163,6.54697,23.2784,23.2784,1.0,1.0,1
128439,31.05.2024 22:39:30.130000,687.771,680.273,7.53067,6.545,6.598,38.9399,3.46086,3.27565,22.0535,13.8966,824.325,825.655,6.7372,11.8888,-0.382683,-0.205163,6.54697,23.2784,23.2784,1.0,1.0,1
128440,31.05.2024 22:39:30.140000,687.771,680.273,7.52817,6.545,6.598,38.9427,3.44723,3.29854,18.1823,11.727,822.665,824.1,6.44432,13.1257,0.409561,-0.138669,6.54697,24.5298,24.5298,1.0,1.0,1
128441,31.05.2024 22:39:30.150000,690.573,696.505,7.53326,6.599,6.607,38.9159,3.45705,3.35649,18.5373,20.618,820.99,822.445,6.32541,14.0856,0.932277,-0.0824654,6.54614,24.9349,24.9349,1.0,1.0,1
128442,31.05.2024 22:39:30.160000,694.363,696.505,7.53578,6.599,6.579,38.93,3.47009,3.3575,19.5506,20.9232,819.3,820.85,6.39822,14.6914,1.15393,-0.146396,6.54614,24.8915,24.8915,1.0,1.0,1
128443,31.05.2024 22:39:30.170000,699.637,689.007,7.53578,6.517,6.607,39.0219,3.47775,3.35011,19.5506,20.9232,819.3,820.85,6.39822,14.6914,1.15393,-0.146396,6.54617,24.8915,24.8915,1.0,1.0,1
128444,31.05.2024 22:39:30.180000,699.637,689.007,7.52791,6.517,6.607,39.0219,3.45368,3.34471,19.9211,17.7272,817.745,819.255,6.53938,15.4984,1.27626,-0.181119,6.54616,24.906,24.906,1.0,1.0,1
128445,31.05.2024 22:39:30.190000,691.891,668.326,7.53202,6.581,6.618,39.0275,3.43561,3.34966,17.0144,16.8703,816.325,817.66,7.5777,16.2208,1.9893,-0.273086,6.54616,24.906,24.906,1.0,1.0,1
128446,31.05.2024 22:39:30.200000,695.682,686.041,7.53202,6.684,6.609,39.0275,3.42666,3.34987,17.0144,16.8703,816.325,817.66,7.5777,16.2208,1.9893,-0.273086,6.5462,24.906,24.906,1.0,1.0,1
128447,31.05.2024 22:39:30.210000,695.682,686.041,7.53202,6.684,6.609,39.0275,3.42666,3.34987,17.0144,16.8703,816.325,817.66,7.5777,16.2208,1.9893,-0.273086,6.5462,24.906,24.906,1.0,1.0,1
128448,31.05.2024 22:39:30.220000,695.682,686.041,7.53395,6.684,6.609,39.058,3.40976,3.35269,18.7744,23.328,814.8,816.04,9.79243,17.0738,3.57296,-0.173354,6.5462,24.8264,24.8264,1.0,1.0,1
128449,31.05.2024 22:39:30.230000,695.682,686.041,7.53395,6.684,6.609,39.058,3.40976,3.35269,18.7744,23.328,814.8,816.04,9.79243,17.0738,3.57296,-0.173354,6.5462,24.8264,24.8264,1.0,1.0,1
128450,31.05.2024 22:39:30.240000,696.67,686.7,7.53011,6.563,6.584,39.0396,3.43103,3.36446,18.8499,21.1282,813.27,814.445,12.0402,17.8751,4.61435,0.256909,6.54678,23.8426,23.8426,1.0,1.0,1
128451,31.05.2024 22:39:30.250000,696.67,686.7,7.53011,6.563,6.584,39.0396,3.43103,3.36446,18.8499,21.1282,813.27,814.445,12.0402,17.8751,4.61435,0.256909,6.54678,23.8426,23.8426,1.0,1.0,1
128452,31.05.2024 22:39:30.260000,683.322,672.116,7.52301,6.521,6.602,39.0534,3.48755,3.40899,18.15,20.8615,811.775,812.875,14.1113,18.62,5.74002,0.969502,6.54674,20.9563,20.9563,1.0,1.0,1
128453,31.05.2024 22:39:30.270000,683.322,672.116,7.52301,6.521,6.602,39.0534,3.48755,3.40899,18.15,20.8615,811.775,812.875,14.1113,18.62,5.74002,0.969502,6.54674,20.9563,20.9563,1.0,1.0,1
128454,31.05.2024 22:39:30.280000,690.82,679.861,7.49213,6.636,6.546,39.1171,3.55206,3.4129,24.3804,30.9554,808.795,809.875,17.6422,20.6863,10.1178,4.66477,6.54704,20.8478,20.8478,1.0,1.0,1
128455,31.05.2024 22:39:30.290000,690.82,679.861,7.49213,6.636,6.546,39.1171,3.55206,3.4129,24.3804,30.9554,808.795,809.875,17.6422,20.6863,10.1178,4.66477,6.54704,20.8478,20.8478,1.0,1.0,1
128456,31.05.2024 22:39:30.300000,691.314,699.389,7.51096,6.583,6.503,39.0267,3.56727,3.40773,25.2423,23.6441,807.85,808.46,14.5818,14.0215,11.8816,5.74464,6.54739,21.8967,21.8967,1.0,1.0,1
128457,31.05.2024 22:39:30.310000,692.056,686.206,7.52936,6.494,6.51,38.8934,3.48851,3.40938,23.3611,21.0238,808.18,809.15,11.8892,5.29104,13.7119,7.16875,6.54766,21.969,21.969,1.0,1.0,1
128458,31.05.2024 22:39:30.320000,692.056,686.206,7.52936,6.494,6.51,38.8934,3.48851,3.40938,23.3611,21.0238,808.18,809.15,11.8892,5.29104,13.7119,7.16875,6.54766,21.969,21.969,1.0,1.0,1
128459,31.05.2024 22:39:30.330000,695.27,686.206,7.53745,6.494,6.519,38.7239,3.43548,3.40823,20.9274,24.6779,807.955,809.895,12.1856,8.42249,15.1567,9.10043,6.54766,16.2109,16.2109,1.0,1.0,1
128460,31.05.2024 22:39:30.340000,688.925,677.554,7.55059,6.576,6.49,38.8348,3.32706,3.38319,17.6505,25.3514,808.34,809.8,10.6953,11.9748,15.0971,10.896,6.54746,16.2109,16.2109,1.0,1.0,1
128461,31.05.2024 22:39:30.350000,684.558,688.019,7.50978,6.58,6.464,38.8771,3.31862,3.38594,14.0683,19.9806,808.275,809.655,12.685,10.2244,13.1101,11.5736,6.54746,16.2109,16.2109,1.0,1.0,1
128462,31.05.2024 22:39:30.360000,688.183,691.479,7.50978,6.527,6.498,38.8771,3.33057,3.39251,14.0683,19.9806,808.275,809.655,12.685,10.2244,13.1101,11.5736,6.5475,16.2109,16.2109,1.0,1.0,1
128463,31.05.2024 22:39:30.370000,688.183,691.479,7.48232,6.527,6.498,38.9176,3.39658,3.3903,15.8912,23.0793,808.305,809.825,12.7928,8.85237,11.4723,9.88153,6.5475,10.1707,10.1707,1.0,1.0,1
128464,31.05.2024 22:39:30.380000,690.655,684.146,7.49304,6.449,6.488,38.9987,3.44157,3.38508,15.8912,23.0793,808.305,809.825,13.3799,8.30711,10.7869,7.33328,6.54692,10.1707,10.1707,1.0,1.0,1
128465,31.05.2024 22:39:30.390000,690.655,684.146,7.49304,6.449,6.488,38.9987,3.47692,3.38192,18.9546,23.5958,808.235,810.035,13.3799,8.30711,10.7869,7.33328,6.54653,10.4022,10.4022,1.0,1.0,1
128466,31.05.2024 22:39:30.400000,690.655,684.146,7.49304,6.449,6.488,38.9987,3.47692,3.38192,18.9546,23.5958,808.235,810.035,13.3799,8.30711,10.7869,7.33328,6.54653,10.4022,10.4022,1.0,1.0,1
128467,31.05.2024 22:39:30.410000,696.176,681.592,7.51421,6.503,6.491,38.978,3.50627,3.37718,22.7835,21.4591,808.04,810.08,12.5588,8.40395,9.32741,6.23538,6.54653,10.4022,10.4022,1.0,1.0,1
128468,31.05.2024 22:39:30.420000,696.176,681.592,7.51421,6.503,6.491,38.978,3.50627,3.37718,22.7835,21.4591,808.04,810.08,12.5588,8.40395,9.32741,6.23538,6.54653,10.4022,10.4022,1.0,1.0,1
128469,31.05.2024 22:39:30.430000,693.457,680.026,7.55825,6.547,6.45,38.9525,3.51351,3.3742,24.1081,19.916,808.09,810.12,10.6939,7.40327,8.20663,6.77915,6.54679,7.49421,7.49421,1.0,1.0,1
128470,31.05.2024 22:39:30.440000,692.303,685.217,7.56147,6.438,6.561,39.0206,3.47158,3.36603,25.3712,22.6106,808.235,810.275,9.57107,6.47147,8.06965,7.44588,6.54667,7.37847,7.37847,1.0,1.0,1
128471,31.05.2024 22:39:30.450000,692.303,685.217,7.52784,6.438,6.561,38.9769,3.44331,3.35089,21.7119,20.8792,808.345,810.39,9.50174,6.61167,7.88477,7.41326,6.54667,8.9699,8.9699,1.0,1.0,1
128472,31.05.2024 22:39:30.460000,693.045,681.592,7.49514,6.583,6.589,39.0217,3.3969,3.33643,21.7119,20.8792,808.345,810.39,9.98953,6.53719,7.61661,7.1038,6.54632,8.9699,8.9699,1.0,1.0,1
128473,31.05.2024 22:39:30.470000,693.045,697.659,7.49514,6.68,6.589,39.0217,3.3884,3.33395,20.3683,18.5023,808.41,810.43,9.98953,6.53719,7.61661,7.1038,6.5462,11.386,11.386,1.0,1.0,1
128474,31.05.2024 22:39:30.480000,692.138,697.659,7.4914,6.68,6.566,39.0497,3.38558,3.33372,19.0081,20.9404,808.365,810.425,10.3547,6.55029,7.58072,7.10513,6.5462,11.386,11.386,1.0,1.0,1
128475,31.05.2024 22:39:30.490000,691.644,693.457,7.4914,6.668,6.56,39.0592,3.39167,3.33762,19.0081,20.9404,808.365,810.425,10.3547,6.55029,7.58072,7.10513,6.54622,11.386,11.386,1.0,1.0,1
128476,31.05.2024 22:39:30.500000,691.644,693.457,7.52013,6.668,6.56,39.0592,3.42108,3.34091,19.9103,21.8159,808.39,810.435,10.0653,6.07583,7.83459,7.02791,6.5458,12.5434,12.5434,1.0,1.0,1
128477,31.05.2024 22:39:30.510000,688.678,688.513,7.54031,6.537,6.584,39.191,3.43136,3.34514,20.3995,18.5296,808.31,810.46,9.86537,5.60068,7.66448,6.80058,6.5458,12.5434,12.5434,1.0,1.0,1
128478,31.05.2024 22:39:30.520000,694.61,687.195,7.54031,6.56,6.615,39.191,3.4369,3.34574,20.3995,18.5296,808.31,810.46,9.86537,5.60068,7.66448,6.80058,6.54552,12.5434,12.5434,1.0,1.0,1
128479,31.05.2024 22:39:30.530000,694.61,687.195,7.54031,6.56,6.615,39.191,3.4369,3.34574,20.3995,18.5296,808.31,810.46,9.86537,5.60068,7.66448,6.80058,6.54552,12.5434,12.5434,1.0,1.0,1
128480,31.05.2024 22:39:30.540000,694.61,687.195,7.52932,6.56,6.615,39.768,3.42688,3.34173,21.4042,18.9837,808.185,810.47,8.79829,5.28478,6.85922,6.49548,6.54552,13.5417,13.5417,1.0,1.0,1
128481,31.05.2024 22:39:30.550000,694.61,687.195,7.52932,6.56,6.615,39.768,3.42688,3.34173,21.4042,18.9837,808.185,810.47,8.79829,5.28478,6.85922,6.49548,6.54552,13.5417,13.5417,1.0,1.0,1
128482,31.05.2024 22:39:30.560000,695.434,689.749,7.50155,6.654,6.585,40.4475,3.39734,3.32568,21.0359,20.3549,808.295,810.47,6.98519,4.73973,6.14208,6.24621,6.54586,13.7949,13.7949,1.0,1.0,1
128483,31.05.2024 22:39:30.570000,618.31,679.614,7.49898,6.606,6.652,41.8674,3.38204,3.3063,18.3556,17.2935,808.505,810.585,6.49775,4.36179,5.89653,6.21198,6.54589,11.3209,11.3209,1.0,1.0,1
128484,31.05.2024 22:39:30.580000,695.434,689.749,7.50155,6.654,6.585,40.4475,3.39734,3.32568,21.0359,20.3549,808.295,810.47,6.98519,4.73973,6.14208,6.24621,6.54586,13.7949,13.7949,1.0,1.0,1
128485,31.05.2024 22:39:30.590000,582.632,655.719,7.47164,6.691,6.63,42.5658,3.39513,3.29613,21.2134,16.5092,808.475,810.64,7.16873,5.49525,6.04475,7.53285,6.54578,13.7949,13.7949,1.0,1.0,1
128486,31.05.2024 22:39:30.600000,566.235,640.228,7.47164,6.768,6.617,42.5658,3.3992,3.28607,21.2134,16.5092,808.475,810.64,7.16873,5.49525,6.04475,7.53285,6.54576,11.3137,11.3137,1.0,1.0,1
128487,31.05.2024 22:39:30.610000,566.235,640.228,7.45223,6.768,6.617,43.5802,3.39834,3.28339,19.9746,12.3453,808.615,810.62,7.10785,5.47815,5.88578,7.60878,6.54576,13.7298,13.7298,1.0,1.0,1
128488,31.05.2024 22:39:30.620000,552.475,624.161,7.44838,6.721,6.661,44.5395,3.38919,3.28729,19.9746,12.3453,808.615,810.62,7.86926,5.62007,5.12787,7.23589,6.54621,13.7298,13.7298,1.0,1.0,1
128489,31.05.2024 22:39:30.630000,552.475,624.161,7.44838,6.721,6.661,44.5395,3.38919,3.28729,19.9746,12.3453,808.615,810.62,7.86926,5.62007,5.12787,7.23589,6.54621,13.7298,13.7298,1.0,1.0,1
128490,31.05.2024 22:39:30.640000,552.475,617.322,7.44838,6.667,6.661,44.5395,3.38216,3.28401,19.2411,12.6545,808.47,810.565,6.94995,4.98569,5.30293,6.88458,6.54612,13.7298,13.7298,1.0,1.0,1
128491,31.05.2024 22:39:30.650000,559.973,601.831,7.41272,6.734,6.739,46.6227,3.36346,3.28972,19.3299,15.8634,808.495,810.475,6.94995,4.98569,5.30293,6.88458,6.54654,16.1748,16.1748,1.0,1.0,1
128492,31.05.2024 22:39:30.660000,559.973,601.831,7.41272,6.734,6.739,46.6227,3.36346,3.28972,19.3299,15.8634,808.495,810.475,6.94995,4.98569,5.30293,6.88458,6.54654,16.1748,16.1748,1.0,1.0,1
128493,31.05.2024 22:39:30.670000,559.973,601.831,7.31965,6.734,6.739,46.6227,3.36875,3.30583,19.0347,17.2813,808.45,810.405,6.78184,4.18057,5.39308,6.86932,6.54743,17.2164,17.2164,1.0,1.0,1
128494,31.05.2024 22:39:30.680000,566.977,613.119,7.27485,6.887,6.706,47.7865,3.40634,3.34011,17.1619,18.285,808.595,810.375,5.99262,3.30399,4.32257,6.94931,6.54787,18.7572,18.7572,1.0,1.0,1
128495,31.05.2024 22:39:30.690000,566.977,613.119,7.28032,6.887,6.706,48.9078,3.45086,3.36582,21.8436,20.6042,808.715,810.39,6.68382,2.73103,4.54683,7.44511,6.54787,18.7572,18.7572,1.0,1.0,1
128496,31.05.2024 22:39:30.700000,570.52,614.355,7.2947,6.67,6.665,50.073,3.47068,3.36812,21.8436,20.6042,808.715,810.39,7.67303,2.3677,6.33667,7.78571,6.54846,18.7572,18.7572,1.0,1.0,1
128497,31.05.2024 22:39:30.710000,570.52,614.355,7.2947,6.67,6.665,50.073,3.48191,3.36402,23.9451,23.2846,808.79,810.45,7.67303,2.3677,6.33667,7.78571,6.54953,19.5385,19.5385,1.0,1.0,1
128498,31.05.2024 22:39:30.720000,561.539,610.153,7.23722,6.663,6.643,51.1795,3.48044,3.36322,24.3327,21.627,808.855,810.54,8.74356,2.66805,6.46359,8.26205,6.54953,21.6508,21.6508,1.0,1.0,1
128499,31.05.2024 22:39:30.730000,565.988,603.891,7.23722,6.76,6.677,52.3008,3.47118,3.371,24.3327,21.627,808.855,810.54,8.74356,2.66805,6.46359,8.26205,6.55034,21.6508,21.6508,1.0,1.0,1
128500,31.05.2024 22:39:30.740000,565.988,603.891,7.16731,6.76,6.677,52.3008,3.45243,3.37873,23.0599,21.9442,808.755,810.615,9.70994,3.37927,6.93078,8.75291,6.55102,22.1644,22.1644,1.0,1.0,1
128501,31.05.2024 22:39:30.750000,565.988,603.891,7.16731,6.76,6.677,52.3008,3.45243,3.37873,23.0599,21.9442,808.755,810.615,9.70994,3.37927,6.93078,8.75291,6.55102,22.1644,22.1644,1.0,1.0,1
128502,31.05.2024 22:39:30.760000,568.625,619.711,7.1309,6.786,6.608,53.5439,3.43822,3.38572,24.2848,24.1798,808.745,810.58,9.68265,4.49772,8.0609,8.80104,6.55102,22.2295,22.2295,1.0,1.0,1
128503,31.05.2024 22:39:30.770000,568.625,619.711,7.1309,6.786,6.608,53.5439,3.43822,3.38572,24.2848,24.1798,808.745,810.58,9.68265,4.49772,8.0609,8.80104,6.55102,22.2295,22.2295,1.0,1.0,1
128504,31.05.2024 22:39:30.780000,570.932,616.333,7.1502,6.703,6.551,54.8809,3.40426,3.40323,22.8184,26.6679,808.79,810.425,9.55689,5.19981,7.05526,7.92206,6.55129,23.3073,23.3073,1.0,1.0,1
128505,31.05.2024 22:39:30.790000,572.168,610.73,7.16282,6.65,6.518,56.1204,3.41167,3.40211,19.7618,25.2099,808.73,810.245,9.66659,4.42347,6.38018,7.08358,6.55275,23.2422,23.2422,1.0,1.0,1
128506,31.05.2024 22:39:30.800000,566.235,610.73,7.15969,6.65,6.495,57.2667,3.41543,3.39108,21.8206,24.5703,808.755,810.255,8.95924,3.12973,7.56664,7.05875,6.55275,24.4719,24.4719,1.0,1.0,1
128507,31.05.2024 22:39:30.810000,569.531,618.558,7.15969,6.63,6.52,58.3973,3.42046,3.36569,21.8206,24.5703,808.755,810.255,8.95924,3.12973,7.56664,7.05875,6.55299,24.4719,24.4719,1.0,1.0,1
128508,31.05.2024 22:39:30.820000,569.531,618.558,7.15969,6.63,6.52,58.3973,3.42046,3.36569,21.8206,24.5703,808.755,810.255,8.95924,3.12973,7.56664,7.05875,6.55299,24.4719,24.4719,1.0,1.0,1
128509,31.05.2024 22:39:30.830000,569.531,618.558,7.13647,6.63,6.52,58.3973,3.42975,3.31166,22.2771,20.1988,808.835,810.38,8.6677,2.93869,7.04617,7.33235,6.55333,24.4719,24.4719,1.0,1.0,1
128510,31.05.2024 22:39:30.840000,569.449,614.355,7.0736,6.57,6.617,59.5497,3.41205,3.28094,21.3705,12.9462,808.895,810.455,8.85083,3.62538,5.46466,7.89047,6.55345,26.7289,26.7289,1.0,1.0,1
128511,31.05.2024 22:39:30.850000,569.449,614.355,7.0736,6.57,6.617,59.5497,3.41205,3.28094,21.3705,12.9462,808.895,810.455,8.85083,3.62538,5.46466,7.89047,6.55345,26.7289,26.7289,1.0,1.0,1
128512,31.05.2024 22:39:30.860000,569.449,614.355,7.03912,6.57,6.617,60.8733,3.38167,3.24968,21.2684,15.9455,808.845,810.47,9.17099,4.46928,4.89425,8.00011,6.55345,28.4578,28.4578,1.0,1.0,1
128513,31.05.2024 22:39:30.870000,569.449,614.355,7.03912,6.57,6.617,60.8733,3.38167,3.24968,21.2684,15.9455,808.845,810.47,9.17099,4.46928,4.89425,8.00011,6.55345,28.4578,28.4578,1.0,1.0,1
128514,31.05.2024 22:39:30.880000,568.625,589.306,7.03077,6.813,6.633,61.9315,3.33192,3.27185,19.3702,13.2527,808.77,810.31,8.7247,5.36955,4.90407,7.87659,6.55395,28.0961,28.0961,1.0,1.0,1
128515,31.05.2024 22:39:30.890000,557.007,548.273,7.02935,6.812,6.729,64.1667,3.31678,3.26292,16.8267,14.4043,808.815,810.09,7.82971,4.88564,4.68601,7.73951,6.55357,28.5373,28.5373,1.0,1.0,1
128516,31.05.2024 22:39:30.900000,557.007,548.273,6.95287,6.812,6.729,64.1667,3.32512,3.26758,16.31,15.7079,808.825,810.025,7.19793,3.32265,4.25567,7.88722,6.55342,29.9117,29.9117,1.0,1.0,1
128517,31.05.2024 22:39:30.910000,553.628,564.587,6.88634,6.787,6.734,65.2476,3.34262,3.26763,17.6501,14.7088,808.905,810.08,6.62736,2.4179,4.43475,7.82918,6.55342,29.9117,29.9117,1.0,1.0,1
128518,31.05.2024 22:39:30.920000,547.696,560.632,6.88634,6.843,6.761,65.2476,3.37019,3.25071,17.6501,14.7088,808.905,810.08,6.62736,2.4179,4.43475,7.82918,6.55345,29.9117,29.9117,1.0,1.0,1
128519,31.05.2024 22:39:30.930000,547.696,560.632,6.88634,6.843,6.761,65.2476,3.37019,3.25071,17.6501,14.7088,808.905,810.08,6.62736,2.4179,4.43475,7.82918,6.55345,29.9117,29.9117,1.0,1.0,1
128520,31.05.2024 22:39:30.940000,547.696,560.632,6.88839,6.843,6.761,66.2009,3.38409,3.24295,20.2222,14.6819,809.005,810.16,6.64966,2.43436,4.54734,7.65877,6.55345,29.6875,29.6875,1.0,1.0,1
128521,31.05.2024 22:39:30.950000,562.28,532.535,6.86197,6.786,6.685,67.2487,3.41247,3.24338,20.1288,13.3194,809.065,810.22,7.07428,2.93387,4.25837,7.60595,6.55374,31.3006,31.3006,1.0,1.0,1
128522,31.05.2024 22:39:30.960000,554.452,532.535,6.77932,6.786,6.683,68.3218,3.4088,3.23977,20.9363,14.9397,809.03,810.245,7.67027,3.96187,4.25191,7.5394,6.55374,31.3006,31.3006,1.0,1.0,1
128523,31.05.2024 22:39:30.970000,562.362,576.782,6.77932,6.739,6.684,69.3083,3.40461,3.2368,20.9363,14.9397,809.03,810.245,7.67027,3.96187,4.25191,7.5394,6.55436,31.3006,31.3006,1.0,1.0,1
128524,31.05.2024 22:39:30.980000,562.362,576.782,6.75324,6.739,6.684,69.3083,3.403,3.23423,21.9329,14.4569,808.885,810.135,7.33819,4.80815,4.29828,7.37481,6.55447,31.3006,31.3006,1.0,1.0,1
128525,31.05.2024 22:39:30.990000,562.362,576.782,6.75324,6.739,6.684,69.3083,3.403,3.23423,21.9329,14.4569,808.885,810.135,7.33819,4.80815,4.29828,7.37481,6.55447,31.3006,31.3006,1.0,1.0,1
128526,31.05.2024 22:39:31.000000,567.224,571.179,6.70271,6.758,6.668,70.3122,3.39707,3.23482,20.6608,13.0059,808.85,809.99,6.07368,4.86125,3.44388,6.82805,6.55447,32.4219,32.4219,1.0,1.0,1
128527,31.05.2024 22:39:31.010000,573.733,545.801,6.6873,6.816,6.59,71.2365,3.40197,3.22092,21.589,13.4077,808.865,809.87,4.6838,3.90339,2.22313,6.06461,6.55515,33.4563,33.4563,1.0,1.0,1
128528,31.05.2024 22:39:31.020000,573.733,545.801,6.6873,6.816,6.59,71.2365,3.40197,3.22092,21.589,13.4077,808.865,809.87,4.6838,3.90339,2.22313,6.06461,6.55515,33.4563,33.4563,1.0,1.0,1
128529,31.05.2024 22:39:31.030000,558.49,549.673,6.64559,6.735,6.572,72.1782,3.40201,3.22869,21.3813,12.5695,808.865,809.885,3.77205,2.97345,1.48308,5.01378,6.55534,33.4563,33.4563,1.0,1.0,1
128530,31.05.2024 22:39:31.040000,578.348,607.104,6.59543,6.612,6.562,73.0855,3.41011,3.23245,20.3451,12.0399,808.895,809.92,3.07157,2.83883,1.01829,4.28102,6.55589,32.7257,32.7257,1.0,1.0,1
128531,31.05.2024 22:39:31.050000,562.445,605.127,6.59543,6.61,6.53,73.8642,3.40823,3.23887,20.3451,12.0399,808.895,809.92,3.07157,2.83883,1.01829,4.28102,6.55662,32.7257,32.7257,1.0,1.0,1
128532,31.05.2024 22:39:31.060000,562.445,605.127,6.53297,6.61,6.53,73.8642,3.38361,3.26666,22.2979,12.4326,808.945,809.89,2.62547,3.11302,0.844257,4.02888,6.55688,33.8325,33.8325,1.0,1.0,1
128533,31.05.2024 22:39:31.070000,571.097,603.149,6.51702,6.65,6.488,74.7154,3.37438,3.27401,19.0385,15.9825,809.015,809.88,2.66699,3.15013,0.747841,3.5957,6.55688,33.8325,33.8325,1.0,1.0,1
128534,31.05.2024 22:39:31.080000,566.482,616.003,6.51702,6.532,6.467,74.7154,3.36081,3.28195,19.0385,15.9825,809.015,809.88,2.66699,3.15013,0.747841,3.5957,6.55729,33.8325,33.8325,1.0,1.0,1
128535,31.05.2024 22:39:31.090000,566.482,616.003,6.51702,6.532,6.467,74.7154,3.36081,3.28195,19.0385,15.9825,809.015,809.88,2.66699,3.15013,0.747841,3.5957,6.55729,33.8325,33.8325,1.0,1.0,1
128536,31.05.2024 22:39:31.100000,566.482,616.003,6.52643,6.532,6.467,75.4896,3.34298,3.29645,18.3195,16.359,809.03,809.9,2.99915,3.4312,0.95087,3.25082,6.55729,35.3226,35.3226,1.0,1.0,1
128537,31.05.2024 22:39:31.110000,570.19,614.19,6.49536,6.508,6.438,76.2021,3.31668,3.29337,16.968,16.7321,809.025,809.845,3.28207,3.99887,1.34364,2.99356,6.55774,35.3371,35.3371,1.0,1.0,1
128538,31.05.2024 22:39:31.120000,559.643,614.19,6.46673,6.508,6.441,76.7712,3.312,3.29149,16.9595,17.4865,809.045,809.81,3.31075,4.07252,1.49905,2.73821,6.55774,36.0388,36.0388,1.0,1.0,1
128539,31.05.2024 22:39:31.130000,565.906,605.621,6.46673,6.523,6.41,77.7427,3.30592,3.29223,16.9595,17.4865,809.045,809.81,3.31075,4.07252,1.49905,2.73821,6.55731,36.0388,36.0388,1.0,1.0,1
128540,31.05.2024 22:39:31.140000,565.906,605.621,6.46575,6.523,6.41,77.7427,3.31821,3.29625,16.3763,13.5206,808.98,809.77,3.56423,4.30631,1.5535,2.55951,6.55688,36.0388,36.0388,1.0,1.0,1
128541,31.05.2024 22:39:31.150000,565.906,605.621,6.46575,6.523,6.41,77.7427,3.31821,3.29625,16.3763,13.5206,808.98,809.77,3.56423,4.30631,1.5535,2.55951,6.55688,36.0388,36.0388,1.0,1.0,1
128542,31.05.2024 22:39:31.160000,564.752,597.629,6.4364,6.493,6.417,78.2952,3.33258,3.29661,16.0449,18.2136,808.945,809.665,3.20932,4.33497,1.58959,2.30938,6.55688,36.726,36.726,1.0,1.0,1
128543,31.05.2024 22:39:31.170000,570.273,609.741,6.41087,6.445,6.377,78.8643,3.3733,3.29529,19.7651,18.8095,808.94,809.56,2.89723,3.86831,1.35337,2.21288,6.55635,36.726,36.726,1.0,1.0,1
128544,31.05.2024 22:39:31.180000,561.539,612.872,6.45439,6.434,6.368,79.2705,3.38016,3.31195,19.7651,18.8095,808.94,809.56,2.58312,3.31192,0.876568,2.05621,6.55601,36.726,36.726,1.0,1.0,1
128545,31.05.2024 22:39:31.190000,561.539,600.018,6.45439,6.457,6.368,79.2705,3.38218,3.32296,19.9437,15.7725,808.93,809.515,2.58312,3.31192,0.876568,2.05621,6.55523,37.6736,37.6736,1.0,1.0,1
128546,31.05.2024 22:39:31.200000,559.149,600.018,6.4861,6.457,6.382,79.6789,3.38133,3.32645,18.9009,20.5616,808.93,809.515,2.23465,2.81925,0.553066,1.99922,6.55523,37.5362,37.5362,1.0,1.0,1
128547,31.05.2024 22:39:31.210000,557.171,596.475,6.4861,6.448,6.381,80.0248,3.37549,3.32422,18.9009,20.5616,808.93,809.515,2.23465,2.81925,0.553066,1.99922,6.55444,37.5362,37.5362,1.0,1.0,1
128548,31.05.2024 22:39:31.220000,557.171,596.475,6.46072,6.448,6.381,80.0248,3.353,3.3319,19.6851,22.6193,808.965,809.585,2.13787,2.93874,0.252498,1.94872,6.5541,37.5579,37.5579,1.0,1.0,1
128549,31.05.2024 22:39:31.230000,557.171,596.475,6.46072,6.448,6.381,80.0248,3.353,3.3319,19.6851,22.6193,808.965,809.585,2.13787,2.93874,0.252498,1.94872,6.5541,37.5579,37.5579,1.0,1.0,1
128550,31.05.2024 22:39:31.240000,532.782,602.572,6.46457,6.39,6.429,80.2323,3.34855,3.33657,19.1159,21.2586,809.04,809.61,2.29923,3.78015,0.38348,1.99971,6.5541,36.7043,36.7043,1.0,1.0,1
128551,31.05.2024 22:39:31.250000,532.782,602.572,6.46457,6.39,6.429,80.2323,3.34855,3.33657,19.1159,21.2586,809.04,809.61,2.29923,3.78015,0.38348,1.99971,6.5541,36.7043,36.7043,1.0,1.0,1
128552,31.05.2024 22:39:31.260000,530.722,583.786,6.51857,6.458,6.385,80.4958,3.34132,3.32609,18.5481,21.7659,809.05,809.525,3.07742,4.53012,1.2898,1.95983,6.5533,36.9502,36.9502,1.0,1.0,1
128553,31.05.2024 22:39:31.270000,530.722,583.786,6.51857,6.458,6.385,80.4958,3.34132,3.32609,18.5481,21.7659,809.05,809.525,3.07742,4.53012,1.2898,1.95983,6.5533,36.9502,36.9502,1.0,1.0,1
128554,31.05.2024 22:39:31.280000,533.359,535.171,6.5536,6.488,6.366,80.7101,3.33164,3.30293,17.7206,21.8998,809.02,809.46,3.73435,4.60079,2.41876,2.04529,6.55167,37.2034,37.2034,1.0,1.0,1
128555,31.05.2024 22:39:31.290000,533.359,535.171,6.5536,6.488,6.366,80.7101,3.33164,3.30293,17.7206,21.8998,809.02,809.46,3.73435,4.60079,2.41876,2.04529,6.55167,37.2034,37.2034,1.0,1.0,1
128556,31.05.2024 22:39:31.300000,487.958,523.636,6.56931,6.481,6.499,81.0338,3.31657,3.28523,18.5139,16.9959,808.945,809.425,4.05228,4.69775,2.43235,2.38371,6.55094,35.4311,35.4311,1.0,1.0,1
128557,31.05.2024 22:39:31.310000,487.958,523.636,6.56931,6.481,6.499,81.0338,3.31657,3.28523,18.5139,16.9959,808.945,809.425,4.05228,4.69775,2.43235,2.38371,6.55094,35.4311,35.4311,1.0,1.0,1
128558,31.05.2024 22:39:31.320000,465.381,505.096,6.54993,6.545,6.501,81.1498,3.32586,3.28138,16.3805,17.1015,808.9,809.19,3.43991,4.41836,2.27494,2.85284,6.55034,32.8993,32.8993,1.0,1.0,1
128559,31.05.2024 22:39:31.330000,465.381,505.096,6.54993,6.545,6.501,81.1498,3.32586,3.28138,16.3805,17.1015,808.9,809.19,3.43991,4.41836,2.27494,2.85284,6.55034,32.8993,32.8993,1.0,1.0,1
128560,31.05.2024 22:39:31.340000,448.984,431.515,6.58144,6.65,6.526,81.2907,3.33876,3.30012,18.2779,15.6059,808.89,809.185,3.15627,3.62874,2.30895,3.31952,6.54969,32.9716,32.9716,1.0,1.0,1
128561,31.05.2024 22:39:31.350000,448.984,431.515,6.58144,6.65,6.526,81.2907,3.33876,3.30012,18.2779,15.6059,808.89,809.185,3.15627,3.62874,2.30895,3.31952,6.54969,32.9716,32.9716,1.0,1.0,1
128562,31.05.2024 22:39:31.360000,423.688,414.624,6.62174,6.556,6.559,81.4758,3.3505,3.30279,17.2124,16.5711,808.865,809.195,3.01194,3.55623,1.69504,3.81784,6.54848,33.6227,33.6227,1.0,1.0,1
128563,31.05.2024 22:39:31.370000,400.369,380.017,6.63116,6.622,6.504,81.7217,3.35496,3.30834,19.4448,20.6488,808.83,809.155,2.79123,3.6592,0.978615,3.87656,6.548,33.6227,33.6227,1.0,1.0,1
128564,31.05.2024 22:39:31.380000,400.369,380.017,6.6632,6.622,6.504,81.7217,3.35477,3.28696,18.6056,17.3845,808.83,809.12,2.54403,3.59407,0.599167,3.81301,6.54825,31.7202,31.7202,1.0,1.0,1
128565,31.05.2024 22:39:31.390000,385.867,337.5,6.67403,6.641,6.55,81.9816,3.34764,3.2771,16.7725,13.2781,808.83,809.185,2.45604,3.70921,0.904526,3.62209,6.54825,31.7202,31.7202,1.0,1.0,1
128566,31.05.2024 22:39:31.400000,358.594,331.979,6.67403,6.613,6.608,81.9816,3.33762,3.27,16.7725,13.2781,808.83,809.185,2.45604,3.70921,0.904526,3.62209,6.54821,31.6045,31.6045,1.0,1.0,1
128567,31.05.2024 22:39:31.410000,358.594,331.979,6.67403,6.613,6.608,81.9816,3.33762,3.27,16.7725,13.2781,808.83,809.185,2.45604,3.70921,0.904526,3.62209,6.54821,31.6045,31.6045,1.0,1.0,1
128568,31.05.2024 22:39:31.420000,358.594,331.979,6.65248,6.613,6.608,82.2438,3.32908,3.25616,17.0439,13.3619,808.82,809.185,2.40383,4.65871,1.31432,3.31791,6.54821,31.6045,31.6045,1.0,1.0,1
128569,31.05.2024 22:39:31.430000,358.594,331.979,6.65248,6.613,6.608,82.2438,3.32908,3.25616,17.0439,13.3619,808.82,809.185,2.40383,4.65871,1.31432,3.31791,6.54821,31.6045,31.6045,1.0,1.0,1
128570,31.05.2024 22:39:31.440000,333.957,286.99,6.62923,6.674,6.594,82.4801,3.33177,3.22778,17.5409,13.9826,808.815,809.025,2.44412,5.36298,1.47803,3.00374,6.54862,31.1487,31.1487,1.0,1.0,1
128571,31.05.2024 22:39:31.450000,333.957,286.99,6.62923,6.674,6.594,82.4801,3.33177,3.22778,17.5409,13.9826,808.815,809.025,2.44412,5.36298,1.47803,3.00374,6.54862,31.1487,31.1487,1.0,1.0,1
128572,31.05.2024 22:39:31.460000,316.406,231.949,6.66831,6.735,6.559,82.9588,3.33228,3.2221,16.8969,8.76494,808.795,808.91,2.3497,4.61193,1.7049,2.885,6.54859,31.1487,31.1487,1.0,1.0,1
128573,31.05.2024 22:39:31.470000,316.406,231.949,6.66831,6.735,6.559,82.9588,3.33228,3.2221,16.8969,8.76494,808.795,808.91,2.3497,4.61193,1.7049,2.885,6.54859,31.1487,31.1487,1.0,1.0,1
128574,31.05.2024 22:39:31.480000,315.994,215.634,6.69058,6.677,6.569,83.1088,3.30578,3.23013,17.244,12.7512,808.72,808.83,2.28415,3.70609,1.28047,2.55537,6.54889,31.6045,31.6045,1.0,1.0,1
128575,31.05.2024 22:39:31.490000,315.994,215.634,6.69058,6.677,6.569,83.1088,3.30578,3.23013,17.244,12.7512,808.72,808.83,2.28415,3.70609,1.28047,2.55537,6.54889,31.6045,31.6045,1.0,1.0,1
128576,31.05.2024 22:39:31.500000,286.413,252.301,6.68879,6.534,6.549,83.2306,3.25206,3.22594,15.6969,12.7092,808.715,808.82,2.06555,3.20397,0.967651,2.50009,6.54956,31.4453,31.4453,1.0,1.0,1
128577,31.05.2024 22:39:31.510000,286.413,252.301,6.68879,6.534,6.549,83.2306,3.25206,3.22594,15.6969,12.7092,808.715,808.82,2.06555,3.20397,0.967651,2.50009,6.54956,31.4453,31.4453,1.0,1.0,1
128578,31.05.2024 22:39:31.520000,265.485,177.402,6.66728,6.656,6.588,83.3165,3.24458,3.23408,13.4468,11.9397,808.71,808.85,2.0382,3.34685,0.882705,2.30118,6.54932,32.5231,32.5231,1.0,1.0,1
128579,31.05.2024 22:39:31.530000,226.511,108.847,6.64682,6.719,6.581,83.4054,3.31591,3.25346,14.0191,14.9032,808.71,808.835,2.07597,3.85365,0.380718,2.0081,6.54939,32.5304,32.5304,1.0,1.0,1
128580,31.05.2024 22:39:31.540000,265.485,177.402,6.66728,6.656,6.588,83.3165,3.24458,3.23408,13.4468,11.9397,808.71,808.85,2.0382,3.34685,0.882705,2.30118,6.54932,32.5231,32.5231,1.0,1.0,1
128581,31.05.2024 22:39:31.550000,218.518,104.727,6.64051,6.667,6.558,83.4914,3.3965,3.26588,18.6298,15.5369,808.695,808.75,2.41324,4.01933,0.495926,1.79014,6.54961,32.5231,32.5231,1.0,1.0,1
128582,31.05.2024 22:39:31.560000,218.518,104.727,6.64051,6.667,6.558,83.4914,3.3965,3.26588,18.6298,15.5369,808.695,808.75,2.41324,4.01933,0.495926,1.79014,6.54961,32.5231,32.5231,1.0,1.0,1
128583,31.05.2024 22:39:31.570000,215.057,117.499,6.64051,6.57,6.543,83.4914,3.42009,3.27752,21.0379,14.8236,808.7,808.745,2.64432,4.19992,0.690235,1.70343,6.55001,34.1797,34.1797,1.0,1.0,1
128584,31.05.2024 22:39:31.580000,215.057,117.499,6.64051,6.57,6.543,83.4914,3.42009,3.27752,21.0379,14.8236,808.7,808.745,2.64432,4.19992,0.690235,1.70343,6.55001,34.1797,34.1797,1.0,1.0,1
128585,31.05.2024 22:39:31.590000,202.615,116.675,6.664,6.529,6.501,83.5279,3.42573,3.29753,21.72,17.0377,808.66,808.715,3.14018,4.60408,0.742832,1.56179,6.55011,35.5758,35.5758,1.0,1.0,1
128586,31.05.2024 22:39:31.600000,202.615,116.675,6.664,6.529,6.501,83.5279,3.42573,3.29753,21.72,17.0377,808.66,808.715,3.14018,4.60408,0.742832,1.56179,6.55011,35.5758,35.5758,1.0,1.0,1
128587,31.05.2024 22:39:31.610000,189.349,109.753,6.62883,6.532,6.518,83.5616,3.37281,3.30969,19.8702,17.3608,808.565,808.65,3.21529,4.84679,0.843944,1.57335,6.55057,36.1111,36.1111,1.0,1.0,1
128588,31.05.2024 22:39:31.620000,166.69,100.36,6.60013,6.563,6.514,83.5372,3.29917,3.29761,16.134,16.443,808.5,808.54,2.91974,4.7805,0.991825,1.43041,6.55118,35.489,35.489,1.0,1.0,1
128589,31.05.2024 22:39:31.630000,166.69,100.36,6.60013,6.563,6.514,83.5372,3.29917,3.29761,16.134,16.443,808.5,808.54,2.91974,4.7805,0.991825,1.43041,6.55118,35.489,35.489,1.0,1.0,1
128590,31.05.2024 22:39:31.640000,149.799,50.0976,6.60981,6.584,6.498,83.6044,3.2888,3.28876,15.7992,15.2572,808.425,808.415,2.44631,4.45893,0.941887,1.41347,6.55118,35.489,35.489,1.0,1.0,1
128591,31.05.2024 22:39:31.650000,132.66,-2.96631,6.62399,6.603,6.494,83.6137,3.2847,3.26862,14.172,13.0294,808.42,808.35,1.84434,3.64891,0.738834,1.48689,6.55106,35.5975,35.5975,1.0,1.0,1
128592,31.05.2024 22:39:31.660000,121.454,-14.09,6.58562,6.563,6.511,83.582,3.29692,3.2597,14.172,13.0294,808.42,808.35,1.54999,3.12224,0.657837,1.53907,6.55105,35.5975,35.5975,1.0,1.0,1
128593,31.05.2024 22:39:31.670000,121.454,-14.09,6.58562,6.563,6.511,83.582,3.31228,3.25228,12.7532,14.0052,808.45,808.395,1.54999,3.12224,0.657837,1.53907,6.55115,33.9627,33.9627,1.0,1.0,1
128594,31.05.2024 22:39:31.680000,121.454,-14.09,6.58562,6.563,6.511,83.582,3.31228,3.25228,12.7532,14.0052,808.45,808.395,1.54999,3.12224,0.657837,1.53907,6.55115,33.9627,33.9627,1.0,1.0,1
128595,31.05.2024 22:39:31.690000,111.813,-19.6106,6.56458,6.529,6.488,84.0857,3.32878,3.25313,14.6542,13.5331,808.44,808.415,1.64411,3.35873,0.534237,1.51845,6.55115,33.7312,33.7312,1.0,1.0,1
128596,31.05.2024 22:39:31.700000,111.813,-19.6106,6.56458,6.529,6.488,84.0857,3.32878,3.25313,14.6542,13.5331,808.44,808.415,1.64411,3.35873,0.534237,1.51845,6.55115,33.7312,33.7312,1.0,1.0,1
128597,31.05.2024 22:39:31.710000,108.929,-38.2324,6.57099,6.505,6.514,83.9895,3.37358,3.26828,16.9741,14.1499,808.445,808.39,1.89557,3.91331,0.348484,1.3054,6.55078,33.7312,33.7312,1.0,1.0,1
128598,31.05.2024 22:39:31.720000,88.6596,-95.0866,6.58092,6.491,6.473,83.9453,3.38291,3.28133,18.3086,13.3777,808.435,808.3,2.41891,4.20509,0.450443,1.09039,6.55057,34.9971,34.9971,1.0,1.0,1
128599,31.05.2024 22:39:31.730000,88.6596,-95.0866,6.55985,6.491,6.473,83.8728,3.38288,3.28061,17.8207,15.9297,808.37,808.295,2.92385,4.12967,0.674583,0.963658,6.55057,34.9971,34.9971,0.0,1.0,1
128600,31.05.2024 22:39:31.740000,53.6407,-105.057,6.54438,6.496,6.478,83.8168,3.37527,3.28055,17.8207,15.9297,808.37,808.295,3.03497,4.51051,0.65723,0.938878,6.55078,34.9971,34.9971,0.0,1.0,1
128601,31.05.2024 22:39:31.750000,53.6407,-112.555,6.54438,6.503,6.478,83.8168,3.37174,3.27959,17.6046,16.3701,808.315,808.285,3.03497,4.51051,0.65723,0.938878,6.55024,34.9971,34.9971,0.0,1.0,1
128602,31.05.2024 22:39:31.760000,24.9664,-112.555,6.55309,6.503,6.467,83.9183,3.36839,3.27586,19.1371,16.1284,808.265,808.225,2.85345,4.85798,0.731155,1.01876,6.55024,35.3877,35.3877,0.0,1.0,1
128603,31.05.2024 22:39:31.770000,24.9664,-112.555,6.55309,6.503,6.467,83.9183,3.36839,3.27586,19.1371,16.1284,808.265,808.225,2.85345,4.85798,0.731155,1.01876,6.55024,35.3877,35.3877,0.0,1.0,1
128604,31.05.2024 22:39:31.780000,22.3297,-118.817,6.55309,6.519,6.447,83.944,3.36824,3.27111,17.0794,16.1313,808.195,808.17,2.70299,4.91711,0.685764,1.04298,6.55048,35.4962,35.4962,0.0,1.0,1
128605,31.05.2024 22:39:31.790000,22.3297,-118.817,6.55309,6.519,6.447,83.944,3.36824,3.27111,17.0794,16.1313,808.195,808.17,2.70299,4.91711,0.685764,1.04298,6.55048,35.4962,35.4962,0.0,1.0,1
128606,31.05.2024 22:39:31.800000,5.43823,-129.199,6.52903,6.525,6.438,83.9818,3.36664,3.2518,18.2151,13.2139,808.1,808.055,2.28421,5.00058,0.562099,1.12338,6.55068,35.4962,35.4962,0.0,1.0,1
128607,31.05.2024 22:39:31.810000,-7.91015,-129.776,6.53849,6.511,6.433,83.8345,3.34577,3.23365,16.4685,12.3221,808.06,807.885,1.62756,4.48593,0.34893,1.21913,6.55032,35.1635,35.1635,0.0,1.0,1
128608,31.05.2024 22:39:31.820000,-28.0975,-151.529,6.53968,6.508,6.446,83.7961,3.33522,3.23217,16.4685,12.3221,808.06,807.885,1.25828,3.26863,0.191532,1.39155,6.55049,35.1635,35.1635,0.0,1.0,1
128609,31.05.2024 22:39:31.830000,-28.0975,-173.776,6.53968,6.504,6.446,83.7961,3.32617,3.22923,15.6479,14.1984,808.06,807.82,1.25828,3.26863,0.191532,1.39155,6.55035,35.4745,35.4745,0.0,1.0,1
128610,31.05.2024 22:39:31.840000,-56.0303,-173.776,6.54934,6.504,6.443,83.7188,3.31752,3.22552,14.483,10.8234,808.065,807.865,1.27469,2.67888,0.44186,1.49487,6.55035,35.7494,35.7494,0.0,1.0,1
128611,31.05.2024 22:39:31.850000,-63.446,-196.765,6.54934,6.51,6.421,83.7051,3.30894,3.22207,14.483,10.8234,808.065,807.865,1.27469,2.67888,0.44186,1.49487,6.55007,35.7494,35.7494,0.0,1.0,1
128612,31.05.2024 22:39:31.860000,-63.446,-196.765,6.54934,6.51,6.421,83.7051,3.30894,3.22207,14.483,10.8234,808.065,807.865,1.27469,2.67888,0.44186,1.49487,6.55007,35.7494,35.7494,0.0,1.0,1
128613,31.05.2024 22:39:31.870000,-63.446,-196.765,6.54506,6.51,6.421,83.7051,3.29768,3.21872,13.8004,10.7005,808.05,807.885,1.55321,2.92622,0.668926,1.50778,6.55007,34.8235,34.8235,0.0,1.0,1
128614,31.05.2024 22:39:31.880000,-101.926,-230.054,6.56071,6.503,6.449,83.7394,3.30203,3.21887,12.8775,11.5876,808.035,807.915,1.92359,3.27951,0.550705,1.44009,6.54921,33.6661,33.6661,0.0,1.0,1
128615,31.05.2024 22:39:31.890000,-101.926,-230.054,6.56071,6.503,6.449,83.7394,3.30203,3.21887,12.8775,11.5876,808.035,807.915,1.92359,3.27951,0.550705,1.44009,6.54921,33.6661,33.6661,0.0,1.0,1
128616,31.05.2024 22:39:31.900000,-101.926,-230.054,6.56321,6.503,6.449,83.6929,3.30897,3.21941,13.5224,10.8899,808.05,807.85,2.38592,4.01941,0.46096,1.33421,6.54921,33.7674,33.7674,0.0,1.0,1
128617,31.05.2024 22:39:31.910000,-107.611,-261.941,6.55501,6.534,6.452,83.6933,3.34453,3.22138,13.8009,9.67351,807.95,807.77,3.21251,4.29019,0.648655,1.26991,6.5489,34.252,34.252,0.0,1.0,1
128618,31.05.2024 22:39:31.920000,-109.589,-261.941,6.55612,6.534,6.468,83.6274,3.35395,3.22625,14.214,11.0777,807.85,807.685,3.38121,4.05746,0.631119,1.15514,6.5489,34.252,34.252,0.0,1.0,1
128619,31.05.2024 22:39:31.930000,-120.547,-281.305,6.55612,6.516,6.481,83.6863,3.36122,3.23133,14.214,11.0777,807.85,807.685,3.38121,4.05746,0.631119,1.15514,6.54867,34.252,34.252,0.0,1.0,1
128620,31.05.2024 22:39:31.940000,-120.547,-281.305,6.57539,6.516,6.481,83.6863,3.37534,3.23536,14.8064,11.9239,807.785,807.585,3.37063,4.06946,0.428184,1.06184,6.54875,33.6082,33.6082,0.0,1.0,1
128621,31.05.2024 22:39:31.950000,-116.18,-288.968,6.59553,6.523,6.471,83.7136,3.37821,3.23604,16.5565,13.04,807.715,807.51,3.16479,3.70916,0.36816,0.98433,6.54875,33.6082,33.6082,0.0,1.0,1
128622,31.05.2024 22:39:31.960000,-125.162,-308.414,6.59553,6.525,6.495,83.7136,3.37688,3.23895,16.5565,13.04,807.715,807.51,3.16479,3.70916,0.36816,0.98433,6.54871,33.7601,33.7601,0.0,1.0,1
128623,31.05.2024 22:39:31.970000,-125.162,-308.414,6.60556,6.525,6.495,83.6696,3.36704,3.23945,14.0752,11.6985,807.625,807.505,2.80133,3.30163,0.419418,1.00208,6.54871,33.7601,33.7601,0.0,1.0,1
128624,31.05.2024 22:39:31.980000,-143.701,-327.859,6.60608,6.54,6.486,83.6199,3.35669,3.24185,14.0752,11.6985,807.625,807.505,2.22572,3.50758,0.177807,1.01878,6.54907,33.7601,33.7601,0.0,1.0,1
128625,31.05.2024 22:39:31.990000,-143.701,-324.316,6.60608,6.524,6.486,83.6199,3.34693,3.24349,15.3459,11.1378,807.58,807.5,2.22572,3.50758,0.177807,1.01878,6.54931,33.261,33.261,0.0,1.0,1
128626,31.05.2024 22:39:32.000000,-146.832,-324.316,6.62358,6.524,6.476,83.6104,3.3389,3.24305,15.098,14.9465,807.575,807.485,1.95908,3.78308,0.247867,1.04506,6.54931,32.7546,32.7546,0.0,1.0,1
128627,31.05.2024 22:39:32.010000,-166.772,-356.369,6.62358,6.529,6.474,83.6827,3.3298,3.24116,15.098,14.9465,807.575,807.485,1.95908,3.78308,0.247867,1.04506,6.54915,32.7546,32.7546,0.0,1.0,1
128628,31.05.2024 22:39:32.020000,-166.772,-356.369,6.62358,6.529,6.474,83.6827,3.3298,3.24116,15.098,14.9465,807.575,807.485,1.95908,3.78308,0.247867,1.04506,6.54915,32.7546,32.7546,0.0,1.0,1
128629,31.05.2024 22:39:32.030000,-166.772,-356.369,6.64953,6.529,6.474,83.6827,3.31246,3.24078,11.9625,13.1382,807.565,807.46,2.1541,4.13443,0.41896,0.962651,6.54919,32.7546,32.7546,0.0,1.0,1
128630,31.05.2024 22:39:32.040000,-208.713,-392.047,6.64855,6.54,6.526,83.6503,3.3099,3.24907,12.2772,12.2656,807.56,807.455,2.53587,4.58126,0.253174,0.920998,6.54943,32.1687,32.1687,0.0,1.0,1
128631,31.05.2024 22:39:32.050000,-208.713,-392.047,6.62068,6.54,6.526,83.6726,3.31438,3.25394,12.9846,13.2871,807.575,807.405,3.16816,5.25883,0.192394,0.933575,6.54943,30.9028,30.9028,0.0,1.0,1
128632,31.05.2024 22:39:32.060000,-223.462,-403.912,6.61494,6.632,6.524,83.6701,3.34936,3.27395,12.9846,13.2871,807.575,807.405,4.06991,5.56614,0.396106,0.93084,6.54953,30.9028,30.9028,0.0,1.0,1
128633,31.05.2024 22:39:32.070000,-223.462,-405.725,6.61494,6.644,6.524,83.6701,3.37255,3.28361,13.9093,17.1749,807.535,807.315,4.06991,5.56614,0.396106,0.93084,6.54956,30.9028,30.9028,0.0,1.0,1
128634,31.05.2024 22:39:32.080000,-250.653,-405.725,6.63282,6.644,6.561,83.6583,3.39471,3.29499,13.5821,14.0945,807.39,807.23,4.65985,5.64155,0.388218,1.04408,6.54956,30.9389,30.9389,0.0,1.0,1
128635,31.05.2024 22:39:32.090000,-250.653,-405.725,6.63282,6.644,6.561,83.6583,3.39471,3.29499,13.5821,14.0945,807.39,807.23,4.65985,5.64155,0.388218,1.04408,6.54956,30.9389,30.9389,0.0,1.0,1
128636,31.05.2024 22:39:32.100000,-258.728,-399.463,6.63282,6.617,6.546,83.6795,3.41368,3.3104,16.6128,17.2557,807.275,807.155,4.40736,5.33008,0.215301,1.14722,6.5497,31.4019,31.4019,0.0,1.0,1
128637,31.05.2024 22:39:32.110000,-258.728,-399.463,6.63282,6.617,6.546,83.6795,3.41368,3.3104,16.6128,17.2557,807.275,807.155,4.40736,5.33008,0.215301,1.14722,6.5497,31.4019,31.4019,0.0,1.0,1
128638,31.05.2024 22:39:32.120000,-271.912,-409.268,6.62847,6.571,6.553,83.6494,3.43872,3.34011,16.8509,18.7839,807.225,807.1,3.89408,5.0933,0.28104,1.30061,6.54985,31.4019,31.4019,0.0,1.0,1
128639,31.05.2024 22:39:32.130000,-271.912,-409.268,6.62847,6.571,6.553,83.6494,3.43872,3.34011,16.8509,18.7839,807.225,807.1,3.89408,5.0933,0.28104,1.30061,6.54985,31.4019,31.4019,0.0,1.0,1
128640,31.05.2024 22:39:32.140000,-276.855,-405.313,6.63103,6.569,6.54,83.638,3.42668,3.33665,17.1904,18.162,807.18,807.055,3.66949,4.79471,0.283493,1.3249,6.55014,29.8901,29.8901,0.0,1.0,1
128641,31.05.2024 22:39:32.150000,-276.855,-405.313,6.63103,6.569,6.54,83.638,3.42668,3.33665,17.1904,18.162,807.18,807.055,3.66949,4.79471,0.283493,1.3249,6.55014,29.8901,29.8901,0.0,1.0,1
128642,31.05.2024 22:39:32.160000,-280.151,-399.133,6.62543,6.555,6.501,83.6343,3.40038,3.30524,16.0768,14.2907,807.12,807.03,3.46244,4.74173,0.129112,1.23446,6.55026,29.7237,29.7237,0.0,1.0,1
128643,31.05.2024 22:39:32.170000,-305.694,-409.433,6.61442,6.572,6.51,83.6952,3.36437,3.27162,15.8012,14.2453,807.095,806.965,3.23651,4.71934,0.0482748,1.07507,6.55036,29.2752,29.2752,0.0,1.0,1
128644,31.05.2024 22:39:32.180000,-280.151,-399.133,6.62543,6.555,6.501,83.6343,3.40038,3.30524,16.0768,14.2907,807.12,807.03,3.46244,4.74173,0.129112,1.23446,6.55026,29.7237,29.7237,0.0,1.0,1
128645,31.05.2024 22:39:32.190000,-305.365,-402.841,6.59241,6.564,6.494,83.716,3.3566,3.25136,13.5324,12.2907,807.045,806.9,3.49298,4.26023,0.417091,1.04377,6.5503,29.7237,29.7237,0.0,1.0,1
128646,31.05.2024 22:39:32.200000,-311.792,-399.38,6.59241,6.567,6.493,83.716,3.36182,3.24307,13.5324,12.2907,807.045,806.9,3.49298,4.26023,0.417091,1.04377,6.55066,27.7054,27.7054,0.0,1.0,1
128647,31.05.2024 22:39:32.210000,-311.792,-399.38,6.59241,6.567,6.493,83.716,3.36182,3.24307,13.5324,12.2907,807.045,806.9,3.49298,4.26023,0.417091,1.04377,6.55066,27.7054,27.7054,0.0,1.0,1
128648,31.05.2024 22:39:32.220000,-311.792,-399.38,6.5781,6.567,6.493,83.6839,3.36352,3.23816,13.7211,10.4105,807.025,806.93,3.6202,4.56448,0.408428,1.03421,6.55066,26.331,26.331,0.0,1.0,1
128649,31.05.2024 22:39:32.230000,-324.481,-403.088,6.57138,6.556,6.487,83.6597,3.37766,3.24489,14.449,11.7329,807.005,806.91,3.87827,5.08809,0.512012,1.06672,6.55106,26.331,26.331,0.0,1.0,1
128650,31.05.2024 22:39:32.240000,-335.522,-403.088,6.57469,6.556,6.484,83.6421,3.38528,3.24723,13.7739,13.0978,806.96,806.885,4.30991,5.57643,0.392589,0.954297,6.55106,26.8012,26.8012,0.0,1.0,1
128651,31.05.2024 22:39:32.250000,-337.747,-394.272,6.57469,6.536,6.47,83.6653,3.39101,3.25057,13.7739,13.0978,806.96,806.885,4.30991,5.57643,0.392589,0.954297,6.55142,26.8012,26.8012,0.0,1.0,1
128652,31.05.2024 22:39:32.260000,-337.747,-394.272,6.57469,6.536,6.47,83.6653,3.39101,3.25057,13.7739,13.0978,806.96,806.885,4.30991,5.57643,0.392589,0.954297,6.55142,26.8012,26.8012,0.0,1.0,1
128653,31.05.2024 22:39:32.270000,-337.747,-394.272,6.56855,6.536,6.47,83.6653,3.39957,3.25545,15.4814,10.5341,806.865,806.745,4.52152,5.97725,0.223469,0.863023,6.55151,26.8012,26.8012,0.0,1.0,1
128654,31.05.2024 22:39:32.280000,-360.324,-400.864,6.56186,6.529,6.481,83.6515,3.39747,3.26154,13.0465,10.5329,806.835,806.585,4.44289,5.52549,0.20216,0.789174,6.55178,27.3799,27.3799,0.0,1.0,1
128655,31.05.2024 22:39:32.290000,-360.324,-400.864,6.55504,6.529,6.481,83.616,3.39774,3.2644,14.0434,13.8417,806.82,806.54,4.47204,4.58558,0.112732,0.764447,6.55178,28.4795,28.4795,0.0,1.0,1
128656,31.05.2024 22:39:32.300000,-366.998,-395.837,6.55716,6.513,6.455,83.6614,3.40011,3.26449,14.0434,13.8417,806.82,806.54,4.66197,4.15197,0.124458,0.790429,6.5519,28.4795,28.4795,0.0,1.0,1
128657,31.05.2024 22:39:32.310000,-366.998,-402.676,6.55716,6.513,6.455,83.6614,3.39983,3.26451,13.5371,12.2262,806.765,806.53,4.66197,4.15197,0.124458,0.790429,6.55172,28.4795,28.4795,0.0,1.0,1
128658,31.05.2024 22:39:32.320000,-360.077,-402.676,6.5647,6.508,6.462,83.6809,3.40036,3.26325,14.2581,10.9572,806.705,806.455,4.75328,4.1142,0.308754,0.841573,6.55172,27.0978,27.0978,0.0,1.0,1
128659,31.05.2024 22:39:32.330000,-364.444,-398.886,6.5647,6.495,6.468,83.6918,3.39761,3.26165,14.2581,10.9572,806.705,806.455,4.75328,4.1142,0.308754,0.841573,6.55167,27.0978,27.0978,0.0,1.0,1
128660,31.05.2024 22:39:32.340000,-364.444,-398.886,6.5647,6.495,6.468,83.6918,3.39761,3.26165,14.2581,10.9572,806.705,806.455,4.75328,4.1142,0.308754,0.841573,6.55167,27.0978,27.0978,0.0,1.0,1
128661,31.05.2024 22:39:32.350000,-364.444,-398.886,6.56341,6.495,6.468,83.6918,3.38499,3.26339,12.7713,10.3221,806.625,806.425,4.6331,3.48803,0.509331,0.857728,6.55178,26.6421,26.6421,0.0,1.0,1
128662,31.05.2024 22:39:32.360000,-364.444,-398.886,6.56341,6.495,6.468,83.6918,3.38499,3.26339,12.7713,10.3221,806.625,806.425,4.6331,3.48803,0.509331,0.857728,6.55178,26.6421,26.6421,0.0,1.0,1
128663,31.05.2024 22:39:32.370000,-358.511,-391.8,6.57073,6.507,6.473,83.679,3.37382,3.26291,13.8471,11.067,806.565,806.455,4.21834,3.39685,0.597423,0.817372,6.55187,26.0995,26.0995,0.0,1.0,1
128664,31.05.2024 22:39:32.380000,-358.511,-391.8,6.57073,6.507,6.473,83.679,3.37382,3.26291,13.8471,11.067,806.565,806.455,4.21834,3.39685,0.597423,0.817372,6.55187,26.0995,26.0995,0.0,1.0,1
128665,31.05.2024 22:39:32.390000,-361.725,-400.616,6.59666,6.503,6.479,83.6195,3.36704,3.25708,11.7384,9.32882,806.55,806.36,4.33612,4.44938,0.512306,0.717828,6.55201,26.0995,26.0995,0.0,1.0,1
128666,31.05.2024 22:39:32.400000,-361.725,-400.616,6.59666,6.503,6.479,83.6195,3.36704,3.25708,11.7384,9.32882,806.55,806.36,4.33612,4.44938,0.512306,0.717828,6.55201,26.0995,26.0995,0.0,1.0,1
128667,31.05.2024 22:39:32.410000,-359.582,-392.047,6.6067,6.513,6.476,83.66,3.36068,3.25539,11.2754,9.32662,806.455,806.34,4.48807,4.63571,0.475136,0.720509,6.55211,23.6835,23.6835,0.0,1.0,1
128668,31.05.2024 22:39:32.420000,-363.949,-392.953,6.6225,6.533,6.503,83.5738,3.37085,3.26083,13.4624,9.75439,806.39,806.26,4.21806,4.94745,0.460117,0.748013,6.55271,24.1609,24.1609,0.0,1.0,1
128669,31.05.2024 22:39:32.430000,-358.429,-400.781,6.5977,6.583,6.521,83.5869,3.37956,3.26217,10.8624,9.8263,806.34,806.175,3.93697,4.86888,0.440029,0.74437,6.55271,24.1609,24.1609,0.0,1.0,1
128670,31.05.2024 22:39:32.440000,-361.478,-399.545,6.5977,6.612,6.541,83.5869,3.3874,3.26657,10.8624,9.8263,806.34,806.175,3.93697,4.86888,0.440029,0.74437,6.55267,24.5587,24.5587,0.0,1.0,1
128671,31.05.2024 22:39:32.450000,-361.478,-399.545,6.5999,6.612,6.541,83.6012,3.41157,3.28947,12.9508,10.4577,806.29,806.115,3.66026,4.71467,0.298645,0.728032,6.55267,24.6745,24.6745,0.0,1.0,1
128672,31.05.2024 22:39:32.460000,-361.478,-399.545,6.5999,6.612,6.541,83.6012,3.41157,3.28947,12.9508,10.4577,806.29,806.115,3.66026,4.71467,0.298645,0.728032,6.55267,24.6745,24.6745,0.0,1.0,1
128673,31.05.2024 22:39:32.470000,-354.309,-398.804,6.61078,6.614,6.55,83.5987,3.42384,3.30455,15.0055,14.1502,806.255,806.075,3.36228,4.57028,0.262966,0.801018,6.55291,24.4068,24.4068,0.0,1.0,1
128674,31.05.2024 22:39:32.480000,-354.309,-398.804,6.61078,6.614,6.55,83.5987,3.42384,3.30455,15.0055,14.1502,806.255,806.075,3.36228,4.57028,0.262966,0.801018,6.55291,24.4068,24.4068,0.0,1.0,1
128675,31.05.2024 22:39:32.490000,-359.912,-404.489,6.61463,6.614,6.532,83.6028,3.44533,3.32429,15.6236,15.787,806.185,806.005,3.38133,4.68118,0.318035,0.759396,6.55298,24.0524,24.0524,0.0,1.0,1
128676,31.05.2024 22:39:32.500000,-359.912,-404.489,6.61463,6.614,6.532,83.6028,3.44533,3.32429,15.6236,15.787,806.185,806.005,3.38133,4.68118,0.318035,0.759396,6.55298,24.0524,24.0524,0.0,1.0,1
128677,31.05.2024 22:39:32.510000,-362.054,-397.732,6.62885,6.592,6.525,83.5994,3.44557,3.34983,14.7304,15.0969,806.175,805.97,3.21302,4.42818,0.40538,0.657067,6.55282,24.0958,24.0958,0.0,1.0,1
128678,31.05.2024 22:39:32.520000,-359.582,-403.665,6.63555,6.566,6.528,83.5959,3.42423,3.35299,16.4854,17.1467,806.145,805.935,3.33012,4.65426,0.380466,0.68179,6.5526,25.2026,25.2026,0.0,1.0,1
128679,31.05.2024 22:39:32.530000,-359.582,-403.665,6.62823,6.566,6.528,83.6058,3.41211,3.35274,14.4562,20.0792,806.115,805.895,3.59509,4.72506,0.177471,0.745217,6.5526,26.0634,26.0634,0.0,1.0,1
128680,31.05.2024 22:39:32.540000,-361.148,-401.935,6.62514,6.59,6.531,83.623,3.40121,3.34232,14.4562,20.0792,806.115,805.895,3.88161,4.83784,0.217685,0.786557,6.55279,26.0634,26.0634,0.0,1.0,1
128681,31.05.2024 22:39:32.550000,-361.148,-401.605,6.62514,6.594,6.531,83.623,3.40025,3.33828,12.2978,17.2368,806.035,805.895,3.88161,4.83784,0.217685,0.786557,6.55346,26.0634,26.0634,0.0,1.0,1
128682,31.05.2024 22:39:32.560000,-359.418,-401.605,6.62122,6.594,6.528,83.6282,3.40543,3.33454,12.1393,13.9161,805.975,805.835,3.87798,5.40224,0.145832,0.807133,6.55346,26.0706,26.0706,0.0,1.0,1
128683,31.05.2024 22:39:32.570000,-358.758,-401.44,6.62122,6.594,6.527,83.6173,3.41118,3.33089,12.1393,13.9161,805.975,805.835,3.87798,5.40224,0.145832,0.807133,6.55363,26.0706,26.0706,0.0,1.0,1
128684,31.05.2024 22:39:32.580000,-358.758,-401.44,6.60654,6.594,6.527,83.6173,3.43622,3.33129,14.2539,13.7859,805.9,805.715,4.13164,5.47236,-0.118454,0.725594,6.55422,26.2731,26.2731,0.0,1.0,1
128685,31.05.2024 22:39:32.590000,-357.193,-395.59,6.60449,6.58,6.521,83.6216,3.45146,3.33233,11.9805,12.1917,805.77,805.61,4.22707,5.13853,0.0258749,0.649379,6.55422,26.2731,26.2731,0.0,1.0,1
128686,31.05.2024 22:39:32.600000,-358.841,-399.545,6.60449,6.568,6.503,83.6216,3.46617,3.33266,11.9805,12.1917,805.77,805.61,4.22707,5.13853,0.0258749,0.649379,6.55465,26.2731,26.2731,0.0,1.0,1
128687,31.05.2024 22:39:32.610000,-358.841,-399.545,6.61358,6.568,6.503,83.5659,3.48369,3.3281,13.7661,12.5454,805.735,805.605,3.89096,4.59181,0.0505407,0.604354,6.55465,26.1646,26.1646,0.0,1.0,1
128688,31.05.2024 22:39:32.620000,-358.099,-401.358,6.61286,6.566,6.501,83.5724,3.48155,3.3268,13.7661,12.5454,805.735,805.605,3.84068,4.8123,0.0475271,0.675061,6.55432,26.1646,26.1646,0.0,1.0,1
128689,31.05.2024 22:39:32.630000,-358.099,-401.358,6.61286,6.566,6.501,83.5724,3.47431,3.32489,15.7527,13.7345,805.635,805.54,3.84068,4.8123,0.0475271,0.675061,6.55445,25.5425,25.5425,0.0,1.0,1
128690,31.05.2024 22:39:32.640000,-359.912,-400.946,6.60811,6.557,6.515,83.5638,3.46418,3.32506,14.6099,12.121,805.615,805.465,3.55278,4.67401,0.225956,0.646485,6.55445,25.5425,25.5425,0.0,1.0,1
128691,31.05.2024 22:39:32.650000,-359.335,-399.463,6.60811,6.568,6.512,83.5384,3.4555,3.32337,14.6099,12.121,805.615,805.465,3.55278,4.67401,0.225956,0.646485,6.55481,25.5425,25.5425,0.0,1.0,1
128692,31.05.2024 22:39:32.660000,-359.335,-399.463,6.58831,6.568,6.512,83.5384,3.44335,3.31503,13.6999,13.2589,805.55,805.42,3.84043,4.37038,0.295006,0.620858,6.5553,25.5498,25.5498,0.0,1.0,1
128693,31.05.2024 22:39:32.670000,-356.616,-402.594,6.59547,6.595,6.497,83.57,3.44014,3.30578,14.0171,13.0231,805.47,805.4,4.03455,4.34805,0.0763319,0.540036,6.5553,25.5498,25.5498,0.0,1.0,1
128694,31.05.2024 22:39:32.680000,-359.994,-393.448,6.59547,6.59,6.49,83.57,3.4384,3.29665,14.0171,13.0231,805.47,805.4,4.03455,4.34805,0.0763319,0.540036,6.55549,24.6528,24.6528,0.0,1.0,1
128695,31.05.2024 22:39:32.690000,-359.994,-393.448,6.59945,6.59,6.49,83.6187,3.43356,3.29125,14.1503,10.542,805.425,805.33,4.10556,4.50945,-0.00112176,0.504428,6.55549,24.6528,24.6528,0.0,1.0,1
128696,31.05.2024 22:39:32.700000,-358.429,-394.354,6.5956,6.563,6.492,83.604,3.42607,3.28804,14.1503,10.542,805.425,805.33,4.50154,4.50487,0.0796659,0.344823,6.55532,24.6528,24.6528,0.0,1.0,1
128697,31.05.2024 22:39:32.710000,-358.429,-401.935,6.5956,6.557,6.492,83.604,3.42363,3.28551,11.5984,10.8988,805.34,805.305,4.50154,4.50487,0.0796659,0.344823,6.55577,25.1374,25.1374,0.0,1.0,1
128698,31.05.2024 22:39:32.720000,-362.549,-401.935,6.60729,6.557,6.506,83.6165,3.42178,3.28115,12.9348,10.3008,805.25,805.305,4.67809,4.72732,0.0494077,0.292449,6.55577,24.906,24.906,0.0,1.0,1
128699,31.05.2024 22:39:32.730000,-358.594,-394.189,6.60729,6.547,6.514,83.62,3.41927,3.27905,12.9348,10.3008,805.25,805.305,4.67809,4.72732,0.0494077,0.292449,6.55636,24.906,24.906,0.0,1.0,1
