,time,Pinceur Inf Mesure de courant,Pinceur Sup Mesure de courant,Mandrin - Vitesse Actuelle,Pinceur Sup Mesure vitesse lineaire,Pinceur Inf Mesure vitesse lineaire,Mandrin - Mesure Expansion,Pinceur Nord Position entrefer estimee,Pinceur Sud Position entrefer estimee,Pinceur Nord Force entrefer calibree,Pinceur Sud Force entrefer calibree,Guides Nord Entree Position mesuree,Guides Nord Sortie Position mesuree,Guides Nord Entree Force pour regulateur PI,Guides Nord Sortie Force pour regulateur PI,Guides Sud Entree Force pour regulateur PI,Guides Sud Sortie Force pour regulateur PI,Mandrin - Vitesse Actuelle F10,_Excentrage largeur bande jauge bob,_Excentrage largeur bande jauge bob.1,TDB pinceur,Fenetre,Declancheur
121800,31.05.2024 15:54:42.100000,207.394,73.4161,6.51123,5.906,5.552,29.5509,5.31839,5.00964,30.8908,29.1263,686.55,686.995,9.57126,8.6256,0.16066,2.13903,5.0175,65.2271,65.2271,1.0,1.0,1
121801,31.05.2024 15:54:42.110000,207.394,73.4161,6.51736,5.906,5.552,29.6304,5.33486,5.17625,30.8908,29.1263,686.55,686.995,9.57126,8.6256,0.16066,2.13903,5.0175,65.2271,65.2271,1.0,1.0,1
121802,31.05.2024 15:54:42.120000,284.271,106.128,6.52491,5.76,5.359,29.6814,5.30926,5.23695,33.844,35.9166,684.815,685.195,8.86389,7.85968,0.177635,1.47926,5.01779,65.2271,65.2271,1.0,1.0,1
121803,31.05.2024 15:54:42.130000,284.271,106.128,6.52491,5.76,5.359,29.6814,5.30926,5.23695,33.844,35.9166,684.815,685.195,8.86389,7.85968,0.177635,1.47926,5.01779,65.2271,65.2271,1.0,1.0,1
121804,31.05.2024 15:54:42.140000,284.271,139.334,6.52475,5.675,5.359,29.6814,5.27815,5.27391,35.1857,58.4034,683.135,683.615,8.02594,6.57746,0.222191,0.651829,5.01849,52.1629,52.1629,1.0,1.0,1
121805,31.05.2024 15:54:42.150000,284.271,139.334,6.52475,5.675,5.359,29.6814,5.27815,5.27391,35.1857,58.4034,683.135,683.615,8.02594,6.57746,0.222191,0.651829,5.01849,52.1629,52.1629,1.0,1.0,1
121806,31.05.2024 15:54:42.160000,425.171,183.417,6.52475,5.601,5.187,29.6509,5.18594,5.29841,32.3457,56.8131,681.575,682.185,6.43514,4.85697,0.222523,0.364127,5.01909,42.853,42.853,1.0,1.0,1
121807,31.05.2024 15:54:42.170000,425.171,183.417,6.52475,5.601,5.187,29.6509,5.18594,5.29841,32.3457,56.8131,681.575,682.185,6.43514,4.85697,0.222523,0.364127,5.01909,42.853,42.853,1.0,1.0,1
121808,31.05.2024 15:54:42.180000,488.452,247.192,6.51269,5.512,5.076,29.5443,5.15025,5.22789,27.8064,46.661,680.18,680.91,5.08879,4.23909,0.289188,0.353238,5.01988,42.7517,42.7517,1.0,1.0,1
121809,31.05.2024 15:54:42.190000,488.452,247.192,6.51269,5.512,5.076,29.5443,5.15025,5.22789,27.8064,46.661,680.18,680.91,5.08879,4.23909,0.289188,0.353238,5.01988,42.7517,42.7517,1.0,1.0,1
121810,31.05.2024 15:54:42.200000,527.261,340.796,6.51699,5.378,5.039,29.5848,5.12574,5.08274,28.5988,47.6784,678.9,679.63,4.43778,4.55531,0.319576,0.342846,5.02058,42.7517,42.7517,1.0,1.0,1
121811,31.05.2024 15:54:42.210000,527.261,340.796,6.51699,5.378,5.039,29.5848,5.12574,5.08274,28.5988,47.6784,678.9,679.63,4.43778,4.55531,0.319576,0.342846,5.02058,42.7517,42.7517,1.0,1.0,1
121812,31.05.2024 15:54:42.220000,567.554,475.351,6.52652,5.228,4.993,29.5146,5.11668,4.96528,29.2475,32.6605,676.445,676.935,5.39075,5.72203,-0.0162125,0.000586033,5.02263,29.5067,29.5067,1.0,1.0,1
121813,31.05.2024 15:54:42.230000,616.827,559.149,6.53108,5.108,4.991,29.5338,5.04168,4.91489,27.6238,25.4283,675.03,675.595,6.14054,6.20902,0.0634537,0.125401,5.02353,25.5498,25.5498,1.0,1.0,1
121814,31.05.2024 15:54:42.240000,616.827,559.149,6.52073,5.108,4.991,29.5338,5.01367,4.90521,27.6238,25.4283,675.03,675.595,6.14054,6.20902,0.0634537,0.125401,5.02412,25.5498,25.5498,1.0,1.0,1
121815,31.05.2024 15:54:42.250000,632.4,625.149,6.52219,5.032,4.965,29.5353,4.9966,4.90119,24.4384,31.5472,673.605,674.225,7.09275,7.10829,-0.0757675,0.0810781,5.02412,22.0197,22.0197,1.0,1.0,1
121816,31.05.2024 15:54:42.260000,662.311,678.049,6.52219,5.011,4.961,29.5353,4.98284,4.89896,24.7866,29.5862,672.11,672.695,8.03481,8.3717,-0.0349579,0.0759473,5.02495,18.07,18.07,1.0,1.0,1
121817,31.05.2024 15:54:42.270000,662.311,678.049,6.51928,5.011,4.961,29.5848,4.98072,4.89978,24.7866,29.5862,672.11,672.695,8.03481,8.3717,-0.0349579,0.0759473,5.02495,18.07,18.07,1.0,1.0,1
121818,31.05.2024 15:54:42.280000,684.228,692.468,6.5194,5.001,4.953,29.5453,4.9823,4.90623,21.6056,24.5882,670.53,671.145,8.37335,9.21991,0.0228233,0.0262132,5.0255,18.1785,18.1785,1.0,1.0,1
121819,31.05.2024 15:54:42.290000,684.228,703.756,6.5194,4.95,4.953,29.5453,4.98225,4.90873,21.6541,28.5365,668.905,669.56,8.02622,9.51901,0.0456352,0.0546212,5.02609,18.1785,18.1785,1.0,1.0,1
121820,31.05.2024 15:54:42.300000,684.228,703.756,6.5194,4.95,4.953,29.5453,4.98225,4.90873,21.6541,28.5365,668.905,669.56,8.02622,9.51901,0.0456352,0.0546212,5.02609,18.1785,18.1785,1.0,1.0,1
121821,31.05.2024 15:54:42.310000,702.685,703.756,6.51545,4.95,4.939,29.6655,4.97698,4.91166,21.4414,30.2268,667.3,667.96,7.53387,9.58434,-0.0304871,0.0674634,5.02609,15.502,15.502,1.0,1.0,1
121822,31.05.2024 15:54:42.320000,702.685,703.756,6.51545,4.95,4.939,29.6655,4.97698,4.91166,21.4414,30.2268,667.3,667.96,7.53387,9.58434,-0.0304871,0.0674634,5.02609,15.502,15.502,1.0,1.0,1
121823,31.05.2024 15:54:42.330000,695.846,686.865,6.52303,4.916,4.946,29.6231,4.95999,4.90449,21.2642,27.8416,665.705,666.36,7.25295,9.37934,0.0710411,0.106015,5.02747,15.2633,15.2633,1.0,1.0,1
121824,31.05.2024 15:54:42.340000,695.846,686.865,6.52303,4.916,4.946,29.6231,4.95999,4.90449,21.2642,27.8416,665.705,666.36,7.25295,9.37934,0.0710411,0.106015,5.02747,15.2633,15.2633,1.0,1.0,1
121825,31.05.2024 15:54:42.350000,692.468,689.996,6.52416,5.041,4.956,29.6029,4.94069,4.90731,21.5995,26.9359,664.09,664.66,7.14378,9.22774,0.097847,0.104548,5.02813,11.5885,11.5885,1.0,1.0,1
121826,31.05.2024 15:54:42.360000,696.094,700.543,6.53142,5.031,4.972,29.6288,4.90868,4.91158,20.061,28.5246,662.505,663.06,6.9518,9.03896,0.0416603,0.0732751,5.02843,11.5885,11.5885,1.0,1.0,1
121827,31.05.2024 15:54:42.370000,696.094,693.292,6.53142,4.984,4.972,29.6288,4.90585,4.91447,19.0557,24.3745,660.875,661.595,7.10979,8.87798,0.0545578,0.0356431,5.02934,11.5885,11.5885,1.0,1.0,1
121828,31.05.2024 15:54:42.380000,696.094,693.292,6.53142,4.984,4.972,29.6288,4.90585,4.91447,19.0557,24.3745,660.875,661.595,7.10979,8.87798,0.0545578,0.0356431,5.02934,11.5885,11.5885,1.0,1.0,1
121829,31.05.2024 15:54:42.390000,693.869,693.292,6.52919,4.984,4.996,29.6402,4.90774,4.91497,18.6995,27.3244,659.215,660.09,7.22868,9.54853,0.0669212,0.113503,5.02934,9.00607,9.00607,1.0,1.0,1
121830,31.05.2024 15:54:42.400000,693.869,693.292,6.52919,4.984,4.996,29.6402,4.90774,4.91497,18.6995,27.3244,659.215,660.09,7.22868,9.54853,0.0669212,0.113503,5.02934,9.00607,9.00607,1.0,1.0,1
121831,31.05.2024 15:54:42.410000,693.951,690.243,6.53298,4.987,4.998,29.5825,4.94661,4.91295,19.3038,29.9194,657.515,658.5,7.40256,10.6534,0.0579605,0.12226,5.03019,5.7798,5.7798,1.0,1.0,1
121832,31.05.2024 15:54:42.420000,696.094,690.902,6.5301,5.052,4.997,29.6231,4.97094,4.91228,21.9321,27.671,655.805,656.895,7.10516,11.5563,0.0633812,0.196621,5.03053,0.549771,0.549771,1.0,1.0,1
121833,31.05.2024 15:54:42.430000,696.094,690.902,6.53034,5.052,4.997,29.6006,4.98024,4.91061,21.9321,27.671,655.805,656.895,7.10516,11.5563,0.0633812,0.196621,5.03053,0.549771,0.549771,1.0,1.0,1
121834,31.05.2024 15:54:42.440000,689.09,686.206,6.53563,5.024,5.046,29.6155,4.97604,4.9129,22.7336,28.3255,654.085,655.28,6.82802,12.3189,0.119736,0.24664,5.03085,-2.65481,-2.65481,1.0,1.0,1
121835,31.05.2024 15:54:42.450000,689.09,689.584,6.53563,5.049,5.046,29.6155,4.96835,4.91472,25.0402,30.306,652.365,653.53,6.42427,12.4841,0.0546303,0.256825,5.03123,-2.65481,-2.65481,1.0,1.0,1
121836,31.05.2024 15:54:42.460000,689.09,689.584,6.53563,5.049,5.046,29.6155,4.96835,4.91472,25.0402,30.306,652.365,653.53,6.42427,12.4841,0.0546303,0.256825,5.03123,-2.65481,-2.65481,1.0,1.0,1
121837,31.05.2024 15:54:42.470000,687.359,689.584,6.5326,5.049,5.054,29.7024,4.95601,4.91474,23.8254,29.3949,650.68,651.855,6.00249,12.3832,0.00971222,0.262377,5.03123,-2.65481,-2.65481,1.0,1.0,1
121838,31.05.2024 15:54:42.480000,694.116,684.805,6.52718,5.096,5.057,29.6836,4.92678,4.9156,21.5824,28.114,649.005,650.3,5.78569,12.6094,0.0132599,0.264742,5.03193,-6.96614,-6.96614,1.0,1.0,1
121839,31.05.2024 15:54:42.490000,694.281,684.558,6.52861,5.103,5.061,29.6961,4.92042,4.91502,21.5824,28.114,649.005,650.3,5.78569,12.6094,0.0132599,0.264742,5.03193,-10.8362,-10.8362,1.0,1.0,1
121840,31.05.2024 15:54:42.500000,690.49,692.221,6.52861,5.077,5.06,29.6961,4.91763,4.91387,21.5587,30.2796,647.33,648.79,5.73476,13.1758,-0.0290184,0.289011,5.03274,-10.8362,-10.8362,1.0,1.0,1
121841,31.05.2024 15:54:42.510000,690.49,692.221,6.54044,5.077,5.06,29.6619,4.9094,4.91268,21.5587,30.2796,647.33,648.79,5.73476,13.1758,-0.0290184,0.289011,5.03274,-10.8362,-10.8362,1.0,1.0,1
121842,31.05.2024 15:54:42.520000,690.49,692.221,6.54044,5.077,5.06,29.6619,4.9094,4.91268,21.5587,30.2796,647.33,648.79,5.73476,13.1758,-0.0290184,0.289011,5.03274,-10.8362,-10.8362,1.0,1.0,1
121843,31.05.2024 15:54:42.530000,685.217,688.76,6.53912,5.055,5.032,29.6615,4.90662,4.91314,20.6834,28.4882,645.665,647.22,5.82448,13.968,0.0435181,0.270871,5.03339,-14.1204,-14.1204,1.0,1.0,1
121844,31.05.2024 15:54:42.540000,692.633,696.67,6.54186,5.083,5.027,29.6506,4.89872,4.91315,21.3562,28.6701,643.97,645.62,6.04593,14.8176,0.633591,0.335099,5.03364,-15.9795,-15.9795,1.0,1.0,1
121845,31.05.2024 15:54:42.550000,686.206,695.022,6.54186,5.074,5.012,29.7001,4.88962,4.91396,21.0806,29.9879,642.285,644.02,6.26708,15.6639,1.77752,0.290623,5.03448,-18.1713,-18.1713,1.0,1.0,1
121846,31.05.2024 15:54:42.560000,686.206,695.022,6.54186,5.074,5.012,29.7001,4.88962,4.91396,21.0806,29.9879,642.285,644.02,6.26708,15.6639,1.77752,0.290623,5.03448,-18.1713,-18.1713,1.0,1.0,1
121847,31.05.2024 15:54:42.570000,686.206,695.022,6.54076,5.074,5.012,29.7001,4.8853,4.91323,21.0191,30.0883,640.595,642.445,6.41925,16.5773,2.6863,0.274064,5.03506,-21.8316,-21.8316,1.0,1.0,1
121848,31.05.2024 15:54:42.580000,689.337,687.277,6.54187,5.035,5.046,29.6742,4.87676,4.91134,20.7399,31.2632,638.905,640.87,6.58586,17.533,2.82161,0.208516,5.03596,-26.1285,-26.1285,1.0,1.0,1
121849,31.05.2024 15:54:42.590000,689.337,687.277,6.53369,5.035,5.046,29.6902,4.87581,4.90921,20.7399,31.2632,638.905,640.87,6.58586,17.533,2.82161,0.208516,5.03596,-26.1285,-26.1285,1.0,1.0,1
121850,31.05.2024 15:54:42.600000,693.869,695.105,6.54225,5.063,5.046,29.6151,4.87907,4.90999,20.5941,30.9429,637.21,639.255,6.59821,18.3603,3.12148,0.243672,5.0363,-26.1863,-26.1863,1.0,1.0,1
121851,31.05.2024 15:54:42.610000,693.869,695.105,6.54225,5.063,5.046,29.6151,4.87907,4.90999,20.5941,30.9429,637.21,639.255,6.59821,18.3603,3.12148,0.243672,5.0363,-26.1863,-26.1863,1.0,1.0,1
121852,31.05.2024 15:54:42.620000,693.869,688.348,6.54225,5.059,5.046,29.6151,4.88493,4.91023,21.2635,30.6941,635.545,637.675,6.63068,19.1839,3.28712,0.30184,5.03682,-29.1088,-29.1088,1.0,1.0,1
121853,31.05.2024 15:54:42.630000,693.869,688.348,6.54225,5.059,5.046,29.6151,4.88493,4.91023,21.2635,30.6941,635.545,637.675,6.63068,19.1839,3.28712,0.30184,5.03682,-29.1088,-29.1088,1.0,1.0,1
121854,31.05.2024 15:54:42.640000,690.49,685.629,6.54904,5.022,5.015,29.5357,4.90442,4.91059,22.0296,29.3916,633.97,636.07,6.8213,19.8904,3.18043,0.288245,5.03754,-30.4977,-30.4977,1.0,1.0,1
121855,31.05.2024 15:54:42.650000,687.442,681.839,6.54346,4.999,4.98,29.5435,4.91286,4.90982,22.9411,30.5903,632.465,634.465,7.59555,20.2966,3.32504,0.305932,5.03824,-31.4742,-31.4742,1.0,1.0,1
121856,31.05.2024 15:54:42.660000,687.442,681.839,6.54346,4.999,4.98,29.5435,4.91286,4.90982,22.9411,30.5903,632.465,634.465,7.59555,20.2966,3.32504,0.305932,5.03824,-31.4742,-31.4742,1.0,1.0,1
121857,31.05.2024 15:54:42.670000,683.404,689.172,6.54346,5.022,5.009,29.5435,4.91269,4.90644,21.9829,29.9069,630.895,632.815,8.99167,20.8599,3.82995,0.335356,5.03891,-32.6389,-32.6389,1.0,1.0,1
121858,31.05.2024 15:54:42.680000,683.404,689.172,6.54346,5.022,5.009,29.5435,4.91269,4.90644,21.9829,29.9069,630.895,632.815,8.99167,20.8599,3.82995,0.335356,5.03891,-32.6389,-32.6389,1.0,1.0,1
121859,31.05.2024 15:54:42.690000,687.854,694.858,6.5489,5.029,4.987,29.5843,4.88438,4.88239,22.924,29.0303,629.39,631.235,10.1631,21.4509,4.12664,0.44246,5.03972,-34.8307,-34.8307,1.0,1.0,1
121860,31.05.2024 15:54:42.700000,687.854,694.858,6.5489,5.029,4.987,29.5843,4.88438,4.88239,22.924,29.0303,629.39,631.235,10.1631,21.4509,4.12664,0.44246,5.03972,-34.8307,-34.8307,1.0,1.0,1
121861,31.05.2024 15:54:42.710000,688.76,690.655,6.54395,5.02,5.001,29.5768,4.85151,4.87145,20.9702,26.8074,628.095,629.695,11.7449,21.9635,5.59073,0.488919,5.04036,-34.8307,-34.8307,1.0,1.0,1
121862,31.05.2024 15:54:42.720000,688.76,690.655,6.54395,5.02,5.001,29.5768,4.85151,4.87145,20.9702,26.8074,628.095,629.695,11.7449,21.9635,5.59073,0.488919,5.04036,-34.8307,-34.8307,1.0,1.0,1
121863,31.05.2024 15:54:42.730000,689.502,688.183,6.54245,5.023,5.012,29.5937,4.81684,4.86823,20.1797,28.2273,625.575,626.72,17.536,24.2376,13.6498,2.05476,5.04162,-36.5741,-36.5741,1.0,1.0,1
121864,31.05.2024 15:54:42.740000,689.502,688.183,6.54245,5.023,5.012,29.5937,4.81684,4.86823,20.1797,28.2273,625.575,626.72,17.536,24.2376,13.6498,2.05476,5.04162,-36.5741,-36.5741,1.0,1.0,1
121865,31.05.2024 15:54:42.750000,691.232,693.292,6.54255,5.089,5.041,29.5515,4.82442,4.87126,19.3809,29.0955,624.29,625.27,20.7421,25.6018,16.237,3.87545,5.04232,-37.2468,-37.2468,1.0,1.0,1
121866,31.05.2024 15:54:42.760000,691.232,693.292,6.54255,5.089,5.041,29.5515,4.82442,4.87126,19.3809,29.0955,624.29,625.27,20.7421,25.6018,16.237,3.87545,5.04232,-37.2468,-37.2468,1.0,1.0,1
121867,31.05.2024 15:54:42.770000,695.434,697.577,6.5487,5.061,5.025,29.7043,4.87442,4.90837,21.7972,29.824,623.02,623.785,23.7274,25.6693,19.2757,5.7679,5.04275,-38.4983,-38.4983,1.0,1.0,1
121868,31.05.2024 15:54:42.780000,695.434,697.577,6.5487,5.061,5.025,29.7043,4.87442,4.90837,21.7972,29.824,623.02,623.785,23.7274,25.6693,19.2757,5.7679,5.04275,-38.4983,-38.4983,1.0,1.0,1
121869,31.05.2024 15:54:42.790000,685.547,686.206,6.55118,5.031,5.024,30.1198,4.90505,4.91976,22.8463,32.3747,622.855,623.025,20.0715,15.8637,22.48,6.9926,5.04326,-39.0625,-39.0625,1.0,1.0,1
121870,31.05.2024 15:54:42.800000,692.138,690.82,6.55351,5.009,4.989,30.7007,4.87977,4.91612,23.6406,28.7212,622.97,624.375,21.8225,14.0288,24.9113,9.1492,5.04454,-39.0625,-39.0625,1.0,1.0,1
121871,31.05.2024 15:54:42.810000,688.513,692.138,6.55513,4.994,4.981,31.4629,4.85037,4.90176,23.6406,28.7212,622.97,624.375,21.8225,14.0288,24.9113,9.1492,5.04454,-39.3302,-39.3302,1.0,1.0,1
121872,31.05.2024 15:54:42.820000,695.517,683.734,6.55513,4.985,4.971,31.4629,4.81745,4.88399,20.9243,27.3724,623.3,624.63,22.6288,14.5555,24.9983,10.3723,5.04529,-42.2309,-42.2309,1.0,1.0,1
121873,31.05.2024 15:54:42.830000,695.517,683.734,6.57127,4.985,4.971,32.2551,4.76171,4.84129,20.9243,27.3724,623.3,624.63,22.6288,14.5555,24.9983,10.3723,5.04529,-42.2309,-42.2309,1.0,1.0,1
121874,31.05.2024 15:54:42.840000,695.517,683.734,6.57127,4.985,4.971,32.2551,4.76171,4.84129,20.9243,27.3724,623.3,624.63,22.6288,14.5555,24.9983,10.3723,5.04529,-42.2309,-42.2309,1.0,1.0,1
121875,31.05.2024 15:54:42.850000,680.768,689.255,6.56769,5.01,5.018,33.1755,4.744,4.81229,19.1113,27.2766,623.3,625.025,24.1684,14.5222,23.9897,11.1629,5.04567,-44.3142,-44.3142,1.0,1.0,1
121876,31.05.2024 15:54:42.860000,686.947,682.91,6.52705,5.094,5.054,34.2251,4.74515,4.76356,18.4707,22.101,623.475,625.27,24.0546,16.3114,22.1473,11.2795,5.04646,-46.3976,-46.3976,1.0,1.0,1
121877,31.05.2024 15:54:42.870000,688.183,675.906,6.52705,5.171,5.085,35.3023,4.7785,4.74333,18.1221,17.2914,623.48,625.33,24.0426,16.2637,20.7064,10.4305,5.04719,-48.3435,-48.3435,1.0,1.0,1
121878,31.05.2024 15:54:42.880000,688.183,675.906,6.52679,5.171,5.085,35.3023,4.8075,4.74266,18.1221,17.2914,623.48,625.33,24.0426,16.2637,20.7064,10.4305,5.04769,-48.3435,-48.3435,1.0,1.0,1
121879,31.05.2024 15:54:42.890000,686.865,672.445,6.5419,5.181,5.098,36.4189,4.83734,4.74811,19.1232,16.8594,623.55,625.485,22.1711,14.8773,20.12,9.72364,5.04769,-49.1175,-49.1175,1.0,1.0,1
121880,31.05.2024 15:54:42.900000,686.865,672.445,6.5419,5.181,5.098,36.4189,4.83734,4.74811,19.1232,16.8594,623.55,625.485,22.1711,14.8773,20.12,9.72364,5.04769,-49.1175,-49.1175,1.0,1.0,1
121881,31.05.2024 15:54:42.910000,685.464,691.479,6.5419,5.177,5.14,36.4189,4.86495,4.75997,23.1357,18.6411,623.745,625.75,19.9965,13.8392,19.7215,9.66203,5.04819,-49.1464,-49.1464,1.0,1.0,1
121882,31.05.2024 15:54:42.920000,685.464,691.479,6.5419,5.177,5.14,36.4189,4.86495,4.75997,23.1357,18.6411,623.745,625.75,19.9965,13.8392,19.7215,9.66203,5.04819,-49.1464,-49.1464,1.0,1.0,1
121883,31.05.2024 15:54:42.930000,688.595,687.524,6.60092,5.174,5.156,38.6141,4.9086,4.82133,24.0917,18.806,624.005,625.95,18.1298,13.3621,18.5259,9.92357,5.04869,-50.1591,-50.1591,1.0,1.0,1
121884,31.05.2024 15:54:42.940000,689.667,691.314,6.58724,5.18,5.133,39.7574,4.89467,4.86232,25.1561,26.3794,624.355,626.2,16.5875,12.1469,17.1939,9.96913,5.04906,-52.0761,-52.0761,1.0,1.0,1
121885,31.05.2024 15:54:42.950000,689.667,691.314,6.58724,5.18,5.133,39.7574,4.89467,4.86232,25.1561,26.3794,624.355,626.2,16.5875,12.1469,17.1939,9.96913,5.04906,-52.0761,-52.0761,1.0,1.0,1
121886,31.05.2024 15:54:42.960000,682.91,683.816,6.58724,5.183,5.141,40.8212,4.85249,4.87273,25.9698,29.6031,624.675,626.545,15.6537,11.5458,16.0868,9.86931,5.0497,-53.4144,-53.4144,1.0,1.0,1
121887,31.05.2024 15:54:42.970000,682.91,683.816,6.58724,5.183,5.141,40.8212,4.85249,4.87273,25.9698,29.6031,624.675,626.545,15.6537,11.5458,16.0868,9.86931,5.0497,-53.4144,-53.4144,1.0,1.0,1
121888,31.05.2024 15:54:42.980000,690.161,684.887,6.58388,5.203,5.169,41.9187,4.80452,4.86931,23.0592,27.1669,624.985,626.86,14.8629,12.0753,14.6438,9.66736,5.05044,-53.4144,-53.4144,1.0,1.0,1
121889,31.05.2024 15:54:42.990000,690.161,684.887,6.58388,5.203,5.169,41.9187,4.80452,4.86931,23.0592,27.1669,624.985,626.86,14.8629,12.0753,14.6438,9.66736,5.05044,-53.4144,-53.4144,1.0,1.0,1
121890,31.05.2024 15:54:43.000000,677.801,674.341,6.5995,5.234,5.188,43.0897,4.7496,4.79683,21.8776,27.3616,625.285,626.98,14.077,12.496,13.4369,9.44982,5.0512,-52.3076,-52.3076,1.0,1.0,1
121891,31.05.2024 15:54:43.010000,677.801,674.341,6.5995,5.234,5.188,43.0897,4.7496,4.79683,21.8776,27.3616,625.285,626.98,14.077,12.496,13.4369,9.44982,5.0512,-52.3076,-52.3076,1.0,1.0,1
121892,31.05.2024 15:54:43.020000,665.771,676.483,6.59505,5.275,5.203,44.1714,4.73345,4.70844,17.5948,16.2344,625.695,627.235,12.3859,10.6853,11.4866,8.33173,5.05294,-49.7107,-49.7107,1.0,1.0,1
121893,31.05.2024 15:54:43.030000,665.771,676.483,6.59505,5.275,5.203,44.1714,4.73345,4.70844,17.5948,16.2344,625.695,627.235,12.3859,10.6853,11.4866,8.33173,5.05294,-49.7107,-49.7107,1.0,1.0,1
121894,31.05.2024 15:54:43.040000,630.505,677.719,6.56724,5.319,5.328,46.4127,4.72685,4.57,17.0416,11.5989,625.85,627.415,10.9673,9.87278,11.0821,7.31096,5.05409,-47.0269,-47.0269,1.0,1.0,1
121895,31.05.2024 15:54:43.050000,630.505,677.719,6.56724,5.319,5.328,46.4127,4.72685,4.57,17.0416,11.5989,625.85,627.415,10.9673,9.87278,11.0821,7.31096,5.05409,-47.0269,-47.0269,1.0,1.0,1
121896,31.05.2024 15:54:43.060000,621.194,663.794,6.51252,5.398,5.351,47.7132,4.7392,4.50178,19.0679,7.49542,626.135,627.61,9.16453,9.3907,10.5958,6.48467,5.05493,-51.888,-51.888,1.0,1.0,1
121897,31.05.2024 15:54:43.070000,602.902,611.307,6.47462,5.515,5.386,48.897,4.78922,4.4986,18.8047,2.31266,626.47,627.845,8.23326,9.08438,10.0996,6.17101,5.0563,-53.4216,-53.4216,1.0,1.0,1
121898,31.05.2024 15:54:43.080000,602.902,611.307,6.47462,5.515,5.386,48.897,4.78922,4.4986,18.8047,2.31266,626.47,627.845,8.23326,9.08438,10.0996,6.17101,5.0563,-53.4216,-53.4216,1.0,1.0,1
121899,31.05.2024 15:54:43.090000,586.423,602.49,6.44749,5.512,5.369,50.0964,4.81382,4.52448,19.9372,2.92795,626.755,628.15,8.08427,9.51305,9.97251,6.18956,5.0572,-53.4216,-53.4216,1.0,1.0,1
121900,31.05.2024 15:54:43.100000,569.943,620.7,6.44955,5.491,5.324,51.2953,4.86908,4.60109,21.4526,6.46647,626.94,628.355,8.47479,10.4686,9.09991,6.04515,5.05812,-51.8084,-51.8084,1.0,1.0,1
121901,31.05.2024 15:54:43.110000,548.932,611.719,6.44955,5.448,5.256,52.4919,4.91329,4.68502,24.253,13.0674,627.02,628.415,8.5691,11.5869,7.82739,5.89905,5.05948,-47.4031,-47.4031,1.0,1.0,1
121902,31.05.2024 15:54:43.120000,548.932,611.719,6.44037,5.448,5.256,52.4919,4.92666,4.74001,24.253,13.0674,627.02,628.415,8.5691,11.5869,7.82739,5.89905,5.06085,-47.4031,-47.4031,1.0,1.0,1
121903,31.05.2024 15:54:43.130000,548.932,611.719,6.44037,5.448,5.256,52.4919,4.92666,4.74001,24.253,13.0674,627.02,628.415,8.5691,11.5869,7.82739,5.89905,5.06085,-47.4031,-47.4031,1.0,1.0,1
121904,31.05.2024 15:54:43.140000,524.048,594.497,6.38517,5.42,5.248,53.6268,4.93872,4.77716,25.9756,17.5422,627.125,628.44,8.19134,11.7848,6.64931,5.63136,5.06085,-47.4031,-47.4031,1.0,1.0,1
121905,31.05.2024 15:54:43.150000,524.048,594.497,6.38517,5.42,5.248,53.6268,4.93872,4.77716,25.9756,17.5422,627.125,628.44,8.19134,11.7848,6.64931,5.63136,5.06085,-47.4031,-47.4031,1.0,1.0,1
121906,31.05.2024 15:54:43.160000,519.433,572.415,6.3646,5.351,5.221,54.8884,4.94262,4.85145,28.2888,25.7977,627.17,628.465,8.01028,11.5881,6.33712,5.41736,5.06224,-43.5764,-43.5764,1.0,1.0,1
121907,31.05.2024 15:54:43.170000,519.433,572.415,6.3646,5.351,5.221,54.8884,4.94262,4.85145,28.2888,25.7977,627.17,628.465,8.01028,11.5881,6.33712,5.41736,5.06224,-43.5764,-43.5764,1.0,1.0,1
121908,31.05.2024 15:54:43.180000,497.681,534.183,6.39303,5.261,5.134,56.0608,4.91483,4.84141,27.9324,29.489,627.27,628.535,6.5411,9.8878,5.71728,5.33576,5.06485,-43.627,-43.627,1.0,1.0,1
121909,31.05.2024 15:54:43.190000,480.707,526.025,6.38226,5.25,5.096,58.3197,4.77624,4.77008,24.5834,23.2746,627.42,628.7,6.12339,8.95746,5.68497,5.25764,5.06641,-41.6233,-41.6233,1.0,1.0,1
121910,31.05.2024 15:54:43.200000,480.707,526.025,6.3455,5.25,5.096,58.3197,4.73082,4.72878,24.5834,23.2746,627.42,628.7,6.12339,8.95746,5.68497,5.25764,5.06758,-41.6233,-41.6233,1.0,1.0,1
121911,31.05.2024 15:54:43.210000,453.268,498.34,6.30754,5.235,5.237,59.5014,4.68941,4.68292,19.9807,21.7803,627.485,628.895,6.43055,8.86269,5.87122,5.17026,5.06758,-41.6088,-41.6088,1.0,1.0,1
121912,31.05.2024 15:54:43.220000,440.002,481.778,6.30754,5.281,5.204,59.5014,4.66026,4.64687,16.2458,14.142,627.5,629.06,6.63066,9.23522,5.75037,5.02915,5.06869,-36.6609,-36.6609,1.0,1.0,1
121913,31.05.2024 15:54:43.230000,440.002,481.778,6.30754,5.281,5.204,59.5014,4.66026,4.64687,16.2458,14.142,627.5,629.06,6.63066,9.23522,5.75037,5.02915,5.06869,-36.6609,-36.6609,1.0,1.0,1
121914,31.05.2024 15:54:43.240000,440.002,481.778,6.26875,5.281,5.204,60.8552,4.65433,4.57525,13.9955,9.87832,627.65,629.19,6.64329,9.74793,5.7629,4.94471,5.06869,-32.6968,-32.6968,1.0,1.0,1
121915,31.05.2024 15:54:43.250000,441.238,481.119,6.2414,5.276,5.195,62.14,4.70572,4.53671,16.1889,5.88953,627.745,629.32,7.37966,10.1365,5.93171,4.95015,5.07061,-29.9262,-29.9262,1.0,1.0,1
121916,31.05.2024 15:54:43.260000,438.354,481.119,6.2234,5.276,5.178,63.3202,4.75353,4.52155,16.1889,5.88953,627.745,629.32,7.37966,10.1365,5.93171,4.95015,5.07061,-29.9262,-29.9262,1.0,1.0,1
121917,31.05.2024 15:54:43.270000,443.463,471.725,6.2234,5.232,5.136,64.4278,4.82011,4.50713,21.4992,5.66963,627.74,629.37,8.31524,10.5488,6.41521,5.03191,5.07157,-29.2462,-29.2462,1.0,1.0,1
121918,31.05.2024 15:54:43.280000,443.463,471.725,6.2234,5.232,5.136,64.4278,4.82011,4.50713,21.4992,5.66963,627.74,629.37,8.31524,10.5488,6.41521,5.03191,5.07157,-29.2462,-29.2462,1.0,1.0,1
121919,31.05.2024 15:54:43.290000,443.463,471.725,6.17976,5.232,5.136,64.4278,4.84893,4.51922,22.0583,6.04207,627.645,629.305,8.68543,10.7558,6.44622,5.04966,5.07238,-27.7271,-27.7271,1.0,1.0,1
121920,31.05.2024 15:54:43.300000,442.639,479.553,6.17312,5.241,5.181,65.5851,4.85984,4.53123,24.8017,8.51816,627.6,629.28,7.96399,9.72224,6.01176,5.00528,5.07342,-27.7271,-27.7271,1.0,1.0,1
121921,31.05.2024 15:54:43.310000,442.639,479.553,6.12107,5.241,5.181,66.7613,4.81741,4.58798,24.8017,8.51816,627.6,629.28,7.96399,9.72224,6.01176,5.00528,5.07342,-27.7271,-27.7271,1.0,1.0,1
121922,31.05.2024 15:54:43.320000,447.995,482.767,6.0388,5.297,5.183,67.8457,4.79523,4.6049,23.3063,7.56965,627.695,629.4,7.14476,8.38973,5.98893,4.99376,5.07422,-27.7054,-27.7054,1.0,1.0,1
121923,31.05.2024 15:54:43.330000,447.995,481.036,6.0388,5.272,5.183,67.8457,4.76201,4.61647,20.9224,15.6371,627.75,629.635,7.10143,8.09729,6.41508,5.06645,5.07483,-27.7054,-27.7054,1.0,1.0,1
121924,31.05.2024 15:54:43.340000,449.231,481.036,6.01526,5.272,5.209,68.854,4.73451,4.63546,20.9224,15.6371,627.75,629.635,7.10143,8.09729,6.41508,5.06645,5.07483,-21.8678,-21.8678,1.0,1.0,1
121925,31.05.2024 15:54:43.350000,444.946,475.928,6.01526,5.264,5.185,70.0266,4.71495,4.65689,21.007,17.8914,627.755,629.795,7.20723,8.7697,6.71981,5.05908,5.07567,-21.8678,-21.8678,1.0,1.0,1
121926,31.05.2024 15:54:43.360000,444.946,475.928,6.01456,5.264,5.185,70.0266,4.71593,4.65476,21.007,17.8914,627.755,629.795,7.20723,8.7697,6.71981,5.05908,5.07645,-21.8678,-21.8678,1.0,1.0,1
121927,31.05.2024 15:54:43.370000,443.793,473.785,5.91253,5.291,5.189,71.3172,4.73467,4.65427,16.329,14.7959,627.8,629.81,7.2449,9.44087,6.66279,4.95442,5.07645,-20.5078,-20.5078,1.0,1.0,1
121928,31.05.2024 15:54:43.380000,447.171,480.624,5.91253,5.334,5.202,71.3172,4.74141,4.65036,19.2852,18.3686,627.85,629.79,7.4281,9.17663,6.4623,4.84129,5.07716,-18.07,-18.07,1.0,1.0,1
121929,31.05.2024 15:54:43.390000,447.171,480.624,5.84627,5.334,5.202,72.3716,4.75365,4.5935,19.2852,18.3686,627.85,629.79,7.4281,9.17663,6.4623,4.84129,5.07716,-18.07,-18.07,1.0,1.0,1
121930,31.05.2024 15:54:43.400000,441.073,481.283,5.81754,5.336,5.23,73.3634,4.74327,4.56201,20.7635,15.482,627.805,629.875,7.54103,8.41039,6.43773,4.77589,5.07791,-18.07,-18.07,1.0,1.0,1
121931,31.05.2024 15:54:43.410000,441.073,473.126,5.81754,5.334,5.23,73.3634,4.72934,4.54662,18.861,6.9624,627.75,630.03,7.24864,8.41384,6.23033,4.71984,5.07859,-18.07,-18.07,1.0,1.0,1
121932,31.05.2024 15:54:43.420000,442.309,473.126,5.73441,5.334,5.271,74.39,4.7075,4.54358,18.861,6.9624,627.75,630.03,7.24864,8.41384,6.23033,4.71984,5.07859,-16.1097,-16.1097,1.0,1.0,1
121933,31.05.2024 15:54:43.430000,442.309,473.126,5.73441,5.334,5.271,74.39,4.7075,4.54358,18.861,6.9624,627.75,630.03,7.24864,8.41384,6.23033,4.71984,5.07859,-16.1097,-16.1097,1.0,1.0,1
121934,31.05.2024 15:54:43.440000,442.392,475.928,5.73441,5.375,5.31,75.3581,4.68486,4.51559,18.3474,8.41145,627.79,630.19,6.33564,8.78162,5.76232,4.84462,5.07926,-16.088,-16.088,1.0,1.0,1
121935,31.05.2024 15:54:43.450000,454.01,479.306,5.49563,5.471,5.335,76.5538,4.69184,4.49534,16.951,12.8487,627.825,630.21,6.05925,9.20856,5.56493,4.8654,5.08016,-13.3319,-13.3319,1.0,1.0,1
121936,31.05.2024 15:54:43.460000,442.969,487.134,5.49563,5.482,5.312,76.5538,4.71451,4.50049,18.5133,6.27971,627.86,630.27,5.81469,9.20801,5.43369,4.85289,5.08089,-11.1545,-11.1545,1.0,1.0,1
121937,31.05.2024 15:54:43.470000,442.969,487.134,5.44332,5.482,5.312,77.6906,4.77949,4.52097,18.5133,6.27971,627.86,630.27,5.81469,9.20801,5.43369,4.85289,5.08089,-11.1545,-11.1545,1.0,1.0,1
121938,31.05.2024 15:54:43.480000,452.691,485.568,5.39844,5.421,5.283,78.5916,4.80942,4.5493,19.3166,6.57005,627.845,630.305,5.69232,8.99982,4.84696,4.62179,5.08169,-8.68779,-8.68779,1.0,1.0,1
121939,31.05.2024 15:54:43.490000,452.691,478.976,5.39844,5.371,5.283,78.5916,4.84463,4.57075,23.5082,13.5888,627.85,630.42,5.44399,8.88582,4.55431,4.19296,5.08304,-8.68779,-8.68779,1.0,1.0,1
121940,31.05.2024 15:54:43.500000,453.103,478.976,5.3693,5.371,5.249,79.7101,4.87103,4.57704,23.5082,13.5888,627.85,630.42,5.44399,8.88582,4.55431,4.19296,5.08304,-6.98061,-6.98061,1.0,1.0,1
121941,31.05.2024 15:54:43.510000,448.736,475.268,5.3693,5.381,5.204,80.8586,4.89674,4.6248,25.8994,13.3951,627.93,630.51,5.21139,8.92614,4.22739,4.17748,5.08381,-5.693,-5.693,1.0,1.0,1
121942,31.05.2024 15:54:43.520000,448.736,475.268,5.28168,5.381,5.204,80.8586,4.89421,4.65917,25.8994,13.3951,627.93,630.51,5.21139,8.92614,4.22739,4.17748,5.08493,-5.693,-5.693,1.0,1.0,1
121943,31.05.2024 15:54:43.530000,448.736,475.268,5.28168,5.381,5.204,80.8586,4.89421,4.65917,25.8994,13.3951,627.93,630.51,5.21139,8.92614,4.22739,4.17748,5.08493,-5.693,-5.693,1.0,1.0,1
121944,31.05.2024 15:54:43.540000,438.684,481.283,5.22046,5.393,5.143,81.8736,4.88516,4.67664,26.143,13.7759,627.96,630.575,5.34735,9.07078,3.85669,4.26043,5.08493,-5.54832,-5.54832,1.0,1.0,1
121945,31.05.2024 15:54:43.550000,438.684,481.283,5.22046,5.393,5.143,81.8736,4.88516,4.67664,26.143,13.7759,627.96,630.575,5.34735,9.07078,3.85669,4.26043,5.08493,-5.54832,-5.54832,1.0,1.0,1
121946,31.05.2024 15:54:43.560000,449.972,487.134,5.17849,5.339,5.101,82.8465,4.85487,4.70989,27.2868,22.881,627.99,630.585,5.33711,8.84781,3.59667,4.24075,5.08589,-4.37645,-4.37645,1.0,1.0,1
121947,31.05.2024 15:54:43.570000,447.583,480.871,5.14402,5.191,5.038,83.6818,4.85122,4.70456,25.4174,21.0122,627.9,630.65,5.3356,7.96772,3.49533,3.7406,5.08789,-2.1195,-2.1195,1.0,1.0,1
121948,31.05.2024 15:54:43.580000,444.699,480.871,5.08403,5.191,5.015,84.549,4.85509,4.68552,25.4174,21.0122,627.9,630.65,5.3356,7.96772,3.49533,3.7406,5.08789,-2.1195,-2.1195,1.0,1.0,1
121949,31.05.2024 15:54:43.590000,447.006,474.197,5.08403,5.186,4.973,85.4009,4.84959,4.66465,25.5603,21.022,627.885,630.725,4.81216,7.42183,3.45085,3.6849,5.08865,-2.1195,-2.1195,1.0,1.0,1
121950,31.05.2024 15:54:43.600000,447.006,474.197,5.08403,5.186,4.973,85.4009,4.84959,4.66465,25.5603,21.022,627.885,630.725,4.81216,7.42183,3.45085,3.6849,5.08865,-2.1195,-2.1195,1.0,1.0,1
121951,31.05.2024 15:54:43.610000,447.006,474.197,5.05212,5.186,4.973,85.4009,4.85006,4.64004,24.2162,20.108,627.915,630.8,4.31886,7.15437,3.11436,3.7374,5.0894,-0.730619,-0.730619,1.0,1.0,1
121952,31.05.2024 15:54:43.620000,444.205,476.504,5.01356,5.059,4.979,86.2513,4.8546,4.59734,23.8356,14.9389,627.92,630.86,4.121,7.15934,3.15882,3.69535,5.09011,0.289358,0.289358,1.0,1.0,1
121953,31.05.2024 15:54:43.630000,444.205,476.504,4.97062,5.059,4.979,87.1218,4.83596,4.59482,23.8356,14.9389,627.92,630.86,4.121,7.15934,3.15882,3.69535,5.09011,0.289358,0.289358,1.0,1.0,1
121954,31.05.2024 15:54:43.640000,445.853,483.343,4.91814,5.049,4.911,87.9388,4.82753,4.57606,24.6644,16.2343,627.97,630.895,3.92356,6.85932,3.0402,3.71138,5.09059,0.289358,0.289358,1.0,1.0,1
121955,31.05.2024 15:54:43.650000,445.853,483.343,4.91814,5.049,4.911,87.9388,4.82753,4.57606,24.6644,16.2343,627.97,630.895,3.92356,6.85932,3.0402,3.71138,5.09059,0.289358,0.289358,1.0,1.0,1
121956,31.05.2024 15:54:43.660000,445.853,476.092,4.91814,5.041,4.911,87.9388,4.81091,4.56646,22.4712,18.6523,628.005,630.925,4.18601,6.7298,2.89215,3.68408,5.0909,0.397861,0.397861,1.0,1.0,1
121957,31.05.2024 15:54:43.670000,449.972,479.718,4.92791,4.989,4.933,89.8783,4.74384,4.60736,20.5261,11.6835,628.005,630.965,4.44595,6.3789,3.1562,3.70131,5.09126,1.1574,1.1574,1.0,1.0,1
121958,31.05.2024 15:54:43.680000,449.972,479.718,4.95236,4.989,4.933,89.8783,4.73533,4.60789,20.5261,11.6835,628.005,630.965,4.44595,6.3789,3.1562,3.70131,5.09138,1.1574,1.1574,1.0,1.0,1
121959,31.05.2024 15:54:43.690000,446.594,480.047,4.93015,4.962,4.917,90.6229,4.72838,4.61321,17.9261,17.7068,627.985,630.985,4.70508,6.2067,3.53683,3.67673,5.09138,1.1574,1.1574,1.0,1.0,1
121960,31.05.2024 15:54:43.700000,440.167,477.74,4.93015,4.969,4.919,90.6229,4.73192,4.62616,19.5622,18.9578,627.945,631.01,4.75261,5.85529,3.83172,3.6032,5.09148,1.30931,1.30931,1.0,1.0,1
121961,31.05.2024 15:54:43.710000,440.167,477.74,4.93015,4.969,4.919,90.6229,4.73192,4.62616,19.5622,18.9578,627.945,631.01,4.75261,5.85529,3.83172,3.6032,5.09148,1.30931,1.30931,1.0,1.0,1
121962,31.05.2024 15:54:43.720000,440.167,477.74,4.93506,4.969,4.919,91.2615,4.78377,4.65288,18.8694,16.9331,627.915,631.025,4.3594,5.616,4.26882,3.75589,5.09148,1.32378,1.32378,1.0,1.0,1
121963,31.05.2024 15:54:43.730000,444.699,484.085,4.92316,4.981,4.927,91.6762,4.82747,4.67585,21.5539,21.2959,627.895,631.045,4.11631,5.44444,4.49752,3.67144,5.09105,1.32378,1.32378,1.0,1.0,1
121964,31.05.2024 15:54:43.740000,449.313,484.085,4.93773,4.981,4.926,92.0017,4.84713,4.67859,21.5539,21.2959,627.895,631.045,4.11631,5.44444,4.49752,3.67144,5.09105,1.32378,1.32378,1.0,1.0,1
121965,31.05.2024 15:54:43.750000,443.298,474.444,4.93773,4.958,4.958,92.3722,4.85618,4.68156,23.2786,24.94,627.9,631.07,3.91285,5.27282,4.59622,3.52525,5.09076,1.32378,1.32378,1.0,1.0,1
121966,31.05.2024 15:54:43.760000,443.298,474.444,4.96198,4.958,4.958,92.3722,4.85224,4.69338,23.2786,24.94,627.9,631.07,3.91285,5.27282,4.59622,3.52525,5.09072,1.32378,1.32378,1.0,1.0,1
121967,31.05.2024 15:54:43.770000,444.781,473.538,4.98759,4.972,4.943,92.6033,4.84623,4.69865,22.1535,19.4865,627.955,631.08,3.68921,5.18192,4.47698,3.49213,5.09072,2.37268,2.37268,1.0,1.0,1
121968,31.05.2024 15:54:43.780000,439.837,460.602,4.98759,5.043,4.988,92.6033,4.834,4.69936,23.0777,23.7954,628.01,631.075,3.95099,5.23274,4.26339,3.35295,5.09059,2.71268,2.71268,1.0,1.0,1
121969,31.05.2024 15:54:43.790000,439.837,460.602,5.00951,5.043,4.988,92.7787,4.81635,4.68854,23.0777,23.7954,628.01,631.075,3.95099,5.23274,4.26339,3.35295,5.09059,2.71268,2.71268,1.0,1.0,1
121970,31.05.2024 15:54:43.800000,440.909,435.635,5.04127,5.054,4.999,92.9562,4.80622,4.68411,21.8609,26.3545,627.995,631.08,4.42177,5.18247,4.38539,3.14558,5.09035,2.71268,2.71268,1.0,1.0,1
121971,31.05.2024 15:54:43.810000,440.909,421.628,5.04127,5.033,4.999,92.9562,4.79892,4.68163,19.7961,17.7739,627.98,631.075,4.67955,5.19206,5.02013,3.16953,5.09065,2.71268,2.71268,1.0,1.0,1
121972,31.05.2024 15:54:43.820000,423.605,421.628,5.04179,5.033,5.031,93.053,4.79026,4.68623,19.7961,17.7739,627.98,631.075,4.67955,5.19206,5.02013,3.16953,5.09065,2.87181,2.87181,1.0,1.0,1
121973,31.05.2024 15:54:43.830000,423.605,421.628,5.04179,5.033,5.031,93.053,4.79026,4.68623,19.7961,17.7739,627.98,631.075,4.67955,5.19206,5.02013,3.16953,5.09065,2.87181,2.87181,1.0,1.0,1
121974,31.05.2024 15:54:43.840000,409.515,412.317,5.04179,5.038,5.04,93.1084,4.78454,4.69556,20.9269,21.619,627.935,631.08,4.83197,5.18557,5.31175,3.16131,5.09059,2.86458,2.86458,1.0,1.0,1
121975,31.05.2024 15:54:43.850000,409.515,412.317,5.04179,5.038,5.04,93.1084,4.78454,4.69556,20.9269,21.619,627.935,631.08,4.83197,5.18557,5.31175,3.16131,5.09059,2.86458,2.86458,1.0,1.0,1
121976,31.05.2024 15:54:43.860000,398.556,372.848,5.09756,5.102,5.049,93.1739,4.78511,4.69156,19.4977,29.5336,627.83,631.09,4.80548,5.2557,5.61187,3.13759,5.09048,3.40712,3.40712,1.0,1.0,1
121977,31.05.2024 15:54:43.870000,398.556,372.848,5.09756,5.102,5.049,93.1739,4.78511,4.69156,19.4977,29.5336,627.83,631.09,4.80548,5.2557,5.61187,3.13759,5.09048,3.40712,3.40712,1.0,1.0,1
121978,31.05.2024 15:54:43.880000,378.451,342.444,5.13562,5.108,5.081,93.1916,4.78268,4.70466,19.5779,20.8669,627.775,631.04,3.99174,5.31073,5.21054,3.16384,5.09068,4.54283,4.54283,1.0,1.0,1
121979,31.05.2024 15:54:43.890000,356.286,327.035,5.16359,5.066,5.085,93.2223,4.77637,4.69745,18.3754,26.7036,627.875,631.0,2.85816,4.97726,4.34065,3.2585,5.09088,6.40915,6.40915,1.0,1.0,1
121980,31.05.2024 15:54:43.900000,331.814,327.035,5.17624,5.066,5.098,93.2266,4.76807,4.6805,18.3754,26.7036,627.875,631.0,2.85816,4.97726,4.34065,3.2585,5.09088,6.40915,6.40915,1.0,1.0,1
121981,31.05.2024 15:54:43.910000,331.814,327.035,5.17624,5.066,5.098,93.2266,4.76807,4.6805,18.3754,26.7036,627.875,631.0,2.85816,4.97726,4.34065,3.2585,5.09088,6.40915,6.40915,1.0,1.0,1
121982,31.05.2024 15:54:43.920000,316.653,295.56,5.17624,5.127,5.086,93.2606,4.75248,4.63714,17.4653,20.3555,627.885,631.03,3.17442,4.90508,4.08526,3.30772,5.09127,6.40915,6.40915,1.0,1.0,1
121983,31.05.2024 15:54:43.930000,316.653,295.56,5.17624,5.127,5.086,93.2606,4.75248,4.63714,17.4653,20.3555,627.885,631.03,3.17442,4.90508,4.08526,3.30772,5.09127,6.40915,6.40915,1.0,1.0,1
121984,31.05.2024 15:54:43.940000,297.043,239.282,5.2107,5.168,5.104,93.2698,4.74229,4.59714,16.0908,13.5384,627.805,631.025,3.36587,5.07101,3.63003,3.32827,5.09141,6.99508,6.99508,1.0,1.0,1
121985,31.05.2024 15:54:43.950000,275.702,213.821,5.206,5.17,5.136,93.2753,4.74896,4.55742,17.4285,16.7783,627.735,630.965,2.88702,5.44872,3.53643,3.28574,5.09199,7.00232,7.00232,1.0,1.0,1
121986,31.05.2024 15:54:43.960000,256.009,182.51,5.21091,5.181,5.132,93.3068,4.75968,4.55325,15.7564,15.2862,627.715,630.875,2.25008,5.09648,3.44049,3.38488,5.09305,8.1742,8.1742,1.0,1.0,1
121987,31.05.2024 15:54:43.970000,256.009,182.51,5.21091,5.181,5.132,93.3068,4.75968,4.55325,15.7564,15.2862,627.715,630.875,2.25008,5.09648,3.44049,3.38488,5.09305,8.1742,8.1742,1.0,1.0,1
121988,31.05.2024 15:54:43.980000,256.009,156.967,5.21091,5.21,5.132,93.3068,4.77187,4.55289,17.6289,11.5712,627.695,630.835,1.79906,4.4994,3.35679,3.31305,5.09342,8.1742,8.1742,1.0,1.0,1
121989,31.05.2024 15:54:43.990000,221.402,105.057,5.24903,5.227,5.12,93.2098,4.79571,4.58291,17.9762,13.4974,627.685,630.835,1.54373,4.26564,3.28377,3.24455,5.09426,8.53588,8.53588,1.0,1.0,1
121990,31.05.2024 15:54:44.000000,221.402,105.057,5.26163,5.227,5.12,93.2098,4.79933,4.58873,17.9762,13.4974,627.685,630.835,1.54373,4.26564,3.28377,3.24455,5.09515,8.53588,8.53588,1.0,1.0,1
121991,31.05.2024 15:54:44.010000,202.533,102.585,5.25759,5.182,5.124,93.1721,4.79897,4.59798,18.0926,16.7613,627.69,630.81,1.26432,4.17949,3.21392,3.2123,5.09515,11.4222,11.4222,1.0,1.0,1
121992,31.05.2024 15:54:44.020000,187.372,103.079,5.25759,5.167,5.14,93.1721,4.7968,4.605,18.8033,13.4679,627.74,630.775,1.33057,4.03668,3.17319,3.19931,5.09632,11.4222,11.4222,1.0,1.0,1
121993,31.05.2024 15:54:44.030000,187.372,103.079,5.25857,5.167,5.14,93.1983,4.79296,4.60431,18.8033,13.4679,627.74,630.775,1.33057,4.03668,3.17319,3.19931,5.09632,11.4222,11.4222,1.0,1.0,1
121994,31.05.2024 15:54:44.040000,187.372,103.079,5.25857,5.167,5.14,93.1983,4.79296,4.60431,18.8033,13.4679,627.74,630.775,1.33057,4.03668,3.17319,3.19931,5.09632,11.4222,11.4222,1.0,1.0,1
121995,31.05.2024 15:54:44.050000,167.02,96.3226,5.25083,5.155,5.121,93.3448,4.78965,4.60326,17.2188,15.0359,627.73,630.77,1.84789,3.8547,3.2347,3.1081,5.09736,11.4222,11.4222,1.0,1.0,1
121996,31.05.2024 15:54:44.060000,146.091,87.0117,5.2619,5.172,5.14,93.3686,4.78308,4.59488,19.4337,18.1826,627.66,630.755,2.15418,3.95806,3.35322,3.04293,5.0981,12.1455,12.1455,1.0,1.0,1
121997,31.05.2024 15:54:44.070000,116.016,23.3185,5.2619,5.196,5.146,93.346,4.77336,4.58149,18.1874,15.046,627.65,630.755,2.10166,4.0423,3.48969,3.05688,5.09928,12.9123,12.9123,1.0,1.0,1
121998,31.05.2024 15:54:44.080000,116.016,23.3185,5.2376,5.196,5.146,93.346,4.7704,4.57313,18.1874,15.046,627.65,630.755,2.10166,4.0423,3.48969,3.05688,5.10046,12.9123,12.9123,1.0,1.0,1
121999,31.05.2024 15:54:44.090000,110.495,-19.1986,5.21942,5.201,5.15,93.3436,4.76413,4.56629,16.4371,13.8641,627.66,630.74,2.17134,4.23903,4.16151,3.0832,5.10046,12.9123,12.9123,1.0,1.0,1
122000,31.05.2024 15:54:44.100000,106.375,-5.68542,5.21942,5.157,5.149,93.3436,4.75954,4.56358,17.0862,14.4517,627.61,630.69,2.43404,4.62278,4.76704,3.09254,5.10158,13.8672,13.8672,0.0,1.0,1
122001,31.05.2024 15:54:44.110000,106.375,-5.68542,5.20422,5.157,5.149,93.3728,4.75491,4.55769,17.0862,14.4517,627.61,630.69,2.43404,4.62278,4.76704,3.09254,5.10158,13.8672,13.8672,0.0,1.0,1
122002,31.05.2024 15:54:44.120000,106.375,-36.9141,5.20207,5.164,5.144,93.4228,4.75566,4.55634,16.3639,12.3619,627.55,630.64,2.55807,4.63644,4.9492,3.03584,5.10258,15.2995,15.2995,0.0,1.0,1
122003,31.05.2024 15:54:44.130000,106.375,-60.5621,5.20207,5.134,5.144,93.4228,4.75878,4.55688,17.146,11.5108,627.515,630.625,2.30937,4.71,4.86265,3.13076,5.1037,15.2995,15.2995,0.0,1.0,1
122004,31.05.2024 15:54:44.140000,106.375,-60.5621,5.20207,5.134,5.144,93.4228,4.75878,4.55688,17.146,11.5108,627.515,630.625,2.30937,4.71,4.86265,3.13076,5.1037,15.2995,15.2995,0.0,1.0,1
122005,31.05.2024 15:54:44.150000,83.3038,-60.5621,5.19372,5.134,5.132,93.4168,4.76398,4.55759,16.5739,15.6208,627.555,630.63,2.235,4.84583,4.88157,3.29799,5.1037,15.3139,15.3139,0.0,1.0,1
122006,31.05.2024 15:54:44.160000,83.3038,-60.5621,5.19372,5.134,5.132,93.4168,4.76398,4.55759,16.5739,15.6208,627.555,630.63,2.235,4.84583,4.88157,3.29799,5.1037,15.3139,15.3139,0.0,1.0,1
122007,31.05.2024 15:54:44.170000,66.0003,-72.7569,5.17493,5.105,5.123,93.4405,4.79921,4.55791,18.0609,13.5734,627.555,630.595,2.75987,5.28037,5.09992,3.36397,5.10556,16.0156,16.0156,0.0,1.0,1
122008,31.05.2024 15:54:44.180000,35.5133,-103.574,5.14997,5.125,5.112,93.4482,4.82441,4.55642,17.5525,13.2222,627.5,630.525,3.24901,5.5458,5.17036,3.42832,5.10618,16.862,16.862,0.0,1.0,1
122009,31.05.2024 15:54:44.190000,35.5133,-103.574,5.12973,5.125,5.112,93.4809,4.83447,4.55603,17.5525,13.2222,627.5,630.525,3.24901,5.5458,5.17036,3.42832,5.10618,16.862,16.862,0.0,1.0,1
122010,31.05.2024 15:54:44.200000,38.8916,-110.33,5.1271,5.137,5.072,93.4529,4.8376,4.55582,19.5629,15.6869,627.43,630.44,3.43243,5.42851,4.83952,3.52512,5.1071,17.7156,17.7156,0.0,1.0,1
122011,31.05.2024 15:54:44.210000,38.8916,-112.225,5.1271,5.121,5.072,93.4529,4.83722,4.55671,20.0173,14.5934,627.375,630.385,3.21098,5.18298,4.67324,3.59784,5.10789,17.7156,17.7156,0.0,1.0,1
122012,31.05.2024 15:54:44.220000,37.5732,-112.225,5.10595,5.121,5.055,93.4424,4.83529,4.55754,20.0173,14.5934,627.375,630.385,3.21098,5.18298,4.67324,3.59784,5.10789,17.7156,17.7156,0.0,1.0,1
122013,31.05.2024 15:54:44.230000,37.5732,-112.225,5.10595,5.121,5.055,93.4424,4.83529,4.55754,20.0173,14.5934,627.375,630.385,3.21098,5.18298,4.67324,3.59784,5.10789,17.7156,17.7156,0.0,1.0,1
122014,31.05.2024 15:54:44.240000,28.0975,-114.532,5.10595,5.101,5.056,93.4497,4.82646,4.55788,18.4842,15.0034,627.39,630.39,3.16641,4.87991,4.49725,3.64572,5.10857,18.5619,18.5619,0.0,1.0,1
122015,31.05.2024 15:54:44.250000,7.16858,-112.555,5.08685,5.086,5.063,93.4718,4.81692,4.55624,18.0728,14.3231,627.445,630.415,3.35428,5.07113,4.64564,3.7441,5.10958,18.5692,18.5692,0.0,1.0,1
122016,31.05.2024 15:54:44.260000,7.16858,-112.555,5.08685,5.086,5.063,93.4718,4.81692,4.55624,18.0728,14.3231,627.445,630.415,3.35428,5.07113,4.64564,3.7441,5.10958,18.5692,18.5692,0.0,1.0,1
122017,31.05.2024 15:54:44.270000,-2.63672,-117.252,5.08685,5.083,5.037,93.4718,4.81326,4.55612,16.6504,14.3924,627.415,630.375,3.95448,5.54196,5.05097,3.83094,5.11045,20.0304,20.0304,0.0,1.0,1
122018,31.05.2024 15:54:44.280000,-15.7379,-117.664,5.08303,5.079,5.033,93.4555,4.80451,4.55365,16.569,13.2724,627.33,630.285,4.34857,5.7399,5.04047,3.88558,5.11142,20.0955,20.0955,0.0,1.0,1
122019,31.05.2024 15:54:44.290000,-15.7379,-129.199,5.08303,5.093,5.033,93.4555,4.80266,4.55452,16.9432,14.9668,627.28,630.135,4.23259,5.53789,5.00187,3.9748,5.11218,20.0955,20.0955,0.0,1.0,1
122020,31.05.2024 15:54:44.300000,-25.8728,-129.199,5.06904,5.093,5.038,93.4717,4.80002,4.55589,16.9432,14.9668,627.28,630.135,4.23259,5.53789,5.00187,3.9748,5.11218,18.8947,18.8947,0.0,1.0,1
122021,31.05.2024 15:54:44.310000,-37.8204,-132.495,5.06904,5.098,5.038,93.4506,4.79773,4.55899,16.1046,12.9342,627.285,630.075,4.03832,4.6956,5.03208,4.08676,5.11296,18.8947,18.8947,0.0,1.0,1
122022,31.05.2024 15:54:44.320000,-37.8204,-132.495,5.07798,5.098,5.038,93.4506,4.79514,4.56127,16.1046,12.9342,627.285,630.075,4.03832,4.6956,5.03208,4.08676,5.11355,18.8947,18.8947,0.0,1.0,1
122023,31.05.2024 15:54:44.330000,-47.4609,-146.173,5.09896,5.079,5.04,93.406,4.79378,4.562,14.6776,14.2621,627.305,630.07,4.13935,4.00944,4.92178,4.15772,5.11355,19.5964,19.5964,0.0,1.0,1
122024,31.05.2024 15:54:44.340000,-46.1426,-144.69,5.09896,5.075,5.015,93.406,4.78926,4.56277,14.9994,14.0254,627.31,630.17,4.43193,4.01491,5.11923,4.2378,5.11376,20.5006,20.5006,0.0,1.0,1
122025,31.05.2024 15:54:44.350000,-46.1426,-144.69,5.0967,5.075,5.015,93.4498,4.78022,4.56435,14.9994,14.0254,627.31,630.17,4.43193,4.01491,5.11923,4.2378,5.11376,20.5006,20.5006,0.0,1.0,1
122026,31.05.2024 15:54:44.360000,-65.1764,-154.578,5.09604,5.068,5.048,93.3909,4.77745,4.56598,14.4127,13.0446,627.26,630.14,4.87014,4.58803,5.26166,4.25435,5.11404,20.5006,20.5006,0.0,1.0,1
122027,31.05.2024 15:54:44.370000,-65.1764,-163.147,5.09604,5.059,5.048,93.3909,4.77699,4.568,15.1514,14.6951,627.235,629.995,5.0315,5.17776,5.17729,4.32216,5.11444,20.5006,20.5006,0.0,1.0,1
122028,31.05.2024 15:54:44.380000,-65.1764,-163.147,5.09604,5.059,5.048,93.3909,4.77699,4.568,15.1514,14.6951,627.235,629.995,5.0315,5.17776,5.17729,4.32216,5.11444,20.5006,20.5006,0.0,1.0,1
122029,31.05.2024 15:54:44.390000,-90.9668,-163.147,5.09136,5.059,5.04,93.3832,4.77987,4.56809,14.5757,14.5221,627.23,629.905,5.11891,4.49124,5.20326,4.36379,5.11444,20.5006,20.5006,0.0,1.0,1
122030,31.05.2024 15:54:44.400000,-90.9668,-163.147,5.09136,5.059,5.04,93.3832,4.77987,4.56809,14.5757,14.5221,627.23,629.905,5.11891,4.49124,5.20326,4.36379,5.11444,20.5006,20.5006,0.0,1.0,1
122031,31.05.2024 15:54:44.410000,-99.2065,-172.623,5.11322,5.059,5.049,93.3649,4.79743,4.56798,14.6919,12.457,627.225,629.935,5.15155,4.21015,5.29533,4.4247,5.11512,21.4048,21.4048,0.0,1.0,1
122032,31.05.2024 15:54:44.420000,-99.2065,-172.623,5.11322,5.059,5.049,93.3649,4.79743,4.56798,14.6919,12.457,627.225,629.935,5.15155,4.21015,5.29533,4.4247,5.11512,21.4048,21.4048,0.0,1.0,1
122033,31.05.2024 15:54:44.430000,-106.952,-206.982,5.11331,5.073,5.053,93.4145,4.80977,4.5698,15.46,13.3642,627.265,629.94,5.41945,4.54023,5.4119,4.45138,5.11579,20.8333,20.8333,0.0,1.0,1
122034,31.05.2024 15:54:44.440000,-107.199,-225.439,5.13075,5.077,5.056,93.446,4.82124,4.57308,16.7873,13.4585,627.27,629.92,5.85684,4.93986,5.51049,4.63018,5.11633,20.978,20.978,0.0,1.0,1
122035,31.05.2024 15:54:44.450000,-107.199,-239.529,5.13075,5.093,5.056,93.446,4.82247,4.57531,16.362,13.8564,627.195,629.81,6.283,5.07436,5.54492,4.74167,5.11673,20.978,20.978,0.0,1.0,1
122036,31.05.2024 15:54:44.460000,-112.72,-239.529,5.14945,5.093,5.046,93.4126,4.82031,4.57698,16.362,13.8564,627.195,629.81,6.283,5.07436,5.54492,4.74167,5.11673,21.4193,21.4193,0.0,1.0,1
122037,31.05.2024 15:54:44.470000,-110.742,-259.717,5.14945,5.097,5.054,93.4201,4.81712,4.57538,15.4501,14.8752,627.13,629.7,6.19067,4.91489,5.48592,4.78233,5.11738,22.989,22.989,0.0,1.0,1
122038,31.05.2024 15:54:44.480000,-110.742,-259.717,5.15891,5.097,5.054,93.4201,4.81579,4.57732,15.4501,14.8752,627.13,629.7,6.19067,4.91489,5.48592,4.78233,5.11769,22.989,22.989,0.0,1.0,1
122039,31.05.2024 15:54:44.490000,-115.356,-260.376,5.17279,5.091,5.066,93.5354,4.81654,4.57967,16.1842,13.135,627.135,629.67,5.80611,4.20886,5.70354,4.96066,5.11769,24.2188,24.2188,0.0,1.0,1
122040,31.05.2024 15:54:44.500000,-115.356,-260.376,5.17279,5.091,5.066,93.5354,4.81654,4.57967,16.1842,13.135,627.135,629.67,5.80611,4.20886,5.70354,4.96066,5.11769,24.2188,24.2188,0.0,1.0,1
122041,31.05.2024 15:54:44.510000,-123.679,-274.548,5.17279,5.101,5.085,93.5354,4.81591,4.58137,16.2153,15.8268,627.17,629.735,5.74325,4.29707,5.73708,5.0901,5.11859,24.1247,24.1247,0.0,1.0,1
122042,31.05.2024 15:54:44.520000,-123.679,-274.548,5.17279,5.101,5.085,93.5354,4.81591,4.58137,16.2153,15.8268,627.17,629.735,5.74325,4.29707,5.73708,5.0901,5.11859,24.1247,24.1247,0.0,1.0,1
122043,31.05.2024 15:54:44.530000,-117.993,-286.001,5.19765,5.09,5.086,93.5332,4.81002,4.58173,13.7774,16.1566,627.185,629.71,5.84374,4.95883,5.7378,5.29182,5.11897,23.9149,23.9149,0.0,1.0,1
122044,31.05.2024 15:54:44.540000,-131.177,-305.447,5.20311,5.108,5.096,93.504,4.79781,4.5802,12.51,14.0819,627.14,629.615,6.04861,5.30884,5.73857,5.50177,5.11919,23.9149,23.9149,0.0,1.0,1
122045,31.05.2024 15:54:44.550000,-143.454,-304.541,5.20311,5.111,5.11,93.483,4.78375,4.57774,12.0014,15.1964,627.11,629.54,5.81711,5.12951,5.73422,5.68895,5.11957,23.9005,23.9005,0.0,1.0,1
122046,31.05.2024 15:54:44.560000,-143.454,-304.541,5.20311,5.111,5.11,93.483,4.78375,4.57774,12.0014,15.1964,627.11,629.54,5.81711,5.12951,5.73422,5.68895,5.11957,23.9005,23.9005,0.0,1.0,1
122047,31.05.2024 15:54:44.570000,-143.454,-304.541,5.20486,5.111,5.11,93.483,4.77701,4.57153,11.0276,15.0949,627.16,629.5,5.59737,4.8736,5.65349,5.77588,5.12003,24.2549,24.2549,0.0,1.0,1
122048,31.05.2024 15:54:44.580000,-179.379,-307.672,5.21756,5.126,5.119,93.4879,4.76428,4.56342,10.3092,12.0116,627.235,629.495,5.89271,4.86325,5.61461,6.07015,5.12053,24.2838,24.2838,0.0,1.0,1
122049,31.05.2024 15:54:44.590000,-179.379,-307.672,5.21756,5.126,5.119,93.4879,4.76428,4.56342,10.3092,12.0116,627.235,629.495,5.89271,4.86325,5.61461,6.07015,5.12053,24.2838,24.2838,0.0,1.0,1
122050,31.05.2024 15:54:44.600000,-179.379,-307.672,5.21952,5.126,5.119,93.5574,4.76358,4.55212,11.8756,14.596,627.225,629.505,6.58613,5.12838,5.73706,6.94892,5.12053,24.2838,24.2838,0.0,1.0,1
122051,31.05.2024 15:54:44.610000,-179.379,-307.672,5.21952,5.126,5.119,93.5574,4.76358,4.55212,11.8756,14.596,627.225,629.505,6.58613,5.12838,5.73706,6.94892,5.12053,24.2838,24.2838,0.0,1.0,1
122052,31.05.2024 15:54:44.620000,-200.391,-306.601,5.21454,5.131,5.136,93.5602,4.7661,4.5443,10.7015,11.4692,627.22,629.49,7.08305,5.47786,5.80553,8.14691,5.1218,25.3255,25.3255,0.0,1.0,1
122053,31.05.2024 15:54:44.630000,-221.649,-314.758,5.20229,5.13,5.156,93.4779,4.79156,4.54309,10.0973,11.1699,627.22,629.42,7.35266,5.85972,6.09591,9.1589,5.12255,26.0995,26.0995,0.0,1.0,1
122054,31.05.2024 15:54:44.640000,-221.649,-314.758,5.22016,5.13,5.156,93.4779,4.79875,4.54396,10.0973,11.1699,627.22,629.42,7.35266,5.85972,6.09591,9.1589,5.12318,26.0995,26.0995,0.0,1.0,1
122055,31.05.2024 15:54:44.650000,-247.357,-308.578,5.20155,5.135,5.151,93.4131,4.80664,4.54478,13.4934,11.119,627.105,629.215,7.4783,5.82761,6.50402,9.75796,5.12318,26.0995,26.0995,0.0,1.0,1
122056,31.05.2024 15:54:44.660000,-247.357,-308.578,5.20155,5.135,5.151,93.4131,4.80664,4.54478,13.4934,11.119,627.105,629.215,7.4783,5.82761,6.50402,9.75796,5.12318,26.0995,26.0995,0.0,1.0,1
122057,31.05.2024 15:54:44.670000,-255.514,-311.627,5.20155,5.128,5.172,93.4131,4.81684,4.5457,13.2983,11.1329,627.03,629.085,6.86836,5.08129,6.53489,9.98764,5.12355,25.651,25.651,0.0,1.0,1
122058,31.05.2024 15:54:44.680000,-255.514,-311.627,5.20155,5.128,5.172,93.4131,4.81684,4.5457,13.2983,11.1329,627.03,629.085,6.86836,5.08129,6.53489,9.98764,5.12355,25.651,25.651,0.0,1.0,1
122059,31.05.2024 15:54:44.690000,-268.451,-314.099,5.18369,5.14,5.172,93.4322,4.83522,4.5534,12.9197,11.0343,627.015,629.03,5.97641,3.60932,5.1596,9.59298,5.12458,25.9332,25.9332,0.0,1.0,1
122060,31.05.2024 15:54:44.700000,-268.451,-314.099,5.18369,5.14,5.172,93.4322,4.83522,4.5534,12.9197,11.0343,627.015,629.03,5.97641,3.60932,5.1596,9.59298,5.12458,25.9332,25.9332,0.0,1.0,1
122061,31.05.2024 15:54:44.710000,-272.324,-303.387,5.18299,5.151,5.132,93.3759,4.83807,4.5536,14.513,11.3413,627.07,629.04,5.4206,3.20465,4.07292,8.7534,5.12515,26.2297,26.2297,0.0,1.0,1
122062,31.05.2024 15:54:44.720000,-271.335,-306.106,5.18259,5.141,5.136,93.3428,4.83169,4.55617,13.803,11.7242,627.15,628.935,5.80064,2.2752,3.85984,8.04516,5.12668,26.2297,26.2297,0.0,1.0,1
122063,31.05.2024 15:54:44.730000,-279.904,-314.429,5.18457,5.138,5.122,93.3802,4.82449,4.55737,13.803,11.7242,627.15,628.935,5.80064,2.2752,3.85984,8.04516,5.12668,27.0761,27.0761,0.0,1.0,1
122064,31.05.2024 15:54:44.740000,-270.923,-309.485,5.18457,5.131,5.093,93.3802,4.81801,4.55678,13.4901,11.9165,627.185,628.905,6.00903,2.07338,3.89707,8.47948,5.12757,27.0833,27.0833,0.0,1.0,1
122065,31.05.2024 15:54:44.750000,-270.923,-309.485,5.18174,5.131,5.093,93.4533,4.80488,4.5556,13.4901,11.9165,627.185,628.905,6.00903,2.07338,3.89707,8.47948,5.12757,27.0833,27.0833,0.0,1.0,1
122066,31.05.2024 15:54:44.760000,-270.923,-309.485,5.18174,5.131,5.093,93.4533,4.80488,4.5556,13.4901,11.9165,627.185,628.905,6.00903,2.07338,3.89707,8.47948,5.12757,27.0833,27.0833,0.0,1.0,1
122067,31.05.2024 15:54:44.770000,-276.443,-313.852,5.17658,5.132,5.113,93.3712,4.79602,4.55568,12.3734,11.1295,627.185,628.91,6.44398,1.94886,4.65267,8.87759,5.12859,26.6927,26.6927,0.0,1.0,1
122068,31.05.2024 15:54:44.780000,-272.818,-306.436,5.15459,5.128,5.105,93.4099,4.77868,4.55572,11.0858,11.1051,627.2,628.88,6.83323,2.07105,5.14256,8.83501,5.12936,26.3961,26.3961,0.0,1.0,1
122069,31.05.2024 15:54:44.790000,-279.904,-307.837,5.15459,5.125,5.111,93.4246,4.76941,4.55501,11.2946,13.7931,627.16,628.78,7.19868,2.45954,5.63363,8.61315,5.13039,26.1936,26.1936,0.0,1.0,1
122070,31.05.2024 15:54:44.800000,-279.904,-307.837,5.15459,5.125,5.111,93.4246,4.76941,4.55501,11.2946,13.7931,627.16,628.78,7.19868,2.45954,5.63363,8.61315,5.13039,26.1936,26.1936,0.0,1.0,1
122071,31.05.2024 15:54:44.810000,-279.904,-307.837,5.15808,5.125,5.111,93.4246,4.76842,4.5555,11.2759,13.1882,627.205,628.735,7.11299,2.38866,6.25857,8.50089,5.13134,26.0923,26.0923,0.0,1.0,1
122072,31.05.2024 15:54:44.820000,-280.728,-308.826,5.15661,5.114,5.097,93.4307,4.77675,4.5557,10.1399,13.3652,627.35,628.675,7.37949,2.4639,6.78021,8.26723,5.13165,26.4902,26.4902,0.0,1.0,1
122073,31.05.2024 15:54:44.830000,-280.728,-308.826,5.15009,5.114,5.097,93.4008,4.79283,4.55699,10.1399,13.3652,627.35,628.675,7.37949,2.4639,6.78021,8.26723,5.13165,26.4902,26.4902,0.0,1.0,1
122074,31.05.2024 15:54:44.840000,-279.657,-307.837,5.15687,5.114,5.1,93.4613,4.80326,4.55763,12.5704,12.4446,627.425,628.59,8.4994,2.69105,7.04294,7.99551,5.13237,26.4902,26.4902,0.0,1.0,1
122075,31.05.2024 15:54:44.850000,-279.657,-303.223,5.15687,5.101,5.1,93.4613,4.81227,4.55934,12.4026,12.23,627.325,628.51,9.5002,2.56959,7.41953,7.809,5.13301,26.4902,26.4902,0.0,1.0,1
122076,31.05.2024 15:54:44.860000,-278.751,-303.223,5.15491,5.101,5.086,93.4553,4.8194,4.56211,12.4026,12.23,627.325,628.51,9.5002,2.56959,7.41953,7.809,5.13301,26.4902,26.4902,0.0,1.0,1
122077,31.05.2024 15:54:44.870000,-278.751,-303.223,5.15491,5.101,5.086,93.4553,4.8194,4.56211,12.4026,12.23,627.325,628.51,9.5002,2.56959,7.41953,7.809,5.13301,26.4902,26.4902,0.0,1.0,1
122078,31.05.2024 15:54:44.880000,-272.241,-302.481,5.15491,5.099,5.105,93.4433,4.8291,4.56525,11.9797,13.8526,627.325,628.485,9.72737,2.46611,7.74077,8.06474,5.13334,26.8012,26.8012,0.0,1.0,1
122079,31.05.2024 15:54:44.890000,-277.762,-301.08,5.16071,5.115,5.089,93.487,4.82664,4.56659,13.7917,12.3533,627.4,628.44,9.96857,2.8279,8.16174,8.24767,5.13375,26.8012,26.8012,0.0,1.0,1
122080,31.05.2024 15:54:44.900000,-277.762,-301.08,5.16071,5.115,5.089,93.487,4.82664,4.56659,13.7917,12.3533,627.4,628.44,9.96857,2.8279,8.16174,8.24767,5.13375,26.8012,26.8012,0.0,1.0,1
122081,31.05.2024 15:54:44.910000,-280.398,-308.331,5.16071,5.096,5.087,93.487,4.82011,4.56669,12.9989,11.9589,627.455,628.39,10.4305,3.1638,8.90047,8.19653,5.13461,26.1574,26.1574,0.0,1.0,1
122082,31.05.2024 15:54:44.920000,-270.346,-308.826,5.18013,5.093,5.096,93.4092,4.80552,4.5685,11.5061,12.2843,627.42,628.33,10.905,3.41386,9.25129,8.32188,5.13496,26.02,26.02,0.0,1.0,1
122083,31.05.2024 15:54:44.930000,-270.346,-309.979,5.18013,5.094,5.096,93.4092,4.80466,4.56825,10.5347,12.677,627.39,628.285,10.9141,3.76088,9.30347,8.49578,5.13566,26.02,26.02,0.0,1.0,1
122084,31.05.2024 15:54:44.940000,-275.619,-309.979,5.19048,5.094,5.073,93.3326,4.80295,4.56817,10.5347,12.677,627.39,628.285,10.9141,3.76088,9.30347,8.49578,5.13566,25.7089,25.7089,0.0,1.0,1
122085,31.05.2024 15:54:44.950000,-276.855,-308.002,5.19048,5.106,5.088,93.3242,4.80629,4.56634,10.1586,12.0482,627.425,628.235,10.5433,4.10381,9.64026,8.95994,5.13611,26.0489,26.0489,0.0,1.0,1
122086,31.05.2024 15:54:44.960000,-276.855,-308.002,5.19034,5.106,5.088,93.3242,4.80473,4.56661,10.1586,12.0482,627.425,628.235,10.5433,4.10381,9.64026,8.95994,5.13623,26.0489,26.0489,0.0,1.0,1
122087,31.05.2024 15:54:44.970000,-272.406,-313.605,5.19926,5.108,5.06,93.3578,4.80338,4.56669,9.49856,11.6012,627.505,628.2,10.4764,4.42284,9.551,9.41876,5.13623,26.237,26.237,0.0,1.0,1
122088,31.05.2024 15:54:44.980000,-270.099,-307.26,5.19926,5.12,5.099,93.3578,4.79856,4.56672,10.7778,11.3774,627.615,628.175,10.8335,5.10393,9.33578,9.59645,5.13707,26.237,26.237,0.0,1.0,1
122089,31.05.2024 15:54:44.990000,-270.099,-307.26,5.21652,5.12,5.099,93.394,4.78947,4.56673,10.7778,11.3774,627.615,628.175,10.8335,5.10393,9.33578,9.59645,5.13707,26.237,26.237,0.0,1.0,1
122090,31.05.2024 15:54:45.000000,-278.751,-311.38,5.2327,5.121,5.106,93.3764,4.78102,4.56642,10.5809,13.2426,627.675,628.125,11.3778,5.43554,9.55151,9.86408,5.13737,26.237,26.237,0.0,1.0,1
122091,31.05.2024 15:54:45.010000,-278.751,-308.578,5.2327,5.118,5.106,93.3764,4.77147,4.56513,9.51953,10.4403,627.655,628.115,11.7468,5.91695,9.90814,10.1375,5.13786,26.237,26.237,0.0,1.0,1
122092,31.05.2024 15:54:45.020000,-279.822,-308.578,5.23437,5.118,5.104,93.3788,4.76447,4.56623,9.51953,10.4403,627.655,628.115,11.7468,5.91695,9.90814,10.1375,5.13786,25.8247,25.8247,0.0,1.0,1
122093,31.05.2024 15:54:45.030000,-278.009,-310.226,5.23437,5.132,5.118,93.3412,4.75381,4.56668,8.90916,10.3286,627.68,628.085,11.4488,6.49289,9.89862,10.4772,5.13831,25.0796,25.0796,0.0,1.0,1
122094,31.05.2024 15:54:45.040000,-278.009,-310.226,5.23728,5.132,5.118,93.3412,4.75336,4.56822,8.90916,10.3286,627.68,628.085,11.4488,6.49289,9.89862,10.4772,5.13881,25.0796,25.0796,0.0,1.0,1
122095,31.05.2024 15:54:45.050000,-278.009,-310.226,5.23728,5.132,5.118,93.3412,4.75336,4.56822,8.90916,10.3286,627.68,628.085,11.4488,6.49289,9.89862,10.4772,5.13881,25.0796,25.0796,0.0,1.0,1
122096,31.05.2024 15:54:45.060000,-278.668,-303.717,5.24416,5.14,5.137,93.3743,4.75541,4.56775,9.13841,14.1359,627.74,628.06,11.1933,6.92253,10.0635,10.4985,5.13881,25.0796,25.0796,0.0,1.0,1
122097,31.05.2024 15:54:45.070000,-278.668,-303.717,5.24416,5.14,5.137,93.3743,4.75541,4.56775,9.13841,14.1359,627.74,628.06,11.1933,6.92253,10.0635,10.4985,5.13881,25.0796,25.0796,0.0,1.0,1
122098,31.05.2024 15:54:45.080000,-283.118,-318.137,5.25271,5.143,5.167,93.3786,4.77644,4.56972,8.02049,11.9373,627.845,628.04,10.9894,7.2554,10.2886,10.5777,5.13946,25.3183,25.3183,0.0,1.0,1
122099,31.05.2024 15:54:45.090000,-283.118,-318.137,5.25271,5.143,5.167,93.3786,4.77644,4.56972,8.02049,11.9373,627.845,628.04,10.9894,7.2554,10.2886,10.5777,5.13946,25.3183,25.3183,0.0,1.0,1
