,time,Pinceur Inf Mesure de courant,Pinceur Sup Mesure de courant,Mandrin - Vitesse Actuelle,Pinceur Sup Mesure vitesse lineaire,Pinceur Inf Mesure vitesse lineaire,Mandrin - Mesure Expansion,Pinceur Nord Position entrefer estimee,Pinceur Sud Position entrefer estimee,Pinceur Nord Force entrefer calibree,Pinceur Sud Force entrefer calibree,Guides Nord Entree Position mesuree,Guides Nord Sortie Position mesuree,Guides Nord Entree Force pour regulateur PI,Guides Nord Sortie Force pour regulateur PI,Guides Sud Entree Force pour regulateur PI,Guides Sud Sortie Force pour regulateur PI,Mandrin - Vitesse Actuelle F10,_Excentrage largeur bande jauge bob,_Excentrage largeur bande jauge bob.1,TDB pinceur,Fenetre,Declancheur
125100,31.05.2024 16:36:05.680000,176.083,84.375,6.82691,6.157,5.917,30.9342,5.66402,4.34187,42.0184,4.56128,830.63,831.545,7.13218,9.79925,3.85052,0.640918,5.24962,-3.99306,-3.99306,1.0,1.0,1
125101,31.05.2024 16:36:05.690000,236.398,107.776,6.82035,6.031,5.792,30.9033,5.51542,4.35964,56.1427,1.02913,828.855,829.71,6.75478,8.97801,4.59695,0.71234,5.2497,-3.99306,-3.99306,1.0,1.0,1
125102,31.05.2024 16:36:05.700000,273.889,112.72,6.82035,6.028,5.74,30.9033,5.37048,4.42704,45.8708,8.02729,827.21,828.075,5.81863,7.14314,4.51024,0.734912,5.25018,-3.92072,-3.92072,1.0,1.0,1
125103,31.05.2024 16:36:05.710000,273.889,112.72,6.82112,6.028,5.74,30.9287,5.12669,4.48056,45.8708,8.02729,827.21,828.075,5.81863,7.14314,4.51024,0.734912,5.25018,-3.92072,-3.92072,1.0,1.0,1
125104,31.05.2024 16:36:05.720000,273.889,112.72,6.82112,6.028,5.74,30.9287,5.12669,4.48056,45.8708,8.02729,827.21,828.075,5.81863,7.14314,4.51024,0.734912,5.25018,-3.92072,-3.92072,1.0,1.0,1
125105,31.05.2024 16:36:05.730000,327.695,119.888,6.81735,6.049,5.581,30.8576,4.73166,4.61214,29.3105,20.7447,825.76,826.695,4.56774,5.39818,4.76113,0.735129,5.25055,-3.92072,-3.92072,1.0,1.0,1
125106,31.05.2024 16:36:05.740000,416.354,139.416,6.82312,5.991,5.438,30.8103,4.49678,4.7378,14.2509,27.9048,824.465,825.49,3.66576,4.95636,5.78065,0.64297,5.25102,-3.92072,-3.92072,1.0,1.0,1
125107,31.05.2024 16:36:05.750000,478.4,201.791,6.82312,5.866,5.386,30.9705,4.61513,4.75792,1.07183,27.6953,823.165,824.265,3.39853,5.60917,6.10569,0.712909,5.25102,-1.6927,-1.6927,1.0,1.0,1
125108,31.05.2024 16:36:05.760000,478.4,201.791,6.82312,5.866,5.386,30.9705,4.61513,4.75792,1.07183,27.6953,823.165,824.265,3.39853,5.60917,6.10569,0.712909,5.25102,-1.6927,-1.6927,1.0,1.0,1
125109,31.05.2024 16:36:05.770000,478.4,201.791,6.82197,5.866,5.386,30.9705,4.7749,4.74574,11.0253,37.5638,821.855,823.0,3.27968,6.71445,5.67497,0.631133,5.25153,-0.0578687,-0.0578687,1.0,1.0,1
125110,31.05.2024 16:36:05.780000,545.801,400.616,6.8226,5.635,5.322,30.989,5.19893,4.63523,30.1017,35.1032,820.525,821.645,3.38422,8.06726,5.3471,0.606261,5.25281,0.969328,0.969328,1.0,1.0,1
125111,31.05.2024 16:36:05.790000,545.801,400.616,6.82342,5.635,5.322,30.9747,5.37204,4.56333,30.1017,35.1032,820.525,821.645,3.38422,8.06726,5.3471,0.606261,5.25281,0.969328,0.969328,1.0,1.0,1
125112,31.05.2024 16:36:05.800000,577.606,446.182,6.82392,5.582,5.28,31.0041,5.54439,4.47061,43.9854,15.3385,819.225,820.195,3.65607,9.38565,5.05534,0.638819,5.25313,1.38889,1.38889,1.0,1.0,1
125113,31.05.2024 16:36:05.810000,577.606,446.182,6.82392,5.582,5.28,31.0041,5.54439,4.47061,43.9854,15.3385,819.225,820.195,3.65607,9.38565,5.05534,0.638819,5.25313,1.38889,1.38889,1.0,1.0,1
125114,31.05.2024 16:36:05.820000,577.606,549.179,6.82392,5.402,5.28,31.0041,5.52339,4.45136,51.4916,10.7117,817.835,818.635,4.68688,10.0366,4.5174,0.643893,5.25339,2.48118,2.48118,1.0,1.0,1
125115,31.05.2024 16:36:05.830000,626.88,631.247,6.82384,5.312,5.249,31.0366,5.13366,4.40732,45.841,15.4559,816.325,817.04,5.58072,9.83338,4.22546,0.633521,5.25339,2.5029,2.5029,1.0,1.0,1
125116,31.05.2024 16:36:05.840000,626.88,631.247,6.82384,5.312,5.249,31.0366,5.13366,4.40732,45.841,15.4559,816.325,817.04,5.58072,9.83338,4.22546,0.633521,5.25339,2.5029,2.5029,1.0,1.0,1
125117,31.05.2024 16:36:05.850000,626.88,631.247,6.81776,5.312,5.249,31.0366,4.95565,4.391,31.4544,12.9042,814.785,815.465,5.9859,9.47344,4.10342,0.576903,5.2538,2.5029,2.5029,1.0,1.0,1
125118,31.05.2024 16:36:05.860000,678.296,660.745,6.82254,5.405,5.218,31.0081,4.61343,4.41447,15.6493,2.32742,813.26,813.96,6.15384,9.01585,4.03109,0.563113,5.25458,3.76882,3.76882,1.0,1.0,1
125119,31.05.2024 16:36:05.870000,678.296,660.745,6.82276,5.405,5.218,30.9655,4.50487,4.43593,15.6493,2.32742,813.26,813.96,6.15384,9.01585,4.03109,0.563113,5.25458,3.76882,3.76882,1.0,1.0,1
125120,31.05.2024 16:36:05.880000,691.562,694.858,6.82257,5.311,5.251,30.9648,4.44841,4.47662,3.57035,14.7072,811.73,812.42,6.40109,9.16135,4.13284,0.470164,5.25473,4.67303,4.67303,1.0,1.0,1
125121,31.05.2024 16:36:05.890000,691.562,694.198,6.82257,5.245,5.251,30.9648,4.49844,4.49817,6.89239,22.3027,810.195,810.89,6.71865,9.64606,4.38091,0.526778,5.25492,6.01128,6.01128,1.0,1.0,1
125122,31.05.2024 16:36:05.900000,705.981,694.198,6.83271,5.245,5.273,31.0735,4.58768,4.50859,6.89239,22.3027,810.195,810.89,6.71865,9.64606,4.38091,0.526778,5.25492,6.01128,6.01128,1.0,1.0,1
125123,31.05.2024 16:36:05.910000,703.097,690.078,6.83271,5.325,5.24,31.0366,4.81124,4.5184,10.9278,13.887,808.65,809.29,7.2474,10.0763,4.47981,0.618853,5.25492,6.92998,6.92998,1.0,1.0,1
125124,31.05.2024 16:36:05.920000,703.097,690.078,6.83271,5.325,5.24,31.0366,4.81124,4.5184,10.9278,13.887,808.65,809.29,7.2474,10.0763,4.47981,0.618853,5.25492,6.92998,6.92998,1.0,1.0,1
125125,31.05.2024 16:36:05.930000,703.097,690.078,6.83297,5.325,5.24,31.0366,4.91197,4.53732,21.2799,17.1898,807.065,807.665,7.83254,10.2832,4.39167,0.587214,5.25523,7.4074,7.4074,1.0,1.0,1
125126,31.05.2024 16:36:05.940000,703.097,690.078,6.83297,5.325,5.24,31.0366,4.91197,4.53732,21.2799,17.1898,807.065,807.665,7.83254,10.2832,4.39167,0.587214,5.25523,7.4074,7.4074,1.0,1.0,1
125127,31.05.2024 16:36:05.950000,696.094,695.27,6.82904,5.311,5.256,30.9873,5.03812,4.57376,30.5542,26.7125,805.445,806.01,8.29807,10.4188,4.27589,0.651732,5.25524,8.05845,8.05845,1.0,1.0,1
125128,31.05.2024 16:36:05.960000,697.412,690.82,6.82802,5.282,5.275,31.0004,5.00326,4.57821,32.3271,23.6903,803.74,804.365,8.62791,10.3314,3.9321,0.619464,5.25508,8.05845,8.05845,1.0,1.0,1
125129,31.05.2024 16:36:05.970000,697.412,682.251,6.82802,5.328,5.275,31.0004,4.93192,4.58305,28.7662,17.6602,802.045,802.705,8.33681,10.2947,4.09285,0.632006,5.25537,8.81799,8.81799,1.0,1.0,1
125130,31.05.2024 16:36:05.980000,690.49,682.251,6.82339,5.328,5.28,30.9528,4.84023,4.58181,28.7662,17.6602,802.045,802.705,8.33681,10.2947,4.09285,0.632006,5.25537,8.81799,8.81799,1.0,1.0,1
125131,31.05.2024 16:36:05.990000,690.49,682.251,6.82339,5.328,5.28,30.9528,4.84023,4.58181,28.7662,17.6602,802.045,802.705,8.33681,10.2947,4.09285,0.632006,5.25537,8.81799,8.81799,1.0,1.0,1
125132,31.05.2024 16:36:06.000000,689.749,681.921,6.82339,5.392,5.275,31.0323,4.65428,4.57614,18.8061,22.4007,800.355,801.035,7.80929,10.2116,4.14108,0.711371,5.25537,9.32436,9.32436,1.0,1.0,1
125133,31.05.2024 16:36:06.010000,689.749,681.921,6.82339,5.392,5.275,31.0323,4.65428,4.57614,18.8061,22.4007,800.355,801.035,7.80929,10.2116,4.14108,0.711371,5.25537,9.32436,9.32436,1.0,1.0,1
125134,31.05.2024 16:36:06.020000,689.914,685.464,6.82181,5.371,5.263,31.1527,4.54698,4.53223,12.894,22.8556,798.62,799.41,7.15066,10.2947,4.07974,0.684893,5.25575,10.0405,10.0405,1.0,1.0,1
125135,31.05.2024 16:36:06.030000,691.15,687.607,6.82265,5.298,5.291,31.1516,4.57027,4.46526,8.75572,15.5468,796.9,797.77,6.47029,10.4412,4.24625,0.643607,5.25625,10.0405,10.0405,1.0,1.0,1
125136,31.05.2024 16:36:06.040000,689.172,687.854,6.83753,5.348,5.267,31.1147,4.61198,4.44665,10.3503,14.0738,795.25,796.125,5.78675,10.5492,4.31083,0.661719,5.2567,10.9881,10.9881,1.0,1.0,1
125137,31.05.2024 16:36:06.050000,689.172,692.55,6.83753,5.382,5.267,31.1147,4.66054,4.4385,14.7166,14.6933,793.575,794.47,5.40876,10.8361,4.39442,0.635913,5.25696,11.5958,11.5958,1.0,1.0,1
125138,31.05.2024 16:36:06.060000,690.82,692.55,6.83523,5.382,5.273,31.1316,4.70569,4.43797,14.7166,14.6933,793.575,794.47,5.40876,10.8361,4.39442,0.635913,5.25696,11.5958,11.5958,1.0,1.0,1
125139,31.05.2024 16:36:06.070000,688.183,690.408,6.83523,5.348,5.287,31.0661,4.76564,4.4395,18.6139,17.0878,791.88,792.8,5.16682,10.9826,4.50105,0.704406,5.25696,11.5958,11.5958,1.0,1.0,1
125140,31.05.2024 16:36:06.080000,688.183,690.408,6.83319,5.348,5.287,31.0661,4.77186,4.44741,18.6139,17.0878,791.88,792.8,5.16682,10.9826,4.50105,0.704406,5.25696,12.4566,12.4566,1.0,1.0,1
125141,31.05.2024 16:36:06.090000,699.225,696.917,6.82797,5.294,5.27,31.055,4.76278,4.46197,21.1,11.9751,790.175,791.1,5.03142,11.1419,4.59758,0.760436,5.25745,12.4566,12.4566,1.0,1.0,1
125142,31.05.2024 16:36:06.100000,692.962,686.206,6.82797,5.293,5.265,31.055,4.73886,4.48013,20.6149,14.6468,788.44,789.46,4.88865,11.1594,4.69846,0.79843,5.25735,13.2017,13.2017,1.0,1.0,1
125143,31.05.2024 16:36:06.110000,692.962,686.206,6.8276,5.293,5.265,31.1003,4.70744,4.49586,20.6149,14.6468,788.44,789.46,4.88865,11.1594,4.69846,0.79843,5.25735,13.2017,13.2017,1.0,1.0,1
125144,31.05.2024 16:36:06.120000,691.891,693.127,6.83125,5.346,5.271,31.0309,4.6441,4.51125,16.9647,19.2099,786.72,787.9,4.63283,11.4897,4.76939,0.811236,5.25767,13.2017,13.2017,1.0,1.0,1
125145,31.05.2024 16:36:06.130000,691.891,694.528,6.83125,5.321,5.271,31.0309,4.6198,4.51163,15.237,15.7897,785.015,786.365,4.51035,12.3264,4.73645,0.708743,5.25775,14.0191,14.0191,1.0,1.0,1
125146,31.05.2024 16:36:06.140000,690.738,694.528,6.83395,5.321,5.295,31.0608,4.60809,4.50952,15.237,15.7897,785.015,786.365,4.51035,12.3264,4.73645,0.708743,5.25775,14.0191,14.0191,1.0,1.0,1
125147,31.05.2024 16:36:06.150000,687.195,685.217,6.83395,5.287,5.279,30.9645,4.61817,4.50294,13.539,19.1579,783.345,784.795,4.46305,13.5317,5.08043,0.715049,5.25775,14.0191,14.0191,1.0,1.0,1
125148,31.05.2024 16:36:06.160000,687.195,685.217,6.83574,5.287,5.279,30.9645,4.63661,4.50075,13.539,19.1579,783.345,784.795,4.46305,13.5317,5.08043,0.715049,5.25764,14.4676,14.4676,1.0,1.0,1
125149,31.05.2024 16:36:06.170000,687.195,685.217,6.83574,5.287,5.279,30.9645,4.63661,4.50075,13.539,19.1579,783.345,784.795,4.46305,13.5317,5.08043,0.715049,5.25764,14.4676,14.4676,1.0,1.0,1
125150,31.05.2024 16:36:06.180000,682.745,684.558,6.83428,5.296,5.273,30.9892,4.65814,4.50068,15.6656,19.2841,781.695,783.17,4.73649,14.5755,5.14204,0.6878,5.25764,15.2633,15.2633,1.0,1.0,1
125151,31.05.2024 16:36:06.190000,683.652,686.865,6.83371,5.315,5.241,30.8948,4.6995,4.50333,17.9631,18.0584,780.06,781.535,5.19478,15.424,5.11015,0.674842,5.25806,15.2633,15.2633,1.0,1.0,1
125152,31.05.2024 16:36:06.200000,690.161,685.629,6.83259,5.323,5.24,30.8837,4.71098,4.50519,18.4831,16.8465,778.44,779.99,5.89642,16.1804,5.25614,0.673373,5.25813,15.5744,15.5744,1.0,1.0,1
125153,31.05.2024 16:36:06.210000,690.161,689.996,6.83259,5.293,5.24,30.8837,4.70055,4.50297,20.4355,16.8371,776.78,778.425,6.67285,17.1324,5.42368,0.591368,5.25814,15.719,15.719,1.0,1.0,1
125154,31.05.2024 16:36:06.220000,686.453,689.996,6.84023,5.293,5.246,30.9378,4.68004,4.50203,20.4355,16.8371,776.78,778.425,6.67285,17.1324,5.42368,0.591368,5.25814,15.719,15.719,1.0,1.0,1
125155,31.05.2024 16:36:06.230000,688.843,689.831,6.84023,5.291,5.286,30.9582,4.62027,4.50043,18.2947,18.5336,775.08,776.885,7.33138,18.2299,5.52845,0.593196,5.25814,16.1748,16.1748,1.0,1.0,1
125156,31.05.2024 16:36:06.240000,688.843,689.831,6.83381,5.291,5.286,30.9582,4.59417,4.49575,18.2947,18.5336,775.08,776.885,7.33138,18.2299,5.52845,0.593196,5.25849,16.1241,16.1241,1.0,1.0,1
125157,31.05.2024 16:36:06.250000,688.843,689.831,6.83381,5.291,5.286,30.9582,4.59417,4.49575,18.2947,18.5336,775.08,776.885,7.33138,18.2299,5.52845,0.593196,5.25849,16.1241,16.1241,1.0,1.0,1
125158,31.05.2024 16:36:06.260000,693.457,689.914,6.82701,5.331,5.311,30.9536,4.56936,4.495,16.6801,16.2424,773.41,775.355,7.64592,19.3547,5.9642,0.666323,5.25849,16.7462,16.7462,1.0,1.0,1
125159,31.05.2024 16:36:06.270000,693.457,689.914,6.82701,5.331,5.311,30.9536,4.56936,4.495,16.6801,16.2424,773.41,775.355,7.64592,19.3547,5.9642,0.666323,5.25849,16.7462,16.7462,1.0,1.0,1
125160,31.05.2024 16:36:06.280000,689.749,688.266,6.82621,5.39,5.309,30.9488,4.56028,4.49253,14.9693,18.7998,771.75,773.875,6.11936,16.5055,6.45541,0.721591,5.25921,17.7156,17.7156,1.0,1.0,1
125161,31.05.2024 16:36:06.290000,691.891,692.633,6.82071,5.347,5.299,30.9701,4.62083,4.49632,15.7121,17.8514,771.905,774.325,-1.35107,5.67334,6.34301,0.983615,5.25915,18.4534,18.4534,1.0,1.0,1
125162,31.05.2024 16:36:06.300000,689.749,688.266,6.82621,5.39,5.309,30.9488,4.56028,4.49253,15.7121,17.8514,771.905,774.325,-1.35107,5.67334,6.34301,0.983615,5.25915,18.4534,18.4534,1.0,1.0,1
125163,31.05.2024 16:36:06.310000,689.749,688.266,6.82621,5.39,5.309,30.9488,4.56028,4.49253,15.7121,17.8514,771.905,774.325,-1.35107,5.67334,6.34301,0.983615,5.25915,18.4534,18.4534,1.0,1.0,1
125164,31.05.2024 16:36:06.320000,690.326,688.595,6.82309,5.34,5.267,31.2843,4.71195,4.51835,16.1785,18.3671,771.755,774.32,-1.77533,9.8177,6.35981,1.27013,5.25915,18.4534,18.4534,1.0,1.0,1
125165,31.05.2024 16:36:06.330000,684.475,701.779,6.83265,5.334,5.227,31.8153,4.74349,4.54134,20.7212,19.6287,771.9,774.07,-2.38279,9.06055,5.85499,1.44784,5.2598,19.3938,19.3938,1.0,1.0,1
125166,31.05.2024 16:36:06.340000,686.123,696.917,6.83265,5.283,5.233,31.8153,4.74437,4.54634,21.6353,19.6776,771.75,774.06,-0.856963,7.72096,5.05791,1.69534,5.25991,19.3576,19.3576,1.0,1.0,1
125167,31.05.2024 16:36:06.350000,686.123,696.917,6.84918,5.283,5.233,32.4652,4.73456,4.54737,21.6353,19.6776,771.75,774.06,-0.856963,7.72096,5.05791,1.69534,5.25991,19.3576,19.3576,1.0,1.0,1
125168,31.05.2024 16:36:06.360000,686.123,696.917,6.84918,5.283,5.233,32.4652,4.73456,4.54737,21.6353,19.6776,771.75,774.06,-0.856963,7.72096,5.05791,1.69534,5.25991,19.3576,19.3576,1.0,1.0,1
125169,31.05.2024 16:36:06.370000,681.592,690.161,6.85862,5.263,5.262,33.2721,4.67843,4.5459,22.3342,21.9882,771.675,774.035,-0.193094,7.71376,4.45865,2.03978,5.26036,19.3576,19.3576,1.0,1.0,1
125170,31.05.2024 16:36:06.380000,685.794,684.311,6.86151,5.313,5.28,34.0508,4.62355,4.54033,20.4559,20.2519,771.44,773.92,1.36349,6.74174,4.23767,2.36238,5.26062,20.6959,20.6959,1.0,1.0,1
125171,31.05.2024 16:36:06.390000,696.341,687.277,6.86151,5.364,5.29,34.9154,4.60192,4.53385,17.8108,19.0765,771.035,773.91,2.21473,5.47152,4.27805,2.57367,5.26062,21.5423,21.5423,1.0,1.0,1
125172,31.05.2024 16:36:06.400000,696.341,687.277,6.82599,5.364,5.29,34.9154,4.61349,4.52503,17.8108,19.0765,771.035,773.91,2.21473,5.47152,4.27805,2.57367,5.26062,21.5423,21.5423,1.0,1.0,1
125173,31.05.2024 16:36:06.410000,696.341,687.277,6.82599,5.364,5.29,34.9154,4.61349,4.52503,17.8108,19.0765,771.035,773.91,2.21473,5.47152,4.27805,2.57367,5.26062,21.5423,21.5423,1.0,1.0,1
125174,31.05.2024 16:36:06.420000,691.809,684.887,6.84612,5.436,5.287,35.8452,4.62989,4.51549,17.3072,22.8482,770.695,773.935,2.03454,5.02792,4.32885,2.8991,5.261,22.0414,22.0414,1.0,1.0,1
125175,31.05.2024 16:36:06.430000,691.809,684.887,6.84612,5.436,5.287,35.8452,4.62989,4.51549,17.3072,22.8482,770.695,773.935,2.03454,5.02792,4.32885,2.8991,5.261,22.0414,22.0414,1.0,1.0,1
125176,31.05.2024 16:36:06.440000,692.056,694.61,6.84452,5.339,5.307,36.812,4.6615,4.50682,16.9994,18.0191,770.395,773.86,1.73481,4.89653,4.54527,3.21528,5.26138,22.0414,22.0414,1.0,1.0,1
125177,31.05.2024 16:36:06.450000,692.056,694.61,6.84452,5.339,5.307,36.812,4.6615,4.50682,16.9994,18.0191,770.395,773.86,1.73481,4.89653,4.54527,3.21528,5.26138,22.0414,22.0414,1.0,1.0,1
125178,31.05.2024 16:36:06.460000,689.502,686.618,6.87167,5.361,5.296,38.0295,4.66454,4.50532,19.5736,19.6445,770.0,773.76,2.26228,3.67095,4.78388,3.64849,5.26203,21.9039,21.9039,1.0,1.0,1
125179,31.05.2024 16:36:06.470000,690.243,686.453,6.89295,5.404,5.302,40.3154,4.63282,4.5064,19.2012,19.2388,769.75,773.715,3.46819,3.64094,4.97544,3.83958,5.26203,22.6562,22.6562,1.0,1.0,1
125180,31.05.2024 16:36:06.480000,690.243,686.453,6.90088,5.404,5.302,40.3154,4.62426,4.50805,19.2012,19.2388,769.75,773.715,3.46819,3.64094,4.97544,3.83958,5.26235,22.9384,22.9384,1.0,1.0,1
125181,31.05.2024 16:36:06.490000,690.243,686.453,6.90088,5.404,5.302,40.3154,4.62426,4.50805,19.2012,19.2388,769.75,773.715,3.46819,3.64094,4.97544,3.83958,5.26235,22.9384,22.9384,1.0,1.0,1
125182,31.05.2024 16:36:06.500000,693.374,696.835,6.89431,5.387,5.298,41.3689,4.61799,4.5087,16.932,17.5152,769.54,773.635,4.70754,3.47638,5.20368,4.06812,5.26235,23.4737,23.4737,1.0,1.0,1
125183,31.05.2024 16:36:06.510000,692.798,686.783,6.88415,5.354,5.285,42.5523,4.60596,4.50398,16.7871,18.0932,769.255,773.545,6.46446,3.19727,5.30796,4.07929,5.26281,23.4737,23.4737,1.0,1.0,1
125184,31.05.2024 16:36:06.520000,684.393,684.558,6.89248,5.346,5.299,43.7482,4.60149,4.49563,16.0428,20.3101,768.925,773.465,7.61296,2.98734,5.45412,4.17574,5.26342,23.8788,23.8788,1.0,1.0,1
125185,31.05.2024 16:36:06.530000,684.393,690.408,6.89248,5.383,5.299,43.7482,4.60039,4.48844,16.4381,17.1744,768.65,773.37,8.17697,2.98588,5.93246,4.19821,5.26366,24.3707,24.3707,1.0,1.0,1
125186,31.05.2024 16:36:06.540000,686.288,690.408,6.89872,5.383,5.324,44.9495,4.59702,4.48594,16.4381,17.1744,768.65,773.37,8.17697,2.98588,5.93246,4.19821,5.26366,24.3707,24.3707,1.0,1.0,1
125187,31.05.2024 16:36:06.550000,687.277,687.195,6.89872,5.418,5.363,46.1705,4.59446,4.48933,17.0816,15.9072,768.455,773.255,8.39799,2.99497,6.51704,4.31286,5.26366,24.3707,24.3707,1.0,1.0,1
125188,31.05.2024 16:36:06.560000,687.277,687.195,6.89011,5.418,5.363,46.1705,4.59501,4.4917,17.0816,15.9072,768.455,773.255,8.39799,2.99497,6.51704,4.31286,5.26421,24.7324,24.7324,1.0,1.0,1
125189,31.05.2024 16:36:06.570000,693.457,683.075,6.85398,5.468,5.399,47.3845,4.59382,4.49824,16.5373,17.5199,768.365,773.135,8.79149,2.88509,6.98334,4.50642,5.26421,24.7324,24.7324,1.0,1.0,1
125190,31.05.2024 16:36:06.580000,687.195,669.067,6.85398,5.528,5.4,47.3845,4.60092,4.50355,17.6641,19.5042,768.28,773.005,9.76639,2.75485,7.50435,4.62257,5.2647,24.9277,24.9277,1.0,1.0,1
125191,31.05.2024 16:36:06.590000,687.195,669.067,6.85398,5.528,5.4,47.3845,4.60092,4.50355,17.6641,19.5042,768.28,773.005,9.76639,2.75485,7.50435,4.62257,5.2647,24.9277,24.9277,1.0,1.0,1
125192,31.05.2024 16:36:06.600000,687.195,669.067,6.83551,5.528,5.4,48.6958,4.6072,4.50728,17.0915,19.042,768.19,772.89,10.7706,2.59227,7.87128,5.04212,5.2647,25.0868,25.0868,1.0,1.0,1
125193,31.05.2024 16:36:06.610000,690.161,679.037,6.84379,5.515,5.401,49.8949,4.62679,4.52979,17.9076,19.1057,768.085,772.785,11.5304,2.7742,8.1034,5.40153,5.26525,24.9855,24.9855,1.0,1.0,1
125194,31.05.2024 16:36:06.620000,687.195,669.067,6.83551,5.528,5.4,48.6958,4.6072,4.50728,17.9076,19.1057,768.085,772.785,11.5304,2.7742,8.1034,5.40153,5.26525,24.9855,24.9855,1.0,1.0,1
125195,31.05.2024 16:36:06.630000,690.573,686.783,6.84873,5.475,5.335,52.3167,4.64196,4.53099,18.1731,19.6818,768.04,772.655,11.9222,2.9887,8.2972,5.65432,5.26525,24.9855,24.9855,1.0,1.0,1
125196,31.05.2024 16:36:06.640000,690.573,686.783,6.82272,5.475,5.335,52.3167,4.64197,4.52468,18.1731,19.6818,768.04,772.655,11.9222,2.9887,8.2972,5.65432,5.26579,24.8987,24.8987,1.0,1.0,1
125197,31.05.2024 16:36:06.650000,690.49,682.416,6.8309,5.509,5.367,53.6388,4.63504,4.52118,16.7103,18.5592,767.985,772.48,12.3665,3.22463,8.31222,6.03225,5.26579,24.8987,24.8987,1.0,1.0,1
125198,31.05.2024 16:36:06.660000,689.172,682.086,6.8309,5.514,5.358,53.6388,4.627,4.52358,18.1843,18.2542,767.97,772.35,12.5777,3.25256,8.4652,6.47864,5.26706,24.9566,24.9566,1.0,1.0,1
125199,31.05.2024 16:36:06.670000,689.172,682.086,6.8309,5.514,5.358,53.6388,4.627,4.52358,18.1843,18.2542,767.97,772.35,12.5777,3.25256,8.4652,6.47864,5.26706,24.9566,24.9566,1.0,1.0,1
125200,31.05.2024 16:36:06.680000,689.172,682.086,6.81021,5.514,5.358,54.9039,4.62375,4.52457,17.5733,19.6096,767.96,772.22,12.7879,3.36586,8.75174,7.05045,5.26706,25.246,25.246,1.0,1.0,1
125201,31.05.2024 16:36:06.690000,689.172,682.086,6.81021,5.514,5.358,54.9039,4.62375,4.52457,17.5733,19.6096,767.96,772.22,12.7879,3.36586,8.75174,7.05045,5.26706,25.246,25.246,1.0,1.0,1
125202,31.05.2024 16:36:06.700000,637.509,695.682,6.79568,5.442,5.351,56.0375,4.59467,4.49841,18.767,18.118,767.92,772.055,12.9559,3.67977,8.68038,7.39804,5.26829,25.246,25.246,1.0,1.0,1
125203,31.05.2024 16:36:06.710000,602.902,671.045,6.75931,5.489,5.426,58.4213,4.57131,4.49295,16.8068,16.1313,767.895,771.885,12.8728,3.70076,8.64492,7.71014,5.26829,24.7106,24.7106,1.0,1.0,1
125204,31.05.2024 16:36:06.720000,602.902,671.045,6.75931,5.489,5.426,58.4213,4.57131,4.49295,16.8068,16.1313,767.895,771.885,12.8728,3.70076,8.64492,7.71014,5.26829,24.7106,24.7106,1.0,1.0,1
125205,31.05.2024 16:36:06.730000,602.902,671.045,6.69324,5.489,5.426,58.4213,4.56857,4.49284,15.7253,15.7959,767.875,771.735,12.779,3.70876,8.653,7.99881,5.26911,24.7034,24.7034,1.0,1.0,1
125206,31.05.2024 16:36:06.740000,557.501,623.089,6.65411,5.555,5.405,59.5231,4.5739,4.49334,15.4514,19.7662,767.885,771.625,12.624,3.8484,8.65604,8.34894,5.27027,24.7034,24.7034,1.0,1.0,1
125207,31.05.2024 16:36:06.750000,557.501,623.089,6.65411,5.555,5.405,59.5231,4.5739,4.49334,15.4514,19.7662,767.885,771.625,12.624,3.8484,8.65604,8.34894,5.27027,24.7034,24.7034,1.0,1.0,1
125208,31.05.2024 16:36:06.760000,557.501,623.089,6.65783,5.555,5.405,60.5404,4.59568,4.50134,16.204,16.537,767.895,771.53,12.4236,4.2661,8.76749,8.87147,5.27027,25.094,25.094,1.0,1.0,1
125209,31.05.2024 16:36:06.770000,555.853,605.621,6.63693,5.448,5.37,61.6607,4.60762,4.50107,17.3509,17.8439,767.895,771.41,12.3572,4.73489,8.67113,9.16695,5.27118,25.094,25.094,1.0,1.0,1
125210,31.05.2024 16:36:06.780000,561.621,605.621,6.60017,5.448,5.362,62.7221,4.60629,4.49843,17.3509,17.8439,767.895,771.41,12.3572,4.73489,8.67113,9.16695,5.27118,25.094,25.094,1.0,1.0,1
125211,31.05.2024 16:36:06.790000,556.595,604.303,6.60017,5.493,5.414,63.8245,4.61209,4.52258,16.0603,18.9039,767.87,771.24,12.2534,5.13186,8.65735,9.33468,5.27118,25.1881,25.1881,1.0,1.0,1
125212,31.05.2024 16:36:06.800000,556.595,604.303,6.60017,5.493,5.414,63.8245,4.61209,4.52258,16.0603,18.9039,767.87,771.24,12.2534,5.13186,8.65735,9.33468,5.27118,25.1881,25.1881,1.0,1.0,1
125213,31.05.2024 16:36:06.810000,556.595,604.303,6.57191,5.493,5.414,63.8245,4.62328,4.53028,17.6064,19.9659,767.87,771.085,11.977,5.10321,8.7187,9.61185,5.27169,25.1953,25.1953,1.0,1.0,1
125214,31.05.2024 16:36:06.820000,556.595,604.303,6.57191,5.493,5.414,63.8245,4.62328,4.53028,17.6064,19.9659,767.87,771.085,11.977,5.10321,8.7187,9.61185,5.27169,25.1953,25.1953,1.0,1.0,1
125215,31.05.2024 16:36:06.830000,569.696,614.602,6.51967,5.456,5.354,64.986,4.6458,4.53824,18.2798,21.4127,767.865,770.985,11.7758,5.09465,8.76022,9.77707,5.27234,25.4413,25.4413,1.0,1.0,1
125216,31.05.2024 16:36:06.840000,556.924,606.28,6.56182,5.444,5.347,67.2563,4.68204,4.54154,18.2236,17.9213,767.87,770.905,11.488,5.14037,8.84417,10.1277,5.27277,25.7451,25.7451,1.0,1.0,1
125217,31.05.2024 16:36:06.850000,556.924,608.175,6.56182,5.456,5.347,67.2563,4.6808,4.5423,20.7651,18.8468,767.88,770.83,11.2303,5.36843,8.9173,10.5901,5.27296,25.7957,25.7957,1.0,1.0,1
125218,31.05.2024 16:36:06.860000,568.46,608.175,6.51918,5.456,5.337,68.3906,4.67407,4.53149,20.7651,18.8468,767.88,770.83,11.2303,5.36843,8.9173,10.5901,5.27296,25.7957,25.7957,1.0,1.0,1
125219,31.05.2024 16:36:06.870000,559.643,606.116,6.51918,5.468,5.347,69.5855,4.66209,4.51228,19.4437,20.1187,767.88,770.73,11.0104,5.7565,8.77933,10.7937,5.27296,25.6004,25.6004,1.0,1.0,1
125220,31.05.2024 16:36:06.880000,559.643,606.116,6.45016,5.468,5.347,69.5855,4.62985,4.49706,19.4437,20.1187,767.88,770.73,11.0104,5.7565,8.77933,10.7937,5.27341,25.7813,25.7813,1.0,1.0,1
125221,31.05.2024 16:36:06.890000,570.355,613.449,6.40729,5.52,5.422,70.6284,4.61666,4.50168,19.0804,15.963,767.875,770.605,10.7008,5.94856,8.90488,10.9055,5.27341,25.7813,25.7813,1.0,1.0,1
125222,31.05.2024 16:36:06.900000,564.175,608.423,6.40729,5.509,5.392,70.6284,4.60153,4.5024,18.0397,16.582,767.875,770.5,10.3945,5.82528,8.79425,10.9417,5.2739,25.651,25.651,1.0,1.0,1
125223,31.05.2024 16:36:06.910000,564.175,608.423,6.37277,5.509,5.392,71.6922,4.58566,4.50066,18.0397,16.582,767.875,770.5,10.3945,5.82528,8.79425,10.9417,5.2739,25.651,25.651,1.0,1.0,1
125224,31.05.2024 16:36:06.920000,564.752,614.85,6.35697,5.526,5.364,72.8581,4.56236,4.49715,16.427,19.4342,767.875,770.405,10.0996,5.78623,8.79087,11.0699,5.27413,25.5642,25.5642,1.0,1.0,1
125225,31.05.2024 16:36:06.930000,564.752,610.318,6.35697,5.531,5.364,72.8581,4.5552,4.50727,14.4987,17.0631,767.885,770.32,9.81384,5.62397,8.82511,11.1344,5.27457,25.5642,25.5642,1.0,1.0,1
125226,31.05.2024 16:36:06.940000,560.385,610.318,6.33508,5.531,5.387,73.9668,4.56494,4.52124,14.4987,17.0631,767.885,770.32,9.81384,5.62397,8.82511,11.1344,5.27457,25.5642,25.5642,1.0,1.0,1
125227,31.05.2024 16:36:06.950000,573.239,617.816,6.33508,5.526,5.382,75.1239,4.58692,4.51288,14.5759,17.8984,767.895,770.295,9.58578,5.5414,8.75345,11.1892,5.27457,25.2749,25.2749,1.0,1.0,1
125228,31.05.2024 16:36:06.960000,573.239,617.816,6.25045,5.526,5.382,75.1239,4.59524,4.49658,14.5759,17.8984,767.895,770.295,9.58578,5.5414,8.75345,11.1892,5.2749,25.5064,25.5064,1.0,1.0,1
125229,31.05.2024 16:36:06.970000,556.347,595.816,6.2003,5.533,5.394,76.1808,4.60486,4.48464,15.6462,18.4946,767.895,770.24,9.40822,5.94129,8.79771,11.1949,5.2749,25.5064,25.5064,1.0,1.0,1
125230,31.05.2024 16:36:06.980000,567.224,609.823,6.2003,5.502,5.48,76.1808,4.61049,4.48094,13.2159,12.4863,767.9,770.12,9.15524,6.20479,8.71795,11.2007,5.27535,25.5064,25.5064,1.0,1.0,1
125231,31.05.2024 16:36:06.990000,567.224,609.823,6.16155,5.502,5.48,77.2324,4.61504,4.48279,13.2159,12.4863,767.9,770.12,9.15524,6.20479,8.71795,11.2007,5.27535,25.5064,25.5064,1.0,1.0,1
125232,31.05.2024 16:36:07.000000,567.224,592.602,6.09105,5.532,5.454,78.2551,4.61293,4.49141,15.0803,12.5036,767.9,770.005,8.97895,5.95745,8.44265,11.074,5.27615,25.7596,25.7596,1.0,1.0,1
125233,31.05.2024 16:36:07.010000,567.224,563.681,6.09105,5.581,5.454,78.2551,4.62029,4.48901,15.6828,16.9777,767.905,769.915,8.77636,5.73302,8.5131,11.0332,5.27663,25.9983,25.9983,1.0,1.0,1
125234,31.05.2024 16:36:07.020000,567.224,563.681,6.09105,5.581,5.454,78.2551,4.62029,4.48901,15.6828,16.9777,767.905,769.915,8.77636,5.73302,8.5131,11.0332,5.27663,25.9983,25.9983,1.0,1.0,1
125235,31.05.2024 16:36:07.030000,563.351,563.681,5.98097,5.581,5.486,79.427,4.62856,4.48739,17.7711,14.445,767.91,769.9,8.62123,5.63011,8.64627,10.8315,5.27663,25.9983,25.9983,1.0,1.0,1
125236,31.05.2024 16:36:07.040000,564.093,542.175,5.94024,5.602,5.468,80.4722,4.65548,4.49979,17.7711,14.445,767.91,769.9,8.62123,5.63011,8.64627,10.8315,5.27678,25.9693,25.9693,1.0,1.0,1
125237,31.05.2024 16:36:07.050000,558.49,543.988,5.88404,5.574,5.46,81.5741,4.65256,4.49856,19.0912,15.2803,767.935,769.865,8.41819,5.97666,8.6786,10.6712,5.27678,25.9693,25.9693,1.0,1.0,1
125238,31.05.2024 16:36:07.060000,553.381,543.576,5.88404,5.548,5.49,81.5741,4.64943,4.49442,18.2703,17.5443,767.94,769.77,8.38442,6.22001,8.71513,10.6454,5.27761,25.8174,25.8174,1.0,1.0,1
125239,31.05.2024 16:36:07.070000,553.381,543.576,5.88404,5.548,5.49,81.5741,4.64943,4.49442,18.2703,17.5443,767.94,769.77,8.38442,6.22001,8.71513,10.6454,5.27761,25.8174,25.8174,1.0,1.0,1
125240,31.05.2024 16:36:07.080000,553.381,543.576,5.7956,5.548,5.49,82.5377,4.64534,4.48902,16.9358,14.9234,767.945,769.65,8.36201,6.05064,8.53523,10.5206,5.27761,25.8174,25.8174,1.0,1.0,1
125241,31.05.2024 16:36:07.090000,553.381,543.576,5.7956,5.548,5.49,82.5377,4.64534,4.48902,16.9358,14.9234,767.945,769.65,8.36201,6.05064,8.53523,10.5206,5.27761,25.8174,25.8174,1.0,1.0,1
125242,31.05.2024 16:36:07.100000,543.164,490.43,5.69514,5.64,5.498,83.5492,4.60678,4.48776,14.9011,11.8471,767.94,769.565,8.23418,5.68669,8.51948,10.3849,5.27898,25.6149,25.6149,1.0,1.0,1
125243,31.05.2024 16:36:07.110000,543.823,487.71,5.6249,5.574,5.446,85.3771,4.58888,4.4911,14.7724,17.8687,767.96,769.555,8.13258,5.54689,8.48004,10.2452,5.27898,25.6366,25.6366,1.0,1.0,1
125244,31.05.2024 16:36:07.120000,543.823,487.71,5.57878,5.574,5.446,85.3771,4.59183,4.50308,14.7724,17.8687,767.96,769.555,8.13258,5.54689,8.48004,10.2452,5.27938,25.4485,25.4485,1.0,1.0,1
125245,31.05.2024 16:36:07.130000,557.007,494.549,5.50568,5.553,5.403,86.4741,4.60022,4.51164,14.0244,12.2471,767.975,769.535,8.21879,5.92831,8.61055,10.2071,5.27938,25.4485,25.4485,1.0,1.0,1
125246,31.05.2024 16:36:07.140000,557.007,494.549,5.50568,5.553,5.403,86.4741,4.60022,4.51164,14.0244,12.2471,767.975,769.535,8.21879,5.92831,8.61055,10.2071,5.27938,25.4485,25.4485,1.0,1.0,1
125247,31.05.2024 16:36:07.150000,555.771,488.699,5.50568,5.57,5.366,86.4741,4.61482,4.51174,14.0303,16.1224,767.97,769.44,8.17586,6.33849,8.62863,10.0695,5.28087,25.3111,25.3111,1.0,1.0,1
125248,31.05.2024 16:36:07.160000,553.134,489.358,5.39191,5.555,5.404,88.4254,4.66639,4.52674,15.8003,18.6881,767.95,769.33,8.06915,6.23765,8.65134,10.0337,5.28147,25.2966,25.2966,1.0,1.0,1
125249,31.05.2024 16:36:07.170000,553.134,495.044,5.39191,5.482,5.404,88.4254,4.6783,4.53159,17.4007,15.9054,767.965,769.255,7.80065,5.83516,8.66843,10.1682,5.28208,25.1013,25.1013,1.0,1.0,1
125250,31.05.2024 16:36:07.180000,553.134,495.044,5.39191,5.482,5.404,88.4254,4.6783,4.53159,17.4007,15.9054,767.965,769.255,7.80065,5.83516,8.66843,10.1682,5.28208,25.1013,25.1013,1.0,1.0,1
125251,31.05.2024 16:36:07.190000,564.917,495.044,5.33842,5.482,5.323,88.7323,4.70139,4.53144,18.5515,17.8108,767.97,769.24,7.75408,5.74496,8.64153,10.1279,5.28208,25.0506,25.0506,1.0,1.0,1
125252,31.05.2024 16:36:07.200000,564.917,495.044,5.33842,5.482,5.323,88.7323,4.70139,4.53144,18.5515,17.8108,767.97,769.24,7.75408,5.74496,8.64153,10.1279,5.28208,25.0506,25.0506,1.0,1.0,1
125253,31.05.2024 16:36:07.210000,560.879,506.415,5.32064,5.435,5.277,89.5372,4.69345,4.57965,18.5515,17.8108,767.97,769.24,7.75408,5.74496,8.64153,10.1279,5.28261,24.8987,24.8987,1.0,1.0,1
125254,31.05.2024 16:36:07.220000,567.059,511.853,5.28216,5.397,5.174,90.2398,4.67566,4.60822,17.3842,23.5102,767.97,769.12,7.59284,6.18913,8.73194,10.2745,5.28327,24.66,24.66,1.0,1.0,1
125255,31.05.2024 16:36:07.230000,567.059,511.853,5.25364,5.397,5.174,90.8925,4.66321,4.61323,17.3842,23.5102,767.97,769.12,7.59284,6.18913,8.73194,10.2745,5.28327,24.66,24.66,1.0,1.0,1
125256,31.05.2024 16:36:07.240000,552.887,523.224,5.21929,5.33,5.264,91.4596,4.64981,4.61322,16.9468,22.3883,767.98,769.07,7.40295,6.19298,8.55449,10.4021,5.28359,24.2188,24.2188,1.0,1.0,1
125257,31.05.2024 16:36:07.250000,552.887,532.782,5.21929,5.313,5.264,91.4596,4.65103,4.60792,17.1794,23.1049,767.98,769.02,7.3041,6.23801,8.5313,10.5272,5.28369,24.2188,24.2188,1.0,1.0,1
125258,31.05.2024 16:36:07.260000,560.467,532.782,5.17437,5.313,5.167,92.0193,4.65348,4.60195,17.1794,23.1049,767.98,769.02,7.3041,6.23801,8.5313,10.5272,5.28369,24.2188,24.2188,1.0,1.0,1
125259,31.05.2024 16:36:07.270000,555.523,526.19,5.17437,5.322,5.201,92.5249,4.66344,4.57656,17.6531,24.0009,767.985,768.955,7.27663,6.35572,8.52324,10.5662,5.28369,24.2043,24.2043,1.0,1.0,1
125260,31.05.2024 16:36:07.280000,555.523,526.19,5.18809,5.322,5.201,92.5249,4.66946,4.57446,17.6531,24.0009,767.985,768.955,7.27663,6.35572,8.52324,10.5662,5.28369,23.9149,23.9149,1.0,1.0,1
125261,31.05.2024 16:36:07.290000,549.014,526.025,5.23727,5.298,5.17,92.9699,4.67738,4.57284,15.4729,18.4676,767.985,768.9,7.1472,6.32092,8.47511,10.5807,5.28346,23.9149,23.9149,1.0,1.0,1
125262,31.05.2024 16:36:07.300000,554.947,521.164,5.23727,5.264,5.119,92.9699,4.68115,4.57232,15.7726,17.883,768.015,768.85,7.20265,6.45238,8.52709,10.5874,5.28299,23.5894,23.5894,1.0,1.0,1
125263,31.05.2024 16:36:07.310000,554.947,521.164,5.20819,5.264,5.119,93.2428,4.67313,4.57494,15.7726,17.883,768.015,768.85,7.20265,6.45238,8.52709,10.5874,5.28299,23.5894,23.5894,1.0,1.0,1
125264,31.05.2024 16:36:07.320000,554.7,531.958,5.21835,5.216,5.133,93.5681,4.66269,4.57536,15.6481,20.1801,768.005,768.775,7.38553,6.39313,8.54691,10.583,5.28264,23.5894,23.5894,1.0,1.0,1
125265,31.05.2024 16:36:07.330000,554.7,524.542,5.21835,5.24,5.133,93.5681,4.64809,4.57668,13.5188,18.3558,768.0,768.72,7.27858,6.33785,8.4804,10.6668,5.28228,23.6545,23.6545,1.0,1.0,1
125266,31.05.2024 16:36:07.340000,537.89,524.542,5.25289,5.24,5.141,93.7322,4.63849,4.57956,13.5188,18.3558,768.0,768.72,7.27858,6.33785,8.4804,10.6668,5.28228,23.6545,23.6545,1.0,1.0,1
125267,31.05.2024 16:36:07.350000,509.958,492.407,5.25289,5.241,5.183,93.903,4.62439,4.57925,14.2196,15.61,768.01,768.675,7.11891,6.27004,8.26191,10.7583,5.28228,23.6473,23.6473,1.0,1.0,1
125268,31.05.2024 16:36:07.360000,509.958,492.407,5.27096,5.241,5.183,93.903,4.62795,4.57695,14.2196,15.61,768.01,768.675,7.11891,6.27004,8.26191,10.7583,5.28228,23.6473,23.6473,1.0,1.0,1
125269,31.05.2024 16:36:07.370000,493.973,480.212,5.26693,5.272,5.212,94.0599,4.63769,4.57718,13.3426,18.4977,768.005,768.64,7.07387,6.35803,7.92126,10.7993,5.28149,23.6473,23.6473,1.0,1.0,1
125270,31.05.2024 16:36:07.380000,468.677,432.01,5.26693,5.309,5.244,94.0599,4.64927,4.58045,15.6659,19.1376,768.005,768.58,6.98107,6.4385,7.667,10.7698,5.28046,23.7486,23.7486,1.0,1.0,1
125271,31.05.2024 16:36:07.390000,468.677,432.01,5.28051,5.309,5.244,94.22,4.67024,4.58583,15.6659,19.1376,768.005,768.58,6.98107,6.4385,7.667,10.7698,5.28046,23.7486,23.7486,1.0,1.0,1
125272,31.05.2024 16:36:07.400000,447.83,377.792,5.30187,5.406,5.253,94.3972,4.71852,4.60891,16.814,18.2607,768.01,768.52,6.96693,6.35343,7.25941,10.7224,5.27987,23.7486,23.7486,1.0,1.0,1
125273,31.05.2024 16:36:07.410000,447.83,342.773,5.30187,5.392,5.253,94.3972,4.7431,4.61664,17.9735,22.2401,768.015,768.47,6.84315,6.33968,7.31621,10.6668,5.27933,23.9873,23.9873,1.0,1.0,1
125274,31.05.2024 16:36:07.420000,427.56,342.773,5.31984,5.392,5.254,94.6106,4.75813,4.62383,17.9735,22.2401,768.015,768.47,6.84315,6.33968,7.31621,10.6668,5.27933,23.9873,23.9873,1.0,1.0,1
125275,31.05.2024 16:36:07.430000,427.56,342.773,5.31984,5.392,5.254,94.6106,4.75813,4.62383,17.9735,22.2401,768.015,768.47,6.84315,6.33968,7.31621,10.6668,5.27933,23.9873,23.9873,1.0,1.0,1
125276,31.05.2024 16:36:07.440000,425.418,350.848,5.31984,5.313,5.215,94.7697,4.75763,4.62444,19.0376,22.1385,768.015,768.405,6.82967,6.30148,7.52836,10.6034,5.27933,24.3924,24.3924,1.0,1.0,1
125277,31.05.2024 16:36:07.450000,425.418,350.848,5.31984,5.313,5.215,94.7697,4.75763,4.62444,19.0376,22.1385,768.015,768.405,6.82967,6.30148,7.52836,10.6034,5.27933,24.3924,24.3924,1.0,1.0,1
125278,31.05.2024 16:36:07.460000,416.931,364.032,5.40521,5.254,5.249,94.8701,4.71986,4.62624,18.4735,19.4042,768.015,768.34,6.78506,6.21275,7.72514,10.654,5.27902,24.3345,24.3345,1.0,1.0,1
125279,31.05.2024 16:36:07.470000,416.931,364.032,5.40521,5.254,5.249,94.8701,4.71986,4.62624,18.4735,19.4042,768.015,768.34,6.78506,6.21275,7.72514,10.654,5.27902,24.3345,24.3345,1.0,1.0,1
125280,31.05.2024 16:36:07.480000,394.107,344.092,5.42432,5.312,5.265,94.9564,4.68201,4.60333,16.1244,19.0523,768.035,768.305,6.72744,5.88022,7.78526,10.522,5.27853,24.4502,24.4502,1.0,1.0,1
125281,31.05.2024 16:36:07.490000,350.189,237.799,5.40645,5.412,5.316,95.0746,4.67887,4.5856,16.4783,17.1115,768.085,768.275,7.28907,6.23412,8.12058,10.1939,5.27799,24.1609,24.1609,1.0,1.0,1
125282,31.05.2024 16:36:07.500000,328.601,237.799,5.41051,5.412,5.306,95.2418,4.6841,4.58087,16.4783,17.1115,768.085,768.275,7.28907,6.23412,8.12058,10.1939,5.27799,24.1609,24.1609,1.0,1.0,1
125283,31.05.2024 16:36:07.510000,305.612,219.507,5.41051,5.366,5.326,95.3398,4.69631,4.56834,13.5804,13.3933,768.09,768.2,7.48643,6.60786,8.31186,10.0702,5.27799,23.8498,23.8498,1.0,1.0,1
125284,31.05.2024 16:36:07.520000,305.612,219.507,5.41051,5.366,5.326,95.3398,4.69631,4.56834,13.5804,13.3933,768.09,768.2,7.48643,6.60786,8.31186,10.0702,5.27799,23.8498,23.8498,1.0,1.0,1
125285,31.05.2024 16:36:07.530000,305.612,219.507,5.44472,5.366,5.326,95.3398,4.69983,4.57068,15.9492,17.0768,768.095,768.115,7.71438,6.50807,8.5138,9.93467,5.27771,23.9583,23.9583,1.0,1.0,1
125286,31.05.2024 16:36:07.540000,270.511,147.162,5.45283,5.424,5.302,95.321,4.70167,4.5724,13.1411,14.6951,768.1,768.05,7.88664,6.32593,8.79955,9.84613,5.27777,24.2911,24.2911,1.0,1.0,1
125287,31.05.2024 16:36:07.550000,270.511,147.162,5.45886,5.424,5.302,95.3522,4.70001,4.56447,13.1411,14.6951,768.1,768.05,7.88664,6.32593,8.79955,9.84613,5.27777,24.2911,24.2911,1.0,1.0,1
125288,31.05.2024 16:36:07.560000,270.511,147.162,5.45886,5.424,5.302,95.3522,4.70001,4.56447,13.1411,14.6951,768.1,768.05,7.88664,6.32593,8.79955,9.84613,5.27777,24.2911,24.2911,1.0,1.0,1
125289,31.05.2024 16:36:07.570000,253.29,133.154,5.47463,5.414,5.327,95.4715,4.67799,4.56468,13.9107,11.7536,768.09,768.025,7.87866,6.12073,8.94005,9.78733,5.27777,24.2911,24.2911,1.0,1.0,1
125290,31.05.2024 16:36:07.580000,253.29,133.154,5.47463,5.414,5.327,95.4715,4.67799,4.56468,13.9107,11.7536,768.09,768.025,7.87866,6.12073,8.94005,9.78733,5.27777,24.2911,24.2911,1.0,1.0,1
125291,31.05.2024 16:36:07.590000,224.121,121.701,5.47864,5.357,5.361,95.4021,4.66308,4.56277,12.7376,12.722,768.105,768.005,7.95205,6.19659,8.93275,9.67836,5.2782,24.0885,24.0885,1.0,1.0,1
125292,31.05.2024 16:36:07.600000,224.121,121.701,5.47864,5.357,5.361,95.4021,4.66308,4.56277,12.7376,12.722,768.105,768.005,7.95205,6.19659,8.93275,9.67836,5.2782,24.0885,24.0885,1.0,1.0,1
125293,31.05.2024 16:36:07.610000,206.818,104.974,5.43787,5.385,5.357,95.4254,4.64872,4.55535,13.028,14.5421,768.12,767.975,8.0006,6.46157,9.19182,9.63026,5.27858,23.8571,23.8571,1.0,1.0,1
125294,31.05.2024 16:36:07.620000,149.057,31.6406,5.42081,5.469,5.35,95.4667,4.66492,4.55624,12.0942,13.2578,768.14,767.88,8.3344,6.61793,9.45168,9.51499,5.27927,23.9439,23.9439,1.0,1.0,1
125295,31.05.2024 16:36:07.630000,149.057,31.6406,5.40814,5.469,5.35,95.4301,4.67818,4.56178,12.0942,13.2578,768.14,767.88,8.3344,6.61793,9.45168,9.51499,5.27927,23.9439,23.9439,1.0,1.0,1
125296,31.05.2024 16:36:07.640000,145.926,-35.5133,5.39688,5.492,5.348,95.4781,4.71129,4.57249,12.4956,14.4469,768.165,767.825,8.44105,6.65433,9.46746,9.47692,5.27995,23.9439,23.9439,1.0,1.0,1
125297,31.05.2024 16:36:07.650000,145.926,-70.0378,5.39688,5.457,5.348,95.4781,4.72439,4.57522,12.8535,11.9284,768.185,767.795,8.55652,6.54271,9.40069,9.60907,5.28075,23.7992,23.7992,1.0,1.0,1
125298,31.05.2024 16:36:07.660000,140.076,-70.0378,5.3725,5.457,5.309,95.5173,4.73075,4.57664,12.8535,11.9284,768.185,767.795,8.55652,6.54271,9.40069,9.60907,5.28075,23.7992,23.7992,1.0,1.0,1
125299,31.05.2024 16:36:07.670000,123.019,-4.61426,5.3725,5.359,5.327,95.5401,4.72735,4.57849,12.7653,12.062,768.195,767.79,8.63138,6.7306,9.39927,9.7098,5.28075,23.669,23.669,0.0,1.0,1
125300,31.05.2024 16:36:07.680000,123.019,-4.61426,5.37439,5.359,5.327,95.5401,4.71937,4.57862,12.7653,12.062,768.195,767.79,8.63138,6.7306,9.39927,9.7098,5.28075,23.3652,23.3652,0.0,1.0,1
125301,31.05.2024 16:36:07.690000,119.311,-3.1311,5.37665,5.328,5.303,95.5999,4.70771,4.57867,13.4919,13.1972,768.2,767.775,8.76879,7.0848,9.4289,9.71747,5.28144,23.3652,23.3652,0.0,1.0,1
125302,31.05.2024 16:36:07.700000,119.311,-3.1311,5.37665,5.328,5.303,95.5999,4.70771,4.57867,13.4919,13.1972,768.2,767.775,8.76879,7.0848,9.4289,9.71747,5.28144,23.3652,23.3652,0.0,1.0,1
125303,31.05.2024 16:36:07.710000,118.076,-9.80529,5.37665,5.315,5.282,95.5999,4.69691,4.57868,14.0148,14.1265,768.22,767.725,8.87286,7.34941,9.57353,9.80446,5.28279,23.3652,23.3652,0.0,1.0,1
125304,31.05.2024 16:36:07.720000,118.076,-9.80529,5.37665,5.315,5.282,95.5999,4.69691,4.57868,14.0148,14.1265,768.22,767.725,8.87286,7.34941,9.57353,9.80446,5.28279,23.3652,23.3652,0.0,1.0,1
125305,31.05.2024 16:36:07.730000,113.379,-18.7866,5.34786,5.296,5.288,95.5756,4.66703,4.5724,13.4999,13.5954,768.235,767.665,8.88129,7.36774,9.74276,9.82128,5.28348,23.3001,23.3001,0.0,1.0,1
125306,31.05.2024 16:36:07.740000,104.15,-37.5732,5.33736,5.286,5.307,95.5384,4.65779,4.5738,12.3036,13.7703,768.26,767.64,8.80929,7.37286,9.8325,10.0483,5.28396,23.112,23.112,0.0,1.0,1
125307,31.05.2024 16:36:07.750000,104.727,-110.001,5.33736,5.32,5.257,95.5537,4.66284,4.57479,10.1415,12.9916,768.295,767.64,8.94816,7.42088,9.83126,10.0466,5.28396,23.0035,23.0035,0.0,1.0,1
125308,31.05.2024 16:36:07.760000,104.727,-110.001,5.3307,5.32,5.257,95.5537,4.66712,4.57499,10.1415,12.9916,768.295,767.64,8.94816,7.42088,9.83126,10.0466,5.28396,23.206,23.206,0.0,1.0,1
125309,31.05.2024 16:36:07.770000,102.173,-109.836,5.33943,5.315,5.237,95.4917,4.6729,4.57601,9.63846,10.6007,768.305,767.635,9.1169,7.71428,9.76087,10.1761,5.28436,23.206,23.206,0.0,1.0,1
125310,31.05.2024 16:36:07.780000,102.173,-109.836,5.33943,5.315,5.237,95.4917,4.6729,4.57601,9.63846,10.6007,768.305,767.635,9.1169,7.71428,9.76087,10.1761,5.28436,23.206,23.206,0.0,1.0,1
125311,31.05.2024 16:36:07.790000,86.6821,-106.54,5.33943,5.309,5.252,95.4917,4.68156,4.57897,9.15225,11.1083,768.32,767.595,9.21069,8.04684,9.64559,10.3619,5.28541,23.206,23.206,0.0,1.0,1
125312,31.05.2024 16:36:07.800000,64.682,-107.529,5.34618,5.294,5.253,95.7901,4.68258,4.58053,10.6582,7.50352,768.32,767.54,9.23546,8.17726,9.66188,10.5703,5.28559,23.112,23.112,0.0,1.0,1
125313,31.05.2024 16:36:07.810000,64.682,-112.061,5.34618,5.297,5.253,95.7901,4.68399,4.58325,10.4917,12.3321,768.335,767.525,9.04012,7.98903,9.54671,10.8211,5.28602,23.0975,23.0975,0.0,1.0,1
125314,31.05.2024 16:36:07.820000,47.4609,-112.061,5.34265,5.297,5.25,95.7355,4.68713,4.58744,10.4917,12.3321,768.335,767.525,9.04012,7.98903,9.54671,10.8211,5.28602,23.0975,23.0975,0.0,1.0,1
125315,31.05.2024 16:36:07.830000,47.4609,-112.061,5.34265,5.297,5.25,95.7355,4.68713,4.58744,10.4917,12.3321,768.335,767.525,9.04012,7.98903,9.54671,10.8211,5.28602,23.0975,23.0975,0.0,1.0,1
125316,31.05.2024 16:36:07.840000,41.1163,-116.098,5.34265,5.302,5.25,95.6789,4.69951,4.59574,12.0135,13.2693,768.365,767.52,8.91549,8.09882,9.53487,11.0438,5.28602,22.9962,22.9962,0.0,1.0,1
125317,31.05.2024 16:36:07.850000,41.1163,-116.098,5.34265,5.302,5.25,95.6789,4.69951,4.59574,12.0135,13.2693,768.365,767.52,8.91549,8.09882,9.53487,11.0438,5.28602,22.9962,22.9962,0.0,1.0,1
125318,31.05.2024 16:36:07.860000,27.6855,-119.971,5.33456,5.344,5.246,95.5536,4.71165,4.60632,13.1658,13.0081,768.405,767.525,8.85622,8.30016,9.55729,11.1328,5.28622,23.1047,23.1047,0.0,1.0,1
125319,31.05.2024 16:36:07.870000,18.1274,-135.791,5.34372,5.345,5.256,95.5052,4.72966,4.62705,11.352,14.8724,768.415,767.515,8.90317,8.42249,9.47089,11.2356,5.28665,23.0469,23.0469,0.0,1.0,1
125320,31.05.2024 16:36:07.880000,-6.67419,-146.008,5.37154,5.308,5.261,95.4852,4.7332,4.62862,13.3053,12.9194,768.415,767.48,8.81573,8.62327,9.56915,11.2723,5.28693,23.0469,23.0469,0.0,1.0,1
125321,31.05.2024 16:36:07.890000,-6.67419,-163.312,5.37154,5.301,5.261,95.4852,4.73415,4.63063,12.9999,13.8209,768.425,767.445,8.58886,8.60393,9.48726,11.3338,5.2873,23.0469,23.0469,0.0,1.0,1
125322,31.05.2024 16:36:07.900000,-7.08618,-163.312,5.3707,5.301,5.233,95.5041,4.73699,4.6303,12.9999,13.8209,768.425,767.445,8.58886,8.60393,9.48726,11.3338,5.2873,23.0469,23.0469,0.0,1.0,1
125323,31.05.2024 16:36:07.910000,-7.08618,-163.312,5.3707,5.301,5.233,95.5041,4.73699,4.6303,12.9999,13.8209,768.425,767.445,8.58886,8.60393,9.48726,11.3338,5.2873,23.0469,23.0469,0.0,1.0,1
125324,31.05.2024 16:36:07.920000,-18.1274,-168.503,5.3707,5.326,5.254,95.485,4.73623,4.62515,13.4481,15.4254,768.45,767.435,8.16443,8.6021,9.54667,11.4658,5.2873,23.0541,23.0541,0.0,1.0,1
125325,31.05.2024 16:36:07.930000,-28.5919,-197.424,5.37077,5.342,5.23,95.4961,4.7311,4.61559,14.0324,15.1781,768.5,767.44,7.94017,8.53768,9.50054,11.6084,5.28756,23.0541,23.0541,0.0,1.0,1
125326,31.05.2024 16:36:07.940000,-41.2811,-211.349,5.37077,5.351,5.243,95.4961,4.72873,4.61113,12.589,14.2505,768.54,767.44,7.91345,8.6761,9.2063,11.6634,5.2879,23.1337,23.1337,0.0,1.0,1
125327,31.05.2024 16:36:07.950000,-41.2811,-211.349,5.37077,5.351,5.243,95.4961,4.72873,4.61113,12.589,14.2505,768.54,767.44,7.91345,8.6761,9.2063,11.6634,5.2879,23.1337,23.1337,0.0,1.0,1
125328,31.05.2024 16:36:07.960000,-41.2811,-211.349,5.39722,5.351,5.243,95.549,4.72876,4.60533,13.1608,12.3736,768.58,767.435,8.0225,8.69662,8.94243,11.5768,5.2879,22.9022,22.9022,0.0,1.0,1
125329,31.05.2024 16:36:07.970000,-41.2811,-211.349,5.39722,5.351,5.243,95.549,4.72876,4.60533,13.1608,12.3736,768.58,767.435,8.0225,8.69662,8.94243,11.5768,5.2879,22.9022,22.9022,0.0,1.0,1
125330,31.05.2024 16:36:07.980000,-66.4947,-222.226,5.40079,5.331,5.259,95.5493,4.72597,4.59958,11.4746,12.2296,768.6,767.425,8.0952,8.6831,8.90042,11.5162,5.28778,22.9022,22.9022,0.0,1.0,1
125331,31.05.2024 16:36:07.990000,-103.491,-243.402,5.39147,5.34,5.261,95.406,4.72558,4.60017,11.0031,10.5682,768.635,767.415,8.02758,8.75776,9.04688,11.4709,5.28778,22.9022,22.9022,0.0,1.0,1
125332,31.05.2024 16:36:08.000000,-103.491,-243.402,5.39147,5.34,5.261,95.406,4.72558,4.60017,11.0031,10.5682,768.635,767.415,8.02758,8.75776,9.04688,11.4709,5.28778,22.9022,22.9022,0.0,1.0,1
125333,31.05.2024 16:36:08.010000,-103.491,-243.402,5.40213,5.34,5.261,95.406,4.72396,4.60055,10.7942,10.4239,768.66,767.415,8.02268,8.60889,9.28518,11.5072,5.2881,22.6273,22.6273,0.0,1.0,1
125334,31.05.2024 16:36:08.020000,-112.967,-270.593,5.4198,5.332,5.29,95.4482,4.71741,4.5992,10.7012,10.5385,768.695,767.415,8.05455,8.58605,9.49374,11.4433,5.28858,22.6273,22.6273,0.0,1.0,1
125335,31.05.2024 16:36:08.030000,-112.967,-270.593,5.42955,5.332,5.29,95.5167,4.71353,4.60024,10.7012,10.5385,768.695,767.415,8.05455,8.58605,9.49374,11.4433,5.28858,22.6273,22.6273,0.0,1.0,1
125336,31.05.2024 16:36:08.040000,-112.967,-270.593,5.42955,5.332,5.29,95.5167,4.71353,4.60024,10.7012,10.5385,768.695,767.415,8.05455,8.58605,9.49374,11.4433,5.28858,22.6273,22.6273,0.0,1.0,1
125337,31.05.2024 16:36:08.050000,-117.911,-301.41,5.42128,5.367,5.329,95.6241,4.71091,4.60077,12.6924,10.133,768.725,767.415,7.96726,8.42937,9.71381,11.4043,5.28902,22.5767,22.5767,0.0,1.0,1
125338,31.05.2024 16:36:08.060000,-117.911,-301.41,5.42128,5.367,5.329,95.6241,4.71091,4.60077,12.6924,10.133,768.725,767.415,7.96726,8.42937,9.71381,11.4043,5.28902,22.5767,22.5767,0.0,1.0,1
125339,31.05.2024 16:36:08.070000,-123.267,-328.024,5.39059,5.399,5.323,95.5684,4.71232,4.60223,10.9862,10.7776,768.745,767.42,7.95729,8.28215,9.8933,11.3677,5.2894,22.6273,22.6273,0.0,1.0,1
125340,31.05.2024 16:36:08.080000,-131.177,-354.144,5.39048,5.418,5.343,95.5932,4.72847,4.60537,11.4522,12.7637,768.77,767.42,7.83916,8.21657,9.96519,11.2871,5.28984,22.432,22.432,0.0,1.0,1
125341,31.05.2024 16:36:08.090000,-145.184,-374.332,5.40972,5.439,5.35,95.5867,4.73091,4.60798,10.9883,11.0975,768.81,767.425,7.809,8.13353,9.95372,11.2148,5.28984,22.432,22.432,0.0,1.0,1
125342,31.05.2024 16:36:08.100000,-150.458,-378.451,5.40972,5.404,5.339,95.5867,4.73511,4.60753,9.9972,9.66823,768.855,767.425,7.94923,8.12618,10.0646,11.1453,5.29068,22.3307,22.3307,0.0,1.0,1
125343,31.05.2024 16:36:08.110000,-150.458,-378.451,5.40972,5.404,5.339,95.5867,4.73511,4.60753,9.9972,9.66823,768.855,767.425,7.94923,8.12618,10.0646,11.1453,5.29068,22.3307,22.3307,0.0,1.0,1
125344,31.05.2024 16:36:08.120000,-150.458,-378.451,5.40583,5.404,5.339,95.5389,4.73547,4.60762,10.8805,10.2874,768.87,767.43,8.01926,7.95061,10.0891,11.0637,5.29068,22.3814,22.3814,0.0,1.0,1
125345,31.05.2024 16:36:08.130000,-167.432,-405.066,5.40577,5.396,5.329,95.5115,4.73593,4.60805,10.5914,9.37826,768.895,767.435,8.03861,7.8511,10.1191,11.0229,5.29174,22.3814,22.3814,0.0,1.0,1
125346,31.05.2024 16:36:08.140000,-167.432,-405.066,5.40577,5.396,5.329,95.5115,4.73593,4.60805,10.5914,9.37826,768.895,767.435,8.03861,7.8511,10.1191,11.0229,5.29174,22.3814,22.3814,0.0,1.0,1
125347,31.05.2024 16:36:08.150000,-166.855,-405.066,5.40841,5.396,5.304,95.4294,4.73478,4.60714,10.7673,10.1214,768.91,767.445,7.99728,7.78893,10.1278,10.9239,5.29174,22.4609,22.4609,0.0,1.0,1
125348,31.05.2024 16:36:08.160000,-166.855,-405.066,5.40841,5.396,5.304,95.4294,4.73478,4.60714,10.7673,10.1214,768.91,767.445,7.99728,7.78893,10.1278,10.9239,5.29174,22.4609,22.4609,0.0,1.0,1
125349,31.05.2024 16:36:08.170000,-169.409,-404.159,5.40552,5.386,5.284,95.4766,4.71508,4.60328,10.7673,10.1214,768.91,767.445,7.99728,7.78893,10.1278,10.9239,5.29224,22.4754,22.4754,0.0,1.0,1
125350,31.05.2024 16:36:08.180000,-191.492,-402.017,5.40424,5.375,5.306,95.409,4.7009,4.60428,10.5304,9.77529,768.97,767.495,7.75083,7.73877,10.2263,10.8739,5.29339,22.4754,22.4754,0.0,1.0,1
125351,31.05.2024 16:36:08.190000,-191.492,-402.017,5.39872,5.375,5.306,95.4963,4.69421,4.60455,10.5304,9.77529,768.97,767.495,7.75083,7.73877,10.2263,10.8739,5.29339,22.4754,22.4754,0.0,1.0,1
125352,31.05.2024 16:36:08.200000,-214.893,-408.774,5.39535,5.369,5.302,95.514,4.68838,4.60316,10.0636,11.0561,769.01,767.515,7.6716,7.8794,10.2659,10.96,5.29383,22.4682,22.4682,0.0,1.0,1
125353,31.05.2024 16:36:08.210000,-214.893,-405.725,5.39535,5.383,5.302,95.514,4.68962,4.603,8.96743,7.58917,769.04,767.52,7.63669,8.04186,10.3231,10.9761,5.29419,22.4248,22.4248,0.0,1.0,1
125354,31.05.2024 16:36:08.220000,-213.821,-405.725,5.39227,5.383,5.313,95.5842,4.69193,4.60349,8.96743,7.58917,769.04,767.52,7.63669,8.04186,10.3231,10.9761,5.29419,22.4248,22.4248,0.0,1.0,1
125355,31.05.2024 16:36:08.230000,-232.773,-404.983,5.39227,5.358,5.294,95.6062,4.6944,4.60496,9.41001,8.41494,769.065,767.525,7.43532,8.03056,10.2591,11.0465,5.29419,22.5188,22.5188,0.0,1.0,1
125356,31.05.2024 16:36:08.240000,-232.773,-404.983,5.39227,5.358,5.294,95.6062,4.6944,4.60496,9.41001,8.41494,769.065,767.525,7.43532,8.03056,10.2591,11.0465,5.29419,22.5188,22.5188,0.0,1.0,1
125357,31.05.2024 16:36:08.250000,-232.773,-404.983,5.38356,5.358,5.294,95.6062,4.69536,4.60507,9.02913,5.40384,769.1,767.55,7.35515,8.02703,10.2782,11.0268,5.29488,23.0975,23.0975,0.0,1.0,1
125358,31.05.2024 16:36:08.260000,-255.679,-397.98,5.40275,5.371,5.304,95.6135,4.69729,4.60512,8.69018,7.5238,769.12,767.58,7.23915,8.14671,10.2805,11.056,5.29581,23.0975,23.0975,0.0,1.0,1
125359,31.05.2024 16:36:08.270000,-255.679,-397.98,5.40488,5.371,5.304,95.5666,4.69791,4.60759,8.69018,7.5238,769.12,767.58,7.23915,8.14671,10.2805,11.056,5.29581,23.0975,23.0975,0.0,1.0,1
125360,31.05.2024 16:36:08.280000,-261.859,-400.04,5.40949,5.374,5.31,95.5919,4.70166,4.60988,9.53744,8.33229,769.15,767.595,7.01095,8.3611,10.2274,11.1383,5.2963,23.1988,23.1988,0.0,1.0,1
125361,31.05.2024 16:36:08.290000,-261.859,-400.04,5.40949,5.374,5.31,95.5919,4.70166,4.60988,9.53744,8.33229,769.15,767.595,7.01095,8.3611,10.2274,11.1383,5.2963,23.1988,23.1988,0.0,1.0,1
125362,31.05.2024 16:36:08.300000,-261.859,-401.276,5.40949,5.366,5.31,95.5919,4.70176,4.61073,8.88264,8.17135,769.17,767.595,6.79701,8.54515,10.1853,11.1638,5.29666,23.0469,23.0469,0.0,1.0,1
125363,31.05.2024 16:36:08.310000,-290.369,-403.995,5.39334,5.384,5.328,95.6045,4.70583,4.61125,8.98085,8.93771,769.195,767.6,6.5587,8.39298,10.0801,11.1834,5.29666,23.0469,23.0469,0.0,1.0,1
125364,31.05.2024 16:36:08.320000,-290.369,-403.995,5.40223,5.384,5.328,95.6045,4.70965,4.61363,8.98085,8.93771,769.195,767.6,6.5587,8.39298,10.0801,11.1834,5.29666,22.9022,22.9022,0.0,1.0,1
125365,31.05.2024 16:36:08.330000,-290.369,-403.995,5.40223,5.384,5.328,95.6045,4.70965,4.61363,8.98085,8.93771,769.195,767.6,6.5587,8.39298,10.0801,11.1834,5.29666,22.9022,22.9022,0.0,1.0,1
125366,31.05.2024 16:36:08.340000,-294.324,-404.077,5.40637,5.384,5.338,95.6081,4.71569,4.61438,7.60567,7.73627,769.22,767.62,6.38751,8.28385,10.0582,11.2065,5.29721,22.9528,22.9528,0.0,1.0,1
125367,31.05.2024 16:36:08.350000,-294.324,-404.077,5.40637,5.384,5.338,95.6081,4.71569,4.61438,7.60567,7.73627,769.22,767.62,6.38751,8.28385,10.0582,11.2065,5.29721,22.9528,22.9528,0.0,1.0,1
125368,31.05.2024 16:36:08.360000,-298.279,-392.377,5.41566,5.404,5.299,95.6081,4.72223,4.61398,8.87226,8.57954,769.245,767.63,6.24027,8.13322,9.94353,11.174,5.29817,23.1554,23.1554,0.0,1.0,1
125369,31.05.2024 16:36:08.370000,-308.908,-396.002,5.42257,5.374,5.319,95.6418,4.72054,4.61398,12.2478,8.96843,769.3,767.665,5.93949,7.81639,9.89531,11.2745,5.29904,23.1554,23.1554,0.0,1.0,1
125370,31.05.2024 16:36:08.380000,-317.56,-396.002,5.42352,5.374,5.312,95.7189,4.71507,4.61395,12.2478,8.96843,769.3,767.665,5.93949,7.81639,9.89531,11.2745,5.29904,23.1554,23.1554,0.0,1.0,1
125371,31.05.2024 16:36:08.390000,-317.56,-396.002,5.42352,5.374,5.312,95.7189,4.71507,4.61395,12.2478,8.96843,769.3,767.665,5.93949,7.81639,9.89531,11.2745,5.29904,23.1554,23.1554,0.0,1.0,1
125372,31.05.2024 16:36:08.400000,-326.211,-402.676,5.42352,5.358,5.305,95.7524,4.70587,4.61393,10.9605,8.75262,769.33,767.7,5.8379,7.68607,9.90136,11.2662,5.29904,23.3001,23.3001,0.0,1.0,1
125373,31.05.2024 16:36:08.410000,-326.211,-402.676,5.42352,5.358,5.305,95.7524,4.70587,4.61393,10.9605,8.75262,769.33,767.7,5.8379,7.68607,9.90136,11.2662,5.29904,23.3001,23.3001,0.0,1.0,1
125374,31.05.2024 16:36:08.420000,-340.878,-400.616,5.42678,5.406,5.299,95.6996,4.70279,4.6138,9.65135,10.047,769.34,767.705,5.72789,7.744,10.0117,11.4009,5.29943,23.1699,23.1699,0.0,1.0,1
125375,31.05.2024 16:36:08.430000,-356.534,-399.628,5.43004,5.395,5.318,95.703,4.71555,4.61467,9.34761,8.16792,769.37,767.71,5.5736,7.55519,9.84403,11.4073,5.30021,23.206,23.206,0.0,1.0,1
125376,31.05.2024 16:36:08.440000,-363.208,-393.201,5.43947,5.372,5.31,95.7103,4.72358,4.61544,7.14186,6.57711,769.4,767.73,5.56272,7.29872,9.97839,11.3472,5.30064,23.2567,23.2567,0.0,1.0,1
125377,31.05.2024 16:36:08.450000,-363.208,-400.122,5.43947,5.348,5.31,95.7103,4.73224,4.61719,9.31655,8.07156,769.43,767.77,5.51961,7.13269,10.0276,11.2943,5.30091,23.4013,23.4013,0.0,1.0,1
125378,31.05.2024 16:36:08.460000,-364.526,-400.122,5.4414,5.348,5.299,95.662,4.73964,4.61743,9.31655,8.07156,769.43,767.77,5.51961,7.13269,10.0276,11.2943,5.30091,23.4013,23.4013,0.0,1.0,1
125379,31.05.2024 16:36:08.470000,-364.609,-394.849,5.4414,5.37,5.298,95.6518,4.74943,4.61807,10.8029,5.01628,769.465,767.795,5.53609,7.13284,10.1663,11.3178,5.30091,23.3579,23.3579,0.0,1.0,1
125380,31.05.2024 16:36:08.480000,-364.609,-394.849,5.45468,5.37,5.298,95.6518,4.74776,4.61825,10.8029,5.01628,769.465,767.795,5.53609,7.13284,10.1663,11.3178,5.30091,23.3579,23.3579,0.0,1.0,1
125381,31.05.2024 16:36:08.490000,-362.549,-400.204,5.46498,5.378,5.296,95.6218,4.74622,4.61886,10.8937,6.69761,769.505,767.805,5.68937,7.04968,10.4283,11.267,5.3012,23.3579,23.3579,0.0,1.0,1
125382,31.05.2024 16:36:08.500000,-367.822,-398.392,5.46498,5.371,5.328,95.6218,4.74041,4.62001,11.3552,8.15511,769.53,767.81,5.89453,6.94256,10.4776,11.1567,5.30207,23.4158,23.4158,0.0,1.0,1
125383,31.05.2024 16:36:08.510000,-367.822,-398.392,5.46251,5.371,5.328,95.5883,4.73587,4.62037,11.3552,8.15511,769.53,767.81,5.89453,6.94256,10.4776,11.1567,5.30207,23.4158,23.4158,0.0,1.0,1
125384,31.05.2024 16:36:08.520000,-359.088,-405.066,5.44604,5.404,5.353,95.6433,4.7304,4.6194,11.0113,7.51828,769.555,767.82,5.97763,6.8758,10.5667,11.1049,5.30264,23.4086,23.4086,0.0,1.0,1
125385,31.05.2024 16:36:08.530000,-359.088,-403.006,5.44604,5.459,5.353,95.6433,4.73139,4.62018,11.1334,9.69554,769.58,767.835,6.22767,6.641,10.5763,10.9458,5.30309,23.6545,23.6545,0.0,1.0,1
125386,31.05.2024 16:36:08.540000,-360.654,-403.006,5.42827,5.459,5.381,95.7032,4.73667,4.62043,11.1334,9.69554,769.58,767.835,6.22767,6.641,10.5763,10.9458,5.30309,23.6545,23.6545,0.0,1.0,1
125387,31.05.2024 16:36:08.550000,-352.579,-394.189,5.42827,5.464,5.372,95.6553,4.75211,4.62347,11.471,8.11079,769.61,767.87,6.32215,6.443,10.7491,10.9832,5.30309,23.6473,23.6473,0.0,1.0,1
125388,31.05.2024 16:36:08.560000,-352.579,-394.189,5.43199,5.464,5.372,95.6553,4.76043,4.62448,11.471,8.11079,769.61,767.87,6.32215,6.443,10.7491,10.9832,5.30346,23.1554,23.1554,0.0,1.0,1
125389,31.05.2024 16:36:08.570000,-358.346,-404.242,5.42807,5.422,5.372,95.61,4.76608,4.62329,11.4201,8.37724,769.655,767.915,6.55299,6.52055,10.8876,10.9218,5.30346,23.1554,23.1554,0.0,1.0,1
125390,31.05.2024 16:36:08.580000,-353.32,-401.358,5.42807,5.431,5.37,95.61,4.76755,4.62141,12.3377,8.33136,769.695,767.96,6.81958,6.70415,11.0898,10.9594,5.30489,23.1047,23.1047,0.0,1.0,1
125391,31.05.2024 16:36:08.590000,-353.32,-401.358,5.43028,5.431,5.37,95.5636,4.76512,4.62287,12.3377,8.33136,769.695,767.96,6.81958,6.70415,11.0898,10.9594,5.30489,23.1047,23.1047,0.0,1.0,1
125392,31.05.2024 16:36:08.600000,-362.631,-406.714,5.45141,5.4,5.343,95.6542,4.7476,4.62805,11.7896,7.66803,769.72,767.995,7.01188,6.99557,11.4042,11.1023,5.30536,23.1047,23.1047,0.0,1.0,1
125393,31.05.2024 16:36:08.610000,-362.631,-397.403,5.45141,5.411,5.343,95.6542,4.73736,4.62767,11.0907,8.68116,769.74,768.0,7.24603,7.16001,11.535,11.0745,5.30576,23.0975,23.0975,0.0,1.0,1
125394,31.05.2024 16:36:08.620000,-359.912,-397.403,5.44784,5.411,5.351,95.68,4.72459,4.62731,11.0907,8.68116,769.74,768.0,7.24603,7.16001,11.535,11.0745,5.30576,23.0975,23.0975,0.0,1.0,1
125395,31.05.2024 16:36:08.630000,-359.912,-397.403,5.44784,5.411,5.351,95.68,4.72459,4.62731,11.0907,8.68116,769.74,768.0,7.24603,7.16001,11.535,11.0745,5.30576,23.0975,23.0975,0.0,1.0,1
125396,31.05.2024 16:36:08.640000,-365.927,-403.418,5.44784,5.44,5.339,95.6937,4.70438,4.62572,9.00182,10.1053,769.765,768.02,7.44532,7.22249,11.7212,11.1715,5.30576,23.3435,23.3435,0.0,1.0,1
125397,31.05.2024 16:36:08.650000,-364.361,-401.44,5.44526,5.405,5.346,95.7107,4.6958,4.62502,7.30745,6.91155,769.78,768.06,7.55095,7.3595,11.7015,11.1829,5.30647,23.3435,23.3435,0.0,1.0,1
125398,31.05.2024 16:36:08.660000,-360.901,-402.099,5.44526,5.407,5.333,95.7107,4.69776,4.62497,8.44477,7.20226,769.805,768.1,7.49395,7.52065,11.8412,11.2288,5.3079,23.3435,23.3435,0.0,1.0,1
125399,31.05.2024 16:36:08.670000,-360.901,-402.099,5.4377,5.407,5.333,95.6768,4.7018,4.62495,8.44477,7.20226,769.805,768.1,7.49395,7.52065,11.8412,11.2288,5.3079,23.3435,23.3435,0.0,1.0,1
