,time,Pinceur Inf Mesure de courant,Pinceur Sup Mesure de courant,Mandrin - Vitesse Actuelle,Pinceur Sup Mesure vitesse lineaire,Pinceur Inf Mesure vitesse lineaire,Mandrin - Mesure Expansion,Pinceur Nord Position entrefer estimee,Pinceur Sud Position entrefer estimee,Pinceur Nord Force entrefer calibree,Pinceur Sud Force entrefer calibree,Guides Nord Entree Position mesuree,Guides Nord Sortie Position mesuree,Guides Nord Entree Force pour regulateur PI,Guides Nord Sortie Force pour regulateur PI,Guides Sud Entree Force pour regulateur PI,Guides Sud Sortie Force pour regulateur PI,Mandrin - Vitesse Actuelle F10,_Excentrage largeur bande jauge bob,_Excentrage largeur bande jauge bob.1,TDB pinceur,Fenetre,Declancheur
122400,31.05.2024 16:02:14.200000,139.004,76.5472,8.07676,7.315,7.08,30.1497,5.15781,4.97954,25.8097,21.0643,733.165,734.055,3.85684,6.75723,-0.473851,-0.247214,6.21589,41.5582,41.5582,1.0,1.0,1
122401,31.05.2024 16:02:14.210000,139.004,76.5472,8.07675,7.315,7.08,30.1497,5.13844,5.02556,25.8097,21.0643,733.165,734.055,3.85684,6.75723,-0.473851,-0.247214,6.21622,41.5582,41.5582,1.0,1.0,1
122402,31.05.2024 16:02:14.220000,179.709,93.1915,8.07901,7.242,7.028,30.0644,5.1069,5.05905,26.6074,31.5842,731.415,732.285,3.54355,6.32092,-0.529366,-0.240249,6.21622,41.616,41.616,1.0,1.0,1
122403,31.05.2024 16:02:14.230000,179.709,93.1915,8.07901,7.242,7.028,30.0644,5.1069,5.05905,26.6074,31.5842,731.415,732.285,3.54355,6.32092,-0.529366,-0.240249,6.21622,41.616,41.616,1.0,1.0,1
122404,31.05.2024 16:02:14.240000,252.795,100.854,8.07901,7.207,6.917,30.0644,5.06161,5.07316,24.4117,37.9319,729.75,730.585,2.84083,5.13052,-0.511303,-0.266046,6.21652,41.645,41.645,1.0,1.0,1
122405,31.05.2024 16:02:14.250000,252.795,100.854,8.07901,7.207,6.917,30.0644,5.06161,5.07316,24.4117,37.9319,729.75,730.585,2.84083,5.13052,-0.511303,-0.266046,6.21652,41.645,41.645,1.0,1.0,1
122406,31.05.2024 16:02:14.260000,314.841,113.461,8.07684,7.192,6.824,30.1098,4.94555,5.0595,21.3525,32.5126,728.27,729.12,1.76495,3.39857,-0.461358,-0.211888,6.217,41.645,41.645,1.0,1.0,1
122407,31.05.2024 16:02:14.270000,364.773,150.952,8.06762,7.096,6.717,30.0475,4.9213,5.01832,16.7389,31.8918,726.94,727.835,1.01851,2.46869,-0.421216,-0.242841,6.21791,42.1947,42.1947,1.0,1.0,1
122408,31.05.2024 16:02:14.280000,364.773,150.952,8.06762,7.096,6.717,30.0475,4.9213,5.01832,16.7389,31.8918,726.94,727.835,1.01851,2.46869,-0.421216,-0.242841,6.21791,42.1947,42.1947,1.0,1.0,1
122409,31.05.2024 16:02:14.290000,425.088,196.518,8.06762,7.035,6.62,29.9823,4.97013,4.96146,17.5684,32.9165,725.635,726.49,0.692121,2.69239,-0.420086,-0.252341,6.21849,42.1947,42.1947,1.0,1.0,1
122410,31.05.2024 16:02:14.300000,479.965,267.627,8.08031,6.958,6.551,30.0278,5.05508,4.90605,20.0562,25.2161,724.33,725.145,0.568265,3.00595,-0.422451,-0.234677,6.21917,41.7679,41.7679,1.0,1.0,1
122411,31.05.2024 16:02:14.310000,479.965,267.627,8.08031,6.958,6.551,30.0278,5.05508,4.90605,20.0562,25.2161,724.33,725.145,0.568265,3.00595,-0.422451,-0.234677,6.21917,41.7679,41.7679,1.0,1.0,1
122412,31.05.2024 16:02:14.320000,555.276,300.421,8.08031,6.963,6.384,30.0278,5.0988,4.87852,23.8123,20.4127,723.065,723.805,0.790017,3.45254,-0.338288,-0.207173,6.21967,41.7535,41.7535,1.0,1.0,1
122413,31.05.2024 16:02:14.330000,555.276,300.421,8.08031,6.963,6.384,30.0278,5.0988,4.87852,23.8123,20.4127,723.065,723.805,0.790017,3.45254,-0.338288,-0.207173,6.21967,41.7535,41.7535,1.0,1.0,1
122414,31.05.2024 16:02:14.340000,621.524,364.526,8.08141,6.818,6.338,30.0862,5.13412,4.8539,25.7422,17.9062,721.775,722.41,1.61517,4.28682,-0.338032,-0.221948,6.22053,41.7535,41.7535,1.0,1.0,1
122415,31.05.2024 16:02:14.350000,621.524,364.526,8.08141,6.818,6.338,30.0862,5.13412,4.8539,25.7422,17.9062,721.775,722.41,1.61517,4.28682,-0.338032,-0.221948,6.22053,41.7535,41.7535,1.0,1.0,1
122416,31.05.2024 16:02:14.360000,661.487,417.755,8.08276,6.792,6.277,30.0858,5.10759,4.86017,26.2267,20.1713,720.345,720.93,2.85692,5.13416,-0.347775,-0.231196,6.22077,41.7679,41.7679,1.0,1.0,1
122417,31.05.2024 16:02:14.370000,661.487,417.755,8.08276,6.792,6.277,30.0858,5.10759,4.86017,26.2267,20.1713,720.345,720.93,2.85692,5.13416,-0.347775,-0.231196,6.22077,41.7679,41.7679,1.0,1.0,1
122418,31.05.2024 16:02:14.380000,699.966,467.605,8.08356,6.752,6.244,30.1731,5.07404,4.89293,24.1017,23.7721,717.265,717.715,3.81273,5.6284,-0.397789,-0.293725,6.22173,42.1947,42.1947,1.0,1.0,1
122419,31.05.2024 16:02:14.390000,705.816,565.329,8.07407,6.632,6.234,30.1946,5.0699,4.91948,23.3995,23.8972,715.695,716.095,3.66354,5.27116,-0.363598,-0.230256,6.22273,42.202,42.202,1.0,1.0,1
122420,31.05.2024 16:02:14.400000,705.816,565.329,8.08102,6.632,6.234,30.1888,5.07073,4.94039,23.3995,23.8972,715.695,716.095,3.66354,5.27116,-0.363598,-0.230256,6.22273,42.202,42.202,1.0,1.0,1
122421,31.05.2024 16:02:14.410000,705.816,565.329,8.08102,6.632,6.234,30.1888,5.07073,4.94039,23.3995,23.8972,715.695,716.095,3.66354,5.27116,-0.363598,-0.230256,6.22273,42.202,42.202,1.0,1.0,1
122422,31.05.2024 16:02:14.420000,704.416,633.883,8.08698,6.561,6.212,30.0754,5.07363,4.94378,24.607,26.1615,714.145,714.525,3.36601,4.74836,-0.416741,-0.228728,6.22336,42.0067,42.0067,1.0,1.0,1
122423,31.05.2024 16:02:14.430000,704.004,680.685,8.08665,6.548,6.229,30.0666,5.07139,4.94963,25.502,28.5491,712.645,713.035,3.26749,4.74457,-0.411747,-0.247478,6.22345,42.0645,42.0645,1.0,1.0,1
122424,31.05.2024 16:02:14.440000,704.004,680.685,8.08665,6.548,6.229,30.0666,5.07139,4.94963,25.502,28.5491,712.645,713.035,3.26749,4.74457,-0.411747,-0.247478,6.22345,42.0645,42.0645,1.0,1.0,1
122425,31.05.2024 16:02:14.450000,698.153,693.951,8.08665,6.551,6.212,30.1234,5.04555,4.95425,26.2729,28.7903,711.08,711.51,3.72911,5.32746,-0.462716,-0.256017,6.22367,41.8692,41.8692,1.0,1.0,1
122426,31.05.2024 16:02:14.460000,699.389,707.547,8.08259,6.485,6.213,30.0507,5.00369,4.95257,23.5229,26.4057,709.43,709.905,4.24647,5.95343,-0.454396,-0.281516,6.22403,41.9198,41.9198,1.0,1.0,1
122427,31.05.2024 16:02:14.470000,693.457,698.73,8.08259,6.393,6.189,30.0507,4.98325,4.94858,23.3664,28.0882,707.825,708.28,4.66716,6.32881,-0.48362,-0.190015,6.22439,41.9054,41.9054,1.0,1.0,1
122428,31.05.2024 16:02:14.480000,693.457,698.73,8.08442,6.393,6.189,30.0682,4.97139,4.94225,23.3664,28.0882,707.825,708.28,4.66716,6.32881,-0.48362,-0.190015,6.22439,41.9054,41.9054,1.0,1.0,1
122429,31.05.2024 16:02:14.490000,693.127,696.917,8.07851,6.383,6.181,29.9857,4.96371,4.93,20.1569,26.4606,706.305,706.695,4.75496,6.63466,-0.510399,-0.199897,6.22453,41.9126,41.9126,1.0,1.0,1
122430,31.05.2024 16:02:14.500000,693.127,702.356,8.07851,6.391,6.181,29.9857,4.97174,4.92209,20.3168,25.7303,704.66,705.165,5.36832,7.28382,-0.442498,-0.230489,6.22483,41.5148,41.5148,1.0,1.0,1
122431,31.05.2024 16:02:14.510000,691.726,702.356,8.08229,6.391,6.201,30.009,4.97849,4.91279,20.3168,25.7303,704.66,705.165,5.36832,7.28382,-0.442498,-0.230489,6.22483,41.5148,41.5148,1.0,1.0,1
122432,31.05.2024 16:02:14.520000,691.726,702.356,8.08229,6.391,6.201,30.009,4.97849,4.91279,20.3168,25.7303,704.66,705.165,5.36832,7.28382,-0.442498,-0.230489,6.22483,41.5148,41.5148,1.0,1.0,1
122433,31.05.2024 16:02:14.530000,688.019,702.026,8.08229,6.327,6.209,30.0292,4.99209,4.89835,23.1092,26.0272,703.04,703.705,6.13795,8.28321,-0.460381,-0.2359,6.22518,41.6594,41.6594,1.0,1.0,1
122434,31.05.2024 16:02:14.540000,688.019,702.026,8.08229,6.327,6.209,30.0292,4.99209,4.89835,23.1092,26.0272,703.04,703.705,6.13795,8.28321,-0.460381,-0.2359,6.22518,41.6594,41.6594,1.0,1.0,1
122435,31.05.2024 16:02:14.550000,691.726,684.723,8.09493,6.285,6.229,30.0199,4.99385,4.89073,22.8565,24.1924,701.51,702.165,6.68464,9.75152,-0.437562,-0.196265,6.22573,41.3701,41.3701,1.0,1.0,1
122436,31.05.2024 16:02:14.560000,691.726,684.723,8.09493,6.285,6.229,30.0199,4.99385,4.89073,22.8565,24.1924,701.51,702.165,6.68464,9.75152,-0.437562,-0.196265,6.22573,41.3701,41.3701,1.0,1.0,1
122437,31.05.2024 16:02:14.570000,688.76,686.371,8.09237,6.308,6.242,30.0695,4.97587,4.88656,22.3433,22.6521,699.91,700.57,7.14474,11.0779,-0.429841,-0.156381,6.22592,41.3701,41.3701,1.0,1.0,1
122438,31.05.2024 16:02:14.580000,690.161,698.153,8.08797,6.303,6.205,30.0492,4.95045,4.8887,21.4532,23.7188,696.535,697.185,7.93455,12.204,-0.402462,-0.18563,6.22653,40.9288,40.9288,1.0,1.0,1
122439,31.05.2024 16:02:14.590000,692.798,698.153,8.08844,6.303,6.219,29.9732,4.93779,4.88923,21.4532,23.7188,696.535,697.185,7.93455,12.204,-0.402462,-0.18563,6.22653,40.9288,40.9288,1.0,1.0,1
122440,31.05.2024 16:02:14.600000,692.798,698.153,8.08844,6.303,6.219,29.9732,4.93779,4.88923,21.4532,23.7188,696.535,697.185,7.93455,12.204,-0.402462,-0.18563,6.22653,40.9288,40.9288,1.0,1.0,1
122441,31.05.2024 16:02:14.610000,689.09,686.865,8.08844,6.261,6.208,29.99,4.91024,4.89126,18.7449,23.6039,694.88,695.625,7.85902,12.303,-0.460137,-0.200654,6.22705,38.3174,38.3174,1.0,1.0,1
122442,31.05.2024 16:02:14.620000,690.243,690.408,8.09029,6.266,6.199,30.0681,4.89544,4.89678,19.5212,22.3116,693.175,694.035,7.67353,12.5067,-0.444367,-0.24056,6.22727,38.3174,38.3174,1.0,1.0,1
122443,31.05.2024 16:02:14.630000,690.243,690.408,8.09029,6.266,6.199,30.0681,4.89544,4.89678,19.5212,22.3116,693.175,694.035,7.67353,12.5067,-0.444367,-0.24056,6.22727,38.3174,38.3174,1.0,1.0,1
122444,31.05.2024 16:02:14.640000,690.243,690.161,8.09029,6.291,6.2,30.0681,4.89369,4.89599,18.6647,24.5251,691.48,692.46,7.36553,12.9882,-0.453942,-0.247718,6.22735,35.6988,35.6988,1.0,1.0,1
122445,31.05.2024 16:02:14.650000,685.299,687.607,8.08873,6.255,6.205,30.1045,4.88563,4.89308,18.0586,24.1429,689.89,690.875,7.08836,13.7498,-0.574704,-0.203712,6.22742,30.0347,30.0347,1.0,1.0,1
122446,31.05.2024 16:02:14.660000,685.299,689.419,8.08873,6.226,6.205,30.1045,4.88479,4.89212,19.334,23.6417,688.295,689.355,7.40841,14.6307,-0.519349,-0.192834,6.22747,30.0347,30.0347,1.0,1.0,1
122447,31.05.2024 16:02:14.670000,685.299,689.419,8.08873,6.226,6.205,30.1045,4.88479,4.89212,19.334,23.6417,688.295,689.355,7.40841,14.6307,-0.519349,-0.192834,6.22747,30.0347,30.0347,1.0,1.0,1
122448,31.05.2024 16:02:14.680000,690.82,689.419,8.09638,6.226,6.229,30.1647,4.88731,4.8915,19.4305,24.3604,686.63,687.985,7.92996,15.2937,-0.43512,-0.174067,6.22747,26.5191,26.5191,1.0,1.0,1
122449,31.05.2024 16:02:14.690000,690.82,689.419,8.09638,6.226,6.229,30.1647,4.88731,4.8915,19.4305,24.3604,686.63,687.985,7.92996,15.2937,-0.43512,-0.174067,6.22747,26.5191,26.5191,1.0,1.0,1
122450,31.05.2024 16:02:14.700000,686.618,684.97,8.0984,6.252,6.213,30.1931,4.89661,4.88499,20.0843,23.5998,685.005,686.12,8.53028,16.0649,-0.49519,-0.190106,6.22763,26.5191,26.5191,1.0,1.0,1
122451,31.05.2024 16:02:14.710000,681.592,691.974,8.07972,6.34,6.228,30.2062,4.90593,4.88363,21.0906,22.4942,683.405,684.52,9.16645,16.8962,-0.487236,-0.222848,6.22815,23.3796,23.3796,1.0,1.0,1
122452,31.05.2024 16:02:14.720000,681.592,691.974,8.07972,6.34,6.228,30.2062,4.90593,4.88363,21.0906,22.4942,683.405,684.52,9.16645,16.8962,-0.487236,-0.222848,6.22815,23.3796,23.3796,1.0,1.0,1
122453,31.05.2024 16:02:14.730000,681.592,691.974,8.06709,6.34,6.228,30.2004,4.90789,4.88836,21.8134,25.6585,681.73,682.91,9.75964,17.4078,-0.429074,-0.249583,6.22815,23.3796,23.3796,1.0,1.0,1
122454,31.05.2024 16:02:14.740000,688.843,684.311,8.07621,6.272,6.231,30.1021,4.91923,4.89699,22.8461,26.2879,679.945,681.21,9.90917,17.632,-0.310685,-0.16429,6.22903,18.844,18.844,1.0,1.0,1
122455,31.05.2024 16:02:14.750000,689.584,684.311,8.08261,6.272,6.239,29.9709,4.91697,4.89939,22.8461,26.2879,679.945,681.21,9.90917,17.632,-0.310685,-0.16429,6.22903,18.844,18.844,1.0,1.0,1
122456,31.05.2024 16:02:14.760000,689.584,684.311,8.08261,6.272,6.239,29.9709,4.91697,4.89939,22.8461,26.2879,679.945,681.21,9.90917,17.632,-0.310685,-0.16429,6.22903,18.844,18.844,1.0,1.0,1
122457,31.05.2024 16:02:14.770000,692.468,698.318,8.08261,6.299,6.216,29.9878,4.90919,4.90359,23.1232,25.3319,678.29,679.515,9.78784,17.3536,-0.424988,-0.193862,6.22927,16.1675,16.1675,1.0,1.0,1
122458,31.05.2024 16:02:14.780000,690.573,691.726,8.10898,6.278,6.21,30.0695,4.8809,4.88873,22.1497,26.5109,676.62,677.87,9.53364,17.0831,-0.290684,-0.221364,6.23,16.1675,16.1675,1.0,1.0,1
122459,31.05.2024 16:02:14.790000,690.161,692.55,8.10898,6.254,6.218,30.0695,4.86696,4.88623,20.7876,24.0123,674.865,676.285,8.98301,17.1591,-0.270154,-0.197017,6.23045,13.2812,13.2812,1.0,1.0,1
122460,31.05.2024 16:02:14.800000,690.161,692.55,8.1171,6.254,6.218,30.1683,4.85375,4.88049,20.7876,24.0123,674.865,676.285,8.98301,17.1591,-0.270154,-0.197017,6.23045,13.2812,13.2812,1.0,1.0,1
122461,31.05.2024 16:02:14.810000,693.951,689.502,8.09898,6.285,6.209,30.6283,4.85364,4.87567,19.8865,22.5346,673.165,674.745,8.53546,17.5022,-0.206009,-0.208869,6.23089,10.4239,10.4239,1.0,1.0,1
122462,31.05.2024 16:02:14.820000,693.951,692.468,8.09898,6.336,6.209,30.6283,4.85775,4.86908,19.6366,22.7768,671.54,673.14,8.33241,18.3659,-0.000351429,-0.213712,6.23126,7.704,7.704,1.0,1.0,1
122463,31.05.2024 16:02:14.830000,693.951,692.468,8.09898,6.336,6.209,30.6283,4.85775,4.86908,19.6366,22.7768,671.54,673.14,8.33241,18.3659,-0.000351429,-0.213712,6.23126,7.704,7.704,1.0,1.0,1
122464,31.05.2024 16:02:14.840000,689.914,692.468,8.09317,6.336,6.214,31.2287,4.86649,4.86313,19.0911,18.7748,669.98,671.55,8.30243,18.9254,0.375106,-0.111299,6.23126,4.63686,4.63686,1.0,1.0,1
122465,31.05.2024 16:02:14.850000,689.914,692.468,8.09317,6.336,6.214,31.2287,4.86649,4.86313,19.0911,18.7748,669.98,671.55,8.30243,18.9254,0.375106,-0.111299,6.23126,4.63686,4.63686,1.0,1.0,1
122466,31.05.2024 16:02:14.860000,689.502,689.996,8.10303,6.334,6.232,31.8378,4.89881,4.86344,21.0226,21.279,668.42,670.02,8.91405,19.6533,1.92944,-0.131513,6.23214,4.63686,4.63686,1.0,1.0,1
122467,31.05.2024 16:02:14.870000,690.243,691.809,8.12205,6.272,6.224,32.5998,4.90884,4.85887,22.1743,22.6607,666.87,668.54,10.0218,20.6932,4.89721,0.0236979,6.23269,1.96759,1.96759,1.0,1.0,1
122468,31.05.2024 16:02:14.880000,690.243,691.809,8.13637,6.272,6.224,33.4862,4.89876,4.85794,22.1743,22.6607,666.87,668.54,10.0218,20.6932,4.89721,0.0236979,6.23269,1.96759,1.96759,1.0,1.0,1
122469,31.05.2024 16:02:14.890000,685.629,689.007,8.15245,6.314,6.254,34.4319,4.88862,4.85787,21.4731,20.1295,665.34,667.065,11.5085,21.9615,7.14233,0.268132,6.2331,0.130214,0.130214,1.0,1.0,1
122470,31.05.2024 16:02:14.900000,685.629,692.468,8.15245,6.3,6.254,34.4319,4.87542,4.85483,20.2247,20.8857,663.89,665.535,12.7476,23.437,8.7854,0.970948,6.23373,0.108503,0.108503,1.0,1.0,1
122471,31.05.2024 16:02:14.910000,687.442,692.468,8.14718,6.3,6.214,35.4338,4.86094,4.8456,20.2247,20.8857,663.89,665.535,12.7476,23.437,8.7854,0.970948,6.23373,0.108503,0.108503,1.0,1.0,1
122472,31.05.2024 16:02:14.920000,685.464,684.97,8.14718,6.282,6.268,36.5177,4.84287,4.82195,19.3612,20.805,662.45,664.07,14.215,25.1518,11.0388,1.92386,6.23425,-1.36719,-1.36719,1.0,1.0,1
122473,31.05.2024 16:02:14.930000,685.464,684.97,8.14718,6.282,6.268,36.5177,4.84287,4.82195,19.3612,20.805,662.45,664.07,14.215,25.1518,11.0388,1.92386,6.23425,-1.36719,-1.36719,1.0,1.0,1
122474,31.05.2024 16:02:14.940000,685.464,684.97,8.15655,6.282,6.268,36.5177,4.83298,4.81715,19.7574,17.6111,661.03,662.66,16.0908,26.9918,13.406,3.20058,6.23458,-2.55353,-2.55353,1.0,1.0,1
122475,31.05.2024 16:02:14.950000,687.689,685.464,8.15655,6.364,6.265,37.6099,4.82875,4.80675,18.1373,17.9231,660.165,661.41,12.5859,18.8911,15.6091,4.62819,6.2349,-2.55353,-2.55353,1.0,1.0,1
122476,31.05.2024 16:02:14.960000,687.689,685.464,8.15479,6.364,6.265,38.851,4.82515,4.79969,18.1373,17.9231,660.165,661.41,12.5859,18.8911,15.6091,4.62819,6.2349,-2.55353,-2.55353,1.0,1.0,1
122477,31.05.2024 16:02:14.970000,690.902,691.891,8.1462,6.387,6.254,40.2303,4.82113,4.79933,18.5552,19.8855,660.265,662.185,10.3765,10.9997,17.4949,5.99849,6.23531,-2.32205,-2.32205,1.0,1.0,1
122478,31.05.2024 16:02:14.980000,690.902,687.442,8.1462,6.362,6.254,40.2303,4.8189,4.79922,17.9248,16.6442,659.965,662.93,9.91007,13.9943,18.5754,7.23257,6.2359,-2.86458,-2.86458,1.0,1.0,1
122479,31.05.2024 16:02:14.990000,691.397,687.442,8.14516,6.362,6.28,41.3405,4.81583,4.8007,17.9248,16.6442,659.965,662.93,9.91007,13.9943,18.5754,7.23257,6.2359,-2.86458,-2.86458,1.0,1.0,1
122480,31.05.2024 16:02:15.000000,690.161,688.678,8.14516,6.36,6.285,42.6611,4.81066,4.79994,18.0373,17.5931,660.285,663.045,7.75279,16.8431,18.3413,8.30985,6.23649,-2.86458,-2.86458,1.0,1.0,1
122481,31.05.2024 16:02:15.010000,690.161,688.678,8.15954,6.36,6.285,42.6611,4.80225,4.78878,18.0373,17.5931,660.285,663.045,7.75279,16.8431,18.3413,8.30985,6.23699,-2.86458,-2.86458,1.0,1.0,1
122482,31.05.2024 16:02:15.020000,690.243,685.217,8.17562,6.422,6.325,43.8833,4.7881,4.77374,19.8568,18.1378,660.315,663.225,8.9046,15.5138,16.3266,8.62007,6.23699,-2.43056,-2.43056,1.0,1.0,1
122483,31.05.2024 16:02:15.030000,676.977,691.562,8.17562,6.433,6.366,43.8833,4.77802,4.75566,17.4432,12.4355,660.525,663.485,8.82162,15.839,14.2234,7.8484,6.23722,-2.0978,-2.0978,1.0,1.0,1
122484,31.05.2024 16:02:15.040000,676.977,691.562,8.17358,6.433,6.366,45.091,4.76502,4.72377,17.4432,12.4355,660.525,663.485,8.82162,15.839,14.2234,7.8484,6.23722,-2.0978,-2.0978,1.0,1.0,1
122485,31.05.2024 16:02:15.050000,639.651,685.547,8.12096,6.451,6.541,46.2473,4.76255,4.71284,15.7213,10.4662,660.435,663.695,10.447,16.0086,13.2429,6.49706,6.2378,-1.60591,-1.60591,1.0,1.0,1
122486,31.05.2024 16:02:15.060000,639.651,688.183,8.12096,6.551,6.541,46.2473,4.76551,4.70153,16.7763,12.1054,660.06,663.78,10.2303,15.4436,12.07,5.55376,6.23814,-1.60591,-1.60591,1.0,1.0,1
122487,31.05.2024 16:02:15.070000,630.835,688.183,8.03976,6.551,6.485,47.4101,4.78059,4.69298,16.7763,12.1054,660.06,663.78,10.2303,15.4436,12.07,5.55376,6.23814,-1.60591,-1.60591,1.0,1.0,1
122488,31.05.2024 16:02:15.080000,615.014,677.966,8.03976,6.622,6.487,48.6897,4.81284,4.68554,16.4473,10.8307,659.96,663.925,8.14974,14.3225,9.62717,5.4111,6.23869,-0.817418,-0.817418,1.0,1.0,1
122489,31.05.2024 16:02:15.090000,615.014,677.966,8.02984,6.622,6.487,48.6897,4.81611,4.68546,16.4473,10.8307,659.96,663.925,8.14974,14.3225,9.62717,5.4111,6.2391,-0.817418,-0.817418,1.0,1.0,1
122490,31.05.2024 16:02:15.100000,591.696,665.442,8.0407,6.617,6.453,49.8948,4.82001,4.68942,18.8748,8.86119,659.935,664.05,6.26718,13.0058,7.51907,5.29308,6.2391,-0.817418,-0.817418,1.0,1.0,1
122491,31.05.2024 16:02:15.110000,561.621,653.329,8.0407,6.549,6.44,49.8948,4.82594,4.69884,17.5864,10.2021,660.06,664.18,4.74512,11.7574,7.19891,5.16215,6.23979,-0.622109,-0.622109,1.0,1.0,1
122492,31.05.2024 16:02:15.120000,561.621,653.329,7.95028,6.549,6.44,51.0398,4.82138,4.71942,17.5864,10.2021,660.06,664.18,4.74512,11.7574,7.19891,5.16215,6.23979,-0.622109,-0.622109,1.0,1.0,1
122493,31.05.2024 16:02:15.130000,573.157,614.602,7.83175,6.568,6.461,52.1669,4.81854,4.7394,19.4059,13.4591,660.175,664.375,4.72834,10.4106,7.09542,5.12852,6.24079,-0.846356,-0.846356,1.0,1.0,1
122494,31.05.2024 16:02:15.140000,573.157,590.542,7.83175,6.664,6.461,52.1669,4.8126,4.74197,19.2566,14.1998,660.15,664.55,5.11007,9.43968,6.06503,5.06613,6.24161,-0.89699,-0.89699,1.0,1.0,1
122495,31.05.2024 16:02:15.150000,544.482,590.542,7.81037,6.664,6.406,53.5292,4.80844,4.75233,19.2566,14.1998,660.15,664.55,5.11007,9.43968,6.06503,5.06613,6.24161,-0.89699,-0.89699,1.0,1.0,1
122496,31.05.2024 16:02:15.160000,544.482,590.542,7.81037,6.664,6.406,53.5292,4.80844,4.75233,19.2566,14.1998,660.15,664.55,5.11007,9.43968,6.06503,5.06613,6.24161,-0.89699,-0.89699,1.0,1.0,1
122497,31.05.2024 16:02:15.170000,539.209,601.748,7.81037,6.636,6.338,54.6432,4.78783,4.76829,17.878,12.5386,660.12,664.66,5.14736,8.86804,5.19714,5.00103,6.24243,-0.759549,-0.759549,1.0,1.0,1
122498,31.05.2024 16:02:15.180000,539.209,601.748,7.81037,6.636,6.338,54.6432,4.78783,4.76829,17.878,12.5386,660.12,664.66,5.14736,8.86804,5.19714,5.00103,6.24243,-0.759549,-0.759549,1.0,1.0,1
122499,31.05.2024 16:02:15.190000,543.741,590.048,7.74493,6.576,6.34,55.7884,4.76478,4.75735,18.5863,18.8524,660.01,664.75,5.00944,8.1428,4.83279,4.95781,6.24346,-0.759549,-0.759549,1.0,1.0,1
122500,31.05.2024 16:02:15.200000,543.741,590.048,7.74493,6.576,6.34,55.7884,4.76478,4.75735,18.5863,18.8524,660.01,664.75,5.00944,8.1428,4.83279,4.95781,6.24346,-0.759549,-0.759549,1.0,1.0,1
122501,31.05.2024 16:02:15.210000,541.846,592.355,7.64623,6.602,6.467,56.7794,4.77035,4.75238,15.757,17.0474,659.94,664.875,4.04008,7.14444,4.25909,4.80336,6.24477,-0.860825,-0.860825,1.0,1.0,1
122502,31.05.2024 16:02:15.220000,554.37,601.913,7.54502,6.69,6.462,57.9279,4.79642,4.73626,19.4743,17.3783,659.88,664.97,2.18576,6.76362,3.19703,4.53134,6.24582,-0.795715,-0.795715,1.0,1.0,1
122503,31.05.2024 16:02:15.230000,551.651,601.913,7.49038,6.69,6.465,59.1425,4.80715,4.73131,19.4743,17.3783,659.88,664.97,2.18576,6.76362,3.19703,4.53134,6.24582,-0.795715,-0.795715,1.0,1.0,1
122504,31.05.2024 16:02:15.240000,551.651,601.913,7.49038,6.69,6.465,59.1425,4.80715,4.73131,19.4743,17.3783,659.88,664.97,2.18576,6.76362,3.19703,4.53134,6.24582,-0.795715,-0.795715,1.0,1.0,1
122505,31.05.2024 16:02:15.250000,546.872,600.595,7.49038,6.634,6.452,60.2611,4.82181,4.7202,19.1955,15.2155,659.97,664.975,1.9194,6.05397,3.41103,4.54948,6.24654,-0.940397,-0.940397,1.0,1.0,1
122506,31.05.2024 16:02:15.260000,550.497,595.074,7.40175,6.596,6.452,61.2446,4.82276,4.7146,19.0735,12.9306,659.935,665.015,2.36715,5.54078,3.60758,4.44823,6.24735,-0.643805,-0.643805,1.0,1.0,1
122507,31.05.2024 16:02:15.270000,544.153,594.003,7.40175,6.664,6.472,61.2446,4.81525,4.71113,20.5185,13.2969,659.875,665.015,2.59496,5.27343,3.7014,4.29032,6.2482,0.282124,0.282124,1.0,1.0,1
122508,31.05.2024 16:02:15.280000,544.153,594.003,7.31339,6.664,6.472,62.4139,4.80982,4.706,20.5185,13.2969,659.875,665.015,2.59496,5.27343,3.7014,4.29032,6.2482,0.282124,0.282124,1.0,1.0,1
122509,31.05.2024 16:02:15.290000,551.321,598.7,7.13603,6.675,6.475,63.6106,4.803,4.70728,18.2773,12.6704,659.74,665.01,2.75506,4.94084,3.82092,4.13206,6.24886,0.282124,0.282124,1.0,1.0,1
122510,31.05.2024 16:02:15.300000,551.321,605.539,7.13603,6.648,6.475,63.6106,4.79979,4.7136,19.296,11.7585,659.62,664.98,2.30887,4.68224,3.89499,3.81183,6.24951,0.282124,0.282124,1.0,1.0,1
122511,31.05.2024 16:02:15.310000,549.179,605.539,7.03549,6.648,6.488,64.7413,4.7913,4.71584,19.296,11.7585,659.62,664.98,2.30887,4.68224,3.89499,3.81183,6.24951,0.282124,0.282124,1.0,1.0,1
122512,31.05.2024 16:02:15.320000,549.179,605.539,7.03549,6.648,6.488,64.7413,4.7913,4.71584,19.296,11.7585,659.62,664.98,2.30887,4.68224,3.89499,3.81183,6.24951,0.282124,0.282124,1.0,1.0,1
122513,31.05.2024 16:02:15.330000,557.913,599.359,7.03549,6.616,6.502,65.855,4.79002,4.70562,17.3102,15.0484,659.45,664.945,1.98057,4.39314,3.58078,3.66006,6.25027,0.918686,0.918686,1.0,1.0,1
122514,31.05.2024 16:02:15.340000,557.913,599.359,7.03549,6.616,6.502,65.855,4.79002,4.70562,17.3102,15.0484,659.45,664.945,1.98057,4.39314,3.58078,3.66006,6.25027,0.918686,0.918686,1.0,1.0,1
122515,31.05.2024 16:02:15.350000,541.186,588.647,6.91766,6.671,6.429,67.0797,4.78528,4.71117,17.186,12.171,659.365,664.89,1.29581,3.96971,2.76821,3.56028,6.25123,0.918686,0.918686,1.0,1.0,1
122516,31.05.2024 16:02:15.360000,551.404,569.201,6.84941,6.703,6.477,68.2348,4.80089,4.70748,17.7912,11.1427,659.285,664.855,1.10751,3.6244,2.49282,3.43813,6.25182,0.918686,0.918686,1.0,1.0,1
122517,31.05.2024 16:02:15.370000,551.404,569.201,6.84941,6.703,6.477,68.2348,4.80089,4.70748,17.7912,11.1427,659.285,664.855,1.10751,3.6244,2.49282,3.43813,6.25182,0.918686,0.918686,1.0,1.0,1
122518,31.05.2024 16:02:15.380000,549.426,567.718,6.72418,6.68,6.437,69.289,4.80221,4.71272,18.5332,15.4472,659.165,664.83,1.30413,3.43638,2.67549,3.40333,6.25251,1.76505,1.76505,1.0,1.0,1
122519,31.05.2024 16:02:15.390000,549.426,567.718,6.72418,6.68,6.437,69.289,4.80221,4.71272,18.5332,15.4472,659.165,664.83,1.30413,3.43638,2.67549,3.40333,6.25251,1.76505,1.76505,1.0,1.0,1
122520,31.05.2024 16:02:15.400000,554.37,597.217,6.63063,6.634,6.393,70.2758,4.80727,4.73093,18.1256,14.6327,659.03,664.79,1.77052,3.3059,2.75444,3.39464,6.25316,2.65481,2.65481,1.0,1.0,1
122521,31.05.2024 16:02:15.410000,547.531,597.629,6.59802,6.615,6.408,71.6274,4.78716,4.73038,18.561,13.0836,658.585,664.635,2.31004,3.34078,2.81966,3.28689,6.25426,2.65481,2.65481,1.0,1.0,1
122522,31.05.2024 16:02:15.420000,555.688,586.34,6.55459,6.666,6.359,73.072,4.77937,4.75634,18.561,13.0836,658.585,664.635,2.31004,3.34078,2.81966,3.28689,6.25426,3.19733,3.19733,1.0,1.0,1
122523,31.05.2024 16:02:15.430000,555.688,586.34,6.55459,6.666,6.359,73.072,4.77937,4.75634,18.561,13.0836,658.585,664.635,2.31004,3.34078,2.81966,3.28689,6.25426,3.19733,3.19733,1.0,1.0,1
122524,31.05.2024 16:02:15.440000,547.201,567.389,6.55459,6.596,6.296,73.072,4.7821,4.75594,16.5103,17.5127,658.33,664.52,2.34135,3.12747,2.72744,3.24251,6.25489,3.49393,3.49393,1.0,1.0,1
122525,31.05.2024 16:02:15.450000,550.168,589.883,6.39047,6.581,6.325,75.6521,4.79888,4.75145,19.4268,15.3732,658.125,664.445,2.10208,2.67024,2.80174,3.15734,6.25512,3.84115,3.84115,1.0,1.0,1
122526,31.05.2024 16:02:15.460000,550.168,583.374,6.39047,6.604,6.325,75.6521,4.81429,4.74943,19.0962,16.4844,657.935,664.395,2.22863,2.46727,2.8428,3.12794,6.25574,4.30411,4.30411,1.0,1.0,1
122527,31.05.2024 16:02:15.470000,551.816,583.374,6.34874,6.604,6.26,76.5438,4.83638,4.74771,19.0962,16.4844,657.935,664.395,2.22863,2.46727,2.8428,3.12794,6.25574,4.30411,4.30411,1.0,1.0,1
122528,31.05.2024 16:02:15.480000,549.508,579.584,6.34874,6.57,6.283,77.3804,4.8669,4.76341,20.3606,16.8068,657.72,664.34,2.56598,2.60832,2.5337,3.10519,6.25541,4.74538,4.74538,1.0,1.0,1
122529,31.05.2024 16:02:15.490000,549.508,579.584,6.33321,6.57,6.283,77.3804,4.86182,4.75666,20.3606,16.8068,657.72,664.34,2.56598,2.60832,2.5337,3.10519,6.25549,4.74538,4.74538,1.0,1.0,1
122530,31.05.2024 16:02:15.500000,556.759,583.621,6.30027,6.517,6.226,78.4304,4.8639,4.73438,24.7684,16.4787,657.485,664.22,2.92026,2.73814,2.32504,2.99654,6.25549,4.74538,4.74538,1.0,1.0,1
122531,31.05.2024 16:02:15.510000,552.804,599.359,6.30027,6.468,6.176,78.4304,4.85269,4.72876,20.6192,15.9168,657.24,664.085,3.20071,2.64064,1.90548,2.97396,6.25553,4.75983,4.75983,1.0,1.0,1
122532,31.05.2024 16:02:15.520000,552.804,599.359,6.30027,6.468,6.176,78.4304,4.85269,4.72876,20.6192,15.9168,657.24,664.085,3.20071,2.64064,1.90548,2.97396,6.25553,4.75983,4.75983,1.0,1.0,1
122533,31.05.2024 16:02:15.530000,552.804,599.359,6.29667,6.468,6.176,80.0685,4.8243,4.74587,21.914,15.4886,657.005,663.96,3.42898,2.31851,1.76547,3.04982,6.25553,5.61342,5.61342,1.0,1.0,1
122534,31.05.2024 16:02:15.540000,558.902,562.28,6.24903,6.546,6.186,81.844,4.78462,4.73624,18.9314,21.2703,656.76,663.86,3.63495,2.19919,2.07402,2.98973,6.2555,6.06193,6.06193,1.0,1.0,1
122535,31.05.2024 16:02:15.550000,541.598,562.28,6.22316,6.546,6.171,83.4555,4.77163,4.73236,18.9314,21.2703,656.76,663.86,3.63495,2.19919,2.07402,2.98973,6.2555,6.06193,6.06193,1.0,1.0,1
122536,31.05.2024 16:02:15.560000,541.598,562.28,6.22316,6.546,6.171,83.4555,4.77163,4.73236,18.9314,21.2703,656.76,663.86,3.63495,2.19919,2.07402,2.98973,6.2555,6.06193,6.06193,1.0,1.0,1
122537,31.05.2024 16:02:15.570000,558.572,544.812,6.22316,6.511,6.243,84.6127,4.77539,4.75839,16.8241,14.5024,656.565,663.78,3.79972,2.19307,2.25032,2.90818,6.25502,7.33507,7.33507,1.0,1.0,1
122538,31.05.2024 16:02:15.580000,558.572,544.812,6.22316,6.511,6.243,84.6127,4.77539,4.75839,16.8241,14.5024,656.565,663.78,3.79972,2.19307,2.25032,2.90818,6.25502,7.33507,7.33507,1.0,1.0,1
122539,31.05.2024 16:02:15.590000,551.898,577.112,6.23942,6.435,6.191,85.582,4.80883,4.74258,16.0525,13.9125,656.34,663.675,4.19379,2.3324,2.3903,2.87286,6.25482,7.33507,7.33507,1.0,1.0,1
122540,31.05.2024 16:02:15.600000,551.898,577.112,6.23942,6.435,6.191,85.582,4.80883,4.74258,16.0525,13.9125,656.34,663.675,4.19379,2.3324,2.3903,2.87286,6.25482,7.33507,7.33507,1.0,1.0,1
122541,31.05.2024 16:02:15.610000,550.415,592.602,6.27662,6.421,6.167,86.2604,4.87425,4.74951,19.9859,20.5156,656.13,663.545,4.66365,2.58258,2.54404,2.83329,6.25438,7.60995,7.60995,1.0,1.0,1
122542,31.05.2024 16:02:15.620000,550.415,592.602,6.27662,6.421,6.167,86.2604,4.87425,4.74951,19.9859,20.5156,656.13,663.545,4.66365,2.58258,2.54404,2.83329,6.25438,7.60995,7.60995,1.0,1.0,1
122543,31.05.2024 16:02:15.630000,545.801,576.947,6.28011,6.413,6.162,86.7271,4.89506,4.75573,23.0509,13.6586,655.7,663.195,5.92893,2.39711,2.92337,2.74714,6.25307,8.08015,8.08015,1.0,1.0,1
122544,31.05.2024 16:02:15.640000,514.984,588.4,6.26395,6.342,6.221,87.5062,4.87536,4.7685,22.2938,19.9853,655.51,663.065,6.28814,2.02825,3.26076,2.73907,6.25246,8.3261,8.3261,1.0,1.0,1
122545,31.05.2024 16:02:15.650000,514.984,588.4,6.26395,6.342,6.221,87.5062,4.87536,4.7685,22.2938,19.9853,655.51,663.065,6.28814,2.02825,3.26076,2.73907,6.25246,8.3261,8.3261,1.0,1.0,1
122546,31.05.2024 16:02:15.660000,514.984,588.4,6.25582,6.342,6.221,87.5062,4.86443,4.77332,20.845,19.6339,655.34,663.0,6.81078,2.08157,3.63464,2.74713,6.25178,8.23929,8.23929,1.0,1.0,1
122547,31.05.2024 16:02:15.670000,520.587,567.801,6.31065,6.393,6.154,87.7778,4.84303,4.78432,20.4623,15.3202,655.175,662.88,7.39298,2.56137,4.05025,2.70994,6.25125,8.29717,8.29717,1.0,1.0,1
122548,31.05.2024 16:02:15.680000,520.587,567.801,6.35049,6.393,6.154,87.9373,4.8313,4.78157,20.4623,15.3202,655.175,662.88,7.39298,2.56137,4.05025,2.70994,6.25125,8.29717,8.29717,1.0,1.0,1
122549,31.05.2024 16:02:15.690000,517.209,571.261,6.35392,6.303,6.208,88.0729,4.82247,4.76599,19.6519,19.2503,654.995,662.67,7.95798,2.98293,4.43424,2.75131,6.25048,8.29717,8.29717,1.0,1.0,1
122550,31.05.2024 16:02:15.700000,517.209,591.449,6.35392,6.268,6.208,88.0729,4.81275,4.75481,18.4257,16.5994,654.835,662.455,8.153,2.91323,4.67347,2.78976,6.25016,8.76013,8.76013,1.0,1.0,1
122551,31.05.2024 16:02:15.710000,502.377,591.449,6.36622,6.268,6.242,88.176,4.80342,4.74415,18.4257,16.5994,654.835,662.455,8.153,2.91323,4.67347,2.78976,6.25016,8.76013,8.76013,1.0,1.0,1
122552,31.05.2024 16:02:15.720000,502.377,591.449,6.36622,6.268,6.242,88.176,4.80342,4.74415,18.4257,16.5994,654.835,662.455,8.153,2.91323,4.67347,2.78976,6.25016,8.76013,8.76013,1.0,1.0,1
122553,31.05.2024 16:02:15.730000,478.4,582.715,6.36622,6.317,6.254,88.2238,4.79496,4.72031,17.7096,12.6877,654.765,662.295,8.22057,2.51502,4.95319,2.834,6.25007,8.74566,8.74566,1.0,1.0,1
122554,31.05.2024 16:02:15.740000,468.347,528.662,6.36314,6.388,6.224,88.2592,4.79985,4.70204,17.7434,16.0959,654.7,662.235,8.67556,2.46225,5.17792,2.83433,6.24966,8.74566,8.74566,1.0,1.0,1
122555,31.05.2024 16:02:15.750000,468.347,528.662,6.36314,6.388,6.224,88.2592,4.79985,4.70204,17.7434,16.0959,654.7,662.235,8.67556,2.46225,5.17792,2.83433,6.24966,8.74566,8.74566,1.0,1.0,1
122556,31.05.2024 16:02:15.760000,460.766,508.227,6.36314,6.346,6.268,88.2592,4.80496,4.68439,17.4799,14.3287,654.63,662.12,9.05055,3.07632,5.22187,2.98271,6.24933,9.04947,9.04947,1.0,1.0,1
122557,31.05.2024 16:02:15.770000,436.954,522.729,6.40933,6.291,6.296,88.3185,4.81702,4.67537,16.6109,8.02138,654.51,661.93,9.44625,3.66777,5.3497,3.07253,6.24914,8.9048,8.9048,1.0,1.0,1
122558,31.05.2024 16:02:15.780000,436.954,497.104,6.40933,6.359,6.296,88.3185,4.81432,4.6732,17.7918,9.92158,654.42,661.675,9.33098,3.84711,5.56284,3.24331,6.24927,9.01331,9.01331,1.0,1.0,1
122559,31.05.2024 16:02:15.790000,424.512,497.104,6.41238,6.359,6.284,88.3729,4.81779,4.66792,17.7918,9.92158,654.42,661.675,9.33098,3.84711,5.56284,3.24331,6.24927,9.01331,9.01331,1.0,1.0,1
122560,31.05.2024 16:02:15.800000,424.512,497.104,6.41238,6.359,6.284,88.3729,4.81779,4.66792,17.7918,9.92158,654.42,661.675,9.33098,3.84711,5.56284,3.24331,6.24927,9.01331,9.01331,1.0,1.0,1
122561,31.05.2024 16:02:15.810000,415.201,452.032,6.41238,6.433,6.284,88.4307,4.81105,4.6706,18.8941,11.0897,654.375,661.475,9.21119,3.44798,5.64985,3.43444,6.24941,9.01331,9.01331,1.0,1.0,1
122562,31.05.2024 16:02:15.820000,415.201,452.032,6.41238,6.433,6.284,88.4307,4.81105,4.6706,18.8941,11.0897,654.375,661.475,9.21119,3.44798,5.64985,3.43444,6.24941,9.01331,9.01331,1.0,1.0,1
122563,31.05.2024 16:02:15.830000,405.972,410.257,6.38354,6.372,6.26,88.4061,4.81072,4.68564,16.7354,8.69415,654.35,661.365,9.08483,3.14508,5.72601,3.54869,6.24974,9.01331,9.01331,1.0,1.0,1
122564,31.05.2024 16:02:15.840000,405.972,410.257,6.38354,6.372,6.26,88.4061,4.81072,4.68564,16.7354,8.69415,654.35,661.365,9.08483,3.14508,5.72601,3.54869,6.24974,9.01331,9.01331,1.0,1.0,1
122565,31.05.2024 16:02:15.850000,386.691,425.171,6.39999,6.355,6.311,88.4245,4.80236,4.68949,15.0084,10.745,654.35,661.3,9.0881,3.44671,5.86885,3.87117,6.24982,8.91204,8.91204,1.0,1.0,1
122566,31.05.2024 16:02:15.860000,376.309,362.631,6.39563,6.442,6.293,88.4526,4.8033,4.70405,14.437,10.9894,654.305,660.965,9.49985,4.90269,6.1521,4.30632,6.25039,9.40393,9.40393,1.0,1.0,1
122567,31.05.2024 16:02:15.870000,370.541,362.631,6.38443,6.442,6.276,88.5045,4.80521,4.70208,14.437,10.9894,654.305,660.965,9.49985,4.90269,6.1521,4.30632,6.25039,9.40393,9.40393,1.0,1.0,1
122568,31.05.2024 16:02:15.880000,370.541,362.631,6.38443,6.442,6.276,88.5045,4.80521,4.70208,14.437,10.9894,654.305,660.965,9.49985,4.90269,6.1521,4.30632,6.25039,9.40393,9.40393,1.0,1.0,1
122569,31.05.2024 16:02:15.890000,357.687,341.043,6.38443,6.406,6.276,88.5431,4.78898,4.69653,16.1129,12.9058,654.23,660.73,9.4994,4.81254,6.16874,4.44222,6.25068,9.45457,9.45457,1.0,1.0,1
122570,31.05.2024 16:02:15.900000,339.23,354.391,6.38079,6.337,6.284,88.6238,4.7862,4.7054,16.0597,13.4343,654.215,660.58,9.11388,4.43111,6.12423,4.6431,6.25088,9.61372,9.61372,1.0,1.0,1
122571,31.05.2024 16:02:15.910000,338.818,327.035,6.38079,6.37,6.239,88.6238,4.78623,4.70928,14.7889,12.1814,654.21,660.49,8.90798,4.30273,6.13842,4.80904,6.25185,9.54138,9.54138,1.0,1.0,1
122572,31.05.2024 16:02:15.920000,338.818,327.035,6.35244,6.37,6.239,88.5989,4.78774,4.712,14.7889,12.1814,654.21,660.49,8.90798,4.30273,6.13842,4.80904,6.25185,9.54138,9.54138,1.0,1.0,1
122573,31.05.2024 16:02:15.930000,337.5,295.23,6.34717,6.399,6.238,88.591,4.79903,4.70024,16.0919,13.7192,654.225,660.41,8.84614,4.5483,6.41157,4.92027,6.25202,9.91753,9.91753,1.0,1.0,1
122574,31.05.2024 16:02:15.940000,337.5,273.312,6.34717,6.39,6.238,88.591,4.81122,4.6956,15.7737,13.1482,654.235,660.31,8.92641,4.97719,6.73556,5.0629,6.25283,10.3516,10.3516,1.0,1.0,1
122575,31.05.2024 16:02:15.950000,316.901,273.312,6.35999,6.39,6.248,88.6268,4.82038,4.70047,15.7737,13.1482,654.235,660.31,8.92641,4.97719,6.73556,5.0629,6.25283,10.3516,10.3516,1.0,1.0,1
122576,31.05.2024 16:02:15.960000,316.901,273.312,6.35999,6.39,6.248,88.6268,4.82038,4.70047,15.7737,13.1482,654.235,660.31,8.92641,4.97719,6.73556,5.0629,6.25283,10.3516,10.3516,1.0,1.0,1
122577,31.05.2024 16:02:15.970000,300.998,279.492,6.35999,6.31,6.227,88.5905,4.83917,4.7069,16.7472,13.4956,654.22,660.15,9.07849,5.46395,6.99443,5.21837,6.25336,10.3516,10.3516,1.0,1.0,1
122578,31.05.2024 16:02:15.980000,300.998,279.492,6.35999,6.31,6.227,88.5905,4.83917,4.7069,16.7472,13.4956,654.22,660.15,9.07849,5.46395,6.99443,5.21837,6.25336,10.3516,10.3516,1.0,1.0,1
122579,31.05.2024 16:02:15.990000,299.679,253.784,6.33665,6.335,6.215,88.4921,4.84595,4.70375,17.4319,14.665,654.2,659.965,9.1728,5.57348,7.10827,5.47479,6.25394,10.3516,10.3516,1.0,1.0,1
122580,31.05.2024 16:02:16.000000,299.679,253.784,6.33665,6.335,6.215,88.4921,4.84595,4.70375,17.4319,14.665,654.2,659.965,9.1728,5.57348,7.10827,5.47479,6.25394,10.3516,10.3516,1.0,1.0,1
122581,31.05.2024 16:02:16.010000,286.084,221.649,6.33836,6.389,6.226,88.565,4.84288,4.71154,18.652,13.3343,654.2,659.8,9.18253,5.31385,7.13864,5.58272,6.25431,10.7567,10.7567,1.0,1.0,1
122582,31.05.2024 16:02:16.020000,264.908,193.057,6.35008,6.294,6.236,88.558,4.83851,4.70911,16.7465,14.4589,654.2,659.64,9.35291,5.11415,7.18373,5.90062,6.25483,10.8073,10.8073,1.0,1.0,1
122583,31.05.2024 16:02:16.030000,264.908,193.057,6.35008,6.294,6.236,88.558,4.83851,4.70911,16.7465,14.4589,654.2,659.64,9.35291,5.11415,7.18373,5.90062,6.25483,10.8073,10.8073,1.0,1.0,1
122584,31.05.2024 16:02:16.040000,244.556,193.057,6.35205,6.294,6.213,88.4976,4.83439,4.70465,16.5768,12.4691,654.215,659.54,9.44485,5.43518,7.20002,6.0689,6.25483,10.8652,10.8652,1.0,1.0,1
122585,31.05.2024 16:02:16.050000,237.964,175.342,6.34029,6.29,6.199,88.4937,4.81926,4.70451,15.5341,11.4411,654.225,659.44,9.74982,5.57694,7.35073,6.35263,6.25545,10.8652,10.8652,1.0,1.0,1
122586,31.05.2024 16:02:16.060000,225.604,160.757,6.34829,6.304,6.181,88.5933,4.81356,4.70296,15.5341,11.4411,654.225,659.44,9.74982,5.57694,7.35073,6.35263,6.25545,10.6626,10.6626,1.0,1.0,1
122587,31.05.2024 16:02:16.070000,225.604,160.757,6.34829,6.304,6.181,88.5933,4.81356,4.70296,15.5341,11.4411,654.225,659.44,9.74982,5.57694,7.35073,6.35263,6.25545,10.6626,10.6626,1.0,1.0,1
122588,31.05.2024 16:02:16.080000,206.818,114.12,6.34829,6.327,6.192,88.5933,4.81153,4.70151,14.5382,11.0994,654.18,659.31,9.94118,5.74595,7.3947,6.81872,6.25554,10.6626,10.6626,1.0,1.0,1
122589,31.05.2024 16:02:16.090000,181.522,109.094,6.35703,6.278,6.2,88.5752,4.8149,4.69884,15.1148,12.6702,654.155,659.18,9.76207,5.67027,7.32891,7.04275,6.25571,10.706,10.706,1.0,1.0,1
122590,31.05.2024 16:02:16.100000,181.522,100.937,6.35703,6.266,6.2,88.5752,4.82236,4.69839,13.3566,11.3661,654.155,659.09,9.54874,5.52599,7.38861,7.15399,6.25612,10.6554,10.6554,1.0,1.0,1
122591,31.05.2024 16:02:16.110000,146.585,100.937,6.35277,6.266,6.23,88.5963,4.82938,4.69469,13.3566,11.3661,654.155,659.09,9.54874,5.52599,7.38861,7.15399,6.25612,10.6554,10.6554,1.0,1.0,1
122592,31.05.2024 16:02:16.120000,136.368,96.7346,6.35277,6.284,6.231,88.6099,4.84594,4.6896,14.8243,10.3501,654.19,659.03,9.48985,5.49181,7.30564,7.39326,6.25642,10.6554,10.6554,1.0,1.0,1
122593,31.05.2024 16:02:16.130000,136.368,96.7346,6.36066,6.284,6.231,88.6099,4.85491,4.68921,14.8243,10.3501,654.19,659.03,9.48985,5.49181,7.30564,7.39326,6.25655,10.6554,10.6554,1.0,1.0,1
122594,31.05.2024 16:02:16.140000,121.866,52.0752,6.37812,6.289,6.218,88.6438,4.86304,4.69005,16.1227,13.2633,654.205,658.965,9.67856,5.78485,7.35132,7.77686,6.25655,10.5179,10.5179,1.0,1.0,1
122595,31.05.2024 16:02:16.150000,114.45,24.5544,6.37812,6.298,6.233,88.6438,4.86807,4.69086,15.7671,11.3113,654.19,658.885,9.97861,6.01185,7.40466,8.31998,6.25668,10.3588,10.3588,1.0,1.0,1
122596,31.05.2024 16:02:16.160000,114.45,24.5544,6.37812,6.298,6.233,88.6438,4.86807,4.69086,15.7671,11.3113,654.19,658.885,9.97861,6.01185,7.40466,8.31998,6.25668,10.3588,10.3588,1.0,1.0,1
122597,31.05.2024 16:02:16.170000,114.45,24.5544,6.37898,6.298,6.233,88.6912,4.86911,4.68929,16.0058,11.6577,654.18,658.77,10.1443,6.21558,7.48353,8.80798,6.25668,10.4601,10.4601,1.0,1.0,1
122598,31.05.2024 16:02:16.180000,100.69,-30.0751,6.3733,6.267,6.25,88.7046,4.8564,4.68422,15.5321,11.5219,654.18,658.615,10.0322,6.14989,7.57048,9.06399,6.25712,10.5686,10.5686,1.0,1.0,1
122599,31.05.2024 16:02:16.190000,91.7907,-30.0751,6.37669,6.267,6.226,88.7336,4.85169,4.6845,15.5321,11.5219,654.18,658.615,10.0322,6.14989,7.57048,9.06399,6.25712,10.5686,10.5686,1.0,1.0,1
122600,31.05.2024 16:02:16.200000,91.7907,-30.0751,6.37669,6.267,6.226,88.7336,4.85169,4.6845,15.5321,11.5219,654.18,658.615,10.0322,6.14989,7.57048,9.06399,6.25712,10.5686,10.5686,1.0,1.0,1
122601,31.05.2024 16:02:16.210000,51.416,-40.5395,6.37669,6.24,6.251,88.7132,4.83983,4.68095,15.3407,10.8083,654.2,658.52,9.98646,5.64098,7.72965,9.14288,6.25744,10.7205,10.7205,0.0,1.0,1
122602,31.05.2024 16:02:16.220000,44.165,-52.9816,6.3546,6.226,6.23,88.6416,4.83298,4.68126,13.0076,10.5492,654.25,658.5,9.92902,5.34927,7.9325,9.35535,6.2575,10.706,10.706,0.0,1.0,1
122603,31.05.2024 16:02:16.230000,8.40454,-103.656,6.3546,6.254,6.226,88.6416,4.82771,4.68206,15.4077,13.1778,654.28,658.5,10.2762,5.63785,8.18445,9.45434,6.25817,10.3733,10.3733,0.0,1.0,1
122604,31.05.2024 16:02:16.240000,8.40454,-103.656,6.36015,6.254,6.226,88.724,4.81549,4.68136,15.4077,13.1778,654.28,658.5,10.2762,5.63785,8.18445,9.45434,6.25817,10.3733,10.3733,0.0,1.0,1
122605,31.05.2024 16:02:16.250000,-26.12,-116.51,6.35991,6.305,6.242,88.6578,4.81013,4.68058,13.3008,10.6536,654.295,658.435,10.6895,6.23052,8.58956,9.69062,6.25839,10.5179,10.5179,0.0,1.0,1
122606,31.05.2024 16:02:16.260000,-26.12,-116.51,6.35991,6.305,6.242,88.6578,4.81013,4.68058,13.3008,10.6536,654.295,658.435,10.6895,6.23052,8.58956,9.69062,6.25839,10.5179,10.5179,0.0,1.0,1
122607,31.05.2024 16:02:16.270000,-26.12,-128.375,6.35991,6.334,6.242,88.6578,4.80735,4.68065,13.1477,11.36,654.295,658.31,11.03,6.57693,8.8486,9.97499,6.25885,10.1707,10.1707,0.0,1.0,1
122608,31.05.2024 16:02:16.280000,-52.7344,-148.727,6.35732,6.312,6.24,88.6018,4.80902,4.68305,12.9857,13.7122,654.285,658.175,11.1623,6.37196,9.13812,10.1361,6.25906,10.1201,10.1201,0.0,1.0,1
122609,31.05.2024 16:02:16.290000,-52.7344,-148.727,6.34921,6.312,6.24,88.6018,4.81685,4.68207,12.9857,13.7122,654.285,658.175,11.1623,6.37196,9.13812,10.1361,6.25981,10.1201,10.1201,0.0,1.0,1
122610,31.05.2024 16:02:16.300000,-79.5135,-160.181,6.35367,6.286,6.252,88.6628,4.82535,4.68081,12.0648,10.8141,654.305,658.135,11.179,5.91015,9.31747,10.1932,6.25981,9.96818,9.96818,0.0,1.0,1
122611,31.05.2024 16:02:16.310000,-92.4499,-166.196,6.35367,6.278,6.227,88.6628,4.83278,4.68191,13.723,10.8254,654.35,658.13,11.2855,6.02105,9.48452,10.3309,6.2602,9.96818,9.96818,0.0,1.0,1
122612,31.05.2024 16:02:16.320000,-92.4499,-166.196,6.35367,6.278,6.227,88.6628,4.83278,4.68191,13.723,10.8254,654.35,658.13,11.2855,6.02105,9.48452,10.3309,6.2602,9.96818,9.96818,0.0,1.0,1
122613,31.05.2024 16:02:16.330000,-92.4499,-166.196,6.35086,6.278,6.227,88.6608,4.84093,4.68226,13.4194,10.9938,654.36,658.11,11.572,6.47344,9.77789,10.7436,6.2602,9.92477,9.92477,0.0,1.0,1
122614,31.05.2024 16:02:16.340000,-95.4162,-193.469,6.35309,6.296,6.203,88.6806,4.85409,4.68242,13.379,9.13609,654.36,658.02,11.701,6.79258,9.65181,11.2786,6.26126,9.92477,9.92477,0.0,1.0,1
122615,31.05.2024 16:02:16.350000,-107.446,-193.469,6.35534,6.296,6.237,88.6854,4.85397,4.68242,13.379,9.13609,654.36,658.02,11.701,6.79258,9.65181,11.2786,6.26126,9.92477,9.92477,0.0,1.0,1
122616,31.05.2024 16:02:16.360000,-111.813,-220.084,6.35534,6.276,6.249,88.6945,4.85169,4.68243,13.1123,10.2747,654.35,657.94,11.7277,6.81268,9.59227,11.7193,6.26184,9.92477,9.92477,0.0,1.0,1
122617,31.05.2024 16:02:16.370000,-111.813,-220.084,6.35439,6.276,6.249,88.6945,4.8507,4.68146,13.1123,10.2747,654.35,657.94,11.7277,6.81268,9.59227,11.7193,6.26261,9.92477,9.92477,0.0,1.0,1
122618,31.05.2024 16:02:16.380000,-107.693,-222.885,6.3491,6.275,6.219,88.5784,4.84934,4.68212,13.2307,10.0405,654.36,657.86,11.6953,6.65561,9.66782,11.8721,6.26261,9.87413,9.87413,0.0,1.0,1
122619,31.05.2024 16:02:16.390000,-116.592,-244.72,6.3491,6.288,6.241,88.5784,4.84868,4.68082,13.2454,10.3316,654.375,657.805,11.5214,6.58258,9.70608,11.94,6.26285,9.87413,9.87413,0.0,1.0,1
122620,31.05.2024 16:02:16.400000,-116.592,-244.72,6.36,6.288,6.241,88.6649,4.84347,4.68028,13.2454,10.3316,654.375,657.805,11.5214,6.58258,9.70608,11.94,6.26285,9.87413,9.87413,0.0,1.0,1
122621,31.05.2024 16:02:16.410000,-117.746,-260.788,6.35797,6.292,6.222,88.6721,4.84134,4.68175,12.3913,10.5118,654.425,657.79,11.4745,6.5293,9.73851,12.0722,6.26305,9.87413,9.87413,0.0,1.0,1
122622,31.05.2024 16:02:16.420000,-117.746,-272.736,6.35797,6.275,6.222,88.6721,4.83861,4.68221,12.2716,12.1829,654.445,657.79,11.5784,6.66414,9.71223,12.1486,6.26342,9.62095,9.62095,0.0,1.0,1
122623,31.05.2024 16:02:16.430000,-127.222,-272.736,6.37219,6.275,6.208,88.6628,4.83582,4.68236,12.2716,12.1829,654.445,657.79,11.5784,6.66414,9.71223,12.1486,6.26342,9.62095,9.62095,0.0,1.0,1
122624,31.05.2024 16:02:16.440000,-129.858,-270.923,6.37219,6.263,6.215,88.6548,4.82934,4.682,12.1434,9.09641,654.455,657.77,11.5833,7.03438,9.67902,12.4508,6.26381,9.63541,9.63541,0.0,1.0,1
122625,31.05.2024 16:02:16.450000,-129.858,-270.923,6.37586,6.263,6.215,88.6548,4.82752,4.68198,12.1434,9.09641,654.455,657.77,11.5833,7.03438,9.67902,12.4508,6.26408,9.63541,9.63541,0.0,1.0,1
122626,31.05.2024 16:02:16.460000,-129.858,-270.923,6.37586,6.263,6.215,88.6548,4.82752,4.68198,12.1434,9.09641,654.455,657.77,11.5833,7.03438,9.67902,12.4508,6.26408,9.63541,9.63541,0.0,1.0,1
122627,31.05.2024 16:02:16.470000,-157.873,-292.099,6.38349,6.265,6.232,88.6794,4.82799,4.68229,10.9422,9.735,654.455,657.705,11.3893,7.42242,9.5839,12.9225,6.26408,9.41841,9.41841,0.0,1.0,1
122628,31.05.2024 16:02:16.480000,-157.873,-292.099,6.38349,6.265,6.232,88.6794,4.82799,4.68229,10.9422,9.735,654.455,657.705,11.3893,7.42242,9.5839,12.9225,6.26408,9.41841,9.41841,0.0,1.0,1
122629,31.05.2024 16:02:16.490000,-168.42,-295.972,6.3925,6.267,6.233,88.6243,4.84051,4.68252,12.382,9.52843,654.475,657.615,11.1356,7.37251,9.63134,13.2856,6.26453,9.10735,9.10735,0.0,1.0,1
122630,31.05.2024 16:02:16.500000,-176.825,-320.196,6.39736,6.243,6.212,88.6725,4.85677,4.68189,13.2703,10.0832,654.535,657.575,10.7302,7.06107,9.89538,13.3771,6.26524,9.21585,9.21585,0.0,1.0,1
122631,31.05.2024 16:02:16.510000,-176.825,-320.196,6.39736,6.243,6.212,88.6725,4.85677,4.68189,13.2703,10.0832,654.535,657.575,10.7302,7.06107,9.89538,13.3771,6.26524,9.21585,9.21585,0.0,1.0,1
122632,31.05.2024 16:02:16.520000,-194.458,-320.196,6.39316,6.243,6.229,88.7393,4.8634,4.68075,13.3204,9.95526,654.585,657.575,10.6475,7.34551,9.67492,13.4793,6.26524,8.86864,8.86864,0.0,1.0,1
122633,31.05.2024 16:02:16.530000,-200.391,-332.886,6.39888,6.246,6.236,88.7569,4.87323,4.67912,13.9954,10.3897,654.595,657.56,10.6643,7.58966,9.90763,13.8558,6.26574,8.86864,8.86864,0.0,1.0,1
122634,31.05.2024 16:02:16.540000,-200.391,-332.886,6.39888,6.246,6.236,88.7569,4.87323,4.67912,13.9954,10.3897,654.595,657.56,10.6643,7.58966,9.90763,13.8558,6.26574,8.86864,8.86864,0.0,1.0,1
122635,31.05.2024 16:02:16.550000,-219.342,-346.316,6.40619,6.253,6.244,88.7835,4.87527,4.67987,13.9954,10.3897,654.595,657.56,10.4547,7.88724,9.96848,14.1572,6.26574,8.8614,8.8614,0.0,1.0,1
122636,31.05.2024 16:02:16.560000,-219.342,-346.316,6.40619,6.253,6.244,88.7835,4.87527,4.67987,13.9954,10.3897,654.595,657.56,10.4547,7.88724,9.96848,14.1572,6.26574,8.8614,8.8614,0.0,1.0,1
122637,31.05.2024 16:02:16.570000,-226.263,-358.594,6.40971,6.249,6.234,88.7882,4.87699,4.67785,13.5556,9.79439,654.59,657.52,10.4547,7.88724,9.96848,14.1572,6.26596,8.86864,8.86864,0.0,1.0,1
122638,31.05.2024 16:02:16.580000,-226.263,-358.594,6.40971,6.249,6.234,88.7882,4.87699,4.67785,13.5556,9.79439,654.59,657.52,10.4547,7.88724,9.96848,14.1572,6.26596,8.86864,8.86864,0.0,1.0,1
122639,31.05.2024 16:02:16.590000,-241.754,-377.792,6.40867,6.238,6.236,88.7263,4.87121,4.6729,13.3406,9.09457,654.62,657.48,9.60711,8.12403,9.57926,14.2724,6.26699,8.55035,8.55035,0.0,1.0,1
122640,31.05.2024 16:02:16.600000,-271.829,-390.646,6.40669,6.242,6.281,88.705,4.84949,4.66836,11.8533,8.17246,654.68,657.47,9.24246,8.32961,9.64145,14.1716,6.26716,8.41291,8.41291,0.0,1.0,1
122641,31.05.2024 16:02:16.610000,-271.829,-390.646,6.39684,6.242,6.281,88.705,4.84207,4.6684,11.8533,8.17246,654.68,657.47,9.24246,8.32961,9.64145,14.1716,6.26785,8.41291,8.41291,0.0,1.0,1
122642,31.05.2024 16:02:16.620000,-289.215,-400.287,6.38055,6.244,6.262,88.7503,4.83464,4.66864,12.2447,9.88663,654.695,657.465,9.09808,8.5518,9.85466,13.934,6.26785,8.46354,8.46354,0.0,1.0,1
122643,31.05.2024 16:02:16.630000,-300.009,-399.71,6.38055,6.244,6.26,88.7503,4.83103,4.66752,12.2576,8.66072,654.69,657.46,8.76719,8.81685,9.98393,13.654,6.26831,8.46354,8.46354,0.0,1.0,1
122644,31.05.2024 16:02:16.640000,-300.009,-399.71,6.39348,6.244,6.26,88.724,4.83085,4.66833,12.2576,8.66072,654.69,657.46,8.76719,8.81685,9.98393,13.654,6.26831,8.46354,8.46354,0.0,1.0,1
122645,31.05.2024 16:02:16.650000,-310.968,-396.414,6.38699,6.246,6.258,88.7179,4.83572,4.66893,10.6841,6.27431,654.71,657.42,8.44126,9.06872,9.88669,13.4674,6.26878,8.44184,8.44184,0.0,1.0,1
122646,31.05.2024 16:02:16.660000,-310.968,-396.414,6.38699,6.246,6.258,88.7179,4.83572,4.66893,10.6841,6.27431,654.71,657.42,8.44126,9.06872,9.88669,13.4674,6.26878,8.44184,8.44184,0.0,1.0,1
122647,31.05.2024 16:02:16.670000,-310.968,-394.684,6.38699,6.242,6.258,88.7179,4.84081,4.67063,12.2234,8.26109,654.745,657.36,7.96473,9.00628,9.96466,13.1902,6.26904,8.30439,8.30439,0.0,1.0,1
122648,31.05.2024 16:02:16.680000,-310.968,-394.684,6.38699,6.242,6.258,88.7179,4.84081,4.67063,12.2234,8.26109,654.745,657.36,7.96473,9.00628,9.96466,13.1902,6.26904,8.30439,8.30439,0.0,1.0,1
122649,31.05.2024 16:02:16.690000,-341.949,-390.481,6.3898,6.23,6.294,88.6977,4.85835,4.67139,12.7902,8.94305,654.79,657.355,7.76548,8.80271,10.3457,12.9162,6.26968,8.34056,8.34056,0.0,1.0,1
122650,31.05.2024 16:02:16.700000,-358.182,-399.38,6.37426,6.23,6.29,88.7483,4.86596,4.67141,13.4521,8.64453,654.83,657.36,7.70666,8.77871,10.6271,12.6689,6.27032,8.34056,8.34056,0.0,1.0,1
122651,31.05.2024 16:02:16.710000,-351.178,-395.837,6.37426,6.238,6.27,88.7483,4.86502,4.67141,13.0688,7.83999,654.85,657.36,7.80838,8.84126,10.8365,12.4324,6.27094,8.44908,8.44908,0.0,1.0,1
122652,31.05.2024 16:02:16.720000,-351.178,-395.837,6.37793,6.238,6.27,88.6973,4.86395,4.67045,13.0688,7.83999,654.85,657.36,7.80838,8.84126,10.8365,12.4324,6.27094,8.44908,8.44908,0.0,1.0,1
122653,31.05.2024 16:02:16.730000,-354.556,-392.871,6.38599,6.239,6.254,88.6648,4.86157,4.67122,12.4625,7.55234,654.855,657.335,7.73244,8.80571,10.9142,12.1914,6.27133,8.45631,8.45631,0.0,1.0,1
122654,31.05.2024 16:02:16.740000,-354.556,-388.916,6.38599,6.237,6.254,88.6648,4.86158,4.67063,11.7266,7.81171,654.87,657.325,7.52762,8.78843,11.1589,11.9623,6.27181,8.45631,8.45631,0.0,1.0,1
122655,31.05.2024 16:02:16.750000,-355.215,-388.916,6.39311,6.237,6.244,88.6457,4.85935,4.67116,11.7266,7.81171,654.87,657.325,7.52762,8.78843,11.1589,11.9623,6.27181,8.45631,8.45631,0.0,1.0,1
122656,31.05.2024 16:02:16.760000,-349.695,-390.564,6.39311,6.238,6.221,88.6228,4.84987,4.66971,13.0677,7.15974,654.91,657.325,7.37333,8.6832,11.4714,11.8421,6.27282,8.7529,8.7529,0.0,1.0,1
122657,31.05.2024 16:02:16.770000,-349.695,-390.564,6.38839,6.238,6.221,88.6228,4.84414,4.66809,13.0677,7.15974,654.91,657.325,7.37333,8.6832,11.4714,11.8421,6.27288,8.7529,8.7529,0.0,1.0,1
122658,31.05.2024 16:02:16.780000,-352.496,-391.223,6.38618,6.239,6.25,88.6634,4.83599,4.66886,10.7147,8.23858,654.955,657.325,7.48248,8.69235,11.5492,11.7022,6.27288,8.9048,8.9048,0.0,1.0,1
122659,31.05.2024 16:02:16.790000,-358.758,-395.837,6.38618,6.243,6.246,88.6634,4.82771,4.66951,8.815,8.72684,654.97,657.32,7.63609,8.64066,11.5593,11.5807,6.27314,9.21585,9.21585,0.0,1.0,1
122660,31.05.2024 16:02:16.800000,-358.758,-395.837,6.39086,6.243,6.246,88.6478,4.81506,4.67037,8.815,8.72684,654.97,657.32,7.63609,8.64066,11.5593,11.5807,6.27314,9.21585,9.21585,0.0,1.0,1
122661,31.05.2024 16:02:16.810000,-359.006,-392.212,6.3984,6.241,6.241,88.6009,4.81374,4.67054,8.42141,7.1188,654.97,657.315,7.75717,8.64119,11.5177,11.499,6.27335,8.99885,8.99885,0.0,1.0,1
122662,31.05.2024 16:02:16.820000,-359.006,-394.437,6.3984,6.24,6.241,88.6009,4.81291,4.67114,7.88733,8.57654,654.995,657.3,7.69139,8.61645,11.5791,11.4545,6.27365,9.05671,9.05671,0.0,1.0,1
122663,31.05.2024 16:02:16.830000,-359.006,-394.437,6.3984,6.24,6.241,88.6009,4.81291,4.67114,7.88733,8.57654,654.995,657.3,7.69139,8.61645,11.5791,11.4545,6.27365,9.05671,9.05671,0.0,1.0,1
122664,31.05.2024 16:02:16.840000,-352.661,-394.437,6.4047,6.24,6.24,88.5375,4.81776,4.67005,7.44864,8.37533,655.04,657.3,7.69602,8.51976,11.5459,11.3781,6.27365,9.06394,9.06394,0.0,1.0,1
122665,31.05.2024 16:02:16.850000,-351.919,-388.751,6.4018,6.242,6.244,88.5517,4.84042,4.67122,9.99976,7.57524,655.06,657.3,7.93422,8.34153,11.426,11.2602,6.27432,9.06394,9.06394,0.0,1.0,1
122666,31.05.2024 16:02:16.860000,-357.934,-398.556,6.4219,6.244,6.228,88.5784,4.85014,4.6708,9.99976,7.57524,655.06,657.3,7.93422,8.34153,11.426,11.2602,6.27432,9.04947,9.04947,0.0,1.0,1
122667,31.05.2024 16:02:16.870000,-353.897,-395.013,6.4219,6.245,6.252,88.5784,4.85733,4.67122,11.4729,8.51769,655.065,657.31,8.0862,8.24279,11.3693,11.2954,6.27456,9.02055,9.02055,0.0,1.0,1
122668,31.05.2024 16:02:16.880000,-353.897,-395.013,6.42554,6.245,6.252,88.5213,4.86877,4.6729,11.4729,8.51769,655.065,657.31,8.0862,8.24279,11.3693,11.2954,6.27456,9.02055,9.02055,0.0,1.0,1
122669,31.05.2024 16:02:16.890000,-353.732,-392.047,6.42702,6.242,6.256,88.553,4.86971,4.67489,11.2956,8.31696,655.08,657.3,8.09319,8.09347,11.2423,11.2974,6.27484,8.86864,8.86864,0.0,1.0,1
122670,31.05.2024 16:02:16.900000,-353.732,-392.047,6.42702,6.242,6.256,88.553,4.86971,4.67489,11.2956,8.31696,655.08,657.3,8.09319,8.09347,11.2423,11.2974,6.27484,8.86864,8.86864,0.0,1.0,1
122671,31.05.2024 16:02:16.910000,-353.732,-396.661,6.42702,6.245,6.256,88.553,4.87179,4.67552,12.2805,8.85926,655.09,657.305,8.15118,8.03681,11.087,11.3767,6.27549,8.8614,8.8614,0.0,1.0,1
122672,31.05.2024 16:02:16.920000,-356.451,-395.096,6.44425,6.253,6.267,88.5367,4.86938,4.67874,11.8183,9.11887,655.105,657.31,8.06761,7.93111,10.907,11.4339,6.27565,8.8614,8.8614,0.0,1.0,1
122673,31.05.2024 16:02:16.930000,-356.451,-395.096,6.44082,6.253,6.267,88.5367,4.86747,4.67825,11.8183,9.11887,655.105,657.31,8.06761,7.93111,10.907,11.4339,6.27584,8.8614,8.8614,0.0,1.0,1
122674,31.05.2024 16:02:16.940000,-352.167,-390.976,6.46056,6.255,6.236,88.5148,4.86385,4.67659,12.3718,7.87767,655.13,657.31,7.94168,7.72756,10.7932,11.49,6.27584,8.65885,8.65885,0.0,1.0,1
122675,31.05.2024 16:02:16.950000,-353.815,-393.777,6.46056,6.257,6.286,88.5148,4.8577,4.67606,12.6533,7.92182,655.14,657.31,7.95123,7.69463,10.7498,11.571,6.27609,8.65163,8.65163,0.0,1.0,1
122676,31.05.2024 16:02:16.960000,-353.815,-393.777,6.46116,6.257,6.286,88.5735,4.84269,4.67456,12.6533,7.92182,655.14,657.31,7.95123,7.69463,10.7498,11.571,6.27609,8.65163,8.65163,0.0,1.0,1
122677,31.05.2024 16:02:16.970000,-348.871,-390.564,6.4647,6.265,6.307,88.5541,4.83173,4.67391,11.1051,10.6959,655.165,657.315,7.8129,7.57428,10.6146,11.6042,6.27681,8.65163,8.65163,0.0,1.0,1
122678,31.05.2024 16:02:16.980000,-348.871,-390.564,6.4647,6.265,6.307,88.5541,4.83173,4.67391,11.1051,10.6959,655.165,657.315,7.8129,7.57428,10.6146,11.6042,6.27681,8.65163,8.65163,0.0,1.0,1
122679,31.05.2024 16:02:16.990000,-348.871,-388.916,6.4647,6.27,6.307,88.5541,4.82249,4.67467,11.8274,6.55738,655.175,657.315,7.72106,7.58279,10.5808,11.6644,6.27708,8.35504,8.35504,0.0,1.0,1
122680,31.05.2024 16:02:17.000000,-348.871,-388.916,6.4647,6.27,6.307,88.5541,4.82249,4.67467,11.8274,6.55738,655.175,657.315,7.72106,7.58279,10.5808,11.6644,6.27708,8.35504,8.35504,0.0,1.0,1
122681,31.05.2024 16:02:17.010000,-345.575,-390.564,6.45918,6.28,6.314,88.5652,4.81774,4.6736,9.69083,8.6403,655.175,657.325,7.5605,7.50445,10.5219,11.7376,6.27762,8.26822,8.26822,0.0,1.0,1
122682,31.05.2024 16:02:17.020000,-351.26,-390.811,6.42877,6.293,6.316,88.5404,4.83893,4.67615,9.447,8.96733,655.175,657.325,7.38949,7.52072,10.539,11.7607,6.27797,8.26822,8.26822,0.0,1.0,1
122683,31.05.2024 16:02:17.030000,-353.485,-394.272,6.42877,6.294,6.269,88.5404,4.85493,4.67592,9.3851,6.95949,655.245,657.36,7.17909,7.56744,10.5394,11.8148,6.27839,8.10186,8.10186,0.0,1.0,1
122684,31.05.2024 16:02:17.040000,-353.485,-394.272,6.43989,6.294,6.269,88.5462,4.88383,4.67583,9.3851,6.95949,655.245,657.36,7.17909,7.56744,10.5394,11.8148,6.27839,8.10186,8.10186,0.0,1.0,1
122685,31.05.2024 16:02:17.050000,-350.024,-388.01,6.44471,6.291,6.279,88.5853,4.89486,4.67582,11.4368,7.77295,655.27,657.37,7.20722,7.70046,10.6108,11.8925,6.27879,7.91377,7.91377,0.0,1.0,1
122686,31.05.2024 16:02:17.060000,-350.024,-394.107,6.44471,6.284,6.279,88.5853,4.89945,4.67709,12.1134,8.18811,655.27,657.385,7.27368,7.90197,10.6863,11.9036,6.27915,7.82697,7.82697,0.0,1.0,1
122687,31.05.2024 16:02:17.070000,-351.672,-394.107,6.44247,6.284,6.269,88.6072,4.89884,4.67772,12.1134,8.18811,655.27,657.385,7.27368,7.90197,10.6863,11.9036,6.27915,7.82697,7.82697,0.0,1.0,1
122688,31.05.2024 16:02:17.080000,-350.024,-391.47,6.44247,6.278,6.289,88.5903,4.88774,4.68031,11.7126,6.34994,655.265,657.385,7.10855,8.02201,10.6908,11.9066,6.27993,7.69676,7.69676,0.0,1.0,1
122689,31.05.2024 16:02:17.090000,-350.024,-391.47,6.42471,6.278,6.289,88.5903,4.87967,4.68025,11.7126,6.34994,655.265,657.385,7.10855,8.02201,10.6908,11.9066,6.28047,7.69676,7.69676,0.0,1.0,1
122690,31.05.2024 16:02:17.100000,-352.249,-395.755,6.414,6.278,6.279,88.6169,4.87562,4.68,11.4363,10.119,655.265,657.39,6.9397,8.05954,10.7067,11.9154,6.28047,7.7908,7.7908,0.0,1.0,1
122691,31.05.2024 16:02:17.110000,-353.073,-394.107,6.414,6.28,6.252,88.6169,4.86909,4.6807,10.4168,8.18143,655.3,657.395,6.66813,8.10187,10.7842,12.0412,6.28118,7.90654,7.90654,0.0,1.0,1
122692,31.05.2024 16:02:17.120000,-353.073,-394.107,6.41771,6.28,6.252,88.6237,4.86309,4.68121,10.4168,8.18143,655.3,657.395,6.66813,8.10187,10.7842,12.0412,6.28118,7.90654,7.90654,0.0,1.0,1
122693,31.05.2024 16:02:17.130000,-355.215,-392.871,6.41203,6.282,6.296,88.5755,4.85808,4.67958,10.5887,8.08439,655.33,657.4,6.63252,8.15417,10.8101,11.9789,6.28149,7.80527,7.80527,0.0,1.0,1
122694,31.05.2024 16:02:17.140000,-355.215,-392.212,6.41203,6.277,6.296,88.5755,4.85271,4.68002,10.8865,8.76164,655.325,657.4,6.62267,8.19658,10.9874,12.0054,6.28252,7.65336,7.65336,0.0,1.0,1
122695,31.05.2024 16:02:17.150000,-355.215,-392.212,6.41203,6.277,6.296,88.5755,4.85271,4.68002,10.8865,8.76164,655.325,657.4,6.62267,8.19658,10.9874,12.0054,6.28252,7.65336,7.65336,0.0,1.0,1
122696,31.05.2024 16:02:17.160000,-349.448,-392.212,6.4192,6.277,6.301,88.5343,4.84769,4.68016,8.92779,8.26857,655.33,657.4,6.52585,8.15347,11.0837,11.9565,6.28252,7.65336,7.65336,0.0,1.0,1
122697,31.05.2024 16:02:17.170000,-349.448,-392.212,6.4192,6.277,6.301,88.5343,4.84769,4.68016,8.92779,8.26857,655.33,657.4,6.52585,8.15347,11.0837,11.9565,6.28252,7.65336,7.65336,0.0,1.0,1
122698,31.05.2024 16:02:17.180000,-352.908,-397.403,6.42269,6.279,6.277,88.6308,4.82946,4.68152,8.74842,6.88321,655.33,657.405,6.32352,8.04927,11.1119,11.8896,6.28335,7.59549,7.59549,0.0,1.0,1
122699,31.05.2024 16:02:17.190000,-352.908,-397.403,6.42269,6.279,6.277,88.6308,4.82946,4.68152,8.74842,6.88321,655.33,657.405,6.32352,8.04927,11.1119,11.8896,6.28335,7.59549,7.59549,0.0,1.0,1
