,time,Pinceur Inf Mesure de courant,Pinceur Sup Mesure de courant,Mandrin - Vitesse Actuelle,Pinceur Sup Mesure vitesse lineaire,Pinceur Inf Mesure vitesse lineaire,Mandrin - Mesure Expansion,Pinceur Nord Position entrefer estimee,Pinceur Sud Position entrefer estimee,Pinceur Nord Force entrefer calibree,Pinceur Sud Force entrefer calibree,Guides Nord Entree Position mesuree,Guides Nord Sortie Position mesuree,Guides Nord Entree Force pour regulateur PI,Guides Nord Sortie Force pour regulateur PI,Guides Sud Entree Force pour regulateur PI,Guides Sud Sortie Force pour regulateur PI,Mandrin - Vitesse Actuelle F10,_Excentrage largeur bande jauge bob,_Excentrage largeur bande jauge bob.1,TDB pinceur,Fenetre,Declancheur
127800,31.05.2024 17:14:42.310000,133.566,84.2102,10.6994,10.799,10.631,31.8891,3.66146,3.49267,18.925,30.7749,909.295,910.045,3.4313,4.37815,0.937114,0.142821,9.30454,67.0139,67.0139,1.0,1.0,1
127801,31.05.2024 17:14:42.320000,186.465,92.6971,10.7037,10.729,10.549,31.8868,3.59026,3.52155,14.9037,30.4572,908.05,908.88,2.62203,2.70668,0.989363,0.19171,9.30521,65.0535,65.0535,1.0,1.0,1
127802,31.05.2024 17:14:42.330000,229.312,105.057,10.6999,10.693,10.48,31.8868,3.52597,3.52024,14.9037,30.4572,908.05,908.88,2.62203,2.70668,0.989363,0.19171,9.30523,64.8365,64.8365,1.0,1.0,1
127803,31.05.2024 17:14:42.340000,229.312,105.057,10.696,10.693,10.48,31.8782,3.51995,3.51377,10.6645,29.5486,907.08,907.9,1.65548,1.34962,0.958049,0.246314,9.30584,64.8365,64.8365,1.0,1.0,1
127804,31.05.2024 17:14:42.350000,290.039,121.783,10.696,10.666,10.366,31.8782,3.52168,3.50063,11.7622,32.0194,906.265,907.125,1.08666,0.806164,0.929835,0.203401,9.30584,63.2885,63.2885,1.0,1.0,1
127805,31.05.2024 17:14:42.360000,355.792,184.817,10.7067,10.545,10.242,31.8413,3.54272,3.48195,11.7622,32.0194,906.265,907.125,1.08666,0.806164,0.929835,0.203401,9.3059,63.2885,63.2885,1.0,1.0,1
127806,31.05.2024 17:14:42.370000,355.792,184.817,10.7067,10.545,10.242,31.8413,3.54272,3.48195,11.7622,32.0194,906.265,907.125,1.08666,0.806164,0.929835,0.203401,9.3059,63.2885,63.2885,1.0,1.0,1
127807,31.05.2024 17:14:42.380000,355.792,184.817,10.7022,10.545,10.242,31.9123,3.6125,3.43073,13.4498,29.1257,905.53,906.43,1.08487,1.42992,0.893042,0.13317,9.3059,59.8958,59.8958,1.0,1.0,1
127808,31.05.2024 17:14:42.390000,355.792,184.817,10.7022,10.545,10.242,31.9123,3.6125,3.43073,13.4498,29.1257,905.53,906.43,1.08487,1.42992,0.893042,0.13317,9.3059,59.8958,59.8958,1.0,1.0,1
127809,31.05.2024 17:14:42.400000,457.471,339.065,10.7067,10.345,10.088,31.8462,3.67852,3.41338,14.3631,20.5555,904.785,905.6,1.54532,3.09404,0.922984,0.149947,9.3067,59.8669,59.8669,1.0,1.0,1
127810,31.05.2024 17:14:42.410000,562.939,416.189,10.6968,10.293,9.917,31.8919,3.71833,3.38914,18.6292,22.9304,904.015,904.61,2.68851,4.69872,0.957503,0.0554171,9.30735,54.89,54.89,1.0,1.0,1
127811,31.05.2024 17:14:42.420000,562.939,416.189,10.6914,10.293,9.917,31.8927,3.71456,3.38203,19.6962,25.6434,902.995,903.535,4.49321,6.00415,0.945758,0.101005,9.30737,54.89,54.89,1.0,1.0,1
127812,31.05.2024 17:14:42.430000,562.939,416.189,10.6914,10.293,9.917,31.8927,3.71456,3.38203,19.6962,25.6434,902.995,903.535,4.49321,6.00415,0.945758,0.101005,9.30737,54.89,54.89,1.0,1.0,1
127813,31.05.2024 17:14:42.440000,613.614,442.721,10.6914,10.266,9.879,31.8927,3.69821,3.37678,21.7754,22.6919,901.905,902.34,5.54763,7.06123,1.0389,0.143863,9.30737,51.9387,51.9387,1.0,1.0,1
127814,31.05.2024 17:14:42.450000,660.415,509.381,10.6999,10.168,9.807,31.8692,3.61891,3.38129,18.4384,19.2119,900.685,901.05,6.46941,7.81254,1.07466,0.18975,9.30763,51.9387,51.9387,1.0,1.0,1
127815,31.05.2024 17:14:42.460000,660.415,509.381,10.6999,10.168,9.807,31.8692,3.61891,3.38129,18.4384,19.2119,900.685,901.05,6.46941,7.81254,1.07466,0.18975,9.30763,51.9387,51.9387,1.0,1.0,1
127816,31.05.2024 17:14:42.470000,688.76,542.505,10.6999,10.162,9.764,31.8692,3.59623,3.38312,16.6379,24.1284,899.355,899.7,6.74043,8.37242,0.951499,0.191485,9.30792,46.9763,46.9763,1.0,1.0,1
127817,31.05.2024 17:14:42.480000,709.03,602.655,10.7012,10.116,9.769,31.8959,3.57923,3.39498,15.1106,24.216,898.04,898.305,6.31159,8.40579,1.04438,0.171195,9.30811,46.998,46.998,1.0,1.0,1
127818,31.05.2024 17:14:42.490000,711.749,628.363,10.7052,10.099,9.742,31.8959,3.60718,3.40062,15.1106,24.216,898.04,898.305,6.31159,8.40579,1.04438,0.171195,9.30846,46.998,46.998,1.0,1.0,1
127819,31.05.2024 17:14:42.500000,711.749,628.363,10.688,10.099,9.742,31.8658,3.62881,3.40899,15.5739,23.5856,896.74,896.91,6.35552,8.4026,1.08045,0.246669,9.30856,46.998,46.998,1.0,1.0,1
127820,31.05.2024 17:14:42.510000,711.749,628.363,10.688,10.099,9.742,31.8658,3.62881,3.40899,15.5739,23.5856,896.74,896.91,6.35552,8.4026,1.08045,0.246669,9.30856,46.998,46.998,1.0,1.0,1
127821,31.05.2024 17:14:42.520000,714.633,676.648,10.688,10.028,9.713,31.8658,3.65627,3.41058,18.7743,23.6753,895.36,895.555,7.13948,8.49503,0.984984,0.212201,9.30856,44.5529,44.5529,1.0,1.0,1
127822,31.05.2024 17:14:42.530000,714.633,676.648,10.688,10.028,9.713,31.8658,3.65627,3.41058,18.7743,23.6753,895.36,895.555,7.13948,8.49503,0.984984,0.212201,9.30856,44.5529,44.5529,1.0,1.0,1
127823,31.05.2024 17:14:42.540000,712.491,698.813,10.6997,9.92,9.65,31.9523,3.68918,3.38908,20.605,23.263,893.855,894.13,8.03232,9.22018,0.886515,0.153218,9.30889,42.7083,42.7083,1.0,1.0,1
127824,31.05.2024 17:14:42.550000,708.536,696.505,10.6999,9.881,9.567,31.9816,3.66931,3.36057,21.1192,20.7044,892.375,892.59,8.41963,9.94529,0.7876,0.0801973,9.30866,42.7083,42.7083,1.0,1.0,1
127825,31.05.2024 17:14:42.560000,708.536,696.505,10.6999,9.881,9.567,31.9816,3.66931,3.36057,21.1192,20.7044,892.375,892.59,8.41963,9.94529,0.7876,0.0801973,9.30866,42.7083,42.7083,1.0,1.0,1
127826,31.05.2024 17:14:42.570000,704.992,696.505,10.6999,9.881,9.585,31.9633,3.64893,3.34557,19.7757,21.4568,890.835,891.07,8.97746,10.261,0.729037,0.0217142,9.30866,38.7153,38.7153,1.0,1.0,1
127827,31.05.2024 17:14:42.580000,704.992,696.505,10.6999,9.881,9.585,31.9633,3.64893,3.34557,19.7757,21.4568,890.835,891.07,8.97746,10.261,0.729037,0.0217142,9.30866,38.7153,38.7153,1.0,1.0,1
127828,31.05.2024 17:14:42.590000,693.869,709.03,10.7,9.865,9.574,31.9124,3.59717,3.31156,17.8059,17.5797,889.185,889.55,9.21769,10.7133,0.770297,-0.00976276,9.30911,38.7153,38.7153,1.0,1.0,1
127829,31.05.2024 17:14:42.600000,697.741,699.389,10.7003,9.775,9.562,31.8222,3.58139,3.30036,16.4499,15.7219,887.515,888.0,8.81417,11.1594,0.793334,-0.0542231,9.3085,36.3137,36.3137,1.0,1.0,1
127830,31.05.2024 17:14:42.610000,693.869,709.03,10.7,9.865,9.574,31.9124,3.59717,3.31156,17.8059,17.5797,889.185,889.55,9.21769,10.7133,0.770297,-0.00976276,9.30911,36.3137,36.3137,1.0,1.0,1
127831,31.05.2024 17:14:42.620000,695.187,698.401,10.7043,9.742,9.509,31.8902,3.60257,3.29696,17.3125,18.4505,884.195,884.79,7.17749,11.7608,1.02761,0.142293,9.30871,34.2303,34.2303,1.0,1.0,1
127832,31.05.2024 17:14:42.630000,695.187,696.505,10.6881,9.71,9.509,31.8684,3.61155,3.3009,17.3125,18.4505,884.195,884.79,7.17749,11.7608,1.02761,0.142293,9.30813,34.2303,34.2303,1.0,1.0,1
127833,31.05.2024 17:14:42.640000,698.895,696.505,10.6881,9.71,9.484,31.8403,3.6178,3.30196,19.8265,14.5155,882.525,883.13,6.70435,11.7504,1.0531,0.176799,9.30813,30.9317,30.9317,1.0,1.0,1
127834,31.05.2024 17:14:42.650000,698.236,700.955,10.6889,9.6,9.476,31.8403,3.61533,3.30128,19.8265,14.5155,882.525,883.13,6.70435,11.7504,1.0531,0.176799,9.30773,27.9514,27.9514,1.0,1.0,1
127835,31.05.2024 17:14:42.660000,698.236,700.955,10.6896,9.6,9.476,31.773,3.60356,3.30154,17.5221,17.395,880.825,881.525,6.26464,11.4289,0.979209,0.133269,9.30774,27.9514,27.9514,1.0,1.0,1
127836,31.05.2024 17:14:42.670000,700.708,697.824,10.6896,9.557,9.453,31.773,3.58638,3.29884,19.2121,19.4401,879.13,879.985,5.8016,11.8262,1.08301,0.185533,9.30774,25.9693,25.9693,1.0,1.0,1
127837,31.05.2024 17:14:42.680000,698.73,688.101,10.6908,9.543,9.454,31.8629,3.56723,3.29625,19.2121,19.4401,879.13,879.985,5.8016,11.8262,1.08301,0.185533,9.30799,25.9693,25.9693,1.0,1.0,1
127838,31.05.2024 17:14:42.690000,698.73,688.101,10.6908,9.543,9.454,31.8629,3.56723,3.29625,19.2121,19.4401,879.13,879.985,5.8016,11.8262,1.08301,0.185533,9.30799,25.9693,25.9693,1.0,1.0,1
127839,31.05.2024 17:14:42.700000,698.73,688.101,10.71,9.543,9.454,31.8982,3.54677,3.29403,17.2209,17.9676,877.445,878.395,5.55007,12.5491,1.00661,0.226615,9.30799,26.0344,26.0344,1.0,1.0,1
127840,31.05.2024 17:14:42.710000,698.73,688.101,10.71,9.543,9.454,31.8982,3.54677,3.29403,17.2209,17.9676,877.445,878.395,5.55007,12.5491,1.00661,0.226615,9.30799,26.0344,26.0344,1.0,1.0,1
127841,31.05.2024 17:14:42.720000,695.187,696.341,10.7257,9.57,9.402,31.8625,3.53661,3.29116,17.7708,17.1805,875.74,876.78,5.43744,13.0215,1.01478,0.224557,9.30755,24.2549,24.2549,1.0,1.0,1
127842,31.05.2024 17:14:42.730000,699.637,692.386,10.7325,9.506,9.395,31.8493,3.54879,3.29274,16.2505,15.9348,874.055,875.185,5.48492,13.6134,1.10208,0.168878,9.30728,21.8099,21.8099,1.0,1.0,1
127843,31.05.2024 17:14:42.740000,699.637,692.386,10.7325,9.506,9.395,31.8493,3.54879,3.29274,16.2505,15.9348,874.055,875.185,5.48492,13.6134,1.10208,0.168878,9.30728,21.8099,21.8099,1.0,1.0,1
127844,31.05.2024 17:14:42.750000,699.637,692.386,10.7311,9.506,9.395,31.8624,3.55442,3.29281,16.9375,17.1397,872.36,873.6,5.78432,14.2312,1.37701,0.096961,9.30779,17.0862,17.0862,1.0,1.0,1
127845,31.05.2024 17:14:42.760000,695.929,688.595,10.7303,9.48,9.409,31.8626,3.56432,3.28809,17.0472,17.8623,870.705,871.965,5.97791,14.9539,1.64531,0.202407,9.30762,17.0862,17.0862,1.0,1.0,1
127846,31.05.2024 17:14:42.770000,695.929,688.595,10.75,9.48,9.409,31.8465,3.55063,3.28451,17.8147,16.8351,868.985,870.38,6.51239,15.7513,1.79124,0.159921,9.30762,17.0862,17.0862,1.0,1.0,1
127847,31.05.2024 17:14:42.780000,691.314,692.55,10.75,9.474,9.39,31.8465,3.53545,3.28419,17.33,15.2203,867.335,868.775,6.62156,16.5494,2.97854,0.186465,9.3075,15.7407,15.7407,1.0,1.0,1
127848,31.05.2024 17:14:42.790000,691.314,688.183,10.7506,9.474,9.39,31.9349,3.5161,3.28439,17.33,15.2203,867.335,868.775,6.62156,16.5494,2.97854,0.186465,9.30718,15.7407,15.7407,1.0,1.0,1
127849,31.05.2024 17:14:42.800000,688.76,688.183,10.7506,9.427,9.385,31.9358,3.49378,3.28209,16.2449,15.7148,865.605,867.19,7.02831,17.3617,3.59011,0.462146,9.30718,14.4025,14.4025,1.0,1.0,1
127850,31.05.2024 17:14:42.810000,688.76,688.183,10.7506,9.427,9.385,31.9358,3.49378,3.28209,16.2449,15.7148,865.605,867.19,7.02831,17.3617,3.59011,0.462146,9.30718,14.4025,14.4025,1.0,1.0,1
127851,31.05.2024 17:14:42.820000,687.442,692.798,10.7538,9.429,9.37,31.9358,3.44655,3.2725,13.594,15.779,863.905,865.605,6.93344,18.0821,3.36713,0.5008,9.30698,13.2089,13.2089,1.0,1.0,1
127852,31.05.2024 17:14:42.830000,696.176,684.558,10.7631,9.424,9.334,31.8627,3.41755,3.27195,14.1595,16.4256,862.23,864.025,6.94318,18.8576,3.55897,0.433629,9.30664,13.2089,13.2089,1.0,1.0,1
127853,31.05.2024 17:14:42.840000,697.165,686.453,10.7454,9.453,9.388,31.892,3.4132,3.27419,14.1595,16.4256,862.23,864.025,6.94318,18.8576,3.55897,0.433629,9.30724,13.2089,13.2089,1.0,1.0,1
127854,31.05.2024 17:14:42.850000,697.165,686.453,10.7532,9.453,9.388,31.9226,3.42956,3.27354,12.9273,17.2897,860.705,862.405,6.92516,19.5003,4.3589,0.602866,9.30724,12.1094,12.1094,1.0,1.0,1
127855,31.05.2024 17:14:42.860000,690.161,692.303,10.7532,9.433,9.348,31.9226,3.43937,3.2704,13.4296,17.0463,859.26,860.845,8.00821,20.2895,4.951,0.854945,9.30688,11.5596,11.5596,1.0,1.0,1
127856,31.05.2024 17:14:42.870000,690.161,691.479,10.7605,9.397,9.348,31.8565,3.45277,3.26393,13.4296,17.0463,859.26,860.845,8.00821,20.2895,4.951,0.854945,9.30622,11.5596,11.5596,1.0,1.0,1
127857,31.05.2024 17:14:42.880000,690.161,691.479,10.7605,9.397,9.348,31.8565,3.45277,3.26393,13.4296,17.0463,859.26,860.845,8.00821,20.2895,4.951,0.854945,9.30622,11.5596,11.5596,1.0,1.0,1
127858,31.05.2024 17:14:42.890000,695.105,691.479,10.7605,9.397,9.352,31.8405,3.45842,3.26016,12.4458,13.925,857.65,859.29,9.98462,21.1496,5.1491,1.48892,9.30622,11.5596,11.5596,1.0,1.0,1
127859,31.05.2024 17:14:42.900000,695.105,691.479,10.7605,9.397,9.352,31.8405,3.45842,3.26016,12.4458,13.925,857.65,859.29,9.98462,21.1496,5.1491,1.48892,9.30622,11.5596,11.5596,1.0,1.0,1
127860,31.05.2024 17:14:42.910000,689.667,682.416,10.776,9.401,9.34,31.9299,3.43455,3.25748,12.7803,14.5808,856.045,857.695,11.2721,22.0371,6.12446,2.38416,9.30585,11.5451,11.5451,1.0,1.0,1
127861,31.05.2024 17:14:42.920000,598.535,676.483,10.7589,9.437,9.417,31.9216,3.39115,3.2464,13.7602,15.7827,854.625,856.15,9.78442,17.3103,7.54386,3.10438,9.30617,9.79456,9.79456,1.0,1.0,1
127862,31.05.2024 17:14:42.930000,598.535,676.483,10.7449,9.437,9.417,31.9042,3.36335,3.25219,11.6247,14.8184,854.925,856.29,4.38978,6.15831,9.15524,4.46903,9.30617,9.79456,9.79456,1.0,1.0,1
127863,31.05.2024 17:14:42.940000,566.07,664.371,10.7449,9.459,9.408,31.9042,3.35585,3.25342,9.77179,12.9395,854.615,857.21,4.68191,5.92698,10.9084,6.09905,9.30606,11.1039,11.1039,1.0,1.0,1
127864,31.05.2024 17:14:42.950000,566.07,664.371,10.7449,9.459,9.408,31.9042,3.35585,3.25342,9.77179,12.9395,854.615,857.21,4.68191,5.92698,10.9084,6.09905,9.30606,11.1039,11.1039,1.0,1.0,1
127865,31.05.2024 17:14:42.960000,566.07,622.76,10.7501,9.485,9.408,31.9387,3.35207,3.25272,9.77179,12.9395,854.615,857.21,4.68191,5.92698,10.9084,6.09905,9.3063,9.88136,9.88136,1.0,1.0,1
127866,31.05.2024 17:14:42.970000,566.07,622.76,10.7501,9.485,9.408,31.9387,3.35207,3.25272,9.77179,12.9395,854.615,857.21,4.68191,5.92698,10.9084,6.09905,9.3063,9.88136,9.88136,1.0,1.0,1
127867,31.05.2024 17:14:42.980000,545.141,608.505,10.7643,9.53,9.406,31.9302,3.35717,3.2354,10.6679,15.7792,854.89,857.315,1.67167,10.3921,12.0269,7.1333,9.30589,9.43287,9.43287,1.0,1.0,1
127868,31.05.2024 17:14:42.990000,545.141,608.505,10.7643,9.53,9.406,31.9302,3.35717,3.2354,10.6679,15.7792,854.89,857.315,1.67167,10.3921,12.0269,7.1333,9.30589,9.43287,9.43287,1.0,1.0,1
127869,31.05.2024 17:14:43.000000,547.531,600.513,10.7491,9.48,9.414,31.8293,3.35656,3.23594,11.0748,13.4963,855.16,857.46,4.40443,7.96037,10.3871,6.20699,9.30653,8.52865,8.52865,1.0,1.0,1
127870,31.05.2024 17:14:43.010000,547.531,600.513,10.7491,9.48,9.414,31.8293,3.35656,3.23594,11.0748,13.4963,855.16,857.46,4.40443,7.96037,10.3871,6.20699,9.30653,8.52865,8.52865,1.0,1.0,1
127871,31.05.2024 17:14:43.020000,548.685,601.584,10.7272,9.447,9.444,31.8406,3.34367,3.23933,12.5624,15.5382,855.25,857.55,6.08182,8.94028,9.5694,5.34934,9.30628,8.51418,8.51418,1.0,1.0,1
127872,31.05.2024 17:14:43.030000,548.685,601.584,10.7272,9.447,9.444,31.8406,3.34367,3.23933,12.5624,15.5382,855.25,857.55,6.08182,8.94028,9.5694,5.34934,9.30628,8.51418,8.51418,1.0,1.0,1
127873,31.05.2024 17:14:43.040000,549.756,604.715,10.7207,9.517,9.394,31.8606,3.32878,3.24016,10.0136,14.3399,855.11,857.55,7.69895,8.41985,8.68654,4.46044,9.30621,7.46528,7.46528,1.0,1.0,1
127874,31.05.2024 17:14:43.050000,557.336,609.164,10.6896,9.565,9.479,32.1708,3.30265,3.24061,10.3784,12.4618,855.07,857.635,7.90504,7.33801,8.39032,4.15454,9.30637,6.7202,6.7202,1.0,1.0,1
127875,31.05.2024 17:14:43.060000,557.336,609.164,10.6896,9.565,9.479,32.1708,3.30265,3.24061,10.3784,12.4618,855.07,857.635,7.90504,7.33801,8.39032,4.15454,9.30637,6.7202,6.7202,1.0,1.0,1
127876,31.05.2024 17:14:43.070000,557.336,609.164,10.6741,9.565,9.479,32.7978,3.29075,3.2275,8.40627,16.1684,855.095,857.715,7.97799,7.30841,7.92468,4.29333,9.30671,6.06193,6.06193,1.0,1.0,1
127877,31.05.2024 17:14:43.080000,552.228,603.396,10.6548,9.64,9.531,33.3734,3.26396,3.20838,9.10675,14.6967,855.03,857.695,8.3211,7.22932,7.72805,4.3265,9.30658,7.03125,7.03125,1.0,1.0,1
127878,31.05.2024 17:14:43.090000,552.228,603.396,10.5503,9.64,9.531,34.0586,3.24592,3.21531,7.31373,9.06614,854.96,857.7,7.97589,6.3919,8.19041,4.23199,9.30658,7.03125,7.03125,1.0,1.0,1
127879,31.05.2024 17:14:43.100000,548.849,601.254,10.5503,9.669,9.679,34.0586,3.24789,3.21109,8.11168,12.4688,854.945,857.745,7.42149,6.10656,8.12375,3.98938,9.30696,7.03125,7.03125,1.0,1.0,1
127880,31.05.2024 17:14:43.110000,548.849,603.149,10.3536,9.766,9.679,34.6758,3.24513,3.20342,8.11168,12.4688,854.945,857.745,7.42149,6.10656,8.12375,3.98938,9.3079,7.03125,7.03125,1.0,1.0,1
127881,31.05.2024 17:14:43.120000,562.362,603.149,10.3536,9.766,9.793,35.4889,3.24923,3.19981,9.10556,14.346,854.965,857.76,6.93322,5.95129,7.88116,3.70155,9.3079,7.03125,7.03125,1.0,1.0,1
127882,31.05.2024 17:14:43.130000,551.568,595.816,10.2584,9.879,9.856,35.4889,3.26256,3.19622,9.10556,14.346,854.965,857.76,6.93322,5.95129,7.88116,3.70155,9.30765,7.85591,7.85591,1.0,1.0,1
127883,31.05.2024 17:14:43.140000,551.568,595.816,10.2209,9.879,9.856,36.3595,3.27209,3.19475,7.90772,11.1088,854.995,857.77,6.84905,5.60067,7.66537,3.68666,9.3077,7.85591,7.85591,1.0,1.0,1
127884,31.05.2024 17:14:43.150000,551.568,595.816,10.2209,9.879,9.856,36.3595,3.27209,3.19475,7.90772,11.1088,854.995,857.77,6.84905,5.60067,7.66537,3.68666,9.3077,7.85591,7.85591,1.0,1.0,1
127885,31.05.2024 17:14:43.160000,551.156,605.456,10.2209,9.987,9.939,36.3595,3.2871,3.20089,8.89488,11.8698,854.965,857.755,7.03674,5.52632,6.55683,3.6335,9.3077,7.28444,7.28444,1.0,1.0,1
127886,31.05.2024 17:14:43.170000,551.156,605.456,10.2209,9.987,9.939,36.3595,3.2871,3.20089,8.89488,11.8698,854.965,857.755,7.03674,5.52632,6.55683,3.6335,9.3077,7.28444,7.28444,1.0,1.0,1
127887,31.05.2024 17:14:43.180000,556.183,609.494,9.98048,10.057,9.924,38.2744,3.34279,3.20315,10.2932,15.5369,854.85,857.725,6.756,5.14118,5.17404,3.40625,9.30803,7.28444,7.28444,1.0,1.0,1
127888,31.05.2024 17:14:43.190000,562.033,592.19,9.93554,10.064,9.934,39.3297,3.36902,3.22681,12.2411,13.0789,854.905,857.815,5.7738,4.65822,4.19505,3.16791,9.30919,6.34404,6.34404,1.0,1.0,1
127889,31.05.2024 17:14:43.200000,562.033,592.19,9.93554,10.064,9.934,39.3297,3.36902,3.22681,12.2411,13.0789,854.905,857.815,5.7738,4.65822,4.19505,3.16791,9.30919,6.34404,6.34404,1.0,1.0,1
127890,31.05.2024 17:14:43.210000,554.205,592.19,9.93554,10.064,9.876,40.5749,3.38631,3.23837,13.8902,13.5681,854.93,857.975,5.73521,5.24056,4.14624,2.95775,9.30919,6.34404,6.34404,1.0,1.0,1
127891,31.05.2024 17:14:43.220000,554.205,592.19,9.93554,10.064,9.876,40.5749,3.38631,3.23837,13.8902,13.5681,854.93,857.975,5.73521,5.24056,4.14624,2.95775,9.30919,6.34404,6.34404,1.0,1.0,1
127892,31.05.2024 17:14:43.230000,571.509,596.557,9.82668,10.055,9.899,41.7037,3.42723,3.27543,15.9071,19.6442,854.845,858.005,5.6955,6.67694,4.58419,2.99153,9.31065,6.35127,6.35127,1.0,1.0,1
127893,31.05.2024 17:14:43.240000,568.789,608.423,9.73799,9.979,9.739,42.7828,3.45085,3.24484,19.6914,20.3321,854.89,857.905,4.99842,7.61067,4.42369,3.03123,9.3114,7.20487,7.20487,1.0,1.0,1
127894,31.05.2024 17:14:43.250000,568.789,608.423,9.73799,9.979,9.739,42.7828,3.45085,3.24484,19.6914,20.3321,854.89,857.905,4.99842,7.61067,4.42369,3.03123,9.3114,7.20487,7.20487,1.0,1.0,1
127895,31.05.2024 17:14:43.260000,568.789,608.423,9.76573,9.979,9.739,43.972,3.45752,3.23959,17.9152,11.2684,854.86,857.745,5.05152,7.48468,4.90193,3.02111,9.3114,9.2665,9.2665,1.0,1.0,1
127896,31.05.2024 17:14:43.270000,568.789,608.423,9.76573,9.979,9.739,43.972,3.45752,3.23959,17.9152,11.2684,854.86,857.745,5.05152,7.48468,4.90193,3.02111,9.3114,9.2665,9.2665,1.0,1.0,1
127897,31.05.2024 17:14:43.280000,554.04,611.719,9.71854,9.92,9.632,45.2147,3.46281,3.20766,18.0088,16.9215,854.815,857.69,4.83841,6.58342,4.56885,2.88525,9.31307,9.2665,9.2665,1.0,1.0,1
127898,31.05.2024 17:14:43.290000,554.04,611.719,9.71854,9.92,9.632,45.2147,3.46281,3.20766,18.0088,16.9215,854.815,857.69,4.83841,6.58342,4.56885,2.88525,9.31307,9.2665,9.2665,1.0,1.0,1
127899,31.05.2024 17:14:43.300000,552.969,606.61,9.59653,9.883,9.503,46.4209,3.4502,3.16577,19.4409,16.9283,854.81,857.71,4.42894,5.94616,3.53782,2.79961,9.31352,11.6681,11.6681,1.0,1.0,1
127900,31.05.2024 17:14:43.310000,552.969,606.61,9.59653,9.883,9.503,46.4209,3.4502,3.16577,19.4409,16.9283,854.81,857.71,4.42894,5.94616,3.53782,2.79961,9.31352,11.6681,11.6681,1.0,1.0,1
127901,31.05.2024 17:14:43.320000,555.441,613.943,9.52447,9.801,9.39,47.5737,3.41765,3.1877,17.7177,9.77045,854.785,857.74,4.13417,6.3854,2.97162,2.96773,9.3139,11.6753,11.6753,1.0,1.0,1
127902,31.05.2024 17:14:43.330000,555.441,613.943,9.52447,9.801,9.39,47.5737,3.41765,3.1877,17.7177,9.77045,854.785,857.74,4.13417,6.3854,2.97162,2.96773,9.3139,11.6753,11.6753,1.0,1.0,1
127903,31.05.2024 17:14:43.340000,547.696,609.659,9.53557,9.767,9.42,50.1059,3.40196,3.22814,17.0783,16.8069,854.745,857.63,3.94803,6.33892,1.72732,3.01016,9.31403,12.5362,12.5362,1.0,1.0,1
127904,31.05.2024 17:14:43.350000,547.696,609.659,9.53557,9.767,9.42,50.1059,3.40196,3.22814,17.0783,16.8069,854.745,857.63,3.94803,6.33892,1.72732,3.01016,9.31403,12.5362,12.5362,1.0,1.0,1
127905,31.05.2024 17:14:43.360000,561.291,610.4,9.38269,9.75,9.457,51.3267,3.43336,3.25432,15.9012,17.9288,854.745,857.54,3.53264,5.66987,1.18199,2.99455,9.31428,12.746,12.746,1.0,1.0,1
127906,31.05.2024 17:14:43.370000,561.786,610.895,9.4208,9.652,9.394,52.5676,3.44898,3.30904,17.9183,16.4584,854.695,857.575,3.4137,4.83564,1.87214,2.97943,9.31421,13.8527,13.8527,1.0,1.0,1
127907,31.05.2024 17:14:43.380000,561.786,610.895,9.49604,9.652,9.394,53.6782,3.45454,3.2945,18.4491,19.326,854.675,857.6,3.12207,4.87276,2.44877,2.97533,9.31437,13.8527,13.8527,1.0,1.0,1
127908,31.05.2024 17:14:43.390000,561.786,610.895,9.49604,9.652,9.394,53.6782,3.45454,3.2945,18.4491,19.326,854.675,857.6,3.12207,4.87276,2.44877,2.97533,9.31437,13.8527,13.8527,1.0,1.0,1
127909,31.05.2024 17:14:43.400000,554.37,603.149,9.49604,9.644,9.338,53.6782,3.45652,3.28822,19.2788,24.5453,854.685,857.605,3.04696,5.17267,2.64623,2.80045,9.31437,13.8527,13.8527,1.0,1.0,1
127910,31.05.2024 17:14:43.410000,562.692,608.999,9.33673,9.6,9.362,56.4903,3.48126,3.30583,20.6837,22.2554,854.665,857.545,3.26925,5.51824,3.12567,2.74128,9.31364,14.2506,14.2506,1.0,1.0,1
127911,31.05.2024 17:14:43.420000,554.37,603.149,9.49604,9.644,9.338,53.6782,3.45652,3.28822,20.6837,22.2554,854.665,857.545,3.04696,5.17267,2.64623,2.80045,9.31437,13.8527,13.8527,1.0,1.0,1
127912,31.05.2024 17:14:43.430000,554.288,605.868,9.37898,9.411,9.344,57.7034,3.47758,3.28548,20.1301,21.4828,854.57,857.43,3.04696,5.17267,2.64623,2.80045,9.31214,13.8527,13.8527,1.0,1.0,1
127913,31.05.2024 17:14:43.440000,558.49,605.868,9.37898,9.411,9.317,58.7688,3.4711,3.29368,19.6148,18.7025,854.545,857.4,3.10417,4.5349,2.70392,2.41731,9.31214,14.7642,14.7642,1.0,1.0,1
127914,31.05.2024 17:14:43.450000,558.49,608.505,9.42461,9.44,9.288,58.7688,3.44761,3.25415,19.6148,18.7025,854.545,857.4,3.10417,4.5349,2.70392,2.41731,9.31181,14.3808,14.3808,1.0,1.0,1
127915,31.05.2024 17:14:43.460000,558.49,608.505,9.42461,9.44,9.288,58.7688,3.44761,3.25415,19.6148,18.7025,854.545,857.4,3.10417,4.5349,2.70392,2.41731,9.31181,14.3808,14.3808,1.0,1.0,1
127916,31.05.2024 17:14:43.470000,558.49,608.505,9.33544,9.44,9.288,59.624,3.44462,3.26808,15.5642,19.0061,854.545,857.41,3.07007,4.40857,2.27371,2.44912,9.31099,14.2795,14.2795,1.0,1.0,1
127917,31.05.2024 17:14:43.480000,555.523,605.127,9.35087,9.418,9.275,60.5627,3.43662,3.26253,19.899,19.8031,854.505,857.365,3.23912,4.42772,2.48312,2.38101,9.31074,14.2795,14.2795,1.0,1.0,1
127918,31.05.2024 17:14:43.490000,555.523,605.127,9.37319,9.418,9.275,61.4743,3.40467,3.25053,16.2286,16.441,854.465,857.345,3.32008,4.31055,2.40724,2.25514,9.31074,14.2795,14.2795,1.0,1.0,1
127919,31.05.2024 17:14:43.500000,553.464,607.846,9.37319,9.398,9.259,61.4743,3.37649,3.26243,13.3436,12.3704,854.42,857.29,3.44775,4.40899,2.41794,2.187,9.30962,14.0842,14.0842,1.0,1.0,1
127920,31.05.2024 17:14:43.510000,553.464,602.984,9.40934,9.36,9.259,62.4857,3.35057,3.26031,13.3436,12.3704,854.42,857.29,3.44775,4.40899,2.41794,2.187,9.30921,14.0842,14.0842,1.0,1.0,1
127921,31.05.2024 17:14:43.520000,553.464,602.984,9.40934,9.36,9.259,62.4857,3.35057,3.26031,13.3436,12.3704,854.42,857.29,3.44775,4.40899,2.41794,2.187,9.30921,14.0842,14.0842,1.0,1.0,1
127922,31.05.2024 17:14:43.530000,560.962,602.984,9.40934,9.36,9.24,63.6047,3.32716,3.25793,13.4357,18.2602,854.37,857.225,3.5182,4.14755,3.15386,2.21443,9.30921,13.708,13.708,1.0,1.0,1
127923,31.05.2024 17:14:43.540000,560.962,602.984,9.40934,9.36,9.24,63.6047,3.32716,3.25793,13.4357,18.2602,854.37,857.225,3.5182,4.14755,3.15386,2.21443,9.30921,13.708,13.708,1.0,1.0,1
127924,31.05.2024 17:14:43.550000,553.793,608.175,9.37386,9.403,9.245,64.5603,3.28981,3.26286,10.9209,21.2898,854.325,857.19,3.61348,4.01711,3.66427,2.33755,9.30781,13.5344,13.5344,1.0,1.0,1
127925,31.05.2024 17:14:43.560000,543.493,600.018,9.40246,9.368,9.282,65.3129,3.29367,3.26479,10.1388,14.2598,854.225,857.15,3.70398,3.99776,3.93505,2.3714,9.30727,12.4928,12.4928,1.0,1.0,1
127926,31.05.2024 17:14:43.570000,553.793,608.175,9.37386,9.403,9.245,64.5603,3.28981,3.26286,10.9209,21.2898,854.325,857.19,3.61348,4.01711,3.66427,2.33755,9.30781,12.4928,12.4928,1.0,1.0,1
127927,31.05.2024 17:14:43.580000,524.789,601.172,9.41918,9.292,9.274,65.9899,3.32704,3.2507,10.9209,21.2898,854.325,857.19,3.20661,4.01281,3.84347,2.36665,9.30656,11.9792,11.9792,1.0,1.0,1
127928,31.05.2024 17:14:43.590000,524.789,601.172,9.41918,9.292,9.274,65.9899,3.32704,3.2507,10.9209,21.2898,854.325,857.19,3.20661,4.01281,3.84347,2.36665,9.30656,11.9792,11.9792,1.0,1.0,1
127929,31.05.2024 17:14:43.600000,524.789,597.958,9.39192,9.384,9.274,66.5561,3.34068,3.25948,9.50451,18.4824,854.105,857.03,3.01899,3.72293,3.86465,2.50501,9.30585,11.4366,11.4366,1.0,1.0,1
127930,31.05.2024 17:14:43.610000,524.789,597.958,9.39192,9.384,9.274,66.5561,3.34068,3.25948,9.50451,18.4824,854.105,857.03,3.01899,3.72293,3.86465,2.50501,9.30585,11.4366,11.4366,1.0,1.0,1
127931,31.05.2024 17:14:43.620000,522.4,563.598,9.3711,9.435,9.293,66.9406,3.3632,3.25785,11.3689,15.0086,854.085,856.96,3.13769,3.50707,3.33573,2.48798,9.30555,11.4222,11.4222,1.0,1.0,1
127932,31.05.2024 17:14:43.630000,511.935,551.816,9.3834,9.366,9.331,67.3479,3.34832,3.28117,13.3932,19.5918,853.99,856.885,3.51307,3.82361,2.47076,2.47457,9.30481,11.7332,11.7332,1.0,1.0,1
127933,31.05.2024 17:14:43.640000,505.508,575.876,9.41185,9.339,9.329,67.6512,3.33891,3.28873,13.3932,19.5918,853.99,856.885,3.51307,3.82361,2.47076,2.47457,9.3046,11.7332,11.7332,1.0,1.0,1
127934,31.05.2024 17:14:43.650000,505.508,575.876,9.41185,9.339,9.329,67.6512,3.33891,3.28873,13.3932,19.5918,853.99,856.885,3.51307,3.82361,2.47076,2.47457,9.3046,11.7332,11.7332,1.0,1.0,1
127935,31.05.2024 17:14:43.660000,505.508,575.876,9.40974,9.339,9.329,67.9704,3.3353,3.28373,12.1328,19.2802,853.895,856.785,3.28915,3.65598,2.5811,2.67505,9.3046,11.7188,11.7188,1.0,1.0,1
127936,31.05.2024 17:14:43.670000,505.508,575.876,9.40974,9.339,9.329,67.9704,3.3353,3.28373,12.1328,19.2802,853.895,856.785,3.28915,3.65598,2.5811,2.67505,9.3046,11.7188,11.7188,1.0,1.0,1
127937,31.05.2024 17:14:43.680000,492.654,553.958,9.41325,9.383,9.326,68.2768,3.34709,3.28907,12.7288,16.8675,853.84,856.735,3.09364,3.31817,3.49665,2.70288,9.30349,11.7188,11.7188,1.0,1.0,1
127938,31.05.2024 17:14:43.690000,488.782,528.168,9.42846,9.408,9.308,68.4191,3.382,3.27023,11.3202,16.5031,853.83,856.735,2.97676,3.30623,3.86417,2.7171,9.30298,12.1745,12.1745,1.0,1.0,1
127939,31.05.2024 17:14:43.700000,488.782,528.168,9.43084,9.408,9.308,68.6893,3.39172,3.27739,13.1934,17.7963,853.82,856.72,3.28151,3.64485,3.98927,2.84153,9.30256,12.1745,12.1745,1.0,1.0,1
127940,31.05.2024 17:14:43.710000,488.782,528.168,9.43084,9.408,9.308,68.6893,3.39172,3.27739,13.1934,17.7963,853.82,856.72,3.28151,3.64485,3.98927,2.84153,9.30256,12.1745,12.1745,1.0,1.0,1
127941,31.05.2024 17:14:43.720000,482.272,522.565,9.43084,9.392,9.339,68.6893,3.3957,3.27819,15.8828,18.1921,853.76,856.65,3.80594,4.08069,4.4024,2.9147,9.30256,12.2251,12.2251,1.0,1.0,1
127942,31.05.2024 17:14:43.730000,467.358,529.815,9.44379,9.372,9.328,68.8767,3.3873,3.3057,14.7856,19.598,853.705,856.495,4.13878,4.22822,4.54358,2.84198,9.30239,12.2251,12.2251,1.0,1.0,1
127943,31.05.2024 17:14:43.740000,482.767,496.362,9.44379,9.441,9.277,68.8767,3.37952,3.31078,14.7856,19.598,853.705,856.495,4.33995,3.49321,4.0643,2.73534,9.30195,12.3698,12.3698,1.0,1.0,1
127944,31.05.2024 17:14:43.750000,482.767,496.362,9.47756,9.441,9.277,69.0855,3.36976,3.30887,13.9724,20.4687,853.625,856.41,4.33995,3.49321,4.0643,2.73534,9.30213,12.3698,12.3698,1.0,1.0,1
127945,31.05.2024 17:14:43.760000,478.07,468.677,9.47756,9.385,9.289,69.1529,3.35987,3.30074,13.2371,19.8928,853.565,856.405,4.31236,3.24561,3.7648,2.70537,9.30213,12.8689,12.8689,1.0,1.0,1
127946,31.05.2024 17:14:43.770000,472.137,508.063,9.47424,9.314,9.28,69.1529,3.3479,3.27178,13.2371,19.8928,853.565,856.405,4.31236,3.24561,3.7648,2.70537,9.30164,12.8689,12.8689,1.0,1.0,1
127947,31.05.2024 17:14:43.780000,472.137,508.063,9.47424,9.314,9.28,69.1529,3.3479,3.27178,13.2371,19.8928,853.565,856.405,4.31236,3.24561,3.7648,2.70537,9.30164,12.8689,12.8689,1.0,1.0,1
127948,31.05.2024 17:14:43.790000,472.137,508.063,9.45542,9.314,9.28,69.1765,3.34581,3.25478,12.4934,19.0855,853.445,856.39,4.25219,3.55439,3.56811,2.71785,9.30207,13.0859,13.0859,1.0,1.0,1
127949,31.05.2024 17:14:43.800000,472.137,508.063,9.45542,9.314,9.28,69.1765,3.34581,3.25478,12.4934,19.0855,853.445,856.39,4.25219,3.55439,3.56811,2.71785,9.30207,13.0859,13.0859,1.0,1.0,1
127950,31.05.2024 17:14:43.810000,440.744,442.886,9.46769,9.443,9.34,69.2548,3.34956,3.23456,12.1486,14.6645,853.43,856.34,3.77528,3.83211,3.43898,2.79949,9.30183,13.5127,13.5127,1.0,1.0,1
127951,31.05.2024 17:14:43.820000,424.017,406.961,9.50314,9.406,9.327,69.3116,3.36611,3.22852,12.4161,16.0062,853.37,856.215,3.83581,4.33185,3.32189,2.91068,9.30166,13.5127,13.5127,1.0,1.0,1
127952,31.05.2024 17:14:43.830000,424.017,406.961,9.50314,9.406,9.327,69.3116,3.36611,3.22852,12.4161,16.0062,853.37,856.215,3.83581,4.33185,3.32189,2.91068,9.30166,13.5127,13.5127,1.0,1.0,1
127953,31.05.2024 17:14:43.840000,424.017,405.56,9.51985,9.422,9.327,69.4092,3.36899,3.22732,12.4161,16.0062,853.37,856.215,3.83581,4.33185,3.32189,2.91068,9.302,13.5127,13.5127,1.0,1.0,1
127954,31.05.2024 17:14:43.850000,424.017,405.56,9.51985,9.422,9.327,69.4092,3.36899,3.22732,12.4161,16.0062,853.37,856.215,3.83581,4.33185,3.32189,2.91068,9.302,13.5127,13.5127,1.0,1.0,1
127955,31.05.2024 17:14:43.860000,399.298,389.081,9.52294,9.406,9.373,69.4269,3.35789,3.23517,14.1273,13.8819,853.305,856.09,3.90458,4.38325,3.42179,3.05995,9.30202,13.4187,13.4187,1.0,1.0,1
127956,31.05.2024 17:14:43.870000,399.298,389.081,9.52294,9.406,9.373,69.4269,3.35789,3.23517,14.1273,13.8819,853.305,856.09,3.90458,4.38325,3.42179,3.05995,9.30202,13.4187,13.4187,1.0,1.0,1
127957,31.05.2024 17:14:43.880000,367.081,350.683,9.5311,9.457,9.373,69.5394,3.33666,3.24054,13.3631,16.7311,853.185,855.94,3.85639,3.55647,3.64569,3.32325,9.30226,13.7731,13.7731,1.0,1.0,1
127958,31.05.2024 17:14:43.890000,358.594,316.077,9.5198,9.484,9.36,69.6022,3.32192,3.23912,11.5273,16.317,853.16,855.93,3.95935,3.56101,3.47619,3.35257,9.30246,13.7731,13.7731,1.0,1.0,1
127959,31.05.2024 17:14:43.900000,341.62,310.226,9.5198,9.465,9.381,69.6022,3.32271,3.24153,10.1163,11.2135,853.11,855.915,4.27741,4.00344,3.50119,3.23619,9.30227,14.171,14.171,1.0,1.0,1
127960,31.05.2024 17:14:43.910000,341.62,293.994,9.51809,9.446,9.381,69.683,3.32749,3.24348,10.1163,11.2135,853.11,855.915,4.27741,4.00344,3.50119,3.23619,9.30293,14.171,14.171,1.0,1.0,1
127961,31.05.2024 17:14:43.920000,334.122,293.994,9.51809,9.446,9.378,69.7044,3.33269,3.24314,10.9374,13.1442,853.055,855.835,4.44375,4.3972,3.48285,3.21921,9.30293,14.417,14.417,1.0,1.0,1
127962,31.05.2024 17:14:43.930000,316.159,284.106,9.5297,9.427,9.358,69.7044,3.34918,3.24466,10.9374,13.1442,853.055,855.835,4.44375,4.3972,3.48285,3.21921,9.30252,14.4314,14.4314,1.0,1.0,1
127963,31.05.2024 17:14:43.940000,316.159,284.106,9.52924,9.427,9.358,69.7415,3.36004,3.24845,12.1522,15.4784,852.98,855.68,4.37375,4.52721,3.06328,3.4099,9.30231,14.4314,14.4314,1.0,1.0,1
127964,31.05.2024 17:14:43.950000,312.781,255.432,9.52924,9.453,9.373,69.7415,3.37188,3.25146,13.0637,14.3803,852.925,855.585,4.26769,3.80527,3.03935,3.32287,9.30231,14.8293,14.8293,1.0,1.0,1
127965,31.05.2024 17:14:43.960000,289.709,228.323,9.52113,9.438,9.387,69.8238,3.38155,3.25416,13.0637,14.3803,852.925,855.585,4.26769,3.80527,3.03935,3.32287,9.30271,14.8293,14.8293,1.0,1.0,1
127966,31.05.2024 17:14:43.970000,289.709,228.323,9.52113,9.438,9.387,69.8238,3.38155,3.25416,13.0637,14.3803,852.925,855.585,4.26769,3.80527,3.03935,3.32287,9.30271,14.8293,14.8293,1.0,1.0,1
127967,31.05.2024 17:14:43.980000,289.709,228.323,9.52626,9.438,9.387,69.8298,3.38602,3.25364,12.7393,15.4004,852.855,855.575,4.05668,3.46731,3.33913,3.41731,9.30271,15.4152,15.4152,1.0,1.0,1
127968,31.05.2024 17:14:43.990000,289.709,228.323,9.52626,9.438,9.387,69.8298,3.38602,3.25364,12.7393,15.4004,852.855,855.575,4.05668,3.46731,3.33913,3.41731,9.30271,15.4152,15.4152,1.0,1.0,1
127969,31.05.2024 17:14:44.000000,270.264,188.525,9.51966,9.454,9.366,69.7918,3.37072,3.25571,12.0491,15.669,852.84,855.515,3.79945,3.67436,3.0779,3.52313,9.30337,15.4152,15.4152,1.0,1.0,1
127970,31.05.2024 17:14:44.010000,260.623,157.873,9.49584,9.434,9.336,69.8237,3.34214,3.24971,12.3861,12.9349,852.795,855.42,3.97551,3.58061,2.75888,3.50642,9.30349,14.974,14.974,1.0,1.0,1
127971,31.05.2024 17:14:44.020000,260.623,157.873,9.49002,9.434,9.336,69.8961,3.33719,3.24758,12.1419,14.4835,852.745,855.365,4.05763,3.28666,2.87778,3.50432,9.30377,14.974,14.974,1.0,1.0,1
127972,31.05.2024 17:14:44.030000,260.623,157.873,9.49002,9.434,9.336,69.8961,3.33719,3.24758,12.1419,14.4835,852.745,855.365,4.05763,3.28666,2.87778,3.50432,9.30377,14.974,14.974,1.0,1.0,1
127973,31.05.2024 17:14:44.040000,237.222,132.495,9.49002,9.449,9.33,69.8961,3.34046,3.2469,11.6804,14.9898,852.72,855.31,4.11403,3.30238,2.64452,3.59028,9.30377,14.4821,14.4821,1.0,1.0,1
127974,31.05.2024 17:14:44.050000,226.84,117.581,9.49562,9.435,9.312,69.8333,3.35865,3.25117,11.1029,13.3286,852.67,855.255,4.41291,3.29207,2.48312,3.49775,9.30408,14.3953,14.3953,1.0,1.0,1
127975,31.05.2024 17:14:44.060000,237.222,132.495,9.49002,9.449,9.33,69.8961,3.34046,3.2469,11.1029,13.3286,852.67,855.255,4.11403,3.30238,2.64452,3.59028,9.30377,14.4821,14.4821,1.0,1.0,1
127976,31.05.2024 17:14:44.070000,211.679,97.4762,9.48309,9.437,9.308,69.7995,3.37663,3.24735,11.1406,13.3092,852.56,855.19,4.11403,3.30238,2.64452,3.59028,9.30477,14.4821,14.4821,1.0,1.0,1
127977,31.05.2024 17:14:44.080000,198.248,97.4762,9.48309,9.437,9.331,69.8378,3.38475,3.24587,11.5374,15.4395,852.52,855.105,4.26819,3.31706,2.64752,3.37614,9.30477,14.294,14.294,1.0,1.0,1
127978,31.05.2024 17:14:44.090000,198.248,97.4762,9.48309,9.437,9.331,69.8378,3.38475,3.24587,11.5374,15.4395,852.52,855.105,4.26819,3.31706,2.64752,3.37614,9.30477,14.294,14.294,1.0,1.0,1
127979,31.05.2024 17:14:44.100000,174.106,67.4011,9.47816,9.41,9.298,69.8378,3.38549,3.24328,11.4317,13.1892,852.49,855.04,4.22832,3.33208,2.59843,3.30577,9.30496,13.3898,13.3898,1.0,1.0,1
127980,31.05.2024 17:14:44.110000,145.267,67.3187,9.47144,9.339,9.32,69.745,3.37497,3.24483,12.969,12.8544,852.47,854.985,4.33617,3.37637,2.66363,3.34949,9.30513,13.3898,13.3898,1.0,1.0,1
127981,31.05.2024 17:14:44.120000,136.945,33.2062,9.46018,9.383,9.313,69.7196,3.36609,3.24603,12.969,12.8544,852.47,854.985,4.33617,3.37637,2.66363,3.34949,9.3048,13.3898,13.3898,1.0,1.0,1
127982,31.05.2024 17:14:44.130000,136.945,33.2062,9.45376,9.383,9.313,69.7057,3.35075,3.24557,12.5255,14.5912,852.45,854.925,4.69252,3.45242,2.93588,3.31618,9.3048,13.3464,13.3464,1.0,1.0,1
127983,31.05.2024 17:14:44.140000,111.649,1.73035,9.45376,9.345,9.316,69.7057,3.34712,3.24573,11.165,10.8247,852.345,854.87,5.0771,3.65107,3.05099,3.32642,9.3052,12.8038,12.8038,1.0,1.0,1
127984,31.05.2024 17:14:44.150000,111.649,-36.0901,9.44519,9.345,9.316,69.8073,3.34702,3.24632,11.165,10.8247,852.345,854.87,5.0771,3.65107,3.05099,3.32642,9.30535,12.8038,12.8038,1.0,1.0,1
127985,31.05.2024 17:14:44.160000,111.649,-36.0901,9.44519,9.345,9.316,69.8073,3.34702,3.24632,11.165,10.8247,852.345,854.87,5.0771,3.65107,3.05099,3.32642,9.30535,12.8038,12.8038,1.0,1.0,1
127986,31.05.2024 17:14:44.170000,102.914,-36.0901,9.44519,9.345,9.33,69.7942,3.35031,3.24706,10.6449,11.8097,852.285,854.79,4.84875,3.9355,2.85207,3.38717,9.30535,13.0353,13.0353,1.0,1.0,1
127987,31.05.2024 17:14:44.180000,102.914,-36.0901,9.44519,9.345,9.33,69.7942,3.35031,3.24706,10.6449,11.8097,852.285,854.79,4.84875,3.9355,2.85207,3.38717,9.30535,13.0353,13.0353,1.0,1.0,1
127988,31.05.2024 17:14:44.190000,98.3001,-50.0976,9.45298,9.302,9.323,69.7954,3.35857,3.24874,11.3055,13.3152,852.255,854.7,4.78871,3.98001,2.93165,3.36673,9.30581,13.0353,13.0353,1.0,1.0,1
127989,31.05.2024 17:14:44.200000,62.3749,-104.15,9.44912,9.281,9.281,69.8385,3.36435,3.25006,12.0004,13.9167,852.18,854.6,4.82014,3.99593,3.15512,3.266,9.30528,11.9864,11.9864,1.0,1.0,1
127990,31.05.2024 17:14:44.210000,62.3749,-104.15,9.44912,9.281,9.281,69.8385,3.36435,3.25006,12.0004,13.9167,852.18,854.6,4.82014,3.99593,3.15512,3.266,9.30528,11.9864,11.9864,1.0,1.0,1
127991,31.05.2024 17:14:44.220000,62.3749,-104.15,9.43699,9.281,9.281,69.7364,3.36123,3.25258,13.5272,13.3078,852.13,854.515,4.57078,3.68973,3.1541,3.37299,9.30528,11.9864,11.9864,1.0,1.0,1
127992,31.05.2024 17:14:44.230000,62.3749,-104.15,9.43699,9.281,9.281,69.7364,3.36123,3.25258,13.5272,13.3078,852.13,854.515,4.57078,3.68973,3.1541,3.37299,9.30528,11.9864,11.9864,1.0,1.0,1
127993,31.05.2024 17:14:44.240000,46.7193,-161.499,9.44252,9.35,9.262,69.7474,3.3507,3.25186,11.8427,13.6879,852.12,854.465,4.38636,3.52681,3.35379,3.30533,9.30484,11.9864,11.9864,1.0,1.0,1
127994,31.05.2024 17:14:44.250000,46.7193,-161.499,9.44252,9.35,9.262,69.7474,3.3507,3.25186,11.8427,13.6879,852.12,854.465,4.38636,3.52681,3.35379,3.30533,9.30484,11.9864,11.9864,1.0,1.0,1
127995,31.05.2024 17:14:44.260000,-49.6857,-182.593,9.43296,9.339,9.302,69.8016,3.33195,3.2515,10.8245,13.2825,852.1,854.41,4.67948,3.52948,3.42817,3.18094,9.305,12.934,12.934,1.0,1.0,1
127996,31.05.2024 17:14:44.270000,-77.4536,-238.376,9.44033,9.4,9.272,69.8521,3.33047,3.25201,10.5265,15.9895,852.0,854.28,5.14923,3.88537,3.25456,2.98143,9.3041,13.3102,13.3102,1.0,1.0,1
127997,31.05.2024 17:14:44.280000,-94.9218,-265.979,9.46157,9.355,9.238,69.9301,3.33176,3.25506,10.5265,15.9895,852.0,854.28,5.14923,3.88537,3.25456,2.98143,9.30435,13.3102,13.3102,1.0,1.0,1
127998,31.05.2024 17:14:44.290000,-94.9218,-265.979,9.46157,9.355,9.238,69.9301,3.33176,3.25506,10.5265,15.9895,852.0,854.28,5.14923,3.88537,3.25456,2.98143,9.30435,13.3102,13.3102,1.0,1.0,1
127999,31.05.2024 17:14:44.300000,-94.9218,-265.979,9.46364,9.355,9.238,69.9532,3.3418,3.26221,10.4483,13.8839,851.93,854.16,5.11968,4.03527,3.21984,3.00582,9.30435,13.3102,13.3102,1.0,1.0,1
128000,31.05.2024 17:14:44.310000,-94.9218,-265.979,9.46364,9.355,9.238,69.9532,3.3418,3.26221,10.4483,13.8839,851.93,854.16,5.11968,4.03527,3.21984,3.00582,9.30435,13.3102,13.3102,1.0,1.0,1
128001,31.05.2024 17:14:44.320000,-106.54,-303.882,9.44309,9.334,9.289,69.8808,3.35636,3.27457,9.37488,11.0744,851.94,854.1,5.06008,3.73793,3.2092,3.03012,9.30379,13.0281,13.0281,0.0,1.0,1
128002,31.05.2024 17:14:44.330000,-116.016,-341.455,9.45026,9.359,9.262,69.9097,3.37836,3.28121,11.8286,15.6508,851.865,854.04,5.28956,3.99758,3.36719,3.0891,9.30357,13.2378,13.2378,0.0,1.0,1
128003,31.05.2024 17:14:44.340000,-116.016,-341.455,9.46387,9.359,9.262,69.8435,3.38067,3.27981,12.6021,13.3896,851.815,853.98,5.09358,4.06061,3.2941,3.09303,9.30367,13.2378,13.2378,0.0,1.0,1
128004,31.05.2024 17:14:44.350000,-116.016,-341.455,9.46387,9.359,9.262,69.8435,3.38067,3.27981,12.6021,13.3896,851.815,853.98,5.09358,4.06061,3.2941,3.09303,9.30367,13.2378,13.2378,0.0,1.0,1
128005,31.05.2024 17:14:44.360000,-141.476,-389.905,9.46387,9.404,9.279,69.8435,3.3772,3.27516,12.789,12.7824,851.82,853.93,5.03814,4.13199,3.19075,3.0469,9.30367,13.2378,13.2378,0.0,1.0,1
128006,31.05.2024 17:14:44.370000,-176.331,-403.253,9.47296,9.366,9.235,69.8069,3.35303,3.26218,11.3386,14.6665,851.77,853.83,5.19394,4.46717,3.64744,3.11171,9.30404,12.934,12.934,0.0,1.0,1
128007,31.05.2024 17:14:44.380000,-176.331,-403.253,9.47296,9.366,9.235,69.8069,3.35303,3.26218,11.3386,14.6665,851.77,853.83,5.19394,4.46717,3.64744,3.11171,9.30404,12.934,12.934,0.0,1.0,1
128008,31.05.2024 17:14:44.390000,-214.316,-401.44,9.47296,9.394,9.296,69.8069,3.34761,3.25626,11.7253,14.2058,851.68,853.725,5.07494,4.22507,3.68207,3.1742,9.30411,13.0859,13.0859,0.0,1.0,1
128009,31.05.2024 17:14:44.400000,-249.335,-404.407,9.45306,9.369,9.312,69.834,3.34358,3.24595,9.31759,11.0573,851.65,853.655,4.57598,4.097,3.24935,3.10773,9.30407,13.0859,13.0859,0.0,1.0,1
128010,31.05.2024 17:14:44.410000,-282.623,-408.938,9.44504,9.362,9.312,69.834,3.35252,3.25122,9.31759,11.0573,851.65,853.655,4.57598,4.097,3.24935,3.10773,9.3045,13.1438,13.1438,0.0,1.0,1
128011,31.05.2024 17:14:44.420000,-282.623,-408.938,9.4326,9.362,9.312,69.8533,3.35831,3.25408,11.1555,10.7544,851.63,853.56,4.36282,3.98993,3.15091,3.03899,9.30423,13.1438,13.1438,0.0,1.0,1
128012,31.05.2024 17:14:44.430000,-298.032,-401.44,9.4326,9.332,9.298,69.8533,3.3653,3.25371,12.3334,12.8542,851.615,853.51,4.40517,3.79912,3.22317,3.13249,9.30423,12.8979,12.8979,0.0,1.0,1
128013,31.05.2024 17:14:44.440000,-311.792,-404.819,9.44097,9.334,9.273,69.812,3.37107,3.25669,12.3334,12.8542,851.615,853.51,4.40517,3.79912,3.22317,3.13249,9.3042,12.8979,12.8979,0.0,1.0,1
128014,31.05.2024 17:14:44.450000,-311.792,-404.819,9.44097,9.334,9.273,69.812,3.37107,3.25669,12.3334,12.8542,851.615,853.51,4.40517,3.79912,3.22317,3.13249,9.3042,12.8979,12.8979,0.0,1.0,1
128015,31.05.2024 17:14:44.460000,-311.792,-404.819,9.44684,9.334,9.273,69.8435,3.37571,3.27085,11.592,13.8289,851.595,853.455,4.49615,3.87498,2.89572,3.12126,9.3042,12.8979,12.8979,0.0,1.0,1
128016,31.05.2024 17:14:44.470000,-330.579,-398.804,9.43861,9.396,9.274,69.7969,3.36984,3.28265,11.1096,12.5788,851.555,853.405,4.54027,3.83858,2.94974,3.14483,9.30385,12.8979,12.8979,0.0,1.0,1
128017,31.05.2024 17:14:44.480000,-330.579,-398.804,9.43861,9.396,9.274,69.7969,3.36984,3.28265,11.1096,12.5788,851.555,853.405,4.54027,3.83858,2.94974,3.14483,9.30385,12.8979,12.8979,0.0,1.0,1
128018,31.05.2024 17:14:44.490000,-346.728,-398.804,9.43861,9.396,9.262,69.8391,3.36585,3.28661,11.3663,14.997,851.495,853.33,4.62034,4.08576,3.09672,3.14915,9.30385,13.4187,13.4187,0.0,1.0,1
128019,31.05.2024 17:14:44.500000,-346.728,-398.804,9.43861,9.396,9.262,69.8391,3.36585,3.28661,11.3663,14.997,851.495,853.33,4.62034,4.08576,3.09672,3.14915,9.30385,13.4187,13.4187,0.0,1.0,1
128020,31.05.2024 17:14:44.510000,-357.275,-395.837,9.4382,9.397,9.286,69.8799,3.3515,3.28574,10.5597,12.1744,851.475,853.21,4.56759,4.23335,3.03018,3.07341,9.30411,13.4187,13.4187,0.0,1.0,1
128021,31.05.2024 17:14:44.520000,-359.83,-397.403,9.43548,9.358,9.252,69.9587,3.34418,3.28102,11.614,14.0137,851.43,853.105,4.53948,3.9041,2.93854,3.09156,9.3043,13.8238,13.8238,0.0,1.0,1
128022,31.05.2024 17:14:44.530000,-357.275,-395.837,9.4382,9.397,9.286,69.8799,3.3515,3.28574,10.5597,12.1744,851.475,853.21,4.56759,4.23335,3.03018,3.07341,9.30411,13.8238,13.8238,0.0,1.0,1
128023,31.05.2024 17:14:44.540000,-361.23,-394.437,9.43487,9.321,9.258,69.8805,3.3464,3.27933,9.20967,12.3136,851.35,852.985,4.60228,3.73069,3.09761,2.99007,9.3036,13.8166,13.8166,0.0,1.0,1
128024,31.05.2024 17:14:44.550000,-361.23,-393.283,9.43425,9.321,9.258,69.9261,3.34981,3.27954,9.20967,12.3136,851.35,852.985,4.60228,3.73069,3.09761,2.99007,9.30416,13.8166,13.8166,0.0,1.0,1
128025,31.05.2024 17:14:44.560000,-359.006,-393.283,9.43425,9.305,9.262,69.8829,3.35636,3.28111,10.1804,13.1486,851.305,852.915,4.48759,3.7259,2.87265,2.93783,9.30416,13.9685,13.9685,0.0,1.0,1
128026,31.05.2024 17:14:44.570000,-358.099,-398.474,9.42986,9.368,9.27,69.8829,3.36267,3.2823,10.1804,13.1486,851.305,852.915,4.48759,3.7259,2.87265,2.93783,9.30391,14.0697,14.0697,0.0,1.0,1
128027,31.05.2024 17:14:44.580000,-358.099,-398.474,9.43378,9.368,9.27,69.8632,3.36253,3.28326,10.8242,12.2415,851.31,852.865,4.47762,3.8866,2.93887,2.89898,9.30406,14.0697,14.0697,0.0,1.0,1
128028,31.05.2024 17:14:44.590000,-346.728,-396.579,9.43378,9.39,9.24,69.8632,3.35923,3.28252,10.8981,12.5464,851.3,852.845,4.8628,4.0653,2.99938,2.87036,9.30406,13.2885,13.2885,0.0,1.0,1
128029,31.05.2024 17:14:44.600000,-359.253,-393.118,9.44664,9.414,9.23,69.8394,3.35806,3.28205,10.8981,12.5464,851.3,852.845,4.8628,4.0653,2.99938,2.87036,9.30328,13.2885,13.2885,0.0,1.0,1
128030,31.05.2024 17:14:44.610000,-359.253,-393.118,9.44664,9.414,9.23,69.8394,3.35806,3.28205,10.8981,12.5464,851.3,852.845,4.8628,4.0653,2.99938,2.87036,9.30328,13.2885,13.2885,0.0,1.0,1
128031,31.05.2024 17:14:44.620000,-359.253,-393.118,9.44668,9.414,9.23,69.8418,3.35132,3.28715,9.36388,12.8856,851.22,852.795,5.19582,4.71104,3.3815,2.97336,9.30328,13.2885,13.2885,0.0,1.0,1
128032,31.05.2024 17:14:44.630000,-359.253,-393.118,9.44668,9.414,9.23,69.8418,3.35132,3.28715,9.36388,12.8856,851.22,852.795,5.19582,4.71104,3.3815,2.97336,9.30328,13.2885,13.2885,0.0,1.0,1
128033,31.05.2024 17:14:44.640000,-359.088,-385.867,9.43102,9.325,9.237,69.8718,3.34944,3.28451,9.6761,13.0383,851.13,852.645,5.36844,5.20591,3.83645,2.97159,9.30314,12.7025,12.7025,0.0,1.0,1
128034,31.05.2024 17:14:44.650000,-360.489,-400.699,9.43859,9.386,9.265,69.8477,3.35331,3.28192,10.6014,11.696,851.15,852.53,5.13158,4.86249,3.38257,2.93288,9.30276,12.5723,12.5723,0.0,1.0,1
128035,31.05.2024 17:14:44.660000,-360.489,-400.699,9.43859,9.386,9.265,69.8477,3.35331,3.28192,10.6014,11.696,851.15,852.53,5.13158,4.86249,3.38257,2.93288,9.30276,12.5723,12.5723,0.0,1.0,1
128036,31.05.2024 17:14:44.670000,-360.489,-400.699,9.43321,9.386,9.265,69.8304,3.35824,3.28209,9.67228,9.90392,851.12,852.48,5.39673,4.55103,3.46041,2.93947,9.30288,12.2902,12.2902,0.0,1.0,1
128037,31.05.2024 17:14:44.680000,-353.815,-389.575,9.43181,9.355,9.273,69.8775,3.37418,3.27995,9.63813,11.6041,851.03,852.445,5.58623,4.60609,4.07349,2.90901,9.30369,12.2902,12.2902,0.0,1.0,1
128038,31.05.2024 17:14:44.690000,-353.815,-389.575,9.43196,9.355,9.273,69.871,3.39395,3.27966,11.3296,12.405,851.015,852.405,5.31793,4.79262,3.78751,2.93766,9.30369,12.2902,12.2902,0.0,1.0,1
128039,31.05.2024 17:14:44.700000,-344.751,-391.717,9.43196,9.381,9.304,69.871,3.39843,3.28061,11.397,11.2925,851.04,852.335,5.39182,5.13687,3.58899,2.97095,9.30328,12.0298,12.0298,0.0,1.0,1
128040,31.05.2024 17:14:44.710000,-344.751,-400.781,9.43611,9.333,9.304,69.8842,3.39811,3.28199,11.397,11.2925,851.04,852.335,5.39182,5.13687,3.58899,2.97095,9.30378,12.0298,12.0298,0.0,1.0,1
128041,31.05.2024 17:14:44.720000,-347.552,-400.781,9.43611,9.333,9.289,69.8966,3.39349,3.28285,12.4296,12.9567,851.005,852.28,5.77506,5.33749,3.91822,3.04961,9.30378,11.3788,11.3788,0.0,1.0,1
128042,31.05.2024 17:14:44.730000,-347.552,-400.781,9.43611,9.333,9.289,69.8966,3.39349,3.28285,12.4296,12.9567,851.005,852.28,5.77506,5.33749,3.91822,3.04961,9.30378,11.3788,11.3788,0.0,1.0,1
128043,31.05.2024 17:14:44.740000,-352.002,-397.32,9.43202,9.283,9.267,69.8966,3.37401,3.28332,11.4105,11.6313,850.865,852.17,5.78559,5.5719,3.76175,3.06466,9.30346,11.3788,11.3788,0.0,1.0,1
128044,31.05.2024 17:14:44.750000,-350.683,-401.111,9.43073,9.361,9.256,69.9241,3.3522,3.2854,10.4305,11.0254,850.845,851.985,5.00624,5.4765,3.78956,3.15069,9.30299,11.5741,11.5741,0.0,1.0,1
128045,31.05.2024 17:14:44.760000,-355.298,-399.957,9.44551,9.34,9.263,69.8894,3.34391,3.28296,10.4305,11.0254,850.845,851.985,5.00624,5.4765,3.78956,3.15069,9.30328,11.5741,11.5741,0.0,1.0,1
128046,31.05.2024 17:14:44.770000,-355.298,-399.957,9.44551,9.34,9.263,69.8894,3.34391,3.28296,10.4305,11.0254,850.845,851.985,5.00624,5.4765,3.78956,3.15069,9.30328,11.5741,11.5741,0.0,1.0,1
128047,31.05.2024 17:14:44.780000,-355.298,-399.957,9.44701,9.34,9.263,69.8705,3.33458,3.28195,9.85556,10.8016,850.84,851.88,4.75397,4.39022,3.71329,3.16244,9.30328,11.3715,11.3715,0.0,1.0,1
128048,31.05.2024 17:14:44.790000,-355.463,-396.991,9.44765,9.312,9.26,69.857,3.34112,3.28194,8.91116,10.803,850.83,851.885,4.64119,3.88704,3.55959,3.13169,9.30343,11.2196,11.2196,0.0,1.0,1
128049,31.05.2024 17:14:44.800000,-355.463,-396.991,9.44765,9.312,9.26,69.857,3.34112,3.28194,8.91116,10.803,850.83,851.885,4.64119,3.88704,3.55959,3.13169,9.30343,11.2196,11.2196,0.0,1.0,1
128050,31.05.2024 17:14:44.810000,-360.736,-396.991,9.44765,9.312,9.262,69.8495,3.34806,3.28187,10.7168,10.1467,850.815,851.875,4.88255,4.12007,3.69602,3.08286,9.30343,11.2196,11.2196,0.0,1.0,1
128051,31.05.2024 17:14:44.820000,-358.594,-400.369,9.45663,9.338,9.275,69.8874,3.3738,3.2816,11.4048,11.1886,850.82,851.865,5.02523,4.43987,3.61981,3.20485,9.30322,11.2558,11.2558,0.0,1.0,1
128052,31.05.2024 17:14:44.830000,-358.594,-400.369,9.45663,9.338,9.275,69.8874,3.3738,3.2816,11.4048,11.1886,850.82,851.865,5.02523,4.43987,3.61981,3.20485,9.30322,11.2558,11.2558,0.0,1.0,1
128053,31.05.2024 17:14:44.840000,-351.919,-395.755,9.45663,9.342,9.269,69.8874,3.37677,3.28176,11.7344,10.2977,850.805,851.81,5.32001,5.08788,3.53898,3.28061,9.30322,11.2413,11.2413,0.0,1.0,1
128054,31.05.2024 17:14:44.850000,-351.919,-395.755,9.45663,9.342,9.269,69.8874,3.37677,3.28176,11.7344,10.2977,850.805,851.81,5.32001,5.08788,3.53898,3.28061,9.30322,11.2413,11.2413,0.0,1.0,1
128055,31.05.2024 17:14:44.860000,-355.627,-401.605,9.45567,9.339,9.274,69.8866,3.36363,3.28461,10.5081,9.7591,850.72,851.685,5.61008,5.43943,3.4901,3.3727,9.30319,11.2413,11.2413,0.0,1.0,1
128056,31.05.2024 17:14:44.870000,-355.627,-401.605,9.45567,9.339,9.274,69.8866,3.36363,3.28461,10.5081,9.7591,850.72,851.685,5.61008,5.43943,3.4901,3.3727,9.30319,11.2413,11.2413,0.0,1.0,1
128057,31.05.2024 17:14:44.880000,-346.234,-399.216,9.47066,9.355,9.288,69.9038,3.34748,3.28872,10.1204,10.1427,850.635,851.565,5.34842,5.09389,3.31126,3.42852,9.30376,10.9592,10.9592,0.0,1.0,1
128058,31.05.2024 17:14:44.890000,-346.234,-399.216,9.47066,9.355,9.288,69.9038,3.34748,3.28872,10.1204,10.1427,850.635,851.565,5.34842,5.09389,3.31126,3.42852,9.30376,10.9592,10.9592,0.0,1.0,1
128059,31.05.2024 17:14:44.900000,-352.002,-399.463,9.47274,9.326,9.269,69.9168,3.33825,3.28851,9.22827,10.6983,850.625,851.535,4.81626,4.71129,3.32917,3.58334,9.30423,10.4022,10.4022,0.0,1.0,1
128060,31.05.2024 17:14:44.910000,-353.155,-400.864,9.47099,9.338,9.296,69.962,3.34569,3.29132,9.41939,11.0344,850.645,851.495,4.85136,5.24925,3.54491,3.72302,9.30441,10.4022,10.4022,0.0,1.0,1
128061,31.05.2024 17:14:44.920000,-353.155,-400.864,9.47099,9.338,9.296,69.962,3.34569,3.29132,9.41939,11.0344,850.645,851.495,4.85136,5.24925,3.54491,3.72302,9.30441,10.4022,10.4022,0.0,1.0,1
128062,31.05.2024 17:14:44.930000,-352.908,-403.418,9.46952,9.322,9.308,69.95,3.34982,3.29181,9.32305,10.7078,850.56,851.375,5.27669,5.52434,3.66111,3.69951,9.30399,10.395,10.395,0.0,1.0,1
128063,31.05.2024 17:14:44.940000,-351.755,-399.957,9.45265,9.383,9.327,69.9724,3.37232,3.2892,10.9944,9.87514,850.525,851.24,5.08931,5.38094,3.46549,3.63054,9.30444,10.8941,10.8941,0.0,1.0,1
128064,31.05.2024 17:14:44.950000,-351.755,-399.957,9.45265,9.383,9.327,69.9724,3.37232,3.2892,10.9944,9.87514,850.525,851.24,5.08931,5.38094,3.46549,3.63054,9.30444,10.8941,10.8941,0.0,1.0,1
128065,31.05.2024 17:14:44.960000,-351.755,-404.407,9.43155,9.413,9.327,70.034,3.37931,3.28964,11.9935,11.7312,850.52,851.17,5.11872,4.74423,3.55884,3.58902,9.30466,10.9086,10.9086,0.0,1.0,1
128066,31.05.2024 17:14:44.970000,-352.579,-392.377,9.44232,9.405,9.304,69.9484,3.39021,3.29059,11.9935,11.7312,850.52,851.17,5.11872,4.74423,3.55884,3.58902,9.30427,10.5035,10.5035,0.0,1.0,1
128067,31.05.2024 17:14:44.980000,-352.579,-392.377,9.43724,9.405,9.304,69.9933,3.38972,3.29063,11.6238,8.83013,850.495,851.17,5.11128,4.48905,4.1855,3.63803,9.30462,10.5035,10.5035,0.0,1.0,1
128068,31.05.2024 17:14:44.990000,-352.579,-392.377,9.43724,9.405,9.304,69.9933,3.38972,3.29063,11.6238,8.83013,850.495,851.17,5.11128,4.48905,4.1855,3.63803,9.30462,10.5035,10.5035,0.0,1.0,1
128069,31.05.2024 17:14:45.000000,-356.122,-396.661,9.43724,9.374,9.297,69.9933,3.38686,3.29064,11.9845,9.19635,850.465,851.155,5.13866,4.89026,4.30759,3.64268,9.30462,10.5179,10.5179,0.0,1.0,1
128070,31.05.2024 17:14:45.010000,-356.122,-396.661,9.43724,9.374,9.297,69.9933,3.38686,3.29064,11.9845,9.19635,850.465,851.155,5.13866,4.89026,4.30759,3.64268,9.30462,10.5179,10.5179,0.0,1.0,1
128071,31.05.2024 17:14:45.020000,-351.425,-394.519,9.44523,9.359,9.278,69.982,3.37906,3.29106,11.1023,7.37392,850.435,851.085,5.19506,5.22065,3.84028,3.6152,9.30427,9.57032,9.57032,0.0,1.0,1
128072,31.05.2024 17:14:45.030000,-347.964,-395.672,9.44041,9.295,9.288,70.018,3.37821,3.29626,11.3703,11.1538,850.36,850.97,5.06837,5.29654,3.88609,3.72305,9.30433,10.0333,10.0333,0.0,1.0,1
128073,31.05.2024 17:14:45.040000,-355.298,-395.672,9.44041,9.295,9.281,70.1294,3.37967,3.29899,10.8548,10.1898,850.345,850.89,4.66294,5.03136,3.54479,3.66984,9.30433,10.5903,10.5903,0.0,1.0,1
128074,31.05.2024 17:14:45.050000,-353.238,-402.347,9.43456,9.286,9.233,70.1294,3.38329,3.30266,10.8548,10.1898,850.345,850.89,4.66294,5.03136,3.54479,3.66984,9.3047,10.6048,10.6048,0.0,1.0,1
128075,31.05.2024 17:14:45.060000,-353.238,-402.347,9.43852,9.286,9.233,70.1374,3.38418,3.30348,10.7944,10.6147,850.345,850.855,4.7036,4.79049,3.23414,3.6008,9.30393,10.6048,10.6048,0.0,1.0,1
128076,31.05.2024 17:14:45.070000,-353.485,-389.575,9.43852,9.338,9.252,70.1374,3.38361,3.30374,10.0912,8.92496,850.32,850.825,4.74698,4.86959,3.54158,3.73078,9.30393,10.6048,10.6048,0.0,1.0,1
128077,31.05.2024 17:14:45.080000,-355.71,-398.474,9.44853,9.368,9.247,70.043,3.37986,3.30382,10.0912,8.92496,850.32,850.825,4.74698,4.86959,3.54158,3.73078,9.30445,10.6048,10.6048,0.0,1.0,1
128078,31.05.2024 17:14:45.090000,-355.71,-398.474,9.45248,9.368,9.247,70.0238,3.36862,3.30386,10.5623,9.86864,850.29,850.785,4.7971,5.10267,3.6885,3.83294,9.30445,10.6048,10.6048,0.0,1.0,1
128079,31.05.2024 17:14:45.100000,-356.863,-402.017,9.45248,9.385,9.228,70.0238,3.36277,3.30386,10.3814,8.95437,850.275,850.715,4.95626,5.37235,3.50867,3.77683,9.30409,10.1418,10.1418,0.0,1.0,1
128080,31.05.2024 17:14:45.110000,-356.863,-397.156,9.43909,9.372,9.228,70.0684,3.35749,3.30386,10.3814,8.95437,850.275,850.715,4.95626,5.37235,3.50867,3.77683,9.30401,10.1418,10.1418,0.0,1.0,1
128081,31.05.2024 17:14:45.120000,-356.863,-397.156,9.43909,9.372,9.228,70.0684,3.35749,3.30386,10.3814,8.95437,850.275,850.715,4.95626,5.37235,3.50867,3.77683,9.30401,10.1418,10.1418,0.0,1.0,1
128082,31.05.2024 17:14:45.130000,-357.522,-397.156,9.43909,9.372,9.252,69.9864,3.35281,3.30259,10.3775,11.2393,850.22,850.615,5.17168,5.27924,3.58303,3.74046,9.30401,10.0188,10.0188,0.0,1.0,1
128083,31.05.2024 17:14:45.140000,-357.522,-397.156,9.43909,9.372,9.252,69.9864,3.35281,3.30259,10.3775,11.2393,850.22,850.615,5.17168,5.27924,3.58303,3.74046,9.30401,10.0188,10.0188,0.0,1.0,1
128084,31.05.2024 17:14:45.150000,-352.743,-398.804,9.45504,9.39,9.228,70.0347,3.34949,3.30188,9.81065,8.61513,850.205,850.55,5.05249,5.13506,3.52556,3.7449,9.3035,10.0188,10.0188,0.0,1.0,1
128085,31.05.2024 17:14:45.160000,-354.886,-393.53,9.46103,9.347,9.233,69.9854,3.35704,3.30602,8.78219,8.75063,850.2,850.525,5.2599,4.9855,3.49878,3.68771,9.30324,9.51244,9.51244,0.0,1.0,1
128086,31.05.2024 17:14:45.170000,-354.886,-393.53,9.46103,9.347,9.233,69.9854,3.35704,3.30602,8.78219,8.75063,850.2,850.525,5.2599,4.9855,3.49878,3.68771,9.30324,9.51244,9.51244,0.0,1.0,1
128087,31.05.2024 17:14:45.180000,-354.886,-393.53,9.45561,9.347,9.233,69.933,3.36644,3.30699,9.87192,10.0132,850.095,850.45,5.43187,5.26222,4.1528,3.72946,9.30324,9.51244,9.51244,0.0,1.0,1
128088,31.05.2024 17:14:45.190000,-354.886,-393.53,9.45561,9.347,9.233,69.933,3.36644,3.30699,9.87192,10.0132,850.095,850.45,5.43187,5.26222,4.1528,3.72946,9.30324,9.51244,9.51244,0.0,1.0,1
128089,31.05.2024 17:14:45.200000,-360.324,-395.096,9.45121,9.314,9.256,69.8416,3.37325,3.31078,9.81771,10.7161,850.02,850.305,4.92371,5.24835,4.16283,3.84931,9.30328,9.51244,9.51244,0.0,1.0,1
128090,31.05.2024 17:14:45.210000,-360.324,-395.096,9.45121,9.314,9.256,69.8416,3.37325,3.31078,9.81771,10.7161,850.02,850.305,4.92371,5.24835,4.16283,3.84931,9.30328,9.51244,9.51244,0.0,1.0,1
128091,31.05.2024 17:14:45.220000,-352.743,-390.811,9.44496,9.314,9.301,69.8918,3.37021,3.31561,10.5376,8.62718,850.015,850.22,4.37805,4.71181,3.45561,3.75247,9.30414,8.53588,8.53588,0.0,1.0,1
128092,31.05.2024 17:14:45.230000,-350.271,-397.815,9.4424,9.334,9.277,69.9949,3.36987,3.32011,10.4191,9.41449,850.005,850.21,4.31204,4.57448,3.41514,3.62589,9.30396,8.53588,8.53588,0.0,1.0,1
128093,31.05.2024 17:14:45.240000,-356.204,-398.639,9.44628,9.35,9.275,69.9478,3.37325,3.31977,10.4191,9.41449,850.005,850.21,4.31204,4.57448,3.41514,3.62589,9.30374,8.53588,8.53588,0.0,1.0,1
128094,31.05.2024 17:14:45.250000,-356.204,-398.639,9.44628,9.35,9.275,69.9478,3.37325,3.31977,10.4191,9.41449,850.005,850.21,4.31204,4.57448,3.41514,3.62589,9.30374,8.53588,8.53588,0.0,1.0,1
128095,31.05.2024 17:14:45.260000,-356.204,-398.639,9.44036,9.35,9.275,69.8657,3.37827,3.31748,9.93022,8.49357,850.01,850.17,4.50952,4.91448,3.57263,3.70499,9.30374,8.34779,8.34779,0.0,1.0,1
128096,31.05.2024 17:14:45.270000,-356.204,-398.639,9.44036,9.35,9.275,69.8657,3.37827,3.31748,9.93022,8.49357,850.01,850.17,4.50952,4.91448,3.57263,3.70499,9.30374,8.34779,8.34779,0.0,1.0,1
128097,31.05.2024 17:14:45.280000,-346.069,-396.084,9.43905,9.315,9.26,69.9192,3.38911,3.31712,11.2815,8.7904,849.99,850.115,4.79784,5.15638,3.63256,3.58991,9.30361,8.34779,8.34779,0.0,1.0,1
128098,31.05.2024 17:14:45.290000,-348.376,-392.047,9.44696,9.363,9.267,69.9753,3.40977,3.31794,10.5409,9.0385,849.945,850.01,5.13154,5.28852,3.71264,3.59816,9.30398,8.73842,8.73842,0.0,1.0,1
128099,31.05.2024 17:14:45.300000,-348.376,-392.047,9.44575,9.363,9.267,69.8725,3.41718,3.31735,13.4754,9.36429,849.825,849.895,5.27992,5.15253,3.77813,3.5426,9.30401,8.73842,8.73842,0.0,1.0,1
