,time,Pinceur Inf Mesure de courant,Pinceur Sup Mesure de courant,Mandrin - Vitesse Actuelle,Pinceur Sup Mesure vitesse lineaire,Pinceur Inf Mesure vitesse lineaire,Mandrin - Mesure Expansion,Pinceur Nord Position entrefer estimee,Pinceur Sud Position entrefer estimee,Pinceur Nord Force entrefer calibree,Pinceur Sud Force entrefer calibree,Guides Nord Entree Position mesuree,Guides Nord Sortie Position mesuree,Guides Nord Entree Force pour regulateur PI,Guides Nord Sortie Force pour regulateur PI,Guides Sud Entree Force pour regulateur PI,Guides Sud Sortie Force pour regulateur PI,Mandrin - Vitesse Actuelle F10,_Excentrage largeur bande jauge bob,_Excentrage largeur bande jauge bob.1,TDB pinceur,Fenetre,Declancheur
131700,31.05.2024 23:38:42.800000,123.761,37.738,7.93234,8.257,8.058,41.1264,4.62973,3.00577,57.1914,3.60417,814.42,815.435,6.26204,8.71286,-0.0434051,-0.0417948,6.90113,23.1554,23.1554,1.0,1.0,1
131701,31.05.2024 23:38:42.810000,146.832,117.334,7.93234,8.167,7.868,41.1264,4.80019,2.92721,57.1914,3.60417,814.42,815.435,6.26204,8.71286,-0.0434051,-0.0417948,6.90113,23.1554,23.1554,1.0,1.0,1
131702,31.05.2024 23:38:42.820000,227.911,123.431,7.93632,8.06,7.765,41.1065,4.73191,2.85568,73.9895,12.3714,812.605,813.63,6.25181,9.67742,-0.020906,0.0357218,6.901,22.5839,22.5839,1.0,1.0,1
131703,31.05.2024 23:38:42.830000,227.911,123.431,7.93041,8.06,7.765,41.0277,4.32461,3.01709,73.9895,12.3714,812.605,813.63,6.25181,9.67742,-0.020906,0.0357218,6.901,22.5839,22.5839,1.0,1.0,1
131704,31.05.2024 23:38:42.840000,311.133,175.342,7.93041,7.965,7.627,41.0277,4.01204,3.08052,59.7357,8.2607,810.83,811.78,5.73038,9.33464,-0.00764227,0.0170698,6.90141,22.6852,22.6852,1.0,1.0,1
131705,31.05.2024 23:38:42.850000,311.133,193.304,7.93172,7.979,7.627,41.0035,3.64668,3.13052,35.8851,27.3846,809.18,810.11,4.70267,7.43466,-0.082685,0.0269003,6.9017,24.009,24.009,1.0,1.0,1
131706,31.05.2024 23:38:42.860000,311.133,193.304,7.93172,7.979,7.627,41.0035,3.64668,3.13052,35.8851,27.3846,809.18,810.11,4.70267,7.43466,-0.082685,0.0269003,6.9017,24.009,24.009,1.0,1.0,1
131707,31.05.2024 23:38:42.870000,365.845,193.304,7.93172,7.979,7.55,40.9995,3.35941,3.23705,11.0346,37.6935,807.665,808.64,3.85841,6.07338,-0.046556,-0.0169382,6.9017,26.114,26.114,1.0,1.0,1
131708,31.05.2024 23:38:42.880000,365.845,193.304,7.93172,7.979,7.55,40.9995,3.35941,3.23705,11.0346,37.6935,807.665,808.64,3.85841,6.07338,-0.046556,-0.0169382,6.9017,26.114,26.114,1.0,1.0,1
131709,31.05.2024 23:38:42.890000,429.867,233.926,7.93877,7.906,7.446,41.0357,2.91785,3.38233,-8.6479,37.5013,806.175,807.2,3.57113,5.89686,0.0537133,-0.0252371,6.9025,26.114,26.114,1.0,1.0,1
131710,31.05.2024 23:38:42.900000,607.352,400.534,7.93414,7.571,7.089,41.0101,3.1653,3.35404,-0.95988,42.8196,804.675,805.73,3.37919,6.30968,0.0103326,-0.0143385,6.90362,27.3293,27.3293,1.0,1.0,1
131711,31.05.2024 23:38:42.910000,607.352,400.534,7.93006,7.571,7.089,41.3507,3.68652,3.18633,-0.95988,42.8196,804.675,805.73,3.37919,6.30968,0.0103326,-0.0143385,6.90362,27.3293,27.3293,1.0,1.0,1
131712,31.05.2024 23:38:42.920000,655.801,468.841,7.93006,7.516,7.065,41.3507,3.93463,3.08454,21.7875,37.9564,803.155,804.215,3.2611,6.68672,-0.0766845,0.0149317,6.90394,27.3293,27.3293,1.0,1.0,1
131713,31.05.2024 23:38:42.930000,655.801,468.841,7.93006,7.516,7.065,41.3507,3.93463,3.08454,21.7875,37.9564,803.155,804.215,3.2611,6.68672,-0.0766845,0.0149317,6.90394,27.3293,27.3293,1.0,1.0,1
131714,31.05.2024 23:38:42.940000,655.801,513.748,7.93872,7.518,7.065,41.2982,4.13565,3.00672,41.6983,15.6066,801.72,802.75,3.26141,7.03405,-0.00515509,0.0291948,6.90423,25.9693,25.9693,1.0,1.0,1
131715,31.05.2024 23:38:42.950000,717.517,558.49,7.94292,7.398,6.887,41.2253,4.23048,2.86721,52.5928,3.28536,800.295,801.275,4.00853,8.01984,-0.0529571,-0.0227671,6.90463,22.9094,22.9094,1.0,1.0,1
131716,31.05.2024 23:38:42.960000,717.517,558.49,7.93736,7.398,6.887,41.2224,4.11013,2.84124,50.9456,6.44813,798.735,799.685,5.10923,9.16403,-0.0773902,-0.00614834,6.90598,22.9094,22.9094,1.0,1.0,1
131717,31.05.2024 23:38:42.970000,717.517,558.49,7.93736,7.398,6.887,41.2224,4.11013,2.84124,50.9456,6.44813,798.735,799.685,5.10923,9.16403,-0.0773902,-0.00614834,6.90598,22.9094,22.9094,1.0,1.0,1
131718,31.05.2024 23:38:42.980000,705.899,680.273,7.93736,7.205,6.806,41.2224,3.96063,2.82623,40.5275,4.51958,797.145,797.96,5.47209,9.39131,-0.0292945,0.0719328,6.90598,25.2604,25.2604,1.0,1.0,1
131719,31.05.2024 23:38:42.990000,709.277,700.049,7.93371,7.219,6.749,41.1777,3.39251,2.8309,40.5275,4.51958,797.145,797.96,5.47209,9.39131,-0.0292945,0.0719328,6.90655,25.2604,25.2604,1.0,1.0,1
131720,31.05.2024 23:38:43.000000,702.685,700.296,7.93371,7.29,6.751,41.1777,3.2217,2.88045,23.8553,-1.03703,795.52,796.235,5.87983,9.18357,-0.0612884,0.100991,6.90683,26.8374,26.8374,1.0,1.0,1
131721,31.05.2024 23:38:43.010000,702.685,700.296,7.93371,7.29,6.751,41.1777,3.2217,2.88045,23.8553,-1.03703,795.52,796.235,5.87983,9.18357,-0.0612884,0.100991,6.90683,26.8374,26.8374,1.0,1.0,1
131722,31.05.2024 23:38:43.020000,702.685,708.865,7.92829,7.225,6.751,41.1497,3.10469,2.95439,6.66037,8.01895,793.855,794.57,5.85141,8.43606,-0.0524344,0.0912657,6.90759,26.8374,26.8374,1.0,1.0,1
131723,31.05.2024 23:38:43.030000,697.082,703.427,7.93082,7.069,6.77,41.1385,3.15761,3.12704,4.129,27.8199,792.19,792.915,5.72991,7.93583,-0.0837646,0.0243902,6.9076,30.8955,30.8955,1.0,1.0,1
131724,31.05.2024 23:38:43.040000,697.082,703.427,7.9316,7.069,6.77,41.0859,3.28142,3.17,8.40827,27.9549,790.6,791.245,5.27912,7.62319,0.0642762,0.0552664,6.90746,33.4346,33.4346,1.0,1.0,1
131725,31.05.2024 23:38:43.050000,684.723,693.786,7.9316,7.067,6.938,41.0859,3.39483,3.19124,8.40827,27.9549,790.6,791.245,5.27912,7.62319,0.0642762,0.0552664,6.90746,33.4346,33.4346,1.0,1.0,1
131726,31.05.2024 23:38:43.060000,696.094,699.884,7.93184,7.09,6.952,41.1413,3.50724,3.19596,17.0611,25.9259,788.955,789.61,5.48834,7.39591,0.209277,0.0598574,6.90724,34.9031,34.9031,1.0,1.0,1
131727,31.05.2024 23:38:43.070000,696.094,699.884,7.93576,7.09,6.952,41.1915,3.63375,3.21806,17.0611,25.9259,788.955,789.61,5.48834,7.39591,0.209277,0.0598574,6.90724,34.9031,34.9031,1.0,1.0,1
131728,31.05.2024 23:38:43.080000,692.138,698.648,7.93576,7.051,7.03,41.1915,3.64766,3.22624,28.8939,27.1429,787.325,788.01,5.57057,7.3269,0.325854,0.0641279,6.9067,35.4311,35.4311,1.0,1.0,1
131729,31.05.2024 23:38:43.090000,692.138,698.813,7.94438,6.983,7.03,41.2065,3.63898,3.21907,28.7061,36.4457,785.68,786.37,5.80602,7.60775,0.272475,0.0394144,6.90694,35.7784,35.7784,1.0,1.0,1
131730,31.05.2024 23:38:43.100000,691.314,698.813,7.94438,6.983,6.988,41.1891,3.59243,3.20275,28.7061,36.4457,785.68,786.37,5.80602,7.60775,0.272475,0.0394144,6.90694,35.7784,35.7784,1.0,1.0,1
131731,31.05.2024 23:38:43.110000,696.423,699.884,7.93966,7.006,6.998,41.1891,3.42726,3.18666,28.1238,31.1814,784.005,784.795,5.90884,8.30737,0.277808,0.0773249,6.90642,35.7928,35.7928,1.0,1.0,1
131732,31.05.2024 23:38:43.120000,696.423,699.884,7.93999,7.006,6.998,41.1945,3.32337,3.18223,20.6576,24.3818,782.36,783.205,6.02458,9.23398,0.190421,0.161559,6.90642,37.0949,37.0949,1.0,1.0,1
131733,31.05.2024 23:38:43.130000,696.423,699.884,7.93999,7.006,6.998,41.1945,3.32337,3.18223,20.6576,24.3818,782.36,783.205,6.02458,9.23398,0.190421,0.161559,6.90642,37.0949,37.0949,1.0,1.0,1
131734,31.05.2024 23:38:43.140000,693.951,696.588,7.93999,7.006,6.926,41.1945,3.22308,3.1685,20.6576,24.3818,782.36,783.205,6.02458,9.23398,0.190421,0.161559,6.90642,37.0949,37.0949,1.0,1.0,1
131735,31.05.2024 23:38:43.150000,693.951,696.588,7.93647,7.006,6.926,41.2051,3.0853,3.11577,8.75688,25.9866,780.64,781.525,6.30639,10.1741,-0.0257621,0.114278,6.90633,38.1655,38.1655,1.0,1.0,1
131736,31.05.2024 23:38:43.160000,692.798,683.157,7.93647,6.943,6.898,41.2051,3.10804,3.08058,6.33565,26.0537,778.86,779.775,6.16759,10.588,-0.170938,0.00641537,6.90641,38.1655,38.1655,1.0,1.0,1
131737,31.05.2024 23:38:43.170000,692.798,683.157,7.93647,6.943,6.898,41.2051,3.10804,3.08058,6.33565,26.0537,778.86,779.775,6.16759,10.588,-0.170938,0.00641537,6.90641,38.1655,38.1655,1.0,1.0,1
131738,31.05.2024 23:38:43.180000,692.798,698.483,7.94727,6.923,6.898,41.1839,3.15972,3.04418,5.331,17.62,777.14,778.095,5.59802,10.0483,-0.177701,-0.074172,6.90597,38.7514,38.7514,1.0,1.0,1
131739,31.05.2024 23:38:43.190000,691.891,687.854,7.94551,6.916,6.867,41.1285,3.3512,2.99674,10.9201,12.5637,775.49,776.455,5.11504,10.1328,-0.210985,-0.0253077,6.90595,39.265,39.265,1.0,1.0,1
131740,31.05.2024 23:38:43.200000,691.891,687.854,7.94256,6.916,6.867,41.1668,3.40488,2.9906,18.6406,14.2298,773.78,774.8,5.09479,10.2594,-0.26552,-0.0590639,6.90622,39.265,39.265,1.0,1.0,1
131741,31.05.2024 23:38:43.210000,682.086,686.288,7.94256,6.897,6.869,41.1668,3.44617,2.98492,18.6406,14.2298,773.78,774.8,5.09479,10.2594,-0.26552,-0.0590639,6.90622,39.265,39.265,1.0,1.0,1
131742,31.05.2024 23:38:43.220000,688.513,690.408,7.94368,6.813,6.842,41.12,3.4715,2.98289,22.439,15.9488,772.07,773.175,4.86749,10.6538,-0.205778,-0.0345507,6.90632,39.2723,39.2723,1.0,1.0,1
131743,31.05.2024 23:38:43.230000,688.513,690.408,7.9434,6.813,6.842,40.9181,3.47052,2.99299,22.439,15.9488,772.07,773.175,4.86749,10.6538,-0.205778,-0.0345507,6.90632,39.2723,39.2723,1.0,1.0,1
131744,31.05.2024 23:38:43.240000,689.255,697.329,7.9434,6.883,6.869,40.9181,3.44034,2.9975,24.5882,14.4303,770.39,771.515,4.77649,11.233,-0.104448,-0.0603075,6.90637,41.1531,41.1531,1.0,1.0,1
131745,31.05.2024 23:38:43.250000,689.255,697.0,7.93473,6.903,6.869,41.0041,3.38727,3.00471,23.1564,15.0752,768.68,769.865,4.84824,11.4039,-0.0759521,0.0116854,6.9062,41.1531,41.1531,1.0,1.0,1
131746,31.05.2024 23:38:43.260000,690.82,697.0,7.93473,6.903,6.892,41.0203,3.3195,3.01358,23.1564,15.0752,768.68,769.865,4.84824,11.4039,-0.0759521,0.0116854,6.9062,41.1531,41.1531,1.0,1.0,1
131747,31.05.2024 23:38:43.270000,689.667,699.389,7.93122,6.889,6.88,41.0203,3.17422,3.03848,16.4741,16.7746,766.98,768.25,4.66504,11.7237,-0.0427718,-0.0178461,6.90644,41.5003,41.5003,1.0,1.0,1
131748,31.05.2024 23:38:43.280000,689.667,699.389,7.94953,6.889,6.88,41.0183,3.13441,3.0435,10.6235,17.1195,765.315,766.65,4.63003,12.226,-0.0735526,0.000458717,6.90632,42.9398,42.9398,1.0,1.0,1
131749,31.05.2024 23:38:43.290000,689.667,699.389,7.94953,6.889,6.88,41.0183,3.13441,3.0435,10.6235,17.1195,765.315,766.65,4.63003,12.226,-0.0735526,0.000458717,6.90632,42.9398,42.9398,1.0,1.0,1
131750,31.05.2024 23:38:43.300000,690.82,687.689,7.94953,6.844,6.918,41.0183,3.11007,3.04715,8.913,16.8779,763.62,765.03,4.73974,12.7959,-0.113386,-0.0312452,6.90632,42.9398,42.9398,1.0,1.0,1
131751,31.05.2024 23:38:43.310000,690.408,693.374,7.92534,6.884,6.866,40.9888,3.15709,3.05631,8.913,16.8779,763.62,765.03,4.73974,12.7959,-0.113386,-0.0312452,6.90624,42.9398,42.9398,1.0,1.0,1
131752,31.05.2024 23:38:43.320000,684.723,688.925,7.92534,6.952,6.887,40.9888,3.18677,3.05366,7.55706,19.3081,761.95,763.435,4.84031,13.5979,-0.163717,-0.0474863,6.90646,42.9181,42.9181,1.0,1.0,1
131753,31.05.2024 23:38:43.330000,684.723,700.625,7.93318,6.886,6.887,41.0322,3.22143,3.0556,11.6794,19.2214,760.28,761.845,5.03711,14.3687,0.156394,-0.0769033,6.90632,43.4968,43.4968,1.0,1.0,1
131754,31.05.2024 23:38:43.340000,691.974,700.625,7.93318,6.886,6.87,41.0083,3.25531,3.0559,11.6794,19.2214,760.28,761.845,5.03711,14.3687,0.156394,-0.0769033,6.90632,43.4968,43.4968,1.0,1.0,1
131755,31.05.2024 23:38:43.350000,684.64,689.914,7.9406,6.894,6.915,41.0083,3.30261,3.04946,16.7642,21.0166,758.63,760.285,5.32271,15.2877,0.257662,-0.0510645,6.90674,43.4968,43.4968,1.0,1.0,1
131756,31.05.2024 23:38:43.360000,684.64,689.914,7.94003,6.894,6.915,41.1016,3.31178,3.05351,18.0293,18.7932,756.965,758.68,5.62518,16.2762,0.272868,-0.029355,6.90655,42.8675,42.8675,1.0,1.0,1
131757,31.05.2024 23:38:43.370000,691.479,683.157,7.94003,6.921,6.928,41.1016,3.3166,3.06231,18.0293,18.7932,756.965,758.68,5.62518,16.2762,0.272868,-0.029355,6.90655,42.8675,42.8675,1.0,1.0,1
131758,31.05.2024 23:38:43.380000,687.607,696.423,7.94633,6.976,6.931,41.2174,3.31008,3.07039,17.7336,18.6424,755.35,757.07,5.75114,16.8539,0.515292,0.0449591,6.90689,42.0428,42.0428,1.0,1.0,1
131759,31.05.2024 23:38:43.390000,687.607,696.423,7.94518,6.976,6.931,41.2263,3.2806,3.08257,17.7336,18.6424,755.35,757.07,5.75114,16.8539,0.515292,0.0449591,6.90689,42.0428,42.0428,1.0,1.0,1
131760,31.05.2024 23:38:43.400000,695.352,700.213,7.94518,6.938,6.901,41.2263,3.26063,3.0851,16.431,19.3125,753.855,755.545,6.38937,17.6675,1.26847,0.152797,6.90676,41.4497,41.4497,1.0,1.0,1
131761,31.05.2024 23:38:43.410000,695.352,694.116,7.94792,6.904,6.901,41.2129,3.2445,3.08106,15.7962,19.1673,752.25,754.015,7.62457,18.9032,2.85959,0.963729,6.90642,41.6884,41.6884,1.0,1.0,1
131762,31.05.2024 23:38:43.420000,689.419,694.116,7.94792,6.904,6.895,41.2102,3.22996,3.07376,15.7962,19.1673,752.25,754.015,7.62457,18.9032,2.85959,0.963729,6.90642,41.6884,41.6884,1.0,1.0,1
131763,31.05.2024 23:38:43.430000,692.056,691.809,7.9483,6.889,6.856,41.2102,3.20393,3.06065,15.3329,18.7626,750.62,752.5,8.62445,20.0366,4.17259,2.58531,6.90674,41.2109,41.2109,1.0,1.0,1
131764,31.05.2024 23:38:43.440000,692.056,691.809,7.9599,6.889,6.856,41.1822,3.19068,3.05955,13.9631,17.2271,749.055,751.025,9.45879,21.2172,4.78649,4.28816,6.907,39.1421,39.1421,1.0,1.0,1
131765,31.05.2024 23:38:43.450000,692.056,692.715,7.9599,6.919,6.853,41.1822,3.18633,3.05738,13.9631,17.2271,749.055,751.025,9.45879,21.2172,4.78649,4.28816,6.907,39.1421,39.1421,1.0,1.0,1
131766,31.05.2024 23:38:43.460000,685.959,690.573,7.97192,6.91,6.849,40.9984,3.18162,3.05249,12.7875,18.2334,747.615,749.535,8.04653,17.6085,5.92332,5.3878,6.90714,37.6519,37.6519,1.0,1.0,1
131767,31.05.2024 23:38:43.470000,685.959,690.573,7.97402,6.91,6.849,41.0012,3.16478,3.04515,12.7875,18.2334,747.615,749.535,8.04653,17.6085,5.92332,5.3878,6.90714,37.6519,37.6519,1.0,1.0,1
131768,31.05.2024 23:38:43.480000,691.809,694.94,7.97402,6.857,6.852,41.0012,3.16071,3.0411,12.8579,17.5925,747.955,749.515,2.36702,7.19407,6.75287,6.04587,6.90706,36.5451,36.5451,1.0,1.0,1
131769,31.05.2024 23:38:43.490000,691.809,687.195,7.95853,6.881,6.852,41.0349,3.15504,3.04164,12.4839,16.4088,747.705,750.42,2.94267,6.62411,7.39087,6.78442,6.90754,36.5162,36.5162,1.0,1.0,1
131770,31.05.2024 23:38:43.500000,691.15,687.195,7.95853,6.881,6.907,41.0097,3.15573,3.0462,12.4839,16.4088,747.705,750.42,2.94267,6.62411,7.39087,6.78442,6.90754,36.5162,36.5162,1.0,1.0,1
131771,31.05.2024 23:38:43.510000,691.726,692.798,7.95053,6.97,6.886,41.0097,3.17668,3.05457,11.8052,17.291,747.825,750.555,0.469114,10.5733,8.04474,8.01661,6.90799,36.5162,36.5162,1.0,1.0,1
131772,31.05.2024 23:38:43.520000,691.726,692.798,7.95913,6.97,6.886,41.0221,3.18944,3.05438,13.393,19.2599,748.055,750.485,0.811787,10.1611,7.9493,8.91403,6.90793,34.7295,34.7295,1.0,1.0,1
131773,31.05.2024 23:38:43.530000,691.726,692.798,7.95913,6.97,6.886,41.0221,3.18944,3.05438,13.393,19.2599,748.055,750.485,0.811787,10.1611,7.9493,8.91403,6.90793,34.7295,34.7295,1.0,1.0,1
131774,31.05.2024 23:38:43.540000,686.041,691.644,7.95913,6.943,6.87,41.0221,3.19982,3.05456,15.0774,17.8167,748.105,750.745,2.12771,9.40107,7.09634,9.36783,6.90793,34.7295,34.7295,1.0,1.0,1
131775,31.05.2024 23:38:43.550000,689.996,698.483,7.97494,6.88,6.86,41.0617,3.20207,3.05209,15.0774,17.8167,748.105,750.745,2.12771,9.40107,7.09634,9.36783,6.90789,34.7295,34.7295,1.0,1.0,1
131776,31.05.2024 23:38:43.560000,689.996,698.483,7.97494,6.88,6.86,41.0617,3.20207,3.05209,15.0774,17.8167,748.105,750.745,2.12771,9.40107,7.09634,9.36783,6.90789,34.7295,34.7295,1.0,1.0,1
131777,31.05.2024 23:38:43.570000,689.007,686.535,7.97494,6.848,6.862,41.0617,3.18839,3.04629,14.8602,18.4778,748.145,750.925,3.74389,10.754,6.38176,9.58079,6.90835,33.9844,33.9844,1.0,1.0,1
131778,31.05.2024 23:38:43.580000,690.573,692.386,7.99148,6.919,6.887,41.0859,3.15717,3.02892,14.8001,19.4617,747.985,750.79,4.9937,11.1256,5.82449,9.70069,6.90848,32.4291,32.4291,1.0,1.0,1
131779,31.05.2024 23:38:43.590000,686.371,688.843,7.98902,6.98,6.911,41.0859,3.13021,3.01977,13.4201,16.5659,747.895,750.715,5.16271,9.60651,5.49906,9.7174,6.90822,32.4291,32.4291,1.0,1.0,1
131780,31.05.2024 23:38:43.600000,686.371,688.843,7.97268,6.98,6.911,41.1174,3.12551,3.01444,11.7979,15.3979,747.905,750.86,4.85598,7.97367,5.22825,9.69168,6.90841,32.1253,32.1253,1.0,1.0,1
131781,31.05.2024 23:38:43.610000,647.149,691.891,7.97268,6.95,6.932,41.1174,3.12306,3.00847,11.7979,15.3979,747.905,750.86,4.85598,7.97367,5.22825,9.69168,6.90841,32.1253,32.1253,1.0,1.0,1
131782,31.05.2024 23:38:43.620000,647.149,691.891,7.97268,6.95,6.932,41.1174,3.12306,3.00847,11.7979,15.3979,747.905,750.86,4.85598,7.97367,5.22825,9.69168,6.90841,32.1253,32.1253,1.0,1.0,1
131783,31.05.2024 23:38:43.630000,623.749,690.985,7.93958,6.929,6.972,41.4966,3.12548,3.00581,12.1006,15.569,747.905,751.04,5.00078,7.5644,5.19535,9.6348,6.90866,32.4146,32.4146,1.0,1.0,1
131784,31.05.2024 23:38:43.640000,623.749,690.985,7.93958,6.929,6.972,41.4966,3.12548,3.00581,12.1006,15.569,747.905,751.04,5.00078,7.5644,5.19535,9.6348,6.90866,32.4146,32.4146,1.0,1.0,1
131785,31.05.2024 23:38:43.650000,586.093,654.483,7.95873,7.024,7.023,41.9011,3.14682,3.01388,12.2121,13.9813,747.915,751.135,5.3506,7.71618,5.56891,9.65577,6.90846,32.4146,32.4146,1.0,1.0,1
131786,31.05.2024 23:38:43.660000,554.452,635.779,7.95909,7.069,7.004,43.1261,3.16018,3.02821,12.81,14.9024,747.95,751.16,5.88334,7.79459,5.80518,9.58511,6.90891,32.6895,32.6895,1.0,1.0,1
131787,31.05.2024 23:38:43.670000,555.935,614.355,7.92766,7.071,7.049,43.1261,3.15438,3.02631,14.5523,18.939,747.94,751.2,6.87167,7.53032,5.70201,9.54744,6.90882,32.6751,32.6751,1.0,1.0,1
131788,31.05.2024 23:38:43.680000,555.935,614.355,7.90499,7.071,7.049,43.8725,3.13812,3.03414,13.2499,18.3863,747.875,751.235,7.53975,7.24883,5.67935,9.37003,6.90924,31.6551,31.6551,1.0,1.0,1
131789,31.05.2024 23:38:43.690000,550.415,598.288,7.90499,7.064,7.037,43.8725,3.1254,3.04159,13.2499,18.3863,747.875,751.235,7.53975,7.24883,5.67935,9.37003,6.90924,31.6551,31.6551,1.0,1.0,1
131790,31.05.2024 23:38:43.700000,550.415,598.288,7.90499,7.064,7.037,43.8725,3.1254,3.04159,13.2499,18.3863,747.875,751.235,7.53975,7.24883,5.67935,9.37003,6.90924,31.6551,31.6551,1.0,1.0,1
131791,31.05.2024 23:38:43.710000,557.666,601.089,7.88387,7.123,7.114,44.7544,3.11796,3.04266,12.8413,17.2293,747.88,751.255,7.71284,7.1738,5.66391,9.19358,6.90941,31.6406,31.6406,1.0,1.0,1
131792,31.05.2024 23:38:43.720000,564.505,612.378,7.81246,7.233,7.164,45.6714,3.12521,3.04753,13.7957,19.8221,747.865,751.26,8.11642,6.78138,5.45116,9.2045,6.90987,31.6262,31.6262,1.0,1.0,1
131793,31.05.2024 23:38:43.730000,564.505,612.378,7.81246,7.233,7.164,45.6714,3.12521,3.04753,13.7957,19.8221,747.865,751.26,8.11642,6.78138,5.45116,9.2045,6.90987,31.6262,31.6262,1.0,1.0,1
131794,31.05.2024 23:38:43.740000,564.505,621.606,7.7542,7.284,7.164,46.714,3.14753,3.03628,12.7787,18.3659,747.865,751.31,8.3623,6.38881,5.17303,9.2178,6.91065,31.7925,31.7925,1.0,1.0,1
131795,31.05.2024 23:38:43.750000,567.636,617.651,7.76013,7.21,7.145,47.8725,3.18592,3.03583,15.2111,15.0284,747.845,751.3,8.71636,6.31578,5.00575,9.11845,6.91048,31.4019,31.4019,1.0,1.0,1
131796,31.05.2024 23:38:43.760000,567.636,617.651,7.76013,7.21,7.145,47.8725,3.18592,3.03583,15.2111,15.0284,747.845,751.3,8.71636,6.31578,5.00575,9.11845,6.91048,31.4019,31.4019,1.0,1.0,1
131797,31.05.2024 23:38:43.770000,567.636,617.651,7.72639,7.21,7.145,49.0238,3.19108,3.03012,16.0497,17.3596,747.78,751.29,8.78109,5.92608,4.73163,8.93928,6.91095,31.8938,31.8938,1.0,1.0,1
131798,31.05.2024 23:38:43.780000,570.108,612.955,7.63205,7.225,7.161,50.2979,3.18088,3.03023,16.5549,15.7936,747.78,751.29,8.52356,5.15584,4.42423,8.50399,6.91186,31.7853,31.7853,1.0,1.0,1
131799,31.05.2024 23:38:43.790000,570.108,612.955,7.56414,7.225,7.161,51.6174,3.16125,3.05027,16.5549,15.7936,747.78,751.29,8.52356,5.15584,4.42423,8.50399,6.91186,31.7853,31.7853,1.0,1.0,1
131800,31.05.2024 23:38:43.800000,573.981,616.992,7.56414,7.225,7.06,51.6174,3.15618,3.05422,16.1216,16.2583,747.785,751.33,8.52291,4.86509,4.36967,8.34869,6.91243,31.7274,31.7274,1.0,1.0,1
131801,31.05.2024 23:38:43.810000,573.981,615.921,7.58625,7.159,7.06,52.7512,3.14822,3.05656,15.3531,22.1221,747.795,751.345,8.49427,4.74984,4.59872,8.36169,6.9137,31.7274,31.7274,1.0,1.0,1
131802,31.05.2024 23:38:43.820000,564.587,615.921,7.58625,7.159,7.007,53.8642,3.14302,3.06479,15.3531,22.1221,747.795,751.345,8.49427,4.74984,4.59872,8.36169,6.9137,31.7274,31.7274,1.0,1.0,1
131803,31.05.2024 23:38:43.830000,568.872,613.531,7.57247,7.121,6.971,53.8642,3.14143,3.06802,15.7747,21.4594,747.8,751.37,8.66422,4.68265,4.71897,8.56822,6.91456,31.7708,31.7708,1.0,1.0,1
131804,31.05.2024 23:38:43.840000,568.872,613.531,7.49747,7.121,6.971,54.992,3.14087,3.06918,15.2892,17.2374,747.805,751.395,8.70918,4.73421,4.95006,8.62752,6.91591,31.6913,31.6913,1.0,1.0,1
131805,31.05.2024 23:38:43.850000,568.872,613.531,7.49747,7.121,6.971,54.992,3.14087,3.06918,15.2892,17.2374,747.805,751.395,8.70918,4.73421,4.95006,8.62752,6.91591,31.6913,31.6913,1.0,1.0,1
131806,31.05.2024 23:38:43.860000,557.254,611.059,7.49747,7.14,7.01,54.992,3.14554,3.06645,16.0798,20.3381,747.775,751.425,8.69997,4.89773,4.89827,8.56874,6.91591,31.4381,31.4381,1.0,1.0,1
131807,31.05.2024 23:38:43.870000,568.872,613.202,7.4365,7.172,6.953,57.4551,3.15459,3.04345,16.0798,20.3381,747.775,751.425,8.69997,4.89773,4.89827,8.56874,6.91686,31.4381,31.4381,1.0,1.0,1
131808,31.05.2024 23:38:43.880000,556.677,618.31,7.4365,7.152,6.984,57.4551,3.15073,3.03572,16.5151,19.0525,747.79,751.42,8.63675,5.23247,4.8124,8.31301,6.91755,31.033,31.033,1.0,1.0,1
131809,31.05.2024 23:38:43.890000,556.677,614.52,7.39419,7.02,6.984,58.5481,3.13537,3.02423,14.6349,15.5377,747.815,751.41,8.65925,5.4061,4.85516,8.1743,6.91807,30.5845,30.5845,1.0,1.0,1
131810,31.05.2024 23:38:43.900000,573.981,614.52,7.39419,7.02,6.982,59.6529,3.11307,3.01458,14.6349,15.5377,747.815,751.41,8.65925,5.4061,4.85516,8.1743,6.91807,30.5845,30.5845,1.0,1.0,1
131811,31.05.2024 23:38:43.910000,555.194,605.951,7.34236,7.068,7.009,59.6529,3.04891,2.99622,13.6239,17.164,747.82,751.415,8.80865,5.42011,4.9496,8.18664,6.91882,30.4615,30.4615,1.0,1.0,1
131812,31.05.2024 23:38:43.920000,555.194,605.951,7.30361,7.068,7.009,60.6985,3.02622,2.98898,13.3279,16.681,747.805,751.4,8.9488,5.54489,5.1969,8.19807,6.91959,30.4615,30.4615,1.0,1.0,1
131813,31.05.2024 23:38:43.930000,565.329,608.752,7.30361,7.117,7.043,60.6985,3.00978,2.98663,13.3279,16.681,747.805,751.4,8.9488,5.54489,5.1969,8.19807,6.91959,30.4615,30.4615,1.0,1.0,1
131814,31.05.2024 23:38:43.940000,564.505,613.037,7.26792,7.154,6.988,61.6527,3.00874,2.98549,11.9576,15.0584,747.81,751.375,8.90976,5.53473,5.13472,8.07017,6.92013,30.3602,30.3602,1.0,1.0,1
131815,31.05.2024 23:38:43.950000,564.505,613.037,7.21072,7.154,6.988,62.6633,3.04826,2.97656,11.9576,15.0584,747.81,751.375,8.90976,5.53473,5.13472,8.07017,6.92013,30.3602,30.3602,1.0,1.0,1
131816,31.05.2024 23:38:43.960000,566.153,601.831,7.21072,7.125,7.032,62.6633,3.07522,2.96897,9.90739,14.451,747.775,751.365,8.87119,5.61192,4.97051,7.81354,6.92036,29.6658,29.6658,1.0,1.0,1
131817,31.05.2024 23:38:43.970000,566.153,613.779,7.15308,7.102,7.032,63.6298,3.10238,2.96914,13.1686,11.7034,747.73,751.34,8.58077,5.57376,5.18216,7.66106,6.92031,29.6658,29.6658,1.0,1.0,1
131818,31.05.2024 23:38:43.980000,569.037,613.779,7.15308,7.102,6.991,64.6328,3.13062,2.97544,13.1686,11.7034,747.73,751.34,8.58077,5.57376,5.18216,7.66106,6.92031,29.6658,29.6658,1.0,1.0,1
131819,31.05.2024 23:38:43.990000,564.917,589.801,7.10329,7.119,7.015,64.6328,3.18332,2.97946,15.0269,12.6166,747.755,751.3,8.0398,5.4361,5.18243,7.46957,6.9205,29.6658,29.6658,1.0,1.0,1
131820,31.05.2024 23:38:44.000000,564.917,589.801,7.07818,7.119,7.015,65.697,3.19272,2.98468,17.0484,12.8411,747.82,751.285,7.85832,5.0999,5.19407,7.29901,6.92059,29.2607,29.2607,1.0,1.0,1
131821,31.05.2024 23:38:44.010000,567.059,571.756,7.07818,7.155,6.987,65.697,3.19269,2.99687,17.0484,12.8411,747.82,751.285,7.85832,5.0999,5.19407,7.29901,6.92059,29.2607,29.2607,1.0,1.0,1
131822,31.05.2024 23:38:44.020000,569.366,586.011,7.02345,7.106,6.954,66.6529,3.18633,3.00506,18.8526,14.5006,747.82,751.285,8.01422,5.01278,5.20769,7.18703,6.92097,29.2535,29.2535,1.0,1.0,1
131823,31.05.2024 23:38:44.030000,569.366,586.011,6.99967,7.106,6.954,67.5524,3.14997,3.02234,18.8526,14.5006,747.82,751.285,8.01422,5.01278,5.20769,7.18703,6.92097,29.2535,29.2535,1.0,1.0,1
131824,31.05.2024 23:38:44.040000,566.977,610.977,6.99967,7.05,6.922,67.5524,3.12244,3.03589,17.4373,17.2104,747.835,751.285,8.0709,5.04249,5.17216,7.05876,6.92103,29.2535,29.2535,1.0,1.0,1
131825,31.05.2024 23:38:44.050000,566.977,601.996,7.00179,7.074,6.922,68.4254,3.09511,3.04172,16.7903,19.9969,747.82,751.285,8.2421,4.98937,5.08695,6.86812,6.92098,28.0382,28.0382,1.0,1.0,1
131826,31.05.2024 23:38:44.060000,566.977,601.996,7.00179,7.074,6.922,68.4254,3.09511,3.04172,16.7903,19.9969,747.82,751.285,8.2421,4.98937,5.08695,6.86812,6.92098,28.0382,28.0382,1.0,1.0,1
131827,31.05.2024 23:38:44.070000,562.857,601.996,7.00179,7.074,6.88,69.3253,3.06761,3.03928,13.3647,18.7946,747.83,751.285,8.09011,4.99447,5.16293,6.79445,6.92098,27.8284,27.8284,1.0,1.0,1
131828,31.05.2024 23:38:44.080000,562.857,601.996,7.00179,7.074,6.88,69.3253,3.06761,3.03928,13.3647,18.7946,747.83,751.285,8.09011,4.99447,5.16293,6.79445,6.92098,27.8284,27.8284,1.0,1.0,1
131829,31.05.2024 23:38:44.090000,565.988,596.228,6.88279,7.041,6.874,70.2362,3.02527,3.0374,11.6694,16.0026,747.83,751.295,8.0156,5.15528,5.12561,6.71559,6.92166,27.8863,27.8863,1.0,1.0,1
131830,31.05.2024 23:38:44.100000,569.284,605.209,6.85381,6.931,6.827,71.0293,3.04366,3.03862,11.3985,19.0043,747.86,751.28,7.99435,5.24081,5.21945,6.67916,6.92145,28.0165,28.0165,1.0,1.0,1
131831,31.05.2024 23:38:44.110000,569.284,605.209,6.87628,6.931,6.827,71.7041,3.09397,3.03798,11.3985,19.0043,747.86,751.28,7.99435,5.24081,5.21945,6.67916,6.92145,28.0165,28.0165,1.0,1.0,1
131832,31.05.2024 23:38:44.120000,568.295,608.917,6.87628,6.972,6.783,71.7041,3.11875,3.04559,12.8537,20.5641,747.895,751.28,8.17572,5.29815,5.34146,6.76916,6.9216,28.1178,28.1178,1.0,1.0,1
131833,31.05.2024 23:38:44.130000,568.295,608.917,6.87628,6.972,6.783,71.7041,3.11875,3.04559,12.8537,20.5641,747.895,751.28,8.17572,5.29815,5.34146,6.76916,6.9216,28.1178,28.1178,1.0,1.0,1
131834,31.05.2024 23:38:44.140000,568.295,607.928,6.88612,6.965,6.783,72.4154,3.14173,3.05082,16.0258,17.9361,747.875,751.28,8.37502,5.37911,5.46804,6.85374,6.92147,28.1178,28.1178,1.0,1.0,1
131835,31.05.2024 23:38:44.150000,568.295,607.928,6.88612,6.965,6.783,72.4154,3.14173,3.05082,16.0258,17.9361,747.875,751.28,8.37502,5.37911,5.46804,6.85374,6.92147,28.1178,28.1178,1.0,1.0,1
131836,31.05.2024 23:38:44.160000,562.115,606.857,6.84074,6.914,6.768,72.9751,3.16857,3.08208,19.2347,20.376,747.88,751.29,8.29207,5.58443,5.57597,6.96207,6.92198,28.1178,28.1178,1.0,1.0,1
131837,31.05.2024 23:38:44.170000,553.711,609.741,6.81982,6.892,6.824,73.5388,3.15432,3.08551,18.9249,22.9755,747.88,751.28,8.21633,5.6799,5.76387,7.12329,6.92188,27.5608,27.5608,1.0,1.0,1
131838,31.05.2024 23:38:44.180000,553.711,609.741,6.81982,6.892,6.824,73.5388,3.15432,3.08551,18.9249,22.9755,747.88,751.28,8.21633,5.6799,5.76387,7.12329,6.92188,27.5608,27.5608,1.0,1.0,1
131839,31.05.2024 23:38:44.190000,542.34,611.224,6.86118,6.88,6.79,73.9938,3.14087,3.09128,17.6364,19.7888,747.915,751.3,8.16884,5.79166,5.97362,7.34165,6.92139,27.3293,27.3293,1.0,1.0,1
131840,31.05.2024 23:38:44.200000,542.34,611.224,6.86118,6.88,6.79,73.9938,3.14087,3.09128,17.6364,19.7888,747.915,751.3,8.16884,5.79166,5.97362,7.34165,6.92139,27.3293,27.3293,1.0,1.0,1
131841,31.05.2024 23:38:44.210000,558.49,598.123,6.87404,6.871,6.746,74.3937,3.1009,3.09406,15.1591,18.917,747.9,751.29,8.21816,5.94427,5.97574,7.4824,6.92099,27.228,27.228,1.0,1.0,1
131842,31.05.2024 23:38:44.220000,558.49,598.123,6.87404,6.871,6.746,74.3937,3.1009,3.09406,15.1591,18.917,747.9,751.29,8.21816,5.94427,5.97574,7.4824,6.92099,27.228,27.228,1.0,1.0,1
131843,31.05.2024 23:38:44.230000,550.58,607.599,6.88278,6.831,6.77,74.9437,3.07682,3.07517,13.9168,19.0334,747.81,751.2,8.08185,6.05001,5.958,7.46734,6.92101,26.9314,26.9314,1.0,1.0,1
131844,31.05.2024 23:38:44.240000,550.909,607.763,6.89375,6.8,6.769,75.1599,3.03534,3.01904,12.4395,12.8351,747.815,751.12,6.48325,4.81064,5.08616,7.49683,6.9197,26.4685,26.4685,1.0,1.0,1
131845,31.05.2024 23:38:44.250000,546.46,608.423,6.89375,6.854,6.789,75.1599,3.01668,3.01421,12.4395,12.8351,747.815,751.12,6.48325,4.81064,5.08616,7.49683,6.9197,26.4685,26.4685,1.0,1.0,1
131846,31.05.2024 23:38:44.260000,531.875,570.273,6.92344,6.884,6.835,75.3113,3.00933,3.01524,10.6812,14.398,747.825,751.15,6.07398,4.48739,4.8865,7.48402,6.9191,26.4685,26.4685,1.0,1.0,1
131847,31.05.2024 23:38:44.270000,531.875,570.273,6.92344,6.884,6.835,75.3113,3.00933,3.01524,10.6812,14.398,747.825,751.15,6.07398,4.48739,4.8865,7.48402,6.9191,26.4685,26.4685,1.0,1.0,1
131848,31.05.2024 23:38:44.280000,531.875,570.273,6.91924,6.884,6.835,75.5274,3.01448,3.01364,11.3953,16.7878,747.86,751.185,5.72644,4.42862,4.95928,7.52951,6.9191,25.7957,25.7957,1.0,1.0,1
131849,31.05.2024 23:38:44.290000,507.074,537.808,6.92096,6.923,6.869,75.7017,3.02658,3.01624,12.304,10.2265,747.95,751.225,5.62945,4.70346,4.99797,7.54652,6.91777,25.6944,25.6944,1.0,1.0,1
131850,31.05.2024 23:38:44.300000,503.036,542.093,6.92096,6.895,6.841,75.8167,3.03179,3.01689,12.304,10.2265,747.95,751.225,5.62945,4.70346,4.99797,7.54652,6.91777,25.6944,25.6944,1.0,1.0,1
131851,31.05.2024 23:38:44.310000,475.021,520.093,6.9473,6.931,6.906,75.8167,3.04529,3.03251,10.9517,12.1684,748.005,751.28,6.18184,5.01601,5.11459,7.53892,6.91693,26.0417,26.0417,1.0,1.0,1
131852,31.05.2024 23:38:44.320000,475.021,520.093,6.97277,6.931,6.906,75.8909,3.05588,3.0432,10.679,16.5178,747.94,751.26,6.61286,5.47423,5.281,7.55997,6.91614,26.0417,26.0417,1.0,1.0,1
131853,31.05.2024 23:38:44.330000,463.98,482.931,6.97277,6.965,6.892,75.8909,3.07675,3.05006,10.679,16.5178,747.94,751.26,6.61286,5.47423,5.281,7.55997,6.91614,26.0417,26.0417,1.0,1.0,1
131854,31.05.2024 23:38:44.340000,468.759,473.044,6.99372,6.934,6.886,75.9902,3.09006,3.05168,13.7327,19.1172,747.945,751.225,6.62685,5.76532,5.38596,7.56371,6.91591,26.0417,26.0417,1.0,1.0,1
131855,31.05.2024 23:38:44.350000,468.759,473.044,7.00488,6.934,6.886,76.0823,3.10951,3.04206,13.7327,19.1172,747.945,751.225,6.62685,5.76532,5.38596,7.56371,6.91591,26.0417,26.0417,1.0,1.0,1
131856,31.05.2024 23:38:44.360000,468.1,467.935,7.00488,6.939,6.85,76.0823,3.10165,3.04591,15.4548,16.0153,747.975,751.21,6.58963,5.58494,5.46966,7.46329,6.91494,25.8825,25.8825,1.0,1.0,1
131857,31.05.2024 23:38:44.370000,468.1,445.935,7.01562,6.949,6.85,76.1208,3.09118,3.04886,15.1857,16.1104,747.985,751.23,6.7058,5.60552,5.50849,7.41183,6.91492,25.8825,25.8825,1.0,1.0,1
131858,31.05.2024 23:38:44.380000,435.965,445.935,7.01562,6.949,6.937,76.1563,3.07856,3.04701,15.1857,16.1104,747.985,751.23,6.7058,5.60552,5.50849,7.41183,6.91492,25.8825,25.8825,1.0,1.0,1
131859,31.05.2024 23:38:44.390000,435.965,445.935,7.01562,6.949,6.937,76.1563,3.07856,3.04701,15.1857,16.1104,747.985,751.23,6.7058,5.60552,5.50849,7.41183,6.91492,25.8825,25.8825,1.0,1.0,1
131860,31.05.2024 23:38:44.400000,434.811,448.736,6.99481,6.923,6.874,76.1563,3.05209,3.03667,15.3697,18.4871,747.985,751.245,6.82488,5.86049,5.50661,7.33659,6.9143,26.2225,26.2225,1.0,1.0,1
131861,31.05.2024 23:38:44.410000,434.811,448.736,6.99481,6.923,6.874,76.1563,3.05209,3.03667,15.3697,18.4871,747.985,751.245,6.82488,5.86049,5.50661,7.33659,6.9143,26.2225,26.2225,1.0,1.0,1
131862,31.05.2024 23:38:44.420000,412.482,412.152,7.01252,6.994,6.948,76.1441,3.03307,3.0229,12.3755,15.1966,747.955,751.225,6.87934,6.03023,5.43058,7.34686,6.91444,25.7234,25.7234,1.0,1.0,1
131863,31.05.2024 23:38:44.430000,396.496,367.245,7.03227,7.007,6.92,76.2406,3.0256,3.01717,12.1602,12.6474,747.875,751.13,6.53993,5.97413,5.39994,7.38004,6.91435,25.0579,25.0579,1.0,1.0,1
131864,31.05.2024 23:38:44.440000,385.62,363.62,7.03227,6.968,6.906,76.2406,3.0261,3.01385,12.8112,14.4796,747.84,751.075,5.71915,5.07473,5.01759,7.25548,6.91365,25.0579,25.0579,1.0,1.0,1
131865,31.05.2024 23:38:44.450000,385.62,355.545,7.03739,6.96,6.906,76.2778,3.0199,3.00558,10.0259,13.3926,747.88,751.095,5.02138,4.3868,4.73272,7.14805,6.91387,25.0434,25.0434,1.0,1.0,1
131866,31.05.2024 23:38:44.460000,371.448,355.545,7.03739,6.96,6.948,76.3089,3.01865,2.99966,10.0259,13.3926,747.88,751.095,5.02138,4.3868,4.73272,7.14805,6.91387,25.0434,25.0434,1.0,1.0,1
131867,31.05.2024 23:38:44.470000,357.522,341.208,7.06985,6.976,6.933,76.3089,3.01544,3.01372,10.6001,10.2486,747.91,751.13,4.71181,4.21458,4.69804,7.05532,6.91377,24.5587,24.5587,1.0,1.0,1
131868,31.05.2024 23:38:44.480000,357.522,341.208,7.03724,6.976,6.933,76.3659,3.0298,3.01719,11.182,14.6712,747.965,751.165,4.71282,4.30032,4.5898,6.96433,6.91358,24.3924,24.3924,1.0,1.0,1
131869,31.05.2024 23:38:44.490000,335.522,319.043,7.03724,6.995,6.977,76.3659,3.04606,3.02148,11.182,14.6712,747.965,751.165,4.71282,4.30032,4.5898,6.96433,6.91358,24.3924,24.3924,1.0,1.0,1
131870,31.05.2024 23:38:44.500000,326.459,277.267,7.00588,7.017,6.953,76.4545,3.06189,3.03316,13.3869,19.8972,747.975,751.18,4.91322,4.57579,4.42858,6.91181,6.91417,24.5877,24.5877,1.0,1.0,1
131871,31.05.2024 23:38:44.510000,326.459,277.267,7.00588,7.017,6.953,76.4545,3.06189,3.03316,13.3869,19.8972,747.975,751.18,4.91322,4.57579,4.42858,6.91181,6.91417,24.5877,24.5877,1.0,1.0,1
131872,31.05.2024 23:38:44.520000,326.459,277.267,7.02973,7.017,6.953,76.4819,3.10982,3.05645,15.2693,17.6648,747.98,751.19,5.09383,4.73367,4.35042,6.90063,6.91417,24.2838,24.2838,1.0,1.0,1
131873,31.05.2024 23:38:44.530000,326.459,277.267,7.02973,7.017,6.953,76.4819,3.10982,3.05645,15.2693,17.6648,747.98,751.19,5.09383,4.73367,4.35042,6.90063,6.91417,24.2838,24.2838,1.0,1.0,1
131874,31.05.2024 23:38:44.540000,315.994,239.117,7.04842,6.995,6.916,76.4966,3.13009,3.07261,15.8811,15.1226,747.93,751.155,5.14766,4.89404,4.406,6.98504,6.91455,24.2983,24.2983,1.0,1.0,1
131875,31.05.2024 23:38:44.550000,296.548,248.099,7.05907,6.962,6.911,76.4819,3.09873,3.07413,15.2878,17.6663,747.905,751.105,4.72717,4.75185,4.44575,6.88259,6.91499,24.0451,24.0451,1.0,1.0,1
131876,31.05.2024 23:38:44.560000,296.548,248.099,7.03676,6.962,6.911,76.5595,3.07962,3.06102,14.8281,17.6884,747.92,751.1,4.36249,4.33174,4.56898,6.72591,6.91586,24.3417,24.3417,1.0,1.0,1
131877,31.05.2024 23:38:44.570000,283.447,212.256,7.03676,6.989,6.92,76.5595,3.055,3.05063,14.8281,17.6884,747.92,751.1,4.36249,4.33174,4.56898,6.72591,6.91586,24.3417,24.3417,1.0,1.0,1
131878,31.05.2024 23:38:44.580000,266.473,179.05,7.02964,6.99,6.905,76.5953,3.02837,3.0378,13.3396,13.1878,747.96,751.135,4.22406,4.11486,4.47323,6.60606,6.91624,23.8788,23.8788,1.0,1.0,1
131879,31.05.2024 23:38:44.590000,266.473,179.05,7.02964,6.99,6.905,76.5953,3.02837,3.0378,13.3396,13.1878,747.96,751.135,4.22406,4.11486,4.47323,6.60606,6.91624,23.8788,23.8788,1.0,1.0,1
131880,31.05.2024 23:38:44.600000,266.473,179.05,7.03693,6.99,6.905,76.6,2.99187,3.01545,11.0022,13.5291,747.965,751.165,4.45061,4.26161,4.61611,6.48883,6.91624,23.8788,23.8788,1.0,1.0,1
131881,31.05.2024 23:38:44.610000,241.424,161.417,7.02637,6.964,6.926,76.603,2.97162,3.00281,10.4252,14.3608,747.93,751.14,4.59044,4.50697,4.78886,6.38518,6.91672,23.2928,23.2928,1.0,1.0,1
131882,31.05.2024 23:38:44.620000,216.705,161.417,7.02637,6.964,6.946,76.5483,2.97247,2.99909,10.4252,14.3608,747.93,751.14,4.59044,4.50697,4.78886,6.38518,6.91672,23.2928,23.2928,1.0,1.0,1
131883,31.05.2024 23:38:44.630000,202.286,127.469,7.00201,6.982,6.946,76.5483,2.99221,3.00471,9.50487,12.8089,747.89,751.1,4.41417,4.59351,4.69312,6.38527,6.91732,22.0269,22.0269,1.0,1.0,1
131884,31.05.2024 23:38:44.640000,202.286,127.469,6.99965,6.982,6.946,76.5744,3.01263,3.01151,10.5252,11.8003,747.88,751.08,3.97291,4.33347,4.35487,6.28992,6.91787,22.2946,22.2946,1.0,1.0,1
131885,31.05.2024 23:38:44.650000,202.286,127.469,6.99965,6.982,6.946,76.5744,3.01263,3.01151,10.5252,11.8003,747.88,751.08,3.97291,4.33347,4.35487,6.28992,6.91787,22.2946,22.2946,1.0,1.0,1
131886,31.05.2024 23:38:44.660000,186.136,107.776,6.99965,6.996,6.961,76.5744,3.03384,3.01915,13.2367,13.9303,747.895,751.075,3.72866,4.04396,4.24586,6.16799,6.91787,22.2946,22.2946,1.0,1.0,1
131887,31.05.2024 23:38:44.670000,186.136,107.776,6.99965,6.996,6.961,76.5744,3.03384,3.01915,13.2367,13.9303,747.895,751.075,3.72866,4.04396,4.24586,6.16799,6.91787,22.2946,22.2946,1.0,1.0,1
131888,31.05.2024 23:38:44.680000,159.604,101.678,6.99733,6.987,6.94,76.5712,3.07553,3.03184,14.2557,13.1983,747.93,751.075,3.62077,3.92027,4.17642,6.11428,6.91775,21.9763,21.9763,1.0,1.0,1
131889,31.05.2024 23:38:44.690000,157.05,53.4759,6.99023,6.938,6.899,76.5857,3.0785,3.03555,13.6394,13.9747,747.975,751.09,3.79094,3.82649,4.09485,6.07703,6.91809,22.1571,22.1571,1.0,1.0,1
131890,31.05.2024 23:38:44.700000,132.248,53.4759,6.99023,6.938,6.885,76.6125,3.0745,3.03806,13.6394,13.9747,747.975,751.09,3.79094,3.82649,4.09485,6.07703,6.91809,22.1571,22.1571,1.0,1.0,1
131891,31.05.2024 23:38:44.710000,121.701,32.135,6.98221,6.916,6.901,76.6125,3.06066,3.03568,14.2392,14.5157,747.955,751.105,4.22962,3.9574,4.07756,6.04535,6.91832,22.1571,22.1571,1.0,1.0,1
131892,31.05.2024 23:38:44.720000,121.701,32.135,6.97526,6.916,6.901,76.6362,3.05006,3.03262,13.3023,14.1693,747.91,751.095,4.43829,4.16277,4.0759,6.01971,6.91824,22.5043,22.5043,1.0,1.0,1
131893,31.05.2024 23:38:44.730000,121.701,32.135,6.97526,6.916,6.901,76.6362,3.05006,3.03262,13.3023,14.1693,747.91,751.095,4.43829,4.16277,4.0759,6.01971,6.91824,22.5043,22.5043,1.0,1.0,1
131894,31.05.2024 23:38:44.740000,115.604,0.0,6.97526,6.901,6.887,76.6362,3.03822,3.02736,12.7094,12.4477,747.88,751.05,4.31569,4.25956,4.16182,5.99446,6.91824,22.7358,22.7358,1.0,1.0,1
131895,31.05.2024 23:38:44.750000,111.813,-45.6482,6.97252,6.923,6.881,76.6812,3.00127,3.01965,12.7094,12.4477,747.88,751.05,4.31569,4.25956,4.16182,5.99446,6.91868,22.7358,22.7358,1.0,1.0,1
131896,31.05.2024 23:38:44.760000,105.139,-55.5359,6.97252,6.887,6.88,76.6812,2.99533,3.01892,11.9022,10.6073,747.87,751.03,4.00696,4.09088,4.17895,5.97643,6.91913,22.7358,22.7358,1.0,1.0,1
131897,31.05.2024 23:38:44.770000,105.139,-59.3262,6.96196,6.859,6.88,76.6655,2.99473,3.01743,9.13354,10.949,747.88,751.025,3.76559,3.93477,3.99423,5.98429,6.91927,22.4103,22.4103,1.0,1.0,1
131898,31.05.2024 23:38:44.780000,84.5398,-59.3262,6.96196,6.859,6.874,76.7068,2.99563,3.01727,9.13354,10.949,747.88,751.025,3.76559,3.93477,3.99423,5.98429,6.91927,22.4103,22.4103,1.0,1.0,1
131899,31.05.2024 23:38:44.790000,84.5398,-59.3262,6.96196,6.859,6.874,76.7068,2.99563,3.01727,9.13354,10.949,747.88,751.025,3.76559,3.93477,3.99423,5.98429,6.91927,22.4103,22.4103,1.0,1.0,1
131900,31.05.2024 23:38:44.800000,61.7981,-84.6222,6.95264,6.867,6.875,76.7068,3.00733,3.0172,9.5693,11.6077,747.885,751.02,3.60243,3.90119,3.77508,6.05196,6.91979,21.969,21.969,1.0,1.0,1
131901,31.05.2024 23:38:44.810000,38.2324,-113.626,6.947,6.901,6.845,76.6734,3.01756,3.01887,10.276,11.6657,747.885,750.975,3.681,3.86041,3.64035,5.91271,6.92012,21.6146,21.6146,0.0,1.0,1
131902,31.05.2024 23:38:44.820000,32.4646,-114.12,6.94859,6.906,6.834,76.6494,3.02284,3.02019,12.4494,12.6738,747.86,750.94,3.724,3.63153,3.60715,5.8383,6.91964,21.1806,21.1806,0.0,1.0,1
131903,31.05.2024 23:38:44.830000,32.4646,-114.12,6.95962,6.906,6.834,76.6372,3.0365,3.02621,12.4494,12.6738,747.86,750.94,3.724,3.63153,3.60715,5.8383,6.91964,21.1806,21.1806,0.0,1.0,1
131904,31.05.2024 23:38:44.840000,-13.1836,-144.855,6.95962,6.938,6.852,76.6372,3.04476,3.02758,12.8175,14.2833,747.835,750.935,3.66903,3.45105,3.55968,5.71232,6.91988,20.9057,20.9057,0.0,1.0,1
131905,31.05.2024 23:38:44.850000,-13.1836,-180.038,6.95857,6.913,6.852,76.7094,3.055,3.02673,13.4398,13.1081,747.83,750.93,3.42587,3.45548,3.56925,5.71685,6.9199,20.9925,20.9925,0.0,1.0,1
131906,31.05.2024 23:38:44.860000,-29.3335,-180.038,6.95857,6.913,6.848,76.6679,3.06511,3.02623,13.4398,13.1081,747.83,750.93,3.42587,3.45548,3.56925,5.71685,6.9199,20.9925,20.9925,0.0,1.0,1
131907,31.05.2024 23:38:44.870000,-60.7269,-185.065,6.95268,6.893,6.831,76.6679,3.07336,3.02961,14.9493,13.2128,747.83,750.925,3.20489,3.41278,3.6571,5.79388,6.92005,20.1823,20.1823,0.0,1.0,1
131908,31.05.2024 23:38:44.880000,-60.7269,-185.065,6.95742,6.893,6.831,76.6763,3.07392,3.02865,14.5639,12.7333,747.825,750.91,3.21797,3.37838,3.77582,5.70152,6.9201,20.0665,20.0665,0.0,1.0,1
131909,31.05.2024 23:38:44.890000,-65.094,-187.125,6.95742,6.886,6.818,76.6763,3.07046,3.02962,14.5639,12.7333,747.825,750.91,3.21797,3.37838,3.77582,5.70152,6.9201,20.0665,20.0665,0.0,1.0,1
131910,31.05.2024 23:38:44.900000,-111.484,-218.518,6.97509,6.883,6.865,76.7072,3.06475,3.03016,14.2318,9.2089,747.83,750.915,3.2381,3.32081,3.68695,5.68267,6.9204,20.0159,20.0159,0.0,1.0,1
131911,31.05.2024 23:38:44.910000,-111.484,-218.518,6.97824,6.883,6.865,76.6833,3.05435,3.0287,14.2318,9.2089,747.83,750.915,3.2381,3.32081,3.68695,5.68267,6.9204,20.0159,20.0159,0.0,1.0,1
131912,31.05.2024 23:38:44.920000,-108.353,-237.14,6.97824,6.896,6.836,76.6833,3.04674,3.02836,13.4202,12.1487,747.82,750.91,3.38728,3.4974,3.67539,5.5688,6.92092,19.2202,19.2202,0.0,1.0,1
131913,31.05.2024 23:38:44.930000,-108.353,-237.14,6.97824,6.896,6.836,76.6833,3.04674,3.02836,13.4202,12.1487,747.82,750.91,3.38728,3.4974,3.67539,5.5688,6.92092,19.2202,19.2202,0.0,1.0,1
131914,31.05.2024 23:38:44.940000,-108.353,-242.001,6.97312,6.886,6.836,76.68,3.03958,3.02729,11.8169,15.7139,747.8,750.865,3.5171,3.60522,3.64604,5.48208,6.92097,19.2202,19.2202,0.0,1.0,1
131915,31.05.2024 23:38:44.950000,-115.521,-283.447,6.98016,6.909,6.863,76.7035,3.01248,3.03034,12.4785,12.7489,747.77,750.835,3.41695,3.40091,3.60663,5.45783,6.92072,18.7934,18.7934,0.0,1.0,1
131916,31.05.2024 23:38:44.960000,-115.521,-283.447,6.99391,6.909,6.863,76.7038,3.0064,3.03395,13.0025,12.6843,747.765,750.82,3.27294,3.32323,3.5254,5.47516,6.92079,18.5258,18.5258,0.0,1.0,1
131917,31.05.2024 23:38:44.970000,-129.858,-289.874,6.99391,6.905,6.875,76.7038,3.00854,3.03454,13.0025,12.6843,747.765,750.82,3.27294,3.32323,3.5254,5.47516,6.92079,18.5258,18.5258,0.0,1.0,1
131918,31.05.2024 23:38:44.980000,-129.858,-289.874,6.99391,6.905,6.875,76.7038,3.00854,3.03454,13.0025,12.6843,747.765,750.82,3.27294,3.32323,3.5254,5.47516,6.92079,18.5258,18.5258,0.0,1.0,1
131919,31.05.2024 23:38:44.990000,-151.611,-342.773,6.99263,6.952,6.897,76.6855,3.01246,3.03528,12.6484,13.1618,747.765,750.825,3.24416,3.35195,3.42425,5.39811,6.92103,18.1279,18.1279,0.0,1.0,1
131920,31.05.2024 23:38:45.000000,-180.615,-371.365,6.97625,6.96,6.922,76.6725,3.03443,3.04548,11.5454,10.8265,747.755,750.815,3.24991,3.46744,3.33711,5.30633,6.92112,18.1279,18.1279,0.0,1.0,1
131921,31.05.2024 23:38:45.010000,-180.615,-377.215,6.97712,6.955,6.922,76.6905,3.04355,3.05097,11.1104,10.9141,747.73,750.805,3.23322,3.59832,3.32884,5.24975,6.92119,16.985,16.985,0.0,1.0,1
131922,31.05.2024 23:38:45.020000,-191.162,-377.215,6.97712,6.955,6.929,76.6856,3.04967,3.05625,11.1104,10.9141,747.73,750.805,3.23322,3.59832,3.32884,5.24975,6.92119,16.985,16.985,0.0,1.0,1
131923,31.05.2024 23:38:45.030000,-205.746,-377.792,6.9864,6.925,6.88,76.6856,3.05891,3.06088,12.4066,12.7102,747.72,750.79,3.23108,3.73938,3.29926,5.15923,6.92107,16.5365,16.5365,0.0,1.0,1
131924,31.05.2024 23:38:45.040000,-205.746,-377.792,6.9946,6.925,6.88,76.6661,3.06271,3.06263,13.8995,12.9206,747.705,750.775,3.12691,3.83713,3.25593,5.09149,6.92106,16.5365,16.5365,0.0,1.0,1
131925,31.05.2024 23:38:45.050000,-210.031,-380.347,6.9946,6.918,6.882,76.6661,3.06381,3.06264,13.8995,12.9206,747.705,750.775,3.12691,3.83713,3.25593,5.09149,6.92106,16.5365,16.5365,0.0,1.0,1
131926,31.05.2024 23:38:45.060000,-214.81,-384.961,6.98961,6.896,6.861,76.6712,3.06251,3.06319,14.1248,12.2355,747.7,750.75,3.09851,4.05992,3.2729,5.07701,6.92114,16.5726,16.5726,0.0,1.0,1
131927,31.05.2024 23:38:45.070000,-214.81,-384.961,6.97348,6.896,6.861,76.6571,3.0476,3.05675,14.1248,12.2355,747.7,750.75,3.09851,4.05992,3.2729,5.07701,6.92114,16.5726,16.5726,0.0,1.0,1
131928,31.05.2024 23:38:45.080000,-222.885,-400.534,6.97348,6.89,6.868,76.6571,3.03634,3.05348,13.0761,13.8388,747.705,750.74,3.06444,4.08726,3.33066,5.08394,6.92106,16.5799,16.5799,0.0,1.0,1
131929,31.05.2024 23:38:45.090000,-222.885,-403.912,6.98003,6.916,6.868,76.7061,3.02393,3.05126,13.9105,14.3037,747.71,750.735,3.28515,4.14432,3.45053,5.03528,6.92146,16.5292,16.5292,0.0,1.0,1
131930,31.05.2024 23:38:45.100000,-240.765,-403.912,6.98003,6.916,6.863,76.6778,3.01248,3.05056,13.9105,14.3037,747.71,750.735,3.28515,4.14432,3.45053,5.03528,6.92146,16.5292,16.5292,0.0,1.0,1
131931,31.05.2024 23:38:45.110000,-244.885,-406.384,6.98122,6.885,6.862,76.6778,2.9998,3.04828,12.0133,11.675,747.685,750.725,3.53153,4.27035,3.49013,5.01877,6.92166,16.1892,16.1892,0.0,1.0,1
131932,31.05.2024 23:38:45.120000,-244.885,-406.384,6.97227,6.885,6.862,76.699,2.99819,3.04811,10.3661,11.1865,747.645,750.69,3.49466,4.31244,3.50166,5.01422,6.92169,15.9361,15.9361,0.0,1.0,1
131933,31.05.2024 23:38:45.130000,-266.556,-406.137,6.97227,6.91,6.878,76.699,3.00197,3.04829,10.3661,11.1865,747.645,750.69,3.49466,4.31244,3.50166,5.01422,6.92169,15.9361,15.9361,0.0,1.0,1
131934,31.05.2024 23:38:45.140000,-279.986,-405.725,6.96159,6.908,6.871,76.6559,3.01197,3.04811,10.858,11.9264,747.64,750.67,3.39345,4.26404,3.44815,4.96514,6.92196,15.7407,15.7407,0.0,1.0,1
131935,31.05.2024 23:38:45.150000,-279.986,-405.725,6.95935,6.908,6.871,76.6305,3.03101,3.0489,10.858,11.9264,747.64,750.67,3.39345,4.26404,3.44815,4.96514,6.92196,15.7407,15.7407,0.0,1.0,1
131936,31.05.2024 23:38:45.160000,-279.986,-405.725,6.95935,6.908,6.871,76.6305,3.03101,3.0489,10.858,11.9264,747.64,750.67,3.39345,4.26404,3.44815,4.96514,6.92196,15.7407,15.7407,0.0,1.0,1
131937,31.05.2024 23:38:45.170000,-291.687,-397.156,6.95935,6.918,6.881,76.6305,3.04288,3.04981,11.0279,10.8352,747.635,750.665,3.35273,4.24943,3.46489,4.96923,6.92142,15.1837,15.1837,0.0,1.0,1
131938,31.05.2024 23:38:45.180000,-300.833,-401.852,6.97219,6.947,6.888,76.6464,3.05432,3.05169,13.1612,13.4722,747.59,750.645,3.28078,4.1962,3.42949,4.95018,6.92144,15.1982,15.1982,0.0,1.0,1
131939,31.05.2024 23:38:45.190000,-311.133,-399.298,6.97135,6.901,6.871,76.6464,3.05833,3.05307,14.2019,13.2431,747.565,750.615,3.21323,4.22136,3.50294,4.95281,6.92159,14.6918,14.6918,0.0,1.0,1
131940,31.05.2024 23:38:45.200000,-311.133,-399.298,6.96056,6.901,6.871,76.628,3.0579,3.05287,13.5867,11.6446,747.53,750.59,2.95317,4.00442,3.38158,5.03281,6.92171,14.1348,14.1348,0.0,1.0,1
131941,31.05.2024 23:38:45.210000,-317.725,-397.485,6.96056,6.891,6.871,76.628,3.05722,3.05257,13.5867,11.6446,747.53,750.59,2.95317,4.00442,3.38158,5.03281,6.92171,14.1348,14.1348,0.0,1.0,1
131942,31.05.2024 23:38:45.220000,-331.238,-398.309,6.9631,6.877,6.85,76.6752,3.05454,3.05193,13.2911,11.2098,747.495,750.6,2.68569,3.81799,3.13338,4.98516,6.92231,14.1348,14.1348,0.0,1.0,1
131943,31.05.2024 23:38:45.230000,-331.238,-398.309,6.97713,6.877,6.85,76.6416,3.04833,3.04499,13.2911,11.2098,747.495,750.6,2.68569,3.81799,3.13338,4.98516,6.92231,14.1348,14.1348,0.0,1.0,1
131944,31.05.2024 23:38:45.240000,-331.238,-398.309,6.97713,6.877,6.85,76.6416,3.04833,3.04499,13.2911,11.2098,747.495,750.6,2.68569,3.81799,3.13338,4.98516,6.92231,14.1348,14.1348,0.0,1.0,1
131945,31.05.2024 23:38:45.250000,-345.328,-403.088,6.97713,6.887,6.855,76.6416,3.04461,3.04382,12.2781,10.1866,747.48,750.565,2.49624,3.81935,2.94361,4.69413,6.92231,13.6863,13.6863,0.0,1.0,1
131946,31.05.2024 23:38:45.260000,-345.328,-403.088,6.97713,6.887,6.855,76.6416,3.04461,3.04382,12.2781,10.1866,747.48,750.565,2.49624,3.81935,2.94361,4.69413,6.92231,13.6863,13.6863,0.0,1.0,1
131947,31.05.2024 23:38:45.270000,-350.189,-404.654,6.9871,6.92,6.858,76.6873,3.0459,3.04224,11.1758,8.49896,747.485,750.53,2.36214,3.69812,2.87583,4.54092,6.92247,13.5995,13.5995,0.0,1.0,1
131948,31.05.2024 23:38:45.280000,-362.219,-398.968,6.99553,6.897,6.868,76.691,3.05299,3.03934,12.7853,9.75307,747.485,750.55,2.58994,3.65572,2.91271,4.36625,6.92303,13.2234,13.2234,0.0,1.0,1
131949,31.05.2024 23:38:45.290000,-366.339,-399.38,6.99553,6.927,6.876,76.691,3.05458,3.04108,12.7853,9.75307,747.485,750.55,2.58994,3.65572,2.91271,4.36625,6.92303,13.2234,13.2234,0.0,1.0,1
131950,31.05.2024 23:38:45.300000,-366.339,-399.38,6.99553,6.927,6.876,76.691,3.05458,3.04108,12.7853,9.75307,747.485,750.55,2.58994,3.65572,2.91271,4.36625,6.92303,13.2234,13.2234,0.0,1.0,1
131951,31.05.2024 23:38:45.310000,-366.339,-406.137,7.00838,6.947,6.879,76.6428,3.05426,3.04433,11.5341,8.92449,747.455,750.525,2.7246,3.80486,3.01671,4.46733,6.92285,13.0932,13.0932,0.0,1.0,1
131952,31.05.2024 23:38:45.320000,-366.174,-402.099,7.0135,6.907,6.915,76.665,3.05321,3.05698,13.2186,9.82538,747.41,750.51,2.67085,3.78061,2.99677,4.4858,6.92286,12.9774,12.9774,0.0,1.0,1
131953,31.05.2024 23:38:45.330000,-366.174,-396.579,7.01323,6.921,6.915,76.7022,3.05414,3.05839,12.628,10.1683,747.405,750.5,2.58229,3.74294,3.05347,4.41115,6.92317,12.9774,12.9774,0.0,1.0,1
131954,31.05.2024 23:38:45.340000,-366.174,-396.579,7.01323,6.921,6.915,76.7022,3.05414,3.05839,12.628,10.1683,747.405,750.5,2.58229,3.74294,3.05347,4.41115,6.92317,12.9774,12.9774,0.0,1.0,1
131955,31.05.2024 23:38:45.350000,-360.077,-396.579,7.01323,6.921,6.965,76.6748,3.05659,3.06034,12.8867,8.63105,747.39,750.495,2.60776,3.78644,3.13345,4.35902,6.92317,12.4855,12.4855,0.0,1.0,1
131956,31.05.2024 23:38:45.360000,-360.077,-396.579,7.01323,6.921,6.965,76.6748,3.05659,3.06034,12.8867,8.63105,747.39,750.495,2.60776,3.78644,3.13345,4.35902,6.92317,12.4855,12.4855,0.0,1.0,1
131957,31.05.2024 23:38:45.370000,-365.68,-404.077,6.99496,6.981,6.958,76.6764,3.06992,3.08117,13.4322,11.3354,747.37,750.49,2.72994,3.85335,3.16288,4.28986,6.92332,11.9719,11.9719,0.0,1.0,1
131958,31.05.2024 23:38:45.380000,-359.912,-403.747,7.00421,6.988,6.931,76.7116,3.08183,3.08618,13.6125,13.3348,747.335,750.465,2.74148,3.90465,3.00989,4.18681,6.92317,11.9719,11.9719,0.0,1.0,1
131959,31.05.2024 23:38:45.390000,-359.912,-403.747,7.01088,6.988,6.931,76.7376,3.08726,3.08928,13.6125,13.3348,747.335,750.465,2.74148,3.90465,3.00989,4.18681,6.92317,11.9719,11.9719,0.0,1.0,1
131960,31.05.2024 23:38:45.400000,-359.912,-403.747,7.01088,6.988,6.931,76.7376,3.08726,3.08928,13.6125,13.3348,747.335,750.465,2.74148,3.90465,3.00989,4.18681,6.92317,11.9719,11.9719,0.0,1.0,1
131961,31.05.2024 23:38:45.410000,-359.83,-402.594,7.01088,6.951,6.943,76.7376,3.08512,3.09024,13.9039,15.204,747.3,750.43,2.68038,3.90025,2.94311,4.1279,6.92349,11.8417,11.8417,0.0,1.0,1
131962,31.05.2024 23:38:45.420000,-364.526,-400.452,7.01295,6.964,6.923,76.7344,3.07122,3.09323,14.4413,13.6001,747.275,750.415,2.63266,3.78983,2.92903,4.09755,6.9233,11.3643,11.3643,0.0,1.0,1
131963,31.05.2024 23:38:45.430000,-355.38,-401.935,7.00902,6.92,6.904,76.7344,3.05437,3.08996,14.0462,14.132,747.28,750.405,2.4866,3.69253,2.95331,4.04351,6.92362,10.7494,10.7494,0.0,1.0,1
131964,31.05.2024 23:38:45.440000,-355.38,-401.935,7.01649,6.92,6.904,76.7099,3.04922,3.08634,12.0367,12.2012,747.26,750.405,2.62425,3.62716,2.89363,3.84044,6.92376,10.8579,10.8579,0.0,1.0,1
131965,31.05.2024 23:38:45.450000,-360.571,-408.032,7.01649,6.93,6.914,76.7099,3.04489,3.08297,12.0367,12.2012,747.26,750.405,2.62425,3.62716,2.89363,3.84044,6.92376,10.8579,10.8579,0.0,1.0,1
131966,31.05.2024 23:38:45.460000,-360.571,-408.032,7.01649,6.93,6.914,76.7099,3.04489,3.08297,12.0367,12.2012,747.26,750.405,2.62425,3.62716,2.89363,3.84044,6.92376,10.8579,10.8579,0.0,1.0,1
131967,31.05.2024 23:38:45.470000,-359.253,-397.156,7.00382,6.927,6.898,76.7331,3.04226,3.08167,11.4163,8.63879,747.235,750.4,2.74587,3.55803,2.8589,3.76041,6.92358,10.9013,10.9013,0.0,1.0,1
131968,31.05.2024 23:38:45.480000,-359.253,-397.156,7.00382,6.927,6.898,76.7331,3.04226,3.08167,11.4163,8.63879,747.235,750.4,2.74587,3.55803,2.8589,3.76041,6.92358,10.9013,10.9013,0.0,1.0,1
131969,31.05.2024 23:38:45.490000,-363.702,-401.605,6.98889,6.926,6.904,76.7429,3.05257,3.08414,10.8782,8.92962,747.2,750.385,2.8532,3.67163,2.77977,3.71876,6.92416,10.6337,10.6337,0.0,1.0,1
131970,31.05.2024 23:38:45.500000,-363.702,-401.605,6.98889,6.926,6.904,76.7429,3.05257,3.08414,10.8782,8.92962,747.2,750.385,2.8532,3.67163,2.77977,3.71876,6.92416,10.6337,10.6337,0.0,1.0,1
131971,31.05.2024 23:38:45.510000,-363.949,-404.324,6.99096,6.917,6.89,76.767,3.06726,3.08534,10.8687,11.0491,747.175,750.36,2.8427,3.62383,2.76596,3.69316,6.92416,10.1779,10.1779,0.0,1.0,1
131972,31.05.2024 23:38:45.520000,-363.949,-404.324,6.99096,6.917,6.89,76.767,3.06726,3.08534,10.8687,11.0491,747.175,750.36,2.8427,3.62383,2.76596,3.69316,6.92416,10.1779,10.1779,0.0,1.0,1
131973,31.05.2024 23:38:45.530000,-355.38,-399.216,6.96772,6.933,6.902,76.682,3.07136,3.08865,13.1697,9.31183,747.11,750.33,2.68555,3.55996,2.81321,3.54991,6.92421,10.0984,10.0984,0.0,1.0,1
131974,31.05.2024 23:38:45.540000,-355.38,-399.216,6.96772,6.933,6.902,76.682,3.07136,3.08865,13.1697,9.31183,747.11,750.33,2.68555,3.55996,2.81321,3.54991,6.92421,10.0984,10.0984,0.0,1.0,1
131975,31.05.2024 23:38:45.550000,-360.983,-405.148,6.98523,6.909,6.875,76.6606,3.06832,3.08856,13.2849,10.3516,747.09,750.295,2.62197,3.58249,2.78258,3.49888,6.92387,9.46181,9.46181,0.0,1.0,1
131976,31.05.2024 23:38:45.560000,-360.983,-405.148,6.98523,6.909,6.875,76.6606,3.06832,3.08856,13.2849,10.3516,747.09,750.295,2.62197,3.58249,2.78258,3.49888,6.92387,9.46181,9.46181,0.0,1.0,1
131977,31.05.2024 23:38:45.570000,-361.148,-396.908,6.9846,6.926,6.875,76.6295,3.05977,3.08544,12.7594,10.9546,747.07,750.28,2.66029,3.47481,2.72078,3.32551,6.92429,9.46181,9.46181,0.0,1.0,1
131978,31.05.2024 23:38:45.580000,-359.83,-398.474,6.98176,6.908,6.869,76.6542,3.05305,3.08254,12.2934,10.669,747.035,750.265,2.65981,3.27726,2.68745,3.19839,6.92433,9.44734,9.44734,0.0,1.0,1
131979,31.05.2024 23:38:45.590000,-359.83,-398.474,6.98176,6.908,6.869,76.6542,3.05305,3.08254,12.2934,10.669,747.035,750.265,2.65981,3.27726,2.68745,3.19839,6.92433,9.44734,9.44734,0.0,1.0,1
131980,31.05.2024 23:38:45.600000,-359.088,-402.017,6.97458,6.925,6.86,76.6542,3.04854,3.08056,11.5966,8.79582,747.01,750.26,2.6708,3.23733,2.62017,2.99592,6.9244,8.99885,8.99885,0.0,1.0,1
131981,31.05.2024 23:38:45.610000,-359.088,-402.017,6.97458,6.925,6.86,76.6542,3.04854,3.08056,11.5966,8.79582,747.01,750.26,2.6708,3.23733,2.62017,2.99592,6.9244,8.99885,8.99885,0.0,1.0,1
131982,31.05.2024 23:38:45.620000,-361.148,-400.864,6.98079,6.916,6.858,76.665,3.05037,3.08188,10.8958,8.07198,746.975,750.245,2.70074,3.29743,2.56889,2.77062,6.92492,8.61545,8.61545,0.0,1.0,1
131983,31.05.2024 23:38:45.630000,-361.148,-400.864,6.98079,6.916,6.858,76.665,3.05037,3.08188,10.8958,8.07198,746.975,750.245,2.70074,3.29743,2.56889,2.77062,6.92492,8.61545,8.61545,0.0,1.0,1
131984,31.05.2024 23:38:45.640000,-355.792,-400.699,6.98892,6.907,6.883,76.7486,3.06607,3.08342,11.6764,8.45337,746.98,750.245,2.79632,3.34376,2.53874,2.36336,6.92543,8.33334,8.33334,0.0,1.0,1
131985,31.05.2024 23:38:45.650000,-360.901,-398.227,6.99106,6.915,6.865,76.7538,3.07981,3.08274,13.3224,11.5,746.965,750.205,3.33918,3.76555,2.56124,2.10307,6.92555,8.34056,8.34056,0.0,1.0,1
131986,31.05.2024 23:38:45.660000,-360.736,-398.227,6.99106,6.915,6.858,76.7572,3.08158,3.0816,13.3224,11.5,746.965,750.205,3.33918,3.76555,2.56124,2.10307,6.92555,8.34056,8.34056,0.0,1.0,1
131987,31.05.2024 23:38:45.670000,-359.665,-400.04,7.00148,6.904,6.855,76.7572,3.0798,3.08303,13.6011,10.2967,746.92,750.185,3.60316,3.69416,2.59873,2.06654,6.92574,8.34056,8.34056,0.0,1.0,1
131988,31.05.2024 23:38:45.680000,-359.665,-400.04,7.01208,6.904,6.855,76.7533,3.0789,3.0832,11.4474,7.51434,746.895,750.175,3.57367,3.68382,2.71004,2.08705,6.92601,7.92824,7.92824,0.0,1.0,1
131989,31.05.2024 23:38:45.690000,-361.725,-392.624,7.01208,6.92,6.908,76.7533,3.07628,3.08325,11.4474,7.51434,746.895,750.175,3.57367,3.68382,2.71004,2.08705,6.92601,7.92824,7.92824,0.0,1.0,1
131990,31.05.2024 23:38:45.700000,-361.89,-402.841,6.99167,6.918,6.914,76.7837,3.07272,3.08326,12.1853,10.6128,746.865,750.165,3.68208,3.71953,2.73207,2.10766,6.92616,7.8776,7.8776,0.0,1.0,1
131991,31.05.2024 23:38:45.710000,-361.89,-402.841,6.98054,6.918,6.914,76.7054,3.07429,3.08423,12.1853,10.6128,746.865,750.165,3.68208,3.71953,2.73207,2.10766,6.92616,7.8776,7.8776,0.0,1.0,1
131992,31.05.2024 23:38:45.720000,-363.125,-398.721,6.98054,6.953,6.932,76.7054,3.07604,3.08508,11.5097,9.33502,746.815,750.14,3.76188,3.87448,2.77903,2.08337,6.926,7.63166,7.63166,0.0,1.0,1
131993,31.05.2024 23:38:45.730000,-363.125,-399.463,6.99424,7.006,6.932,76.7256,3.07898,3.08631,11.5686,8.63458,746.795,750.08,3.68881,3.98752,2.92578,1.98279,6.92592,7.22656,7.22656,0.0,1.0,1
131994,31.05.2024 23:38:45.740000,-362.137,-399.463,6.99424,7.006,6.915,76.7103,3.0827,3.0882,11.5686,8.63458,746.795,750.08,3.68881,3.98752,2.92578,1.98279,6.92592,7.22656,7.22656,0.0,1.0,1
131995,31.05.2024 23:38:45.750000,-354.062,-393.036,6.98973,6.994,6.889,76.7103,3.08533,3.0929,12.4815,8.04103,746.795,750.06,3.74565,3.78641,2.89486,1.96489,6.92629,6.92274,6.92274,0.0,1.0,1
131996,31.05.2024 23:38:45.760000,-354.062,-393.036,6.98973,6.994,6.889,76.7103,3.08533,3.0929,12.4815,8.04103,746.795,750.06,3.74565,3.78641,2.89486,1.96489,6.92629,6.92274,6.92274,0.0,1.0,1
131997,31.05.2024 23:38:45.770000,-354.062,-393.036,6.99562,6.994,6.889,76.7407,3.08634,3.0959,12.1663,9.49906,746.795,750.055,3.77293,3.7027,2.91386,1.99773,6.92619,6.48148,6.48148,0.0,1.0,1
131998,31.05.2024 23:38:45.780000,-357.77,-402.511,6.99154,6.914,6.874,76.6847,3.08504,3.10357,12.6541,9.56681,746.78,750.05,4.00883,3.88571,2.99452,2.02897,6.92676,6.48148,6.48148,0.0,1.0,1
131999,31.05.2024 23:38:45.790000,-357.77,-402.511,6.99154,6.914,6.874,76.6847,3.08504,3.10357,12.6541,9.56681,746.78,750.05,4.00883,3.88571,2.99452,2.02897,6.92676,6.48148,6.48148,0.0,1.0,1
